4 6 3 1000
43 37
17 16
132 173
22 22
21 38
88 120
93 238
237 313
4 2
144 133
5 5
47 54
6 4
101 103
35 31
129 203
62 38
30 33
6 9
232 380
9 11
9 9
45 50
61 88
37 53
14 10
5 6
35 20
7 6
155 170
5 6
104 100
22 19
57 73
66 52
237 227
57 49
255 321
204 242
9 5
86 73
15 16
253 348
11 9
17 24
14 22
4 5
221 187
155 112
43 41
15 18
9 6
9 7
29 27
24 24
55 78
5 4
14 16
180 154
35 43
37 56
9 9
25 23
24 16
8 7
5 10
87 117
28 26
14 13
32 36
48 37
75 67
18 19
114 80
12 23
145 180
27 28
19 15
9 10
120 119
6 4
74 48
16 18
125 82
37 40
6 3
55 37
6 5
65 51
114 115
93 81
18 24
212 259
6 7
19 25
151 175
47 79
34 23
103 63
8 8
9 5
172 263
27 25
105 76
13 22
206 169
142 125
19 17
101 143
174 95
7 7
243 432
135 139
129 98
9 15
79 110
15 6
6 6
13 15
80 106
61 41
31 35
8 11
8 11
23 46
108 76
10 6
119 135
115 137
13 10
121 194
27 25
13 21
255 240
58 86
129 95
105 65
7 6
5 10
59 65
45 60
30 36
251 238
21 22
117 113
8 7
232 118
36 78
135 285
49 37
10 10
14 13
8 5
33 31
107 95
4 7
29 27
13 13
8 6
133 146
48 51
10 14
22 18
163 225
221 198
43 40
76 47
13 11
71 70
5 5
79 60
41 32
6 5
166 105
110 99
5 4
8 7
71 65
79 46
218 134
69 99
101 88
17 14
6 10
68 44
4 5
20 20
5 6
41 33
5 5
11 18
32 42
40 33
142 169
6 6
83 102
41 34
129 118
18 21
185 192
34 25
101 60
17 12
103 185
60 50
59 67
11 13
81 72
4 2
173 149
24 14
53 49
6 6
209 229
72 78
211 180
136 180
171 263
66 89
228 294
204 356
20 17
5 4
9 12
7 5
237 244
12 13
218 276
25 15
153 151
8 13
29 45
37 29
25 25
19 7
228 234
17 12
197 183
34 25
85 84
19 13
7 4
227 176
17 14
19 26
192 212
7 6
7 10
9 9
130 102
252 237
15 15
47 69
60 77
18 14
25 47
48 37
68 78
12 11
53 58
186 191
6 5
15 16
191 78
21 18
10 10
57 42
251 358
121 90
5 6
25 30
162 139
195 217
102 122
203 231
59 40
158 171
6 4
123 83
18 15
36 26
10 8
151 112
24 26
21 12
93 122
17 13
8 11
97 75
16 13
239 143
74 46
5 2
11 17
25 24
189 171
86 59
81 80
150 188
211 281
142 172
148 164
69 70
26 18
42 47
169 246
4 6
5 3
114 133
7 13
41 54
185 88
6 4
108 67
32 35
21 14
48 47
6 7
245 235
5 7
99 139
185 229
121 145
4 4
20 25
41 67
29 48
116 129
228 132
16 13
11 7
97 104
23 28
4 6
16 22
12 11
135 91
49 43
8 8
11 13
5 6
5 4
4 5
6 4
28 41
22 25
8 6
6 6
77 89
8 9
217 238
241 200
21 11
27 32
176 216
22 25
202 162
4 3
16 13
10 13
95 113
49 48
36 52
16 18
93 120
5 4
29 21
39 33
56 83
14 13
247 145
62 80
10 11
13 17
7 6
23 16
14 18
233 321
7 8
52 33
14 15
137 192
39 40
58 43
6 9
222 292
17 8
16 9
242 167
11 18
172 249
10 26
61 61
31 25
128 189
14 19
119 158
9 16
193 189
119 91
253 239
6 5
129 72
218 273
15 7
14 17
61 77
12 11
166 178
62 105
126 105
76 60
7 6
17 12
195 249
15 11
26 18
45 62
10 18
18 14
230 224
37 42
226 197
177 220
11 11
176 250
14 16
154 136
95 145
9 12
7 7
83 72
99 128
210 127
95 57
28 29
5 4
22 33
5 5
4 3
98 122
34 28
11 11
9 10
49 49
10 15
50 48
72 64
122 126
203 330
64 44
25 39
6 8
17 26
22 32
41 43
37 33
12 9
18 28
10 15
34 36
15 17
80 68
12 12
35 31
55 166
25 23
245 214
5 4
252 602
7 5
89 81
14 11
181 223
13 26
62 66
6 7
6 5
8 7
60 94
161 175
16 27
5 5
84 93
65 53
117 79
81 69
91 56
5 1
223 285
244 259
44 45
11 13
38 48
5 3
29 32
14 12
68 118
21 10
60 31
105 83
42 55
140 177
43 49
126 159
41 25
12 14
28 35
193 170
54 35
6 6
144 96
95 98
30 31
7 6
206 229
6 6
9 4
171 161
56 67
14 11
5 5
69 69
87 66
33 33
28 17
10 10
30 30
4 3
154 131
6 4
19 15
163 163
26 46
47 32
7 7
6 5
239 214
33 35
9 8
121 82
20 64
10 9
9 8
195 234
18 17
231 221
24 27
32 46
64 60
172 193
51 58
13 13
7 8
61 44
168 408
11 13
65 56
16 31
7 7
5 3
8 9
37 29
10 13
14 16
91 135
15 21
14 15
6 6
5 3
15 18
5 10
11 8
20 19
56 77
38 22
5 4
10 13
219 362
58 58
111 99
157 187
216 375
6 6
60 47
23 32
16 14
18 30
253 456
40 33
181 106
4 4
35 48
26 37
28 27
12 9
73 36
91 47
20 23
72 138
15 21
10 13
182 157
204 140
121 112
43 57
41 45
78 72
58 126
4 6
5 3
12 8
106 60
5 9
6 7
25 28
189 213
27 27
34 42
86 114
5 5
25 23
6 11
4 4
132 191
10 13
34 30
18 22
5 5
11 15
6 7
13 8
6 3
169 388
24 30
20 17
6 9
5 7
5 4
11 11
7 9
5 7
19 21
68 99
5 4
90 129
8 4
13 16
91 121
12 11
231 257
4 5
55 51
19 20
17 10
7 9
9 7
44 82
12 11
6 4
11 13
67 129
11 9
228 289
13 11
4 3
16 14
26 20
25 22
210 189
9 9
61 77
137 117
39 26
114 187
17 14
125 141
155 129
18 11
10 8
204 188
49 38
72 73
25 40
23 15
105 198
216 160
30 48
27 30
58 83
15 14
8 9
69 55
16 16
74 53
177 82
6 8
28 25
14 10
134 108
4 4
5 7
5 3
18 23
34 42
56 56
36 33
11 20
26 30
7 8
5 5
27 32
187 156
22 27
206 207
201 97
4 4
13 17
214 191
9 5
51 37
21 19
36 28
125 132
55 46
16 20
77 43
118 53
50 61
77 91
73 80
70 75
126 157
182 300
10 11
75 86
21 15
17 11
48 51
163 160
22 21
59 36
40 68
140 160
20 28
94 140
6 7
13 10
44 37
4 2
53 50
11 11
6 6
37 35
31 38
9 6
7 7
192 168
32 38
53 41
73 83
6 5
7 7
28 20
19 14
8 8
28 17
50 34
6 4
111 74
82 62
141 130
49 70
56 77
9 7
10 9
10 16
95 105
25 28
207 150
20 14
12 5
5 4
124 138
14 9
72 76
131 117
12 13
31 22
51 59
13 22
112 112
42 63
134 112
6 3
32 34
45 57
16 26
94 82
65 44
12 13
15 18
21 13
27 27
8 7
10 13
10 7
201 103
26 25
130 88
11 18
14 15
23 22
91 96
6 5
113 52
11 6
79 56
35 62
27 18
8 7
193 158
118 117
187 156
205 271
35 41
6 5
39 61
12 14
16 17
28 22
35 42
171 148
23 15
57 41
17 22
98 148
7 6
29 27
76 72
7 5
9 10
48 44
9 17
146 123
218 194
42 67
230 361
27 20
148 114
16 23
60 70
51 46
11 16
8 17
13 14
92 53
22 18
54 39
91 119
30 22
49 62
5 8
92 135
84 168
33 29
123 80
18 25
56 60
17 10
8 8
228 171
36 35
126 123
157 324
10 10
151 124
19 42
51 37
57 32
5 6
27 24
32 29
8 11
109 131
28 23
16 21
57 38
208 244
98 67
63 51
5 4
12 11
23 20
8 8
138 145
202 141
42 33
21 22
14 12
9 5
6 3
13 15
4 3
183 270
32 26
77 42
20 29
49 39
8 7
47 42
9 6
244 127
6 8
131 221
162 160
23 20
4 4
12 24
38 31
10 10
209 197
6 8
23 22
117 85
102 158
5 6
38 26
24 27
110 67
207 185
140 247
234 200
192 270
8 10
100 165
5 2
54 46
115 146
102 62
9 6
32 44
160 161
9 11
28 20
90 40
61 46
157 151
4 6
5 5
215 219
6 3
6 4
230 135
248 239
27 25
59 38
13 15
18 24
76 95
6 5
65 27
15 15
37 47
5 3
133 61
86 130
17 10
229 266
13 13
11 9
4 10
73 120
42 37
73 26
47 36
6 8
5 4
10 9
7 8
18 20
83 59
10 12
7 5
103 110
13 20
16 32
45 60
11 7
29 29
35 44
104 157
152 152
31 23
4 6
126 240
6 11
16 15
138 154
10 6
63 39
6 9
69 41
10 19
37 53
20 15
77 44
106 61
20 17
10 7
30 31
132 119
5 7
12 9
7 6
9 10
12 11
71 73
6 5
32 35
18 28
82 130
9 7
26 31
7 8
61 85
81 118
238 207
19 22
16 10
5 8
60 54
138 177
11 17
6 3
11 17
10 8
52 51
136 85
28 35
44 42
95 151
11 9
9 8
163 143
34 28
80 39
13 11
8 9
7 12
74 73
47 41
7 5
30 24
20 25
28 32
51 55
143 153
8 11
19 19
9 6
7 7
26 19
70 60
7 11
8 3
28 31
7 6
135 124
123 203
237 219
27 26
192 115
55 46
190 166
23 28
222 173
9 6
8 8
5 7
18 27
33 53
6 8
228 187
32 27
6 9
26 20
6 5
191 196
12 20
13 8
31 28
10 7
8 10
17 13
204 227
17 16
7 7
36 28
229 326
6 8
89 55
120 184
16 20
203 268
161 192
9 7
136 136
9 7
24 31
16 12
40 50
47 24
81 76
175 237
226 142
25 14
7 7
174 81
25 24
19 21
75 113
5 5
35 24
12 13
90 76
51 40
170 222
79 45
12 9
19 16
76 76
18 22
5 7
55 56
8 7
20 18
46 48
6 5
57 61
79 97
6 8
30 41
7 5
54 77
85 109
82 53
11 8
4 6
147 166
35 30
8 8
93 73
21 32
9 12
17 13
37 49
189 232
225 239
13 16
6 10
13 8
10 8
5 7
27 24
20 20
36 52
74 63
37 48
78 56
124 197
124 127
119 109
256 259
82 68
49 60
104 42
196 143
224 259
60 97
25 26
100 57
50 64
21 19
142 162
166 150
13 21
65 43
103 83
159 187
140 119
43 40
5 6
103 121
136 130
10 14
7 12
158 339
17 18
8 10
16 10
24 21
5 5
109 72
234 309
6 4
5 4
50 91
50 79
10 12
135 105
21 16
8 15
63 59
105 160
10 11
41 44
8 13
120 161
32 20
176 172
102 118
62 44
22 42
241 196
21 16
131 118
22 17
27 21
14 21
247 242
34 35
211 169
192 142
65 37
6 6
19 19
227 206
253 444
10 9
50 46
22 32
6 4
40 49
19 20
145 88
18 12
13 12
162 150
30 27
41 32
90 51
14 17
21 27
12 14
40 47
210 173
32 39
20 18
18 27
5 9
83 54
11 9
168 152
10 15
83 110
16 14
36 74
6 4
6 4
24 20
229 320
11 7
111 70
107 150
219 266
12 11
88 123
8 9
14 25
32 21
53 54
85 65
66 33
14 11
159 128
5 3
29 20
15 13
19 18
9 9
77 39
7 7
213 241
28 16
5 5
17 25
4 4
86 56
26 33
10 13
11 20
173 259
24 21
238 224
174 200
6 6
7 9
72 56
113 79
185 114
12 22
7 5
6 7
16 11
51 29
64 52
244 258
25 38
49 85
163 129
60 30
10 11
6 9
41 62
152 129
176 162
30 40
20 14
9 5
8 6
8 6
42 82
25 21
238 483
108 161
11 10
144 267
66 68
6 8
20 15
40 54
24 34
18 15
208 351
47 39
62 77
93 95
84 81
28 59
8 12
67 57
116 281
10 12
29 24
134 159
5 4
89 101
41 43
8 10
13 13
134 182
79 60
6 7
39 29
65 64
12 21
5 5
8 5
181 129
5 6
33 18
16 10
15 11
106 113
16 11
10 9
90 101
24 24
84 135
7 6
9 8
59 78
112 76
34 51
71 87
34 39
6 8
141 154
72 114
27 49
158 163
116 60
32 43
79 82
158 254
7 3
21 34
21 16
37 15
23 35
217 145
175 245
13 10
14 14
8 7
9 9
15 19
211 157
54 52
96 53
4 4
5 3
121 89
43 46
49 59
163 138
33 26
6 10
65 71
46 29
7 9
181 175
28 33
112 105
9 11
80 46
17 19
117 194
46 50
237 196
16 16
93 42
195 214
5 5
157 140
13 11
6 9
143 101
232 367
223 215
13 13
111 104
136 142
84 75
59 79
20 17
27 39
134 179
6 4
66 65
58 36
57 97
224 181
27 34
223 198
72 107
95 109
6 5
223 340
58 70
10 12
179 239
7 7
80 82
11 13
8 7
117 109
234 247
9 9
129 89
132 158
115 161
6 7
27 47
16 26
24 18
203 147
4 4
23 35
5 7
16 16
6 3
4 5
7 10
59 58
10 7
116 56
113 92
95 103
146 123
11 17
13 12
156 159
98 70
159 141
199 424
4 5
5 3
208 352
57 43
18 22
4 4
10 12
8 9
28 42
63 39
64 65
245 170
119 120
21 23
104 155
54 63
4 5
76 84
28 42
73 62
5 6
85 142
6 7
21 31
128 95
9 11
64 81
15 14
71 78
59 63
75 130
17 13
180 87
110 118
8 7
36 28
140 184
116 168
84 70
64 51
19 16
91 78
8 5
5 6
90 70
12 8
8 7
65 88
5 6
9 4
11 15
50 46
7 7
140 128
10 12
13 14
49 39
209 301
187 243
17 23
14 14
5 3
14 11
15 15
153 221
8 4
127 202
62 54
233 229
40 43
56 80
5 4
163 245
6 5
128 105
92 96
110 130
14 24
102 86
70 91
19 22
6 9
36 35
5 5
180 229
47 87
13 19
45 38
33 70
4 4
190 312
13 9
154 175
10 8
254 348
231 168
90 125
45 57
74 136
50 69
79 54
107 68
65 64
18 15
13 21
93 107
131 131
66 57
19 21
148 226
256 247
6 6
6 6
5 7
10 10
9 13
54 42
228 173
176 174
238 154
6 5
53 51
23 14
65 58
7 8
170 90
49 51
5 4
143 140
33 32
45 40
44 96
21 16
66 50
167 131
215 253
69 72
6 5
4 8
132 166
29 47
97 89
8 11
65 57
152 207
29 22
6 10
57 62
50 25
109 90
177 237
55 27
70 56
6 5
10 15
11 7
5 6
37 33
34 54
32 20
95 202
5 4
10 14
5 3
12 12
237 267
4 3
38 30
159 203
31 30
239 123
141 114
10 13
33 40
177 125
6 4
35 75
11 17
7 7
62 96
6 5
58 48
159 208
41 58
29 20
112 56
59 64
56 28
23 15
8 23
162 100
24 22
72 98
229 212
38 35
10 14
46 56
197 139
25 21
6 7
8 6
55 79
60 72
10 15
23 21
13 7
5 3
47 54
31 32
245 108
66 52
5 4
137 136
5 6
151 174
91 113
13 11
52 26
75 86
72 105
71 46
104 52
113 98
4 3
119 86
50 90
11 9
115 95
148 192
48 38
13 10
58 43
7 4
10 9
65 37
36 29
95 92
24 30
207 258
17 18
42 36
223 170
24 19
114 127
57 87
164 148
212 194
48 26
5 10
9 10
9 10
46 44
31 30
9 9
89 107
4 6
43 66
177 181
7 10
32 38
143 177
13 11
200 274
6 11
10 11
230 490
7 8
106 143
4 8
8 11
214 165
5 5
134 188
5 5
7 3
52 44
131 114
42 45
4 6
104 136
8 7
113 135
13 17
225 183
169 277
10 9
5 6
28 23
18 10
4 5
141 155
98 113
10 12
4 6
62 77
25 19
33 26
10 16
128 59
31 19
166 98
21 24
25 27
9 9
207 163
64 48
30 38
111 92
35 43
43 45
144 275
19 20
41 71
10 7
6 4
34 28
249 320
6 6
49 65
121 132
64 132
4 5
84 79
15 12
14 11
24 19
14 11
4 5
126 99
7 7
58 65
96 95
221 295
8 9
7 8
5 3
59 57
8 7
4 5
124 164
31 26
83 45
88 91
4 5
15 18
5 4
35 37
35 23
108 83
193 100
162 131
200 321
32 38
7 11
136 178
159 113
4 5
83 94
7 8
9 10
7 6
52 50
53 79
102 77
109 81
27 36
19 34
182 142
87 108
220 258
155 382
63 54
32 25
12 18
4 4
143 281
76 40
49 36
89 66
54 109
177 104
29 26
126 187
222 241
31 34
5 5
10 9
156 221
9 11
69 71
6 6
16 17
12 6
231 156
59 48
26 46
7 7
21 18
70 26
19 27
5 4
26 25
39 28
12 15
67 71
4 3
159 194
37 34
5 5
10 10
56 55
117 189
62 63
7 10
9 6
64 90
204 259
84 62
43 40
169 120
173 212
13 12
27 38
47 73
16 14
105 68
7 6
49 60
37 35
18 18
19 17
149 64
27 26
25 22
81 48
107 171
204 267
42 33
21 24
12 19
27 14
74 131
35 99
18 13
24 19
5 7
11 20
20 11
6 11
30 23
5 7
57 93
105 203
191 292
80 184
5 3
5 9
68 90
9 6
26 23
54 38
26 24
219 206
149 155
5 3
26 31
42 25
182 105
12 28
12 10
26 20
16 15
99 45
67 55
33 62
33 18
18 11
33 36
5 7
5 4
238 169
43 67
182 186
236 138
60 38
160 142
16 22
55 39
10 11
143 168
159 192
55 83
11 12
8 4
145 335
69 75
13 15
5 7
240 138
7 9
5 4
84 58
47 26
79 87
37 39
19 14
143 103
5 5
234 279
6 11
97 94
21 17
112 123
39 47
8 7
19 27
4 8
43 60
167 136
12 13
34 25
18 19
146 108
226 247
73 91
13 14
115 159
65 103
7 5
45 42
6 7
180 200
219 241
187 190
134 133
80 76
56 60
5 8
38 42
17 27
39 57
17 20
75 76
65 59
45 35
170 117
224 292
5 4
253 326
42 58
8 10
5 5
13 10
6 7
23 41
176 195
24 23
6 4
15 17
24 36
235 314
21 20
6 9
12 22
9 6
7 5
23 13
255 166
21 13
5 8
9 13
11 10
62 76
59 79
40 32
70 60
13 19
47 66
33 30
6 7
14 14
24 43
7 4
190 146
29 19
17 17
5 8
86 71
98 100
170 145
6 8
5 5
8 5
51 38
5 8
81 135
106 62
15 16
116 97
52 63
99 92
33 22
92 57
68 67
4 4
37 29
26 19
78 58
6 8
28 23
12 9
17 14
7 6
97 72
183 264
50 43
30 27
5 4
22 17
6 6
29 41
23 9
17 25
8 14
6 6
55 55
17 16
9 8
166 146
174 245
9 6
4 4
131 155
61 60
8 14
35 25
86 70
11 17
230 292
40 38
14 29
34 32
46 58
180 231
35 38
5 6
6 4
170 161
23 13
79 89
32 37
48 54
11 21
68 38
4 3
30 52
64 73
240 262
48 36
20 12
29 24
9 8
88 100
55 72
24 23
38 24
89 69
158 254
5 5
36 33
48 92
8 11
43 48
18 20
215 130
37 38
6 6
6 10
7 8
44 46
9 8
38 39
6 3
9 10
112 112
159 93
76 122
52 107
119 110
29 29
18 20
91 42
91 76
208 399
57 72
13 9
9 11
202 216
32 30
37 30
10 12
234 276
9 12
36 30
167 139
21 26
8 5
169 197
219 151
58 81
6 4
8 11
122 92
18 30
77 71
6 7
102 105
15 13
19 23
8 10
13 14
130 240
61 92
59 48
31 28
7 6
72 68
79 89
35 37
16 23
88 99
12 13
7 7
88 89
55 66
60 79
14 14
200 176
7 7
34 43
167 160
146 193
13 7
85 57
178 135
27 26
33 31
124 100
61 65
212 337
104 100
30 41
12 11
240 143
11 13
70 76
44 47
16 11
24 25
35 50
14 17
12 18
7 12
12 11
48 66
21 22
254 639
19 12
66 60
15 16
23 19
100 76
108 199
77 51
36 22
10 8
26 35
7 16
84 114
112 72
95 116
27 26
6 13
230 243
11 14
27 25
154 122
63 68
122 82
52 23
27 21
14 12
5 8
15 27
38 30
212 227
11 11
133 242
10 12
5 6
90 57
86 67
13 26
58 54
11 8
103 90
20 23
62 90
5 6
16 19
13 25
12 6
9 6
21 23
229 239
117 143
17 13
114 77
64 90
9 13
207 401
5 3
7 4
14 20
17 23
7 5
114 77
38 40
6 8
16 26
134 162
25 22
27 16
10 10
6 4
109 90
5 5
66 70
134 171
51 78
136 209
22 20
85 105
4 5
5 6
26 23
17 20
158 71
164 203
11 14
10 6
28 26
81 108
29 25
37 43
187 217
40 45
6 12
6 7
13 15
68 99
4 5
30 31
8 10
163 143
6 5
34 51
170 159
24 18
17 33
23 13
183 101
191 119
97 119
7 9
75 81
6 6
37 43
21 16
8 6
9 7
82 103
66 69
6 3
30 35
71 67
6 8
6 10
8 6
16 26
10 8
161 133
31 40
178 224
71 87
7 8
50 42
40 86
118 142
14 13
7 7
150 182
5 8
6 5
15 20
19 47
161 278
50 65
5 5
7 9
19 22
8 10
22 26
101 78
17 11
159 203
6 6
73 81
26 33
84 57
88 80
29 27
100 109
16 16
61 42
21 14
21 18
63 70
105 77
12 10
4 7
9 12
62 69
72 84
9 9
26 37
96 69
39 38
183 152
59 74
102 162
195 124
73 67
124 145
62 62
5 6
25 21
5 3
21 16
15 12
12 17
181 238
6 4
91 46
31 26
27 22
26 24
150 201
120 93
98 65
224 282
73 58
5 5
16 19
39 25
88 100
19 25
5 3
17 25
5 3
116 83
254 101
29 31
11 10
36 21
12 63
19 9
5 5
44 37
14 11
204 162
17 22
84 130
46 48
4 9
80 73
115 122
4 6
50 40
24 33
31 51
13 14
30 41
110 87
189 201
16 14
16 15
104 128
212 203
56 32
168 165
46 52
5 5
93 119
5 4
155 143
13 12
196 301
23 35
20 31
199 439
6 5
42 29
11 14
43 40
4 3
4 4
71 33
68 48
14 15
16 11
12 13
70 126
35 19
212 452
101 122
76 83
5 3
38 48
111 142
102 64
12 10
8 11
131 200
20 17
31 39
86 127
15 13
121 123
10 7
68 70
205 122
155 151
26 29
18 30
134 126
15 16
4 3
234 292
6 6
4 9
31 35
60 63
16 17
31 38
63 74
12 12
98 103
12 6
180 265
5 6
73 69
10 15
229 165
131 205
52 92
5 5
52 35
163 226
6 4
114 120
252 114
97 69
19 12
7 6
10 18
181 215
38 50
125 119
41 43
251 234
160 194
13 10
25 27
9 9
130 86
32 22
52 53
54 101
33 28
4 2
25 50
7 7
4 2
9 7
122 96
158 185
8 18
8 6
11 15
192 227
126 133
107 45
15 10
78 90
9 12
85 104
102 87
81 132
33 32
63 70
31 28
4 3
10 11
13 7
4 6
6 7
40 47
171 161
130 148
15 10
35 51
6 7
137 172
8 7
5 6
14 24
19 12
54 40
99 79
40 90
9 7
6 9
41 35
167 197
81 79
26 34
4 5
58 91
6 5
52 60
5 3
199 340
123 144
14 10
21 25
9 7
6 7
5 3
105 129
194 126
56 46
28 34
52 33
4 4
72 81
143 122
121 179
106 96
48 36
18 31
34 38
52 51
5 7
12 12
56 47
122 147
222 367
7 8
26 23
8 9
64 79
108 111
12 7
46 65
82 97
14 20
23 12
90 46
7 6
5 8
77 58
4 7
5 6
144 202
11 10
55 32
219 201
20 23
37 45
99 87
26 35
9 9
190 406
5 6
4 3
5 8
209 242
60 63
98 56
63 58
6 5
9 9
41 48
7 7
42 46
69 206
60 78
10 8
24 49
9 6
69 70
19 20
113 104
129 142
8 8
136 190
5 7
140 144
111 100
43 50
91 75
12 9
68 99
69 49
5 6
36 30
165 147
5 6
215 174
89 77
48 50
216 203
5 4
82 81
10 15
6 8
23 18
16 14
44 54
14 12
207 233
82 33
40 45
11 9
237 223
33 42
170 125
185 276
190 265
25 15
31 33
19 19
124 170
104 199
11 10
36 19
6 5
4 3
73 95
7 6
106 87
12 12
168 86
19 19
115 151
11 17
66 95
188 159
26 15
161 151
146 101
104 70
219 161
49 40
41 75
11 10
7 7
4 5
5 6
7 8
8 6
9 10
14 19
29 27
15 16
17 12
20 16
72 69
8 10
229 262
68 85
106 174
163 151
177 239
141 275
12 14
82 88
79 53
90 57
5 5
249 180
28 20
7 13
102 97
9 9
40 87
39 43
19 14
9 9
77 87
26 39
49 63
23 15
39 40
225 176
35 52
4 3
80 103
90 89
74 69
155 164
254 349
51 61
5 5
40 60
20 17
87 90
5 6
32 42
16 16
13 24
11 12
145 139
25 30
82 104
5 4
46 33
15 16
222 125
4 4
5 7
97 73
136 96
5 12
229 186
32 45
31 54
20 17
21 21
4 2
11 10
36 25
20 15
9 8
73 43
14 16
42 42
9 10
8 11
8 5
14 16
47 32
206 229
6 3
14 14
81 65
143 136
14 25
78 44
23 23
79 81
107 148
6 6
138 228
71 91
42 29
6 11
7 8
32 37
10 10
27 22
15 15
55 71
5 7
4 3
10 17
5 5
6 7
228 430
16 23
93 71
51 46
30 29
40 44
7 15
8 4
240 221
10 10
134 157
34 35
130 240
23 25
110 107
144 313
40 34
20 23
48 38
57 53
146 110
25 27
43 17
13 14
21 13
141 109
162 189
7 6
13 11
57 70
19 32
23 15
37 33
9 12
58 78
63 65
235 298
57 34
93 107
45 69
131 185
20 19
19 17
231 242
7 6
223 191
16 21
5 7
23 61
106 141
37 19
38 32
167 133
68 60
7 8
35 46
5 4
126 113
57 70
4 5
114 173
253 415
8 6
27 36
47 31
129 70
5 3
172 441
12 11
65 80
130 148
5 7
180 160
18 15
7 6
7 7
15 10
95 61
76 74
69 68
20 19
4 6
10 7
135 97
54 43
72 99
64 66
44 39
96 116
20 18
242 274
15 14
20 15
185 214
5 6
24 13
222 162
42 22
17 15
182 182
204 285
12 10
153 166
165 148
256 297
59 48
85 56
24 26
129 119
176 209
54 41
204 135
23 20
225 387
15 18
7 10
6 8
18 15
6 6
21 18
6 4
23 23
6 7
11 14
5 4
143 158
9 8
9 5
83 104
21 26
27 24
10 14
7 7
205 322
96 78
162 239
36 26
65 62
61 71
12 12
52 63
4 3
57 40
13 6
8 9
43 56
39 29
214 207
96 82
30 51
10 10
20 17
26 27
8 9
85 102
13 10
139 128
24 47
17 23
45 155
38 62
25 28
6 11
5 4
4 3
125 87
62 73
9 6
18 31
18 17
87 132
47 30
12 18
62 56
6 7
113 215
31 33
82 67
135 120
91 91
45 29
135 77
242 138
29 18
8 7
22 39
113 191
57 55
42 67
103 157
114 113
18 21
34 21
122 118
17 16
28 27
36 20
17 12
9 9
101 63
11 16
13 8
78 106
39 40
39 20
7 5
9 8
185 161
26 32
6 8
47 33
5 4
8 5
150 152
172 298
81 93
131 157
21 12
69 47
17 11
34 35
99 69
25 37
11 10
7 21
24 18
42 64
9 7
70 57
60 97
55 84
15 14
153 156
31 27
17 16
97 66
17 22
25 24
12 15
8 8
141 298
5 6
235 347
5 9
243 236
229 325
21 33
9 8
18 22
36 34
30 27
52 57
148 213
15 19
198 205
23 37
111 143
177 276
5 7
64 69
131 164
141 233
127 150
15 11
178 272
104 95
223 219
220 159
27 51
20 31
45 37
179 182
5 3
25 32
11 12
71 33
13 16
5 5
6 12
26 33
5 4
64 58
111 120
6 7
134 99
74 57
5 5
48 51
14 12
122 97
15 21
76 78
10 7
5 5
221 280
141 70
5 3
17 13
120 58
19 14
149 163
150 135
8 5
13 18
19 18
16 29
30 25
43 52
178 169
13 8
153 154
242 223
8 8
62 60
27 25
8 5
17 21
51 40
14 19
141 127
80 81
67 73
41 33
13 12
24 26
30 38
190 280
11 11
33 71
11 19
17 34
7 9
21 19
135 174
29 31
83 77
16 13
7 12
66 75
17 11
69 121
56 32
7 8
246 274
188 96
6 13
82 62
20 17
4 3
6 3
8 6
25 33
28 30
18 17
19 19
246 209
200 254
184 165
52 36
6 7
80 86
163 209
7 8
5 6
188 133
22 19
87 134
20 16
14 8
6 7
100 94
110 126
6 4
192 260
80 92
39 36
36 45
44 56
170 167
15 28
71 75
10 8
12 18
11 10
63 65
5 4
253 354
104 63
103 202
6 7
8 11
41 78
13 20
17 20
67 28
38 25
72 49
60 98
171 383
54 60
96 94
5 5
4 4
85 141
62 76
218 189
161 136
90 47
83 80
71 40
176 181
5 3
67 51
5 4
20 18
224 339
41 90
23 27
248 229
5 4
97 66
63 42
5 6
129 187
124 106
39 39
13 11
14 8
17 29
32 35
6 6
236 208
51 40
5 4
16 10
134 110
195 141
143 230
6 5
29 29
21 23
34 34
11 7
7 6
5 3
9 8
24 18
93 139
20 11
68 116
11 11
38 37
23 25
73 104
52 62
4 6
5 6
13 14
39 48
40 36
40 20
5 5
4 7
6 5
153 109
83 89
18 14
214 178
4 5
34 47
19 32
161 159
67 56
197 122
60 61
4 5
228 182
10 14
56 88
12 19
4 9
84 51
14 15
159 240
11 7
69 87
42 34
71 90
210 130
67 168
113 147
109 138
14 11
44 43
66 96
41 75
114 176
179 260
20 11
146 196
15 15
4 4
176 271
18 29
240 266
45 59
36 35
6 6
141 166
11 14
54 51
33 50
7 14
118 85
45 59
95 121
27 56
12 17
5 6
174 107
69 57
255 257
243 231
13 10
11 12
16 12
28 22
7 8
42 31
111 87
17 24
117 81
117 104
213 298
127 148
13 10
26 50
225 129
203 227
196 198
16 16
16 10
107 105
13 16
37 30
6 8
61 68
8 5
29 26
163 165
23 40
23 21
10 14
241 246
55 46
24 16
56 66
82 54
138 96
213 202
35 32
6 7
15 16
19 24
117 87
8 11
15 20
5 4
18 21
86 70
12 11
135 98
14 12
91 136
13 9
81 69
7 7
17 12
216 152
6 4
177 172
47 53
5 6
6 11
9 6
6 6
17 14
11 13
5 6
20 25
9 11
5 3
97 89
27 40
143 114
38 42
5 6
207 172
32 22
8 15
5 4
112 93
255 312
154 85
32 59
47 49
72 79
25 16
49 40
12 11
11 7
97 128
5 13
7 8
222 215
28 30
63 165
169 201
5 7
34 45
20 14
51 57
156 171
241 280
10 12
18 10
26 25
12 12
50 68
8 5
19 21
218 221
145 164
5 11
8 5
177 172
241 176
56 95
101 102
6 5
37 25
75 101
22 36
211 395
93 112
73 52
15 9
23 19
242 141
29 37
15 17
36 37
6 12
127 78
241 335
158 214
70 69
47 35
21 30
15 23
203 121
9 5
43 60
91 128
6 4
246 374
71 57
10 19
118 69
170 298
16 9
247 138
37 38
188 181
76 73
158 169
14 11
69 55
47 53
13 22
156 98
251 82
4 4
15 9
11 15
16 15
95 124
11 18
20 16
5 4
16 17
6 6
8 6
98 88
40 41
168 141
42 53
225 266
17 14
8 5
35 29
115 147
6 6
14 9
118 191
5 5
6 4
12 8
207 236
37 32
46 45
42 47
28 27
48 34
85 62
53 89
5 8
18 19
18 14
33 26
8 12
5 4
10 10
159 118
219 138
5 6
15 13
63 44
100 164
116 69
19 21
167 154
15 19
168 82
34 43
15 14
12 14
10 12
62 38
181 214
32 33
27 17
38 25
10 10
127 103
11 6
56 98
9 7
52 82
36 27
7 9
9 3
6 8
5 4
14 12
120 96
88 107
59 51
38 44
14 29
47 41
52 65
201 296
12 12
15 6
255 268
12 19
28 54
254 343
82 55
231 334
40 36
7 10
245 155
92 59
92 95
90 76
7 9
9 5
75 136
127 136
16 22
10 10
9 8
70 28
73 80
38 49
30 23
13 12
233 245
149 178
157 79
5 7
4 4
24 26
238 305
61 97
32 29
18 26
204 287
17 11
21 14
206 130
34 18
31 63
5 5
19 16
7 6
137 242
146 210
4 4
13 16
46 72
22 19
18 11
40 27
81 110
52 74
176 281
203 251
12 13
19 15
29 37
22 10
52 81
18 16
15 17
187 204
61 64
207 203
95 48
73 50
6 5
51 68
56 40
36 34
186 167
136 128
10 8
35 19
107 84
124 140
22 42
119 142
138 110
58 61
110 138
4 6
166 277
59 46
86 94
6 5
35 41
34 31
85 52
17 15
6 7
38 32
256 213
155 167
30 30
128 220
62 67
27 27
192 136
29 35
72 54
7 10
7 9
34 41
15 12
19 22
8 4
9 10
10 11
71 68
16 13
39 42
8 10
10 14
198 314
63 145
148 139
14 17
9 9
9 8
5 4
43 64
180 191
186 149
22 18
9 11
244 167
45 46
25 22
48 45
6 7
69 50
5 6
24 20
7 4
127 118
10 10
206 157
17 13
30 33
85 69
43 57
165 256
241 366
9 9
4 5
16 17
80 91
5 5
104 122
11 10
16 9
10 13
5 7
18 10
34 17
200 253
12 12
47 77
7 4
144 147
61 93
86 97
99 56
30 35
8 11
156 267
90 127
14 9
6 6
4 3
232 344
99 125
59 26
50 36
18 14
79 106
67 51
90 148
78 67
64 41
82 107
4 5
15 23
35 25
191 230
26 58
79 65
68 54
24 26
5 3
11 16
48 31
134 76
132 166
20 9
169 207
8 10
51 56
88 120
21 33
43 56
254 148
6 6
251 227
57 64
15 15
79 112
92 71
15 6
8 5
16 18
161 156
35 30
50 62
130 99
7 4
28 22
37 47
15 10
34 36
10 8
13 19
27 18
17 15
125 181
10 7
103 189
61 91
26 49
17 18
70 96
57 38
11 10
36 21
8 6
12 9
4 4
54 51
57 45
15 8
24 8
14 21
54 40
92 68
27 29
89 55
30 54
44 23
23 23
17 16
42 53
253 286
71 66
75 46
125 53
14 22
6 3
36 47
57 61
19 14
10 9
4 2
10 9
94 109
47 36
12 15
19 28
74 33
93 78
6 10
11 7
124 171
219 372
11 27
15 16
232 98
148 306
61 70
4 4
68 113
19 17
50 64
9 7
5 5
54 40
27 19
8 8
9 7
58 67
9 7
8 10
7 10
24 17
115 214
178 202
253 155
85 52
67 38
54 62
5 4
122 136
130 162
7 8
18 14
5 5
19 15
23 20
54 43
44 40
38 53
91 86
11 12
11 11
18 16
16 24
24 35
4 7
8 8
56 49
5 6
124 167
158 189
11 12
87 74
23 28
161 194
105 136
35 40
25 21
109 94
168 116
31 28
12 14
67 58
12 11
73 92
10 8
96 112
31 40
16 16
119 115
137 199
12 11
183 291
6 3
46 45
11 10
202 186
136 122
15 12
66 58
186 211
20 15
82 125
170 220
67 105
29 27
12 19
28 26
63 65
114 191
21 26
5 5
156 146
229 378
38 32
93 54
34 32
18 19
44 24
8 7
180 252
19 15
8 7
8 11
53 46
113 66
30 41
19 15
89 167
8 11
230 118
10 14
99 79
6 5
61 42
52 56
69 61
14 28
11 8
7 7
39 51
50 102
165 229
6 9
11 10
183 353
46 58
23 35
97 68
201 119
13 16
24 30
61 42
62 55
41 33
112 96
5 6
6 3
56 122
190 121
6 6
22 15
44 35
102 76
36 33
10 5
7 5
4 5
9 15
19 24
45 41
254 226
11 13
4 3
5 2
9 15
18 10
82 159
13 13
165 310
94 98
6 8
203 187
156 219
7 8
11 12
161 162
56 62
52 48
4 4
8 13
57 54
38 48
6 5
48 31
40 33
120 127
49 51
143 217
11 6
11 18
7 6
18 14
163 191
40 48
12 18
33 42
10 11
19 31
155 207
58 92
17 26
151 131
39 69
5 3
228 257
22 23
33 29
40 36
50 51
148 108
20 20
96 103
9 9
63 59
43 69
25 29
120 127
95 69
9 10
191 195
5 5
17 16
8 12
14 15
81 48
246 279
78 55
105 111
58 78
6 7
36 34
7 6
47 53
39 53
126 106
14 19
26 24
5 5
149 171
10 7
22 27
80 54
10 10
13 20
6 8
25 46
117 102
208 170
74 61
222 197
13 13
23 28
21 20
13 10
23 20
108 96
130 118
50 66
206 250
115 108
9 8
16 12
189 259
206 248
105 171
80 62
9 6
14 22
7 6
122 120
14 13
37 21
26 39
7 7
47 38
144 122
82 55
5 5
74 57
8 4
16 12
16 48
108 120
64 61
10 9
72 38
19 27
46 81
60 82
7 9
19 39
116 82
178 201
8 9
6 4
26 23
23 23
21 23
208 415
6 4
47 44
62 44
21 21
11 5
218 289
88 117
105 103
203 294
220 219
115 161
8 11
20 29
12 9
5 8
15 25
85 106
68 54
16 31
57 61
7 6
5 4
5 6
9 9
22 43
168 206
18 11
149 76
95 67
70 94
11 16
20 23
6 6
81 81
198 286
5 4
10 7
4 4
206 192
12 9
6 4
69 44
75 72
237 340
28 36
150 223
33 40
130 97
167 119
10 8
11 13
125 62
12 15
75 87
19 18
83 75
4 4
124 80
214 136
8 8
206 177
9 7
114 163
29 26
4 3
4 4
37 36
15 26
6 18
5 4
98 90
126 82
6 5
14 11
12 16
19 24
12 9
101 78
8 9
171 345
183 210
4 8
21 15
103 59
14 10
189 169
72 55
9 11
79 91
56 83
9 16
22 25
97 132
129 150
85 93
155 141
228 229
81 88
18 17
54 75
9 8
205 301
10 11
58 63
29 22
79 73
25 20
11 10
157 182
10 14
30 20
15 25
40 43
74 70
7 5
43 53
39 51
42 66
7 4
19 16
33 26
9 9
14 9
17 18
70 57
76 53
46 49
60 43
31 35
13 12
5 6
131 112
184 130
23 13
6 6
8 9
14 14
212 358
256 282
4 5
56 41
72 82
13 13
21 18
103 94
39 27
48 37
123 86
88 77
207 177
51 43
43 43
10 7
168 214
92 100
38 42
212 163
146 176
23 20
168 103
11 15
137 62
100 32
31 27
114 141
19 19
57 59
106 162
46 63
54 33
73 53
99 87
15 12
173 209
62 99
245 258
17 25
5 7
15 18
114 144
14 10
133 136
47 36
23 27
142 115
7 8
43 34
38 27
76 60
25 20
11 10
8 7
6 9
14 21
154 164
210 318
75 72
40 39
9 11
56 48
13 15
7 7
222 143
7 5
25 19
5 4
26 35
246 203
147 152
157 179
97 126
62 49
14 14
4 4
23 30
23 27
4 3
12 9
21 23
191 254
5 4
32 49
10 11
169 155
179 397
13 12
30 53
35 58
6 9
34 46
45 74
59 87
9 16
51 34
8 10
231 157
9 17
27 23
5 6
198 188
10 14
4 6
29 33
111 99
145 131
15 19
31 16
23 36
6 9
6 4
6 7
6 10
6 14
10 20
112 99
26 16
28 36
84 57
25 21
49 77
13 19
136 253
46 43
5 5
14 17
96 111
30 33
226 224
37 32
131 211
154 204
8 11
14 9
6 3
13 23
27 15
52 78
79 68
6 7
16 15
11 20
40 85
13 6
230 211
114 101
22 20
33 43
20 22
61 82
42 48
8 18
145 75
30 30
15 24
52 39
29 24
6 5
53 59
38 58
12 8
12 5
40 60
54 64
121 80
127 166
55 37
134 165
10 9
137 110
68 69
98 136
26 12
6 9
63 61
18 18
254 214
173 186
234 221
47 35
10 17
23 20
49 46
105 117
248 280
53 31
10 18
122 146
77 172
5 4
11 14
78 66
7 6
25 31
13 20
151 106
18 28
233 223
47 47
18 25
9 9
154 200
16 19
5 3
37 55
112 105
197 129
16 10
200 198
115 240
42 36
9 5
22 31
7 8
227 308
237 159
67 55
173 130
89 133
5 8
32 54
20 65
140 163
18 15
29 26
205 305
64 51
51 51
5 4
58 51
10 9
110 103
5 6
118 121
63 107
94 96
22 26
173 144
15 9
11 4
66 122
169 332
16 15
20 15
13 21
6 6
6 6
243 320
7 9
185 268
46 28
8 9
18 23
5 2
75 186
69 51
13 9
8 6
232 152
40 40
61 131
8 6
86 97
148 174
13 23
181 283
179 134
12 8
11 11
92 94
85 116
9 11
15 11
103 127
12 8
21 11
109 98
94 63
73 70
220 257
7 4
61 42
23 27
121 127
68 61
170 227
37 29
5 6
131 135
77 51
40 80
69 30
18 22
7 7
36 24
13 15
8 8
5 6
28 20
124 145
16 19
28 26
92 75
11 11
15 9
8 9
7 7
15 16
48 83
38 48
62 79
19 22
29 27
25 32
31 45
207 232
9 4
19 20
13 7
9 10
24 13
6 6
11 14
72 108
8 14
70 53
21 27
37 35
248 148
204 243
24 38
15 18
233 292
8 11
68 69
39 44
25 46
44 79
52 41
6 6
30 26
164 232
63 65
82 124
10 16
16 32
4 5
60 60
7 10
30 26
185 107
12 12
47 25
31 22
10 8
6 7
15 24
88 105
218 496
14 17
36 40
13 13
47 37
16 22
235 309
37 84
21 17
8 9
6 8
6 8
17 23
7 7
17 16
32 60
29 31
17 9
8 5
15 17
105 67
44 35
51 67
28 23
58 69
44 51
35 61
120 85
43 37
6 7
203 309
28 19
47 61
20 21
26 16
5 6
239 159
86 70
19 19
23 33
227 239
68 76
156 251
8 10
254 271
40 69
11 7
12 11
33 60
183 264
6 8
14 13
4 7
49 41
24 29
62 87
30 21
12 14
6 4
6 17
64 94
44 42
59 50
12 9
15 11
27 18
10 7
6 10
6 6
101 72
11 9
7 10
4 3
194 157
7 10
192 195
131 148
158 117
15 31
13 14
5 3
6 7
187 214
9 9
40 29
17 14
62 34
252 172
16 17
23 23
11 7
8 9
9 14
10 9
47 75
8 6
17 9
35 45
203 217
5 3
10 14
12 25
180 242
148 165
6 6
196 275
35 38
4 6
39 56
31 20
33 29
10 9
5 8
40 47
154 182
143 128
211 246
6 5
24 24
5 9
11 6
20 14
12 10
5 11
7 15
13 10
5 5
5 4
10 11
147 117
12 27
231 233
12 11
23 46
4 3
39 39
10 11
46 41
143 136
77 172
188 484
24 19
8 6
45 39
21 16
170 239
116 198
89 54
62 65
8 4
30 22
75 66
38 40
10 15
35 31
48 46
74 51
4 4
32 27
127 98
90 93
17 9
128 135
33 78
55 41
27 20
5 6
135 145
19 12
14 17
46 57
183 156
38 36
9 21
9 13
196 159
14 23
10 15
46 60
9 9
97 54
5 8
14 17
243 267
53 52
178 154
24 27
47 54
5 7
38 23
72 125
236 339
25 44
4 7
31 22
74 60
15 15
4 2
23 26
73 58
30 19
6 4
25 21
183 275
17 20
238 397
4 6
51 80
27 46
22 14
17 32
20 15
32 45
87 115
28 32
82 30
48 66
50 41
64 81
56 114
168 124
20 39
71 66
9 8
5 2
55 21
175 98
63 64
50 53
8 7
28 51
53 60
14 21
202 112
99 59
74 48
6 6
130 113
8 9
134 135
185 179
85 84
4 2
55 65
38 31
10 8
176 259
5 3
4 5
32 34
7 6
8 7
217 222
135 258
5 5
30 36
56 64
24 19
22 27
7 5
6 5
31 45
16 15
40 43
47 46
11 8
9 9
123 128
224 188
134 69
48 62
5 2
26 27
8 7
145 179
13 14
6 5
71 103
170 108
20 22
117 128
4 6
17 16
62 74
70 141
25 19
9 10
28 26
16 32
13 19
154 229
239 242
81 78
38 37
131 147
203 171
65 83
7 7
37 27
52 23
9 13
26 28
23 17
24 29
4 3
92 97
49 75
19 14
16 8
12 17
10 16
198 202
221 526
13 14
139 203
149 102
29 25
7 7
109 136
4 6
5 5
11 16
36 45
57 80
11 12
28 16
19 12
16 10
16 30
17 24
48 65
4 6
182 342
26 30
91 56
81 91
12 10
10 14
21 12
91 103
30 45
252 247
38 21
44 38
221 211
5 7
32 24
28 39
224 195
11 9
7 9
8 7
110 91
28 19
178 212
213 128
142 189
119 180
175 171
12 18
66 96
5 7
38 40
98 92
5 4
78 143
202 197
49 58
41 54
24 31
16 13
10 7
7 8
208 139
12 20
78 78
7 4
14 16
105 108
82 44
12 13
63 50
16 14
24 21
16 20
23 33
25 26
42 52
21 23
53 87
12 11
180 185
87 116
137 175
7 7
5 5
207 273
153 101
152 193
7 7
40 19
59 62
89 206
12 12
31 28
132 170
11 17
8 7
10 8
13 25
109 75
60 52
34 52
63 42
73 101
15 22
93 103
6 8
14 17
116 182
20 30
41 30
89 122
6 3
13 11
9 17
121 104
7 4
13 17
20 15
18 16
191 252
47 53
35 36
11 17
4 7
13 11
163 118
16 15
45 49
32 61
14 14
99 148
57 57
13 11
166 200
161 111
150 125
164 170
198 198
80 82
5 9
113 66
122 117
70 118
19 20
41 51
191 134
7 6
105 108
129 140
21 23
12 11
22 17
7 4
10 7
16 11
29 32
114 122
5 6
60 82
237 304
197 246
19 15
69 52
22 26
25 25
228 241
59 44
109 119
19 19
15 13
37 42
117 145
239 257
9 8
221 403
32 49
5 5
199 233
4 5
15 18
7 8
11 7
62 58
9 9
54 72
17 17
85 85
22 15
5 6
34 27
28 24
29 25
38 26
68 59
62 77
73 57
194 142
32 62
8 7
29 34
16 10
10 8
15 16
167 179
103 142
188 229
7 9
11 7
221 179
54 46
5 3
6 6
71 99
237 331
5 8
242 326
13 12
147 297
53 35
17 14
5 9
11 15
49 38
13 21
68 86
4 6
129 109
57 45
17 21
66 78
219 178
47 53
19 24
5 4
202 208
5 6
5 5
6 9
15 39
60 87
6 5
128 71
38 35
8 6
7 9
95 59
28 26
4 3
77 67
121 85
77 78
29 27
43 53
18 16
18 26
59 83
6 7
22 19
6 4
5 5
24 27
31 23
131 165
28 25
5 7
68 81
5 4
28 28
173 163
8 15
74 80
4 4
12 8
7 4
21 18
20 29
4 7
20 9
70 109
7 12
34 40
24 27
41 62
216 311
68 69
8 6
16 13
22 11
38 26
9 9
255 277
189 120
94 168
55 40
136 131
95 75
4 4
135 106
6 5
51 32
18 12
64 85
17 21
67 83
64 71
14 22
68 42
11 12
7 11
51 87
86 119
20 29
9 12
7 4
73 67
22 21
186 145
81 47
6 8
36 24
7 7
11 14
23 18
6 4
7 4
12 8
24 34
231 104
219 128
6 7
78 96
109 94
10 16
6 3
6 5
6 10
20 24
31 35
36 40
40 49
120 88
12 11
115 54
11 13
6 7
77 98
108 49
71 106
80 86
8 9
33 40
13 13
13 17
37 37
28 23
234 204
31 50
10 18
210 169
22 15
17 12
111 160
103 131
18 22
195 275
5 6
27 15
222 303
46 63
18 13
62 41
14 14
11 16
12 13
33 34
16 19
109 73
26 31
43 54
33 24
70 47
16 24
17 13
30 41
79 65
140 108
24 27
16 30
58 48
72 70
187 138
9 6
129 214
246 374
54 71
85 140
96 118
30 55
17 14
119 78
4 6
27 23
12 19
238 291
110 180
105 127
26 14
66 127
107 143
14 16
30 32
93 102
9 13
6 5
5 4
64 102
15 15
25 29
30 15
7 9
5 3
5 6
10 7
150 132
45 81
4 3
5 5
61 56
37 34
55 46
5 5
45 85
18 26
6 4
40 27
9 8
5 5
4 7
26 23
6 5
136 190
78 187
41 31
63 48
64 60
223 334
13 19
150 140
42 102
12 16
179 252
20 17
52 49
23 15
91 112
10 14
10 9
125 120
14 5
14 13
23 38
131 144
46 44
173 230
9 11
198 228
5 4
6 6
11 6
61 52
112 62
12 12
126 76
169 178
5 5
25 34
41 38
123 93
19 13
139 178
6 6
124 155
11 20
131 73
32 16
7 7
255 182
14 21
6 9
20 12
5 4
13 17
59 34
5 6
111 84
204 101
180 197
10 6
12 12
53 58
22 27
11 11
15 12
25 26
171 229
114 96
8 11
17 24
55 32
22 22
15 9
83 112
197 172
20 40
11 14
68 50
164 130
237 264
6 7
218 278
42 29
102 70
8 9
62 84
27 27
22 30
25 20
5 4
21 20
91 79
8 4
25 37
7 4
43 25
13 12
45 36
59 74
150 178
12 7
111 120
35 25
80 57
8 5
71 57
21 19
29 27
201 97
89 188
13 12
93 53
45 56
5 5
99 40
11 9
9 9
87 118
214 187
75 43
241 342
236 131
23 43
24 30
10 8
20 10
9 16
59 66
8 6
209 116
44 56
57 68
22 22
59 42
54 36
19 12
121 157
10 5
15 23
155 97
187 216
26 16
56 69
8 8
59 88
11 11
33 29
18 15
22 23
15 8
21 17
179 149
8 18
4 3
8 8
5 5
116 106
51 41
159 141
30 45
45 39
232 190
19 19
152 114
105 95
10 11
8 11
50 35
31 58
28 26
68 138
38 78
6 5
9 8
18 11
5 3
80 92
54 82
8 7
168 251
216 230
15 10
240 175
139 74
9 10
69 64
56 35
51 70
10 10
25 33
126 183
85 109
159 126
4 5
20 15
8 16
252 168
240 220
33 33
18 19
102 111
52 67
20 16
14 9
118 143
127 256
38 33
8 5
35 33
35 29
22 10
19 24
6 8
24 25
45 54
84 120
34 27
25 31
5 6
189 166
89 71
7 5
27 29
6 8
246 410
4 4
14 11
8 9
19 32
47 65
26 38
25 14
13 7
11 14
22 18
8 17
7 6
69 65
4 5
5 3
79 100
5 4
11 9
6 5
220 246
61 57
180 148
42 48
12 15
5 7
54 28
36 35
66 55
10 5
6 6
22 25
156 213
7 5
10 5
178 259
39 43
13 21
13 10
196 116
12 12
67 124
4 3
166 178
149 165
135 199
16 14
121 131
8 12
39 58
19 19
159 124
34 37
29 21
4 5
174 113
6 9
164 151
13 15
192 122
4 5
249 274
166 254
32 41
245 220
17 11
18 13
181 153
4 4
37 30
165 162
5 3
57 60
20 23
7 9
16 22
13 11
9 7
215 156
111 159
5 5
5 6
11 11
77 91
84 106
14 12
16 16
195 106
13 11
4 2
130 126
65 70
7 7
12 13
97 76
6 5
41 35
148 107
10 11
64 71
203 167
168 263
59 53
62 59
65 55
98 87
128 88
44 61
80 63
5 8
68 76
74 42
6 8
11 14
42 38
11 17
32 28
73 55
9 13
14 20
11 10
31 25
131 110
22 20
18 22
11 5
231 130
47 46
47 109
132 126
6 6
68 133
75 33
33 31
5 5
9 8
26 26
16 15
17 12
12 7
38 52
9 10
7 5
71 78
93 71
64 43
7 5
146 139
15 21
17 15
37 22
11 11
53 34
17 30
20 16
6 7
211 246
62 25
142 128
8 5
46 44
142 110
4 4
14 15
45 39
88 133
107 91
5 8
144 139
77 70
6 7
26 25
8 6
129 147
30 27
82 87
7 5
112 142
13 10
7 4
42 52
7 5
29 33
164 131
8 8
9 13
14 15
102 64
5 5
5 4
110 161
16 34
44 38
157 153
7 6
7 9
24 16
127 99
166 153
39 27
5 6
173 282
5 12
172 220
61 114
72 75
253 244
5 6
5 4
26 37
167 170
11 6
38 54
16 14
9 13
59 129
6 10
25 53
174 115
56 56
17 17
115 81
207 243
12 12
57 61
126 89
22 26
171 114
42 41
18 17
63 91
11 8
9 13
59 71
150 127
30 27
6 4
190 184
21 21
144 131
22 19
30 39
48 37
74 66
130 64
66 68
127 148
23 23
243 553
111 179
19 19
28 31
142 115
12 8
7 4
33 43
20 30
6 10
34 51
17 7
9 11
84 75
40 41
73 98
113 147
7 7
53 51
27 45
46 61
216 151
60 28
19 18
67 45
52 35
135 91
21 25
19 16
106 96
22 31
30 64
50 81
16 14
156 383
138 185
49 46
5 8
48 34
10 7
6 5
142 133
16 14
14 14
38 26
157 103
43 29
5 9
32 23
194 284
46 48
31 52
40 33
50 60
48 69
11 16
125 144
7 15
15 12
4 4
235 109
5 7
38 21
40 109
13 21
27 43
8 7
189 228
165 155
4 5
50 17
42 50
30 25
1 37
0 5
1 15
0 8
0 1 0
1 40 157
1 9 59
0 1 0
2 0 9
2 0 0
0 1 0
3 0 10
0 49 55
0 1 0
1 17 32
2 0 3
0 1 0
0 3 5
0 13 19
0 1 0
2 0 8
0 32 15
0 1 0
1 13 129
1 47 273
0 1 0
1 4 48
3 0 5
0 1 0
2 0 9
0 4 2
0 1 0
1 7 15
0 24 13
0 1 0
0 25 20
0 12 12
0 1 0
2 0 0
1 10 53
0 1 0
4 0 486
1 43 424
0 1 0
2 0 6
0 25 22
0 1 0
1 18 184
1 32 195
0 1 0
1 9 53
2 0 7
0 1 0
1 30 203
0 44 51
0 1 0
1 14 47
0 50 59
0 1 0
2 0 7
0 39 49
0 1 0
2 0 6
2 0 0
0 1 0
0 39 7
0 47 41
0 1 0
1 21 134
4 0 564
0 1 0
3 0 1
1 17 103
0 1 0
1 1 4
2 0 7
0 1 0
0 2 2
1 46 239
0 1 0
1 16 123
1 30 170
0 1 0
2 0 10
0 40 42
0 1 0
2 0 4
1 49 374
0 1 0
1 26 206
1 12 100
0 1 0
2 0 4
1 46 416
0 1 0
0 20 20
2 0 6
0 1 0
0 10 4
0 20 20
0 1 0
1 45 182
1 8 75
0 1 0
0 47 70
0 49 68
0 1 0
0 18 17
4 0 617
0 1 0
2 0 9
1 26 135
0 1 0
3 0 5
1 24 94
0 1 0
0 29 9
0 2 1
0 1 0
1 43 231
0 15 21
0 1 0
2 0 6
2 0 0
0 1 0
1 42 276
2 0 4
0 1 0
0 34 35
0 50 59
0 1 0
0 32 27
0 8 9
0 1 0
1 2 11
2 0 9
0 1 0
1 15 95
1 48 363
0 1 0
2 0 10
2 0 0
0 1 0
2 0 7
1 11 49
0 1 0
2 0 2
0 5 8
0 1 0
1 9 33
1 47 241
0 1 0
1 19 75
0 13 13
0 1 0
0 20 25
0 5 5
0 1 0
0 26 15
2 0 1
0 1 0
0 12 10
2 0 7
0 1 0
4 0 891
1 36 275
0 1 0
0 45 51
2 0 9
0 1 0
1 19 81
0 14 18
0 1 0
2 0 10
3 0 9
0 1 0
4 0 327
0 13 11
0 1 0
1 49 281
0 36 35
0 1 0
0 33 32
0 43 52
0 1 0
1 25 210
2 0 10
0 1 0
0 2 2
1 8 51
0 1 0
0 37 34
1 20 137
0 1 0
1 3 22
2 0 2
0 1 0
0 39 32
1 46 324
0 1 0
1 12 117
1 24 253
0 1 0
1 44 260
0 24 17
0 1 0
2 0 9
0 3 3
0 1 0
1 25 138
1 25 160
0 1 0
2 0 8
4 0 268
0 1 0
1 45 129
1 15 149
0 1 0
0 46 29
1 47 269
0 1 0
2 0 0
1 38 267
0 1 0
2 0 3
3 0 5
0 1 0
3 0 6
1 42 144
0 1 0
0 49 40
1 13 58
0 1 0
3 0 2
3 0 0
0 1 0
3 0 2
0 27 35
0 1 0
0 46 47
0 15 15
0 1 0
1 19 140
3 0 8
0 1 0
2 0 2
3 0 4
0 1 0
3 0 9
0 44 33
0 1 0
1 4 15
1 21 174
0 1 0
1 3 7
2 0 3
0 1 0
2 0 0
0 30 47
0 1 0
1 5 22
0 35 36
0 1 0
1 34 187
0 1 1
0 1 0
0 30 24
0 10 12
0 1 0
0 25 22
0 50 30
0 1 0
4 0 221
1 23 243
0 1 0
1 18 123
1 41 206
0 1 0
1 10 50
0 37 70
0 1 0
1 20 177
1 42 224
0 1 0
0 30 53
1 7 47
0 1 0
0 21 31
4 0 754
0 1 0
0 3 2
2 0 4
0 1 0
4 0 866
1 19 128
0 1 0
4 0 559
1 32 171
0 1 0
3 0 3
1 40 76
0 1 0
1 18 72
0 18 17
0 1 0
1 20 104
2 0 1
0 1 0
0 17 14
3 0 2
0 1 0
0 13 13
2 0 4
0 1 0
1 27 204
4 0 385
0 1 0
2 0 7
1 44 227
0 1 0
3 0 9
1 19 87
0 1 0
1 48 278
2 0 8
0 1 0
3 0 9
0 3 4
0 1 0
1 39 351
0 23 19
0 1 0
1 6 29
1 41 85
0 1 0
0 4 3
0 15 17
0 1 0
0 11 15
1 20 90
0 1 0
3 0 6
0 24 37
0 1 0
1 10 70
0 9 8
0 1 0
2 0 5
2 0 6
0 1 0
2 0 9
0 27 27
0 1 0
3 0 10
0 3 4
0 1 0
2 0 6
1 47 176
0 1 0
0 13 12
1 10 73
0 1 0
1 3 10
0 46 50
0 1 0
0 15 21
2 0 7
0 1 0
1 21 179
2 0 8
0 1 0
1 43 269
0 9 9
0 1 0
1 38 307
0 12 13
0 1 0
2 0 0
0 16 22
0 1 0
0 6 2
0 7 6
0 1 0
1 34 266
3 0 3
0 1 0
1 50 130
3 0 3
0 1 0
2 0 2
2 0 2
0 1 0
0 1 1
0 27 37
0 1 0
0 6 3
0 25 24
0 1 0
1 40 125
2 0 0
0 1 0
2 0 6
2 0 2
0 1 0
4 0 543
1 39 277
0 1 0
0 25 20
2 0 5
0 1 0
1 32 181
0 48 55
0 1 0
1 29 210
1 37 98
0 1 0
0 46 51
0 15 13
0 1 0
0 43 61
0 6 8
0 1 0
0 50 51
0 31 31
0 1 0
2 0 4
0 7 7
0 1 0
0 3 2
2 0 9
0 1 0
0 31 31
2 0 2
0 1 0
1 39 250
0 26 25
0 1 0
4 0 457
1 13 85
0 1 0
3 0 3
0 33 31
0 1 0
0 1 1
1 44 320
0 1 0
1 12 76
1 43 181
0 1 0
1 49 282
0 45 40
0 1 0
2 0 6
1 1 3
0 1 0
0 22 14
2 0 5
0 1 0
0 21 17
2 0 9
0 1 0
1 36 171
0 46 40
0 1 0
1 42 258
0 18 20
0 1 0
1 32 124
1 25 159
0 1 0
2 0 8
3 0 1
0 1 0
3 0 9
0 32 31
0 1 0
1 20 119
0 7 5
0 1 0
4 0 777
0 27 43
0 1 0
2 0 8
0 37 25
0 1 0
1 9 64
1 50 289
0 1 0
4 0 409
1 25 101
0 1 0
2 0 3
2 0 4
0 1 0
2 0 4
1 9 39
0 1 0
2 0 2
1 41 182
0 1 0
0 1 1
1 21 56
0 1 0
0 12 11
0 35 39
0 1 0
1 26 121
1 3 31
0 1 0
0 47 86
0 27 43
0 1 0
2 0 8
1 15 131
0 1 0
1 35 145
2 0 8
0 1 0
0 40 66
0 16 16
0 1 0
1 16 44
1 34 242
0 1 0
1 32 330
2 0 9
0 1 0
1 24 144
4 0 498
0 1 0
0 40 29
3 0 6
0 1 0
2 0 4
0 4 3
0 1 0
2 0 9
0 5 6
0 1 0
2 0 0
2 0 5
0 1 0
1 29 159
2 0 5
0 1 0
2 0 6
3 0 1
0 1 0
4 0 926
1 20 97
0 1 0
0 22 30
3 0 4
0 1 0
1 41 265
2 0 3
0 1 0
0 30 29
1 10 75
0 1 0
1 45 223
2 0 7
0 1 0
2 0 6
1 32 133
0 1 0
1 8 58
3 0 0
0 1 0
2 0 2
0 12 11
0 1 0
0 34 28
2 0 7
0 1 0
0 25 24
2 0 4
0 1 0
1 29 157
2 0 6
0 1 0
1 13 62
2 0 3
0 1 0
0 27 27
0 28 23
0 1 0
0 45 21
0 17 21
0 1 0
1 23 156
2 0 7
0 1 0
0 13 11
3 0 10
0 1 0
1 14 63
0 44 56
0 1 0
3 0 4
1 10 35
0 1 0
0 50 38
0 37 39
0 1 0
1 11 58
0 7 7
0 1 0
2 0 7
1 2 9
0 1 0
2 0 9
1 20 88
0 1 0
0 2 2
1 22 95
0 1 0
0 12 18
1 29 176
0 1 0
0 41 39
1 13 58
0 1 0
1 47 348
2 0 10
0 1 0
1 34 365
1 50 270
0 1 0
0 11 9
0 20 35
0 1 0
1 45 287
2 0 0
0 1 0
1 32 117
0 31 34
0 1 0
3 0 5
2 0 7
0 1 0
0 42 44
4 0 335
0 1 0
4 0 315
2 0 8
0 1 0
3 0 2
4 0 734
0 1 0
1 24 75
0 26 28
0 1 0
0 41 28
3 0 4
0 1 0
0 23 29
0 37 58
0 1 0
1 46 367
0 36 16
0 1 0
2 0 4
2 0 9
0 1 0
3 0 1
0 37 37
0 1 0
0 9 11
0 8 9
0 1 0
0 11 13
2 0 0
0 1 0
1 20 136
0 50 59
0 1 0
2 0 0
0 26 21
0 1 0
0 4 5
2 0 6
0 1 0
3 0 3
0 41 49
0 1 0
0 32 42
3 0 1
0 1 0
0 49 91
1 50 375
0 1 0
2 0 7
1 18 125
0 1 0
0 48 67
2 0 0
0 1 0
1 21 209
0 2 2
0 1 0
3 0 7
0 33 36
0 1 0
1 23 210
2 0 6
0 1 0
3 0 4
0 40 41
0 1 0
0 43 21
1 13 92
0 1 0
0 11 18
1 23 182
0 1 0
0 19 15
1 46 189
0 1 0
0 49 89
2 0 9
0 1 0
2 0 3
1 3 18
0 1 0
2 0 8
2 0 5
0 1 0
1 24 163
0 14 9
0 1 0
0 45 64
0 33 45
0 1 0
1 46 329
0 29 22
0 1 0
0 50 60
0 18 19
0 1 0
0 49 42
2 0 10
0 1 0
1 8 58
2 0 6
0 1 0
1 39 217
1 36 187
0 1 0
1 28 181
0 29 33
0 1 0
1 49 241
2 0 9
0 1 0
1 6 39
1 11 49
0 1 0
2 0 4
0 43 37
0 1 0
0 30 31
3 0 8
0 1 0
1 24 181
1 6 27
0 1 0
1 5 18
1 12 83
0 1 0
0 16 22
0 18 11
0 1 0
2 0 0
1 1 6
0 1 0
0 8 2
1 33 148
0 1 0
0 17 17
3 0 2
0 1 0
0 42 30
0 14 12
0 1 0
2 0 3
1 44 417
0 1 0
1 8 35
0 36 35
0 1 0
1 48 341
0 29 27
0 1 0
1 47 228
0 6 8
0 1 0
0 2 1
2 0 3
0 1 0
0 14 13
1 18 93
0 1 0
2 0 3
3 0 3
0 1 0
1 11 35
1 7 48
0 1 0
1 27 166
0 40 38
0 1 0
2 0 0
1 22 175
0 1 0
2 0 7
1 23 60
0 1 0
2 0 9
0 21 17
0 1 0
0 36 34
2 0 9
0 1 0
1 14 110
1 5 27
0 1 0
1 42 395
4 0 878
0 1 0
1 22 178
3 0 10
0 1 0
1 17 115
4 0 500
0 1 0
0 16 22
1 30 106
0 1 0
0 27 14
1 49 178
0 1 0
0 12 18
2 0 5
0 1 0
1 22 144
2 0 1
0 1 0
0 44 36
2 0 4
0 1 0
1 46 273
1 18 10
0 1 0
1 26 113
1 28 146
0 1 0
0 49 34
0 25 31
0 1 0
0 24 24
3 0 4
0 1 0
1 15 43
0 13 9
0 1 0
1 32 225
1 21 81
0 1 0
0 27 37
1 15 76
0 1 0
1 22 99
1 36 277
0 1 0
1 36 265
1 50 249
0 1 0
1 32 182
1 14 117
0 1 0
1 36 212
2 0 4
0 1 0
0 13 15
1 49 340
0 1 0
1 5 5
0 8 7
0 1 0
0 29 20
1 47 458
0 1 0
0 44 41
0 20 25
0 1 0
2 0 5
2 0 7
0 1 0
1 21 165
2 0 2
0 1 0
2 0 2
1 3 16
0 1 0
4 0 559
4 0 396
0 1 0
0 33 34
0 48 54
0 1 0
1 16 1
2 0 2
0 1 0
1 26 131
0 4 7
0 1 0
2 0 9
0 38 35
0 1 0
1 48 363
1 2 14
0 1 0
0 23 23
0 43 42
0 1 0
0 13 10
2 0 5
0 1 0
0 42 26
0 4 5
0 1 0
3 0 7
2 0 4
0 1 0
1 36 229
0 28 38
0 1 0
4 0 706
2 0 4
0 1 0
0 25 22
0 33 41
0 1 0
2 0 10
2 0 9
0 1 0
0 29 22
0 33 45
0 1 0
0 17 9
0 27 28
0 1 0
1 44 365
2 0 1
0 1 0
3 0 4
0 31 26
0 1 0
1 26 176
1 46 384
0 1 0
2 0 8
1 29 189
0 1 0
0 3 5
1 34 209
0 1 0
0 5 4
1 36 228
0 1 0
4 0 315
0 13 11
0 1 0
3 0 5
1 28 242
0 1 0
0 23 39
2 0 4
0 1 0
1 22 97
1 38 270
0 1 0
0 16 15
0 6 6
0 1 0
0 30 24
1 44 357
0 1 0
0 38 38
3 0 1
0 1 0
1 38 47
2 0 4
0 1 0
1 30 108
1 47 204
0 1 0
0 47 31
0 1 1
0 1 0
4 0 272
1 35 199
0 1 0
1 18 121
3 0 2
0 1 0
4 0 969
0 28 39
0 1 0
0 8 9
1 45 314
0 1 0
0 18 13
3 0 3
0 1 0
1 40 252
3 0 7
0 1 0
2 0 3
0 13 17
0 1 0
1 21 109
1 29 144
0 1 0
1 12 99
0 36 37
0 1 0
2 0 8
2 0 3
0 1 0
2 0 9
1 47 403
0 1 0
1 31 119
2 0 1
0 1 0
1 42 247
1 18 125
0 1 0
0 25 31
1 39 352
0 1 0
1 16 59
2 0 4
0 1 0
2 0 4
2 0 5
0 1 0
0 40 26
0 36 43
0 1 0
0 30 28
0 40 37
0 1 0
1 24 70
1 8 76
0 1 0
0 35 31
1 4 23
0 1 0
2 0 5
0 15 23
0 1 0
2 0 5
0 4 3
0 1 0
0 24 28
2 0 7
0 1 0
3 0 8
2 0 1
0 1 0
2 0 2
1 19 124
0 1 0
0 40 50
0 47 75
0 1 0
0 10 8
3 0 2
0 1 0
2 0 3
1 6 58
0 1 0
0 18 16
0 7 7
0 1 0
1 30 196
1 48 419
0 1 0
0 24 35
1 40 236
0 1 0
3 0 5
0 32 7
0 1 0
3 0 1
2 0 10
0 1 0
1 17 133
1 19 138
0 1 0
1 44 140
0 20 20
0 1 0
2 0 8
2 0 9
0 1 0
0 14 19
3 0 8
0 1 0
2 0 6
0 4 3
0 1 0
1 31 216
0 19 23
0 1 0
2 0 7
2 0 8
0 1 0
1 27 197
0 42 48
0 1 0
0 4 5
1 5 33
0 1 0
1 43 144
0 12 7
0 1 0
0 26 25
1 16 180
0 1 0
1 47 240
2 0 1
0 1 0
4 0 988
3 0 10
0 1 0
1 1 7
2 0 8
0 1 0
2 0 8
0 25 37
0 1 0
2 0 7
1 20 163
0 1 0
0 32 39
1 41 275
0 1 0
2 0 10
0 18 18
0 1 0
2 0 3
1 35 173
0 1 0
0 40 47
0 35 42
0 1 0
0 18 15
1 31 174
0 1 0
0 5 6
1 47 157
0 1 0
0 7 7
1 14 18
0 1 0
1 40 307
1 49 271
0 1 0
1 2 14
0 15 16
0 1 0
2 0 0
2 0 9
0 1 0
1 44 155
2 0 2
0 1 0
3 0 6
1 37 224
0 1 0
0 35 24
0 30 18
0 1 0
3 0 4
0 10 13
0 1 0
1 16 89
1 2 5
0 1 0
2 0 2
1 8 64
0 1 0
1 28 116
3 0 8
0 1 0
1 29 77
3 0 5
0 1 0
0 25 22
2 0 0
0 1 0
0 40 46
2 0 5
0 1 0
3 0 1
1 18 117
0 1 0
0 34 16
0 40 26
0 1 0
2 0 10
0 3 2
0 1 0
1 14 37
2 0 2
0 1 0
0 42 33
1 49 64
0 1 0
1 40 287
0 21 1
0 1 0
2 0 7
0 17 8
0 1 0
2 0 3
1 22 71
0 1 0
1 17 82
0 17 18
0 1 0
0 19 24
1 19 158
0 1 0
1 27 40
0 31 27
0 1 0
1 14 36
1 22 115
0 1 0
2 0 9
2 0 10
0 1 0
2 0 7
2 0 2
0 1 0
1 28 207
1 36 354
0 1 0
0 46 19
1 2 4
0 1 0
0 33 28
1 50 141
0 1 0
1 15 117
3 0 6
0 1 0
2 0 7
1 47 425
0 1 0
0 39 61
1 15 108
0 1 0
0 47 55
1 9 81
0 1 0
2 0 5
0 34 43
0 1 0
0 42 27
1 47 394
0 1 0
2 0 3
0 6 5
0 1 0
0 3 3
1 50 529
0 1 0
1 32 174
0 32 22
0 1 0
1 17 94
4 0 933
0 1 0
1 1 6
0 22 16
0 1 0
1 40 96
1 49 380
0 1 0
2 0 7
2 0 9
0 1 0
3 0 3
4 0 869
0 1 0
0 45 66
0 21 20
0 1 0
1 4 16
2 0 7
0 1 0
0 13 15
2 0 5
0 1 0
4 0 411
0 9 13
0 1 0
4 0 985
2 0 4
0 1 0
0 5 9
0 8 10
0 1 0
0 12 10
2 0 1
0 1 0
2 0 9
2 0 2
0 1 0
0 14 8
4 0 783
0 1 0
1 1 6
2 0 1
0 1 0
2 0 5
1 15 113
0 1 0
2 0 4
2 0 3
0 1 0
1 11 49
2 0 2
0 1 0
1 27 186
1 39 244
0 1 0
1 45 319
1 47 291
0 1 0
2 0 1
1 23 81
0 1 0
0 23 28
2 0 8
0 1 0
0 22 18
0 29 18
0 1 0
1 29 155
2 0 5
0 1 0
1 25 68
1 37 191
0 1 0
2 0 7
1 45 231
0 1 0
1 22 189
1 41 248
0 1 0
3 0 2
0 25 20
0 1 0
0 21 21
3 0 9
0 1 0
0 36 53
0 28 28
0 1 0
1 37 293
0 47 52
0 1 0
0 17 15
0 8 2
0 1 0
2 0 2
1 14 85
0 1 0
2 0 7
0 10 15
0 1 0
0 39 43
0 43 65
0 1 0
1 31 172
0 6 7
0 1 0
1 17 62
0 25 29
0 1 0
2 0 3
1 26 70
0 1 0
0 49 62
0 48 7
0 1 0
0 5 6
0 15 8
0 1 0
0 40 57
1 23 178
0 1 0
0 31 35
0 38 43
0 1 0
0 31 29
0 1 2
0 1 0
0 34 20
2 0 6
0 1 0
2 0 4
4 0 602
0 1 0
0 47 63
3 0 7
0 1 0
1 2 10
1 38 292
0 1 0
1 15 115
1 2 18
0 1 0
3 0 7
1 25 120
0 1 0
1 19 139
3 0 7
0 1 0
1 5 28
0 37 31
0 1 0
0 5 6
0 29 38
0 1 0
0 6 9
0 42 55
0 1 0
0 2 3
4 0 530
0 1 0
1 38 385
1 3 14
0 1 0
1 15 108
0 3 2
0 1 0
0 34 32
1 13 22
0 1 0
1 1 9
1 10 68
0 1 0
0 5 6
3 0 2
0 1 0
1 35 186
2 0 9
0 1 0
0 44 51
0 5 7
0 1 0
3 0 1
3 0 8
0 1 0
2 0 0
0 26 32
0 1 0
2 0 2
0 43 44
0 1 0
0 48 69
3 0 8
0 1 0
2 0 6
2 0 0
0 1 0
1 21 148
0 15 16
0 1 0
2 0 4
3 0 5
0 1 0
1 13 97
0 42 19
0 1 0
1 36 247
3 0 7
0 1 0
3 0 7
0 30 24
0 1 0
0 43 62
0 1 1
0 1 0
1 46 243
1 30 169
0 1 0
1 20 89
2 0 8
0 1 0
0 29 27
3 0 10
0 1 0
2 0 8
1 16 34
0 1 0
1 45 286
1 12 79
0 1 0
2 0 3
1 21 166
0 1 0
1 13 108
1 4 23
0 1 0
1 47 324
0 45 36
0 1 0
2 0 4
1 6 4
0 1 0
0 35 12
2 0 0
0 1 0
3 0 7
0 33 41
0 1 0
1 17 108
1 25 182
0 1 0
0 42 50
1 30 209
0 1 0
1 23 152
1 10 56
0 1 0
1 22 152
1 13 83
0 1 0
0 27 35
0 29 26
0 1 0
1 26 143
0 22 12
0 1 0
0 3 2
1 16 160
0 1 0
2 0 7
3 0 6
0 1 0
0 39 30
1 17 93
0 1 0
0 18 12
0 4 3
0 1 0
1 8 43
3 0 2
0 1 0
1 4 21
0 46 50
0 1 0
1 35 172
1 3 13
0 1 0
0 44 46
3 0 2
0 1 0
2 0 3
0 48 35
0 1 0
2 0 8
0 8 5
0 1 0
3 0 4
3 0 2
0 1 0
0 23 26
3 0 3
0 1 0
1 15 94
2 0 4
0 1 0
1 19 100
0 39 62
0 1 0
0 46 50
3 0 6
0 1 0
0 37 30
1 32 156
0 1 0
0 22 31
2 0 8
0 1 0
2 0 9
0 27 26
0 1 0
1 19 132
1 7 37
0 1 0
0 27 26
3 0 2
0 1 0
1 2 14
4 0 750
0 1 0
1 2 13
0 46 58
0 1 0
1 39 143
1 25 172
0 1 0
0 25 22
2 0 2
0 1 0
1 6 34
0 49 39
0 1 0
0 18 14
1 7 18
0 1 0
2 0 0
0 2 1
0 1 0
2 0 6
2 0 4
0 1 0
1 31 174
1 9 60
0 1 0
2 0 9
1 4 29
0 1 0
3 0 10
1 7 33
0 1 0
0 7 6
0 32 36
0 1 0
0 3 2
0 34 48
0 1 0
0 10 10
0 49 45
0 1 0
1 18 103
0 40 49
0 1 0
1 30 183
2 0 7
0 1 0
0 46 43
0 44 42
0 1 0
0 37 54
0 33 30
0 1 0
0 15 9
0 30 34
0 1 0
1 15 71
1 19 82
0 1 0
0 20 25
3 0 4
0 1 0
0 4 8
1 13 71
0 1 0
0 41 39
1 12 57
0 1 0
4 0 623
4 0 271
0 1 0
1 34 245
3 0 8
0 1 0
0 1 1
1 30 184
0 1 0
1 40 116
2 0 8
0 1 0
2 0 1
4 0 816
0 1 0
0 50 50
2 0 8
0 1 0
0 31 18
3 0 0
0 1 0
2 0 2
1 45 387
0 1 0
4 0 282
0 14 11
0 1 0
2 0 5
2 0 9
0 1 0
2 0 1
2 0 1
0 1 0
0 24 35
2 0 0
0 1 0
1 6 39
4 0 866
0 1 0
2 0 3
0 41 40
0 1 0
0 19 12
1 49 266
0 1 0
1 33 114
1 18 130
0 1 0
1 8 36
1 46 157
0 1 0
0 14 20
1 7 33
0 1 0
0 19 20
1 31 98
0 1 0
1 36 182
1 22 140
0 1 0
1 7 36
0 24 33
0 1 0
3 0 7
1 1 6
0 1 0
1 33 140
2 0 1
0 1 0
2 0 1
0 44 68
0 1 0
2 0 9
1 23 179
0 1 0
0 25 31
0 44 53
0 1 0
0 25 29
1 8 47
0 1 0
1 25 115
0 29 27
0 1 0
4 0 667
0 3 4
0 1 0
1 4 17
1 13 81
0 1 0
2 0 6
3 0 2
0 1 0
0 12 17
1 20 139
0 1 0
1 23 126
0 14 16
0 1 0
1 11 62
2 0 9
0 1 0
0 11 11
0 47 54
0 1 0
1 43 131
3 0 10
0 1 0
3 0 5
1 20 111
0 1 0
4 0 539
0 33 29
0 1 0
2 0 0
4 0 964
0 1 0
0 42 61
0 14 6
0 1 0
1 50 303
3 0 5
0 1 0
1 24 134
0 11 8
0 1 0
0 2 2
1 48 182
0 1 0
1 11 53
1 40 194
0 1 0
2 0 7
1 4 20
0 1 0
1 2 9
3 0 9
0 1 0
0 4 6
4 0 960
0 1 0
1 42 231
0 8 5
0 1 0
1 34 217
2 0 7
0 1 0
0 21 15
3 0 9
0 1 0
0 10 7
0 2 2
0 1 0
0 25 31
1 27 190
0 1 0
3 0 7
0 26 21
0 1 0
0 22 23
3 0 0
0 1 0
2 0 1
2 0 0
0 1 0
0 26 26
2 0 10
0 1 0
1 7 44
0 48 38
0 1 0
0 35 25
0 34 39
0 1 0
1 45 296
1 39 396
0 1 0
0 13 10
1 19 147
0 1 0
0 5 7
1 50 269
0 1 0
2 0 7
3 0 6
0 1 0
1 2 13
0 43 41
0 1 0
0 26 20
2 0 0
0 1 0
0 23 16
0 3 3
0 1 0
1 2 20
3 0 3
0 1 0
0 25 29
1 7 25
0 1 0
1 28 190
1 2 8
0 1 0
1 7 45
2 0 1
0 1 0
1 43 299
0 10 10
0 1 0
0 13 7
2 0 7
0 1 0
1 49 212
3 0 9
0 1 0
3 0 2
1 39 232
0 1 0
2 0 6
0 18 18
0 1 0
1 8 41
0 3 2
0 1 0
3 0 6
0 46 55
0 1 0
2 0 4
0 10 8
0 1 0
0 23 21
0 31 32
0 1 0
1 7 35
0 42 36
0 1 0
1 1 6
2 0 9
0 1 0
2 0 9
1 17 72
0 1 0
1 41 214
0 3 1
0 1 0
1 32 183
1 22 177
0 1 0
1 28 221
1 43 126
0 1 0
0 5 5
1 5 26
0 1 0
0 16 17
0 19 17
0 1 0
2 0 10
3 0 2
0 1 0
1 40 285
1 39 239
0 1 0
3 0 10
1 1 3
0 1 0
1 40 98
1 7 71
0 1 0
2 0 2
2 0 0
0 1 0
1 46 223
0 19 20
0 1 0
2 0 9
1 35 185
0 1 0
2 0 2
1 15 93
0 1 0
3 0 6
3 0 3
0 1 0
4 0 280
0 29 44
0 1 0
0 44 54
2 0 2
0 1 0
1 44 129
0 31 38
0 1 0
0 14 11
1 38 202
0 1 0
2 0 7
0 17 25
0 1 0
1 4 23
0 19 19
0 1 0
0 44 53
2 0 5
0 1 0
2 0 1
0 34 30
0 1 0
0 32 23
1 40 77
0 1 0
0 9 8
1 45 302
0 1 0
0 5 8
2 0 9
0 1 0
0 33 26
2 0 4
0 1 0
1 22 138
0 37 42
0 1 0
2 0 9
3 0 7
0 1 0
1 13 72
2 0 8
0 1 0
0 12 12
1 1 6
0 1 0
3 0 0
0 47 70
0 1 0
2 0 5
0 3 3
0 1 0
2 0 1
1 33 153
0 1 0
0 4 5
0 14 13
0 1 0
0 14 10
4 0 832
0 1 0
3 0 3
0 24 21
0 1 0
0 21 35
0 1 1
0 1 0
0 32 28
1 21 122
0 1 0
2 0 6
1 19 154
0 1 0
3 0 10
1 3 23
0 1 0
3 0 7
1 37 363
0 1 0
2 0 10
2 0 9
0 1 0
2 0 0
2 0 8
0 1 0
0 23 16
3 0 7
0 1 0
1 25 87
2 0 10
0 1 0
1 5 30
0 9 4
0 1 0
1 7 27
1 16 37
0 1 0
1 6 51
1 27 175
0 1 0
0 42 42
0 14 3
0 1 0
0 48 26
0 7 8
0 1 0
2 0 9
2 0 10
0 1 0
0 16 23
2 0 1
0 1 0
0 16 20
0 6 5
0 1 0
4 0 469
0 20 34
0 1 0
1 46 242
1 47 292
0 1 0
1 35 142
0 12 12
0 1 0
1 2 11
2 0 0
0 1 0
1 29 143
2 0 8
0 1 0
1 11 68
2 0 8
0 1 0
0 9 9
0 24 26
0 1 0
0 24 13
1 31 295
0 1 0
1 37 303
3 0 0
0 1 0
1 32 169
1 45 224
0 1 0
2 0 9
1 25 89
0 1 0
0 9 7
1 44 152
0 1 0
2 0 1
1 38 347
0 1 0
0 24 16
0 40 39
0 1 0
0 46 56
2 0 10
0 1 0
1 42 315
0 25 33
0 1 0
0 27 29
0 37 25
0 1 0
1 27 239
2 0 10
0 1 0
1 23 114
4 0 537
0 1 0
0 15 10
1 33 217
0 1 0
1 12 77
0 34 48
0 1 0
3 0 9
2 0 5
0 1 0
1 25 187
0 1 2
0 1 0
0 48 40
2 0 6
0 1 0
1 6 40
0 29 35
0 1 0
1 45 319
1 21 148
0 1 0
2 0 7
2 0 1
0 1 0
0 23 24
3 0 9
0 1 0
0 48 49
1 18 142
0 1 0
1 50 238
3 0 4
0 1 0
0 49 52
3 0 5
0 1 0
1 22 116
1 46 223
0 1 0
1 5 40
2 0 0
0 1 0
3 0 0
4 0 566
0 1 0
2 0 5
2 0 4
0 1 0
0 19 9
1 15 91
0 1 0
1 2 16
2 0 4
0 1 0
3 0 3
0 32 33
0 1 0
0 30 43
0 33 21
0 1 0
2 0 3
1 11 62
0 1 0
0 30 44
1 20 90
0 1 0
2 0 4
4 0 711
0 1 0
2 0 5
2 0 6
0 1 0
0 1 1
0 42 56
0 1 0
0 4 5
1 20 139
0 1 0
1 34 241
2 0 5
0 1 0
2 0 6
1 3 13
0 1 0
0 41 25
0 9 7
0 1 0
1 12 101
2 0 0
0 1 0
4 0 492
1 35 305
0 1 0
1 37 226
0 7 7
0 1 0
1 35 235
2 0 5
0 1 0
2 0 2
3 0 10
0 1 0
0 21 21
1 41 401
0 1 0
0 45 33
2 0 8
0 1 0
3 0 4
2 0 7
0 1 0
1 50 109
3 0 4
0 1 0
0 37 47
1 43 1
0 1 0
1 38 133
0 21 27
0 1 0
0 8 5
2 0 2
0 1 0
3 0 6
0 8 13
0 1 0
1 33 175
1 35 283
0 1 0
0 18 15
2 0 2
0 1 0
1 39 152
4 0 661
0 1 0
1 37 138
1 25 132
0 1 0
1 32 199
1 4 22
0 1 0
3 0 5
3 0 0
0 1 0
0 14 22
4 0 969
0 1 0
0 10 12
0 9 13
0 1 0
1 9 66
0 49 20
0 1 0
3 0 8
0 2 1
0 1 0
0 13 4
3 0 9
0 1 0
1 33 157
4 0 351
0 1 0
0 4 2
0 20 19
0 1 0
1 1 11
0 10 2
0 1 0
0 44 53
2 0 5
0 1 0
2 0 5
1 17 80
0 1 0
1 26 98
1 34 223
0 1 0
0 10 12
0 23 22
0 1 0
1 30 207
0 10 6
0 1 0
3 0 8
1 26 199
0 1 0
1 25 137
0 22 35
0 1 0
1 2 8
1 19 101
0 1 0
1 16 85
0 31 41
0 1 0
4 0 569
1 31 193
0 1 0
0 5 3
1 11 92
0 1 0
3 0 4
2 0 9
0 1 0
2 0 3
0 26 34
0 1 0
0 16 18
1 15 27
0 1 0
0 10 11
0 48 46
0 1 0
1 9 49
0 42 51
0 1 0
3 0 7
0 15 15
0 1 0
1 6 31
0 4 6
0 1 0
2 0 5
0 28 26
0 1 0
0 30 38
0 49 46
0 1 0
1 44 175
0 24 11
0 1 0
4 0 965
1 39 211
0 1 0
1 49 271
0 29 41
0 1 0
0 47 51
1 6 27
0 1 0
1 25 151
0 34 25
0 1 0
0 35 14
0 49 40
0 1 0
2 0 8
1 49 379
0 1 0
1 45 243
2 0 0
0 1 0
0 19 17
0 37 35
0 1 0
2 0 2
2 0 3
0 1 0
2 0 1
1 45 163
0 1 0
0 24 33
1 21 170
0 1 0
4 0 212
1 47 143
0 1 0
0 12 18
2 0 0
0 1 0
0 4 4
1 43 313
0 1 0
1 15 97
1 9 34
0 1 0
1 28 172
0 49 70
0 1 0
0 13 16
2 0 2
0 1 0
1 27 69
0 46 69
0 1 0
1 44 316
2 0 7
0 1 0
0 37 58
0 37 51
0 1 0
2 0 9
2 0 0
0 1 0
0 30 27
1 36 233
0 1 0
2 0 6
0 8 9
0 1 0
0 20 28
1 28 306
0 1 0
0 28 33
2 0 7
0 1 0
0 31 42
0 12 16
0 1 0
1 28 98
1 5 7
0 1 0
1 12 78
3 0 10
0 1 0
4 0 473
0 39 45
0 1 0
1 34 222
0 48 56
0 1 0
1 29 212
3 0 3
0 1 0
2 0 8
1 14 115
0 1 0
0 30 44
1 32 255
0 1 0
0 47 48
3 0 6
0 1 0
1 4 23
3 0 5
0 1 0
0 25 17
0 25 17
0 1 0
1 28 158
2 0 6
0 1 0
1 49 180
1 22 130
0 1 0
2 0 3
2 0 0
0 1 0
2 0 1
1 45 162
0 1 0
1 37 261
0 49 43
0 1 0
0 47 53
2 0 6
0 1 0
0 14 10
0 16 17
0 1 0
0 37 44
2 0 4
0 1 0
0 26 22
0 20 8
0 1 0
1 22 106
0 36 30
0 1 0
4 0 981
3 0 2
0 1 0
2 0 3
0 19 15
0 1 0
0 25 39
1 30 209
0 1 0
1 15 94
2 0 1
0 1 0
1 11 57
1 36 210
0 1 0
2 0 8
1 50 201
0 1 0
1 32 214
0 20 20
0 1 0
1 14 58
3 0 0
0 1 0
1 12 85
0 43 38
0 1 0
1 30 140
1 46 255
0 1 0
1 37 152
1 40 269
0 1 0
2 0 5
0 2 2
0 1 0
2 0 2
0 10 10
0 1 0
3 0 5
0 21 25
0 1 0
0 26 14
2 0 9
0 1 0
2 0 1
4 0 632
0 1 0
1 35 284
4 0 831
0 1 0
1 48 390
0 47 52
0 1 0
1 4 29
1 24 133
0 1 0
1 33 207
1 12 74
0 1 0
2 0 1
4 0 206
0 1 0
3 0 7
4 0 265
0 1 0
0 1 2
0 46 27
0 1 0
1 15 114
2 0 2
0 1 0
2 0 3
0 5 6
0 1 0
0 1 1
0 34 23
0 1 0
0 43 64
2 0 1
0 1 0
0 2 2
1 26 187
0 1 0
0 11 9
0 28 48
0 1 0
3 0 7
1 44 200
0 1 0
0 38 25
0 29 28
0 1 0
1 7 55
0 22 20
0 1 0
1 19 151
0 27 41
0 1 0
2 0 3
0 23 23
0 1 0
1 35 145
0 32 29
0 1 0
0 19 20
0 35 31
0 1 0
0 47 43
3 0 2
0 1 0
3 0 2
0 45 40
0 1 0
1 47 317
0 33 20
0 1 0
1 46 241
0 13 11
0 1 0
0 45 48
0 44 39
0 1 0
2 0 9
2 0 7
0 1 0
1 7 38
0 46 48
0 1 0
4 0 695
2 0 1
0 1 0
2 0 5
0 12 13
0 1 0
0 6 7
4 0 341
0 1 0
1 6 35
1 34 240
0 1 0
0 38 26
0 37 17
0 1 0
1 45 303
2 0 4
0 1 0
0 43 59
2 0 4
0 1 0
1 16 73
0 42 56
0 1 0
3 0 1
0 39 32
0 1 0
0 33 42
2 0 0
0 1 0
0 24 26
2 0 9
0 1 0
3 0 5
3 0 5
0 1 0
2 0 1
1 49 323
0 1 0
1 43 297
0 31 24
0 1 0
1 12 25
0 23 22
0 1 0
2 0 4
3 0 4
0 1 0
2 0 1
4 0 510
0 1 0
3 0 7
2 0 10
0 1 0
1 7 39
0 6 10
0 1 0
2 0 10
0 41 75
0 1 0
1 28 275
2 0 5
0 1 0
1 18 108
3 0 4
0 1 0
0 41 29
0 21 34
0 1 0
0 6 6
0 26 8
0 1 0
1 44 218
0 48 44
0 1 0
2 0 6
0 30 25
0 1 0
1 3 20
1 11 81
0 1 0
1 14 83
0 19 14
0 1 0
0 12 21
2 0 1
0 1 0
2 0 10
1 4 13
0 1 0
0 26 33
0 30 25
0 1 0
1 33 260
0 6 10
0 1 0
1 28 291
0 7 5
0 1 0
1 31 140
1 30 286
0 1 0
2 0 10
2 0 3
0 1 0
3 0 2
1 15 61
0 1 0
0 14 9
1 19 78
0 1 0
2 0 4
3 0 2
0 1 0
1 43 358
1 10 98
0 1 0
2 0 10
0 27 36
0 1 0
0 11 9
1 1 1
0 1 0
2 0 3
0 15 15
0 1 0
2 0 4
1 44 88
0 1 0
0 40 67
0 26 34
0 1 0
2 0 6
1 17 79
0 1 0
0 29 13
1 38 256
0 1 0
0 31 25
1 42 208
0 1 0
0 32 28
1 49 351
0 1 0
0 44 41
0 38 57
0 1 0
0 45 48
1 21 135
0 1 0
2 0 0
3 0 5
0 1 0
1 3 22
0 15 10
0 1 0
3 0 0
3 0 2
0 1 0
3 0 0
1 32 232
0 1 0
0 4 6
0 42 52
0 1 0
0 18 13
0 27 33
0 1 0
1 22 135
4 0 808
0 1 0
0 6 7
1 29 137
0 1 0
0 38 5
3 0 5
0 1 0
1 44 308
1 3 22
0 1 0
1 30 211
1 44 177
0 1 0
1 15 96
1 38 229
0 1 0
0 36 49
3 0 5
0 1 0
1 30 114
1 7 31
0 1 0
1 13 57
0 6 8
0 1 0
0 14 13
0 28 21
0 1 0
0 2 3
0 25 26
0 1 0
3 0 5
3 0 9
0 1 0
1 22 159
1 12 71
0 1 0
1 26 187
0 2 2
0 1 0
0 39 40
1 7 39
0 1 0
3 0 3
3 0 2
0 1 0
0 10 8
4 0 209
0 1 0
1 44 234
1 36 206
0 1 0
1 28 211
1 4 25
0 1 0
2 0 5
2 0 6
0 1 0
1 39 247
1 49 330
0 1 0
1 16 74
2 0 8
0 1 0
1 46 325
1 35 230
0 1 0
1 39 308
1 4 26
0 1 0
0 37 37
2 0 6
0 1 0
1 9 18
0 48 33
0 1 0
1 26 198
1 23 40
0 1 0
2 0 7
1 1 8
0 1 0
4 0 969
4 0 883
0 1 0
1 6 40
1 35 280
0 1 0
0 4 3
4 0 224
0 1 0
2 0 7
1 19 160
0 1 0
0 25 23
1 5 34
0 1 0
0 3 5
0 5 6
0 1 0
1 3 12
0 15 20
0 1 0
1 34 301
1 49 313
0 1 0
0 15 23
1 44 287
0 1 0
1 6 31
1 41 285
0 1 0
4 0 524
1 2 17
0 1 0
1 5 25
2 0 2
0 1 0
0 1 1
0 5 6
0 1 0
1 22 142
4 0 489
0 1 0
1 5 24
0 15 12
0 1 0
1 50 214
4 0 880
0 1 0
1 37 142
1 30 143
0 1 0
1 5 29
0 44 36
0 1 0
1 25 177
1 33 90
0 1 0
0 3 4
1 40 295
0 1 0
1 44 277
4 0 497
0 1 0
2 0 6
0 5 3
0 1 0
3 0 1
1 13 89
0 1 0
0 16 12
1 35 350
0 1 0
3 0 5
0 33 14
0 1 0
1 16 80
0 40 53
0 1 0
4 0 262
2 0 3
0 1 0
1 49 311
2 0 7
0 1 0
2 0 1
1 5 37
0 1 0
0 45 36
0 44 49
0 1 0
1 28 59
0 8 6
0 1 0
1 11 76
3 0 6
0 1 0
1 37 167
0 9 14
0 1 0
0 50 51
0 11 9
0 1 0
0 42 29
1 23 83
0 1 0
2 0 0
0 17 15
0 1 0
1 38 125
0 5 1
0 1 0
1 25 67
1 28 189
