3 2 3 1000
178 244
9 14
17 13
6 7
16 11
18 13
47 94
12 22
27 46
168 250
143 128
175 100
96 65
22 23
217 237
10 11
10 19
5 2
154 94
19 28
8 14
25 21
4 3
43 32
11 19
59 31
29 32
15 9
13 10
72 41
38 26
155 238
240 315
9 11
243 129
29 41
49 53
93 70
25 36
6 7
112 113
87 42
7 4
58 37
210 273
17 16
166 269
9 13
36 95
86 67
8 12
46 84
17 30
7 5
154 129
131 186
11 9
63 78
19 31
11 13
7 4
9 13
61 98
57 50
62 44
7 8
80 70
13 17
4 7
9 8
159 261
10 11
11 7
65 85
4 4
26 33
5 6
45 43
131 134
189 213
55 61
20 25
9 9
28 17
6 7
221 211
66 42
46 53
8 11
5 5
5 4
125 101
70 92
30 27
61 86
13 16
93 121
7 6
18 17
51 68
30 35
11 21
72 142
8 5
10 7
224 216
54 52
31 29
8 13
63 83
12 11
27 47
7 7
10 14
33 27
23 13
16 24
9 13
5 4
16 12
5 4
27 35
18 10
21 28
10 11
243 233
12 12
9 16
181 156
143 108
24 18
44 24
9 11
16 23
7 9
48 60
7 8
44 24
55 50
7 5
16 13
11 15
82 76
70 98
4 3
11 11
8 5
58 78
233 175
8 7
202 265
10 10
71 80
238 172
10 9
46 70
163 248
4 2
6 5
6 6
125 161
24 31
14 21
11 11
11 7
28 48
66 74
64 62
134 157
6 8
4 5
41 56
13 7
153 161
6 4
12 18
185 165
57 47
5 6
140 125
7 9
6 4
43 38
228 247
5 7
15 8
113 62
6 5
113 135
24 23
43 62
26 22
6 3
4 3
9 8
8 6
14 24
117 145
35 54
11 12
178 158
19 14
46 36
164 132
14 15
9 9
19 15
140 110
66 63
18 19
39 40
5 6
60 108
30 34
110 124
24 20
7 6
4 3
43 105
82 107
49 31
45 54
160 113
19 27
7 7
188 179
20 26
74 65
26 40
37 34
9 7
228 214
203 140
135 118
9 5
22 21
215 207
86 64
5 4
129 106
15 18
24 43
50 27
5 3
232 162
10 9
5 7
6 5
66 57
27 19
140 111
64 81
39 33
121 163
19 24
30 54
40 26
24 20
211 116
97 51
12 19
244 126
74 47
50 72
9 11
17 36
5 5
55 68
12 9
52 46
7 9
5 5
22 22
52 54
77 59
29 31
125 146
152 227
63 56
8 9
37 66
184 186
9 4
32 28
154 192
87 66
16 15
98 95
30 36
236 288
84 49
58 36
59 85
32 42
75 203
171 142
13 14
85 54
62 55
63 41
45 23
138 123
6 7
6 6
11 10
8 7
10 15
12 11
69 37
94 144
25 49
125 141
209 134
225 142
161 96
4 5
11 13
26 26
10 13
5 6
71 187
47 50
228 316
91 164
121 148
106 65
35 21
32 21
232 165
24 22
233 224
20 15
58 58
5 7
42 36
15 22
5 7
4 3
7 7
28 27
230 364
6 3
15 11
14 15
11 17
54 61
124 120
6 5
18 22
4 7
35 38
20 14
12 13
85 83
11 14
33 45
31 22
119 142
251 143
192 189
42 25
106 111
81 78
122 116
101 81
7 5
4 4
31 28
219 187
13 15
185 193
5 5
33 43
249 218
69 86
109 114
46 37
7 11
5 6
16 18
17 23
117 145
109 87
9 12
5 5
5 8
19 20
219 115
6 8
49 57
10 11
44 42
87 64
11 20
7 7
28 34
10 9
11 10
8 10
14 13
77 64
14 18
9 8
40 22
13 12
12 13
8 8
19 36
10 15
67 59
24 27
178 303
23 22
32 36
126 110
108 218
95 102
14 17
59 37
9 11
27 23
11 15
13 14
72 83
47 40
122 109
13 23
212 201
8 7
137 82
7 9
250 184
14 24
63 58
35 65
20 17
13 7
4 3
11 7
47 100
98 135
18 21
9 12
72 61
14 25
8 5
9 7
13 17
53 50
39 34
20 14
97 109
5 9
13 11
143 70
54 49
25 27
26 29
194 169
27 22
31 30
100 158
25 28
81 83
55 62
6 4
7 4
13 16
179 209
5 6
47 70
7 9
4 3
10 9
130 88
35 25
10 20
17 36
11 17
22 25
214 186
66 61
63 54
6 6
78 56
6 5
21 33
146 188
49 51
242 238
10 14
242 257
15 24
68 64
10 8
4 4
88 62
103 67
28 23
5 8
25 19
35 21
16 16
102 116
34 48
35 24
34 19
7 6
6 7
244 228
12 10
100 103
217 309
233 151
25 17
6 4
7 5
26 33
75 66
9 9
210 192
11 12
7 6
94 57
199 145
21 21
12 10
50 42
20 20
8 7
50 95
95 51
4 5
200 251
4 6
41 33
47 47
11 17
26 28
17 12
62 37
201 226
16 24
164 193
4 4
8 8
71 52
9 7
8 12
214 294
5 6
5 5
7 6
57 55
84 54
31 22
38 43
17 8
83 78
9 9
79 61
73 131
7 3
11 15
6 6
165 327
4 6
7 8
11 10
137 197
139 107
76 98
138 169
30 18
30 36
129 134
17 14
18 19
45 37
113 244
56 37
11 14
28 50
79 69
190 307
42 32
155 144
4 4
5 7
28 21
77 53
28 24
33 45
91 170
23 27
5 6
46 31
30 27
91 170
23 22
20 19
225 158
8 16
15 10
27 27
7 6
106 143
11 17
158 143
187 268
239 156
57 94
5 5
12 11
11 12
247 318
81 48
21 10
5 6
101 104
12 7
8 13
76 60
4 8
149 209
94 74
231 209
170 204
4 5
51 73
5 5
112 71
4 4
142 215
127 105
27 27
100 64
67 55
9 11
20 12
8 8
72 55
93 87
19 17
163 179
17 26
15 18
38 32
19 33
94 65
7 10
28 44
132 160
223 278
41 47
5 15
27 18
5 5
29 47
6 3
82 90
36 22
171 194
14 12
17 16
6 6
8 7
8 4
181 125
104 122
21 39
7 5
31 17
68 92
238 227
16 12
6 8
18 22
6 11
185 236
180 283
125 82
40 49
247 176
5 3
144 174
16 9
25 11
18 16
66 56
35 17
5 6
6 5
31 32
24 26
97 63
38 25
55 71
28 23
216 243
244 269
27 32
222 334
7 8
17 10
116 132
28 18
182 233
121 83
166 206
69 93
64 49
58 41
87 172
23 35
44 30
61 35
14 13
9 9
20 45
6 6
15 17
19 23
5 10
30 15
62 70
88 131
61 72
87 61
192 242
95 122
8 7
9 7
30 23
76 72
24 17
251 350
52 66
29 26
134 139
5 2
20 29
19 17
72 46
165 184
8 10
98 78
74 90
32 20
194 267
163 175
197 307
29 25
28 33
96 74
100 186
12 22
100 202
133 90
229 271
9 6
13 12
93 72
14 12
36 40
51 36
13 17
62 50
18 26
6 10
65 81
109 98
41 35
5 6
6 3
9 9
51 53
10 14
62 82
21 13
28 43
202 151
25 34
7 6
104 69
124 127
214 233
5 6
14 26
9 10
136 187
89 101
28 25
130 173
146 157
6 9
10 15
86 57
250 171
60 131
35 24
59 57
17 13
124 165
37 33
59 52
16 19
51 69
32 24
25 31
4 3
37 33
5 7
10 5
37 33
225 282
8 10
206 417
106 116
90 123
29 16
181 168
9 10
5 7
8 9
133 174
48 45
7 6
41 22
56 45
48 60
17 21
52 48
8 5
79 63
101 76
215 170
11 13
15 17
29 26
12 15
6 5
53 39
65 84
9 10
52 34
20 28
23 13
30 43
109 107
37 33
213 202
82 54
52 33
4 3
15 22
58 42
208 204
13 18
26 39
225 220
28 26
7 7
51 75
236 198
121 211
15 20
27 44
139 82
19 31
246 233
206 128
16 14
9 11
18 24
82 129
47 78
52 40
29 39
64 55
141 211
214 145
15 16
14 21
12 12
25 22
62 70
65 55
103 100
82 88
68 151
85 52
13 26
10 14
252 156
29 22
246 186
10 7
64 49
42 54
68 110
10 6
12 10
4 6
7 6
209 146
8 12
148 155
21 14
8 8
9 3
15 15
26 22
8 7
25 48
7 6
143 93
46 34
20 11
17 25
5 4
59 52
6 7
4 3
11 7
23 20
104 83
29 25
5 10
57 77
15 17
94 64
30 36
39 23
6 8
12 7
164 111
13 14
16 22
181 213
35 42
18 8
11 7
15 13
15 20
8 6
16 17
47 47
10 11
173 358
136 98
232 246
160 178
13 19
74 75
36 55
33 19
69 81
12 16
4 5
141 152
45 46
59 82
27 15
171 183
7 5
10 27
89 75
16 10
32 36
18 22
109 61
6 11
88 77
20 15
5 4
76 86
5 7
47 145
21 30
24 17
12 12
26 25
7 9
6 7
5 7
23 18
112 100
105 78
7 5
241 174
57 52
9 8
36 41
6 6
31 14
17 21
70 113
153 168
23 14
99 88
20 19
253 233
116 159
7 8
59 91
162 142
47 27
103 66
6 5
6 5
28 31
26 30
190 326
4 3
15 13
158 76
33 41
27 32
50 31
17 19
154 169
4 3
76 89
107 97
6 15
45 48
12 17
70 82
115 59
9 7
89 154
143 273
89 120
87 107
201 135
63 109
62 55
14 9
30 30
5 5
44 42
45 37
18 11
28 21
15 18
8 5
23 23
44 35
28 17
44 41
13 11
40 28
8 4
58 55
25 25
61 77
244 481
9 7
6 4
178 260
103 96
63 62
74 149
159 358
132 196
21 17
8 7
246 273
19 27
6 4
32 35
49 22
4 4
97 90
5 12
8 13
7 13
21 25
23 24
83 71
72 107
133 131
7 11
70 88
8 10
141 79
7 5
13 7
221 302
6 3
8 10
5 6
32 39
110 111
8 10
251 608
5 5
226 188
222 191
77 67
111 106
73 68
74 93
25 16
6 4
12 10
9 6
65 63
12 14
10 5
77 99
44 58
57 69
63 70
8 9
208 247
7 5
91 61
8 10
90 60
36 40
26 18
44 61
17 18
99 62
16 15
14 16
83 113
12 12
5 7
99 58
8 6
39 24
105 149
12 7
52 47
11 12
59 77
166 135
5 4
68 89
5 3
24 21
42 49
6 4
61 49
93 99
174 294
103 111
160 126
9 4
196 252
47 40
9 7
50 35
19 21
33 34
68 70
61 99
128 135
41 20
9 10
201 282
156 124
113 64
14 14
137 120
13 10
18 25
240 334
104 146
7 5
21 16
15 10
15 30
10 6
18 20
25 36
15 17
18 36
72 189
116 112
30 24
54 103
12 8
55 56
117 78
20 21
24 35
14 10
44 44
15 15
126 134
188 380
85 127
55 85
8 8
88 121
19 23
96 60
14 15
10 9
5 6
28 52
7 11
92 65
14 11
8 8
24 46
7 6
48 54
180 83
7 6
27 22
33 44
14 6
6 6
55 53
9 7
118 76
5 4
6 8
13 6
70 54
14 9
32 31
25 20
13 17
11 16
9 10
5 5
124 144
76 72
56 31
27 32
108 136
32 35
224 342
153 162
169 125
9 5
8 6
12 8
33 51
55 41
9 7
11 11
77 74
31 32
84 108
13 15
8 10
56 85
144 106
14 19
18 21
240 425
11 11
4 3
209 198
22 24
13 8
184 148
37 55
5 6
100 81
101 221
165 178
6 5
169 211
69 41
157 194
64 63
116 88
192 103
59 58
13 23
70 92
154 163
40 25
17 16
4 2
4 3
21 14
21 21
40 45
86 122
12 11
157 192
32 25
206 136
5 4
8 9
105 116
152 130
57 71
6 7
12 7
131 147
4 3
4 4
8 7
11 12
8 9
14 13
26 45
11 15
7 10
9 12
8 10
6 10
105 135
205 121
9 5
7 3
9 7
119 304
7 8
84 54
12 11
12 12
115 197
20 35
171 213
74 57
25 52
112 114
15 20
6 4
238 229
13 12
221 336
11 10
29 57
17 22
6 6
7 4
145 184
59 31
78 39
32 41
207 200
27 33
94 105
10 17
34 43
32 36
61 68
52 55
9 10
66 54
156 188
5 5
28 46
17 21
44 38
7 16
23 20
92 94
42 74
165 238
12 9
16 15
9 7
9 5
5 9
8 12
11 9
24 25
15 8
4 3
16 22
22 13
110 62
66 42
5 4
112 98
8 6
8 9
5 10
72 109
13 12
4 6
103 94
11 10
118 68
29 10
184 132
203 171
99 121
101 136
35 31
94 93
46 32
138 209
5 7
47 21
22 18
7 6
15 17
170 192
5 5
191 183
8 8
81 35
132 69
16 12
148 123
99 101
94 58
26 34
7 5
65 86
14 15
7 4
13 17
53 55
47 30
25 32
4 9
16 21
74 45
98 109
29 24
132 108
4 4
256 274
11 16
17 14
16 15
44 35
28 50
15 23
210 146
54 78
100 77
38 52
5 5
113 110
61 54
217 277
8 11
15 15
168 104
220 231
48 44
6 5
17 18
34 36
31 19
5 3
227 123
12 26
214 260
44 37
34 27
30 56
12 11
5 6
34 56
33 48
6 7
4 5
10 6
88 101
4 3
48 82
39 63
13 10
44 38
17 15
158 130
15 13
81 53
11 9
29 25
6 7
28 37
79 191
133 99
40 63
27 27
98 150
52 103
153 137
11 11
64 46
4 6
151 97
30 39
28 25
23 18
167 218
7 6
5 5
71 45
8 8
147 161
6 10
8 7
6 4
59 67
22 19
81 84
80 55
26 57
89 56
4 4
15 10
5 5
98 183
56 39
72 59
97 57
70 111
50 32
21 20
112 72
4 4
89 108
33 49
50 38
182 139
12 10
8 14
17 20
45 37
14 21
187 87
23 25
4 4
40 24
198 326
109 70
106 205
6 8
96 149
119 209
73 73
9 7
66 52
220 104
79 50
15 23
76 65
32 43
26 30
81 59
15 8
15 13
224 240
11 12
103 123
26 39
34 40
79 54
187 368
5 4
14 5
39 45
49 49
37 44
110 128
181 97
230 203
10 9
6 9
63 94
146 126
7 5
198 146
10 8
193 161
44 55
27 32
98 64
39 23
209 223
44 43
11 6
225 224
21 22
9 6
5 3
12 11
12 9
150 87
38 40
202 180
67 63
22 32
4 4
9 8
8 5
87 77
71 71
12 16
23 32
38 55
5 2
18 26
7 11
30 22
5 6
125 176
170 210
175 137
90 117
11 9
50 36
251 157
5 3
37 17
4 4
32 40
57 123
14 10
56 49
13 10
22 22
6 7
82 69
27 20
8 6
39 34
22 20
27 43
13 11
5 6
63 49
41 47
5 5
6 5
22 32
17 17
107 91
46 48
6 4
58 56
222 178
9 8
36 33
8 12
37 31
5 3
7 7
224 356
35 32
8 7
86 101
99 117
46 70
5 3
5 3
24 39
161 211
76 89
47 56
56 41
209 257
24 24
5 4
9 6
32 33
28 43
11 10
25 21
27 84
118 71
41 43
4 4
75 60
93 60
15 15
51 52
134 105
206 225
14 9
18 28
13 8
42 23
25 38
36 21
223 173
119 202
31 25
19 19
10 10
29 36
37 23
207 191
46 68
27 19
9 8
10 5
4 3
163 128
25 18
4 5
4 7
63 50
198 245
10 6
59 48
11 7
51 121
9 6
33 39
30 22
53 92
13 14
7 8
15 13
45 39
222 108
43 31
75 100
105 82
12 10
80 88
161 118
6 6
23 24
34 32
54 37
7 9
9 18
52 75
14 14
53 90
40 31
78 88
57 45
7 4
180 130
255 411
88 94
25 35
108 130
6 6
159 125
19 21
7 6
28 27
8 9
193 208
195 178
8 7
7 5
168 175
28 24
9 10
203 251
123 143
89 67
81 69
223 223
10 6
127 78
35 42
12 11
14 24
15 22
163 209
247 310
27 26
8 6
12 29
232 189
136 111
37 51
13 8
9 11
11 7
158 288
38 25
46 51
21 11
5 4
75 53
14 9
13 16
50 50
6 6
13 19
20 33
80 62
5 4
68 79
130 138
63 41
30 45
55 32
55 75
149 129
32 20
35 40
54 64
5 8
152 139
6 5
6 4
196 243
22 30
22 63
107 145
23 29
75 81
29 15
92 118
12 6
91 68
5 6
39 33
87 69
8 10
20 15
12 13
5 3
8 6
6 7
14 16
52 76
56 42
5 3
49 46
11 9
8 6
19 25
29 41
172 171
19 16
22 21
166 213
34 27
15 15
8 9
182 307
29 59
35 33
10 10
14 13
29 17
9 8
116 140
42 56
45 38
20 24
23 16
15 13
25 17
47 26
58 49
28 40
20 15
41 33
37 37
12 12
191 319
13 23
31 21
103 160
114 165
18 16
5 7
10 11
235 241
54 51
22 30
54 111
235 163
19 20
5 8
26 14
76 50
12 12
82 73
21 20
9 8
73 110
244 248
118 117
197 148
19 18
32 41
56 66
22 16
29 36
154 234
21 20
93 164
30 15
69 38
12 7
7 12
31 17
62 79
6 6
8 11
16 27
190 189
6 6
30 26
41 55
96 72
10 10
11 17
84 81
68 81
168 250
118 88
88 86
4 6
8 7
14 10
75 66
7 6
10 10
102 111
52 33
10 8
49 67
102 72
62 82
5 4
114 134
13 13
97 69
5 3
7 8
99 115
32 28
58 76
105 74
57 33
37 28
30 24
82 54
6 5
182 182
37 45
35 44
30 39
64 95
32 24
8 7
16 16
43 33
4 4
19 31
6 8
35 16
70 88
6 8
23 19
22 25
44 70
8 4
49 72
59 55
250 258
10 10
38 56
12 14
21 17
6 5
145 172
22 34
14 7
24 16
22 24
7 12
131 172
23 31
33 31
26 30
9 9
85 78
7 4
19 13
150 169
45 52
8 17
221 224
23 22
4 8
91 231
25 22
89 86
7 9
29 18
58 49
22 19
44 28
9 12
21 7
251 286
45 45
187 159
90 121
44 43
1 23
1 7
2 0
0 1 0
0 18 20
3 0 4
0 1 0
3 0 9
0 27 26
0 1 0
2 0 3
3 0 7
0 1 0
0 2 2
4 0 260
0 1 0
1 7 10
2 0 3
0 1 0
1 18 47
2 0 2
0 1 0
3 0 2
0 14 15
0 1 0
1 11 14
4 0 545
0 1 0
3 0 1
0 3 3
0 1 0
2 0 7
2 0 7
0 1 0
2 0 9
0 19 24
0 1 0
0 13 9
1 12 19
0 1 0
0 9 5
0 1 1
0 1 0
2 0 0
1 36 74
0 1 0
0 30 26
4 0 478
0 1 0
2 0 3
1 41 71
0 1 0
2 0 3
4 0 926
0 1 0
0 24 24
2 0 3
0 1 0
0 23 34
3 0 4
0 1 0
1 15 28
1 9 20
0 1 0
0 26 20
1 36 113
0 1 0
3 0 5
2 0 5
0 1 0
4 0 656
1 45 115
0 1 0
0 38 27
4 0 298
0 1 0
4 0 364
1 12 16
0 1 0
4 0 314
4 0 302
0 1 0
0 42 37
1 25 50
0 1 0
0 25 19
2 0 6
0 1 0
2 0 2
1 27 31
0 1 0
3 0 3
4 0 830
0 1 0
1 39 93
1 7 9
0 1 0
0 42 43
0 25 17
0 1 0
0 4 4
0 28 33
0 1 0
1 35 77
2 0 9
0 1 0
2 0 9
0 47 20
0 1 0
4 0 409
2 0 7
0 1 0
3 0 10
0 14 10
0 1 0
1 15 50
3 0 9
0 1 0
3 0 10
4 0 913
0 1 0
4 0 826
0 10 7
0 1 0
2 0 9
0 39 46
0 1 0
3 0 3
4 0 266
0 1 0
1 47 85
2 0 7
0 1 0
1 12 29
4 0 404
0 1 0
1 6 13
0 49 35
0 1 0
3 0 6
0 40 54
0 1 0
1 41 139
0 30 44
0 1 0
0 27 36
1 49 117
0 1 0
0 32 43
3 0 1
0 1 0
0 47 49
2 0 1
0 1 0
1 35 82
4 0 490
0 1 0
4 0 441
4 0 982
0 1 0
1 29 86
2 0 9
0 1 0
0 13 12
0 43 52
0 1 0
4 0 795
3 0 3
0 1 0
4 0 658
1 49 99
0 1 0
2 0 9
2 0 8
0 1 0
2 0 6
2 0 5
0 1 0
2 0 5
3 0 8
0 1 0
0 26 22
2 0 0
0 1 0
0 45 55
2 0 10
0 1 0
4 0 358
1 8 4
0 1 0
1 36 62
1 12 26
0 1 0
2 0 8
3 0 0
0 1 0
2 0 2
1 39 74
0 1 0
2 0 8
0 6 6
0 1 0
1 2 4
1 12 23
0 1 0
1 19 10
1 20 46
0 1 0
1 47 91
3 0 9
0 1 0
3 0 10
3 0 2
0 1 0
3 0 10
1 48 58
0 1 0
2 0 8
0 39 43
0 1 0
1 4 12
2 0 9
0 1 0
4 0 268
3 0 5
0 1 0
3 0 6
4 0 391
0 1 0
2 0 1
2 0 2
0 1 0
0 6 9
4 0 410
0 1 0
1 1 3
4 0 348
0 1 0
1 5 15
3 0 3
0 1 0
3 0 0
4 0 894
0 1 0
1 34 85
3 0 2
0 1 0
1 27 65
0 17 19
0 1 0
2 0 4
1 47 88
0 1 0
3 0 5
0 6 3
0 1 0
1 8 18
2 0 2
0 1 0
4 0 487
0 34 19
0 1 0
3 0 2
1 8 18
0 1 0
3 0 2
1 44 33
0 1 0
3 0 0
4 0 950
0 1 0
0 29 38
3 0 4
0 1 0
3 0 3
2 0 9
0 1 0
4 0 844
1 37 57
0 1 0
3 0 1
3 0 3
0 1 0
0 45 47
2 0 4
0 1 0
4 0 348
3 0 7
0 1 0
0 6 5
1 18 36
0 1 0
1 32 88
2 0 4
0 1 0
1 45 98
1 19 30
0 1 0
2 0 10
3 0 3
0 1 0
2 0 0
4 0 366
0 1 0
0 40 17
1 36 54
0 1 0
2 0 5
0 25 35
0 1 0
1 28 57
0 19 36
0 1 0
3 0 10
1 46 71
0 1 0
0 36 53
0 9 9
0 1 0
2 0 8
0 21 18
0 1 0
1 2 4
1 14 11
0 1 0
3 0 4
2 0 1
0 1 0
1 43 126
0 18 19
0 1 0
0 42 42
2 0 0
0 1 0
1 22 48
0 26 45
0 1 0
1 17 16
0 21 17
0 1 0
2 0 0
4 0 502
0 1 0
0 13 10
1 5 15
0 1 0
3 0 3
1 28 63
0 1 0
4 0 414
0 34 41
0 1 0
0 34 33
0 44 54
0 1 0
0 8 7
0 35 51
0 1 0
3 0 2
0 24 34
0 1 0
0 11 7
4 0 499
0 1 0
1 42 57
1 40 107
0 1 0
4 0 969
4 0 259
0 1 0
1 27 88
4 0 686
0 1 0
1 38 65
1 31 75
0 1 0
3 0 2
3 0 9
0 1 0
3 0 1
2 0 4
0 1 0
0 20 17
3 0 9
0 1 0
3 0 4
0 37 39
0 1 0
3 0 0
2 0 9
0 1 0
2 0 10
1 17 38
0 1 0
0 36 50
0 15 9
0 1 0
0 22 32
1 22 44
0 1 0
1 6 14
4 0 557
0 1 0
2 0 5
2 0 9
0 1 0
2 0 8
0 7 12
0 1 0
2 0 6
1 32 85
0 1 0
4 0 465
0 46 57
0 1 0
3 0 7
0 34 51
0 1 0
1 45 67
3 0 6
0 1 0
4 0 577
2 0 6
0 1 0
1 43 70
2 0 2
0 1 0
0 18 15
3 0 10
0 1 0
0 15 24
4 0 446
0 1 0
4 0 796
0 46 53
0 1 0
2 0 5
2 0 4
0 1 0
2 0 7
0 37 39
0 1 0
0 47 46
3 0 9
0 1 0
1 25 49
3 0 1
0 1 0
3 0 8
2 0 6
0 1 0
0 42 42
2 0 2
0 1 0
2 0 10
0 45 10
0 1 0
3 0 4
3 0 0
0 1 0
0 36 70
1 44 76
0 1 0
0 19 11
4 0 766
0 1 0
3 0 3
4 0 979
0 1 0
0 44 66
4 0 570
0 1 0
2 0 8
1 8 8
0 1 0
0 26 25
0 39 49
0 1 0
0 43 20
2 0 10
0 1 0
0 44 22
0 49 56
0 1 0
0 2 2
1 12 33
0 1 0
3 0 5
1 20 43
0 1 0
0 50 65
3 0 4
0 1 0
0 44 53
0 34 60
0 1 0
0 46 60
2 0 5
0 1 0
0 25 14
2 0 8
0 1 0
1 49 81
2 0 9
0 1 0
0 20 21
2 0 10
0 1 0
1 2 3
0 41 42
0 1 0
2 0 1
2 0 2
0 1 0
0 33 53
2 0 10
0 1 0
2 0 5
4 0 794
0 1 0
0 18 19
3 0 9
0 1 0
4 0 285
1 48 102
0 1 0
4 0 437
3 0 0
0 1 0
2 0 8
4 0 561
0 1 0
1 41 106
0 23 21
0 1 0
4 0 440
3 0 6
0 1 0
0 25 30
0 33 13
0 1 0
0 29 28
0 3 2
0 1 0
0 3 3
0 21 16
0 1 0
0 45 35
1 41 59
0 1 0
3 0 8
1 17 33
0 1 0
1 28 86
0 24 16
0 1 0
4 0 219
3 0 0
0 1 0
0 15 7
4 0 241
0 1 0
0 36 7
2 0 9
0 1 0
2 0 10
0 32 45
0 1 0
3 0 9
1 46 148
0 1 0
3 0 6
3 0 3
0 1 0
1 40 114
4 0 836
0 1 0
3 0 0
1 23 55
0 1 0
1 22 25
2 0 10
0 1 0
4 0 682
3 0 4
0 1 0
0 27 15
1 21 34
0 1 0
3 0 1
3 0 4
0 1 0
2 0 7
1 27 90
0 1 0
0 4 6
0 23 28
0 1 0
3 0 4
1 7 14
0 1 0
4 0 975
3 0 0
0 1 0
2 0 9
2 0 3
0 1 0
0 23 17
1 33 56
0 1 0
4 0 209
1 36 74
0 1 0
1 11 20
1 47 126
0 1 0
3 0 6
0 10 8
0 1 0
0 22 10
1 35 80
0 1 0
2 0 2
3 0 8
0 1 0
1 49 127
0 15 10
0 1 0
4 0 793
4 0 388
0 1 0
1 11 25
2 0 5
0 1 0
2 0 1
1 9 14
0 1 0
1 4 3
0 18 7
0 1 0
1 42 98
0 8 7
0 1 0
1 44 104
2 0 4
0 1 0
2 0 7
4 0 965
0 1 0
0 40 25
0 23 22
0 1 0
0 30 29
2 0 10
0 1 0
1 23 29
0 18 16
0 1 0
3 0 8
3 0 7
0 1 0
3 0 3
1 21 34
0 1 0
4 0 908
0 23 14
0 1 0
4 0 808
4 0 241
0 1 0
1 38 65
4 0 713
0 1 0
4 0 624
1 9 28
0 1 0
0 42 34
2 0 9
0 1 0
3 0 0
1 21 48
0 1 0
3 0 8
3 0 5
0 1 0
1 39 68
3 0 5
0 1 0
1 30 37
1 35 95
0 1 0
3 0 4
0 48 37
0 1 0
1 30 44
3 0 2
0 1 0
2 0 8
0 39 26
0 1 0
2 0 2
3 0 2
0 1 0
1 36 84
3 0 9
0 1 0
4 0 537
4 0 958
0 1 0
3 0 8
1 44 74
0 1 0
4 0 838
4 0 218
0 1 0
1 49 71
3 0 0
0 1 0
1 35 104
3 0 1
0 1 0
4 0 506
0 14 13
0 1 0
3 0 7
1 24 64
0 1 0
0 36 35
3 0 7
0 1 0
3 0 6
3 0 10
0 1 0
0 33 20
2 0 5
0 1 0
0 29 28
4 0 778
0 1 0
0 38 24
1 4 3
0 1 0
2 0 1
0 37 36
0 1 0
0 15 17
4 0 985
0 1 0
4 0 745
0 17 5
0 1 0
0 30 36
0 16 15
0 1 0
0 34 46
0 42 53
0 1 0
1 30 42
2 0 6
0 1 0
1 25 47
0 48 62
0 1 0
0 10 10
1 38 61
0 1 0
3 0 0
0 49 46
0 1 0
4 0 634
2 0 1
0 1 0
0 37 56
0 33 42
0 1 0
3 0 7
1 41 116
0 1 0
4 0 920
3 0 2
0 1 0
4 0 797
0 9 11
0 1 0
2 0 6
3 0 1
0 1 0
1 19 25
2 0 2
0 1 0
0 7 6
1 18 24
0 1 0
0 2 1
4 0 300
0 1 0
3 0 1
3 0 7
0 1 0
2 0 6
1 8 13
0 1 0
2 0 8
1 40 126
0 1 0
1 9 24
4 0 682
0 1 0
4 0 608
3 0 1
0 1 0
3 0 2
0 2 2
0 1 0
3 0 3
0 17 16
0 1 0
3 0 4
3 0 3
0 1 0
0 13 19
1 17 21
0 1 0
3 0 9
3 0 7
0 1 0
4 0 307
0 16 14
0 1 0
0 42 46
0 2 1
0 1 0
0 41 43
4 0 445
0 1 0
0 47 67
0 5 5
0 1 0
0 20 20
0 38 51
0 1 0
4 0 656
0 4 5
0 1 0
1 40 110
0 28 30
0 1 0
1 42 37
1 47 60
0 1 0
3 0 4
1 13 10
0 1 0
3 0 5
0 11 10
0 1 0
3 0 7
0 33 39
0 1 0
1 6 12
0 23 36
0 1 0
0 34 26
0 20 14
0 1 0
3 0 0
1 24 48
0 1 0
2 0 3
1 26 62
0 1 0
0 34 21
0 38 27
0 1 0
1 31 46
1 41 71
0 1 0
0 33 8
4 0 768
0 1 0
2 0 3
3 0 7
0 1 0
0 6 3
0 18 33
0 1 0
2 0 9
0 25 32
0 1 0
0 43 43
1 8 12
0 1 0
0 1 1
1 9 15
0 1 0
1 18 30
3 0 0
0 1 0
1 17 22
2 0 2
0 1 0
4 0 275
3 0 4
0 1 0
3 0 10
4 0 236
0 1 0
3 0 8
2 0 1
0 1 0
0 13 16
1 14 26
0 1 0
3 0 2
4 0 795
0 1 0
4 0 412
2 0 3
0 1 0
0 19 26
3 0 4
0 1 0
3 0 0
2 0 6
0 1 0
2 0 1
1 13 16
0 1 0
1 40 41
3 0 5
0 1 0
0 1 1
2 0 2
0 1 0
2 0 8
0 4 3
0 1 0
1 6 16
0 8 7
0 1 0
0 14 12
4 0 955
0 1 0
2 0 5
2 0 1
0 1 0
0 19 24
1 36 98
0 1 0
1 11 23
0 45 72
0 1 0
1 43 84
3 0 1
0 1 0
2 0 1
2 0 7
0 1 0
2 0 8
0 19 13
0 1 0
4 0 328
0 20 20
0 1 0
3 0 5
0 11 9
0 1 0
3 0 9
1 12 19
0 1 0
0 14 13
4 0 613
0 1 0
0 10 9
0 31 31
0 1 0
3 0 1
1 6 9
0 1 0
0 15 15
3 0 1
0 1 0
3 0 7
4 0 968
0 1 0
4 0 410
0 5 6
0 1 0
3 0 7
3 0 10
0 1 0
3 0 2
2 0 4
0 1 0
2 0 7
3 0 10
0 1 0
2 0 7
3 0 3
0 1 0
0 31 21
3 0 8
0 1 0
1 27 79
2 0 0
0 1 0
1 43 39
2 0 10
0 1 0
0 42 51
4 0 624
0 1 0
1 48 41
0 46 59
0 1 0
0 11 18
1 47 77
0 1 0
2 0 5
4 0 525
0 1 0
0 42 32
3 0 0
0 1 0
0 7 8
1 17 43
0 1 0
0 35 29
0 46 36
0 1 0
4 0 587
0 30 23
0 1 0
4 0 288
1 16 24
0 1 0
0 21 16
2 0 2
0 1 0
3 0 2
2 0 1
0 1 0
2 0 4
3 0 4
0 1 0
1 45 69
3 0 0
0 1 0
4 0 771
0 13 10
0 1 0
0 38 64
0 6 8
0 1 0
3 0 6
0 8 7
0 1 0
1 24 42
1 44 44
0 1 0
1 13 22
1 24 32
0 1 0
0 27 13
0 42 24
0 1 0
3 0 2
3 0 9
0 1 0
0 42 53
2 0 1
0 1 0
0 35 19
2 0 5
0 1 0
2 0 9
0 37 41
0 1 0
1 25 54
0 31 21
0 1 0
4 0 450
0 50 58
0 1 0
1 15 28
0 2 1
0 1 0
0 30 21
3 0 5
0 1 0
0 49 54
4 0 326
0 1 0
3 0 3
1 3 3
0 1 0
0 8 10
2 0 5
0 1 0
1 23 33
2 0 2
0 1 0
0 23 35
4 0 463
0 1 0
0 12 13
0 41 63
0 1 0
0 2 2
1 34 57
0 1 0
0 1 1
1 11 36
0 1 0
0 32 24
4 0 788
0 1 0
0 7 6
4 0 710
0 1 0
0 42 43
0 12 13
0 1 0
2 0 2
1 2 4
0 1 0
0 41 36
2 0 8
0 1 0
1 36 58
0 40 45
0 1 0
4 0 419
4 0 784
0 1 0
3 0 4
0 16 22
0 1 0
0 49 60
4 0 377
0 1 0
3 0 1
0 1 1
0 1 0
1 12 27
3 0 2
0 1 0
2 0 4
0 36 37
0 1 0
0 13 9
0 42 33
0 1 0
0 12 12
4 0 706
0 1 0
4 0 325
2 0 3
0 1 0
0 45 43
2 0 5
0 1 0
4 0 584
2 0 2
0 1 0
2 0 6
3 0 8
0 1 0
0 30 47
2 0 0
0 1 0
0 20 28
2 0 1
0 1 0
0 42 39
0 48 55
0 1 0
4 0 938
0 23 13
0 1 0
0 26 38
4 0 849
0 1 0
0 11 16
1 39 114
0 1 0
2 0 7
4 0 595
0 1 0
0 45 62
2 0 4
0 1 0
1 6 10
1 15 38
0 1 0
1 11 12
0 29 29
0 1 0
2 0 2
0 36 36
0 1 0
0 15 13
2 0 10
0 1 0
0 41 32
3 0 6
0 1 0
0 44 57
2 0 3
0 1 0
3 0 7
2 0 8
0 1 0
4 0 229
0 8 9
0 1 0
1 23 15
1 7 6
0 1 0
1 36 85
2 0 8
0 1 0
0 8 8
3 0 0
0 1 0
2 0 2
0 38 11
0 1 0
0 22 29
1 38 59
0 1 0
1 27 53
2 0 8
0 1 0
4 0 514
1 21 53
0 1 0
1 39 83
0 7 5
0 1 0
3 0 2
2 0 10
0 1 0
3 0 5
3 0 2
0 1 0
2 0 7
0 27 8
0 1 0
2 0 1
4 0 994
0 1 0
0 14 21
2 0 2
0 1 0
1 34 40
3 0 3
0 1 0
0 49 45
2 0 2
0 1 0
0 16 7
0 12 13
0 1 0
3 0 8
4 0 555
0 1 0
3 0 7
3 0 0
0 1 0
3 0 5
0 37 13
0 1 0
0 44 53
1 18 40
0 1 0
0 27 20
1 43 105
0 1 0
3 0 2
3 0 0
0 1 0
1 27 20
3 0 7
0 1 0
3 0 6
0 3 2
0 1 0
1 44 66
1 15 42
0 1 0
0 9 11
1 42 65
0 1 0
3 0 2
0 40 44
0 1 0
4 0 421
1 1 2
0 1 0
2 0 8
2 0 1
0 1 0
0 22 25
4 0 266
0 1 0
0 36 33
3 0 10
0 1 0
0 19 21
1 50 165
0 1 0
0 36 36
1 19 36
0 1 0
3 0 1
3 0 5
0 1 0
1 31 33
0 11 8
0 1 0
1 8 11
0 15 17
0 1 0
0 35 66
1 29 59
0 1 0
4 0 621
2 0 8
0 1 0
4 0 377
2 0 1
0 1 0
2 0 1
0 9 10
0 1 0
4 0 378
0 3 1
0 1 0
3 0 4
4 0 596
0 1 0
1 40 92
2 0 3
0 1 0
0 49 52
4 0 533
0 1 0
3 0 5
0 28 31
0 1 0
0 10 11
1 34 79
0 1 0
0 16 14
3 0 1
0 1 0
3 0 0
3 0 8
0 1 0
1 23 75
1 37 60
0 1 0
0 34 27
0 29 36
0 1 0
0 27 31
1 20 56
0 1 0
4 0 814
2 0 3
0 1 0
1 13 12
4 0 923
0 1 0
2 0 1
0 44 37
0 1 0
3 0 9
3 0 8
0 1 0
3 0 8
4 0 257
0 1 0
3 0 8
0 4 6
0 1 0
4 0 589
1 9 21
0 1 0
2 0 10
0 29 56
0 1 0
0 30 13
3 0 8
0 1 0
0 40 33
0 36 29
0 1 0
0 11 14
3 0 7
0 1 0
0 32 48
0 34 51
0 1 0
0 2 1
0 12 13
0 1 0
3 0 1
3 0 4
0 1 0
0 46 36
0 29 9
0 1 0
1 40 87
3 0 8
0 1 0
4 0 895
0 41 34
0 1 0
1 11 23
2 0 1
0 1 0
0 32 32
1 47 84
0 1 0
0 43 41
1 26 42
0 1 0
3 0 0
1 26 50
0 1 0
1 33 55
0 26 17
0 1 0
0 37 32
3 0 7
0 1 0
0 3 4
1 24 50
0 1 0
3 0 8
0 29 40
0 1 0
3 0 0
3 0 2
0 1 0
2 0 1
1 3 6
0 1 0
0 22 16
0 21 27
0 1 0
4 0 707
1 25 21
0 1 0
0 9 1
1 2 3
0 1 0
3 0 9
2 0 7
0 1 0
0 8 12
3 0 6
0 1 0
3 0 9
3 0 6
0 1 0
1 25 37
1 34 43
0 1 0
0 48 66
2 0 4
0 1 0
0 9 13
1 8 19
0 1 0
1 38 67
2 0 8
0 1 0
0 47 44
3 0 4
0 1 0
2 0 8
0 20 20
0 1 0
0 14 16
3 0 1
0 1 0
1 25 61
2 0 9
0 1 0
1 10 23
3 0 7
0 1 0
0 31 13
1 33 41
0 1 0
2 0 5
0 29 39
0 1 0
2 0 0
4 0 491
0 1 0
0 7 4
1 18 23
0 1 0
3 0 8
1 46 115
0 1 0
1 14 35
3 0 4
0 1 0
4 0 393
2 0 0
0 1 0
4 0 753
2 0 3
0 1 0
3 0 3
1 44 68
0 1 0
4 0 438
2 0 10
0 1 0
0 7 7
0 25 18
0 1 0
0 35 24
2 0 0
0 1 0
2 0 8
1 35 53
0 1 0
2 0 2
2 0 3
0 1 0
0 26 21
1 31 62
0 1 0
0 31 36
1 13 21
0 1 0
2 0 4
4 0 305
0 1 0
2 0 4
2 0 8
0 1 0
0 5 6
3 0 5
0 1 0
3 0 6
0 30 12
0 1 0
3 0 6
2 0 9
0 1 0
0 24 20
2 0 10
0 1 0
4 0 901
4 0 447
0 1 0
0 43 38
1 9 16
0 1 0
0 47 33
3 0 2
0 1 0
3 0 4
2 0 2
0 1 0
0 5 5
0 1 1
0 1 0
0 7 8
0 39 31
0 1 0
0 42 38
2 0 0
0 1 0
4 0 968
0 43 51
0 1 0
0 2 3
1 3 5
0 1 0
2 0 8
1 27 34
0 1 0
1 31 100
3 0 5
0 1 0
3 0 6
4 0 978
0 1 0
1 7 22
1 11 23
0 1 0
3 0 7
0 4 4
0 1 0
1 9 16
2 0 0
0 1 0
1 7 12
2 0 4
0 1 0
2 0 3
3 0 10
0 1 0
3 0 3
2 0 1
0 1 0
4 0 931
0 5 4
0 1 0
3 0 0
2 0 5
0 1 0
0 47 52
0 1 1
0 1 0
0 17 19
0 41 27
0 1 0
3 0 0
2 0 9
0 1 0
0 5 6
4 0 562
0 1 0
2 0 10
4 0 920
0 1 0
1 36 65
2 0 9
0 1 0
1 36 57
1 8 9
0 1 0
1 49 67
1 41 90
0 1 0
1 6 14
1 40 45
0 1 0
0 12 14
0 9 6
0 1 0
3 0 9
1 21 43
0 1 0
0 31 28
3 0 6
0 1 0
0 7 8
1 7 18
0 1 0
2 0 4
3 0 6
0 1 0
2 0 2
1 37 104
0 1 0
3 0 3
1 47 19
0 1 0
1 11 27
1 24 46
0 1 0
4 0 588
0 20 15
0 1 0
0 6 8
3 0 5
0 1 0
2 0 1
0 41 37
0 1 0
1 16 34
1 36 91
0 1 0
1 39 92
1 25 53
0 1 0
2 0 1
1 30 57
0 1 0
0 35 59
3 0 10
0 1 0
4 0 607
3 0 5
0 1 0
4 0 811
0 6 8
0 1 0
0 7 5
0 50 7
0 1 0
3 0 9
0 26 39
0 1 0
0 17 6
0 30 48
0 1 0
3 0 4
1 33 25
0 1 0
2 0 6
3 0 0
0 1 0
1 16 25
1 34 48
0 1 0
1 17 26
2 0 8
0 1 0
0 2 2
0 46 21
0 1 0
3 0 8
0 42 50
0 1 0
1 15 25
4 0 957
0 1 0
3 0 2
0 2 2
0 1 0
3 0 0
3 0 3
0 1 0
3 0 3
2 0 6
0 1 0
4 0 561
3 0 3
0 1 0
0 25 16
4 0 388
0 1 0
1 47 138
0 11 12
0 1 0
3 0 5
3 0 3
0 1 0
3 0 4
0 10 13
0 1 0
4 0 604
0 36 27
0 1 0
3 0 0
2 0 2
0 1 0
1 10 28
4 0 397
0 1 0
0 11 13
3 0 8
0 1 0
4 0 447
2 0 4
0 1 0
3 0 4
1 11 16
0 1 0
0 30 54
3 0 7
0 1 0
4 0 908
4 0 459
0 1 0
0 36 33
4 0 908
0 1 0
0 5 6
4 0 797
0 1 0
0 3 3
1 49 148
0 1 0
0 15 17
0 33 44
0 1 0
0 11 8
4 0 321
0 1 0
3 0 8
4 0 525
0 1 0
3 0 3
0 31 40
0 1 0
4 0 927
3 0 10
0 1 0
0 37 24
1 21 43
0 1 0
0 13 9
4 0 221
0 1 0
2 0 8
4 0 750
0 1 0
3 0 5
0 38 47
0 1 0
1 50 120
2 0 1
0 1 0
0 11 10
0 45 52
0 1 0
1 27 46
2 0 1
0 1 0
3 0 7
1 25 63
0 1 0
0 16 16
4 0 938
0 1 0
3 0 7
0 46 55
0 1 0
2 0 3
4 0 930
0 1 0
0 17 19
0 18 15
0 1 0
1 49 62
1 29 50
0 1 0
1 45 69
0 24 21
0 1 0
1 21 56
0 6 6
0 1 0
2 0 0
3 0 4
0 1 0
4 0 732
2 0 3
0 1 0
0 39 32
0 29 28
0 1 0
4 0 477
2 0 1
0 1 0
1 15 42
1 36 125
0 1 0
1 17 77
2 0 3
0 1 0
1 7 26
0 11 11
0 1 0
4 0 636
2 0 1
0 1 0
0 42 49
0 44 56
0 1 0
0 19 6
3 0 2
0 1 0
1 20 28
4 0 254
0 1 0
3 0 1
3 0 1
0 1 0
1 29 69
0 15 20
0 1 0
0 5 5
1 32 94
0 1 0
2 0 6
2 0 8
0 1 0
0 29 30
2 0 3
0 1 0
0 38 39
0 27 33
0 1 0
0 6 1
4 0 634
0 1 0
1 7 11
2 0 8
0 1 0
1 17 10
4 0 936
0 1 0
0 17 6
2 0 9
0 1 0
2 0 8
0 16 28
0 1 0
1 21 39
3 0 9
0 1 0
1 18 49
3 0 7
0 1 0
1 24 24
0 4 5
0 1 0
2 0 4
0 26 11
0 1 0
0 8 11
4 0 409
0 1 0
3 0 3
4 0 487
0 1 0
2 0 6
0 48 16
0 1 0
3 0 6
0 49 34
0 1 0
2 0 4
0 47 42
0 1 0
2 0 6
1 23 68
0 1 0
1 50 85
1 4 1
0 1 0
2 0 3
4 0 342
0 1 0
0 31 47
0 11 14
0 1 0
1 25 81
0 13 11
0 1 0
3 0 1
3 0 8
0 1 0
0 42 49
0 25 37
0 1 0
1 36 80
0 4 3
0 1 0
0 1 1
0 12 11
0 1 0
0 14 10
2 0 5
0 1 0
3 0 8
2 0 2
0 1 0
2 0 10
1 40 45
0 1 0
0 2 1
4 0 388
0 1 0
2 0 9
2 0 1
0 1 0
3 0 1
0 30 29
0 1 0
1 28 45
0 38 62
0 1 0
3 0 9
1 30 80
0 1 0
4 0 447
2 0 6
0 1 0
2 0 4
1 37 97
0 1 0
1 50 117
1 5 8
0 1 0
0 4 5
2 0 9
0 1 0
3 0 3
0 34 37
0 1 0
3 0 9
4 0 750
0 1 0
3 0 1
0 29 52
0 1 0
4 0 543
3 0 3
0 1 0
0 43 53
3 0 4
0 1 0
1 31 52
3 0 7
0 1 0
3 0 3
1 17 20
0 1 0
0 6 7
3 0 2
0 1 0
2 0 0
2 0 5
0 1 0
1 29 53
1 2 2
0 1 0
4 0 982
1 36 94
0 1 0
1 10 37
4 0 932
0 1 0
3 0 1
0 18 28
0 1 0
3 0 10
4 0 312
0 1 0
0 48 45
2 0 1
0 1 0
1 39 69
0 2 2
0 1 0
4 0 747
0 17 21
0 1 0
2 0 4
0 26 26
0 1 0
2 0 4
0 15 19
0 1 0
1 45 104
0 28 13
0 1 0
3 0 2
4 0 759
0 1 0
0 28 28
4 0 425
0 1 0
4 0 866
1 6 15
0 1 0
0 26 37
1 2 1
0 1 0
2 0 2
0 3 4
0 1 0
0 21 17
4 0 637
0 1 0
4 0 697
1 22 18
0 1 0
3 0 8
0 47 39
0 1 0
3 0 4
3 0 5
0 1 0
0 24 19
1 34 94
0 1 0
2 0 9
3 0 8
0 1 0
2 0 3
2 0 9
0 1 0
0 16 13
0 36 44
0 1 0
0 50 50
0 23 25
0 1 0
1 23 75
0 10 9
0 1 0
2 0 5
0 9 12
0 1 0
0 17 16
2 0 6
0 1 0
2 0 6
0 15 17
0 1 0
1 29 76
4 0 815
0 1 0
0 11 7
3 0 7
0 1 0
0 43 33
0 48 47
0 1 0
2 0 4
1 3 2
0 1 0
0 49 73
2 0 4
0 1 0
0 32 52
3 0 5
0 1 0
2 0 1
1 9 11
0 1 0
3 0 9
0 12 7
0 1 0
0 46 50
2 0 8
0 1 0
1 40 39
2 0 4
0 1 0
0 27 45
3 0 10
0 1 0
3 0 10
2 0 1
0 1 0
0 31 36
0 23 27
0 1 0
3 0 4
3 0 2
0 1 0
2 0 8
1 1 1
0 1 0
0 8 8
1 33 83
0 1 0
2 0 0
0 23 35
0 1 0
3 0 4
3 0 3
0 1 0
2 0 5
3 0 9
0 1 0
1 36 65
3 0 6
0 1 0
4 0 390
3 0 10
0 1 0
4 0 216
3 0 8
0 1 0
0 46 48
2 0 3
0 1 0
1 11 27
3 0 7
0 1 0
0 5 6
2 0 2
0 1 0
1 1 1
3 0 0
0 1 0
0 47 40
0 25 35
0 1 0
0 15 12
3 0 4
0 1 0
1 20 28
1 39 46
0 1 0
4 0 492
1 46 116
0 1 0
4 0 579
4 0 408
0 1 0
0 17 22
0 35 31
0 1 0
3 0 0
3 0 3
0 1 0
0 23 19
0 17 23
0 1 0
4 0 200
3 0 4
0 1 0
4 0 253
2 0 5
0 1 0
2 0 4
0 9 9
0 1 0
3 0 5
2 0 5
0 1 0
0 46 49
3 0 0
0 1 0
1 36 82
0 32 50
0 1 0
0 8 9
3 0 5
0 1 0
3 0 1
1 8 7
0 1 0
2 0 7
0 43 45
0 1 0
0 10 7
4 0 290
0 1 0
1 44 68
0 10 12
0 1 0
0 48 66
0 48 59
0 1 0
0 37 30
1 40 55
0 1 0
3 0 4
4 0 538
0 1 0
2 0 6
3 0 8
0 1 0
2 0 6
2 0 8
0 1 0
4 0 689
3 0 7
0 1 0
3 0 10
2 0 2
0 1 0
1 42 78
3 0 8
0 1 0
0 8 12
1 47 88
0 1 0
4 0 488
0 29 25
0 1 0
4 0 858
0 31 35
0 1 0
1 43 77
1 39 71
0 1 0
0 18 17
2 0 10
0 1 0
2 0 6
2 0 6
0 1 0
0 3 3
0 9 11
0 1 0
4 0 619
0 34 33
0 1 0
0 29 40
3 0 3
0 1 0
1 44 78
2 0 6
0 1 0
2 0 5
0 17 12
0 1 0
0 9 8
0 37 11
0 1 0
2 0 1
1 3 6
0 1 0
0 9 6
0 33 44
0 1 0
1 44 53
0 28 8
0 1 0
1 7 11
2 0 4
0 1 0
4 0 351
4 0 671
0 1 0
0 10 11
4 0 450
0 1 0
3 0 6
4 0 768
0 1 0
2 0 8
3 0 7
0 1 0
3 0 6
4 0 802
0 1 0
4 0 444
2 0 6
0 1 0
3 0 9
0 32 29
0 1 0
0 14 14
4 0 571
0 1 0
2 0 1
1 19 36
0 1 0
4 0 629
0 49 57
0 1 0
3 0 7
1 49 101
0 1 0
1 10 15
0 50 47
0 1 0
4 0 276
0 39 57
0 1 0
0 7 11
2 0 7
0 1 0
1 12 26
4 0 565
0 1 0
0 33 37
4 0 689
0 1 0
2 0 8
0 2 1
0 1 0
4 0 628
1 9 8
0 1 0
2 0 2
0 28 39
0 1 0
2 0 0
0 34 6
0 1 0
2 0 4
1 27 112
0 1 0
1 44 116
1 46 99
0 1 0
1 25 29
4 0 941
0 1 0
3 0 8
2 0 4
0 1 0
2 0 3
3 0 9
0 1 0
2 0 9
3 0 2
0 1 0
3 0 7
2 0 2
0 1 0
3 0 2
0 43 36
0 1 0
3 0 8
0 36 15
0 1 0
0 19 14
3 0 7
0 1 0
4 0 680
0 18 19
0 1 0
2 0 5
3 0 7
0 1 0
3 0 6
4 0 646
0 1 0
3 0 9
1 32 66
0 1 0
0 17 14
0 3 1
0 1 0
2 0 7
1 30 79
0 1 0
0 40 43
4 0 789
0 1 0
0 41 38
4 0 235
0 1 0
3 0 1
2 0 3
0 1 0
2 0 6
2 0 3
0 1 0
0 14 20
4 0 630
0 1 0
1 43 39
0 17 19
0 1 0
1 19 33
3 0 0
0 1 0
2 0 6
0 24 22
0 1 0
0 27 33
3 0 10
0 1 0
2 0 7
3 0 3
0 1 0
1 3 7
3 0 9
0 1 0
0 18 23
2 0 1
0 1 0
3 0 3
3 0 3
0 1 0
3 0 9
1 32 25
0 1 0
2 0 5
1 14 24
0 1 0
4 0 689
4 0 542
0 1 0
0 28 24
3 0 7
0 1 0
0 39 30
0 10 7
0 1 0
1 38 52
0 18 14
0 1 0
0 26 30
0 5 4
0 1 0
0 34 36
3 0 4
0 1 0
0 10 5
0 4 6
0 1 0
4 0 268
3 0 8
0 1 0
3 0 9
3 0 0
0 1 0
2 0 0
3 0 9
0 1 0
3 0 4
2 0 1
0 1 0
0 10 8
0 11 10
0 1 0
0 5 6
4 0 984
0 1 0
0 35 33
4 0 967
0 1 0
0 43 51
3 0 4
0 1 0
3 0 5
0 15 18
0 1 0
0 50 34
2 0 6
0 1 0
0 5 5
1 14 11
0 1 0
0 48 69
1 11 29
0 1 0
3 0 2
1 15 31
0 1 0
0 35 22
2 0 9
0 1 0
0 7 7
0 20 19
0 1 0
3 0 7
1 10 24
0 1 0
2 0 3
4 0 711
0 1 0
3 0 5
1 38 106
0 1 0
3 0 6
1 6 12
0 1 0
2 0 3
0 1 1
0 1 0
0 14 18
0 46 47
0 1 0
4 0 811
2 0 7
0 1 0
0 22 32
4 0 492
0 1 0
4 0 311
0 8 11
0 1 0
1 37 74
1 31 74
0 1 0
3 0 7
4 0 505
0 1 0
1 21 57
0 17 19
0 1 0
2 0 2
3 0 8
0 1 0
0 37 57
3 0 5
0 1 0
1 30 62
0 45 37
0 1 0
0 28 21
3 0 8
0 1 0
3 0 9
1 33 93
0 1 0
2 0 10
1 21 26
0 1 0
4 0 229
0 39 61
0 1 0
0 17 13
4 0 302
0 1 0
0 43 49
1 9 19
0 1 0
0 9 14
0 48 53
0 1 0
4 0 838
1 48 24
0 1 0
3 0 1
0 49 34
0 1 0
4 0 971
1 20 50
0 1 0
1 12 15
4 0 360
0 1 0
0 42 33
0 32 39
0 1 0
3 0 1
4 0 740
0 1 0
4 0 909
1 23 48
0 1 0
4 0 839
1 44 66
0 1 0
2 0 5
4 0 216
0 1 0
0 48 23
0 42 51
0 1 0
4 0 740
1 8 11
0 1 0
1 41 84
3 0 2
0 1 0
0 11 16
0 31 30
0 1 0
1 8 18
2 0 9
0 1 0
3 0 9
4 0 224
0 1 0
1 42 112
4 0 405
0 1 0
2 0 7
0 36 49
0 1 0
4 0 468
2 0 2
0 1 0
2 0 3
2 0 2
0 1 0
2 0 9
1 42 57
0 1 0
2 0 4
3 0 5
0 1 0
0 47 49
2 0 0
0 1 0
4 0 610
0 50 25
0 1 0
0 46 30
4 0 671
0 1 0
0 22 18
2 0 7
0 1 0
4 0 995
2 0 10
0 1 0
3 0 6
1 27 65
0 1 0
3 0 10
2 0 8
0 1 0
2 0 5
0 12 12
0 1 0
2 0 5
0 27 26
0 1 0
0 27 36
1 21 17
0 1 0
3 0 5
2 0 1
0 1 0
3 0 6
3 0 9
0 1 0
3 0 8
1 31 85
0 1 0
2 0 2
0 24 36
0 1 0
0 3 2
3 0 3
0 1 0
2 0 10
0 41 49
0 1 0
0 11 7
2 0 2
0 1 0
1 14 37
2 0 5
0 1 0
2 0 2
2 0 5
0 1 0
0 20 26
4 0 663
0 1 0
2 0 0
3 0 2
0 1 0
4 0 1000
1 44 111
0 1 0
1 35 51
0 45 42
0 1 0
1 44 99
0 17 20
0 1 0
4 0 916
4 0 399
0 1 0
0 27 13
2 0 10
0 1 0
2 0 3
0 43 65
0 1 0
0 29 37
2 0 0
0 1 0
1 2 4
0 27 39
0 1 0
1 27 50
1 22 15
0 1 0
1 41 120
2 0 9
0 1 0
1 46 71
0 46 41
0 1 0
0 48 53
4 0 736
0 1 0
0 36 39
0 22 21
0 1 0
1 22 60
0 39 43
0 1 0
2 0 6
0 5 3
0 1 0
0 12 11
3 0 3
0 1 0
0 26 26
3 0 1
0 1 0
0 12 12
4 0 472
0 1 0
3 0 2
1 24 61
0 1 0
2 0 1
0 39 16
0 1 0
4 0 299
1 14 29
0 1 0
0 28 49
1 37 87
0 1 0
3 0 1
2 0 10
0 1 0
0 42 1
1 11 18
0 1 0
1 12 17
3 0 5
0 1 0
1 40 99
0 21 36
0 1 0
4 0 784
0 22 23
0 1 0
3 0 6
0 43 59
0 1 0
0 2 3
2 0 0
0 1 0
2 0 7
3 0 3
0 1 0
3 0 0
0 28 41
0 1 0
0 26 34
2 0 5
0 1 0
3 0 4
1 30 71
0 1 0
1 29 48
4 0 779
0 1 0
0 10 12
0 8 9
0 1 0
1 5 11
4 0 579
0 1 0
1 23 47
0 6 5
0 1 0
3 0 3
2 0 5
0 1 0
3 0 6
3 0 0
0 1 0
1 14 35
0 22 36
0 1 0
3 0 3
0 30 15
0 1 0
0 34 21
4 0 681
0 1 0
3 0 8
0 32 22
0 1 0
1 28 48
4 0 735
0 1 0
0 32 37
0 3 5
0 1 0
0 37 36
3 0 5
0 1 0
3 0 2
2 0 9
0 1 0
1 23 38
3 0 5
0 1 0
0 47 37
0 34 43
0 1 0
0 6 5
0 7 4
0 1 0
3 0 5
1 41 81
0 1 0
1 24 44
1 43 82
0 1 0
4 0 433
2 0 9
0 1 0
2 0 10
2 0 9
0 1 0
1 16 48
2 0 10
0 1 0
0 39 44
0 1 1
0 1 0
0 39 31
4 0 620
0 1 0
1 31 56
0 38 34
0 1 0
0 33 49
1 13 32
0 1 0
1 43 127
2 0 5
0 1 0
0 10 15
0 26 31
0 1 0
4 0 785
3 0 10
0 1 0
0 24 26
0 15 18
0 1 0
1 17 28
3 0 8
0 1 0
2 0 10
3 0 3
0 1 0
1 6 17
0 46 49
0 1 0
0 27 23
1 19 63
0 1 0
4 0 351
1 14 38
0 1 0
0 49 38
0 47 57
0 1 0
3 0 9
2 0 10
0 1 0
4 0 498
1 43 82
0 1 0
2 0 0
3 0 8
0 1 0
1 4 6
4 0 426
0 1 0
4 0 302
0 27 23
0 1 0
1 5 8
0 44 30
0 1 0
4 0 709
1 22 58
0 1 0
2 0 9
1 40 54
0 1 0
1 12 25
4 0 410
0 1 0
0 5 6
4 0 254
0 1 0
2 0 8
2 0 9
0 1 0
1 1 2
2 0 2
0 1 0
3 0 7
2 0 8
0 1 0
3 0 6
1 23 38
0 1 0
1 22 49
4 0 593
0 1 0
3 0 4
0 47 24
0 1 0
0 28 20
3 0 10
0 1 0
4 0 624
0 21 34
0 1 0
4 0 633
3 0 2
0 1 0
0 19 22
3 0 7
0 1 0
4 0 389
1 3 5
