3 4 2 1000
12 11
6 8
197 200
7 8
5 4
5 6
6 6
38 26
217 356
43 24
32 42
24 46
95 89
10 15
17 14
4 4
181 256
157 145
29 35
26 21
250 411
24 14
82 90
8 14
25 28
191 48
8 8
8 10
105 147
228 143
33 22
50 54
7 6
26 33
147 90
33 36
8 5
77 124
16 9
9 8
18 10
5 5
8 8
42 61
17 15
7 7
90 74
4 4
28 21
88 124
63 101
7 17
56 30
34 37
14 13
15 12
53 62
17 25
92 127
43 55
14 8
121 101
246 286
101 129
12 9
9 10
228 467
76 48
22 25
17 18
69 42
228 542
6 3
35 62
37 46
12 11
29 25
36 66
48 82
7 7
211 295
19 20
5 9
36 60
28 22
33 41
111 199
8 21
229 351
132 177
60 52
157 142
44 55
10 10
28 26
87 85
78 72
26 26
5 5
17 13
94 118
33 41
109 173
5 7
8 6
27 39
18 13
39 42
14 8
7 9
38 70
89 127
87 52
132 95
68 53
94 158
30 93
31 19
74 53
118 94
33 37
44 33
100 94
98 118
111 105
5 4
75 54
12 15
10 9
64 35
48 55
91 81
9 10
39 31
4 6
249 276
26 22
6 13
55 85
20 14
47 56
105 80
136 232
7 3
53 27
36 23
65 50
5 2
4 4
23 16
84 117
161 114
37 45
19 10
15 10
11 9
5 4
150 104
19 20
109 94
163 97
187 158
31 35
10 7
24 24
40 55
19 12
43 67
31 22
128 125
67 68
45 32
10 9
78 77
201 205
13 12
14 23
20 24
40 38
68 87
101 59
84 154
8 6
41 34
31 43
14 20
167 149
152 218
9 18
16 16
18 12
139 93
26 22
15 13
6 9
13 10
69 86
36 34
153 92
5 6
5 4
5 4
8 11
102 103
8 10
19 18
6 7
58 81
15 12
11 11
6 4
216 124
52 57
11 5
23 23
40 34
9 9
78 128
4 3
23 35
36 29
8 5
17 11
4 4
100 172
7 5
27 27
147 172
8 12
193 187
5 5
198 251
75 73
8 10
132 90
12 18
6 5
39 47
44 38
84 84
31 28
37 36
238 184
11 6
179 162
252 283
51 63
112 167
11 18
7 7
8 11
85 153
6 9
30 35
25 25
12 11
84 84
26 23
12 14
76 45
11 10
22 26
23 26
60 46
178 210
127 74
59 107
237 244
13 18
7 6
213 172
165 250
4 6
19 18
56 59
5 2
74 46
9 7
80 77
25 29
199 195
55 65
17 15
4 7
7 6
8 15
16 29
12 14
11 12
11 11
32 18
8 9
120 128
22 14
71 111
8 7
28 51
102 110
173 190
241 148
26 22
14 14
16 14
23 29
134 156
133 91
63 89
5 5
5 6
44 53
22 18
5 7
46 28
17 12
31 16
86 50
7 9
59 130
207 199
92 119
125 215
36 51
6 5
4 5
19 35
24 35
34 52
5 7
229 269
14 16
12 16
13 8
73 88
51 60
17 13
17 27
147 174
49 39
96 67
26 20
8 7
18 13
39 30
64 79
5 5
117 94
11 12
8 9
26 27
20 11
29 21
136 103
8 10
241 270
5 4
42 41
11 12
34 42
250 354
156 134
29 20
20 14
63 44
30 39
67 123
230 270
12 14
4 6
21 19
189 180
7 13
18 22
13 14
36 34
54 70
141 90
7 7
29 28
235 326
5 6
222 328
166 119
104 96
28 20
44 56
238 224
167 168
16 10
58 49
6 5
48 73
90 175
8 14
35 19
5 7
222 216
28 19
11 13
177 210
59 44
27 24
9 10
168 244
26 31
46 47
36 26
167 221
49 57
21 17
15 19
13 11
10 6
13 13
16 13
139 134
44 44
5 3
247 179
54 64
27 22
84 91
250 193
64 84
223 351
150 134
34 36
16 20
43 26
5 5
11 6
31 22
6 7
198 128
202 350
240 147
69 85
173 112
141 154
17 15
94 124
25 31
5 5
115 140
87 80
13 25
4 2
37 25
8 5
116 148
26 35
50 43
25 16
146 168
181 262
12 19
81 84
4 3
44 70
23 28
63 77
14 13
8 14
6 6
7 5
61 45
177 177
5 5
5 2
9 14
176 176
4 6
41 58
112 91
19 20
98 136
7 7
175 176
17 21
72 45
46 35
11 8
11 18
86 147
220 197
6 6
8 8
183 291
102 88
5 11
6 6
23 31
84 85
47 35
23 17
7 5
6 10
25 22
183 168
6 7
5 5
181 223
56 82
33 25
24 35
36 26
16 12
20 16
34 34
7 11
10 12
134 171
14 14
20 15
7 8
4 3
6 9
141 106
9 15
117 171
46 58
90 58
84 87
36 35
167 118
16 12
10 11
182 169
58 83
219 155
203 218
240 187
10 7
101 106
25 28
28 25
32 27
13 14
36 51
157 142
28 47
116 167
13 9
56 41
60 48
7 5
170 124
15 18
16 26
29 53
17 22
152 142
6 4
32 39
37 22
17 27
22 23
32 38
67 85
224 125
43 63
19 25
110 88
77 44
19 25
14 18
5 7
22 17
6 3
193 133
83 86
6 8
11 14
254 275
59 83
47 32
16 12
11 21
114 142
6 10
204 104
17 21
245 248
6 5
130 154
104 142
24 19
133 63
154 220
140 111
10 10
14 15
6 8
8 7
56 63
207 323
21 24
9 4
174 117
43 22
103 102
99 100
10 11
69 57
60 40
7 6
5 6
5 5
103 69
51 53
78 87
29 37
206 276
17 14
5 5
6 7
48 50
105 141
4 4
5 4
21 14
9 9
37 22
10 7
7 13
7 11
168 150
6 5
7 8
27 16
14 11
189 197
25 34
138 227
6 7
24 18
10 12
78 76
13 12
36 20
12 15
202 350
5 4
225 129
139 186
27 37
9 15
38 31
10 17
66 109
32 23
10 8
7 4
56 69
10 5
10 5
190 132
22 22
57 42
5 4
9 4
250 170
46 40
33 32
110 127
11 14
16 15
194 257
7 7
156 219
174 147
8 6
18 28
6 8
14 19
216 149
181 202
213 295
107 75
9 11
67 59
25 23
14 14
8 9
37 48
27 52
188 106
37 28
8 7
74 140
149 178
9 8
32 14
25 36
29 32
7 6
64 46
5 7
5 5
41 35
207 277
21 15
78 93
4 4
15 9
6 4
81 95
5 5
28 29
11 17
13 16
82 75
12 13
167 107
15 13
184 198
19 11
155 421
22 26
42 45
183 149
27 27
19 12
6 5
9 5
19 45
20 17
81 69
40 41
19 13
159 150
40 38
6 9
47 39
111 147
5 7
173 160
107 122
8 6
69 35
31 41
9 9
7 6
35 46
92 68
198 241
4 6
13 27
98 57
233 217
180 235
23 28
6 13
7 8
12 17
6 4
79 78
25 68
4 5
143 122
38 36
148 166
20 28
254 328
23 23
175 195
5 6
24 31
246 219
63 60
119 136
22 19
4 5
4 3
74 49
61 32
124 101
199 85
162 220
189 120
106 84
9 7
4 2
18 22
8 9
5 5
15 10
79 69
16 12
5 5
5 5
100 148
10 9
169 179
107 98
5 2
250 257
13 9
10 7
7 7
19 13
17 9
63 22
92 90
7 5
12 9
179 115
48 68
16 17
11 12
70 50
17 17
25 27
33 29
10 11
44 63
48 51
22 18
73 77
70 87
8 9
100 113
43 28
34 34
141 209
70 161
132 134
184 179
76 76
64 87
155 140
12 7
14 13
4 3
22 31
7 6
15 14
12 12
5 4
4 3
147 88
202 292
25 22
121 70
8 6
85 117
9 10
70 82
37 40
12 11
193 153
6 5
4 3
25 45
6 4
14 11
36 34
102 82
91 76
6 5
7 5
117 69
13 11
6 6
23 30
14 18
38 48
7 4
118 74
185 186
9 7
69 148
26 46
85 203
6 8
66 79
208 212
32 32
7 12
21 22
68 117
7 10
243 298
42 61
23 23
20 15
40 32
14 10
7 8
98 158
114 109
30 32
103 64
17 20
61 94
24 14
16 14
22 29
5 5
6 7
5 5
5 5
19 28
6 4
23 22
17 18
31 35
23 37
67 46
20 35
10 14
20 24
49 38
5 5
6 5
39 27
65 65
8 7
4 5
21 12
18 11
122 170
65 42
48 62
18 15
6 5
28 47
6 6
167 150
12 12
92 96
9 13
17 7
76 81
22 10
51 51
12 11
197 194
6 5
6 10
12 12
150 126
39 20
41 37
11 5
118 250
14 9
16 16
9 7
20 13
8 7
203 230
70 68
9 11
22 26
80 119
73 61
9 8
8 10
17 26
6 5
6 9
12 6
71 76
79 48
29 33
8 10
57 50
38 31
43 37
16 15
40 35
118 69
21 16
93 254
39 27
7 9
5 7
54 23
16 6
60 77
5 3
11 11
37 41
130 130
96 123
8 4
174 241
6 8
173 146
123 100
20 18
80 81
109 153
7 6
34 39
24 27
5 13
240 250
88 116
4 4
11 6
24 14
190 160
20 23
235 371
108 114
32 24
158 139
5 6
59 56
75 53
70 59
13 14
14 18
56 105
14 11
35 57
125 118
23 22
201 309
170 101
83 53
6 4
42 47
39 40
29 17
15 24
4 11
27 11
145 284
127 60
8 6
20 10
34 15
81 65
120 70
7 5
13 46
106 184
5 5
46 60
222 299
88 62
43 32
32 33
75 108
26 14
159 98
47 40
50 46
41 104
203 178
16 16
24 13
4 5
70 70
124 128
155 224
41 31
9 5
16 17
27 29
8 8
166 251
4 2
141 225
253 217
6 8
60 67
8 5
105 97
97 117
5 4
212 203
22 19
115 77
40 53
186 142
6 6
56 37
13 16
6 10
138 131
10 3
167 156
132 90
210 139
9 11
43 51
8 11
9 9
149 120
11 13
18 16
6 6
34 76
6 5
6 7
65 81
119 132
13 9
6 4
5 7
5 5
43 74
195 130
118 109
118 84
4 4
64 72
40 26
233 126
9 10
5 6
17 19
4 6
5 7
202 294
56 64
6 5
4 6
100 76
166 123
114 150
241 315
72 48
34 47
119 158
106 133
36 39
7 10
70 49
111 284
186 315
61 36
19 10
68 36
198 292
16 19
131 98
72 44
17 21
7 6
10 14
17 21
7 8
46 58
28 45
6 7
31 26
28 28
8 9
147 151
32 28
4 2
76 97
145 89
6 6
252 231
28 32
49 90
4 4
22 27
99 139
13 17
4 7
78 41
177 216
79 78
18 21
4 4
98 74
7 7
13 14
93 123
7 4
9 6
64 57
13 9
197 119
33 30
77 114
19 16
36 48
5 6
42 61
20 14
12 13
29 16
23 22
29 29
15 13
9 8
10 8
28 28
55 80
12 10
25 21
7 6
4 3
142 117
21 22
12 11
148 124
22 36
58 78
218 264
11 10
53 41
4 3
12 15
156 142
45 32
45 41
13 16
46 32
41 21
16 10
6 5
13 24
89 142
179 277
9 12
17 17
13 11
38 32
37 75
79 125
15 21
142 164
35 23
61 83
13 13
14 21
4 2
160 140
13 17
20 21
43 50
235 190
7 7
11 5
58 64
18 24
39 25
26 27
6 7
118 98
6 4
56 48
78 90
19 15
52 61
54 102
89 62
13 12
254 406
16 12
4 3
16 12
47 43
13 10
127 83
7 6
15 11
84 96
54 41
9 8
86 68
21 25
144 308
238 108
77 100
190 348
6 5
22 27
11 9
51 52
37 40
17 18
21 30
11 15
10 9
54 50
121 128
19 23
201 293
7 7
39 34
7 6
30 50
42 33
32 32
5 8
28 38
15 13
117 72
102 215
180 206
45 43
4 5
6 6
12 17
6 6
116 110
78 117
68 49
201 207
5 5
34 56
8 6
102 134
87 129
70 69
22 24
6 3
21 16
165 194
51 30
9 8
188 187
5 3
5 8
174 183
11 13
57 45
6 7
19 23
5 10
94 103
6 3
11 5
7 8
18 22
120 125
57 46
209 200
11 16
14 13
21 17
252 176
60 93
232 319
8 6
9 12
44 37
242 179
5 5
155 83
17 20
239 252
68 66
98 158
211 161
57 80
5 7
19 12
45 39
42 40
12 7
158 169
6 5
32 35
196 107
203 198
66 90
85 126
6 4
48 45
5 10
5 4
22 19
117 138
30 81
31 26
4 3
79 76
7 6
18 23
8 6
36 30
25 25
5 9
21 24
29 64
5 3
233 142
241 197
10 9
13 20
10 11
11 10
6 5
5 7
17 37
49 36
5 3
96 145
199 206
5 5
18 11
6 6
73 131
7 8
5 6
26 24
62 59
10 18
43 33
16 18
10 8
41 65
45 20
37 31
48 62
86 92
227 133
20 20
93 79
29 15
12 10
10 11
43 45
19 17
86 69
104 98
28 13
125 177
7 9
12 10
95 125
4 3
8 8
70 41
9 11
48 61
6 4
4 4
75 60
68 65
32 27
39 24
44 48
7 8
225 189
234 333
12 13
49 84
12 9
123 121
18 14
13 12
29 22
27 20
10 10
4 5
138 213
87 41
121 154
249 244
11 8
84 86
26 14
35 56
20 12
4 4
13 8
15 8
19 35
15 16
15 19
59 68
235 204
166 270
46 69
16 12
181 156
18 8
27 30
159 164
41 40
8 8
4 5
24 28
120 104
123 85
8 9
109 200
6 6
143 127
14 10
9 7
157 141
7 5
24 36
6 9
29 18
219 205
7 4
55 88
32 30
22 23
6 4
95 139
13 11
115 222
98 122
187 215
85 79
172 123
4 5
182 134
5 4
133 172
46 47
33 34
5 5
9 7
48 39
5 7
52 89
19 14
22 19
16 10
12 15
9 15
155 147
35 33
219 129
95 116
170 194
22 15
132 92
126 197
6 9
25 26
53 28
30 29
41 32
6 7
13 15
10 9
161 187
42 50
21 30
18 41
90 65
35 40
12 18
9 4
50 52
26 26
146 111
121 118
76 108
32 84
25 36
34 37
5 4
8 8
18 16
6 6
36 34
15 22
37 33
6 8
32 42
48 39
28 36
24 20
23 19
40 54
4 4
12 13
43 37
5 6
136 130
4 3
41 71
37 54
15 12
46 43
226 297
187 371
138 309
95 83
190 195
20 17
136 168
19 22
7 8
6 4
32 38
8 5
77 140
189 224
121 143
72 60
169 178
106 168
192 157
16 9
88 86
41 33
166 125
84 84
63 80
5 6
174 108
52 70
21 23
79 77
68 52
128 133
7 3
117 88
11 13
59 34
128 73
10 14
13 14
69 62
4 6
20 21
223 264
225 198
196 111
8 6
7 8
110 94
12 12
4 5
18 21
250 257
228 175
14 14
11 10
81 75
122 199
49 66
51 60
6 5
140 146
96 123
109 138
4 3
98 124
6 6
43 40
7 7
211 292
9 9
17 19
13 13
27 27
11 18
4 5
125 97
86 117
36 64
15 16
10 11
15 12
22 23
109 115
49 63
23 11
125 151
8 11
8 6
65 35
122 98
186 335
120 70
154 173
53 58
6 7
83 105
99 74
23 29
6 5
138 118
26 23
51 42
7 8
5 8
22 17
110 102
6 4
10 12
77 66
55 51
15 13
75 90
18 18
34 28
86 96
6 6
61 48
35 25
25 23
174 189
171 349
168 217
48 26
17 24
15 11
23 22
24 31
14 8
25 20
185 253
10 8
141 113
16 22
8 5
22 20
7 7
33 42
6 5
50 44
13 12
7 9
180 218
24 26
23 20
78 82
17 17
158 128
58 69
115 97
9 7
62 64
33 68
178 132
91 82
162 139
59 53
50 65
46 47
49 51
11 10
8 4
75 45
196 207
86 152
23 16
4 2
32 64
42 41
5 5
82 84
113 121
7 8
93 44
7 7
244 235
12 18
9 10
5 2
5 6
96 96
9 8
179 213
4 5
23 28
10 11
72 58
165 251
37 36
17 18
6 3
167 198
23 19
66 59
161 120
6 7
195 232
5 5
177 241
7 6
198 309
148 84
37 26
54 86
38 48
96 65
204 153
11 15
208 174
12 6
11 6
40 54
7 6
6 7
7 6
29 29
94 83
4 5
151 104
229 242
7 9
144 73
5 5
25 27
35 63
24 22
19 15
197 302
91 111
7 7
16 13
7 8
146 148
71 43
142 116
16 13
30 15
29 44
62 58
4 2
213 311
5 7
22 18
89 154
10 16
24 31
10 13
28 29
33 59
72 44
35 19
7 7
21 35
216 223
84 130
124 205
9 6
39 34
38 30
4 6
111 86
7 5
104 135
11 10
17 20
25 31
7 6
243 416
73 102
140 138
4 5
33 43
21 16
13 12
16 29
63 35
5 5
19 23
55 31
5 5
128 165
88 144
74 76
5 10
110 195
207 150
7 5
63 77
227 177
13 7
5 6
246 128
239 152
4 2
29 28
6 7
12 4
13 16
9 5
121 95
6 3
7 5
99 68
160 164
216 208
5 5
153 90
72 74
8 4
66 85
15 8
8 9
5 3
7 6
90 70
4 7
19 13
29 46
27 16
151 187
15 20
15 28
55 29
5 8
209 344
218 130
67 55
14 11
10 8
90 77
10 8
85 47
17 9
24 30
7 6
14 14
57 58
168 183
23 19
176 150
21 18
15 17
24 17
39 32
13 11
36 25
9 9
19 12
6 4
105 67
7 11
6 3
113 73
6 6
7 7
50 33
33 36
24 26
7 9
13 21
178 141
44 75
56 58
178 174
190 164
54 45
11 14
13 17
9 8
9 10
55 76
17 12
106 83
147 154
17 26
10 8
9 10
25 30
39 31
55 75
106 126
197 459
6 6
12 12
53 50
66 193
29 29
40 42
5 8
5 5
107 120
31 22
10 7
35 28
56 77
7 5
20 26
5 7
14 10
9 11
68 59
28 33
5 3
19 20
88 51
42 28
54 45
137 86
237 300
13 9
8 8
66 60
10 8
73 84
173 206
11 8
89 101
122 42
107 116
28 15
15 12
165 184
210 234
18 24
6 8
8 3
86 62
21 26
57 89
51 49
72 60
180 229
41 41
188 241
21 34
227 191
191 405
114 127
6 19
7 7
34 28
14 12
57 65
40 32
41 34
59 49
13 14
52 109
45 34
146 132
22 17
169 237
10 16
6 3
154 225
8 11
5 5
38 35
113 102
19 17
49 65
140 103
37 28
114 63
13 7
52 30
154 166
6 2
7 7
21 19
62 35
6 6
33 26
11 11
225 331
50 46
4 5
192 221
24 17
10 9
7 9
102 109
115 151
7 5
12 10
4 3
65 61
101 106
24 14
4 5
5 7
99 62
21 21
65 32
15 8
6 8
4 4
9 7
74 79
5 5
6 5
79 210
196 226
30 21
9 19
6 8
43 32
6 8
24 33
8 7
6 7
15 16
33 18
12 12
4 8
37 40
44 36
52 44
142 132
51 74
23 26
55 37
25 17
12 12
44 55
6 5
49 46
37 43
164 111
12 4
103 120
117 188
111 43
9 10
96 74
13 9
64 52
81 58
48 38
154 84
49 55
9 7
9 6
8 11
9 11
9 22
246 214
4 2
256 291
108 79
5 7
34 46
12 7
10 13
5 12
5 4
39 65
24 12
24 27
31 44
79 63
82 77
8 6
27 42
6 4
9 11
163 232
22 27
64 37
121 67
234 101
35 49
12 16
185 177
5 3
88 118
5 3
148 154
6 8
91 66
140 169
26 28
6 4
44 37
9 14
44 58
241 154
11 16
4 5
204 150
7 10
38 42
17 21
132 115
24 28
121 161
16 8
8 8
43 64
13 9
97 85
101 63
171 93
79 43
53 69
14 21
19 20
37 49
147 71
61 45
6 6
32 32
10 13
8 5
63 36
46 39
68 50
182 162
21 25
6 7
15 21
84 73
35 62
36 53
8 8
5 3
51 50
189 265
63 54
5 7
14 10
8 11
164 259
77 88
5 4
11 9
13 11
10 9
212 133
11 17
6 6
38 25
10 13
70 72
5 4
9 9
27 41
65 46
11 16
104 72
10 8
12 10
37 59
13 8
5 5
26 34
174 153
12 17
81 62
53 40
48 30
26 16
8 10
100 70
74 86
58 43
11 13
209 193
19 14
50 29
78 178
34 44
35 31
63 60
167 183
11 7
8 7
123 171
13 6
5 7
15 13
10 22
17 18
6 4
23 32
108 147
6 4
41 22
8 10
121 126
111 95
83 103
18 22
36 46
77 103
124 146
199 335
5 4
63 64
5 6
54 111
12 16
101 77
23 25
25 24
6 4
148 175
4 3
49 33
105 65
9 5
78 50
238 393
38 59
121 174
181 215
14 12
101 104
104 55
49 68
72 100
10 10
15 17
4 3
45 62
19 11
7 6
134 173
56 50
4 4
20 18
26 37
145 142
53 45
7 6
7 3
5 14
11 20
43 36
45 24
80 78
16 11
84 173
169 211
32 34
200 137
46 61
138 113
118 103
26 21
44 50
36 23
184 252
205 201
209 344
13 14
51 56
13 9
11 12
44 36
4 3
17 15
72 43
57 67
45 41
94 56
54 47
9 15
39 22
20 21
44 45
26 23
6 6
131 136
6 6
43 28
4 3
110 110
60 31
99 73
76 23
6 8
8 9
39 39
232 255
72 62
64 86
86 161
47 88
160 138
160 136
50 36
7 11
16 12
17 22
8 5
34 35
8 5
8 9
57 36
5 6
92 77
62 54
46 35
9 10
159 166
5 8
225 302
14 11
15 16
134 101
106 124
7 4
112 100
59 45
7 7
159 107
5 7
95 164
141 113
63 106
11 10
67 54
32 16
43 68
39 80
166 171
116 160
30 32
147 162
17 9
5 6
6 10
13 8
26 22
17 13
100 150
50 52
24 23
19 20
114 130
6 4
43 29
159 118
174 94
9 8
35 88
16 29
64 45
10 6
43 35
15 14
154 237
27 45
90 106
5 5
80 108
80 105
8 8
15 18
88 121
92 113
36 87
231 352
4 3
5 4
10 16
19 18
15 11
34 26
22 22
8 8
23 23
10 9
175 224
42 30
15 17
10 8
140 108
5 3
4 8
77 35
30 32
148 159
237 333
5 5
32 38
9 7
124 149
29 35
38 37
9 4
146 143
95 112
18 19
16 13
17 15
70 75
52 40
88 115
40 44
68 55
254 611
5 10
6 8
14 28
4 3
63 90
177 101
26 31
77 93
23 27
13 9
4 3
15 18
10 9
14 18
96 175
13 8
36 44
5 7
215 203
8 9
23 16
7 8
82 82
40 42
43 36
9 7
43 37
77 77
11 7
13 16
5 9
176 248
50 34
4 4
65 75
5 6
5 4
6 7
57 88
8 15
215 110
20 37
122 173
38 58
166 86
88 76
16 15
8 9
72 51
101 63
16 42
27 25
17 14
21 10
59 64
161 292
11 11
17 7
44 78
75 54
10 10
188 284
11 8
34 55
126 90
22 20
11 8
29 54
6 5
6 6
52 49
83 113
23 15
102 117
41 32
10 9
24 23
121 171
54 105
5 8
12 16
5 4
25 27
18 15
17 15
5 5
59 69
216 104
153 93
34 28
112 94
4 4
84 131
88 155
7 7
5 5
202 117
79 73
165 107
52 56
4 5
16 26
55 72
251 152
41 46
4 9
13 5
19 13
12 12
17 10
4 8
7 7
10 10
217 114
12 5
51 45
35 31
48 66
5 3
4 4
225 243
24 20
9 11
178 181
10 10
55 52
251 321
46 33
31 50
90 51
251 153
88 197
66 83
12 13
12 16
7 5
95 118
15 41
116 119
50 71
255 281
51 35
143 98
5 7
26 32
195 172
19 15
165 110
18 11
104 67
10 14
35 48
47 38
144 106
20 14
5 4
21 27
120 253
85 45
89 149
171 204
26 31
17 9
33 52
9 6
4 4
66 74
6 5
12 10
11 11
184 137
40 70
5 5
30 20
6 5
4 4
82 86
6 5
11 13
43 54
26 32
13 12
8 5
109 189
10 15
50 63
15 14
42 29
8 9
21 14
36 83
11 10
11 11
188 155
44 57
21 23
41 42
77 84
185 150
103 103
235 250
253 143
5 8
195 91
92 63
49 40
11 13
10 12
9 5
54 59
100 137
113 146
68 80
35 23
4 3
5 4
9 12
53 35
96 187
71 38
10 18
58 45
29 20
133 178
7 10
5 7
9 7
36 36
83 106
46 50
6 5
45 43
89 51
210 154
4 7
185 271
51 27
56 42
101 129
216 183
112 79
19 25
31 27
45 51
4 2
13 10
76 84
145 188
45 73
66 56
6 5
79 83
10 13
16 19
45 40
5 3
89 120
9 15
176 226
8 6
29 54
7 9
9 4
14 13
64 72
14 10
94 94
32 31
197 208
15 12
50 55
11 18
18 20
19 11
5 4
30 32
33 28
25 29
13 10
32 33
61 39
43 41
56 70
6 9
42 57
211 219
68 74
32 38
5 4
29 30
6 4
15 18
52 41
5 6
97 100
158 174
53 67
15 11
11 13
56 40
26 29
180 207
26 47
5 7
129 105
25 52
63 43
55 55
76 72
4 4
36 37
41 53
13 15
10 7
83 126
59 62
16 25
64 74
82 32
20 18
26 39
44 30
213 317
12 11
4 2
134 116
246 193
33 28
22 30
8 6
23 39
191 210
18 21
21 23
14 14
216 226
175 123
89 79
45 54
13 10
75 71
136 140
96 86
214 121
15 11
20 24
11 12
25 22
66 64
91 161
91 66
42 40
6 9
148 259
4 5
4 4
121 86
252 367
6 4
77 114
97 92
33 24
4 4
144 171
20 20
161 94
9 17
233 189
5 7
204 311
70 37
5 3
60 55
6 8
14 13
10 11
8 8
12 9
203 169
139 159
190 213
22 19
222 385
110 75
73 60
6 8
142 286
6 6
5 7
18 12
16 9
27 31
53 49
79 128
86 102
74 80
48 51
44 70
185 121
12 15
9 10
84 112
5 6
5 4
9 8
121 52
251 180
9 5
70 48
7 8
7 9
68 32
40 29
37 25
4 3
48 95
28 41
186 151
184 223
131 231
17 26
86 79
171 197
66 181
41 48
170 106
12 13
12 14
26 31
61 54
11 15
54 49
9 7
12 7
201 252
13 16
19 14
113 108
4 5
11 12
178 235
8 6
93 129
162 164
25 33
35 30
10 8
12 5
156 241
216 145
237 153
16 9
25 34
172 224
29 22
24 19
38 40
88 85
95 99
65 41
9 8
36 46
108 86
5 3
82 235
6 6
7 4
6 9
26 36
21 29
38 29
206 145
8 9
183 163
4 4
8 6
120 80
83 83
16 10
7 6
52 40
222 244
108 118
14 14
13 16
178 275
25 48
107 140
25 30
53 64
8 13
27 24
82 42
106 106
88 63
10 13
9 6
59 77
70 74
83 97
133 148
254 243
59 62
69 90
11 5
54 78
253 239
47 42
6 5
19 21
5 11
11 7
7 4
147 239
81 116
13 17
49 57
4 3
155 144
5 10
25 18
34 50
5 4
38 34
30 10
117 135
205 131
152 266
198 212
142 138
60 74
24 24
164 164
10 3
31 55
39 52
13 18
6 4
9 12
32 60
47 47
184 131
5 3
12 8
222 310
189 183
7 8
143 276
9 7
29 28
99 88
20 24
10 9
13 13
41 24
48 42
5 5
4 4
8 7
154 138
33 22
57 51
54 52
81 115
46 53
235 260
224 373
80 151
53 53
11 14
26 23
76 123
76 39
25 18
6 4
11 12
131 158
136 122
86 100
26 34
6 7
88 93
72 50
79 72
164 88
102 74
9 18
218 226
251 145
12 16
19 22
6 4
76 91
16 30
128 196
9 14
123 153
19 19
68 51
8 9
20 17
23 17
14 32
88 53
24 14
6 10
16 20
132 152
50 42
22 17
56 75
133 180
75 172
8 6
10 12
11 13
35 21
43 36
20 19
38 44
5 6
15 17
55 59
76 98
4 4
24 21
15 11
84 76
170 121
114 120
136 139
6 6
249 363
120 147
241 192
10 19
185 186
5 5
76 71
5 6
102 98
34 50
14 18
6 6
7 7
170 184
38 31
27 28
28 17
9 9
10 10
10 11
110 94
19 26
169 213
209 309
47 52
7 8
21 11
13 12
6 6
230 144
198 402
35 69
39 64
96 46
30 18
8 6
93 91
51 44
20 23
9 11
9 18
152 295
12 10
10 8
137 160
36 47
150 424
96 86
59 45
49 61
186 135
48 27
204 141
15 14
9 6
13 9
18 24
25 16
21 12
19 15
8 8
12 16
12 13
5 3
103 165
91 74
94 107
11 11
24 25
126 71
6 6
7 6
64 36
82 67
214 186
25 18
52 71
25 19
47 25
129 99
10 19
114 151
11 8
5 6
10 7
214 385
22 20
252 271
177 266
6 9
55 28
5 5
14 9
7 9
169 144
15 23
82 67
84 51
9 7
42 31
21 17
61 59
53 58
13 18
10 6
5 8
162 183
47 86
6 7
80 101
34 28
10 16
13 17
26 23
26 19
10 7
86 81
6 4
7 7
109 140
115 168
14 14
91 58
227 329
18 28
64 91
156 161
228 164
54 55
34 87
216 160
112 110
15 19
187 147
26 30
7 14
123 68
7 11
186 127
18 17
25 23
110 67
71 89
18 24
87 65
183 198
149 177
25 27
96 124
23 15
47 71
57 56
55 33
78 68
20 28
14 9
117 117
7 6
5 4
8 9
240 297
5 5
178 191
34 50
153 122
12 16
33 34
13 12
125 152
42 30
33 40
4 5
102 146
177 447
51 53
39 72
21 24
93 126
51 45
102 255
62 96
62 78
47 45
9 10
63 58
7 11
187 214
52 73
218 174
27 22
145 143
21 15
68 111
105 87
19 17
7 6
24 17
10 8
19 28
98 174
12 18
198 205
200 201
67 42
30 27
13 15
10 10
10 15
26 18
85 69
13 18
212 336
17 8
219 409
15 19
93 82
15 24
255 317
72 89
197 211
8 8
21 26
48 56
127 63
142 134
178 297
80 86
70 25
7 7
28 23
5 5
12 12
68 53
41 35
160 128
7 6
5 5
24 27
78 48
45 33
36 43
9 8
202 329
28 16
14 16
6 6
4 5
44 39
27 18
166 313
19 21
204 215
6 5
7 8
25 18
55 76
6 8
35 42
17 9
11 16
31 34
13 13
21 23
5 7
48 50
5 3
6 7
157 126
102 141
192 367
41 33
54 56
11 11
182 319
27 33
31 33
144 106
46 30
30 35
37 60
52 72
181 200
129 93
143 92
4 8
88 57
62 69
179 142
160 104
207 172
59 54
7 8
100 80
14 17
217 189
21 21
24 19
4 3
22 18
19 20
43 34
6 7
5 12
12 13
28 41
18 13
38 26
18 24
5 3
166 127
36 29
8 5
193 327
57 100
5 4
92 123
202 272
54 34
24 17
79 44
6 8
34 37
53 34
5 7
189 95
50 66
7 7
145 276
21 19
32 18
138 183
21 16
10 9
117 95
20 14
11 11
4 4
6 7
5 5
59 84
6 5
46 58
175 280
44 26
97 63
19 21
41 36
130 145
119 75
87 142
69 103
8 11
4 3
14 14
107 77
38 39
129 87
9 7
47 38
101 169
210 416
4 4
87 212
202 166
51 115
16 32
39 32
49 34
43 32
127 99
175 112
19 15
202 111
13 13
128 190
51 50
7 10
114 98
19 12
135 88
11 10
112 149
59 40
156 175
62 110
245 269
194 328
140 253
91 94
136 114
132 188
9 9
4 4
13 13
175 188
150 168
7 6
133 225
74 50
44 32
6 6
207 188
112 224
113 79
9 5
35 85
146 64
119 101
34 21
8 12
46 46
41 45
5 7
37 67
66 75
13 9
217 238
125 89
24 24
44 56
20 22
63 45
6 8
17 12
17 9
17 10
8 8
85 110
14 17
64 82
120 160
25 11
6 10
212 249
154 184
77 119
65 133
23 15
54 34
6 4
65 74
43 37
13 13
10 11
63 63
7 3
226 208
70 47
170 150
128 107
35 28
51 64
18 32
8 15
124 249
40 44
21 33
141 198
229 177
32 64
129 111
9 8
29 84
212 229
201 170
122 150
49 52
230 204
40 69
41 47
229 176
140 143
224 209
67 90
145 193
214 189
44 36
103 132
126 192
64 114
8 6
15 10
53 32
17 16
118 127
8 7
112 99
48 35
13 13
6 6
28 29
151 89
96 52
20 12
7 7
13 11
122 119
180 246
126 110
64 51
170 137
7 7
13 10
20 37
22 17
63 87
7 5
5 4
99 99
7 5
164 173
36 32
61 38
5 3
26 24
6 6
14 10
88 76
22 31
111 126
20 29
5 6
10 7
31 32
18 21
19 24
34 60
7 7
91 64
180 135
236 114
15 14
88 84
5 5
8 12
166 171
25 19
42 27
11 11
52 62
34 37
6 10
13 16
118 192
5 5
131 202
20 11
40 29
4 4
58 44
6 5
51 52
207 280
43 53
89 41
5 6
149 136
23 13
11 11
71 65
41 51
116 181
18 12
6 6
79 48
6 5
28 24
5 5
73 67
12 11
16 14
9 11
36 26
42 41
24 14
15 11
98 143
189 126
157 303
4 4
8 7
92 110
26 27
28 60
185 185
5 4
56 63
22 33
55 43
12 9
49 51
154 183
7 9
9 17
5 6
31 29
7 5
50 59
203 238
90 42
21 22
139 160
54 47
11 17
6 3
28 20
86 86
220 433
19 22
14 7
18 20
42 56
15 27
60 57
58 125
65 89
46 97
6 8
128 82
134 228
38 58
69 70
18 17
83 83
50 62
36 48
60 123
243 270
16 22
52 103
7 7
21 20
227 221
4 5
41 40
34 25
11 12
10 7
114 78
18 20
6 5
12 8
5 3
245 263
6 6
66 71
13 13
10 10
67 77
5 6
33 36
148 171
14 27
22 26
76 54
114 154
58 76
16 17
28 28
40 25
78 103
6 9
28 22
8 6
13 19
57 55
12 7
73 83
31 27
137 123
11 13
41 42
20 30
5 4
74 135
35 27
10 12
54 55
35 66
148 172
89 72
34 22
57 63
10 8
23 11
226 254
6 13
167 247
96 80
50 61
4 4
6 7
4 5
41 28
41 48
5 7
74 127
193 193
26 25
79 94
56 38
37 41
16 21
6 3
80 103
109 135
7 10
111 72
73 38
15 13
133 150
54 89
103 133
53 44
27 37
5 7
11 14
115 126
135 123
22 18
211 124
179 294
39 24
6 6
49 80
10 9
33 32
131 190
7 6
144 213
11 16
15 19
46 76
6 7
14 11
158 202
14 10
71 33
4 4
36 18
126 161
54 76
239 457
12 7
71 54
66 43
122 78
20 16
6 6
231 150
193 180
5 4
150 311
116 93
29 31
80 89
4 4
167 145
55 81
17 17
68 67
21 32
7 5
73 79
251 263
131 73
18 20
16 22
25 27
26 28
158 114
14 14
9 10
9 8
6 6
106 116
15 14
179 137
4 5
25 35
63 59
7 6
157 181
5 6
61 57
44 43
67 88
6 6
5 3
176 191
15 22
36 60
186 107
251 215
34 44
95 47
51 60
178 160
6 4
12 16
185 153
6 4
11 9
35 14
25 19
84 89
213 282
7 4
247 219
7 6
25 28
19 26
4 5
37 27
5 6
13 12
11 5
40 69
26 27
28 27
16 19
68 112
9 11
13 17
107 119
121 139
34 42
5 2
30 24
28 37
6 6
93 62
223 155
6 3
10 12
116 91
42 41
8 6
6 9
50 50
11 9
34 56
45 41
54 48
8 6
156 169
25 19
6 5
63 181
32 18
4 3
5 7
19 9
9 6
182 150
52 71
60 34
248 243
70 49
8 6
173 194
107 214
55 31
20 22
29 32
41 48
180 93
92 76
10 18
72 92
33 30
31 21
6 7
8 6
35 42
10 5
5 5
14 14
188 298
178 177
23 30
22 16
7 7
11 13
39 58
236 223
48 32
97 127
0 34
0 42
0 25
0 1 0
4 0 589
0 1 0
0 34 38
0 1 0
0 48 32
0 1 0
3 0 0
0 1 0
0 24 29
0 1 0
2 0 8
0 1 0
3 0 1
0 1 0
0 49 30
0 1 0
0 43 48
0 1 0
2 0 5
0 1 0
1 13 55
0 1 0
0 44 41
0 1 0
0 50 62
0 1 0
2 0 7
0 1 0
3 0 9
0 1 0
4 0 403
0 1 0
0 41 31
0 1 0
2 0 6
0 1 0
4 0 443
0 1 0
4 0 885
0 1 0
2 0 8
0 1 0
0 5 3
0 1 0
0 22 14
0 1 0
3 0 6
0 1 0
0 38 36
0 1 0
0 26 28
0 1 0
3 0 8
0 1 0
2 0 6
0 1 0
0 33 42
0 1 0
2 0 1
0 1 0
1 38 210
0 1 0
2 0 5
0 1 0
0 38 52
0 1 0
0 14 14
0 1 0
4 0 392
0 1 0
1 27 127
0 1 0
0 27 33
0 1 0
0 5 2
0 1 0
0 46 38
0 1 0
3 0 9
0 1 0
0 32 16
0 1 0
2 0 0
0 1 0
0 22 15
0 1 0
3 0 2
0 1 0
3 0 2
0 1 0
0 30 40
0 1 0
4 0 283
0 1 0
0 38 38
0 1 0
3 0 6
0 1 0
0 18 3
0 1 0
3 0 5
0 1 0
2 0 5
0 1 0
0 39 29
0 1 0
4 0 901
0 1 0
0 9 10
0 1 0
2 0 0
0 1 0
1 47 233
0 1 0
2 0 4
0 1 0
0 15 8
0 1 0
0 11 19
0 1 0
0 28 27
0 1 0
2 0 10
0 1 0
0 14 6
0 1 0
0 30 41
0 1 0
0 2 2
0 1 0
0 49 79
0 1 0
2 0 7
0 1 0
0 33 31
0 1 0
0 17 8
0 1 0
0 23 18
0 1 0
0 47 42
0 1 0
2 0 1
0 1 0
0 44 41
0 1 0
0 29 24
0 1 0
0 47 47
0 1 0
4 0 521
0 1 0
0 31 26
0 1 0
1 44 290
0 1 0
0 25 41
0 1 0
0 5 5
0 1 0
0 27 20
0 1 0
0 40 45
0 1 0
0 7 7
0 1 0
4 0 788
0 1 0
0 20 24
0 1 0
0 12 14
0 1 0
0 49 48
0 1 0
0 28 27
0 1 0
2 0 3
0 1 0
0 33 35
0 1 0
0 34 37
0 1 0
0 29 39
0 1 0
0 22 24
0 1 0
0 22 38
0 1 0
0 6 6
0 1 0
0 30 26
0 1 0
4 0 929
0 1 0
0 28 15
0 1 0
4 0 556
0 1 0
3 0 4
0 1 0
0 50 59
0 1 0
0 25 21
0 1 0
0 28 32
0 1 0
0 47 48
0 1 0
0 37 25
0 1 0
0 17 28
0 1 0
4 0 329
0 1 0
2 0 6
0 1 0
0 6 5
0 1 0
1 38 154
0 1 0
3 0 10
0 1 0
2 0 8
0 1 0
0 37 49
0 1 0
0 37 31
0 1 0
0 8 8
0 1 0
2 0 1
0 1 0
2 0 7
0 1 0
3 0 0
0 1 0
0 5 2
0 1 0
2 0 5
0 1 0
0 14 16
0 1 0
1 48 126
0 1 0
3 0 1
0 1 0
0 9 10
0 1 0
4 0 773
0 1 0
1 12 29
0 1 0
4 0 463
0 1 0
0 33 18
0 1 0
0 44 52
0 1 0
0 30 27
0 1 0
2 0 3
0 1 0
0 27 22
0 1 0
2 0 8
0 1 0
0 36 40
0 1 0
2 0 0
0 1 0
2 0 2
0 1 0
2 0 5
0 1 0
0 11 13
0 1 0
0 48 57
0 1 0
0 47 38
0 1 0
1 6 23
0 1 0
0 41 25
0 1 0
0 27 18
0 1 0
0 33 29
0 1 0
0 42 27
0 1 0
3 0 10
0 1 0
0 50 23
0 1 0
0 28 20
0 1 0
2 0 8
0 1 0
0 26 28
0 1 0
0 48 56
0 1 0
3 0 5
0 1 0
4 0 362
0 1 0
3 0 4
0 1 0
0 23 39
0 1 0
1 21 74
0 1 0
0 25 19
0 1 0
0 46 46
0 1 0
1 29 63
0 1 0
4 0 290
0 1 0
0 9 11
0 1 0
3 0 1
0 1 0
0 13 13
0 1 0
4 0 437
0 1 0
4 0 379
0 1 0
0 13 13
0 1 0
2 0 8
0 1 0
0 10 10
0 1 0
0 50 37
0 1 0
2 0 9
0 1 0
0 25 29
0 1 0
2 0 6
0 1 0
4 0 908
0 1 0
0 21 14
0 1 0
0 49 61
0 1 0
0 8 9
0 1 0
0 23 13
0 1 0
0 46 54
0 1 0
0 26 43
0 1 0
0 47 74
0 1 0
0 46 47
0 1 0
0 4 2
0 1 0
3 0 9
0 1 0
0 8 7
0 1 0
1 16 89
0 1 0
0 49 28
0 1 0
0 46 55
0 1 0
0 43 72
0 1 0
2 0 10
0 1 0
0 6 3
0 1 0
0 14 15
0 1 0
0 43 58
0 1 0
1 3 15
0 1 0
0 30 30
0 1 0
0 39 49
0 1 0
2 0 5
0 1 0
0 8 7
0 1 0
0 47 40
0 1 0
2 0 3
0 1 0
0 32 40
0 1 0
0 1 1
0 1 0
2 0 4
0 1 0
0 49 41
0 1 0
4 0 258
0 1 0
0 44 31
0 1 0
0 31 17
0 1 0
0 1 1
0 1 0
0 38 23
0 1 0
2 0 2
0 1 0
0 14 16
0 1 0
0 32 40
0 1 0
0 6 5
0 1 0
0 36 51
0 1 0
2 0 5
0 1 0
0 23 39
0 1 0
3 0 7
0 1 0
3 0 2
0 1 0
3 0 3
0 1 0
0 21 36
0 1 0
1 35 104
0 1 0
0 2 1
0 1 0
3 0 3
0 1 0
0 23 21
0 1 0
1 46 123
0 1 0
2 0 10
0 1 0
0 9 8
0 1 0
0 42 58
0 1 0
4 0 378
0 1 0
0 17 20
0 1 0
2 0 3
0 1 0
0 37 45
0 1 0
3 0 8
0 1 0
3 0 2
0 1 0
0 25 24
0 1 0
0 28 34
0 1 0
0 20 24
0 1 0
0 15 15
0 1 0
0 38 30
0 1 0
3 0 9
0 1 0
0 25 33
0 1 0
2 0 8
0 1 0
0 39 41
0 1 0
0 41 27
0 1 0
4 0 549
0 1 0
4 0 675
0 1 0
0 47 47
0 1 0
0 38 51
0 1 0
0 39 34
0 1 0
0 9 6
0 1 0
4 0 695
0 1 0
0 21 16
0 1 0
1 40 165
0 1 0
0 3 5
0 1 0
0 5 5
0 1 0
0 29 36
0 1 0
3 0 9
0 1 0
0 4 3
0 1 0
4 0 620
0 1 0
0 20 29
0 1 0
0 47 71
0 1 0
0 21 16
0 1 0
0 3 5
0 1 0
0 27 47
0 1 0
0 21 30
0 1 0
0 3 4
0 1 0
3 0 1
0 1 0
0 27 34
0 1 0
3 0 1
0 1 0
0 16 7
0 1 0
0 17 14
0 1 0
0 38 41
0 1 0
0 8 10
0 1 0
1 41 104
0 1 0
0 41 27
0 1 0
1 4 13
0 1 0
0 25 32
0 1 0
3 0 5
0 1 0
4 0 475
0 1 0
0 26 39
0 1 0
0 31 28
0 1 0
0 25 25
0 1 0
0 4 2
0 1 0
0 5 2
0 1 0
0 21 30
0 1 0
4 0 937
0 1 0
0 29 30
0 1 0
0 49 44
0 1 0
1 21 117
0 1 0
0 38 32
0 1 0
0 10 12
0 1 0
2 0 10
0 1 0
4 0 843
0 1 0
2 0 6
0 1 0
2 0 9
0 1 0
4 0 687
0 1 0
0 23 37
0 1 0
0 43 40
0 1 0
0 40 28
0 1 0
0 43 60
0 1 0
2 0 4
0 1 0
4 0 811
0 1 0
0 24 26
0 1 0
0 46 65
0 1 0
2 0 8
0 1 0
0 30 34
0 1 0
0 2 2
0 1 0
2 0 1
0 1 0
0 39 58
0 1 0
0 27 9
0 1 0
3 0 8
0 1 0
2 0 1
0 1 0
0 31 52
0 1 0
0 38 22
0 1 0
0 23 13
0 1 0
1 18 107
0 1 0
2 0 9
0 1 0
2 0 9
0 1 0
2 0 4
0 1 0
0 22 28
0 1 0
0 18 15
0 1 0
0 6 6
0 1 0
0 15 22
0 1 0
2 0 0
0 1 0
0 2 2
0 1 0
0 5 5
0 1 0
0 34 37
0 1 0
1 32 136
0 1 0
0 13 13
0 1 0
0 28 28
0 1 0
0 27 30
0 1 0
0 31 32
0 1 0
2 0 1
0 1 0
0 12 9
0 1 0
0 14 12
0 1 0
0 50 80
0 1 0
0 31 50
0 1 0
2 0 4
0 1 0
4 0 770
0 1 0
2 0 8
0 1 0
3 0 6
0 1 0
1 34 140
0 1 0
0 18 21
0 1 0
1 46 211
0 1 0
4 0 655
0 1 0
0 26 11
0 1 0
0 38 51
0 1 0
3 0 7
0 1 0
1 20 56
0 1 0
1 26 102
0 1 0
0 28 26
0 1 0
0 20 18
0 1 0
0 34 36
0 1 0
0 26 35
0 1 0
3 0 6
0 1 0
2 0 2
0 1 0
0 10 10
0 1 0
0 45 40
0 1 0
0 5 4
0 1 0
0 50 52
0 1 0
0 11 12
0 1 0
0 39 41
0 1 0
0 5 2
0 1 0
0 1 1
0 1 0
2 0 7
0 1 0
0 2 1
0 1 0
0 17 20
0 1 0
0 11 10
0 1 0
0 38 36
0 1 0
3 0 0
0 1 0
0 1 1
0 1 0
0 32 28
0 1 0
0 25 27
0 1 0
3 0 0
0 1 0
0 49 50
0 1 0
2 0 1
0 1 0
0 48 61
0 1 0
0 42 20
0 1 0
3 0 10
0 1 0
4 0 358
0 1 0
0 11 12
0 1 0
3 0 1
0 1 0
0 28 13
0 1 0
0 25 25
0 1 0
3 0 7
0 1 0
0 33 37
0 1 0
0 9 9
0 1 0
1 9 31
0 1 0
0 6 10
0 1 0
4 0 825
0 1 0
0 28 32
0 1 0
4 0 581
0 1 0
0 34 46
0 1 0
1 15 92
0 1 0
0 43 49
0 1 0
0 25 21
0 1 0
0 12 11
0 1 0
0 39 37
0 1 0
3 0 1
0 1 0
0 17 15
0 1 0
0 3 3
0 1 0
3 0 7
0 1 0
0 19 19
0 1 0
0 30 34
0 1 0
0 13 17
0 1 0
4 0 400
0 1 0
2 0 7
0 1 0
2 0 5
0 1 0
3 0 4
0 1 0
0 37 29
0 1 0
0 37 46
0 1 0
0 35 32
0 1 0
4 0 594
0 1 0
2 0 3
0 1 0
0 41 37
0 1 0
0 48 50
0 1 0
2 0 7
0 1 0
0 30 16
0 1 0
0 24 22
0 1 0
0 7 4
0 1 0
0 42 30
0 1 0
0 50 94
0 1 0
0 4 6
0 1 0
2 0 4
0 1 0
0 31 22
0 1 0
2 0 5
0 1 0
4 0 772
0 1 0
0 32 38
0 1 0
3 0 5
0 1 0
2 0 10
0 1 0
0 19 21
0 1 0
0 41 89
0 1 0
0 4 4
0 1 0
2 0 3
0 1 0
1 40 82
0 1 0
0 17 14
0 1 0
0 15 5
0 1 0
0 26 14
0 1 0
0 48 58
0 1 0
0 38 42
0 1 0
0 17 21
0 1 0
0 29 44
0 1 0
0 31 19
0 1 0
0 22 25
0 1 0
2 0 1
0 1 0
4 0 994
0 1 0
0 31 25
0 1 0
0 42 14
0 1 0
2 0 8
0 1 0
1 42 179
0 1 0
0 25 21
0 1 0
2 0 3
0 1 0
0 49 52
0 1 0
0 43 54
0 1 0
0 30 17
0 1 0
0 3 4
0 1 0
2 0 9
0 1 0
0 1 1
0 1 0
2 0 5
0 1 0
2 0 1
0 1 0
0 43 33
0 1 0
0 2 2
0 1 0
2 0 0
0 1 0
0 32 38
0 1 0
0 5 3
0 1 0
0 36 42
0 1 0
2 0 7
0 1 0
0 46 77
0 1 0
0 4 3
0 1 0
4 0 882
0 1 0
4 0 343
0 1 0
0 5 4
0 1 0
0 29 30
0 1 0
4 0 855
0 1 0
0 33 19
0 1 0
1 47 116
0 1 0
2 0 6
0 1 0
3 0 5
0 1 0
0 20 8
0 1 0
2 0 6
0 1 0
0 36 38
0 1 0
2 0 9
0 1 0
2 0 3
0 1 0
2 0 10
0 1 0
3 0 8
0 1 0
0 2 1
0 1 0
0 8 10
0 1 0
0 18 27
0 1 0
0 8 5
0 1 0
0 40 70
0 1 0
0 26 31
0 1 0
3 0 4
0 1 0
0 13 12
0 1 0
4 0 421
0 1 0
0 35 25
0 1 0
2 0 2
0 1 0
3 0 10
0 1 0
2 0 6
0 1 0
0 44 32
0 1 0
1 31 111
0 1 0
4 0 504
0 1 0
0 3 3
0 1 0
0 1 1
0 1 0
0 50 48
0 1 0
0 30 31
0 1 0
0 12 8
0 1 0
0 31 34
0 1 0
0 35 32
0 1 0
0 41 31
0 1 0
0 19 15
0 1 0
0 8 9
0 1 0
2 0 2
0 1 0
0 28 44
0 1 0
0 13 6
0 1 0
0 24 18
0 1 0
0 39 52
0 1 0
0 44 19
0 1 0
0 20 23
0 1 0
3 0 1
0 1 0
0 34 37
0 1 0
3 0 1
0 1 0
0 35 39
0 1 0
0 9 9
0 1 0
0 23 34
0 1 0
2 0 5
0 1 0
0 20 17
0 1 0
0 37 41
0 1 0
0 15 16
0 1 0
2 0 7
0 1 0
2 0 5
0 1 0
0 19 22
0 1 0
2 0 8
0 1 0
0 44 36
0 1 0
3 0 10
0 1 0
1 26 78
0 1 0
0 50 76
0 1 0
2 0 7
0 1 0
0 6 6
0 1 0
0 22 19
0 1 0
0 1 1
0 1 0
0 26 14
0 1 0
0 10 9
0 1 0
0 49 61
0 1 0
2 0 6
0 1 0
0 22 17
0 1 0
3 0 1
0 1 0
0 35 46
0 1 0
2 0 6
0 1 0
0 24 38
0 1 0
0 14 4
0 1 0
0 22 23
0 1 0
3 0 7
0 1 0
0 9 9
0 1 0
2 0 8
0 1 0
0 48 22
0 1 0
1 8 28
0 1 0
0 41 39
0 1 0
0 1 1
0 1 0
2 0 8
0 1 0
0 18 35
0 1 0
2 0 8
0 1 0
0 39 53
0 1 0
4 0 657
0 1 0
0 34 45
0 1 0
2 0 10
0 1 0
0 29 42
0 1 0
0 20 24
0 1 0
0 49 39
0 1 0
0 19 16
0 1 0
0 16 17
0 1 0
2 0 3
0 1 0
0 17 20
0 1 0
0 18 16
0 1 0
3 0 9
0 1 0
2 0 4
0 1 0
0 17 12
0 1 0
0 44 59
0 1 0
0 32 33
0 1 0
0 31 36
0 1 0
0 41 42
0 1 0
0 16 23
0 1 0
0 48 82
0 1 0
0 3 3
0 1 0
2 0 8
0 1 0
0 32 37
0 1 0
0 13 22
0 1 0
2 0 0
0 1 0
0 13 16
0 1 0
0 32 33
0 1 0
4 0 453
0 1 0
3 0 1
0 1 0
0 2 2
0 1 0
2 0 10
0 1 0
2 0 3
0 1 0
0 2 2
0 1 0
0 46 67
0 1 0
1 41 215
0 1 0
2 0 2
0 1 0
3 0 8
0 1 0
0 35 42
0 1 0
0 26 25
0 1 0
0 21 20
0 1 0
2 0 1
0 1 0
2 0 5
0 1 0
0 39 45
0 1 0
1 21 58
0 1 0
0 35 35
0 1 0
0 19 22
0 1 0
4 0 657
0 1 0
0 3 3
0 1 0
2 0 10
0 1 0
2 0 9
0 1 0
0 17 17
0 1 0
0 3 2
0 1 0
0 6 11
0 1 0
0 47 29
0 1 0
0 6 5
0 1 0
0 40 43
0 1 0
0 36 52
0 1 0
0 46 49
0 1 0
3 0 1
0 1 0
0 22 12
0 1 0
0 42 45
0 1 0
0 32 45
0 1 0
0 31 37
0 1 0
0 49 77
0 1 0
0 10 6
0 1 0
2 0 1
0 1 0
0 50 50
0 1 0
0 19 28
0 1 0
3 0 7
0 1 0
4 0 320
0 1 0
0 31 20
0 1 0
3 0 8
0 1 0
0 14 12
0 1 0
0 45 43
0 1 0
1 27 117
0 1 0
2 0 6
0 1 0
4 0 656
0 1 0
0 49 35
0 1 0
2 0 1
0 1 0
0 17 22
0 1 0
0 47 45
0 1 0
1 22 102
0 1 0
0 19 30
0 1 0
1 44 1
0 1 0
4 0 458
0 1 0
3 0 3
0 1 0
0 47 58
0 1 0
0 36 25
0 1 0
0 17 11
0 1 0
2 0 8
0 1 0
0 1 1
0 1 0
0 12 12
0 1 0
0 48 58
0 1 0
2 0 6
0 1 0
0 40 42
0 1 0
2 0 1
0 1 0
3 0 9
0 1 0
0 11 12
0 1 0
0 35 34
0 1 0
2 0 6
0 1 0
2 0 3
0 1 0
0 15 12
0 1 0
3 0 0
0 1 0
0 23 19
0 1 0
1 12 43
0 1 0
0 23 22
0 1 0
0 16 12
0 1 0
0 29 23
0 1 0
1 9 40
0 1 0
0 38 27
0 1 0
0 3 2
0 1 0
0 20 26
0 1 0
0 43 44
0 1 0
0 12 14
0 1 0
2 0 10
0 1 0
0 17 14
0 1 0
0 40 48
0 1 0
0 16 16
0 1 0
2 0 3
0 1 0
0 35 40
0 1 0
3 0 10
0 1 0
0 37 48
0 1 0
0 24 32
0 1 0
0 46 35
0 1 0
0 23 8
0 1 0
0 18 8
0 1 0
0 15 17
0 1 0
2 0 2
0 1 0
3 0 3
0 1 0
0 2 3
0 1 0
2 0 0
0 1 0
0 44 50
0 1 0
0 46 65
0 1 0
1 49 166
0 1 0
0 47 50
0 1 0
0 25 20
0 1 0
0 46 57
0 1 0
0 1 1
0 1 0
0 46 54
0 1 0
0 8 9
0 1 0
0 2 2
0 1 0
0 37 22
0 1 0
0 47 73
0 1 0
0 50 45
0 1 0
0 29 40
0 1 0
0 1 1
0 1 0
0 42 52
0 1 0
0 16 10
0 1 0
2 0 8
0 1 0
2 0 4
0 1 0
2 0 1
0 1 0
0 5 4
0 1 0
0 3 3
0 1 0
0 24 23
0 1 0
2 0 6
0 1 0
1 26 172
0 1 0
0 47 58
0 1 0
0 16 18
0 1 0
0 49 31
0 1 0
2 0 9
0 1 0
0 17 13
0 1 0
4 0 998
0 1 0
1 17 72
0 1 0
0 33 15
0 1 0
2 0 8
0 1 0
0 50 31
0 1 0
0 15 12
0 1 0
3 0 6
0 1 0
1 46 227
0 1 0
3 0 6
0 1 0
2 0 4
0 1 0
0 10 8
0 1 0
0 27 29
0 1 0
0 30 31
0 1 0
0 41 43
0 1 0
0 14 8
0 1 0
0 13 16
0 1 0
0 13 13
0 1 0
2 0 1
0 1 0
0 25 41
0 1 0
0 42 39
0 1 0
2 0 7
0 1 0
2 0 7
0 1 0
2 0 2
0 1 0
0 49 69
0 1 0
0 43 32
0 1 0
0 9 2
0 1 0
2 0 5
0 1 0
0 50 50
0 1 0
4 0 221
0 1 0
3 0 6
0 1 0
0 48 47
0 1 0
0 28 19
0 1 0
0 45 62
0 1 0
0 44 48
0 1 0
0 34 36
0 1 0
0 25 15
0 1 0
4 0 507
0 1 0
0 15 12
0 1 0
3 0 10
0 1 0
0 25 39
0 1 0
0 39 30
0 1 0
0 4 5
0 1 0
0 36 57
0 1 0
0 26 40
0 1 0
0 37 31
0 1 0
1 13 71
0 1 0
0 17 14
0 1 0
0 1 1
0 1 0
2 0 9
0 1 0
0 7 10
0 1 0
0 42 45
0 1 0
0 29 35
0 1 0
0 49 34
0 1 0
1 7 25
0 1 0
0 11 15
0 1 0
0 47 56
0 1 0
2 0 4
0 1 0
2 0 2
0 1 0
1 49 165
0 1 0
0 34 17
0 1 0
0 32 14
0 1 0
4 0 868
0 1 0
0 37 31
0 1 0
0 6 4
0 1 0
3 0 9
0 1 0
0 39 54
0 1 0
0 20 13
0 1 0
0 14 18
0 1 0
3 0 6
0 1 0
3 0 6
0 1 0
0 44 77
0 1 0
0 10 13
0 1 0
1 27 152
0 1 0
2 0 7
0 1 0
4 0 432
0 1 0
0 14 15
0 1 0
1 36 147
0 1 0
4 0 641
0 1 0
0 31 26
0 1 0
0 48 34
0 1 0
0 45 48
0 1 0
0 36 57
0 1 0
3 0 1
0 1 0
3 0 2
0 1 0
2 0 9
0 1 0
2 0 4
0 1 0
0 46 45
0 1 0
0 3 4
0 1 0
0 18 20
0 1 0
0 46 28
0 1 0
0 17 23
0 1 0
0 39 57
0 1 0
2 0 3
0 1 0
0 46 35
0 1 0
2 0 8
0 1 0
2 0 5
0 1 0
3 0 0
0 1 0
0 42 42
0 1 0
2 0 6
0 1 0
0 11 6
0 1 0
0 26 14
0 1 0
0 46 28
0 1 0
0 38 34
0 1 0
0 19 24
0 1 0
0 40 31
0 1 0
1 26 102
0 1 0
4 0 865
0 1 0
0 22 24
0 1 0
0 25 40
0 1 0
1 17 52
0 1 0
0 22 19
0 1 0
0 16 17
0 1 0
0 41 14
0 1 0
2 0 5
0 1 0
0 38 39
0 1 0
3 0 3
0 1 0
4 0 419
0 1 0
3 0 2
0 1 0
2 0 1
0 1 0
2 0 3
0 1 0
0 27 41
0 1 0
0 9 9
0 1 0
2 0 9
0 1 0
3 0 8
0 1 0
0 50 54
0 1 0
0 45 54
0 1 0
0 40 59
0 1 0
3 0 0
0 1 0
4 0 582
0 1 0
0 21 20
0 1 0
0 3 5
0 1 0
3 0 6
0 1 0
0 42 63
0 1 0
0 1 1
0 1 0
2 0 4
0 1 0
0 11 1
0 1 0
0 39 32
0 1 0
0 22 32
0 1 0
0 45 27
0 1 0
0 42 32
0 1 0
0 11 5
0 1 0
0 33 12
0 1 0
0 32 53
0 1 0
3 0 3
0 1 0
0 44 49
0 1 0
0 8 7
0 1 0
0 28 29
0 1 0
0 4 5
0 1 0
4 0 966
0 1 0
0 14 13
0 1 0
0 39 54
0 1 0
0 47 34
0 1 0
0 40 24
0 1 0
3 0 7
0 1 0
0 46 57
0 1 0
0 7 6
0 1 0
0 42 48
0 1 0
2 0 2
0 1 0
0 1 1
0 1 0
3 0 8
0 1 0
3 0 4
0 1 0
0 42 36
0 1 0
0 36 41
0 1 0
0 3 3
0 1 0
2 0 10
0 1 0
0 1 1
0 1 0
1 19 71
0 1 0
0 4 5
0 1 0
0 8 1
0 1 0
0 31 40
0 1 0
2 0 9
0 1 0
3 0 0
0 1 0
0 41 33
0 1 0
0 4 4
0 1 0
0 28 23
0 1 0
0 47 38
0 1 0
4 0 826
0 1 0
2 0 7
0 1 0
4 0 960
0 1 0
3 0 6
0 1 0
0 4 4
0 1 0
2 0 1
0 1 0
0 12 12
0 1 0
0 26 19
0 1 0
0 3 3
0 1 0
0 49 37
0 1 0
0 50 44
0 1 0
0 10 7
0 1 0
0 33 21
0 1 0
2 0 0
0 1 0
2 0 2
0 1 0
0 49 54
0 1 0
0 37 37
0 1 0
2 0 0
0 1 0
0 28 25
0 1 0
0 31 34
0 1 0
0 34 28
0 1 0
0 19 14
0 1 0
0 38 27
0 1 0
2 0 9
0 1 0
0 30 35
0 1 0
3 0 6
0 1 0
1 6 19
0 1 0
3 0 7
0 1 0
0 33 45
0 1 0
0 35 47
0 1 0
0 44 44
0 1 0
2 0 2
0 1 0
2 0 5
0 1 0
0 14 23
0 1 0
0 8 5
0 1 0
2 0 3
0 1 0
0 21 20
0 1 0
0 13 10
0 1 0
3 0 6
0 1 0
0 45 41
0 1 0
0 32 42
0 1 0
3 0 6
0 1 0
1 35 150
0 1 0
0 33 35
0 1 0
0 29 36
0 1 0
0 14 15
0 1 0
0 50 55
0 1 0
0 3 3
0 1 0
3 0 6
0 1 0
0 50 47
0 1 0
2 0 6
0 1 0
0 34 36
0 1 0
0 21 26
0 1 0
2 0 6
0 1 0
4 0 504
0 1 0
0 18 20
0 1 0
1 28 154
0 1 0
4 0 398
0 1 0
2 0 9
0 1 0
0 4 3
0 1 0
0 4 3
0 1 0
0 50 83
0 1 0
0 40 43
0 1 0
1 1 3
0 1 0
0 7 7
0 1 0
0 33 19
0 1 0
0 41 35
0 1 0
3 0 3
0 1 0
0 38 51
0 1 0
3 0 4
0 1 0
2 0 10
0 1 0
4 0 881
0 1 0
0 19 27
0 1 0
0 2 2
0 1 0
1 48 180
0 1 0
0 15 18
0 1 0
3 0 9
0 1 0
0 36 43
0 1 0
0 40 50
0 1 0
0 48 29
0 1 0
0 17 20
0 1 0
0 22 23
0 1 0
2 0 1
0 1 0
3 0 10
0 1 0
2 0 1
0 1 0
0 40 57
0 1 0
2 0 4
0 1 0
4 0 829
0 1 0
4 0 792
0 1 0
0 31 31
0 1 0
3 0 1
0 1 0
0 10 10
0 1 0
0 36 35
0 1 0
0 4 5
0 1 0
0 45 33
0 1 0
0 23 25
0 1 0
2 0 9
0 1 0
2 0 5
0 1 0
3 0 6
0 1 0
0 40 44
0 1 0
2 0 5
0 1 0
3 0 6
