6 3 2 1000
5 9
6 7
154 131
7 8
27 17
134 89
34 26
12 9
14 23
202 106
36 31
205 150
14 12
42 29
23 18
5 4
13 12
10 8
186 196
120 116
146 122
108 116
17 13
163 232
22 19
200 189
175 147
66 49
10 7
7 8
13 16
23 26
8 3
196 195
23 21
9 4
37 43
55 87
14 7
21 17
22 23
14 19
26 14
4 7
5 2
6 10
26 43
137 247
15 14
69 65
30 36
19 26
60 36
25 30
131 72
108 78
105 155
7 12
15 16
19 25
13 10
59 107
134 157
123 192
26 22
55 39
24 31
30 34
31 47
5 7
18 21
72 69
17 19
19 33
27 44
4 3
72 72
18 23
6 7
27 44
41 21
219 342
27 37
16 14
180 128
173 204
126 69
18 20
6 10
240 252
24 34
29 24
33 21
6 5
76 67
70 49
24 19
197 274
38 34
69 105
21 28
122 82
67 32
23 51
195 143
7 3
17 17
17 12
150 160
8 7
5 2
38 44
27 35
8 8
7 4
20 24
73 98
6 5
4 8
119 122
199 211
65 118
44 41
7 9
40 27
20 14
5 7
4 2
231 167
164 288
48 49
10 19
38 36
27 37
11 9
193 152
7 8
6 8
237 416
50 47
25 28
17 22
14 12
131 183
246 136
210 246
25 16
5 10
80 82
15 14
51 35
243 171
42 62
143 218
73 45
72 68
36 22
95 58
20 15
24 28
100 105
70 54
7 7
22 16
17 11
6 5
174 130
145 284
6 5
82 123
49 51
17 22
53 134
103 84
6 5
6 9
8 4
9 10
47 31
10 10
76 86
9 5
99 116
37 34
7 13
11 10
9 8
9 14
20 17
188 184
56 46
4 4
15 18
72 82
15 16
92 62
16 19
13 14
204 130
215 284
28 18
10 11
87 63
8 6
56 33
31 30
165 191
229 209
125 147
25 30
19 18
55 61
44 38
58 61
89 136
255 171
110 153
8 9
36 25
10 8
12 9
77 45
25 12
4 5
89 116
9 7
49 43
44 44
15 19
6 6
191 192
22 19
11 15
27 29
19 17
13 11
7 4
229 159
16 12
11 11
15 13
129 181
5 4
4 3
11 13
128 114
39 30
160 112
169 181
253 260
76 201
14 12
10 6
51 74
171 99
156 151
42 37
42 31
28 29
133 93
8 5
20 25
5 7
40 38
110 94
9 7
6 12
14 19
27 36
42 46
19 13
43 38
57 76
235 176
55 52
28 28
48 48
221 301
10 13
22 28
21 29
124 250
37 23
9 7
56 64
29 37
5 7
137 184
37 33
194 189
78 49
102 78
5 8
4 6
6 7
7 6
58 61
5 7
25 26
8 8
243 468
11 15
32 36
10 8
16 13
11 8
52 39
76 105
5 6
152 127
9 7
91 85
12 14
224 432
73 112
18 28
41 27
15 19
8 7
172 131
12 12
7 10
12 17
112 115
174 105
90 73
5 4
53 68
11 17
16 25
86 59
46 134
103 154
26 44
20 15
66 60
131 198
161 352
123 230
9 19
7 4
180 147
119 215
16 21
17 14
13 17
213 177
218 125
60 60
105 110
114 133
43 63
39 40
7 7
8 6
191 133
36 39
5 5
4 3
89 144
17 18
144 185
5 6
119 60
19 11
212 126
30 24
39 40
61 45
245 254
8 6
6 6
38 33
4 5
146 123
4 4
29 25
10 8
22 22
81 77
33 33
7 13
4 5
37 37
76 112
13 15
42 39
25 17
8 15
17 31
48 92
8 8
29 71
109 92
5 4
5 7
163 123
7 4
114 178
10 8
8 5
18 26
21 33
190 274
8 5
20 12
124 111
17 17
4 3
105 166
18 12
9 6
26 26
152 178
7 5
56 131
210 143
139 119
144 134
38 37
84 138
9 6
4 3
18 18
20 22
141 170
6 7
11 14
17 12
131 154
5 3
11 9
11 10
22 19
223 246
137 254
5 5
60 40
6 7
100 181
12 7
43 41
15 18
65 60
8 8
90 96
76 77
251 223
23 27
214 236
13 9
9 5
4 4
11 6
14 12
8 5
26 28
23 30
10 11
6 5
4 5
53 34
6 8
11 8
24 21
121 54
79 48
6 7
4 4
43 110
35 38
9 6
131 185
52 60
18 16
151 142
9 7
54 54
51 55
24 25
57 83
17 31
6 7
243 360
41 40
5 3
28 29
14 12
36 43
114 107
27 22
8 9
21 13
4 2
101 80
44 24
85 90
119 144
231 219
217 225
4 4
237 214
225 263
41 36
69 67
17 20
9 8
67 98
151 104
14 11
34 34
7 5
219 325
34 39
22 25
68 58
35 57
6 8
15 9
11 11
84 97
65 96
32 40
126 120
37 79
29 47
159 248
47 47
11 16
22 20
19 27
12 13
77 112
179 93
57 45
9 9
33 26
122 153
33 22
29 13
32 29
8 12
14 6
6 4
204 516
135 234
153 187
32 29
7 6
9 8
112 62
64 70
10 8
48 37
7 5
117 186
54 67
109 111
61 35
25 31
215 347
14 19
51 55
7 8
16 14
5 3
211 119
28 15
10 5
179 145
12 9
15 13
24 26
52 34
128 226
231 227
233 259
171 211
118 93
142 234
58 79
63 37
18 11
33 49
54 88
32 53
43 21
24 19
7 6
7 10
6 7
99 108
44 44
32 23
31 28
68 54
25 22
96 169
5 6
136 163
149 228
65 127
9 9
10 11
40 58
19 11
132 118
5 6
5 6
15 18
5 5
121 67
7 6
116 56
6 5
123 198
9 13
7 9
4 5
7 7
100 82
44 53
23 24
9 16
22 27
18 21
4 4
136 226
84 83
6 9
105 133
118 65
46 53
38 46
85 120
4 6
9 12
113 75
199 178
6 8
96 51
21 48
4 4
205 296
6 2
176 188
104 88
126 174
9 7
52 47
5 7
10 8
4 4
32 25
68 50
75 78
7 5
5 5
77 76
21 10
5 4
7 8
5 6
50 63
7 5
80 74
6 6
27 37
8 7
10 19
13 21
84 74
9 9
8 6
19 25
22 18
222 221
7 6
41 29
20 19
36 22
10 10
72 127
94 87
17 32
5 4
4 5
69 107
13 10
40 22
171 200
20 19
86 47
12 7
7 8
12 13
53 43
145 114
14 16
84 59
83 62
215 130
11 15
103 148
108 92
18 22
11 14
5 6
7 5
63 91
29 34
115 112
12 10
5 5
207 120
239 187
14 16
210 339
18 24
138 164
60 103
135 139
129 66
13 14
28 32
4 7
20 28
90 108
24 15
169 151
29 29
114 128
4 2
32 34
53 60
25 43
47 32
42 45
142 100
46 36
95 76
86 48
11 12
79 78
9 7
13 25
31 32
9 14
37 22
17 24
7 6
14 18
44 50
15 12
124 134
19 36
144 54
200 158
43 43
31 35
40 56
123 161
92 111
5 7
5 7
7 7
8 5
16 11
31 44
147 163
14 33
218 214
162 123
36 21
37 24
89 81
28 22
142 206
8 4
64 96
18 15
224 162
26 30
17 20
76 57
10 5
46 27
63 57
24 23
120 112
4 7
42 36
30 22
11 12
149 136
5 4
25 19
11 9
21 22
15 17
12 8
11 12
6 4
85 67
109 103
4 4
8 8
5 4
106 102
6 5
11 10
53 67
23 33
81 63
22 31
37 49
11 13
8 11
35 62
92 73
57 59
56 49
163 122
10 18
175 323
18 13
10 7
96 94
195 184
8 8
14 10
7 9
4 5
5 7
11 21
55 58
121 137
232 257
104 79
193 464
136 96
26 46
102 65
17 18
6 4
35 21
81 112
12 9
179 180
32 20
191 138
225 343
7 5
9 8
5 4
93 133
9 6
32 44
19 22
211 173
12 11
76 42
43 58
65 51
116 93
32 27
11 8
9 11
5 3
16 14
7 5
26 73
4 3
103 148
7 7
4 5
19 20
111 59
45 59
7 14
9 5
161 189
70 50
38 25
97 88
10 13
7 5
63 80
7 4
33 30
12 9
177 160
7 10
22 19
32 38
6 13
20 21
32 14
5 6
59 51
201 225
8 8
85 106
82 106
54 56
4 5
143 202
15 22
52 45
253 234
55 46
50 64
47 59
127 292
14 7
105 152
22 20
7 12
199 144
49 38
13 12
184 261
15 18
23 16
108 95
50 51
25 18
6 5
125 112
5 3
4 7
63 73
24 17
20 11
37 33
76 171
49 59
123 155
41 71
16 12
11 12
123 99
10 13
46 45
10 5
123 134
5 5
131 132
33 32
172 166
145 243
21 16
11 10
10 8
35 37
4 4
119 91
72 94
74 112
132 68
31 27
26 23
13 10
127 92
69 50
6 4
9 11
12 17
17 27
7 6
65 80
6 6
6 5
5 5
239 293
14 17
14 8
46 22
17 30
251 337
26 28
236 274
116 99
5 4
5 8
46 86
71 64
5 3
147 157
21 26
28 25
19 16
72 52
7 10
61 53
8 12
15 13
86 57
8 5
147 104
163 151
85 94
6 6
7 10
176 94
31 40
11 10
176 115
228 233
17 10
53 150
10 10
50 47
31 35
17 22
37 33
139 90
5 5
100 165
4 7
18 34
37 39
89 99
22 9
60 65
12 14
38 34
154 268
9 9
4 4
14 8
243 287
127 206
9 5
124 149
12 15
16 14
16 23
51 76
225 197
10 16
6 6
51 35
23 19
30 25
92 96
131 199
63 79
5 7
11 19
186 364
4 3
17 25
15 19
225 313
39 60
18 19
7 8
202 175
210 234
6 7
61 57
17 14
16 14
5 4
10 12
17 21
181 177
8 7
168 320
35 21
6 6
22 21
38 43
10 16
22 28
23 26
42 37
88 56
42 34
10 6
38 38
35 51
6 5
9 13
5 6
53 39
28 27
11 10
38 63
46 36
4 3
217 136
5 4
54 46
4 4
167 148
18 32
36 41
48 28
6 6
12 7
7 7
69 87
49 50
23 19
6 8
6 7
98 66
125 99
28 49
11 28
23 17
235 260
15 12
178 177
6 10
14 5
49 53
9 9
14 17
124 389
19 18
46 23
10 12
139 88
60 60
40 46
8 10
247 183
4 4
38 43
16 10
18 16
6 7
7 8
22 22
78 110
33 30
13 12
5 7
13 17
86 86
64 58
13 11
7 6
211 116
18 15
5 2
20 17
191 158
167 189
84 139
9 15
23 30
15 15
6 8
10 25
44 44
162 328
218 150
14 19
17 17
155 118
42 53
8 6
80 132
20 19
35 20
6 3
55 91
16 15
9 7
6 6
130 171
216 200
40 28
84 156
22 41
8 5
52 24
111 172
59 62
5 7
219 312
31 27
6 7
4 5
111 79
41 43
91 89
65 41
17 21
4 5
114 129
6 4
211 247
79 119
10 9
22 20
8 11
29 27
80 106
27 22
7 5
165 168
5 8
4 5
21 26
139 136
246 251
17 27
46 40
70 124
15 17
9 8
136 113
14 19
4 2
190 164
6 5
26 43
163 183
250 286
8 7
9 9
22 14
14 10
6 7
63 89
41 43
25 19
7 4
57 52
13 11
60 57
35 22
31 54
46 56
54 42
9 9
14 6
28 28
12 12
20 18
106 114
40 70
10 15
50 55
22 18
6 6
46 94
21 20
242 174
58 70
9 9
69 92
137 94
111 118
124 172
16 15
42 38
41 39
232 260
71 73
51 38
5 4
9 7
11 10
34 40
64 27
247 248
77 67
239 339
12 9
213 218
37 27
20 14
76 123
6 4
154 126
6 4
109 117
42 48
145 125
60 91
7 9
234 221
47 68
122 218
242 194
34 50
21 33
213 164
27 32
117 193
101 119
140 116
14 8
8 13
10 7
7 9
106 52
4 6
200 163
35 27
35 88
69 59
65 61
7 11
122 108
28 26
66 36
178 181
8 7
14 13
4 4
30 37
13 8
10 8
9 13
129 78
7 5
27 21
5 6
163 135
61 89
133 130
113 112
35 19
22 24
16 15
127 85
94 74
7 7
107 105
4 4
164 126
24 26
33 48
58 64
195 247
37 31
8 12
4 5
36 22
137 216
37 34
22 22
5 6
10 6
4 3
17 33
172 133
113 82
46 43
23 25
239 263
7 8
169 193
4 4
32 32
28 27
67 34
13 7
98 102
10 11
7 5
55 58
144 175
5 4
23 12
146 271
168 147
11 15
60 50
110 112
76 44
5 9
56 30
8 10
26 25
17 22
6 10
56 78
5 3
9 15
10 8
9 8
227 372
88 83
57 89
7 4
65 40
39 56
24 25
8 14
27 39
180 118
17 13
26 42
13 14
15 11
9 6
68 44
14 11
18 20
4 4
208 176
9 9
25 34
56 60
11 13
27 49
7 4
11 12
6 4
6 7
243 112
8 9
41 36
100 73
46 120
8 9
219 223
224 301
149 140
87 97
18 31
19 31
127 147
226 190
69 63
99 109
27 33
113 121
39 76
21 21
10 6
41 39
18 21
6 10
6 8
213 249
90 82
61 57
134 108
68 52
33 28
73 77
58 72
207 350
149 153
6 6
51 119
20 11
12 12
14 11
225 299
25 31
5 9
16 17
187 114
82 80
65 71
137 111
39 40
33 18
254 230
21 24
18 10
85 105
100 79
4 3
49 58
85 94
152 140
68 69
242 209
15 14
18 34
18 25
36 30
15 6
151 81
72 40
179 203
8 8
230 369
31 18
40 45
198 492
18 25
5 4
245 199
79 113
130 145
45 21
93 81
141 161
37 36
11 6
46 37
76 60
69 72
5 4
26 21
198 172
191 133
80 63
31 43
14 11
52 27
5 10
26 26
136 199
134 134
4 7
13 16
4 3
8 7
24 40
59 61
43 96
35 25
67 54
66 95
5 9
10 7
4 3
10 8
94 86
19 21
56 46
28 18
6 3
19 15
7 10
9 13
77 56
207 305
7 9
222 316
13 11
168 99
68 57
8 13
25 26
8 7
12 12
9 9
232 221
11 10
110 70
8 2
181 116
52 47
78 68
148 111
12 16
23 18
7 6
7 8
151 150
27 33
98 170
75 125
16 13
8 8
28 43
210 213
82 39
170 141
6 5
199 204
7 7
95 95
13 10
134 69
72 77
138 92
147 130
86 107
111 106
7 6
13 20
132 178
31 42
100 91
45 65
250 307
71 47
14 15
53 44
131 77
9 19
69 103
237 297
177 260
12 10
4 5
5 6
180 243
12 12
205 425
160 219
58 69
37 33
19 22
15 15
10 9
201 279
44 41
160 174
35 32
23 23
110 109
11 14
13 11
9 6
139 94
39 27
36 15
37 31
25 25
185 189
15 14
24 26
39 98
41 66
16 11
12 15
16 13
6 3
5 12
78 74
112 148
49 56
33 30
42 26
212 155
28 36
253 343
171 209
125 127
32 42
30 42
18 11
58 113
86 122
26 30
58 51
43 69
75 112
122 102
172 75
234 318
12 25
227 227
111 100
134 188
27 26
245 252
5 5
9 12
38 18
11 9
13 10
104 104
48 66
17 40
169 137
67 75
231 238
4 6
20 15
36 19
77 134
48 77
28 29
199 239
231 232
44 43
16 22
11 11
153 144
57 94
204 180
42 88
10 13
169 185
94 123
6 8
10 7
96 177
47 34
7 6
69 37
199 179
5 5
4 3
6 6
5 4
14 23
28 30
4 5
29 44
7 2
152 159
56 93
40 40
11 12
5 9
5 8
21 38
76 43
16 8
7 6
88 123
20 17
187 265
36 35
128 97
156 92
6 6
193 247
35 42
43 76
140 134
27 14
78 112
6 8
31 32
244 212
6 5
159 136
5 4
204 185
229 210
102 137
9 13
13 6
12 11
138 302
58 29
92 48
171 113
30 27
211 148
32 40
44 50
4 5
28 44
30 41
54 76
76 96
23 30
218 184
18 21
145 123
52 66
87 88
26 25
82 103
8 13
24 44
10 10
67 42
215 195
14 8
25 19
138 150
5 3
8 13
4 6
13 14
105 125
174 208
24 22
6 2
72 83
8 8
100 137
30 45
8 9
98 95
25 17
8 5
12 21
21 17
127 243
66 44
90 72
109 121
186 337
49 34
229 207
21 17
123 213
194 306
89 75
210 412
128 60
157 202
61 27
81 38
165 137
6 5
30 39
37 48
54 64
14 19
88 63
104 88
33 52
80 108
12 12
169 109
22 19
36 26
156 90
34 42
24 32
5 5
6 6
4 5
70 68
178 104
152 177
35 20
18 32
108 169
120 78
58 35
88 68
54 42
48 34
78 63
214 237
145 80
5 4
13 14
53 45
30 26
64 70
16 33
236 279
115 132
14 15
14 12
6 2
14 18
107 78
6 7
19 16
76 46
6 3
30 23
134 144
111 78
5 3
15 12
4 6
13 15
27 23
102 170
66 75
58 57
31 25
228 291
6 5
42 27
151 265
49 39
18 29
14 17
37 31
8 13
254 370
140 77
169 169
67 69
5 6
126 90
105 98
249 380
5 8
165 143
70 126
52 42
218 273
36 30
103 156
16 16
114 107
34 42
19 13
21 26
136 160
124 114
160 152
204 157
59 66
27 14
30 21
51 44
7 5
11 14
13 17
84 117
9 13
153 129
12 7
146 151
16 21
251 247
69 66
13 15
31 64
22 14
101 71
250 213
87 80
27 39
83 83
8 5
60 80
207 149
4 8
44 28
88 64
5 7
109 42
42 53
4 6
15 16
4 3
75 74
6 5
27 20
22 21
147 88
52 38
10 16
6 8
80 36
6 7
198 171
11 15
23 28
192 216
19 18
145 128
15 15
12 9
191 236
15 19
22 41
11 13
90 64
4 4
12 37
58 69
6 5
36 22
168 157
6 8
25 41
31 45
21 18
41 30
21 22
4 3
24 23
10 7
14 14
15 9
170 123
157 140
58 42
7 5
21 26
221 408
14 26
9 8
74 105
165 178
10 11
150 88
6 5
10 14
8 6
10 10
8 9
32 50
23 16
13 23
24 18
69 44
14 18
11 7
9 5
250 186
70 75
89 63
16 20
19 15
50 39
4 6
11 11
33 54
14 15
40 45
4 5
17 12
54 58
52 47
197 212
65 59
232 146
41 39
173 108
53 50
27 33
6 7
30 21
12 12
8 15
101 70
171 187
16 14
11 16
96 154
5 8
9 6
6 4
4 4
253 271
18 25
70 61
4 10
22 24
8 6
246 338
11 7
48 61
13 13
6 12
128 134
38 42
24 40
13 14
19 30
41 66
12 15
5 6
109 88
5 4
41 23
9 8
197 229
159 269
13 21
22 43
14 9
18 25
55 28
130 73
21 25
12 11
96 75
62 48
10 11
16 13
9 14
6 8
222 192
155 198
6 8
22 29
5 5
120 184
134 149
172 177
11 9
26 15
9 5
7 20
22 35
41 47
11 11
8 9
121 145
38 56
28 17
19 15
147 225
141 45
222 202
102 63
52 40
136 102
159 146
4 2
5 7
5 5
201 166
224 444
153 212
161 146
13 12
4 4
86 98
93 95
45 52
115 152
14 10
9 10
5 5
8 8
175 162
16 18
40 47
13 11
17 20
70 186
108 141
17 16
5 5
9 19
66 38
10 15
37 30
21 27
117 82
6 7
23 13
38 48
133 110
35 23
34 29
6 4
24 32
52 51
9 6
14 22
49 41
59 53
21 21
75 67
71 44
97 110
234 129
20 13
130 151
42 43
20 27
67 72
227 251
109 91
19 13
236 141
233 256
21 11
29 34
125 83
48 80
23 19
50 53
122 260
78 45
59 84
28 18
39 49
4 7
102 90
13 10
109 104
64 57
7 5
90 149
8 10
32 20
152 162
50 54
21 14
30 44
200 422
48 36
22 39
126 93
85 81
46 58
13 13
4 3
14 11
21 13
198 187
67 97
141 247
36 54
16 10
199 322
27 37
4 6
67 43
181 148
164 168
6 4
130 103
10 7
6 5
238 371
158 135
76 63
6 5
158 130
21 12
45 38
16 20
149 163
20 24
253 210
39 41
33 37
74 107
7 8
6 6
98 112
159 189
10 6
5 6
56 78
251 186
90 79
55 58
13 13
7 6
21 15
127 156
9 5
45 51
5 4
4 3
98 124
41 48
60 53
240 450
168 223
72 74
9 3
123 108
190 232
21 25
9 15
8 8
14 17
147 147
8 6
32 29
9 6
6 6
28 32
4 4
85 74
4 6
48 54
37 77
186 256
22 25
175 204
15 13
75 90
43 24
9 15
5 4
5 3
34 31
229 116
9 12
29 18
127 96
20 19
4 7
187 249
16 15
80 119
28 30
28 40
10 11
55 48
5 5
71 99
23 31
14 14
33 31
215 355
191 116
63 62
34 26
190 186
18 10
81 78
13 18
235 248
24 19
112 107
4 6
101 68
23 17
49 44
12 7
12 18
240 289
49 60
16 16
55 29
43 85
18 16
44 42
82 104
5 6
10 7
74 69
16 14
85 59
9 19
34 34
55 66
67 42
38 44
187 155
46 51
49 25
217 241
9 11
6 15
152 245
29 17
23 27
7 8
7 7
161 196
13 17
14 17
107 119
27 24
18 13
245 234
95 44
27 31
4 2
9 17
148 161
179 110
222 183
13 17
18 15
104 190
51 47
216 256
239 146
4 3
106 76
5 6
10 10
49 40
86 75
25 28
208 169
150 149
8 8
5 4
94 80
14 25
16 18
7 7
6 11
12 20
32 35
43 20
29 30
134 70
10 6
11 10
40 43
25 36
40 39
10 9
28 55
9 6
19 28
131 170
98 125
5 4
32 21
29 17
11 8
10 7
153 156
9 12
112 98
220 202
97 133
61 66
24 17
10 6
9 13
5 4
93 134
125 167
13 16
6 3
154 107
16 14
5 5
215 326
7 6
20 30
189 204
17 14
39 29
56 81
6 6
93 96
17 22
5 4
23 30
32 61
30 20
7 6
23 19
7 8
129 140
56 61
44 45
7 7
251 263
176 183
26 20
148 168
139 176
129 139
224 263
23 25
81 70
236 145
14 12
6 7
51 71
69 64
29 34
15 17
68 44
233 142
21 12
37 23
48 58
24 16
141 166
202 270
37 41
21 16
31 43
5 4
14 25
84 90
6 4
18 13
98 104
19 20
85 91
190 192
14 7
174 166
72 86
12 16
44 33
181 160
26 18
5 6
221 360
38 25
207 261
25 32
111 88
52 44
19 16
80 100
4 5
199 131
166 346
26 13
31 26
30 25
8 8
178 119
46 61
8 7
123 152
122 102
238 195
9 7
146 94
50 62
14 11
7 10
6 4
153 93
52 41
12 10
31 74
73 61
79 80
12 15
11 7
11 10
235 256
6 9
111 110
11 8
127 188
163 154
35 53
75 52
107 134
27 39
12 12
8 5
166 222
5 4
138 187
40 68
4 3
83 178
5 4
80 181
40 26
19 19
104 79
24 10
43 22
141 84
40 63
9 7
7 5
14 13
13 13
22 27
9 7
8 14
11 18
26 34
37 63
17 17
246 195
5 6
5 7
56 49
9 13
26 15
72 67
15 8
6 7
121 103
20 28
16 15
9 7
47 42
41 24
14 16
6 5
144 130
10 4
4 3
59 44
87 47
105 121
21 25
73 122
35 28
13 9
150 290
42 27
8 12
7 5
12 12
193 107
48 71
4 3
154 163
20 18
5 3
38 34
172 136
138 193
11 10
6 8
29 24
5 7
40 30
248 442
51 34
22 23
56 57
175 147
4 7
114 130
7 8
238 300
10 13
59 58
7 8
12 12
65 57
48 35
10 14
6 9
12 12
79 132
170 137
234 202
39 42
11 15
87 103
12 11
56 72
73 97
6 11
35 36
177 151
67 52
91 113
23 24
5 7
21 16
7 10
18 27
20 15
46 55
134 106
18 14
10 11
88 119
4 8
10 6
167 155
11 11
73 52
6 4
240 166
248 279
41 33
4 7
89 75
19 22
163 153
82 99
32 28
58 79
16 14
24 16
4 5
211 128
16 11
62 74
229 263
28 26
164 136
198 158
152 227
249 147
24 27
12 13
8 13
9 6
67 81
131 140
13 14
6 8
199 168
18 20
177 153
62 77
18 21
253 299
10 6
9 6
20 25
127 180
185 159
253 205
42 52
248 150
68 80
97 132
4 3
34 21
5 5
39 37
30 36
122 104
5 9
213 181
6 11
12 16
16 21
12 22
76 134
135 135
38 110
171 159
237 228
4 3
17 14
76 56
156 178
75 107
121 87
17 14
6 5
41 38
197 244
17 23
5 4
241 243
33 32
6 3
24 22
148 122
57 49
86 154
90 91
4 5
84 134
44 75
6 5
4 4
6 4
171 183
216 250
202 140
34 38
5 4
58 77
84 97
75 44
210 160
215 256
7 8
137 103
64 48
53 37
17 12
49 46
118 147
14 10
108 175
38 43
30 20
228 248
149 100
44 42
78 63
6 4
167 142
52 52
72 51
229 163
57 58
12 15
35 42
194 361
173 226
9 10
181 122
8 7
58 38
10 8
25 24
6 6
12 14
63 97
182 183
22 19
12 10
14 7
10 15
14 15
137 142
64 78
66 67
75 65
82 99
15 9
6 8
10 9
17 22
45 77
6 4
66 70
137 149
48 55
37 41
4 2
5 5
202 189
196 287
14 11
4 3
5 3
51 34
93 102
241 215
14 9
11 9
21 18
11 6
6 5
26 26
13 15
63 60
7 7
27 40
25 22
5 4
15 18
204 110
120 128
56 56
141 387
10 8
214 129
105 77
6 4
83 80
236 136
15 24
11 16
26 36
5 7
13 12
8 8
29 34
29 13
170 214
33 53
64 80
11 12
43 42
239 320
67 59
94 115
78 116
90 102
242 147
28 36
67 54
127 153
7 10
6 9
92 84
14 17
14 14
61 63
15 14
12 12
14 22
30 36
5 4
11 6
74 80
138 248
16 15
16 17
53 57
80 77
9 11
88 103
78 106
16 12
20 18
40 46
144 162
61 42
176 274
11 11
18 11
74 65
15 26
229 312
33 38
207 309
33 45
24 27
222 329
6 7
111 157
11 5
40 35
250 154
190 269
80 54
77 72
7 8
115 197
90 73
28 25
24 36
7 9
8 9
25 21
130 113
21 23
103 100
20 12
69 44
241 386
68 62
8 6
12 21
19 21
111 88
58 34
10 6
18 7
5 7
82 186
32 31
6 9
100 146
17 22
74 69
9 19
11 7
190 217
32 37
28 37
4 4
11 20
76 173
7 5
26 19
27 39
97 87
16 9
104 112
34 23
21 24
29 22
131 196
4 5
8 10
4 2
20 30
39 39
14 18
7 7
101 76
12 8
59 38
225 191
18 13
37 35
10 16
41 29
12 9
172 152
33 30
15 15
20 26
7 12
158 149
29 49
34 37
243 218
20 32
31 32
5 4
20 31
90 100
217 120
26 17
160 378
72 65
65 64
10 12
14 17
11 13
58 44
37 51
31 28
60 67
20 15
10 12
21 27
9 7
254 196
26 24
22 19
25 17
186 127
23 29
4 0
1 16
1 33
1 11
0 43
1 30
0 1 0
0 24 21
0 1 0
2 0 1
0 1 0
2 0 4
0 1 0
1 18 44
0 1 0
2 0 2
0 1 0
0 29 41
0 1 0
0 28 14
0 1 0
2 0 9
0 1 0
0 39 48
0 1 0
4 0 673
0 1 0
1 37 40
0 1 0
0 6 6
0 1 0
4 0 736
0 1 0
2 0 4
0 1 0
2 0 3
0 1 0
4 0 538
0 1 0
1 17 52
0 1 0
0 35 29
0 1 0
0 40 35
0 1 0
1 24 93
0 1 0
1 3 7
0 1 0
1 31 21
0 1 0
1 38 143
0 1 0
1 33 97
0 1 0
2 0 4
0 1 0
4 0 736
0 1 0
1 25 63
0 1 0
1 18 57
0 1 0
3 0 7
0 1 0
0 30 33
0 1 0
0 15 11
0 1 0
3 0 1
0 1 0
0 8 9
0 1 0
0 40 47
0 1 0
1 3 7
0 1 0
1 7 19
0 1 0
3 0 5
0 1 0
2 0 7
0 1 0
2 0 5
0 1 0
0 30 19
0 1 0
2 0 7
0 1 0
3 0 2
0 1 0
0 24 40
0 1 0
0 45 13
0 1 0
3 0 8
0 1 0
2 0 9
0 1 0
1 24 55
0 1 0
2 0 8
0 1 0
0 16 11
0 1 0
4 0 799
0 1 0
2 0 7
0 1 0
4 0 232
0 1 0
2 0 8
0 1 0
3 0 9
0 1 0
0 40 34
0 1 0
0 40 50
0 1 0
0 5 4
0 1 0
0 8 7
0 1 0
2 0 0
0 1 0
0 26 22
0 1 0
0 21 21
0 1 0
0 27 14
0 1 0
2 0 6
0 1 0
0 13 16
0 1 0
1 19 33
0 1 0
0 1 1
0 1 0
0 19 24
0 1 0
1 17 62
0 1 0
2 0 6
0 1 0
0 6 5
0 1 0
3 0 7
0 1 0
0 26 26
0 1 0
1 14 49
0 1 0
0 41 35
0 1 0
2 0 0
0 1 0
1 50 162
0 1 0
2 0 8
0 1 0
2 0 0
0 1 0
0 35 27
0 1 0
1 13 41
0 1 0
1 30 46
0 1 0
0 47 7
0 1 0
2 0 9
0 1 0
0 29 27
0 1 0
2 0 2
0 1 0
0 36 11
0 1 0
0 38 15
0 1 0
0 37 57
0 1 0
4 0 621
0 1 0
0 48 49
0 1 0
3 0 10
0 1 0
0 3 3
0 1 0
2 0 0
0 1 0
1 50 130
0 1 0
0 13 12
0 1 0
3 0 4
0 1 0
1 13 19
0 1 0
1 39 63
0 1 0
4 0 428
0 1 0
3 0 5
0 1 0
0 50 43
0 1 0
2 0 2
0 1 0
2 0 4
0 1 0
1 26 115
0 1 0
1 2 4
0 1 0
3 0 1
0 1 0
2 0 10
0 1 0
0 32 30
0 1 0
4 0 788
0 1 0
4 0 555
0 1 0
0 26 19
0 1 0
1 23 70
0 1 0
2 0 0
0 1 0
0 13 12
0 1 0
3 0 10
0 1 0
1 32 95
0 1 0
0 27 22
0 1 0
0 20 19
0 1 0
0 12 12
0 1 0
0 49 58
0 1 0
2 0 9
0 1 0
0 9 9
0 1 0
4 0 691
0 1 0
1 9 44
0 1 0
0 3 4
0 1 0
1 46 218
0 1 0
1 34 125
0 1 0
3 0 1
0 1 0
0 26 32
0 1 0
0 5 6
0 1 0
1 2 9
0 1 0
0 2 2
0 1 0
0 42 48
0 1 0
0 20 5
0 1 0
4 0 291
0 1 0
0 7 9
0 1 0
0 16 6
0 1 0
1 11 32
0 1 0
0 44 60
0 1 0
0 37 32
0 1 0
2 0 6
0 1 0
1 36 78
0 1 0
1 45 109
0 1 0
4 0 782
0 1 0
0 35 51
0 1 0
4 0 674
0 1 0
1 13 52
0 1 0
4 0 755
0 1 0
0 36 32
0 1 0
0 18 23
0 1 0
2 0 2
0 1 0
2 0 9
0 1 0
1 42 83
0 1 0
1 13 29
0 1 0
1 30 70
0 1 0
1 31 95
0 1 0
0 30 21
0 1 0
3 0 2
0 1 0
4 0 661
0 1 0
1 44 190
0 1 0
0 5 5
0 1 0
4 0 627
0 1 0
0 33 20
0 1 0
1 36 80
0 1 0
3 0 7
0 1 0
1 13 38
0 1 0
1 33 63
0 1 0
0 27 19
0 1 0
2 0 4
0 1 0
0 32 28
0 1 0
2 0 8
0 1 0
4 0 792
0 1 0
2 0 10
0 1 0
1 17 47
0 1 0
3 0 10
0 1 0
0 25 31
0 1 0
0 23 16
0 1 0
0 29 33
0 1 0
0 11 10
0 1 0
0 9 6
0 1 0
1 18 71
0 1 0
1 19 74
0 1 0
0 13 12
0 1 0
1 34 126
0 1 0
2 0 4
0 1 0
0 18 11
0 1 0
2 0 2
0 1 0
4 0 371
0 1 0
2 0 1
0 1 0
3 0 3
0 1 0
0 16 21
0 1 0
1 14 28
0 1 0
1 44 187
0 1 0
0 11 17
0 1 0
2 0 10
0 1 0
1 23 88
0 1 0
4 0 981
0 1 0
0 47 58
0 1 0
0 41 65
0 1 0
4 0 687
0 1 0
1 2 7
0 1 0
1 50 171
0 1 0
4 0 663
0 1 0
0 47 42
0 1 0
4 0 595
0 1 0
1 10 30
0 1 0
0 4 5
0 1 0
1 28 110
0 1 0
0 4 4
0 1 0
0 20 16
0 1 0
1 40 90
0 1 0
2 0 6
0 1 0
0 6 5
0 1 0
0 18 25
0 1 0
0 20 15
0 1 0
0 50 35
0 1 0
0 29 32
0 1 0
3 0 2
0 1 0
3 0 8
0 1 0
2 0 4
0 1 0
0 45 48
0 1 0
1 7 18
0 1 0
2 0 0
0 1 0
3 0 10
0 1 0
2 0 5
0 1 0
0 27 20
0 1 0
0 34 43
0 1 0
1 34 131
0 1 0
1 45 133
0 1 0
4 0 830
0 1 0
1 3 3
0 1 0
2 0 1
0 1 0
2 0 7
0 1 0
0 46 57
0 1 0
0 32 50
0 1 0
2 0 1
0 1 0
0 29 18
0 1 0
1 1 4
0 1 0
0 20 26
0 1 0
0 45 47
0 1 0
1 6 24
0 1 0
2 0 4
0 1 0
0 11 10
0 1 0
1 24 66
0 1 0
0 24 33
0 1 0
0 42 49
0 1 0
0 41 53
0 1 0
2 0 9
0 1 0
1 41 126
0 1 0
0 2 1
0 1 0
2 0 1
0 1 0
0 17 12
0 1 0
2 0 6
0 1 0
2 0 8
0 1 0
1 2 7
0 1 0
1 31 100
0 1 0
2 0 9
0 1 0
4 0 600
0 1 0
0 1 1
0 1 0
1 30 77
0 1 0
2 0 10
0 1 0
0 29 34
0 1 0
0 2 1
0 1 0
1 22 54
0 1 0
4 0 607
0 1 0
2 0 10
0 1 0
1 42 163
0 1 0
2 0 1
0 1 0
1 17 73
0 1 0
2 0 9
0 1 0
2 0 5
0 1 0
1 38 115
0 1 0
4 0 787
0 1 0
1 47 106
0 1 0
1 27 41
0 1 0
2 0 8
0 1 0
0 36 56
0 1 0
4 0 354
0 1 0
3 0 3
0 1 0
0 29 26
0 1 0
0 1 1
0 1 0
4 0 423
0 1 0
0 15 7
0 1 0
2 0 0
0 1 0
4 0 796
0 1 0
0 49 20
0 1 0
0 16 23
0 1 0
1 26 76
0 1 0
0 3 5
0 1 0
0 25 23
0 1 0
1 18 49
0 1 0
0 23 32
0 1 0
0 27 33
0 1 0
3 0 6
0 1 0
0 18 6
0 1 0
0 14 16
0 1 0
1 24 108
0 1 0
2 0 0
0 1 0
0 13 16
0 1 0
2 0 4
0 1 0
0 38 53
0 1 0
2 0 3
0 1 0
0 42 53
0 1 0
1 40 155
0 1 0
0 15 19
0 1 0
2 0 10
0 1 0
2 0 0
0 1 0
2 0 1
0 1 0
2 0 5
0 1 0
0 46 50
0 1 0
2 0 1
0 1 0
3 0 4
0 1 0
1 3 11
0 1 0
1 9 15
0 1 0
1 38 91
0 1 0
0 12 11
0 1 0
2 0 4
0 1 0
1 34 114
0 1 0
0 12 12
0 1 0
0 34 40
0 1 0
2 0 9
0 1 0
0 38 50
0 1 0
1 2 6
0 1 0
3 0 5
0 1 0
2 0 1
0 1 0
1 19 48
0 1 0
2 0 5
0 1 0
4 0 230
0 1 0
2 0 2
0 1 0
2 0 0
0 1 0
1 30 119
0 1 0
1 29 41
0 1 0
0 12 8
0 1 0
2 0 1
0 1 0
1 23 84
0 1 0
0 43 58
0 1 0
3 0 5
0 1 0
1 39 112
0 1 0
1 11 20
0 1 0
1 5 24
0 1 0
2 0 6
0 1 0
0 5 4
0 1 0
0 23 20
0 1 0
2 0 6
0 1 0
4 0 645
0 1 0
2 0 7
0 1 0
0 10 3
0 1 0
0 22 14
0 1 0
1 32 100
0 1 0
0 50 61
0 1 0
4 0 791
0 1 0
1 39 100
0 1 0
0 30 36
0 1 0
0 12 19
0 1 0
0 32 34
0 1 0
0 45 40
0 1 0
0 36 24
0 1 0
2 0 8
0 1 0
1 24 60
0 1 0
2 0 9
0 1 0
0 18 14
0 1 0
0 22 22
0 1 0
1 21 83
0 1 0
2 0 1
0 1 0
2 0 4
0 1 0
4 0 408
0 1 0
0 40 36
0 1 0
2 0 7
0 1 0
4 0 954
0 1 0
1 6 9
0 1 0
1 38 127
0 1 0
0 36 36
0 1 0
1 38 38
0 1 0
0 27 32
0 1 0
0 39 59
0 1 0
0 1 1
0 1 0
0 44 50
0 1 0
1 22 80
0 1 0
1 21 49
0 1 0
1 20 37
0 1 0
0 7 11
0 1 0
1 2 3
0 1 0
1 35 65
0 1 0
1 45 86
0 1 0
0 12 9
0 1 0
3 0 7
0 1 0
0 25 28
0 1 0
4 0 594
0 1 0
2 0 9
0 1 0
2 0 2
0 1 0
0 3 2
0 1 0
0 23 21
0 1 0
4 0 379
0 1 0
4 0 623
0 1 0
0 30 40
0 1 0
2 0 1
0 1 0
1 19 48
0 1 0
3 0 9
0 1 0
0 5 1
0 1 0
2 0 3
0 1 0
2 0 1
0 1 0
3 0 8
0 1 0
1 33 62
0 1 0
0 32 30
0 1 0
0 26 14
0 1 0
2 0 4
0 1 0
1 45 234
0 1 0
1 41 86
0 1 0
0 33 27
0 1 0
2 0 0
0 1 0
0 10 7
0 1 0
2 0 8
0 1 0
0 13 17
0 1 0
0 12 10
0 1 0
0 33 36
0 1 0
1 11 31
0 1 0
0 42 43
0 1 0
0 27 30
0 1 0
2 0 2
0 1 0
0 24 26
0 1 0
3 0 7
0 1 0
0 35 32
0 1 0
1 43 14
0 1 0
0 19 14
0 1 0
2 0 9
0 1 0
1 34 78
0 1 0
1 25 56
0 1 0
2 0 0
0 1 0
2 0 7
0 1 0
0 20 22
0 1 0
2 0 7
0 1 0
1 32 141
0 1 0
0 7 7
0 1 0
1 26 45
0 1 0
0 5 8
0 1 0
1 26 110
0 1 0
2 0 5
0 1 0
2 0 6
0 1 0
4 0 616
0 1 0
2 0 1
0 1 0
1 41 150
0 1 0
0 11 14
0 1 0
1 14 29
0 1 0
0 45 34
0 1 0
4 0 383
0 1 0
0 13 15
0 1 0
4 0 730
0 1 0
4 0 892
0 1 0
0 23 24
0 1 0
1 15 28
0 1 0
4 0 421
0 1 0
0 14 15
0 1 0
0 48 64
0 1 0
0 2 2
0 1 0
0 50 42
0 1 0
1 2 1
0 1 0
1 49 13
0 1 0
2 0 5
0 1 0
1 27 42
0 1 0
0 4 5
0 1 0
4 0 830
0 1 0
1 15 67
0 1 0
0 43 51
0 1 0
1 5 16
0 1 0
2 0 4
0 1 0
4 0 877
0 1 0
0 45 40
0 1 0
0 14 11
0 1 0
1 44 134
0 1 0
4 0 674
0 1 0
0 8 9
0 1 0
1 39 121
0 1 0
1 2 7
0 1 0
4 0 608
0 1 0
1 16 47
0 1 0
0 42 47
0 1 0
2 0 2
0 1 0
1 31 96
0 1 0
0 37 49
0 1 0
1 29 122
0 1 0
2 0 10
0 1 0
0 16 18
0 1 0
0 46 50
0 1 0
0 24 23
0 1 0
4 0 211
0 1 0
2 0 4
0 1 0
2 0 7
0 1 0
2 0 4
0 1 0
1 8 20
0 1 0
0 12 7
0 1 0
0 45 48
0 1 0
0 5 5
0 1 0
1 10 33
0 1 0
3 0 0
0 1 0
2 0 0
0 1 0
4 0 812
0 1 0
2 0 3
0 1 0
0 40 39
0 1 0
0 9 10
0 1 0
0 45 37
0 1 0
0 46 49
0 1 0
2 0 8
0 1 0
2 0 4
0 1 0
0 32 34
0 1 0
1 33 83
0 1 0
0 11 4
0 1 0
0 10 15
0 1 0
2 0 7
0 1 0
0 21 12
0 1 0
2 0 0
0 1 0
4 0 406
0 1 0
0 49 65
0 1 0
2 0 7
0 1 0
1 17 56
0 1 0
0 3 3
0 1 0
1 28 120
0 1 0
0 15 25
0 1 0
2 0 7
0 1 0
2 0 2
0 1 0
1 24 101
0 1 0
4 0 949
0 1 0
0 9 14
0 1 0
0 26 19
0 1 0
0 46 44
0 1 0
0 41 15
0 1 0
0 37 38
0 1 0
2 0 2
0 1 0
2 0 2
0 1 0
1 41 109
0 1 0
0 4 4
0 1 0
2 0 0
0 1 0
1 13 40
0 1 0
0 40 38
0 1 0
0 27 23
0 1 0
2 0 4
0 1 0
1 17 41
0 1 0
2 0 3
0 1 0
1 45 200
0 1 0
1 40 65
0 1 0
0 2 2
0 1 0
2 0 4
0 1 0
0 16 19
0 1 0
3 0 1
0 1 0
0 19 21
0 1 0
0 27 18
0 1 0
0 36 50
0 1 0
1 42 121
0 1 0
2 0 1
0 1 0
1 18 69
0 1 0
2 0 8
0 1 0
2 0 4
0 1 0
1 9 30
0 1 0
0 45 45
0 1 0
2 0 3
0 1 0
2 0 6
0 1 0
1 34 109
0 1 0
0 13 23
0 1 0
0 33 36
0 1 0
3 0 4
0 1 0
2 0 2
0 1 0
0 49 42
0 1 0
2 0 4
0 1 0
2 0 1
0 1 0
0 12 7
0 1 0
2 0 10
0 1 0
0 8 9
0 1 0
0 44 57
0 1 0
2 0 4
0 1 0
0 41 48
0 1 0
0 23 28
0 1 0
0 19 9
0 1 0
2 0 7
0 1 0
2 0 5
0 1 0
2 0 5
0 1 0
1 40 147
0 1 0
0 44 20
0 1 0
0 26 26
0 1 0
0 28 1
0 1 0
1 44 155
0 1 0
4 0 647
0 1 0
4 0 356
0 1 0
2 0 10
0 1 0
2 0 8
0 1 0
0 1 1
0 1 0
0 4 5
0 1 0
0 13 9
0 1 0
1 33 110
0 1 0
1 32 68
0 1 0
0 42 49
0 1 0
3 0 5
0 1 0
0 10 5
0 1 0
0 16 18
0 1 0
2 0 1
0 1 0
4 0 361
0 1 0
1 45 116
0 1 0
0 7 8
0 1 0
2 0 2
0 1 0
0 7 11
0 1 0
2 0 8
0 1 0
0 44 41
0 1 0
1 45 137
0 1 0
0 46 65
0 1 0
0 13 8
0 1 0
0 16 22
0 1 0
1 9 20
0 1 0
4 0 709
0 1 0
0 35 34
0 1 0
2 0 3
0 1 0
0 26 24
0 1 0
1 39 105
0 1 0
4 0 850
0 1 0
0 48 49
0 1 0
1 3 8
0 1 0
4 0 515
0 1 0
4 0 551
0 1 0
3 0 3
0 1 0
2 0 4
0 1 0
1 10 39
0 1 0
0 37 30
0 1 0
1 27 93
0 1 0
0 46 51
0 1 0
0 48 19
0 1 0
0 36 43
0 1 0
0 25 25
0 1 0
0 44 45
0 1 0
1 15 65
0 1 0
0 40 39
0 1 0
0 21 26
0 1 0
0 46 32
0 1 0
4 0 422
0 1 0
2 0 3
0 1 0
3 0 4
0 1 0
0 39 21
0 1 0
2 0 1
0 1 0
0 1 1
0 1 0
2 0 7
0 1 0
1 38 164
0 1 0
2 0 5
0 1 0
1 30 71
0 1 0
1 35 118
0 1 0
0 27 29
0 1 0
4 0 521
0 1 0
0 45 25
0 1 0
0 12 15
0 1 0
0 25 30
0 1 0
4 0 966
0 1 0
2 0 7
0 1 0
0 20 34
0 1 0
4 0 828
0 1 0
4 0 314
0 1 0
1 31 89
0 1 0
0 14 10
0 1 0
1 19 45
0 1 0
0 17 13
0 1 0
2 0 1
0 1 0
3 0 10
0 1 0
2 0 0
0 1 0
1 23 63
0 1 0
0 33 26
0 1 0
3 0 4
0 1 0
0 40 38
0 1 0
2 0 2
0 1 0
1 9 37
0 1 0
4 0 584
0 1 0
2 0 8
0 1 0
0 41 21
0 1 0
2 0 9
0 1 0
0 43 71
0 1 0
0 46 46
0 1 0
1 18 56
0 1 0
1 45 86
0 1 0
0 2 3
0 1 0
2 0 5
0 1 0
1 47 189
0 1 0
0 2 4
0 1 0
1 38 138
0 1 0
0 14 11
0 1 0
1 36 164
0 1 0
2 0 0
0 1 0
3 0 6
0 1 0
0 41 47
0 1 0
0 39 42
0 1 0
1 27 91
0 1 0
0 43 31
0 1 0
0 23 18
0 1 0
2 0 4
0 1 0
0 7 7
0 1 0
0 47 24
0 1 0
2 0 0
0 1 0
0 20 11
0 1 0
0 38 44
0 1 0
0 6 4
0 1 0
0 19 17
0 1 0
1 28 66
0 1 0
0 16 14
0 1 0
2 0 4
0 1 0
2 0 9
0 1 0
1 19 71
0 1 0
0 19 16
0 1 0
1 13 31
0 1 0
0 23 30
0 1 0
1 49 167
0 1 0
0 17 18
0 1 0
1 23 61
0 1 0
0 23 35
0 1 0
0 39 20
0 1 0
1 34 165
0 1 0
1 43 149
0 1 0
1 2 8
0 1 0
1 13 36
0 1 0
0 30 41
0 1 0
1 8 20
0 1 0
0 48 40
0 1 0
0 4 6
0 1 0
2 0 1
0 1 0
3 0 2
0 1 0
0 16 22
0 1 0
1 33 85
0 1 0
2 0 2
0 1 0
0 7 8
0 1 0
0 42 47
0 1 0
1 15 49
0 1 0
2 0 6
0 1 0
1 14 55
0 1 0
1 14 40
0 1 0
0 29 26
0 1 0
0 28 34
0 1 0
1 50 165
0 1 0
1 50 135
0 1 0
2 0 7
0 1 0
2 0 9
0 1 0
0 12 14
0 1 0
4 0 936
0 1 0
4 0 332
0 1 0
1 18 51
0 1 0
1 25 73
0 1 0
1 50 87
0 1 0
0 49 40
0 1 0
2 0 8
0 1 0
2 0 2
0 1 0
0 16 10
0 1 0
1 36 130
0 1 0
2 0 9
0 1 0
2 0 7
0 1 0
0 43 32
0 1 0
0 36 32
0 1 0
1 9 41
0 1 0
1 33 111
0 1 0
0 50 31
0 1 0
0 12 14
0 1 0
2 0 0
0 1 0
2 0 1
0 1 0
0 33 36
0 1 0
0 25 31
0 1 0
1 33 122
0 1 0
0 47 47
0 1 0
0 3 2
0 1 0
2 0 8
0 1 0
2 0 0
0 1 0
0 25 29
0 1 0
0 44 66
0 1 0
1 48 51
0 1 0
1 40 146
0 1 0
2 0 10
0 1 0
0 12 12
0 1 0
3 0 5
0 1 0
4 0 464
0 1 0
0 5 6
0 1 0
1 44 120
0 1 0
1 7 31
0 1 0
1 44 166
0 1 0
0 25 21
0 1 0
0 36 29
0 1 0
0 50 74
0 1 0
3 0 9
0 1 0
0 41 25
0 1 0
1 30 55
0 1 0
4 0 464
0 1 0
4 0 213
0 1 0
0 35 34
0 1 0
1 27 68
0 1 0
2 0 9
0 1 0
0 38 48
0 1 0
2 0 7
0 1 0
1 13 31
0 1 0
0 20 14
0 1 0
2 0 4
0 1 0
4 0 797
0 1 0
1 47 101
0 1 0
0 27 38
0 1 0
2 0 5
0 1 0
1 15 40
0 1 0
1 44 146
0 1 0
1 7 20
0 1 0
2 0 10
0 1 0
1 18 42
0 1 0
0 35 31
0 1 0
0 44 18
0 1 0
4 0 993
0 1 0
0 31 51
0 1 0
1 42 192
0 1 0
1 8 31
0 1 0
0 4 4
0 1 0
4 0 367
0 1 0
0 6 4
0 1 0
0 24 10
0 1 0
0 34 37
0 1 0
2 0 3
0 1 0
1 13 47
0 1 0
1 23 108
0 1 0
2 0 1
0 1 0
4 0 428
0 1 0
0 4 4
0 1 0
0 44 61
0 1 0
0 20 9
0 1 0
0 41 28
0 1 0
1 40 78
0 1 0
1 43 183
0 1 0
0 6 7
0 1 0
0 30 40
0 1 0
0 33 33
0 1 0
3 0 1
0 1 0
1 34 85
0 1 0
1 22 85
0 1 0
1 44 106
0 1 0
1 5 21
0 1 0
2 0 3
0 1 0
0 49 42
0 1 0
0 19 26
0 1 0
2 0 1
0 1 0
1 5 15
0 1 0
2 0 8
0 1 0
2 0 9
0 1 0
1 17 32
0 1 0
1 30 122
0 1 0
0 48 24
0 1 0
0 26 23
0 1 0
1 43 54
0 1 0
1 40 41
0 1 0
3 0 4
0 1 0
0 50 42
0 1 0
3 0 8
0 1 0
0 25 34
0 1 0
2 0 6
0 1 0
0 22 24
0 1 0
1 27 111
0 1 0
0 4 4
0 1 0
2 0 5
0 1 0
2 0 9
0 1 0
4 0 623
0 1 0
2 0 6
0 1 0
1 33 94
0 1 0
1 16 34
0 1 0
0 16 16
0 1 0
0 37 33
0 1 0
1 35 73
0 1 0
0 13 13
0 1 0
1 37 76
0 1 0
4 0 540
0 1 0
0 38 28
0 1 0
1 14 31
0 1 0
4 0 469
0 1 0
3 0 4
0 1 0
0 47 37
0 1 0
1 16 51
0 1 0
0 25 24
0 1 0
2 0 8
0 1 0
4 0 857
0 1 0
1 27 59
0 1 0
2 0 0
0 1 0
0 18 12
0 1 0
0 4 3
0 1 0
0 15 9
0 1 0
0 5 7
0 1 0
3 0 2
0 1 0
4 0 632
0 1 0
1 47 221
0 1 0
2 0 7
0 1 0
1 15 16
0 1 0
1 33 80
0 1 0
0 13 18
0 1 0
0 4 5
0 1 0
2 0 8
0 1 0
2 0 6
0 1 0
3 0 8
0 1 0
4 0 325
0 1 0
0 24 17
0 1 0
1 5 15
0 1 0
0 29 35
0 1 0
0 22 33
0 1 0
0 31 30
0 1 0
0 43 20
0 1 0
1 4 16
0 1 0
0 31 38
0 1 0
0 13 12
0 1 0
2 0 7
0 1 0
4 0 322
0 1 0
4 0 345
0 1 0
1 49 106
0 1 0
2 0 6
0 1 0
2 0 0
0 1 0
4 0 818
0 1 0
0 3 2
0 1 0
0 48 47
0 1 0
0 3 3
0 1 0
2 0 2
0 1 0
0 19 23
0 1 0
0 13 14
0 1 0
1 30 100
0 1 0
2 0 2
0 1 0
4 0 702
0 1 0
3 0 2
0 1 0
2 0 1
0 1 0
0 31 16
0 1 0
0 33 18
0 1 0
2 0 10
0 1 0
0 10 6
0 1 0
1 14 37
0 1 0
1 37 85
0 1 0
2 0 0
0 1 0
3 0 4
0 1 0
0 43 44
0 1 0
4 0 712
0 1 0
1 22 91
0 1 0
2 0 9
0 1 0
0 49 35
0 1 0
2 0 3
0 1 0
2 0 3
0 1 0
1 1 3
0 1 0
2 0 10
0 1 0
0 1 1
0 1 0
0 30 30
0 1 0
2 0 0
0 1 0
0 6 4
0 1 0
0 21 24
0 1 0
0 36 60
0 1 0
0 8 5
0 1 0
0 20 19
0 1 0
0 29 35
0 1 0
4 0 412
0 1 0
2 0 3
0 1 0
0 14 10
0 1 0
1 43 153
0 1 0
0 8 9
0 1 0
2 0 4
0 1 0
4 0 994
0 1 0
4 0 331
0 1 0
0 42 29
0 1 0
0 34 35
0 1 0
1 2 7
0 1 0
1 42 132
0 1 0
1 24 124
0 1 0
0 3 3
0 1 0
0 48 20
0 1 0
0 32 31
0 1 0
0 50 61
0 1 0
2 0 8
0 1 0
1 43 178
0 1 0
4 0 701
0 1 0
0 10 9
0 1 0
1 9 37
0 1 0
2 0 0
0 1 0
0 47 49
0 1 0
2 0 5
0 1 0
1 37 152
0 1 0
3 0 6
0 1 0
1 22 48
0 1 0
4 0 542
0 1 0
1 42 173
0 1 0
3 0 3
0 1 0
0 36 39
0 1 0
0 5 4
0 1 0
0 43 35
0 1 0
0 41 48
0 1 0
0 14 10
0 1 0
0 48 45
0 1 0
0 47 69
0 1 0
3 0 1
0 1 0
0 26 29
0 1 0
0 9 13
0 1 0
4 0 755
0 1 0
2 0 8
0 1 0
1 1 3
0 1 0
0 18 18
0 1 0
1 17 64
0 1 0
0 33 20
0 1 0
2 0 9
0 1 0
2 0 4
0 1 0
2 0 3
0 1 0
0 26 33
0 1 0
1 25 58
0 1 0
1 27 55
0 1 0
0 26 29
0 1 0
0 35 36
0 1 0
0 16 22
0 1 0
0 34 40
0 1 0
3 0 2
0 1 0
1 45 131
0 1 0
1 37 87
0 1 0
1 8 36
