6 7 3 1000
11 13
87 93
41 30
135 87
9 14
24 17
14 14
4 4
70 46
30 37
18 13
148 122
13 12
5 9
6 6
19 16
45 50
64 68
6 3
207 225
5 5
8 5
22 22
173 172
191 142
102 97
6 7
54 30
51 56
19 32
15 20
10 11
62 40
20 17
126 267
101 70
95 85
49 61
22 15
9 4
40 65
17 18
6 6
6 4
207 222
234 220
184 231
172 155
12 9
36 15
167 105
88 96
22 28
8 5
11 9
23 17
12 9
8 5
9 8
14 17
28 21
134 129
13 21
48 59
21 18
172 256
14 19
47 55
32 39
57 80
19 24
15 9
9 7
116 243
29 29
23 22
87 141
8 7
149 64
169 143
6 8
213 232
202 251
137 193
106 118
33 39
50 64
142 175
15 10
46 30
27 46
44 46
6 7
37 33
24 11
237 185
7 6
10 7
86 119
12 10
11 13
10 15
75 154
142 400
34 28
41 42
21 21
23 14
10 15
12 6
45 48
5 7
21 24
27 21
112 85
122 67
11 13
99 77
136 64
12 15
35 34
44 69
9 5
34 27
17 13
9 10
63 70
51 53
9 7
62 41
9 9
227 139
218 128
249 282
26 16
19 19
34 34
16 7
166 114
54 35
200 310
7 10
154 160
39 35
4 3
10 12
5 3
125 207
44 67
35 45
110 177
224 266
133 110
205 219
140 313
113 128
200 220
10 7
7 4
215 325
6 3
31 38
5 6
8 4
9 7
33 22
103 70
31 38
21 33
76 73
31 33
213 164
7 7
126 123
19 20
19 9
5 3
6 5
9 9
50 20
45 77
35 25
29 22
47 75
206 211
231 199
145 141
163 276
103 59
86 61
46 35
12 13
33 26
19 10
13 12
9 19
31 17
9 8
52 108
45 36
206 139
51 47
26 30
72 77
15 8
15 9
42 43
226 236
38 40
11 11
23 18
4 3
56 78
5 6
22 25
5 6
80 122
185 166
6 9
6 5
5 5
28 14
62 43
33 50
25 37
89 121
17 20
91 98
57 28
47 30
223 149
10 7
29 50
68 94
144 158
4 4
8 12
109 104
9 6
4 4
166 263
86 152
35 34
62 70
10 11
136 184
28 15
28 15
43 86
5 8
67 42
104 170
55 53
30 31
7 8
8 10
102 83
20 19
5 10
103 90
15 20
11 17
48 67
7 4
69 28
11 10
98 79
89 74
8 16
17 16
158 170
15 12
17 12
29 15
15 16
4 4
8 5
14 17
20 18
68 43
22 25
128 152
7 9
8 11
116 237
152 78
96 115
34 23
121 125
4 4
12 7
111 75
165 121
15 13
64 64
214 241
83 86
92 85
248 310
16 24
81 103
11 7
212 196
18 16
61 62
10 7
63 48
6 8
12 13
132 156
137 152
6 4
35 58
22 22
34 49
124 159
5 6
49 52
14 6
7 6
22 24
78 68
84 92
7 7
179 116
33 33
70 68
31 38
12 10
50 61
13 15
73 60
176 109
9 6
9 5
27 32
5 7
29 20
4 5
5 9
20 21
12 12
19 25
10 13
6 7
147 177
125 123
28 48
29 23
26 30
35 45
4 5
166 137
222 297
62 50
7 6
21 20
7 6
19 41
18 9
19 21
34 43
4 7
6 6
51 71
14 10
22 26
89 85
41 52
113 54
97 109
10 6
31 30
6 3
7 8
241 215
16 23
6 5
31 29
12 10
40 42
91 131
151 129
30 42
73 66
18 20
9 9
7 7
13 18
13 12
141 147
77 40
13 14
6 5
240 220
12 12
20 22
203 364
18 8
157 169
14 14
17 15
147 161
5 7
5 9
4 6
116 82
5 4
34 52
52 28
256 349
5 5
6 4
208 220
73 107
16 11
94 99
129 111
6 10
13 32
9 9
127 80
16 12
9 5
12 7
46 38
231 273
4 4
76 71
71 86
117 127
6 7
89 83
5 4
170 161
24 28
44 41
12 14
208 207
151 162
9 13
4 9
94 84
104 97
13 10
35 30
10 22
38 30
25 22
209 162
98 94
4 2
43 44
27 23
40 36
69 59
164 173
39 34
22 17
18 12
160 181
5 3
8 8
246 388
153 74
10 6
211 284
7 6
39 36
31 40
5 8
22 24
18 12
28 29
18 15
7 8
52 63
17 15
10 9
67 58
80 95
5 5
120 209
54 103
69 63
5 4
7 8
96 87
6 6
85 144
52 37
4 6
8 7
19 21
13 31
8 10
150 127
6 7
58 102
211 265
126 56
13 8
118 124
6 5
50 82
31 57
16 18
57 55
12 8
136 56
6 8
53 47
27 37
194 194
40 43
78 74
11 11
36 48
158 242
56 83
5 5
18 10
7 5
137 271
46 34
8 8
120 159
11 14
6 14
51 50
171 170
10 11
11 14
77 42
20 16
6 5
60 68
100 83
6 4
174 174
118 87
8 9
254 223
6 5
60 29
10 10
4 4
11 8
60 131
5 6
41 33
17 16
175 293
35 56
5 9
7 5
206 205
15 14
60 146
22 14
224 181
33 29
41 51
6 4
143 184
99 67
5 6
5 3
73 140
25 22
9 6
11 9
25 48
58 71
6 5
15 18
132 130
75 47
4 4
62 69
29 35
5 7
5 7
199 179
20 21
22 29
14 21
39 56
9 6
83 67
5 6
9 22
74 98
190 109
10 7
12 6
6 3
5 8
7 4
241 269
10 5
4 7
40 44
7 9
5 3
17 7
80 83
179 384
6 9
5 5
15 24
47 41
96 111
15 21
22 11
25 30
22 24
19 29
4 4
130 140
9 5
4 5
14 11
226 332
34 40
60 88
70 91
19 17
6 5
107 119
4 7
17 15
30 67
22 16
8 4
63 74
162 112
83 53
37 44
215 186
19 19
35 57
32 56
25 23
27 21
55 58
8 10
37 33
57 84
6 5
5 11
5 6
5 5
109 91
95 74
56 77
82 73
37 37
8 4
24 21
22 21
21 15
11 10
5 6
136 81
8 7
108 125
17 24
19 22
233 198
4 4
157 72
14 17
126 127
78 90
101 53
6 8
30 27
103 121
23 28
6 3
220 360
6 5
6 8
7 5
63 43
14 16
37 25
9 9
105 126
9 15
4 4
15 24
11 11
41 37
11 13
56 47
6 5
44 44
73 50
5 3
115 140
4 8
77 84
159 106
15 14
69 75
13 15
9 6
9 12
5 6
119 165
36 22
94 123
24 15
127 126
200 215
11 11
88 73
58 52
17 14
54 43
29 35
56 36
64 88
21 18
41 47
101 124
27 34
8 9
9 12
8 10
5 6
5 5
200 240
16 15
17 28
10 12
35 38
156 180
50 38
8 9
204 266
232 161
9 9
7 6
35 23
24 23
217 252
5 9
17 44
8 5
68 80
7 9
86 67
8 9
21 22
25 36
169 127
138 111
48 59
58 64
123 131
122 116
39 58
19 10
19 23
20 20
246 203
35 34
9 8
6 11
12 11
19 14
14 11
36 36
137 250
28 31
22 31
188 354
6 9
5 5
175 102
116 147
6 9
105 209
56 99
18 14
34 37
21 39
27 56
26 43
161 108
31 43
179 218
113 127
9 5
94 118
10 8
122 93
24 23
14 14
60 55
107 43
85 62
4 5
5 6
144 141
81 60
136 117
110 85
13 8
6 5
8 13
8 9
52 54
6 6
6 8
9 8
6 5
24 29
5 3
9 9
115 191
218 195
6 7
7 5
135 156
7 7
8 8
229 171
77 86
7 14
4 5
14 10
242 187
173 195
6 6
6 6
11 8
5 6
74 73
9 12
10 7
5 7
19 20
63 55
15 13
48 68
79 49
70 68
21 25
6 4
27 13
18 15
5 6
42 83
12 21
82 76
10 19
47 65
142 93
19 18
41 56
83 85
131 133
43 46
7 13
231 278
4 3
30 25
38 22
108 145
8 14
5 6
10 6
220 265
9 19
8 7
23 24
203 167
10 12
6 8
28 40
46 48
165 220
144 246
13 11
11 11
41 53
45 58
241 274
130 76
9 8
85 41
144 217
9 10
17 12
5 8
5 5
10 16
23 19
84 61
13 8
5 5
43 37
107 136
131 207
91 88
17 14
4 4
6 10
97 82
104 126
19 11
87 55
120 80
197 114
27 26
117 79
63 119
94 79
13 6
170 104
5 4
239 195
15 16
16 14
59 31
227 167
170 160
19 15
157 192
24 18
126 127
55 44
102 99
7 10
5 4
11 14
215 156
7 9
74 120
84 46
39 35
28 24
146 164
37 62
29 30
141 94
169 118
26 35
7 13
173 166
15 14
157 167
12 8
103 84
34 35
27 23
6 7
11 7
42 44
29 20
34 53
13 12
117 139
29 26
6 4
232 431
7 5
123 125
11 21
15 20
11 11
57 63
17 14
186 134
38 32
228 200
56 47
15 11
9 7
146 110
83 141
97 97
9 8
67 59
31 27
15 12
14 20
76 59
8 8
14 9
17 35
12 9
23 29
5 7
17 24
212 242
50 101
123 152
5 4
23 26
213 176
13 8
12 23
206 194
10 7
23 10
230 204
6 5
46 73
7 11
5 4
84 129
236 240
133 139
12 10
230 168
142 102
31 36
123 168
29 34
97 164
137 106
44 34
34 24
72 59
29 29
9 11
8 9
34 38
12 8
5 5
6 4
124 175
122 210
130 184
28 23
5 3
10 10
15 16
7 9
54 52
112 58
45 48
5 3
131 194
50 81
188 121
96 133
7 9
16 22
215 290
193 131
94 52
78 149
44 41
9 13
37 40
58 70
49 55
14 5
90 54
130 198
172 208
15 12
81 40
39 38
17 11
4 4
10 11
56 70
8 6
50 27
48 50
242 355
5 4
11 7
57 108
20 23
34 19
74 47
6 5
136 141
5 6
178 138
75 43
5 9
25 27
13 14
210 205
13 14
33 30
10 8
14 20
187 165
31 28
152 89
12 19
98 109
75 66
6 3
23 45
113 122
105 97
23 29
5 4
76 73
256 215
17 12
6 8
37 81
9 9
37 32
102 107
5 3
9 11
92 123
52 31
6 8
203 117
39 37
6 6
34 36
12 17
6 5
70 85
42 23
110 85
59 60
9 23
250 236
103 130
94 41
9 10
20 25
47 55
18 13
55 75
58 50
152 145
40 37
52 56
108 95
4 4
12 16
195 112
16 11
19 25
50 60
9 8
180 214
42 35
44 41
4 3
30 27
15 12
171 241
106 122
198 138
51 66
49 62
83 60
24 31
76 67
14 15
32 39
11 4
9 7
12 15
33 40
6 5
52 41
12 9
17 23
117 238
41 40
232 241
53 31
92 75
24 21
7 9
8 10
44 27
23 23
10 8
12 17
250 165
134 140
41 29
56 59
9 5
235 181
6 5
11 13
124 168
12 12
138 178
79 73
207 335
28 46
8 9
8 8
59 61
182 194
10 14
5 4
83 103
65 76
59 41
56 45
12 13
49 46
5 5
239 295
16 15
163 145
36 34
246 394
11 7
32 26
73 62
52 37
19 17
20 24
17 19
8 8
16 23
5 7
38 30
12 11
16 13
5 5
16 14
218 174
8 7
12 13
8 11
5 2
136 157
158 183
7 9
7 8
166 101
69 87
9 7
19 24
52 66
22 17
112 111
32 47
8 4
65 111
251 337
9 6
8 5
4 4
27 47
152 125
26 23
23 23
136 70
32 40
92 76
17 21
28 25
126 148
20 15
23 26
26 27
70 54
48 75
21 21
6 5
24 24
8 6
12 15
7 7
18 20
13 14
138 164
101 130
212 95
34 33
29 37
142 78
7 9
21 33
24 27
19 23
67 81
55 70
165 189
34 29
150 145
5 5
181 214
9 8
16 13
4 7
199 384
17 24
14 19
8 6
57 85
13 9
48 39
88 97
5 3
96 89
19 34
28 27
7 5
6 7
34 34
12 13
26 27
126 92
70 36
6 7
5 5
101 73
63 133
57 62
87 99
23 21
44 23
31 26
38 46
11 13
231 258
5 3
20 16
143 153
5 6
98 92
94 159
42 45
12 8
10 9
15 20
4 5
19 36
97 100
234 215
14 15
106 166
66 44
12 11
97 93
239 293
4 3
145 120
4 4
6 5
28 22
247 337
8 11
12 7
14 18
178 217
94 89
5 5
6 6
100 163
36 40
102 231
17 23
10 11
171 264
8 15
10 11
120 153
12 13
36 40
15 26
23 25
62 52
27 45
7 9
12 15
44 41
5 4
179 215
66 116
39 49
105 96
9 12
143 168
20 20
95 97
13 12
11 8
20 27
14 11
5 5
55 33
38 58
8 11
11 7
86 57
18 15
195 115
11 11
31 14
7 5
93 76
6 6
219 139
18 20
19 20
202 167
71 107
36 22
193 61
8 9
113 127
34 31
20 22
25 22
4 5
4 9
15 9
72 97
10 8
195 206
132 292
72 76
18 21
38 54
110 114
4 4
57 67
67 63
114 104
55 88
4 3
210 477
85 75
28 25
6 5
250 342
6 4
14 22
6 6
182 156
24 16
136 170
11 9
164 130
186 254
7 5
234 134
7 7
51 32
15 11
7 8
17 14
91 94
26 20
86 64
13 9
19 10
60 86
8 10
95 96
140 102
10 11
192 181
33 28
234 190
9 13
161 234
28 30
151 148
25 30
38 62
237 252
115 195
182 130
10 13
9 9
4 4
42 64
22 33
17 14
18 19
176 145
12 12
58 80
25 29
8 7
6 8
20 23
44 32
10 11
49 73
230 549
130 117
87 67
19 24
10 16
14 19
9 8
84 141
7 10
66 68
13 20
133 149
9 11
5 7
215 193
13 11
182 167
91 97
21 27
14 11
100 115
25 33
104 60
9 16
157 142
31 27
22 60
132 96
147 182
6 6
171 147
100 121
247 324
76 67
20 17
7 4
61 83
87 91
10 10
12 7
124 81
45 63
16 18
41 41
85 137
49 68
7 5
25 31
6 6
12 10
33 36
33 51
10 7
101 108
6 9
23 20
44 64
73 60
19 16
210 160
212 206
22 26
47 39
52 44
21 38
40 37
16 13
35 19
9 5
5 6
22 18
44 82
42 67
147 190
6 5
114 119
130 156
75 85
17 17
27 23
98 124
181 133
28 22
23 27
9 8
13 11
20 25
131 140
227 320
63 49
253 240
26 27
48 57
227 85
12 12
39 43
46 54
65 65
26 55
33 18
8 6
6 7
14 8
4 4
28 21
7 13
68 54
104 165
84 50
20 30
14 15
9 8
29 26
25 14
17 18
129 195
211 311
41 44
254 503
22 15
253 240
11 16
33 41
141 127
157 187
42 56
147 298
151 181
46 36
10 7
26 38
7 7
17 15
45 21
13 10
85 125
163 143
167 161
19 15
17 19
39 26
66 65
6 12
99 92
203 145
5 6
186 143
26 21
206 136
17 16
8 8
15 13
36 39
45 72
7 4
20 16
75 60
5 4
62 61
8 9
47 59
12 14
4 3
29 24
22 14
68 65
11 12
45 80
32 31
62 52
12 16
18 28
108 89
10 9
21 20
54 52
205 116
7 5
30 26
12 10
7 13
199 364
194 342
19 9
68 87
19 17
65 41
69 52
12 14
30 40
93 70
198 173
15 24
11 16
88 80
5 14
116 85
62 147
6 5
55 34
166 210
22 29
122 78
34 30
29 37
70 66
106 144
33 24
61 66
170 163
5 4
12 10
12 9
40 59
105 185
118 244
7 12
7 7
56 79
9 8
250 170
25 29
203 302
16 16
215 225
58 69
20 33
20 17
5 6
19 34
33 30
6 8
20 19
14 10
36 37
5 4
101 79
122 124
195 253
133 103
7 7
197 122
7 9
102 74
5 4
7 12
4 5
237 225
109 75
227 243
134 117
26 33
10 8
4 4
6 8
13 13
69 59
7 8
91 105
125 131
9 13
9 8
17 8
83 87
62 123
5 4
5 4
8 10
90 149
5 5
21 9
12 11
12 8
186 135
5 8
12 16
47 55
44 43
8 9
9 6
49 103
20 16
7 7
101 115
34 29
61 65
108 178
95 187
47 39
11 12
8 7
25 29
18 30
29 27
88 78
201 177
39 50
126 114
87 39
129 151
117 150
72 70
122 218
4 4
7 9
39 36
21 22
7 8
92 83
41 48
8 11
149 198
103 94
78 49
7 12
6 6
49 95
8 5
9 7
210 226
5 7
170 132
13 16
134 109
4 2
30 32
5 4
18 16
152 154
117 120
38 79
30 38
14 23
235 246
8 7
46 51
18 16
6 5
5 5
9 6
24 37
15 36
10 5
8 14
30 19
250 152
237 278
26 18
83 72
59 97
46 59
128 138
12 10
112 78
10 12
63 138
56 42
100 117
7 11
34 24
161 173
5 5
37 32
98 88
52 44
8 11
197 123
42 27
56 59
5 5
11 11
77 41
11 17
46 31
73 130
6 4
90 108
245 200
30 25
26 25
16 9
12 8
11 12
9 6
62 42
11 14
130 112
220 196
21 24
168 160
56 36
173 263
208 156
7 4
83 183
6 6
44 69
233 230
51 46
20 21
25 16
38 27
8 7
18 17
4 5
9 8
109 214
5 5
12 15
15 17
90 81
7 6
4 5
6 5
117 120
96 116
22 30
134 205
32 26
55 64
97 160
71 23
16 7
9 4
22 24
104 119
17 20
25 18
36 40
145 184
62 45
98 78
10 7
225 100
198 170
64 79
41 33
86 66
6 5
12 19
188 268
82 62
13 6
213 260
200 209
96 56
74 68
8 8
5 5
11 14
236 244
6 9
58 101
231 159
18 20
91 103
76 101
89 92
36 28
6 7
139 119
48 89
7 8
71 84
54 55
55 32
4 5
18 18
33 45
22 19
52 51
113 176
66 75
19 34
165 196
149 145
5 4
11 12
148 112
8 15
80 79
66 143
15 14
11 13
101 123
13 10
48 35
128 112
10 6
6 8
9 11
9 6
4 3
165 219
8 9
9 6
15 16
4 4
56 70
7 7
8 8
51 91
4 4
32 47
13 13
8 15
24 32
121 199
71 93
76 130
16 12
12 20
232 244
51 65
6 4
31 17
38 32
79 104
7 7
8 6
34 46
42 26
5 3
28 26
47 25
252 249
115 82
83 87
186 171
56 95
31 37
231 236
10 5
149 157
7 4
149 176
57 32
4 3
15 11
84 74
20 17
14 15
18 14
5 4
6 5
10 8
20 17
49 28
9 8
52 52
76 64
17 15
16 15
16 30
25 35
208 119
114 50
81 77
46 23
32 45
15 30
34 28
66 54
16 21
5 6
25 24
26 22
48 51
105 99
12 8
21 21
29 29
117 70
28 40
193 113
147 208
40 45
25 20
48 57
17 15
76 76
153 157
50 75
5 5
8 6
109 77
4 3
35 53
135 80
36 31
73 58
4 3
243 143
122 63
219 228
68 61
54 55
249 216
9 5
46 130
25 35
32 22
6 6
29 29
8 14
121 116
8 9
40 28
5 9
14 12
237 357
88 65
9 14
33 43
33 31
225 198
31 22
47 23
11 18
7 10
32 41
75 88
135 91
9 8
15 10
45 28
7 8
221 134
15 8
231 244
97 106
10 9
36 40
255 177
158 167
21 21
149 203
92 71
14 9
5 5
140 159
10 18
6 6
71 49
29 42
12 13
64 67
9 9
7 7
19 16
4 3
8 8
10 12
58 39
65 83
23 25
26 20
53 54
30 54
63 73
5 4
22 21
58 59
53 53
25 23
5 3
11 8
31 32
36 19
14 9
209 395
28 44
86 136
17 16
6 17
13 12
13 12
5 7
21 19
19 31
15 7
5 6
56 59
73 60
69 68
52 43
92 125
50 58
4 6
254 264
42 40
250 187
56 52
12 13
17 19
44 44
11 23
4 3
94 94
113 185
173 217
26 15
68 82
58 81
27 22
5 5
5 3
16 9
41 40
24 29
190 157
186 171
85 62
136 87
37 36
209 271
48 64
121 411
19 11
15 14
27 31
6 5
34 40
6 7
92 82
199 193
53 83
69 79
12 13
227 128
5 9
53 88
8 7
58 68
26 25
105 74
10 6
6 7
174 249
15 18
154 145
5 3
14 23
4 8
30 16
6 5
10 12
162 147
37 34
9 15
137 182
23 32
73 86
206 285
78 80
158 184
12 15
114 139
58 58
138 153
10 9
35 28
168 108
6 6
6 7
19 17
218 228
22 27
9 12
102 134
204 309
24 41
82 57
100 137
13 9
44 58
151 140
5 4
27 40
6 6
6 5
24 20
37 40
108 99
37 46
23 14
128 126
53 96
5 5
9 10
29 36
74 98
6 4
16 11
34 26
4 3
128 95
19 36
34 39
155 242
19 22
11 10
51 40
208 192
27 21
24 29
172 186
63 65
147 172
37 31
125 77
5 5
66 114
21 17
156 348
6 8
9 11
18 17
119 96
6 14
117 141
179 244
11 10
7 7
80 72
13 17
26 20
82 83
43 61
4 4
23 15
12 18
25 22
6 4
18 28
30 36
26 14
61 45
8 9
16 11
5 5
26 24
17 18
9 10
152 96
6 8
5 3
5 4
6 5
50 54
19 13
62 71
12 7
245 446
4 5
61 52
21 26
16 17
7 7
45 67
20 20
59 41
11 12
7 7
24 18
85 96
17 17
41 69
156 123
96 97
13 20
6 10
6 9
32 39
108 186
67 54
114 134
4 5
21 12
27 18
29 20
14 18
19 15
9 13
131 154
38 49
155 103
15 10
150 90
10 12
7 8
184 102
10 10
5 7
185 209
15 30
39 57
26 23
77 106
16 16
118 202
229 123
156 151
9 6
119 120
16 32
5 6
25 23
6 5
235 275
48 45
37 27
126 187
32 23
72 44
60 44
8 7
13 15
213 260
80 84
8 7
152 137
6 5
10 8
11 12
10 9
4 3
92 108
5 3
34 26
11 10
16 15
27 29
14 15
152 116
8 5
24 22
87 104
23 16
84 91
81 90
60 73
198 230
39 38
22 12
249 180
35 34
60 51
78 87
24 15
162 109
64 66
18 26
35 58
5 5
51 70
36 43
14 12
5 5
6 5
49 46
4 3
188 221
59 43
28 80
41 51
10 6
11 12
31 40
58 33
116 136
25 20
140 239
6 4
216 214
29 22
9 11
20 16
90 58
81 108
6 6
38 27
26 26
7 4
8 9
108 59
28 14
144 417
46 64
40 50
133 90
13 25
20 21
50 53
5 5
10 8
63 67
44 40
26 50
80 125
87 67
6 5
12 14
13 14
95 90
12 14
23 16
18 19
23 22
17 15
45 57
168 83
12 14
30 51
51 58
116 214
84 81
8 7
13 13
27 18
62 97
45 43
48 66
98 163
34 57
95 66
5 8
42 47
9 13
13 30
90 69
6 11
72 49
9 14
20 33
15 16
15 15
89 74
37 34
15 24
86 169
199 80
4 2
9 6
173 121
169 195
18 25
201 202
41 51
11 10
102 287
6 6
6 8
23 25
9 6
210 237
242 260
5 6
46 57
132 208
42 58
74 107
66 57
17 15
4 5
33 31
7 9
16 15
72 77
164 190
24 15
7 7
27 39
94 88
5 5
5 3
193 254
19 17
39 57
54 45
8 7
86 92
145 166
5 5
8 5
7 5
72 114
197 333
118 166
160 101
95 83
84 46
40 42
174 210
33 26
6 3
159 170
85 67
50 68
220 193
5 8
22 23
15 9
19 19
26 24
35 31
14 16
33 47
11 13
22 28
123 155
43 30
13 10
90 130
40 45
73 69
9 8
4 6
5 4
215 229
16 13
16 9
97 119
26 24
4 7
4 5
237 262
49 38
8 12
50 41
64 168
10 12
14 10
13 17
202 152
215 297
24 29
13 9
6 4
49 53
76 88
169 233
8 9
6 7
14 14
5 7
154 159
8 10
146 104
6 10
21 21
6 4
10 7
167 116
58 50
12 21
178 81
5 4
159 162
206 168
132 194
16 16
20 51
4 6
7 7
65 65
58 57
12 10
49 63
58 35
184 307
70 70
21 37
148 142
20 20
20 23
9 15
29 14
6 4
52 59
146 261
98 96
41 22
14 10
15 25
161 76
211 147
14 18
113 140
9 7
25 34
4 8
4 2
207 283
72 102
151 156
122 123
8 7
13 13
26 31
82 82
16 13
35 28
9 6
9 12
7 11
30 56
24 18
44 80
62 69
50 39
146 146
32 39
66 82
38 31
7 7
125 123
27 37
24 31
6 10
10 12
15 15
6 7
12 6
58 110
21 18
9 5
230 171
95 80
12 18
31 47
34 33
22 20
57 57
18 23
140 111
144 145
19 18
7 7
14 8
176 374
34 43
55 48
54 38
9 8
9 6
7 6
10 7
49 30
71 61
9 10
45 64
8 6
4 5
9 8
14 14
88 95
25 32
170 158
10 5
39 62
9 13
151 145
4 4
5 7
6 4
54 43
19 8
37 42
10 8
99 138
36 55
7 6
52 44
18 15
17 18
5 4
9 6
19 17
214 201
11 15
6 9
6 7
199 204
9 11
123 176
9 8
6 10
6 7
13 13
29 42
4 4
11 17
31 36
6 6
226 215
49 68
5 3
40 40
49 44
103 100
130 79
31 28
24 20
150 100
37 111
112 183
143 260
5 4
159 160
56 69
16 18
26 28
131 107
13 26
101 121
99 73
111 124
8 8
58 73
64 67
14 14
9 7
139 97
52 40
41 38
17 16
188 199
205 153
34 23
12 9
11 12
202 241
44 56
137 149
100 75
7 8
126 74
30 25
5 5
4 6
53 31
68 67
30 17
9 7
6 7
128 113
133 162
235 255
9 5
16 16
4 5
7 13
41 27
8 11
84 98
14 17
10 12
83 50
104 121
6 6
23 17
61 72
6 5
43 63
7 13
194 174
5 2
8 6
25 34
91 84
31 33
133 150
112 155
22 20
5 3
59 44
6 8
4 6
44 33
35 37
70 57
25 21
45 51
96 133
128 129
21 34
52 81
4 3
16 11
45 37
16 12
54 55
15 10
126 147
28 33
11 11
14 24
114 135
201 550
6 3
16 21
8 10
69 51
25 19
65 63
100 107
94 39
108 190
9 9
7 7
172 113
142 140
44 34
113 72
11 19
80 69
10 22
19 29
118 187
31 18
94 74
49 97
34 42
8 6
128 204
5 4
64 104
87 82
4 4
217 180
6 4
5 5
69 41
59 63
174 137
229 467
5 10
83 125
27 32
13 14
63 54
65 45
114 101
11 12
60 58
53 70
7 6
74 75
10 11
132 123
45 97
84 77
13 18
134 178
10 16
7 12
5 5
10 5
6 5
5 6
29 18
4 2
8 13
142 186
120 103
106 81
129 122
16 16
38 46
57 62
99 144
40 38
13 21
11 8
60 43
5 5
225 158
10 8
87 86
121 120
12 11
6 5
51 43
40 79
41 76
5 3
5 6
32 24
5 6
26 22
50 52
194 93
134 111
207 159
68 100
9 7
9 8
16 12
11 11
19 18
43 54
16 18
6 7
20 15
7 6
13 11
126 84
23 16
100 61
241 343
5 6
5 6
23 16
7 5
106 96
10 10
7 10
8 8
177 130
75 67
21 19
189 209
72 182
92 57
155 97
71 53
18 19
35 39
20 14
85 88
37 29
10 15
55 40
35 26
73 66
219 253
66 95
118 175
5 4
140 107
203 150
8 12
192 202
204 188
243 280
73 53
47 36
13 16
9 11
126 116
9 8
129 126
5 5
26 32
21 19
217 183
106 93
187 172
73 77
21 59
5 6
166 229
12 8
23 19
171 201
195 257
62 120
130 111
251 159
34 52
185 233
201 311
41 42
108 155
23 28
207 204
24 43
188 137
159 85
15 8
66 70
53 45
143 127
10 11
131 46
230 247
236 483
53 40
68 52
28 27
51 98
17 15
48 67
177 192
64 80
13 15
152 254
12 10
97 68
25 21
77 79
18 13
25 25
31 55
99 76
237 226
180 153
30 24
35 30
79 102
43 24
30 55
10 17
93 60
14 9
230 220
57 47
200 302
199 204
9 13
198 167
19 20
12 7
69 93
63 66
32 33
6 4
6 5
12 13
12 6
90 74
109 109
121 191
4 4
253 285
245 434
36 16
22 19
14 11
8 4
31 25
7 6
8 7
137 158
48 25
121 96
6 5
39 35
4 6
7 5
226 188
16 12
107 121
4 3
253 199
152 64
35 25
103 84
44 26
7 6
5 3
19 24
10 9
7 6
53 33
13 14
14 12
11 8
6 5
9 8
27 25
118 165
6 6
22 31
225 191
140 154
195 203
8 8
13 16
13 21
11 10
25 24
11 18
93 47
30 39
8 14
74 63
5 2
7 10
214 210
9 13
64 93
7 6
40 19
12 9
6 5
91 78
69 120
59 55
14 30
190 278
112 136
6 5
204 204
212 73
8 13
13 14
165 264
255 159
9 7
4 6
17 22
5 4
10 4
48 58
49 46
20 10
201 177
134 104
13 17
16 27
206 247
71 70
53 65
155 207
11 11
16 12
174 159
24 26
180 181
5 2
57 41
42 41
5 4
11 11
146 140
42 44
194 210
7 9
9 7
60 35
59 107
44 93
5 4
10 12
16 13
33 26
9 15
207 228
196 160
127 144
250 166
10 8
8 7
22 32
23 15
6 5
74 61
141 121
52 41
5 9
15 15
49 50
13 17
9 7
7 3
100 113
144 111
33 16
81 64
23 24
91 65
99 103
173 242
21 15
82 99
13 9
5 5
14 9
6 6
5 5
90 69
44 57
105 41
7 8
17 13
18 13
18 28
123 188
21 27
82 118
77 110
21 31
44 35
13 19
34 27
47 42
14 16
50 63
52 76
21 29
46 28
234 131
62 57
7 6
13 19
72 127
150 314
53 56
11 11
7 7
10 6
12 12
63 76
7 10
61 82
17 12
83 69
78 112
4 5
23 15
13 13
179 229
122 139
45 49
71 40
12 9
6 5
6 9
64 30
17 16
68 42
239 213
4 4
119 120
50 39
8 5
25 30
14 23
7 5
43 78
21 19
6 4
65 54
17 15
19 20
4 3
26 28
100 52
33 52
75 80
18 21
12 13
188 354
98 72
46 53
50 42
155 106
18 12
4 6
88 103
252 212
193 149
7 7
78 42
213 169
35 39
208 259
111 79
5 4
184 111
7 7
47 96
110 212
36 36
4 4
101 52
29 12
8 8
54 60
8 12
20 21
159 205
66 90
31 26
13 11
7 7
17 13
64 59
5 7
7 4
235 143
6 4
60 44
6 3
15 9
209 313
82 83
5 8
236 206
202 198
147 121
29 28
6 8
16 32
56 75
31 30
5 4
5 3
5 5
27 20
22 32
66 112
10 9
7 8
8 8
66 44
66 88
13 10
4 4
77 89
69 65
42 30
79 47
6 6
52 42
255 382
13 9
237 162
239 163
113 252
187 120
8 9
10 8
55 39
23 21
13 8
52 45
252 150
57 55
105 110
5 7
39 33
38 61
7 7
204 193
7 9
52 77
233 236
17 14
21 41
27 32
130 73
232 154
65 78
154 149
23 15
46 42
8 6
79 85
8 9
220 129
6 8
5 3
15 5
121 152
206 266
4 5
77 106
211 275
112 95
13 16
6 6
7 5
11 6
65 46
10 17
39 72
217 188
134 154
13 13
7 7
225 159
19 19
48 70
35 30
92 154
6 4
5 7
21 18
194 99
161 89
6 6
4 4
8 12
191 339
6 6
10 9
38 54
147 133
4 7
6 6
35 32
5 6
8 6
9 17
7 8
116 113
105 91
63 64
10 23
32 18
29 29
4 3
15 10
7 8
23 13
150 121
46 65
34 43
8 10
4 3
12 11
33 20
7 11
13 9
46 88
20 17
12 15
39 23
35 11
57 57
77 91
4 3
15 15
40 50
6 4
6 9
13 9
4 4
4 4
5 4
168 231
9 10
17 10
5 5
6 6
50 34
19 26
23 27
23 19
101 49
12 10
13 22
65 42
114 134
163 129
191 197
6 10
26 22
54 30
160 180
165 100
211 95
20 25
66 90
45 46
74 54
31 30
8 6
16 11
11 8
135 185
153 182
39 18
13 9
13 10
7 6
20 17
82 81
39 20
30 21
95 184
52 47
4 3
14 18
61 48
6 10
20 24
5 5
47 87
14 14
5 4
56 36
110 83
120 122
111 116
5 6
198 156
27 24
76 74
10 8
178 172
61 75
4 4
54 48
95 71
33 28
141 152
114 161
84 104
188 173
18 18
49 38
210 205
21 17
9 7
21 27
100 73
21 34
67 78
82 78
22 11
189 139
86 151
16 8
62 62
92 75
16 12
133 174
93 103
4 4
37 32
9 9
62 36
6 7
196 147
9 9
243 320
10 15
6 7
70 96
35 21
254 183
126 147
196 254
17 14
105 66
7 8
16 22
216 236
88 98
45 62
64 81
182 156
40 43
70 42
131 142
102 155
19 19
8 9
65 68
13 10
172 151
8 9
54 46
19 17
9 10
34 36
9 3
243 237
194 209
7 8
5 7
229 139
170 340
6 9
8 13
63 68
179 247
111 133
13 12
114 141
8 7
22 32
218 297
32 58
15 17
120 242
56 80
15 19
140 233
91 84
54 58
219 228
4 4
30 31
95 137
10 11
58 42
15 17
5 6
49 50
14 8
4 4
46 73
43 49
7 5
9 8
19 20
30 20
26 22
123 217
28 25
5 5
41 56
155 153
65 98
4 4
173 184
17 26
99 156
6 3
5 4
28 39
29 50
11 9
8 14
78 121
16 13
31 31
18 21
9 14
149 114
16 22
14 13
83 102
23 20
172 168
13 18
29 32
17 28
81 75
119 128
9 12
39 97
180 158
5 3
223 260
5 6
32 33
119 246
22 31
235 243
30 33
8 8
71 148
13 13
138 247
59 81
6 7
98 92
8 6
96 77
18 21
82 82
119 162
93 148
42 34
17 18
251 168
63 44
9 10
166 189
5 5
76 116
21 20
33 31
39 29
8 7
100 116
78 88
120 100
5 6
28 39
59 86
82 103
53 110
20 15
140 124
7 11
61 62
12 8
7 8
110 66
14 16
115 151
51 40
67 92
31 31
25 20
51 74
163 100
6 10
126 245
11 14
9 7
24 18
10 8
53 41
40 25
109 71
74 79
13 22
84 149
8 6
6 8
39 19
4 4
224 296
118 110
11 9
27 25
91 89
4 3
154 198
18 22
105 109
124 89
19 25
227 121
122 181
165 193
11 8
168 149
96 78
6 4
21 19
17 16
48 29
6 6
27 52
45 44
4 6
145 149
26 27
20 31
232 367
172 142
16 20
74 96
61 55
156 133
57 57
41 56
50 33
6 9
169 123
33 22
4 2
6 11
4 5
6 6
23 23
7 4
6 12
122 158
25 29
7 5
178 177
16 5
11 12
16 12
5 2
170 122
11 12
13 26
41 77
14 11
18 26
61 77
25 23
52 63
82 110
182 244
31 12
19 9
115 110
202 315
91 79
14 14
137 136
4 3
109 63
70 49
83 57
15 16
5 4
88 61
179 239
4 4
22 24
96 156
4 4
10 8
86 101
5 7
6 6
134 95
16 17
40 66
7 5
10 14
5 6
95 90
26 15
10 7
4 2
75 75
6 7
32 23
14 12
98 64
247 212
18 14
4 4
45 62
78 53
15 8
23 24
55 46
19 41
6 7
5 5
5 9
195 142
14 11
41 41
157 87
246 247
106 54
5 4
17 19
7 6
18 14
149 132
14 13
13 17
31 45
166 149
66 98
14 19
18 14
16 12
24 23
187 103
57 74
20 23
6 5
182 309
54 66
23 17
5 8
89 84
33 44
103 136
76 41
59 73
49 72
7 6
5 7
56 43
5 3
27 44
51 58
9 7
162 201
5 5
233 367
56 50
19 11
16 17
198 154
213 142
152 164
85 67
64 114
30 33
25 27
121 83
82 67
175 175
159 252
84 72
76 63
96 72
37 21
10 15
21 28
5 6
20 27
23 23
43 63
115 73
17 19
50 66
9 9
181 137
50 43
234 103
184 204
6 6
164 126
171 207
120 171
7 12
6 7
249 208
110 66
48 57
116 143
23 20
18 22
83 55
33 35
9 6
195 150
79 69
126 156
115 163
70 63
9 11
30 39
6 5
11 14
30 24
73 84
10 13
8 7
5 6
143 114
39 60
196 233
161 200
24 35
54 79
158 297
39 68
24 33
5 8
34 31
106 102
6 4
9 7
54 57
18 25
115 105
12 11
87 102
20 13
12 13
90 63
9 10
209 268
243 365
22 36
5 4
70 124
48 98
180 136
126 120
15 11
136 93
15 15
15 18
234 216
125 134
235 469
88 82
20 18
187 172
13 8
26 22
252 256
30 41
6 6
224 145
146 133
197 111
125 189
29 33
230 365
203 332
4 6
65 71
130 123
6 3
123 74
139 172
231 169
90 132
10 13
228 251
155 172
60 61
116 171
29 16
78 148
6 6
63 62
36 34
158 115
228 166
19 25
8 6
21 16
8 8
6 8
38 59
83 41
44 27
119 125
234 334
36 59
11 7
20 28
5 6
46 65
42 36
102 97
18 41
84 62
19 21
7 9
205 141
32 32
7 6
7 7
67 53
23 24
188 146
13 9
215 224
26 26
6 6
185 136
22 30
106 157
133 124
45 93
9 7
235 242
50 37
53 25
27 34
9 5
84 138
96 216
6 5
107 107
69 116
7 8
93 87
73 154
49 57
63 51
26 32
31 42
20 13
62 51
91 137
25 33
256 175
52 30
42 51
54 51
83 95
44 31
7 7
26 23
14 10
10 9
105 63
48 68
195 223
93 72
87 65
4 3
101 77
10 9
55 41
7 6
78 80
50 53
25 12
8 8
11 13
47 46
7 7
88 44
71 85
20 24
44 66
49 48
194 192
215 271
65 51
9 7
15 13
227 134
21 29
27 22
67 61
7 6
141 122
11 11
22 31
36 48
7 4
12 7
97 78
206 148
245 241
96 93
39 37
162 201
5 9
6 6
82 76
4 4
51 54
19 26
5 8
24 25
10 8
12 13
21 19
21 15
9 11
49 44
89 113
135 112
19 12
190 106
7 8
52 47
5 9
193 104
20 21
97 59
86 105
39 45
7 5
60 46
11 8
8 9
47 75
105 53
172 140
20 28
143 119
26 59
25 27
59 78
21 22
120 118
28 19
10 8
50 58
53 31
6 7
74 80
5 7
11 8
109 154
9 8
22 17
43 25
82 76
10 6
8 5
12 16
12 13
184 209
4 4
115 106
110 63
179 191
140 405
16 14
9 7
176 298
9 7
7 7
180 104
81 57
238 214
20 13
5 4
170 105
7 13
38 30
6 7
54 43
42 54
11 20
73 87
116 177
45 56
8 6
47 47
155 262
5 6
27 34
8 8
159 198
48 110
53 35
28 20
41 49
59 37
5 4
33 22
84 86
123 86
7 5
73 45
9 13
69 88
14 12
46 32
144 149
10 10
249 279
4 5
57 60
228 212
68 72
10 11
160 126
47 37
43 18
6 6
12 24
56 50
40 42
128 145
53 47
47 33
19 19
29 35
8 10
118 86
26 12
154 239
57 66
6 5
6 8
158 283
128 148
199 224
32 20
23 14
7 9
168 96
14 20
12 12
19 30
8 13
136 161
4 4
52 72
183 269
9 11
16 16
24 23
16 18
121 188
18 7
74 56
22 26
155 167
42 18
36 15
210 393
121 108
58 122
164 112
71 99
77 88
132 180
37 24
14 12
115 170
151 144
5 5
35 35
9 12
175 262
15 16
105 195
38 26
42 46
10 10
7 8
168 203
15 15
26 24
10 12
123 110
4 3
69 53
33 20
59 69
244 287
58 72
87 77
4 7
4 3
25 30
5 3
162 203
152 129
19 14
248 365
70 91
10 7
5 3
70 32
181 203
25 26
34 25
33 39
80 163
79 93
11 9
21 17
5 4
136 123
6 5
108 178
182 320
27 29
176 238
46 43
7 6
16 20
8 11
6 4
22 17
15 13
113 153
152 232
129 82
98 80
72 59
59 50
24 28
7 5
101 120
10 11
20 20
101 103
13 17
10 9
129 70
13 20
174 103
9 9
10 6
141 195
68 66
12 21
119 107
5 4
6 2
33 33
66 81
21 22
128 174
24 15
66 72
6 4
44 40
4 6
35 50
15 18
10 9
107 92
15 13
177 210
41 29
170 203
19 19
46 58
20 48
91 97
96 158
29 27
4 9
27 20
10 10
255 219
12 9
219 296
5 6
5 5
80 77
40 57
8 8
151 115
25 29
151 295
100 87
186 181
78 93
22 15
33 48
7 8
122 169
13 20
20 16
153 122
61 32
9 11
170 403
5 4
75 91
5 3
44 40
15 13
17 14
190 168
7 5
41 22
58 67
12 17
41 41
10 8
11 15
113 150
51 54
186 436
87 81
16 17
233 134
15 18
10 15
22 42
5 4
62 56
9 10
61 62
179 218
18 30
24 21
249 268
5 7
30 34
70 70
9 11
13 19
130 110
59 59
36 26
20 25
38 38
99 153
117 93
188 242
171 159
36 41
8 6
156 126
9 7
11 12
8 15
13 14
5 4
53 57
254 307
26 27
8 18
175 206
4 5
21 24
9 9
97 67
79 38
5 3
166 118
44 85
57 52
210 259
5 6
26 21
12 11
159 140
5 5
17 11
55 91
60 65
6 5
24 16
14 15
11 13
22 27
36 23
25 18
10 9
72 55
5 5
95 58
17 13
22 18
80 91
192 257
16 13
149 191
76 52
130 110
84 86
25 35
27 26
41 34
35 38
28 32
6 8
74 109
80 107
64 150
35 27
195 164
42 24
244 449
62 56
32 30
179 156
16 10
23 16
161 149
15 11
21 26
13 13
101 131
30 31
5 5
26 35
44 63
11 41
185 159
32 56
8 10
12 9
99 106
55 48
124 122
10 10
7 9
35 37
123 82
4 2
17 11
4 6
9 5
27 31
15 14
43 28
6 9
36 36
9 5
244 169
13 17
117 104
178 196
9 11
5 5
10 16
28 34
67 47
10 12
10 19
32 35
5 2
62 69
32 36
205 193
31 26
153 183
34 39
152 154
146 109
18 13
65 51
25 24
4 9
6 9
36 32
52 60
5 6
85 78
32 36
17 15
158 98
6 12
223 196
16 15
129 96
18 21
6 11
24 26
6 6
152 134
107 77
83 84
26 28
60 165
57 121
6 4
8 17
41 58
255 179
5 4
167 154
33 50
18 23
18 24
39 60
79 69
17 10
129 141
128 74
46 47
20 29
199 402
6 6
6 8
57 37
166 89
60 70
153 120
9 11
5 3
81 45
9 11
174 121
185 167
12 8
6 7
15 31
56 37
150 162
4 4
92 71
104 131
4 5
22 22
7 4
8 9
5 4
32 41
92 71
110 96
75 84
233 317
202 150
42 46
10 14
93 143
9 10
13 10
22 16
53 38
52 61
7 5
228 208
56 37
6 5
4 6
6 5
34 35
60 65
45 88
125 157
204 270
223 307
7 11
5 3
6 8
28 57
17 17
8 11
33 25
46 34
140 130
14 10
50 38
135 268
16 10
200 184
147 146
160 160
39 35
31 30
37 36
6 10
152 84
219 233
12 11
4 5
208 260
20 37
252 209
84 49
220 273
14 12
6 11
203 130
64 52
11 21
165 150
17 16
27 25
105 124
163 120
25 30
46 45
16 13
101 97
40 37
39 42
72 56
178 129
35 44
106 116
19 19
44 78
133 142
131 133
14 12
117 67
52 59
11 8
166 245
14 22
107 154
15 13
5 2
156 178
29 42
49 71
26 11
5 7
11 9
7 6
6 4
8 7
74 62
22 15
6 7
63 46
80 107
12 8
21 28
46 43
65 95
203 213
27 32
106 147
4 2
35 51
256 356
7 11
32 20
44 47
40 24
16 15
23 17
114 112
52 56
13 11
175 140
74 66
230 182
28 18
8 8
70 49
23 23
32 19
246 206
78 52
22 22
14 19
79 74
62 79
23 26
22 16
98 151
19 25
238 151
222 295
21 13
6 7
9 10
9 8
68 75
8 10
5 5
24 36
9 8
9 10
61 60
8 6
20 20
4 4
28 18
5 3
7 4
6 4
17 16
9 8
5 5
47 42
35 31
5 9
12 7
231 391
76 61
94 94
4 5
190 201
67 81
239 350
48 26
239 259
10 11
8 9
13 18
5 9
75 71
7 7
34 38
29 63
10 12
41 28
23 20
114 112
99 137
38 35
5 4
7 10
61 48
136 204
26 20
70 38
241 240
141 188
103 62
117 156
5 4
33 30
7 12
199 186
6 6
14 24
26 36
52 45
13 14
188 211
21 23
20 14
15 15
8 9
7 9
11 8
12 11
153 88
61 54
37 28
30 49
6 3
68 73
89 71
54 28
13 10
4 8
96 73
84 89
254 247
7 7
8 9
11 18
29 39
42 49
208 172
98 91
181 173
6 6
215 185
16 17
17 20
73 80
13 13
194 220
213 231
215 215
38 41
5 2
14 16
74 90
7 4
5 5
230 225
17 11
10 9
10 9
79 48
174 166
14 7
27 16
17 21
92 55
5 6
49 49
140 193
52 76
18 23
81 72
7 6
52 40
14 10
5 7
58 26
8 4
20 17
41 37
96 50
6 4
23 14
58 49
171 173
29 22
24 16
8 6
71 37
139 150
15 16
5 6
5 5
221 250
168 106
93 76
33 54
5 5
30 18
32 31
8 7
5 4
4 4
184 185
17 29
148 106
12 11
45 55
8 10
80 123
12 7
13 16
7 7
6 7
43 63
90 189
234 165
253 164
61 60
18 16
4 2
115 67
7 10
107 87
7 8
29 38
6 4
113 214
8 8
33 31
40 29
5 5
83 132
6 6
81 45
5 4
52 66
43 47
29 31
89 77
31 28
146 128
27 25
58 61
36 38
155 196
49 42
54 55
106 80
6 5
192 165
9 13
100 102
29 29
4 6
19 62
46 45
5 6
252 513
46 34
62 58
33 29
26 17
79 71
6 9
55 62
123 155
6 11
5 5
8 7
61 61
31 49
6 6
21 14
74 75
189 155
146 62
36 18
25 10
7 4
11 6
85 105
189 248
10 10
35 34
29 18
112 74
6 3
171 145
45 57
48 84
91 116
26 18
14 11
23 30
5 6
126 156
12 7
86 93
23 29
8 5
56 78
58 40
13 10
4 6
39 36
30 32
9 5
22 24
147 105
8 10
42 35
43 40
175 365
11 14
26 19
68 59
7 4
6 6
255 175
16 23
29 35
128 106
7 5
89 71
147 150
15 21
183 338
36 37
88 74
15 21
30 15
63 103
15 15
149 212
35 72
56 52
17 15
21 24
4 5
18 13
207 253
5 7
69 48
42 56
132 119
7 4
12 14
70 40
13 21
9 8
11 7
51 44
47 26
52 62
231 179
172 191
54 41
10 9
33 61
23 31
7 6
5 2
35 23
10 9
11 14
52 52
185 149
14 14
14 17
135 143
25 34
131 261
236 177
13 15
7 4
219 231
6 7
37 68
88 66
7 4
19 20
5 6
52 82
8 5
120 115
9 9
33 68
36 24
53 55
206 238
95 81
5 13
6 4
59 87
43 35
25 29
71 93
10 16
9 8
14 8
71 173
11 11
31 52
156 169
213 347
13 9
15 11
4 4
18 10
27 35
90 58
147 154
228 149
82 104
26 42
24 46
39 76
88 103
68 53
18 17
58 74
38 44
4 9
13 9
140 174
214 197
25 15
82 56
12 12
21 15
13 15
9 15
73 59
197 178
35 25
172 189
62 64
10 11
17 16
56 67
6 3
13 11
12 18
13 12
5 5
63 66
20 30
30 32
33 28
103 87
8 9
16 25
9 10
28 30
195 222
10 11
5 4
34 26
11 11
140 133
6 5
13 14
26 35
6 5
43 24
9 6
78 88
25 18
135 119
90 65
100 91
102 75
23 16
43 20
34 42
5 10
16 14
54 45
8 9
18 21
236 148
8 7
39 34
23 29
4 4
5 5
47 36
12 7
67 72
13 12
134 114
37 30
6 7
37 22
5 4
97 90
18 13
15 15
31 30
207 184
31 31
34 35
8 14
29 45
211 171
211 133
28 31
159 105
25 32
14 11
32 35
7 4
89 70
14 8
42 55
129 107
157 158
236 187
44 36
142 134
176 142
101 56
6 3
6 4
5 5
37 56
11 9
87 66
11 25
24 15
103 133
42 42
92 111
12 13
107 128
22 24
194 106
21 8
200 157
61 55
58 39
151 130
5 4
5 3
122 53
10 7
118 70
8 9
59 44
27 24
243 269
36 25
8 9
25 37
25 31
13 23
120 130
36 40
10 12
11 8
5 8
6 9
12 12
6 5
11 6
36 32
4 9
8 12
21 42
14 16
11 9
142 171
212 215
130 129
21 16
109 141
9 11
54 56
127 90
23 22
5 5
13 20
58 45
14 9
5 7
86 70
6 12
6 5
31 29
56 50
235 234
61 45
100 98
52 59
59 80
69 91
167 143
33 36
175 314
115 146
35 27
6 6
41 67
37 29
24 28
35 52
35 26
10 17
48 50
35 32
253 326
29 42
129 83
37 50
58 54
72 65
98 128
81 111
13 13
38 35
4 7
178 178
94 76
131 83
9 10
137 77
92 87
26 16
7 5
17 12
11 16
115 67
7 6
209 170
97 62
19 27
7 7
31 32
201 104
13 11
12 13
84 194
126 92
27 25
27 43
24 22
38 71
76 117
18 11
6 7
167 190
28 23
12 15
107 128
46 47
97 94
5 7
128 98
23 24
4 4
48 75
36 28
15 21
24 21
11 14
11 8
211 137
29 20
141 116
46 54
59 80
8 11
81 92
119 91
23 17
20 12
74 70
7 7
70 48
36 49
13 12
7 11
88 81
16 13
10 15
72 75
72 112
5 7
5 3
58 56
25 43
85 90
62 106
5 6
6 5
6 8
14 15
242 186
169 165
21 21
145 183
6 7
34 54
34 45
43 31
164 120
65 78
21 21
8 7
20 17
44 58
15 11
26 32
11 18
37 49
21 20
86 101
98 110
110 101
41 35
32 27
56 80
13 15
7 10
45 57
214 235
93 72
61 97
12 15
5 4
14 12
9 14
46 34
17 15
37 36
86 120
21 14
19 26
4 3
51 40
20 20
15 9
35 35
39 39
91 95
166 143
8 7
20 18
154 166
153 132
153 127
16 15
122 146
20 13
7 5
6 3
12 13
9 4
82 123
32 21
59 83
89 91
209 195
52 51
183 128
139 112
49 65
110 123
23 25
27 27
19 30
5 5
14 10
9 9
218 251
54 62
198 190
26 19
64 50
9 5
82 100
191 120
4 6
4 5
121 129
13 20
49 55
44 28
6 8
5 7
189 215
23 40
17 10
19 25
138 119
5 3
18 39
12 22
144 225
232 205
56 25
119 145
151 143
9 14
42 51
16 13
9 20
40 61
143 100
9 8
5 6
232 278
48 57
5 2
14 8
49 58
5 6
12 11
8 7
12 13
15 12
200 297
18 15
7 5
63 132
9 10
35 24
129 140
31 21
86 84
114 160
23 19
90 96
24 29
6 9
5 8
21 21
27 19
43 35
41 35
5 7
10 14
7 6
165 305
198 315
34 58
146 143
71 97
39 47
8 12
8 8
150 148
34 32
45 29
7 9
228 339
66 66
16 21
24 24
19 27
6 7
97 54
245 284
5 6
5 8
221 117
155 104
159 109
218 172
9 6
81 170
11 10
18 12
38 33
5 6
13 15
93 102
7 9
83 174
60 72
220 238
62 62
21 18
6 5
5 4
45 26
6 6
10 12
151 134
17 12
213 185
55 71
62 65
5 6
244 322
16 13
9 10
7 8
6 5
72 111
26 22
5 6
14 7
122 109
4 5
171 225
12 9
4 9
15 12
24 24
95 129
4 8
21 18
20 13
21 30
5 4
68 46
13 20
247 146
213 168
7 8
46 33
76 45
130 92
223 244
98 74
64 87
160 161
6 5
9 12
255 240
101 120
111 115
146 120
38 32
59 37
152 104
4 3
4 3
31 39
4 6
53 47
6 10
78 51
30 25
7 6
22 40
251 382
108 118
61 87
16 32
97 145
42 37
5 6
53 50
16 16
10 11
63 40
19 23
8 11
5 4
14 24
75 80
5 5
133 144
211 456
10 14
57 53
63 43
9 7
249 185
24 24
75 49
46 78
110 110
11 12
197 100
13 10
69 68
208 237
7 4
58 75
150 71
110 134
166 198
17 16
7 10
40 66
5 3
7 6
9 4
18 30
13 13
9 9
4 4
176 163
54 37
13 7
89 63
21 26
21 15
20 31
7 9
47 50
9 12
6 6
6 5
167 151
246 354
5 4
8 11
4 3
65 31
238 356
55 73
42 31
5 9
57 51
15 7
181 229
8 7
19 24
85 205
68 89
13 10
15 13
40 33
37 45
123 169
32 19
121 68
52 30
7 8
242 209
30 38
19 25
30 75
4 3
39 22
67 104
5 6
35 53
6 7
19 14
140 251
16 23
7 5
4 11
66 37
5 5
90 85
64 23
8 4
8 7
9 10
15 30
212 265
115 66
5 3
28 20
22 18
56 48
14 10
4 5
185 235
24 14
5 4
8 6
7 5
80 57
164 111
45 43
28 47
43 88
168 189
131 142
7 9
46 86
243 162
216 181
8 8
115 108
31 26
6 6
9 12
184 125
139 128
11 21
119 143
11 10
13 11
117 134
52 39
160 186
5 7
190 272
17 11
5 4
171 340
115 115
17 27
168 272
92 60
132 97
22 19
52 85
25 35
42 20
7 12
91 171
23 24
89 75
12 12
19 18
8 15
18 20
5 5
7 11
28 28
8 5
224 163
12 11
35 59
21 20
106 93
138 80
11 10
7 7
60 25
9 12
6 10
24 14
6 4
8 7
93 85
9 12
22 18
112 84
17 14
68 63
10 8
51 62
5 5
14 5
27 25
83 69
33 78
48 46
30 25
4 8
15 13
40 52
244 142
20 19
20 12
7 8
15 11
71 58
84 72
37 36
6 6
10 10
12 14
12 8
10 10
148 272
19 24
10 10
157 130
15 24
18 15
83 101
24 18
158 116
25 29
104 62
13 14
36 37
33 22
14 26
4 3
12 17
11 15
66 71
32 36
9 9
231 125
6 5
45 30
6 10
67 39
124 115
79 64
238 303
41 33
193 268
12 13
39 70
7 3
26 24
128 206
25 42
12 13
8 7
15 15
57 82
182 208
140 140
8 6
114 194
55 81
193 224
179 198
10 17
169 138
186 193
6 7
178 110
67 59
29 23
27 34
115 147
16 14
130 119
151 235
38 20
10 14
28 23
5 7
69 91
196 199
44 47
7 6
60 47
35 28
22 27
63 72
5 7
114 133
221 255
20 18
37 50
68 55
154 180
236 248
118 90
27 23
6 3
56 64
21 20
34 36
81 84
122 150
5 6
44 23
4 5
40 65
24 28
100 119
88 137
120 75
11 9
141 166
6 6
4 3
142 89
20 25
25 22
15 17
27 29
191 170
109 96
61 101
154 106
168 283
4 4
196 139
7 6
15 17
22 22
6 3
65 74
7 5
7 6
9 5
46 73
14 15
62 49
11 10
4 6
98 125
7 8
10 14
111 151
13 9
185 168
22 25
211 126
161 139
62 47
234 401
66 92
9 6
14 15
11 14
10 9
12 10
7 9
7 6
36 40
24 36
45 54
253 244
21 23
20 20
18 21
32 25
96 139
21 11
21 26
6 7
40 30
162 254
4 5
7 8
5 4
11 17
6 3
125 68
94 182
13 12
153 210
116 120
100 65
20 37
25 23
198 199
4 4
14 17
4 7
95 133
52 65
5 6
55 49
93 116
19 24
50 53
17 13
82 67
7 10
18 14
38 47
28 14
7 4
18 38
114 159
7 10
218 317
170 119
230 128
5 9
47 42
65 90
6 6
42 32
7 5
129 141
109 132
67 68
5 5
7 6
16 27
109 127
4 3
230 331
18 19
8 5
98 102
7 5
149 217
93 99
148 150
27 18
21 25
19 26
4 5
15 13
22 30
54 58
53 55
65 106
12 10
21 28
65 105
33 36
65 77
12 10
23 21
137 122
60 85
26 30
61 38
113 71
5 3
57 41
120 238
28 16
10 9
136 208
40 56
6 6
86 70
24 29
8 5
4 3
182 121
7 6
83 83
18 26
22 12
162 168
8 5
63 43
5 5
135 151
115 229
4 4
20 16
8 11
65 64
8 7
9 5
5 5
54 65
150 126
75 85
155 184
15 10
59 52
107 157
39 35
142 151
84 93
76 96
53 67
12 15
76 59
238 199
7 4
16 14
7 8
6 4
238 155
44 84
20 19
51 77
47 36
6 8
34 29
23 16
30 32
152 183
150 105
189 143
26 40
15 17
79 103
21 16
11 5
24 11
83 83
9 7
186 127
20 20
79 39
32 48
23 24
76 113
60 35
10 5
27 19
90 73
4 5
37 39
8 6
77 63
22 24
66 60
74 69
211 410
52 56
104 102
7 14
8 6
117 100
69 46
56 103
61 45
7 8
9 15
255 168
37 24
168 158
5 9
137 153
24 26
138 95
43 37
133 151
24 31
27 29
8 10
28 26
8 13
9 7
165 165
31 32
32 34
119 84
8 8
84 77
4 5
107 135
5 6
100 103
75 51
210 154
64 37
64 143
155 211
4 4
9 12
16 20
20 17
18 17
13 17
120 140
32 21
11 11
8 8
11 14
141 159
16 31
7 11
16 19
30 33
33 33
11 15
225 172
208 357
50 62
15 21
158 149
8 5
130 49
41 51
130 186
42 60
22 24
152 128
96 66
75 75
18 18
68 68
36 46
29 23
27 29
11 13
19 36
11 11
36 28
78 70
43 41
15 26
20 28
10 14
5 5
200 130
63 63
117 77
131 244
15 11
108 140
64 117
32 32
4 5
42 41
115 181
239 641
53 52
195 179
7 9
60 40
158 114
218 235
79 108
6 5
69 68
53 71
7 11
68 43
92 126
39 29
78 69
13 17
8 4
51 61
154 159
33 27
117 56
12 12
17 15
111 117
129 110
18 22
6 3
5 7
26 27
16 23
18 17
4 5
8 5
26 41
15 13
16 11
99 111
52 46
29 20
216 164
249 277
20 29
18 11
47 37
35 35
33 61
54 55
15 20
7 9
34 51
46 23
7 7
16 14
4 3
5 4
33 36
23 24
80 137
5 4
8 9
98 86
180 115
34 80
5 4
45 61
50 41
8 9
60 71
28 26
240 209
23 48
75 92
83 61
4 5
73 111
49 94
33 55
12 22
18 20
16 12
154 154
35 69
6 10
4 4
59 25
28 12
6 6
176 197
6 6
65 45
17 17
5 2
8 7
64 88
34 25
11 17
20 16
21 25
60 76
226 255
8 11
24 14
6 5
7 10
9 9
133 127
140 161
150 134
40 30
4 2
69 62
145 184
223 249
6 5
100 106
74 72
4 7
17 17
6 3
14 9
171 236
8 6
47 42
86 82
8 8
175 212
111 162
16 11
73 60
87 125
6 7
79 32
31 22
30 17
34 42
28 32
70 82
84 38
4 7
60 63
14 14
100 123
26 20
43 33
75 66
168 154
137 241
238 329
32 46
9 14
180 132
8 9
249 334
21 36
9 14
4 3
5 7
24 26
6 6
26 16
33 27
26 32
15 13
252 147
13 27
28 31
40 31
6 4
42 46
5 2
108 90
5 5
253 164
17 23
26 26
28 37
36 63
36 35
32 27
45 49
6 4
19 38
24 15
29 45
92 69
48 30
76 172
32 27
93 84
168 292
5 5
105 89
6 11
15 19
53 54
53 58
22 14
16 11
46 46
17 19
87 64
17 33
83 63
49 44
178 151
71 63
44 45
124 69
166 130
109 90
16 19
64 70
4 10
180 218
142 128
33 25
45 40
6 8
243 221
10 9
58 124
11 23
5 4
202 160
116 129
209 195
80 61
14 16
174 179
4 4
13 13
95 67
32 38
60 54
5 3
12 18
5 6
40 57
17 16
6 4
20 41
44 32
101 182
128 207
11 8
151 151
4 4
157 141
76 191
221 210
83 56
5 7
5 6
9 9
5 5
18 32
190 259
17 17
6 6
148 121
13 25
6 7
147 227
111 95
11 13
19 25
227 177
46 48
58 84
5 7
254 216
190 150
11 8
231 166
73 106
25 26
190 476
52 45
99 68
52 74
23 20
5 4
8 3
9 5
4 4
80 82
7 14
76 38
17 15
7 7
13 10
26 21
36 59
249 231
10 14
102 88
16 18
4 7
18 19
110 154
4 4
129 144
46 54
97 138
74 113
120 93
156 195
11 10
75 104
4 6
51 42
106 55
25 27
130 108
4 5
4 3
95 219
29 22
11 10
15 11
82 141
4 3
21 19
186 336
123 135
32 61
6 3
21 20
38 53
9 12
145 196
5 7
47 37
68 110
9 14
37 39
81 173
82 103
143 115
48 45
24 17
11 9
187 86
5 7
14 20
12 10
43 40
10 15
11 10
15 14
110 50
169 209
8 12
55 76
45 53
10 11
83 127
88 60
13 16
87 75
13 14
80 100
86 53
53 80
38 39
5 6
160 118
76 95
31 25
9 7
8 5
17 12
225 283
94 57
172 116
4 6
146 147
5 5
4 3
27 24
244 231
167 173
129 107
90 81
15 9
106 115
53 35
182 377
228 199
13 9
25 38
13 23
6 8
48 40
146 122
164 174
101 68
7 8
198 187
10 17
109 101
39 29
129 61
35 55
99 88
122 110
44 44
42 99
11 8
54 61
5 4
6 6
50 85
8 10
46 76
11 7
141 115
35 27
117 118
43 59
6 7
10 12
25 25
97 91
11 10
19 17
46 49
5 2
15 13
5 6
22 21
8 10
25 14
145 121
66 76
26 33
214 207
5 8
24 23
125 126
139 151
8 15
178 243
53 36
15 15
34 43
17 8
21 19
13 15
80 117
22 38
37 43
24 21
71 73
181 75
64 33
29 22
50 46
229 146
6 5
23 16
50 55
15 20
148 141
32 24
7 7
160 163
92 60
208 252
16 19
4 2
6 7
62 68
93 104
141 284
18 11
4 3
14 20
136 76
31 27
31 35
26 28
68 107
68 71
38 29
49 36
13 23
62 64
25 18
67 78
195 175
41 53
54 38
222 345
24 36
6 6
140 89
36 26
4 3
19 8
43 37
15 15
39 27
5 10
208 181
73 65
7 6
19 35
155 213
205 199
197 289
8 8
75 93
5 6
114 97
160 115
10 9
15 17
92 97
20 31
5 3
190 216
182 132
4 5
21 23
54 42
97 84
242 168
21 15
7 11
20 20
16 14
193 185
19 22
5 3
9 9
132 116
18 26
19 18
98 95
63 34
5 7
150 136
23 30
11 13
91 129
179 154
83 94
7 9
11 11
224 311
92 160
17 10
80 106
58 41
24 27
134 104
19 11
65 58
20 31
169 233
1 21
0 8
4 0
3 0
3 0
1 7
0 1 0
0 39 45
0 36 29
0 1 0
3 0 3
1 6 30
0 1 0
0 18 9
0 25 37
0 1 0
0 23 22
3 0 8
0 1 0
1 29 189
0 40 30
0 1 0
3 0 3
0 41 23
0 1 0
1 19 97
0 2 2
0 1 0
3 0 3
0 20 15
0 1 0
1 45 483
0 9 9
0 1 0
0 39 37
0 48 68
0 1 0
0 47 83
2 0 0
0 1 0
2 0 7
3 0 8
0 1 0
3 0 4
0 18 16
0 1 0
3 0 5
1 50 423
0 1 0
0 45 77
1 8 55
0 1 0
0 34 42
1 1 7
0 1 0
0 47 27
3 0 5
0 1 0
0 46 50
0 49 30
0 1 0
0 10 12
2 0 0
0 1 0
3 0 9
0 8 12
0 1 0
0 39 47
0 37 35
0 1 0
0 22 29
1 33 279
0 1 0
0 32 22
1 47 493
0 1 0
3 0 6
0 31 38
0 1 0
2 0 8
0 46 40
0 1 0
3 0 0
1 15 110
0 1 0
3 0 2
0 2 2
0 1 0
1 11 73
3 0 9
0 1 0
0 47 40
1 48 431
0 1 0
1 23 213
0 17 24
0 1 0
1 26 142
0 35 36
0 1 0
0 25 24
3 0 0
0 1 0
0 16 19
4 0 965
0 1 0
1 5 26
2 0 9
0 1 0
4 0 777
0 7 10
0 1 0
0 24 29
0 28 17
0 1 0
3 0 5
0 3 2
0 1 0
0 30 43
3 0 9
0 1 0
0 31 37
0 36 63
0 1 0
1 28 139
2 0 4
0 1 0
0 16 9
3 0 8
0 1 0
0 5 4
1 3 10
0 1 0
0 38 12
0 3 3
0 1 0
0 3 2
0 41 48
0 1 0
0 31 42
0 7 4
0 1 0
1 43 473
3 0 10
0 1 0
0 16 15
2 0 8
0 1 0
3 0 6
2 0 4
0 1 0
0 43 31
0 45 46
0 1 0
0 11 5
4 0 963
0 1 0
2 0 6
3 0 6
0 1 0
3 0 6
1 48 358
0 1 0
0 30 25
1 10 96
0 1 0
3 0 1
0 26 12
0 1 0
0 26 20
0 49 57
0 1 0
0 35 24
2 0 3
0 1 0
3 0 10
0 35 45
0 1 0
0 8 6
0 15 17
0 1 0
0 31 27
2 0 8
0 1 0
0 8 4
0 26 30
0 1 0
2 0 2
0 17 24
0 1 0
0 34 35
1 46 469
0 1 0
2 0 1
0 25 11
0 1 0
1 48 395
0 27 10
0 1 0
0 19 26
1 12 57
0 1 0
3 0 9
4 0 824
0 1 0
1 17 132
0 28 31
0 1 0
1 3 16
3 0 9
0 1 0
1 12 124
2 0 4
0 1 0
1 13 57
4 0 902
0 1 0
0 13 7
0 27 41
0 1 0
1 27 274
0 33 29
0 1 0
3 0 9
0 40 39
0 1 0
0 38 42
0 9 11
0 1 0
3 0 3
1 46 274
0 1 0
2 0 9
0 12 8
0 1 0
1 36 101
0 31 31
0 1 0
1 27 164
0 28 29
0 1 0
3 0 2
0 36 36
0 1 0
0 13 9
3 0 10
0 1 0
2 0 3
0 48 66
0 1 0
0 44 40
2 0 3
0 1 0
3 0 3
0 47 58
0 1 0
3 0 3
1 17 148
0 1 0
2 0 10
0 33 22
0 1 0
1 41 237
4 0 982
0 1 0
0 13 17
1 42 314
0 1 0
0 23 32
3 0 8
0 1 0
0 49 45
1 30 243
0 1 0
1 12 139
0 30 36
0 1 0
1 37 160
0 19 13
0 1 0
4 0 961
0 3 2
0 1 0
3 0 5
0 6 7
0 1 0
0 34 43
0 31 44
0 1 0
3 0 7
2 0 9
0 1 0
0 30 36
0 15 16
0 1 0
1 45 381
0 26 23
0 1 0
0 39 34
0 33 40
0 1 0
4 0 860
3 0 10
0 1 0
0 23 28
0 1 1
0 1 0
0 45 53
1 36 283
0 1 0
0 18 17
0 5 5
0 1 0
0 33 39
1 5 27
0 1 0
2 0 0
1 41 359
0 1 0
0 49 46
3 0 4
0 1 0
0 29 42
1 44 122
0 1 0
1 48 229
3 0 9
0 1 0
3 0 2
3 0 0
0 1 0
3 0 5
2 0 5
0 1 0
1 20 241
1 3 21
0 1 0
1 11 53
1 2 28
0 1 0
0 30 18
1 38 309
0 1 0
0 15 22
0 7 7
0 1 0
0 29 33
0 37 57
0 1 0
2 0 7
0 47 32
0 1 0
0 12 10
0 48 44
0 1 0
0 30 27
0 5 3
0 1 0
2 0 8
0 15 10
0 1 0
1 23 125
1 7 56
0 1 0
3 0 5
0 22 22
0 1 0
0 10 9
0 19 29
0 1 0
2 0 2
3 0 9
0 1 0
2 0 7
3 0 7
0 1 0
0 8 8
1 31 74
0 1 0
0 41 54
0 13 12
0 1 0
0 17 25
1 22 146
0 1 0
1 4 33
0 25 26
0 1 0
2 0 5
0 20 15
0 1 0
0 23 27
4 0 298
0 1 0
2 0 10
0 2 3
0 1 0
0 50 58
0 36 30
0 1 0
0 24 24
0 41 62
0 1 0
0 2 2
3 0 1
0 1 0
0 21 17
0 11 19
0 1 0
0 19 7
0 25 28
0 1 0
0 3 3
0 22 25
0 1 0
0 21 20
1 37 269
0 1 0
1 1 8
0 20 21
0 1 0
0 38 39
3 0 6
0 1 0
0 13 18
0 13 9
0 1 0
0 50 52
1 43 147
0 1 0
1 49 430
0 45 43
0 1 0
2 0 6
0 34 27
0 1 0
3 0 3
1 27 141
0 1 0
3 0 0
1 27 251
0 1 0
0 18 21
1 2 11
0 1 0
0 25 30
1 13 142
0 1 0
0 12 17
3 0 2
0 1 0
1 22 271
1 17 71
0 1 0
1 49 249
3 0 6
0 1 0
0 42 32
1 15 100
0 1 0
0 45 67
0 8 4
0 1 0
1 38 263
0 6 7
0 1 0
0 22 24
0 34 39
0 1 0
0 30 23
3 0 9
0 1 0
0 49 28
0 19 8
0 1 0
0 39 11
0 45 58
0 1 0
3 0 1
3 0 8
0 1 0
0 43 74
0 50 52
0 1 0
1 40 256
1 44 185
0 1 0
2 0 5
1 16 74
0 1 0
0 10 10
0 38 42
0 1 0
1 45 295
1 24 164
0 1 0
0 50 56
0 13 18
0 1 0
0 45 23
0 34 32
0 1 0
1 1 4
3 0 2
0 1 0
0 50 46
1 15 44
0 1 0
0 8 5
1 26 156
0 1 0
0 8 3
0 31 30
0 1 0
4 0 750
0 50 26
0 1 0
0 46 54
1 15 80
0 1 0
2 0 9
1 28 174
0 1 0
0 29 51
3 0 9
0 1 0
1 9 64
0 18 20
0 1 0
0 20 21
0 2 1
0 1 0
0 48 29
0 7 8
0 1 0
1 24 205
0 42 23
0 1 0
3 0 0
0 49 6
0 1 0
1 43 414
1 6 44
0 1 0
1 26 134
0 31 39
0 1 0
0 14 12
0 17 19
0 1 0
1 13 57
0 14 16
0 1 0
0 6 3
3 0 2
0 1 0
1 45 169
0 29 33
0 1 0
0 44 37
0 5 6
0 1 0
3 0 1
2 0 6
0 1 0
0 21 10
0 15 10
0 1 0
0 9 8
0 5 3
0 1 0
0 12 9
0 38 56
0 1 0
0 50 63
0 39 46
0 1 0
1 50 324
0 41 53
0 1 0
0 13 13
0 29 23
0 1 0
1 5 68
3 0 9
0 1 0
0 50 42
0 50 49
0 1 0
0 50 62
0 34 31
0 1 0
0 43 30
1 21 137
0 1 0
0 41 56
0 33 41
0 1 0
0 18 17
0 38 65
0 1 0
0 13 16
2 0 5
0 1 0
3 0 6
2 0 10
0 1 0
3 0 10
3 0 0
0 1 0
0 50 64
0 20 15
0 1 0
1 24 126
0 14 15
0 1 0
0 44 37
1 14 43
0 1 0
0 31 33
0 26 7
0 1 0
0 42 41
3 0 9
0 1 0
1 49 304
1 42 340
0 1 0
0 1 1
0 20 21
0 1 0
0 10 14
0 8 5
0 1 0
0 50 62
0 22 24
0 1 0
3 0 2
1 3 24
0 1 0
1 18 137
3 0 1
0 1 0
0 31 23
2 0 5
0 1 0
0 15 12
0 30 30
0 1 0
1 15 99
0 11 12
0 1 0
0 38 31
0 4 4
0 1 0
1 43 336
0 12 16
0 1 0
0 6 5
0 5 3
0 1 0
1 35 257
3 0 2
0 1 0
3 0 0
1 18 130
0 1 0
0 3 3
0 10 12
0 1 0
0 39 41
1 35 400
0 1 0
2 0 10
0 25 37
0 1 0
0 18 19
0 41 38
0 1 0
0 29 22
0 34 41
0 1 0
0 1 1
3 0 5
0 1 0
0 6 5
0 10 13
0 1 0
0 36 22
0 37 14
0 1 0
4 0 218
0 18 13
0 1 0
2 0 4
4 0 500
0 1 0
3 0 4
3 0 7
0 1 0
0 46 62
3 0 4
0 1 0
1 36 290
2 0 3
0 1 0
0 15 17
3 0 2
0 1 0
0 5 5
2 0 8
0 1 0
0 43 40
3 0 5
0 1 0
1 36 267
1 17 107
0 1 0
3 0 2
3 0 8
0 1 0
0 37 40
3 0 10
0 1 0
1 16 116
4 0 575
0 1 0
0 1 1
0 35 40
0 1 0
0 50 58
1 19 94
0 1 0
2 0 5
0 28 31
0 1 0
1 6 32
0 22 24
0 1 0
0 6 6
0 6 9
0 1 0
4 0 556
1 39 306
0 1 0
1 3 18
2 0 3
0 1 0
3 0 0
1 49 296
0 1 0
3 0 2
0 22 7
0 1 0
0 12 12
1 16 119
0 1 0
1 31 284
1 6 54
0 1 0
0 2 2
3 0 10
0 1 0
1 41 431
0 31 43
0 1 0
2 0 10
2 0 2
0 1 0
0 8 5
3 0 10
0 1 0
1 19 37
0 34 28
0 1 0
1 28 148
1 45 268
0 1 0
3 0 5
0 17 30
0 1 0
1 33 128
0 20 27
0 1 0
1 4 29
1 34 155
0 1 0
0 30 3
1 33 80
0 1 0
0 18 26
0 7 9
0 1 0
3 0 3
1 17 152
0 1 0
1 34 250
2 0 10
0 1 0
4 0 246
3 0 6
0 1 0
0 36 60
3 0 5
0 1 0
1 23 150
1 39 379
0 1 0
0 37 29
1 13 82
0 1 0
1 31 229
3 0 1
0 1 0
2 0 9
3 0 0
0 1 0
3 0 8
0 1 1
0 1 0
0 18 16
0 42 51
0 1 0
0 19 16
0 42 34
0 1 0
0 20 22
0 14 17
0 1 0
4 0 904
1 26 289
0 1 0
3 0 8
0 18 16
0 1 0
0 11 8
0 16 13
0 1 0
1 23 184
0 37 56
0 1 0
4 0 794
0 46 55
0 1 0
1 29 203
1 41 400
0 1 0
0 2 3
0 8 6
0 1 0
3 0 1
1 8 25
0 1 0
1 36 237
0 21 5
0 1 0
2 0 2
3 0 0
0 1 0
0 27 19
0 34 44
0 1 0
3 0 6
1 36 397
0 1 0
1 32 316
0 5 4
0 1 0
3 0 10
0 43 33
0 1 0
3 0 10
4 0 658
0 1 0
0 43 65
0 20 19
0 1 0
4 0 631
1 39 279
0 1 0
3 0 1
0 29 35
0 1 0
0 12 6
0 47 43
0 1 0
0 37 46
0 17 17
0 1 0
4 0 277
1 2 14
0 1 0
0 31 16
2 0 6
0 1 0
0 40 34
1 3 13
0 1 0
2 0 0
0 1 1
0 1 0
0 1 1
0 41 20
0 1 0
1 47 288
0 22 17
0 1 0
3 0 8
0 2 2
0 1 0
0 16 12
2 0 9
0 1 0
0 31 31
0 19 14
0 1 0
1 27 200
2 0 8
0 1 0
0 4 5
0 42 34
0 1 0
1 39 342
0 26 30
0 1 0
0 23 35
0 10 10
0 1 0
0 40 25
3 0 5
0 1 0
0 23 18
0 43 29
0 1 0
0 33 37
0 8 6
0 1 0
0 44 17
0 13 18
0 1 0
0 19 19
1 25 144
0 1 0
0 15 9
2 0 6
0 1 0
0 47 57
3 0 7
0 1 0
3 0 8
0 20 28
0 1 0
2 0 8
0 38 23
0 1 0
0 42 20
2 0 0
0 1 0
2 0 0
0 4 4
0 1 0
1 11 45
0 41 49
0 1 0
0 14 19
0 26 23
0 1 0
0 19 13
0 10 7
0 1 0
0 38 68
1 25 211
0 1 0
0 38 34
3 0 4
0 1 0
3 0 4
1 9 60
0 1 0
3 0 3
2 0 0
0 1 0
2 0 5
1 12 98
0 1 0
0 40 48
1 27 225
0 1 0
3 0 9
3 0 0
0 1 0
1 13 112
1 42 422
0 1 0
0 22 26
1 32 219
0 1 0
1 38 294
0 39 46
0 1 0
0 46 45
0 30 42
0 1 0
0 44 49
0 38 16
0 1 0
0 47 33
1 8 83
0 1 0
0 29 39
0 22 14
0 1 0
0 5 6
0 17 19
0 1 0
0 1 1
0 42 49
0 1 0
0 25 24
1 1 7
0 1 0
2 0 4
0 29 39
0 1 0
3 0 9
3 0 1
0 1 0
1 28 155
0 41 42
0 1 0
1 6 30
0 24 12
0 1 0
0 34 16
0 31 26
0 1 0
3 0 1
0 26 23
0 1 0
0 49 59
0 21 26
0 1 0
0 20 27
0 16 15
0 1 0
1 23 176
1 28 124
0 1 0
0 2 2
0 18 19
0 1 0
3 0 2
3 0 1
0 1 0
0 6 5
3 0 7
0 1 0
4 0 774
1 49 495
0 1 0
2 0 9
0 42 22
0 1 0
4 0 608
2 0 3
0 1 0
0 22 26
0 32 32
0 1 0
0 27 24
0 41 39
0 1 0
1 5 30
0 10 8
0 1 0
0 9 7
0 13 14
0 1 0
3 0 0
0 17 15
0 1 0
0 46 34
1 36 284
0 1 0
0 40 40
0 27 26
0 1 0
3 0 5
3 0 3
0 1 0
0 7 7
1 16 187
0 1 0
4 0 641
0 50 43
0 1 0
0 10 4
0 42 33
0 1 0
1 42 279
0 39 48
0 1 0
0 41 59
0 35 39
0 1 0
0 12 8
1 43 408
0 1 0
2 0 4
0 45 36
0 1 0
0 9 6
4 0 604
0 1 0
1 7 38
1 42 405
0 1 0
3 0 5
1 31 341
0 1 0
2 0 4
0 24 17
0 1 0
3 0 5
1 20 149
0 1 0
0 20 6
0 34 43
0 1 0
0 35 29
0 8 5
0 1 0
0 17 21
0 44 28
0 1 0
0 40 41
0 17 13
0 1 0
0 45 59
0 13 11
0 1 0
4 0 407
1 12 129
0 1 0
1 40 197
1 21 215
0 1 0
0 36 42
0 39 42
0 1 0
0 48 46
1 50 296
0 1 0
1 4 27
3 0 1
0 1 0
3 0 9
0 16 19
0 1 0
0 45 43
3 0 5
0 1 0
3 0 4
0 33 45
0 1 0
4 0 330
0 12 10
0 1 0
0 22 2
0 30 31
0 1 0
0 43 47
3 0 1
0 1 0
0 16 28
0 46 39
0 1 0
0 19 28
3 0 3
0 1 0
1 21 130
0 20 16
0 1 0
0 16 11
0 12 4
0 1 0
1 40 312
1 33 200
0 1 0
0 32 12
0 20 17
0 1 0
3 0 1
0 12 9
0 1 0
1 44 353
0 16 13
0 1 0
3 0 10
3 0 2
0 1 0
1 39 408
1 20 170
0 1 0
1 45 361
0 45 1
0 1 0
1 48 350
0 43 31
0 1 0
0 45 63
0 17 14
0 1 0
1 7 52
2 0 8
0 1 0
0 13 9
0 34 24
0 1 0
0 23 25
4 0 896
0 1 0
1 45 250
0 8 8
0 1 0
1 39 285
0 42 29
0 1 0
1 32 283
0 30 28
0 1 0
2 0 8
3 0 5
0 1 0
0 42 56
3 0 1
0 1 0
0 39 42
0 21 24
0 1 0
0 28 27
0 30 23
0 1 0
0 24 29
2 0 1
0 1 0
0 6 5
1 12 130
0 1 0
0 33 36
1 41 181
0 1 0
0 2 1
0 7 6
0 1 0
1 20 133
0 25 8
0 1 0
3 0 4
1 50 365
0 1 0
0 23 13
1 37 156
0 1 0
3 0 5
0 33 39
0 1 0
0 40 39
1 40 344
0 1 0
1 9 29
3 0 4
0 1 0
1 4 32
0 21 20
0 1 0
0 26 26
0 24 34
0 1 0
1 21 227
0 36 38
0 1 0
0 11 15
0 35 28
0 1 0
0 32 29
1 38 263
0 1 0
1 27 172
3 0 3
0 1 0
0 7 7
0 8 6
0 1 0
0 17 11
2 0 6
0 1 0
0 17 18
0 41 30
0 1 0
0 7 3
0 36 32
0 1 0
3 0 8
0 15 11
0 1 0
0 45 68
0 18 13
0 1 0
0 48 69
0 15 21
0 1 0
1 37 500
1 46 287
0 1 0
0 3 3
0 27 28
0 1 0
0 47 41
0 18 20
0 1 0
0 3 2
0 39 62
0 1 0
1 25 131
1 43 423
0 1 0
1 37 306
0 8 7
0 1 0
1 15 85
1 41 316
0 1 0
0 33 32
1 40 91
0 1 0
1 14 63
1 35 354
0 1 0
0 43 35
1 20 114
0 1 0
1 42 67
0 15 13
0 1 0
1 31 354
1 35 128
0 1 0
1 7 68
1 15 115
0 1 0
1 20 226
0 45 61
0 1 0
0 20 18
0 40 41
0 1 0
1 1 12
0 38 39
0 1 0
0 46 48
3 0 2
0 1 0
2 0 1
1 45 155
0 1 0
0 34 38
0 5 5
0 1 0
0 36 50
0 27 22
0 1 0
3 0 5
4 0 883
0 1 0
1 26 213
1 44 269
0 1 0
0 7 7
1 27 124
0 1 0
3 0 9
0 10 13
0 1 0
3 0 4
0 23 18
0 1 0
3 0 2
3 0 2
0 1 0
0 44 27
0 38 17
0 1 0
1 48 483
1 4 33
0 1 0
0 2 2
0 24 31
0 1 0
1 2 7
2 0 5
0 1 0
1 28 169
1 29 208
0 1 0
1 7 76
1 40 479
0 1 0
0 16 9
0 7 9
0 1 0
0 38 27
2 0 3
0 1 0
1 46 258
0 38 35
0 1 0
0 18 21
0 37 40
0 1 0
1 7 40
1 10 42
0 1 0
0 8 9
0 46 41
0 1 0
3 0 0
1 19 207
0 1 0
0 43 63
0 30 37
0 1 0
0 23 26
0 21 19
0 1 0
1 20 161
1 39 213
0 1 0
1 32 265
0 42 39
0 1 0
0 14 4
0 5 3
0 1 0
1 37 310
1 16 92
0 1 0
3 0 10
2 0 10
0 1 0
0 50 56
0 29 30
0 1 0
0 24 24
0 27 18
0 1 0
0 31 35
0 25 38
0 1 0
2 0 8
3 0 10
0 1 0
0 14 14
0 33 53
0 1 0
2 0 6
0 34 52
0 1 0
2 0 2
0 38 37
0 1 0
0 35 32
0 26 45
0 1 0
0 25 29
1 49 298
0 1 0
0 11 13
0 16 21
0 1 0
0 21 14
3 0 5
0 1 0
0 44 42
0 27 16
0 1 0
4 0 209
0 7 7
0 1 0
1 3 23
0 2 3
0 1 0
3 0 8
3 0 1
0 1 0
0 27 18
0 24 40
0 1 0
1 6 44
1 47 442
0 1 0
0 4 4
0 4 4
0 1 0
1 42 353
0 29 19
0 1 0
0 8 8
0 32 43
0 1 0
0 12 8
1 18 141
0 1 0
3 0 6
1 47 169
0 1 0
0 37 30
0 6 5
0 1 0
3 0 9
2 0 0
0 1 0
0 4 5
2 0 6
0 1 0
0 25 15
0 29 44
0 1 0
0 47 54
0 32 24
0 1 0
2 0 8
0 43 34
0 1 0
0 33 24
3 0 1
0 1 0
1 14 70
0 3 2
0 1 0
1 50 319
1 5 15
0 1 0
0 5 5
0 32 22
0 1 0
0 20 17
0 5 1
0 1 0
3 0 3
0 8 9
0 1 0
0 13 12
1 23 236
0 1 0
0 50 23
1 1 3
0 1 0
0 12 10
0 25 33
0 1 0
0 46 69
0 33 37
0 1 0
0 2 3
3 0 2
0 1 0
3 0 0
1 13 81
0 1 0
3 0 1
1 50 182
0 1 0
0 28 26
0 41 53
0 1 0
3 0 5
0 48 61
0 1 0
0 46 37
2 0 6
0 1 0
0 29 43
0 46 66
0 1 0
0 22 28
0 5 5
0 1 0
0 26 32
0 2 1
0 1 0
3 0 5
1 7 36
0 1 0
0 26 39
0 33 24
0 1 0
0 40 68
0 15 18
0 1 0
0 24 23
0 50 41
0 1 0
3 0 6
3 0 9
0 1 0
0 17 15
2 0 2
0 1 0
0 26 31
0 2 2
0 1 0
1 34 147
1 1 6
0 1 0
1 41 349
0 8 13
0 1 0
1 8 66
1 8 66
0 1 0
0 44 49
0 6 7
0 1 0
3 0 0
1 5 44
0 1 0
0 34 30
0 4 4
0 1 0
3 0 6
1 12 49
0 1 0
4 0 550
0 33 29
0 1 0
0 29 24
0 18 15
0 1 0
3 0 2
2 0 5
0 1 0
1 48 329
1 31 266
0 1 0
4 0 410
2 0 4
0 1 0
0 32 44
0 11 7
0 1 0
2 0 0
1 31 174
0 1 0
0 9 8
0 46 57
0 1 0
3 0 8
0 21 26
0 1 0
0 6 4
1 2 9
0 1 0
3 0 5
0 39 27
0 1 0
3 0 7
2 0 4
0 1 0
0 6 7
1 14 33
0 1 0
2 0 7
1 22 121
0 1 0
1 43 301
1 3 17
0 1 0
0 48 47
1 24 196
0 1 0
1 45 315
0 10 9
0 1 0
0 1 1
3 0 6
0 1 0
0 19 20
0 27 23
0 1 0
3 0 5
0 13 8
0 1 0
0 45 21
0 21 24
0 1 0
0 32 23
3 0 7
0 1 0
3 0 8
2 0 5
0 1 0
1 3 13
0 40 48
0 1 0
4 0 822
0 8 9
0 1 0
3 0 9
3 0 8
0 1 0
0 13 22
0 38 38
0 1 0
3 0 2
4 0 272
0 1 0
1 9 67
0 15 24
0 1 0
2 0 8
0 43 41
0 1 0
0 14 14
1 34 239
0 1 0
0 43 45
1 29 228
0 1 0
0 49 53
1 13 122
0 1 0
0 49 59
0 13 14
0 1 0
0 44 67
1 26 154
0 1 0
0 40 40
3 0 5
0 1 0
0 23 30
4 0 759
0 1 0
2 0 5
0 17 14
0 1 0
1 50 299
0 4 5
0 1 0
3 0 9
3 0 5
0 1 0
0 7 5
3 0 6
0 1 0
0 6 2
2 0 4
0 1 0
3 0 10
0 45 35
0 1 0
0 3 3
4 0 238
0 1 0
3 0 9
1 50 389
0 1 0
0 17 7
1 17 66
0 1 0
2 0 0
0 42 31
0 1 0
1 2 18
0 18 14
0 1 0
4 0 625
0 39 37
0 1 0
0 30 37
2 0 4
0 1 0
0 20 15
0 27 22
0 1 0
1 38 162
0 37 24
0 1 0
4 0 583
0 42 23
0 1 0
1 16 65
0 50 49
0 1 0
0 36 21
0 29 37
0 1 0
1 12 70
0 49 61
0 1 0
3 0 6
3 0 0
0 1 0
2 0 5
0 1 1
0 1 0
3 0 9
0 25 25
0 1 0
1 32 187
0 29 44
0 1 0
1 3 30
1 49 392
0 1 0
4 0 745
3 0 0
0 1 0
1 2 13
2 0 7
0 1 0
0 43 27
2 0 4
0 1 0
0 11 10
2 0 5
0 1 0
0 30 13
0 14 14
0 1 0
1 31 183
0 45 23
0 1 0
1 22 133
0 12 13
0 1 0
3 0 1
0 35 45
0 1 0
4 0 704
2 0 9
0 1 0
0 2 1
0 27 43
0 1 0
3 0 10
0 44 55
0 1 0
0 50 62
0 4 4
0 1 0
0 38 40
3 0 7
0 1 0
0 49 56
0 41 57
0 1 0
1 50 543
0 7 7
0 1 0
3 0 3
4 0 776
0 1 0
0 25 24
0 26 25
0 1 0
0 8 13
2 0 4
0 1 0
3 0 1
1 11 35
0 1 0
0 33 24
0 42 42
0 1 0
2 0 10
2 0 2
0 1 0
0 1 2
0 48 62
0 1 0
0 26 33
1 36 97
0 1 0
0 45 58
0 28 18
0 1 0
1 27 177
1 34 149
0 1 0
1 42 387
0 7 6
0 1 0
0 13 13
0 41 45
0 1 0
0 9 8
3 0 3
0 1 0
0 6 9
3 0 5
0 1 0
2 0 1
1 44 286
0 1 0
0 22 10
0 34 18
0 1 0
0 8 13
0 44 65
0 1 0
1 28 289
0 18 20
0 1 0
0 38 29
2 0 9
0 1 0
0 44 57
0 16 15
0 1 0
0 37 47
0 8 13
0 1 0
0 14 12
0 14 6
0 1 0
0 23 20
4 0 834
0 1 0
0 28 34
1 41 372
0 1 0
0 14 20
0 12 12
0 1 0
0 45 39
0 2 2
0 1 0
0 18 18
0 47 40
0 1 0
3 0 1
0 35 59
0 1 0
4 0 924
2 0 7
0 1 0
3 0 10
0 6 4
0 1 0
3 0 1
1 42 423
0 1 0
2 0 4
4 0 723
0 1 0
4 0 636
3 0 8
0 1 0
0 17 16
3 0 10
0 1 0
0 49 27
4 0 232
0 1 0
0 47 37
3 0 9
0 1 0
0 4 2
2 0 2
0 1 0
0 34 22
0 7 7
0 1 0
0 23 17
3 0 0
0 1 0
0 38 41
0 20 15
0 1 0
3 0 3
0 35 35
0 1 0
2 0 7
0 15 13
0 1 0
3 0 6
0 4 4
0 1 0
0 36 31
0 46 56
0 1 0
0 29 6
2 0 2
0 1 0
0 50 57
3 0 10
0 1 0
0 2 2
0 3 4
0 1 0
0 7 4
0 29 31
0 1 0
1 3 15
3 0 9
0 1 0
1 37 298
0 11 20
0 1 0
1 47 243
0 30 29
0 1 0
0 46 64
0 18 27
0 1 0
0 38 20
0 25 39
0 1 0
0 38 16
0 3 3
0 1 0
0 38 54
0 49 52
0 1 0
0 32 39
4 0 846
0 1 0
2 0 10
0 23 29
0 1 0
1 30 192
1 27 194
0 1 0
2 0 2
3 0 0
0 1 0
0 15 21
0 16 23
0 1 0
2 0 0
2 0 2
0 1 0
0 39 46
0 9 15
0 1 0
0 8 8
0 4 4
0 1 0
1 38 298
0 7 5
0 1 0
0 32 27
1 25 254
0 1 0
1 16 129
3 0 4
0 1 0
4 0 276
0 16 20
0 1 0
2 0 4
2 0 4
0 1 0
4 0 423
1 49 272
0 1 0
1 2 15
0 28 15
0 1 0
0 8 5
1 41 242
0 1 0
3 0 3
3 0 10
0 1 0
2 0 6
3 0 10
0 1 0
1 18 76
1 49 302
0 1 0
0 18 20
1 34 433
0 1 0
0 30 31
3 0 9
0 1 0
1 4 26
0 9 9
0 1 0
0 39 45
0 32 15
0 1 0
0 20 15
1 17 134
0 1 0
2 0 6
1 3 17
0 1 0
0 50 86
1 47 511
0 1 0
3 0 4
1 3 28
0 1 0
3 0 6
0 41 29
0 1 0
0 49 79
1 27 143
0 1 0
0 17 14
0 41 49
0 1 0
0 14 18
2 0 4
0 1 0
0 10 12
1 33 182
0 1 0
1 47 432
2 0 4
0 1 0
3 0 7
4 0 292
0 1 0
0 45 47
3 0 2
0 1 0
2 0 10
1 30 242
0 1 0
0 21 18
1 42 343
0 1 0
3 0 1
0 39 25
0 1 0
1 10 72
1 27 106
0 1 0
0 6 8
1 39 256
0 1 0
0 46 25
1 42 401
0 1 0
0 37 24
1 14 125
0 1 0
3 0 7
1 31 206
0 1 0
0 30 25
2 0 2
0 1 0
1 4 30
3 0 6
0 1 0
0 5 4
0 21 19
0 1 0
0 39 65
2 0 9
0 1 0
1 39 142
0 42 32
0 1 0
2 0 0
0 28 31
0 1 0
3 0 10
1 14 156
0 1 0
2 0 5
0 6 5
0 1 0
0 17 17
1 40 333
0 1 0
0 4 5
0 29 38
0 1 0
3 0 3
0 19 15
0 1 0
0 4 4
0 9 6
0 1 0
0 2 2
3 0 6
0 1 0
0 27 31
0 27 32
0 1 0
3 0 3
1 6 55
0 1 0
0 30 17
0 26 17
0 1 0
1 40 350
1 41 243
0 1 0
0 40 40
0 8 9
0 1 0
1 12 79
1 31 186
0 1 0
2 0 9
0 41 50
0 1 0
0 47 57
0 12 5
0 1 0
1 8 64
0 42 56
0 1 0
2 0 9
2 0 4
0 1 0
0 35 68
0 34 18
0 1 0
0 36 33
0 5 6
0 1 0
3 0 7
2 0 0
0 1 0
1 1 6
0 46 73
0 1 0
2 0 2
1 40 177
0 1 0
3 0 5
0 2 1
0 1 0
3 0 8
1 19 125
0 1 0
1 33 162
4 0 829
0 1 0
3 0 2
0 16 16
0 1 0
0 38 15
1 26 101
0 1 0
0 15 12
0 32 18
0 1 0
0 19 28
0 21 20
0 1 0
0 45 42
2 0 8
0 1 0
0 20 24
3 0 8
0 1 0
2 0 6
1 22 252
0 1 0
0 18 22
0 35 27
0 1 0
0 40 56
0 22 18
0 1 0
3 0 8
0 22 31
0 1 0
0 22 15
4 0 467
0 1 0
3 0 1
2 0 4
0 1 0
1 40 384
1 24 20
0 1 0
0 14 20
0 36 50
0 1 0
0 3 2
3 0 0
0 1 0
4 0 776
0 38 33
0 1 0
4 0 805
1 17 176
0 1 0
0 16 19
1 34 418
0 1 0
4 0 348
2 0 7
0 1 0
3 0 2
0 22 17
0 1 0
1 17 156
0 23 23
0 1 0
1 23 102
0 46 75
0 1 0
3 0 4
1 37 155
0 1 0
2 0 4
3 0 5
0 1 0
3 0 2
1 5 34
0 1 0
4 0 481
3 0 3
0 1 0
0 44 28
0 6 7
0 1 0
1 1 2
0 8 15
0 1 0
3 0 6
1 13 57
0 1 0
3 0 5
1 8 41
0 1 0
3 0 5
0 12 7
0 1 0
1 35 177
0 44 76
0 1 0
1 25 198
0 1 1
0 1 0
3 0 10
0 39 52
0 1 0
2 0 2
1 13 59
0 1 0
0 26 25
0 30 34
0 1 0
0 1 2
0 33 41
0 1 0
4 0 602
1 41 518
0 1 0
3 0 9
1 19 219
0 1 0
1 39 335
0 38 41
0 1 0
3 0 6
0 14 7
0 1 0
0 20 12
3 0 0
0 1 0
3 0 9
0 6 8
0 1 0
0 5 5
3 0 10
0 1 0
1 29 265
0 9 9
0 1 0
0 1 1
2 0 4
0 1 0
1 24 229
0 18 19
0 1 0
1 37 243
2 0 2
0 1 0
2 0 5
2 0 2
0 1 0
0 35 38
0 7 8
0 1 0
2 0 7
0 33 30
0 1 0
0 12 14
4 0 224
0 1 0
3 0 1
0 42 56
0 1 0
2 0 10
1 18 116
0 1 0
1 8 47
0 32 33
0 1 0
0 23 15
0 8 8
0 1 0
1 5 39
0 17 20
0 1 0
0 31 34
0 33 47
0 1 0
3 0 7
2 0 2
0 1 0
0 43 50
1 21 165
0 1 0
0 43 68
0 36 45
0 1 0
3 0 9
1 38 261
0 1 0
0 10 6
2 0 8
0 1 0
3 0 9
1 37 443
0 1 0
0 45 39
0 23 28
0 1 0
3 0 1
0 48 60
0 1 0
0 14 18
2 0 4
0 1 0
0 26 28
0 23 20
0 1 0
0 44 50
0 18 19
0 1 0
2 0 1
4 0 383
0 1 0
3 0 3
2 0 6
0 1 0
3 0 7
1 13 58
0 1 0
3 0 6
0 47 45
0 1 0
2 0 4
0 33 15
0 1 0
0 36 29
0 43 50
0 1 0
0 26 13
0 21 23
0 1 0
0 34 52
0 37 37
0 1 0
0 17 15
3 0 6
0 1 0
4 0 482
1 50 395
0 1 0
0 1 1
0 10 15
0 1 0
0 37 34
0 5 9
0 1 0
3 0 2
1 32 169
0 1 0
1 2 12
0 27 28
0 1 0
0 36 38
3 0 3
0 1 0
0 1 1
1 13 14
0 1 0
2 0 10
0 44 60
0 1 0
0 11 9
0 44 38
0 1 0
2 0 2
0 44 36
0 1 0
0 34 27
0 19 18
0 1 0
0 7 3
0 26 22
0 1 0
3 0 6
3 0 3
0 1 0
1 17 98
0 24 21
0 1 0
0 7 6
0 8 10
0 1 0
0 40 49
1 23 183
0 1 0
0 49 66
3 0 8
0 1 0
0 48 54
0 44 46
0 1 0
0 35 32
2 0 6
0 1 0
1 35 121
1 24 172
0 1 0
3 0 1
1 3 28
0 1 0
0 29 28
3 0 10
0 1 0
0 28 33
3 0 6
0 1 0
3 0 0
4 0 802
0 1 0
3 0 9
2 0 3
0 1 0
0 18 10
1 30 259
0 1 0
0 11 8
0 29 9
0 1 0
3 0 8
0 25 25
0 1 0
0 33 30
0 7 6
0 1 0
1 50 33
1 39 246
0 1 0
0 48 56
0 7 9
0 1 0
4 0 955
0 37 28
0 1 0
0 13 14
0 48 49
0 1 0
0 8 14
0 40 46
0 1 0
2 0 9
4 0 355
0 1 0
0 32 39
3 0 10
0 1 0
1 16 120
0 3 4
0 1 0
2 0 3
2 0 8
0 1 0
1 9 61
0 25 43
0 1 0
1 11 58
0 31 30
0 1 0
0 22 16
0 48 62
0 1 0
3 0 0
3 0 3
0 1 0
0 35 33
0 25 23
0 1 0
1 18 163
0 23 8
0 1 0
3 0 10
3 0 5
0 1 0
3 0 4
1 2 20
0 1 0
2 0 0
0 41 29
0 1 0
0 13 8
1 34 309
0 1 0
1 20 56
0 19 25
0 1 0
0 38 35
1 50 449
0 1 0
0 43 39
0 30 38
0 1 0
3 0 7
4 0 462
0 1 0
1 49 283
0 32 47
0 1 0
2 0 3
1 30 248
0 1 0
1 35 278
3 0 2
0 1 0
3 0 2
0 13 14
0 1 0
0 26 35
0 15 7
0 1 0
3 0 1
1 18 101
0 1 0
0 11 7
0 44 25
0 1 0
0 30 20
3 0 9
0 1 0
0 12 18
0 31 23
0 1 0
2 0 2
0 40 27
0 1 0
4 0 713
3 0 5
0 1 0
0 12 3
0 45 46
0 1 0
0 33 41
0 10 8
0 1 0
0 19 16
0 28 9
0 1 0
0 15 11
0 31 24
0 1 0
0 26 39
1 39 320
0 1 0
3 0 2
4 0 285
0 1 0
3 0 3
0 30 25
0 1 0
0 6 3
0 50 47
0 1 0
0 42 34
3 0 6
0 1 0
0 20 12
0 50 43
0 1 0
3 0 3
0 23 24
0 1 0
3 0 7
2 0 7
0 1 0
1 9 73
3 0 8
0 1 0
3 0 4
0 7 2
0 1 0
0 48 56
0 19 16
0 1 0
3 0 4
0 10 11
0 1 0
3 0 6
3 0 2
0 1 0
2 0 9
0 13 15
0 1 0
3 0 10
0 36 43
0 1 0
1 34 138
3 0 10
0 1 0
0 25 17
1 34 254
0 1 0
2 0 6
1 12 52
0 1 0
1 29 157
3 0 6
0 1 0
0 11 4
0 48 15
0 1 0
2 0 7
1 2 13
0 1 0
0 37 46
3 0 6
0 1 0
2 0 3
0 10 2
0 1 0
2 0 4
1 1 8
0 1 0
0 31 32
0 22 8
0 1 0
1 5 24
3 0 6
0 1 0
0 12 13
1 15 114
0 1 0
2 0 9
1 32 220
0 1 0
3 0 8
0 30 3
0 1 0
1 12 81
0 24 29
0 1 0
0 40 51
1 21 79
0 1 0
1 14 48
0 36 43
0 1 0
3 0 0
0 38 16
0 1 0
1 45 350
0 11 11
0 1 0
0 38 33
0 47 40
0 1 0
2 0 2
0 42 40
0 1 0
0 27 26
0 49 64
0 1 0
3 0 8
1 6 63
0 1 0
0 4 3
0 20 26
0 1 0
0 17 10
1 32 139
0 1 0
0 23 24
0 37 45
0 1 0
0 33 36
3 0 0
0 1 0
1 50 419
1 14 109
0 1 0
2 0 0
1 7 48
0 1 0
1 4 21
2 0 0
0 1 0
0 20 18
0 2 2
0 1 0
0 32 21
3 0 6
0 1 0
1 30 328
0 12 15
0 1 0
3 0 2
0 40 43
0 1 0
2 0 6
1 27 291
0 1 0
0 25 33
1 6 24
0 1 0
0 49 51
0 41 56
0 1 0
2 0 3
2 0 9
0 1 0
0 6 4
0 43 40
0 1 0
0 49 54
3 0 4
0 1 0
1 27 189
0 23 17
0 1 0
1 13 60
0 39 28
0 1 0
0 44 66
0 43 19
0 1 0
2 0 8
4 0 376
0 1 0
1 10 63
3 0 9
0 1 0
0 38 21
0 44 53
0 1 0
1 5 34
2 0 9
0 1 0
0 45 46
0 2 3
0 1 0
0 9 10
2 0 10
0 1 0
0 20 14
0 34 46
0 1 0
0 39 31
1 49 518
0 1 0
0 4 4
0 7 6
0 1 0
0 36 62
0 39 49
0 1 0
0 31 24
3 0 3
0 1 0
0 50 56
2 0 3
0 1 0
3 0 3
0 30 16
0 1 0
1 10 93
0 16 15
0 1 0
0 17 19
3 0 0
0 1 0
0 26 21
1 21 170
0 1 0
0 50 59
3 0 8
0 1 0
1 35 213
0 21 19
0 1 0
0 1 1
0 46 14
0 1 0
0 14 18
0 5 3
0 1 0
2 0 10
0 20 16
0 1 0
2 0 2
0 41 35
0 1 0
0 10 13
0 35 43
0 1 0
2 0 7
0 41 54
0 1 0
0 15 13
4 0 752
0 1 0
3 0 4
0 40 39
0 1 0
3 0 0
2 0 8
0 1 0
1 39 440
3 0 3
0 1 0
2 0 0
0 16 16
0 1 0
1 35 78
0 36 45
0 1 0
0 14 15
0 9 3
0 1 0
0 18 22
0 5 6
0 1 0
2 0 5
0 31 43
0 1 0
0 12 3
0 36 46
0 1 0
0 48 55
0 9 7
0 1 0
0 6 3
3 0 8
0 1 0
0 40 36
3 0 1
0 1 0
1 33 262
1 46 265
0 1 0
3 0 0
3 0 5
0 1 0
3 0 2
3 0 1
0 1 0
1 21 43
3 0 6
0 1 0
0 36 52
0 43 40
0 1 0
3 0 6
1 24 102
0 1 0
2 0 1
0 37 43
0 1 0
3 0 7
3 0 10
0 1 0
1 37 218
3 0 5
0 1 0
3 0 8
2 0 3
0 1 0
1 4 33
0 32 36
0 1 0
2 0 10
0 15 17
0 1 0
0 14 18
1 28 252
