4 8 4 1000
49 77
121 92
52 101
11 17
66 76
46 34
6 9
16 14
5 4
41 26
165 177
19 10
11 8
48 32
5 6
4 4
58 78
6 5
20 14
64 68
19 11
5 4
145 134
4 5
8 5
89 54
113 177
130 92
49 94
56 71
6 7
99 75
83 88
14 11
9 7
120 129
238 161
52 48
13 9
110 136
141 271
9 13
59 121
117 233
28 20
54 59
92 94
6 6
32 34
47 60
115 253
4 8
98 67
172 260
7 11
14 10
15 19
5 6
108 55
223 142
132 169
9 8
15 15
4 5
55 35
97 86
9 8
5 3
225 143
42 46
170 109
84 66
14 9
33 50
238 346
34 40
55 59
73 38
7 8
43 58
205 190
15 13
13 16
11 11
8 8
29 20
24 22
55 47
19 24
120 160
6 4
94 146
35 41
42 40
5 3
125 205
67 141
20 13
83 125
33 24
169 146
6 5
10 8
75 71
29 36
5 5
9 13
13 10
219 224
182 161
40 19
61 73
13 12
5 5
24 30
5 8
208 297
36 25
12 13
12 13
111 117
225 296
54 51
201 132
65 55
31 53
8 9
6 5
6 6
33 56
6 3
10 12
23 46
5 5
58 63
92 63
100 115
254 149
89 52
174 222
39 37
157 149
67 67
173 228
217 150
34 29
12 6
20 27
186 186
142 133
6 5
28 20
98 67
162 160
114 154
5 4
9 13
15 12
4 5
9 8
35 33
11 11
47 75
23 22
229 209
9 11
38 46
52 63
96 103
19 25
250 241
130 148
112 142
69 63
9 11
41 48
5 7
70 157
7 7
20 17
179 155
113 111
256 228
158 169
71 80
85 78
52 43
68 91
7 9
4 4
51 66
9 15
240 275
43 69
72 121
5 4
212 240
180 298
101 105
14 11
11 10
46 34
26 21
74 98
14 10
26 37
7 7
24 15
65 104
11 9
181 114
188 153
153 172
29 27
6 5
14 12
7 5
27 35
32 54
12 9
26 36
253 270
11 9
23 23
5 4
62 54
68 91
9 8
7 10
4 2
6 6
97 71
47 67
16 37
146 83
14 15
8 10
84 65
13 14
4 4
138 96
78 61
91 89
66 90
95 86
98 68
20 13
94 113
26 44
23 26
44 55
34 23
201 234
16 14
46 52
56 76
33 16
68 61
34 32
11 8
33 32
255 352
42 48
30 24
60 45
107 96
5 4
44 53
9 5
32 32
144 168
28 29
76 76
5 4
37 30
18 27
33 22
6 7
50 36
10 6
50 23
5 5
38 27
134 88
37 36
5 5
107 108
84 59
168 130
9 9
33 15
68 106
12 16
107 110
249 302
9 3
17 17
18 24
12 12
64 77
8 7
14 13
117 104
111 111
13 13
107 95
87 53
9 11
109 168
47 50
5 3
9 10
9 15
236 394
5 4
11 19
16 12
21 26
24 20
43 39
36 28
22 35
10 10
13 7
211 327
8 6
82 66
28 26
68 73
99 80
207 324
24 21
66 108
6 6
150 150
242 235
81 110
222 118
15 19
103 161
7 8
101 84
8 7
223 537
61 69
30 23
10 11
166 165
30 37
68 61
6 6
60 58
66 104
102 140
114 204
74 63
151 151
30 23
144 126
31 44
21 37
13 7
68 55
152 274
120 211
58 50
200 259
10 14
117 159
123 146
162 141
5 7
247 280
124 61
17 25
34 41
197 115
146 156
7 8
5 3
109 158
26 27
32 19
6 4
15 23
29 37
111 80
128 46
5 4
92 83
66 40
159 158
11 16
5 5
5 4
177 181
137 226
11 15
76 43
6 5
8 7
251 181
15 26
244 268
27 33
48 40
18 25
25 30
108 108
4 3
5 8
91 118
4 3
139 114
204 260
59 117
20 20
246 224
91 95
102 144
11 11
87 48
213 281
20 25
5 3
11 20
94 171
14 17
176 208
94 114
10 12
102 96
7 6
4 7
135 164
134 111
16 17
128 71
137 180
236 320
14 9
20 25
61 28
66 68
148 150
144 110
74 58
106 72
202 189
4 4
13 13
120 77
6 7
12 16
203 198
26 17
6 7
46 63
12 12
69 38
19 25
31 24
181 146
6 4
178 173
7 8
7 8
34 30
242 275
36 30
197 306
9 11
11 9
191 175
11 17
14 14
5 7
160 148
15 20
18 15
8 4
61 64
13 13
44 50
19 27
94 86
222 242
25 16
8 7
34 45
151 165
131 109
163 119
14 11
37 45
248 190
150 107
158 94
246 455
5 4
13 25
83 99
69 86
7 4
82 115
58 61
129 66
31 27
42 38
87 87
12 13
127 164
7 14
56 39
7 10
6 4
189 321
37 42
20 20
89 55
6 7
25 28
9 9
16 16
98 73
22 25
25 19
39 42
6 6
36 28
14 16
177 203
29 30
41 41
65 133
90 66
5 6
161 239
27 26
176 215
116 144
4 6
88 75
12 9
140 86
21 19
62 40
244 324
5 3
98 168
119 47
7 10
33 32
9 14
45 26
201 255
8 5
18 32
9 8
80 49
19 33
39 26
14 24
137 133
9 12
29 28
11 10
5 7
181 182
87 80
15 24
124 124
92 83
11 7
5 5
4 3
83 59
14 16
185 201
76 66
5 9
244 237
11 10
11 17
101 118
67 46
21 21
8 5
72 59
26 23
38 33
200 282
51 28
198 148
33 24
33 37
72 83
68 54
113 71
29 22
122 211
46 50
157 138
25 22
39 67
21 28
5 4
197 322
208 123
183 118
60 60
65 62
24 26
12 7
103 44
234 400
5 4
16 14
256 243
9 6
191 234
12 12
72 62
22 24
104 105
119 137
11 8
16 7
142 91
9 7
35 27
27 25
9 8
44 41
29 16
8 7
27 22
202 126
112 133
12 12
60 39
221 247
7 5
6 5
8 16
47 77
11 10
11 17
20 19
18 22
61 89
89 131
27 16
5 5
53 42
194 361
250 181
76 89
78 56
60 89
123 137
55 53
35 109
27 24
62 52
194 167
144 209
173 200
17 11
9 7
221 231
4 3
123 143
28 22
157 148
8 7
5 4
8 5
6 8
4 5
93 104
70 82
30 29
78 103
194 224
22 11
7 6
53 45
32 25
29 17
79 113
19 18
27 18
86 52
35 32
8 8
34 36
40 48
55 66
9 5
10 7
26 21
13 14
228 342
14 21
15 20
83 51
4 5
7 9
28 25
75 69
21 23
92 101
62 54
175 150
169 207
5 4
81 102
112 110
191 110
5 4
16 16
168 239
5 5
117 67
50 52
11 13
128 150
120 196
42 31
8 9
13 12
11 16
101 72
25 30
182 192
13 16
5 8
7 6
171 80
113 61
5 3
43 35
53 92
9 5
6 5
32 25
32 20
119 76
12 17
96 120
6 4
28 26
41 52
50 44
14 16
36 50
145 113
26 20
16 25
105 140
63 57
22 21
12 14
81 79
24 14
7 8
223 195
175 243
186 120
5 7
11 8
18 18
17 16
6 3
5 4
18 14
155 163
16 12
15 20
6 6
4 4
8 14
12 13
29 33
7 8
28 26
239 324
5 8
197 153
5 7
8 5
25 27
31 42
40 53
13 12
7 5
59 100
108 91
20 14
11 12
22 34
106 95
243 217
53 81
28 30
15 15
193 200
44 48
142 107
20 26
191 211
61 44
4 9
27 18
8 8
67 99
249 138
102 133
46 63
6 6
14 22
7 4
124 86
7 12
5 4
37 33
9 9
18 17
9 8
126 100
74 52
45 35
113 169
9 7
129 116
41 29
6 8
7 7
95 61
18 17
21 24
17 13
27 32
50 70
7 4
33 61
19 15
7 10
16 18
183 140
5 10
12 11
74 58
5 6
29 29
60 35
213 353
8 6
31 19
7 6
21 18
8 9
8 5
153 185
16 12
195 110
6 7
15 15
14 25
5 3
42 42
190 175
109 75
8 5
214 236
169 143
11 16
7 6
84 77
8 15
22 27
13 15
34 50
5 3
19 13
10 10
22 12
10 6
84 68
82 87
46 71
87 56
29 17
118 83
94 74
22 16
56 85
88 74
154 155
8 7
8 14
28 34
45 65
73 40
19 22
52 75
8 8
102 103
6 5
8 11
123 112
171 185
12 29
14 23
24 24
27 28
92 92
26 19
73 103
50 57
19 22
10 19
15 15
45 68
6 5
49 36
29 34
91 50
108 98
168 183
207 202
43 38
5 14
46 56
4 3
5 9
13 17
234 391
8 3
9 8
210 314
110 149
153 207
18 22
13 8
247 171
5 10
7 6
57 50
48 78
64 108
135 103
115 95
7 10
10 10
140 87
69 70
215 294
5 8
32 34
128 87
150 207
119 84
52 48
12 21
6 7
26 25
13 16
24 18
4 5
246 193
18 20
6 4
231 227
104 130
10 17
38 48
25 28
5 6
43 33
219 281
4 3
5 6
11 14
6 6
201 155
9 7
52 95
7 6
35 50
57 31
15 12
10 12
17 26
60 80
4 6
20 12
56 55
59 57
11 5
88 124
164 239
13 15
6 8
43 104
11 9
8 16
129 212
100 90
104 125
13 17
22 27
114 171
121 163
127 265
5 4
4 5
74 73
63 41
19 15
23 14
23 12
127 122
205 159
7 8
60 35
97 76
9 7
185 246
19 22
19 28
172 164
245 273
20 29
56 71
98 93
66 61
5 5
37 37
39 29
44 35
9 8
6 6
81 49
32 39
31 19
5 5
14 18
164 156
128 174
124 199
48 62
92 111
15 27
148 137
4 6
4 4
18 16
54 82
6 8
161 168
5 8
26 37
9 10
65 81
138 118
164 121
110 91
26 24
15 9
80 84
19 10
39 44
15 12
60 39
120 73
20 44
26 28
90 75
5 5
18 9
20 15
50 31
237 219
5 8
34 28
164 131
82 54
154 147
42 27
7 7
90 82
19 21
5 7
17 8
51 52
30 26
18 18
20 18
11 7
96 50
21 15
208 239
36 47
21 14
6 4
247 123
44 41
18 13
60 49
20 21
121 132
9 12
135 216
221 202
45 87
144 214
6 5
4 4
13 10
109 132
13 10
83 66
245 226
48 40
191 211
213 227
53 45
77 113
65 46
26 24
6 5
13 20
202 137
10 9
24 19
12 25
104 104
74 83
16 22
20 19
39 49
166 178
7 6
184 396
217 237
16 12
5 6
143 129
102 164
16 17
231 167
213 145
140 177
9 14
5 4
59 70
151 104
10 8
148 135
15 25
16 20
55 49
190 324
83 45
239 282
14 11
20 29
5 3
225 224
64 48
9 9
28 39
46 37
13 11
6 7
225 253
38 19
92 56
165 239
7 7
132 68
49 69
96 116
32 24
21 24
165 367
4 5
7 8
5 5
13 16
14 31
183 134
104 97
4 4
6 4
85 80
124 216
44 56
34 56
196 203
121 157
129 111
65 66
203 258
80 120
10 9
5 7
4 4
12 8
68 124
32 36
10 21
25 18
20 15
30 30
219 258
35 56
85 79
75 44
145 213
199 288
5 8
44 35
89 80
194 149
69 71
66 48
33 30
6 4
45 37
25 37
14 16
239 141
152 178
5 8
24 25
99 127
48 28
246 412
90 95
108 162
6 5
115 107
92 186
76 133
5 7
5 4
95 137
95 88
26 39
24 36
41 40
29 48
25 45
28 23
20 23
200 176
186 141
62 52
39 52
241 231
47 46
19 17
22 19
7 8
18 11
206 357
42 27
7 4
8 7
13 15
137 208
104 218
8 10
43 42
12 12
52 62
23 22
79 79
29 31
51 57
44 50
188 274
148 237
20 17
28 40
7 8
11 13
5 4
111 49
16 15
6 6
197 203
9 5
232 264
4 3
69 48
10 6
16 9
15 16
83 59
13 9
31 44
27 30
40 31
14 10
34 51
12 14
20 32
37 67
5 3
27 39
4 3
23 19
164 131
188 225
74 50
50 29
96 97
18 14
121 78
85 109
14 14
17 27
159 119
189 169
8 9
138 164
20 19
51 21
42 59
6 6
4 3
6 3
42 52
89 67
18 8
115 146
64 108
4 6
243 274
63 29
8 6
244 293
119 78
14 18
14 9
123 146
250 187
45 34
16 16
56 69
17 14
59 72
32 52
27 17
229 126
110 94
45 63
121 74
4 6
79 101
200 239
8 8
38 33
25 23
179 199
13 12
10 19
4 5
43 34
80 118
15 25
60 81
11 7
51 50
14 22
158 124
4 3
64 38
30 24
32 34
180 259
108 101
31 25
9 7
107 97
182 286
25 27
165 160
89 91
15 25
130 131
187 187
22 13
129 183
17 26
126 200
38 31
27 15
22 37
61 60
13 13
130 107
10 6
38 49
103 138
6 6
187 116
5 7
109 173
39 43
13 12
8 15
17 12
40 52
68 60
7 11
7 6
72 87
23 11
119 189
169 353
16 15
256 531
8 6
185 167
27 22
46 39
100 75
5 12
121 121
87 106
4 5
7 4
5 2
66 55
9 6
9 4
23 29
95 52
17 15
11 10
235 312
11 12
22 28
108 79
11 12
150 209
51 57
27 18
75 109
193 354
5 3
24 24
152 128
99 294
177 284
9 6
38 51
8 9
70 119
83 64
95 97
80 47
17 18
14 15
4 3
12 12
16 19
4 5
250 199
6 7
10 7
29 15
7 5
35 37
7 10
35 25
69 110
172 196
106 111
42 27
5 6
250 282
141 55
163 203
18 11
23 23
6 6
126 172
99 92
45 44
151 229
96 117
26 33
30 27
175 212
35 56
5 3
13 14
14 21
159 131
48 49
82 61
12 11
91 63
5 5
6 7
5 6
40 45
48 41
39 42
6 3
4 4
5 4
104 99
61 96
7 6
5 10
194 183
4 3
12 10
109 120
17 13
34 26
16 23
11 9
115 99
120 97
18 15
4 3
17 15
30 19
40 34
215 278
4 3
134 92
6 7
77 88
70 57
15 17
4 4
69 55
55 91
32 53
10 22
42 55
13 12
12 11
27 34
34 33
51 39
79 193
10 10
7 6
108 82
8 9
58 60
98 92
160 93
28 32
119 116
14 13
91 60
11 14
78 58
65 80
104 98
11 13
46 57
6 7
27 25
34 22
63 61
10 8
49 56
10 8
4 4
86 84
99 132
187 163
62 49
225 307
59 95
184 157
117 252
32 31
41 84
139 84
4 3
235 370
230 227
23 34
29 39
17 14
99 182
104 75
24 27
46 42
187 391
9 8
177 113
90 159
5 7
15 10
128 183
6 4
180 138
57 60
191 110
15 14
14 21
65 67
4 4
8 6
9 16
53 100
10 11
116 98
6 9
16 19
41 36
15 17
45 26
7 7
54 44
32 44
9 7
6 3
6 7
5 8
18 12
12 14
123 165
21 22
94 87
55 29
36 30
14 20
12 17
6 6
13 16
55 85
102 109
33 33
31 21
60 49
19 30
26 33
8 5
5 5
85 47
24 39
5 3
41 54
176 154
5 5
22 23
113 182
61 68
10 4
156 148
240 194
40 78
166 246
138 92
183 208
13 15
19 16
19 22
131 171
106 122
30 50
32 41
28 15
19 23
10 9
117 93
4 3
11 18
126 220
152 267
130 84
5 5
64 89
13 18
68 57
24 42
34 40
228 192
152 157
28 41
4 4
158 123
15 4
120 215
146 259
27 62
92 117
20 12
208 93
5 5
157 309
27 21
157 148
237 150
5 4
194 181
13 20
24 22
177 71
49 51
209 163
189 216
10 20
41 39
6 7
7 9
199 212
66 66
13 15
92 135
12 11
57 87
16 15
99 83
16 13
99 81
14 9
101 107
54 30
135 163
5 6
37 28
23 26
167 85
8 13
12 9
6 7
21 25
49 50
37 28
13 20
88 149
33 34
66 36
19 11
24 27
7 14
185 128
8 7
53 56
7 10
17 14
5 2
8 6
9 5
7 5
6 5
5 2
121 116
23 23
11 7
30 60
120 146
13 20
10 15
9 7
116 54
75 151
193 324
20 26
130 93
211 186
96 52
6 5
58 68
42 45
7 6
6 8
30 41
51 48
10 8
47 40
47 98
82 107
149 136
49 27
9 17
59 54
34 40
9 15
6 14
9 8
169 163
84 103
13 13
16 15
9 11
5 4
35 35
228 194
73 70
45 29
63 43
41 31
25 16
7 9
34 41
6 4
5 3
45 46
9 14
85 73
46 32
23 34
28 24
4 3
20 35
18 17
49 60
118 101
222 130
39 30
62 55
4 5
23 26
4 6
26 22
132 68
30 24
78 57
254 271
151 159
59 62
93 152
12 11
70 72
22 28
40 40
61 90
6 7
122 144
109 170
60 42
194 223
8 10
95 91
8 6
85 52
46 51
4 4
168 262
105 160
20 12
225 205
110 98
174 213
64 88
6 4
188 244
128 154
51 64
5 4
46 47
26 23
40 72
17 16
237 145
4 2
58 60
210 300
154 167
16 18
64 78
19 17
117 161
34 15
41 82
11 10
7 16
70 68
200 226
10 15
40 35
113 143
128 123
8 12
4 5
28 17
62 55
5 2
214 352
32 47
17 11
19 18
37 33
149 178
227 369
28 17
139 214
6 4
134 111
22 28
12 15
41 41
18 11
135 129
5 3
16 16
4 6
43 37
6 7
71 79
163 308
31 18
163 205
117 160
48 74
8 8
6 7
38 36
219 244
206 137
135 135
57 37
4 3
133 189
11 6
16 12
5 9
216 265
155 224
79 86
26 20
131 275
13 17
90 113
137 172
23 17
121 128
15 17
4 5
83 111
7 4
16 20
74 44
79 63
13 12
79 81
234 248
47 74
15 13
10 13
101 80
58 56
25 32
193 353
15 32
12 8
208 186
19 15
147 155
39 47
20 25
27 29
92 122
5 3
67 57
7 7
12 11
5 4
5 7
5 13
6 4
87 73
34 65
30 32
46 43
31 16
10 4
11 12
86 71
29 44
32 26
6 9
80 70
77 80
110 103
70 76
59 58
43 43
20 22
179 197
6 5
5 7
177 204
10 9
99 82
7 9
232 156
6 7
8 7
10 5
15 13
22 23
22 32
11 13
43 56
5 5
65 32
4 4
217 186
26 31
222 244
209 108
5 7
164 288
8 8
80 64
35 32
9 6
43 50
36 35
4 5
74 94
7 8
6 3
235 309
6 12
81 119
39 44
125 98
36 21
7 5
8 5
10 6
38 53
210 304
4 4
107 94
87 78
62 87
61 50
18 20
14 8
232 229
46 45
11 7
15 9
20 25
10 5
102 107
244 324
39 37
135 133
78 71
8 7
9 7
27 21
27 29
167 239
146 66
7 14
4 5
87 96
224 193
6 7
12 11
14 10
95 100
147 148
6 7
15 20
145 243
8 12
6 7
20 16
30 40
10 11
31 22
9 11
190 311
61 32
73 80
13 12
158 134
6 3
147 171
210 124
243 304
7 14
13 23
34 38
9 8
10 14
73 104
200 210
40 61
11 19
4 3
5 7
117 69
47 56
7 9
30 32
61 53
22 14
53 56
5 3
227 180
55 49
63 78
58 27
141 147
25 17
54 36
8 8
7 13
247 184
218 353
224 325
248 115
6 7
5 6
165 122
217 314
77 137
13 19
6 11
21 33
40 28
14 7
49 56
54 70
25 32
48 55
83 97
112 182
12 7
149 166
22 16
34 72
69 72
36 38
50 69
13 12
80 99
113 104
26 23
77 66
183 221
11 7
5 4
5 4
45 39
42 58
5 6
46 65
16 14
5 6
215 333
173 170
88 58
16 12
18 23
11 16
23 20
9 5
68 77
5 5
11 11
239 229
8 11
158 177
72 67
174 159
109 173
19 17
200 97
40 16
104 112
64 72
217 207
117 108
26 28
63 56
48 39
90 88
5 5
172 187
12 21
149 143
29 31
12 14
8 8
31 17
26 26
225 333
14 12
122 152
202 228
16 14
16 22
42 65
44 68
207 143
81 176
38 35
204 160
112 119
148 203
6 6
7 4
8 8
22 27
38 48
8 12
219 254
4 4
204 357
200 242
27 30
22 19
78 84
67 72
5 6
13 15
21 21
53 55
35 27
20 27
86 61
47 63
6 10
9 12
163 163
32 21
65 37
8 6
214 478
54 34
5 4
13 7
39 34
6 6
6 3
31 36
129 205
6 7
26 34
213 234
107 67
13 11
80 56
19 20
19 13
10 9
10 13
254 256
13 9
10 7
23 28
235 235
63 58
52 51
16 23
32 38
16 24
7 8
33 38
116 168
13 12
11 8
127 106
37 56
24 26
11 11
192 199
190 166
177 112
13 8
4 6
30 35
77 86
6 4
222 189
57 39
177 184
16 18
12 23
22 16
42 31
72 64
10 14
28 28
12 11
235 277
30 22
27 18
209 318
63 55
8 15
224 283
31 33
8 5
68 73
26 22
6 12
127 137
37 48
22 29
180 324
49 49
102 102
8 16
14 14
122 169
14 8
147 116
199 368
14 17
13 7
5 6
6 9
6 8
132 153
30 24
19 25
22 28
206 334
9 11
69 71
5 6
9 5
68 78
5 8
88 102
40 22
189 106
5 2
59 99
50 43
12 21
26 24
47 44
192 173
26 43
11 12
34 33
202 205
36 27
6 7
39 29
6 6
5 4
41 34
9 10
10 12
118 143
30 31
47 44
233 262
58 61
175 182
27 28
6 5
8 8
7 11
239 221
68 57
53 67
87 141
70 66
17 21
7 8
30 38
81 60
126 71
37 48
40 31
10 10
79 32
174 255
36 16
144 149
24 13
19 31
114 91
39 51
8 6
31 17
55 66
67 80
25 24
9 8
41 45
13 18
9 11
54 61
25 32
5 6
56 66
62 65
234 219
176 235
20 17
5 8
197 130
35 85
5 7
61 79
5 6
116 139
6 7
9 8
84 102
114 98
171 81
133 158
107 130
16 22
6 6
10 7
15 15
72 66
5 5
12 12
19 32
97 115
130 101
117 112
63 73
17 14
5 4
4 4
103 112
44 93
5 5
186 93
23 15
238 261
5 6
118 122
199 97
58 64
115 72
12 21
196 88
131 139
17 22
245 447
23 20
13 13
5 4
37 38
5 6
5 5
72 80
5 6
46 47
6 5
6 6
198 123
85 154
244 176
15 9
112 115
46 43
31 31
15 11
17 12
207 180
9 13
15 7
64 56
48 80
10 9
9 13
39 30
163 137
5 5
4 5
79 68
57 42
6 8
9 5
114 86
9 6
252 349
25 40
27 17
38 41
25 20
8 5
11 9
102 69
4 2
5 5
37 31
19 14
37 45
50 30
25 20
20 23
242 183
18 17
40 27
9 7
26 28
128 125
4 7
38 32
101 74
83 56
5 4
43 69
7 8
104 148
31 28
240 128
5 4
182 348
9 10
61 61
6 6
191 282
198 261
251 221
11 8
4 4
18 18
214 243
14 8
45 47
78 67
167 153
47 33
7 11
252 213
16 14
4 3
131 150
145 159
167 153
71 52
10 12
24 14
52 42
21 16
67 187
216 270
25 39
4 5
8 6
22 22
103 104
125 100
5 4
6 5
76 38
204 159
47 40
27 40
11 19
90 65
217 179
8 4
7 4
130 198
41 72
38 12
129 203
194 208
14 19
7 18
151 138
42 82
46 51
250 228
136 201
9 11
32 32
25 51
86 115
54 41
51 47
39 26
11 6
132 171
105 135
28 22
123 121
110 86
6 6
47 24
52 38
54 55
150 125
10 9
22 20
24 20
82 96
66 27
81 63
117 126
19 21
59 50
237 265
220 231
9 13
39 39
6 9
66 81
225 267
23 27
20 16
5 3
6 11
10 13
9 10
13 11
16 11
5 8
6 6
4 6
12 11
8 10
129 223
72 68
138 182
152 161
196 167
42 46
57 39
147 170
150 198
91 66
5 5
45 41
4 2
26 24
76 61
7 5
129 140
118 200
15 12
83 71
155 106
93 95
67 44
10 12
25 29
43 70
17 13
175 166
38 51
33 19
5 5
17 28
9 4
39 48
8 5
5 3
118 148
123 184
6 3
28 61
26 19
162 126
5 4
43 70
6 5
20 25
24 26
15 26
253 204
14 20
6 8
5 8
12 9
151 183
48 38
21 21
133 196
23 25
14 8
35 38
10 6
57 40
74 55
4 3
102 183
41 23
10 10
15 12
138 114
33 27
7 8
146 77
216 365
232 256
5 10
28 36
90 112
148 140
10 8
166 300
4 4
8 12
11 12
61 90
154 147
199 423
8 13
31 26
29 35
182 203
83 57
253 224
65 49
35 44
18 22
6 7
9 12
62 61
252 380
6 6
137 46
4 5
21 24
176 128
28 15
29 60
211 208
58 36
215 120
145 149
37 32
11 7
109 90
8 16
20 30
32 37
109 171
46 42
6 7
56 49
203 206
5 8
170 94
51 43
18 10
10 5
147 115
105 135
57 51
14 7
126 94
35 43
224 199
119 139
7 5
11 5
17 22
27 27
28 22
77 143
12 10
65 122
28 26
31 21
9 9
17 17
4 3
35 34
14 18
6 3
8 8
7 9
49 24
42 71
7 8
47 33
22 12
141 178
47 34
27 26
23 24
172 214
185 233
8 8
5 6
108 122
16 17
14 14
23 34
13 15
212 299
55 77
45 25
44 51
144 171
11 12
70 68
27 39
5 5
124 221
60 59
10 7
7 5
87 129
12 24
24 21
6 5
163 84
10 5
6 5
10 10
132 97
37 31
9 17
102 110
68 75
24 13
17 19
18 11
66 45
20 15
14 10
13 17
41 41
13 13
4 4
122 149
16 11
98 109
183 152
8 6
16 17
40 50
12 8
13 7
6 6
37 81
4 4
35 34
8 6
21 32
154 93
9 10
61 47
16 9
17 13
6 5
6 3
30 26
19 22
21 22
7 6
34 27
25 23
7 5
20 27
120 114
23 33
12 17
17 11
87 147
12 17
111 57
128 59
68 60
24 27
5 4
194 148
29 37
138 129
58 46
16 7
10 13
5 4
5 7
42 21
9 5
117 148
25 40
71 69
103 72
228 648
17 10
31 27
116 128
70 44
242 231
12 11
50 46
73 93
19 16
127 170
176 133
7 10
4 2
5 3
38 44
14 13
6 7
7 5
149 126
18 16
93 116
31 41
87 55
161 133
52 46
7 8
18 22
67 86
6 8
92 154
147 156
7 11
5 3
131 227
9 15
18 42
21 16
140 69
203 252
235 224
230 251
14 9
119 149
163 204
24 18
77 86
49 60
238 356
173 190
4 4
66 91
20 9
10 9
98 144
161 204
221 192
243 208
12 16
224 243
7 10
152 132
27 28
13 14
237 308
23 20
71 85
4 4
119 169
200 203
32 24
29 50
9 7
8 14
16 15
26 22
212 166
133 127
23 14
26 37
10 8
25 20
9 9
5 7
141 111
15 10
74 60
10 12
5 6
30 31
26 23
76 70
15 17
138 58
7 6
44 28
10 13
27 16
230 171
9 13
5 4
122 129
168 232
160 113
109 91
5 3
6 6
88 55
132 113
174 156
67 27
127 81
130 171
13 13
26 19
5 6
4 3
79 86
18 26
7 4
7 9
10 8
18 15
4 3
182 276
8 8
17 21
40 41
4 4
27 30
44 36
4 3
190 238
11 15
6 8
9 11
120 69
49 75
47 60
67 69
21 19
195 242
213 208
63 60
41 31
171 143
14 9
28 13
68 48
93 72
48 34
10 4
56 63
28 66
26 44
212 267
38 53
9 11
225 235
18 16
10 14
7 12
15 22
39 57
6 9
121 128
159 164
162 260
252 372
64 42
81 128
7 6
20 9
60 43
22 52
4 7
10 7
6 9
4 5
27 16
5 11
6 4
9 10
26 14
7 6
38 29
15 12
41 75
159 154
36 41
8 8
49 44
4 5
107 146
16 13
6 18
26 20
221 253
62 54
51 71
19 16
10 11
10 6
103 89
10 6
29 28
33 27
5 3
171 307
34 25
90 155
216 138
157 138
189 131
7 4
37 48
12 8
22 23
38 56
147 141
20 22
42 26
10 12
52 25
13 14
18 21
237 170
6 8
23 20
37 20
8 8
11 10
221 131
16 10
64 52
157 293
242 210
61 36
5 5
29 49
45 48
117 106
52 49
175 158
4 3
83 101
22 22
14 8
6 5
72 63
6 7
9 12
8 7
25 37
120 116
67 54
20 22
14 9
16 14
8 9
131 131
230 99
8 13
190 290
30 28
135 199
45 76
91 108
100 112
7 6
11 16
7 4
106 90
8 6
17 15
39 28
25 19
36 28
21 20
10 8
9 6
188 177
211 347
7 11
99 117
26 25
59 39
8 12
10 9
195 182
12 13
164 165
12 12
51 36
9 6
11 8
13 9
35 29
198 132
100 115
4 4
19 15
145 112
111 131
94 115
165 183
25 58
34 51
151 139
25 21
63 68
51 61
155 197
40 34
38 26
76 125
11 17
19 20
91 141
7 8
38 92
19 18
71 100
216 201
38 40
9 15
21 35
6 3
16 16
232 132
55 52
92 59
13 16
169 245
177 262
49 36
153 189
109 111
26 27
11 9
54 56
19 15
10 10
19 30
6 12
26 17
26 22
18 13
14 18
17 39
20 20
195 192
15 9
223 258
42 69
52 31
28 17
19 25
137 102
33 39
200 179
230 351
24 19
214 192
94 150
4 3
26 22
56 64
50 39
6 3
32 28
178 233
38 65
10 12
115 157
10 11
23 26
10 5
17 12
6 3
27 36
6 5
78 158
9 6
124 103
46 35
23 30
6 6
41 41
16 16
37 58
99 70
16 17
150 96
23 24
219 193
254 232
74 127
114 162
227 305
14 23
142 173
22 61
100 123
20 18
127 118
73 61
134 143
5 3
165 128
28 20
42 44
9 7
87 104
21 16
24 45
7 9
191 245
105 98
23 16
31 28
12 15
118 122
10 10
85 141
22 20
11 17
33 35
4 5
21 37
137 96
28 13
30 31
20 11
53 62
4 3
22 17
138 218
44 96
31 26
35 99
6 5
33 64
208 288
32 41
164 224
32 26
156 264
153 60
7 8
75 62
7 9
36 25
41 32
45 31
171 230
48 35
77 56
234 359
25 18
24 33
11 12
97 88
26 21
5 6
29 13
8 5
38 34
7 12
137 110
40 37
211 310
5 4
48 43
11 9
14 15
5 5
181 161
4 5
53 35
13 16
19 14
5 3
44 84
5 7
31 20
107 91
122 215
6 3
106 124
130 210
16 28
25 24
113 108
9 14
143 153
25 24
12 9
4 7
193 152
5 6
6 4
69 118
147 139
7 5
167 222
52 61
208 214
85 64
25 16
79 71
10 23
5 8
82 61
94 94
73 71
14 6
210 256
49 35
21 24
112 95
6 6
83 81
66 129
65 119
122 85
22 41
5 3
159 204
99 128
12 15
5 6
33 35
20 15
39 56
21 29
20 36
84 93
15 17
66 46
80 69
118 116
13 16
78 72
5 4
22 33
123 58
96 58
9 10
9 8
80 61
71 75
39 102
22 17
51 35
4 5
103 124
5 7
133 161
57 65
217 212
31 34
82 82
87 55
9 10
9 21
40 38
49 58
199 283
7 15
17 24
33 56
62 56
6 10
25 31
163 182
149 81
92 83
102 120
4 2
21 20
22 14
41 30
34 35
6 4
26 29
13 14
16 25
59 50
10 14
20 21
46 61
6 5
25 18
68 128
54 53
58 78
29 20
9 10
30 23
26 10
254 458
57 40
5 8
55 92
102 53
21 32
27 19
218 349
23 17
136 144
39 21
24 30
5 7
9 8
75 61
46 37
5 5
156 137
100 157
46 37
165 190
6 5
58 66
256 162
66 58
58 88
21 40
10 6
132 75
29 36
13 13
23 27
39 45
59 88
5 5
14 8
9 9
114 139
39 52
7 5
118 74
7 12
10 8
49 68
15 20
15 23
118 97
27 27
12 16
15 13
30 31
215 156
41 54
6 5
13 12
136 88
48 57
10 17
90 121
8 7
130 125
112 68
5 4
21 27
34 60
60 85
25 35
230 189
45 37
5 7
9 7
131 88
7 6
195 300
26 30
63 52
95 103
36 41
220 290
28 30
149 138
18 21
20 15
47 61
7 7
25 21
248 410
5 4
26 26
29 38
51 64
13 17
155 218
7 9
88 111
130 271
20 22
213 336
7 8
127 110
141 196
62 50
22 20
78 47
74 70
9 11
88 108
6 6
165 171
76 57
17 18
25 30
23 47
31 32
5 9
143 136
25 15
150 142
20 27
93 84
32 19
142 84
242 347
21 11
8 12
134 298
152 92
12 22
101 106
36 33
15 28
141 154
17 14
16 14
16 14
98 54
12 32
8 8
57 71
31 37
9 8
51 60
161 136
155 181
56 49
51 21
192 198
186 237
115 146
4 5
53 60
30 22
29 27
5 5
15 10
4 7
4 3
12 10
50 35
57 47
239 212
7 5
10 9
231 114
9 7
141 201
109 81
104 104
6 6
161 143
19 13
143 246
7 5
91 72
43 52
117 240
239 394
16 15
127 147
28 44
233 209
52 66
14 16
5 4
33 22
145 194
21 16
15 22
26 24
5 5
22 17
42 58
68 47
22 17
7 5
142 255
6 8
21 31
171 185
8 12
35 39
15 10
20 15
211 346
183 185
10 15
60 45
19 19
65 82
13 18
37 49
30 26
211 456
80 82
222 220
46 25
27 25
222 250
4 6
17 18
26 19
20 21
8 7
55 69
5 7
156 173
5 5
18 18
106 158
7 5
21 23
135 174
121 155
166 120
44 27
6 5
72 64
13 34
82 98
33 34
7 5
19 28
67 57
16 17
169 109
15 26
197 234
112 131
32 14
98 140
9 7
86 94
228 277
122 122
8 13
5 8
32 31
33 20
8 5
36 46
100 89
7 8
24 14
9 8
179 204
27 17
39 49
15 13
6 2
71 61
46 60
236 225
120 166
96 125
87 82
10 7
81 63
68 64
36 39
5 5
6 9
78 61
184 250
91 77
208 184
63 98
52 61
110 106
8 11
5 5
12 11
56 63
94 62
6 9
210 299
73 48
46 49
90 77
6 6
103 133
16 11
20 19
214 180
41 25
13 9
47 102
7 6
9 9
11 9
15 10
75 151
139 162
7 8
11 10
56 42
11 9
32 25
5 5
9 9
218 103
15 9
36 59
18 23
54 44
143 256
54 69
22 22
24 13
9 7
5 4
55 48
19 13
38 27
8 6
14 28
99 120
9 7
8 7
5 4
18 21
41 83
10 8
5 5
190 526
147 185
122 96
26 16
33 34
50 37
5 3
32 43
9 11
63 98
5 5
21 12
12 20
92 148
68 86
168 153
6 5
14 21
13 16
213 224
38 52
11 10
21 20
107 101
97 68
29 24
29 45
105 51
43 33
35 21
150 132
4 4
8 6
32 49
135 313
29 71
78 75
8 7
28 44
11 8
130 104
101 106
98 110
48 92
30 41
163 148
49 48
122 187
7 11
4 3
232 218
13 15
23 26
6 4
9 21
8 6
83 99
84 59
12 12
12 9
71 32
31 27
12 18
7 7
87 200
18 15
7 5
178 149
12 7
89 180
245 224
6 7
228 226
59 50
14 27
15 16
10 7
6 5
4 4
46 33
255 167
27 40
56 49
4 7
12 21
70 65
51 51
36 39
19 8
18 18
8 9
31 18
251 196
12 11
5 4
25 21
28 39
35 37
146 200
23 33
14 16
47 43
8 11
21 26
7 6
18 17
219 207
65 88
91 79
23 35
14 12
10 11
70 53
12 13
170 172
60 64
6 5
17 31
8 11
6 4
34 35
48 31
18 16
181 146
114 105
55 58
18 21
6 7
50 105
72 108
14 14
6 6
4 5
6 5
200 209
54 21
4 3
22 10
27 21
11 11
16 25
50 47
41 20
5 3
100 94
26 34
229 248
31 35
103 94
195 178
20 26
229 224
7 8
11 9
16 15
9 16
16 15
52 81
16 11
6 5
8 7
14 25
7 5
52 77
74 58
29 54
123 142
110 80
8 12
208 163
221 188
75 45
51 49
16 15
160 266
116 101
4 3
7 5
232 256
5 5
47 73
184 181
5 3
16 18
10 10
21 12
234 157
122 87
18 11
9 18
54 50
135 117
8 6
15 10
11 23
43 38
95 96
5 7
16 25
96 49
200 183
9 9
7 5
4 4
99 70
13 6
4 6
56 55
181 184
119 142
15 13
53 35
176 120
6 8
13 8
54 82
65 54
4 4
11 19
14 20
6 8
97 109
33 46
185 138
39 38
219 143
26 25
239 229
193 172
243 152
15 14
26 22
18 31
9 5
191 287
6 5
13 15
60 58
69 53
12 9
6 10
204 321
176 163
191 260
133 118
7 9
139 130
12 9
22 25
8 6
32 34
133 122
7 5
96 101
118 121
27 17
45 32
35 34
26 22
42 37
85 114
97 82
180 190
133 98
189 260
6 7
152 190
66 80
39 50
15 28
16 16
145 120
103 113
135 124
23 23
9 6
25 26
16 16
6 4
12 12
17 13
24 33
13 6
19 17
31 35
6 6
5 7
62 79
18 26
5 3
53 56
190 223
5 4
8 5
5 5
84 86
99 53
62 67
86 81
45 55
126 91
113 120
84 100
194 193
5 5
81 52
109 44
49 54
8 10
82 79
170 163
137 128
8 6
49 60
7 14
23 17
225 103
5 5
7 15
240 171
90 79
9 9
43 33
84 162
12 13
62 74
175 134
12 7
36 20
105 116
14 17
13 11
50 85
41 26
5 4
74 77
8 16
104 99
16 28
64 47
34 23
80 56
218 170
71 54
40 27
5 5
104 51
5 7
26 20
5 4
133 155
22 18
134 97
29 31
44 21
23 37
5 10
14 18
122 111
11 15
5 4
7 5
59 42
6 5
159 158
12 8
56 87
4 3
71 92
8 4
47 48
107 200
21 13
37 42
224 284
22 26
154 186
9 8
62 73
222 167
6 4
18 29
44 41
27 18
5 6
41 45
33 26
255 316
81 31
109 111
4 4
29 32
82 40
17 11
170 122
25 18
25 29
110 170
254 473
8 9
7 6
10 9
199 300
10 19
8 7
9 7
31 33
12 17
253 223
6 9
107 147
26 28
6 14
53 54
7 4
137 136
206 152
46 34
6 6
110 141
7 7
78 41
120 116
176 115
215 238
6 9
9 13
205 174
34 52
6 12
117 193
11 11
20 16
230 226
4 3
4 7
166 233
143 103
176 168
22 24
9 5
5 5
55 27
109 74
8 7
128 240
51 50
150 144
33 38
90 95
6 9
40 45
7 11
7 9
202 175
57 56
5 7
149 209
16 24
13 6
124 129
5 4
45 37
4 4
172 153
7 5
6 4
14 12
5 2
251 192
6 3
20 20
215 239
16 17
204 188
29 43
32 41
235 203
8 7
26 31
5 6
20 17
6 6
230 284
29 28
171 219
214 94
19 22
9 18
70 58
209 166
103 85
97 84
4 5
39 22
6 9
4 3
23 16
15 17
51 53
95 62
9 8
33 27
12 9
69 54
48 63
35 16
82 130
6 7
43 38
5 10
5 6
69 84
19 13
6 3
226 211
4 4
8 14
201 245
9 14
25 20
19 33
6 6
6 7
91 77
4 4
20 15
7 6
8 4
238 319
22 22
5 7
202 175
15 15
5 5
18 23
14 13
8 9
128 167
111 101
62 88
10 8
122 126
250 330
58 31
13 9
4 9
77 118
25 15
6 7
9 10
9 5
18 23
83 103
24 35
19 20
62 70
12 20
12 11
132 145
94 123
130 153
8 11
143 225
88 38
33 34
86 99
49 56
69 37
55 44
7 8
61 106
50 80
126 105
45 32
36 61
12 9
7 8
14 20
5 11
9 9
14 10
203 151
215 129
139 157
96 92
16 23
95 177
8 10
16 9
9 10
6 11
5 7
109 100
7 9
82 73
6 6
4 5
14 13
27 32
30 80
12 15
31 24
140 204
14 18
240 347
13 6
34 27
51 40
21 16
111 126
6 4
23 15
4 3
53 82
5 6
5 5
6 8
235 186
19 22
74 75
57 52
11 25
64 79
19 20
136 190
143 106
49 49
14 12
122 108
6 10
112 155
176 118
24 39
12 11
29 26
41 71
76 34
241 282
6 6
5 4
31 14
8 5
5 5
11 6
58 26
202 236
99 117
48 70
31 31
184 213
94 64
39 23
127 163
89 68
42 23
35 28
172 151
11 10
71 40
10 15
11 9
139 187
18 24
6 8
17 20
140 107
57 67
178 297
49 71
21 23
74 107
23 31
56 77
55 37
120 124
115 76
34 22
33 30
221 241
196 275
30 23
10 16
73 102
17 20
60 83
243 388
18 20
58 50
55 30
242 321
199 188
54 60
6 7
17 20
15 16
20 12
85 75
99 153
138 110
8 6
97 73
26 26
46 30
36 66
169 224
239 177
71 63
58 41
11 8
103 132
81 113
103 74
12 20
57 65
68 123
13 12
20 20
8 18
153 112
178 175
66 61
25 17
97 103
7 6
94 116
8 5
234 123
22 29
32 30
24 26
157 202
10 10
49 67
5 4
51 38
37 34
92 119
141 128
138 121
171 159
6 4
190 296
13 14
7 9
119 65
5 7
33 24
4 3
7 6
20 16
48 41
101 110
6 6
91 73
24 28
21 28
34 29
6 6
25 27
44 50
12 25
15 15
34 41
4 3
21 13
87 74
30 40
165 166
6 6
166 130
34 43
116 137
23 20
71 50
250 294
45 48
5 5
14 17
13 13
17 19
125 108
42 53
20 16
21 12
8 6
13 14
9 14
13 19
16 12
8 7
79 70
8 8
5 6
12 9
155 118
4 6
48 31
39 38
60 104
16 19
27 47
10 6
210 161
159 166
9 14
218 272
19 35
131 206
16 13
83 58
23 22
7 4
46 46
86 121
13 15
35 30
94 108
227 334
98 82
8 9
70 116
163 147
208 290
24 32
37 37
7 6
240 354
13 10
29 55
220 219
10 7
9 10
21 33
49 56
77 83
26 35
148 186
5 5
13 7
145 242
31 31
9 8
85 49
10 6
27 35
50 49
4 6
198 316
23 20
4 4
7 4
50 86
37 20
13 17
96 114
5 5
142 105
228 189
21 28
27 25
81 55
7 6
223 217
87 97
14 11
62 91
50 41
5 7
37 41
5 4
64 45
165 138
15 13
5 5
212 192
85 113
10 9
62 66
11 13
4 4
97 120
48 57
147 156
80 117
165 224
16 16
21 20
10 13
83 90
104 120
27 29
5 5
82 46
16 14
7 8
8 8
155 99
36 26
5 4
44 61
5 8
61 110
16 14
75 86
5 5
16 14
79 69
5 9
18 21
116 76
155 192
68 99
17 24
49 49
58 59
35 50
5 5
10 12
67 54
5 5
32 25
9 14
4 5
18 17
51 84
99 87
68 72
51 36
24 23
74 95
31 30
21 30
100 192
246 240
197 317
209 142
8 11
133 151
22 25
21 33
229 361
149 132
239 194
8 5
238 303
16 25
84 72
8 5
21 27
133 153
7 4
16 23
70 89
16 21
23 28
22 22
115 119
129 164
218 189
10 14
127 75
80 69
19 15
64 82
157 151
13 23
12 16
10 10
25 23
106 89
40 58
146 131
11 15
26 13
16 14
117 64
242 312
43 39
11 17
85 116
12 11
72 77
26 70
83 118
27 33
39 70
231 435
46 42
123 128
78 23
51 65
125 107
42 42
162 171
28 21
10 7
27 20
27 17
17 11
7 5
47 31
27 32
169 157
35 37
96 92
9 12
8 5
53 69
48 39
183 98
128 122
63 55
15 17
115 119
56 58
31 32
7 7
55 83
250 314
18 22
109 86
223 158
136 94
58 65
10 10
106 155
59 66
150 123
183 142
30 37
232 231
232 280
37 54
164 244
97 172
23 27
134 120
15 14
71 52
6 8
10 6
38 40
59 73
160 123
23 19
10 17
46 29
72 64
225 195
149 127
71 144
10 11
51 56
35 34
90 89
5 5
176 177
46 46
43 32
36 43
22 23
25 19
239 238
90 57
226 224
18 14
18 24
10 4
14 11
80 69
5 5
72 129
205 192
31 20
18 12
61 42
231 155
10 15
27 38
84 188
15 12
156 169
11 11
59 54
203 207
14 18
60 73
29 28
8 6
11 9
67 63
13 19
11 7
5 5
80 54
44 152
61 35
25 32
87 84
5 7
4 3
6 3
12 17
12 9
8 6
23 30
197 317
28 20
5 4
8 5
11 12
45 29
134 249
15 13
243 259
68 39
23 12
153 152
168 231
5 6
9 8
33 21
4 7
63 40
25 23
16 12
12 8
130 101
4 3
11 18
5 5
42 46
38 24
58 83
99 59
33 57
14 14
210 259
112 107
23 17
7 4
13 8
46 85
5 4
23 34
27 34
76 78
35 25
11 12
12 6
85 58
166 232
112 144
37 68
10 10
25 27
92 49
55 44
5 5
203 150
22 27
115 130
94 85
13 14
225 211
229 158
15 25
194 240
54 28
48 48
6 9
209 220
19 13
154 158
23 22
142 201
184 257
152 172
253 225
172 186
46 36
82 83
20 17
9 6
76 112
5 3
35 44
18 17
46 30
5 5
8 12
44 50
11 19
18 21
115 186
5 5
27 23
14 8
122 158
52 74
86 114
64 70
19 15
11 8
112 138
89 89
5 3
6 3
110 138
44 30
11 16
37 27
45 58
238 291
13 12
50 80
14 18
118 170
132 113
133 158
141 237
19 25
13 11
115 97
27 24
51 43
170 270
9 8
136 149
57 59
24 17
6 4
37 34
9 8
14 14
51 47
19 31
55 53
31 54
11 11
79 41
73 91
123 237
139 151
123 234
52 39
169 221
82 76
55 105
5 5
68 85
10 9
15 11
89 64
27 22
135 118
178 230
8 6
5 5
199 221
22 32
44 43
109 84
15 19
51 69
226 211
8 9
87 124
15 11
85 76
40 30
88 65
20 37
188 131
6 6
106 96
4 4
14 10
5 6
18 30
59 49
4 5
16 16
11 9
11 12
10 8
72 86
10 16
47 69
45 58
25 19
25 33
5 5
39 23
168 200
29 21
123 117
4 4
10 10
51 59
21 23
32 41
199 188
5 5
7 7
5 6
38 47
123 107
54 60
51 79
30 42
118 128
248 144
4 3
8 8
9 8
6 7
169 110
9 7
20 13
29 46
63 79
12 19
22 31
6 4
72 53
35 24
17 10
13 8
152 98
28 12
23 32
5 5
68 53
113 78
190 176
202 251
80 82
27 24
21 13
41 32
16 17
8 5
29 29
35 22
204 189
41 53
249 233
11 8
129 181
6 7
22 24
24 24
27 22
59 78
35 30
13 16
24 27
233 217
103 144
32 19
8 11
198 151
9 11
164 272
20 21
19 15
9 9
149 114
21 18
37 22
11 12
9 11
190 440
196 247
15 21
21 25
14 16
6 2
160 191
129 128
103 123
11 11
9 8
188 291
8 9
12 9
43 41
71 67
13 19
68 145
4 6
241 220
128 117
19 28
249 134
101 299
63 48
13 8
7 7
13 10
189 179
157 125
8 11
219 379
5 9
106 127
8 7
132 163
35 18
104 125
80 166
40 52
52 79
243 662
76 43
127 117
10 8
5 9
5 4
19 21
5 4
49 44
6 2
237 180
149 109
33 53
4 10
8 9
9 8
27 28
6 6
7 8
119 137
55 34
18 23
19 41
161 167
8 5
9 10
7 8
18 17
23 30
20 49
61 63
5 3
100 95
195 300
5 3
5 7
100 169
53 59
33 32
4 6
43 36
125 102
23 19
125 78
5 6
74 57
9 10
5 6
8 7
9 13
180 166
8 6
101 86
36 34
8 9
238 198
62 113
41 46
231 382
17 16
13 8
207 216
46 37
32 33
22 27
5 4
176 212
93 59
6 8
198 235
6 7
17 12
28 19
95 70
6 7
32 58
26 18
235 244
7 7
101 105
125 122
19 21
103 133
6 4
65 49
74 101
15 11
9 15
33 43
6 4
14 18
37 41
6 6
18 19
68 123
8 9
45 81
13 11
69 77
227 412
49 57
62 57
6 4
43 38
38 33
37 50
12 12
7 8
20 35
59 60
151 183
72 54
12 17
83 89
18 25
73 46
13 30
122 134
46 63
33 42
34 59
35 38
73 86
45 37
29 46
24 32
215 186
34 44
62 68
8 13
10 18
31 20
12 6
96 106
76 111
59 56
16 19
192 116
96 98
113 136
5 3
192 247
12 15
13 14
22 30
17 20
7 5
221 447
27 20
35 32
65 110
60 47
7 4
49 82
242 206
6 18
20 26
43 20
7 8
7 12
110 122
9 5
102 161
4 4
10 8
13 16
18 10
4 4
65 81
206 134
158 113
113 93
18 20
64 49
5 7
45 34
29 26
33 49
63 74
17 21
8 10
137 189
6 6
69 66
113 150
60 56
6 5
8 8
37 25
95 102
80 74
39 68
105 83
177 188
52 27
16 24
9 10
16 23
115 55
18 16
10 11
42 30
43 38
37 49
11 8
96 51
200 316
23 34
112 187
13 20
21 25
21 20
180 141
39 39
50 27
12 9
36 23
13 26
9 4
85 63
124 112
222 154
6 5
21 12
114 101
21 14
5 5
145 139
25 27
17 15
8 6
25 38
9 8
167 135
239 472
14 7
13 20
42 48
122 128
14 11
8 9
207 318
230 243
16 18
34 33
8 8
9 8
5 4
11 8
18 13
100 155
17 12
10 6
64 71
22 28
8 8
150 149
34 30
139 152
38 55
6 8
114 94
216 119
16 23
141 135
167 159
32 59
4 6
13 10
22 32
84 70
177 162
39 76
34 45
32 50
5 7
20 18
7 8
154 116
5 5
21 20
30 30
94 98
70 69
211 411
224 144
216 149
85 96
7 10
26 17
34 19
5 4
8 10
186 151
151 125
17 19
233 385
14 8
11 12
47 60
38 67
27 22
62 102
35 26
126 148
52 51
16 17
77 48
7 7
35 56
11 9
21 19
91 135
10 6
60 63
19 21
54 61
92 75
7 7
16 13
21 15
104 140
32 37
26 32
16 9
18 18
242 187
66 66
33 33
25 53
7 7
8 8
5 5
250 154
7 6
6 8
9 8
76 107
6 7
38 45
32 22
29 27
63 95
59 93
15 20
69 60
202 193
5 6
18 17
164 111
69 95
244 240
13 8
127 164
57 53
117 124
238 164
19 17
100 107
200 160
118 116
84 79
165 143
172 177
29 24
40 69
6 5
58 47
80 74
20 14
91 125
147 167
26 46
22 28
50 41
236 158
192 204
50 124
6 5
9 11
167 238
229 298
91 89
107 62
11 9
176 87
44 35
185 127
18 28
15 13
193 294
112 100
15 19
10 9
75 85
49 49
5 3
182 133
5 7
247 236
4 3
157 376
40 30
143 190
19 23
188 143
7 5
63 100
25 13
31 39
10 10
107 120
7 6
85 32
108 92
114 193
9 12
7 4
107 86
158 101
23 10
5 5
235 135
84 75
6 5
44 23
4 4
234 219
180 81
6 5
23 20
11 12
16 12
215 170
6 11
78 107
31 32
36 40
11 12
89 68
6 8
5 5
37 27
107 130
32 37
25 20
48 75
180 127
128 147
74 47
9 10
17 11
27 38
51 36
56 68
5 5
184 190
8 6
12 12
110 121
120 91
11 12
9 10
54 60
75 80
21 33
16 16
5 6
145 236
7 5
14 20
69 135
10 11
111 149
20 20
11 6
164 88
15 9
10 12
87 65
113 163
45 45
98 94
14 13
7 5
11 9
172 160
113 130
13 9
42 74
59 59
15 21
5 5
55 32
171 171
9 12
74 67
20 13
125 218
19 13
5 6
5 5
46 51
16 45
8 8
36 25
6 6
70 54
97 71
160 169
67 70
6 5
249 131
23 18
199 196
20 15
8 6
63 63
4 5
31 15
9 6
96 174
34 22
26 44
7 6
18 16
21 18
59 72
45 20
16 18
139 133
26 23
13 16
199 298
7 8
10 8
78 78
6 4
210 237
80 117
123 246
147 108
46 63
143 161
56 75
19 17
56 45
12 11
4 7
194 343
175 160
65 45
6 14
6 4
37 37
31 23
26 16
21 23
11 5
30 42
31 20
17 16
106 123
132 139
9 22
104 112
25 17
95 82
7 6
14 14
198 257
141 143
11 12
43 23
11 10
7 5
22 19
200 171
181 176
102 137
50 34
103 113
111 181
37 26
107 105
4 5
82 57
19 23
8 6
10 5
7 6
14 17
47 36
11 22
9 16
190 140
9 8
33 59
10 14
8 21
4 8
16 11
167 155
81 87
84 82
8 10
147 119
70 40
132 186
6 14
64 58
228 181
13 17
73 103
4 5
120 88
55 120
13 20
172 117
34 36
35 41
5 5
6 5
58 87
34 49
29 31
5 8
165 187
59 17
218 189
128 124
255 191
53 101
6 5
171 250
49 77
9 8
11 13
7 8
65 121
161 197
90 62
90 73
253 144
55 39
67 44
14 16
85 71
53 34
81 182
52 47
12 12
117 80
7 3
74 69
21 21
32 14
19 21
222 180
39 94
93 135
211 182
11 11
13 34
112 89
8 4
5 8
70 47
25 21
169 158
119 189
20 10
4 10
23 14
5 5
100 76
5 6
35 37
4 6
57 53
11 20
111 94
76 80
162 185
10 9
173 208
217 244
65 70
5 9
12 7
50 64
45 45
12 10
231 99
5 5
52 57
143 307
88 77
22 38
29 20
34 23
6 7
7 7
190 224
66 41
5 7
41 57
48 42
13 14
182 214
72 97
17 21
60 84
12 21
234 272
131 168
10 6
141 241
15 14
34 37
22 17
29 41
10 5
34 34
6 11
4 4
141 149
11 7
37 41
20 20
8 6
157 166
142 106
149 178
151 303
68 85
89 65
214 114
15 14
9 4
7 6
210 163
9 7
13 18
163 115
34 36
10 12
47 47
194 146
12 8
4 5
11 8
44 37
8 4
111 78
137 108
110 162
8 7
173 213
110 111
50 41
13 11
71 94
34 41
108 156
22 15
5 10
153 111
7 7
11 13
87 70
114 121
34 23
139 152
142 95
51 45
28 25
5 3
15 20
43 59
47 26
12 9
71 52
17 23
216 161
25 39
33 56
48 49
45 51
8 6
132 105
19 13
4 5
53 64
35 35
20 17
40 20
47 30
152 168
234 257
48 33
118 92
5 7
14 19
203 208
48 47
77 70
166 109
21 20
6 9
104 93
6 7
65 135
32 33
52 54
130 158
44 66
124 79
33 49
17 36
237 306
217 144
173 140
10 18
47 62
76 47
15 9
102 222
13 23
6 4
72 87
13 10
168 122
246 234
6 6
174 255
9 11
19 32
171 175
12 8
21 25
74 132
7 6
18 23
132 88
62 110
7 7
6 4
5 3
11 9
10 10
16 14
5 7
18 25
18 30
100 65
215 187
7 5
49 36
19 19
155 98
64 70
150 134
245 140
102 135
122 177
30 35
9 9
184 185
35 17
199 333
114 107
105 73
12 9
112 210
227 158
25 18
61 140
5 5
174 277
19 22
6 3
40 36
8 5
6 6
24 25
120 169
31 34
86 109
37 54
177 106
16 31
107 116
35 50
7 7
128 105
137 113
42 32
185 316
169 133
26 25
25 50
5 6
13 14
15 21
8 13
125 94
8 21
69 71
25 17
38 34
6 8
8 8
8 13
12 10
122 169
6 7
64 84
14 14
15 7
37 32
4 7
17 19
4 4
56 92
13 16
6 10
163 146
15 10
4 6
131 95
42 28
24 25
209 147
9 15
73 91
29 39
59 60
128 136
148 148
45 42
50 82
8 13
84 75
206 322
203 369
170 161
4 4
179 138
74 42
108 172
22 39
156 70
13 11
50 81
6 4
7 5
63 73
221 114
21 20
24 29
24 23
120 160
75 92
11 4
10 8
34 27
60 62
57 26
10 9
28 31
8 15
11 13
128 106
203 256
5 5
6 6
68 67
45 56
22 25
149 124
4 6
5 10
224 177
12 14
10 18
47 45
227 191
10 8
6 5
175 147
113 221
38 27
13 13
27 19
43 48
9 6
4 4
13 22
27 38
196 139
21 26
14 12
47 79
5 5
24 19
8 4
9 3
54 39
44 120
7 8
23 16
53 42
17 13
127 119
7 11
35 30
15 10
123 124
19 14
147 162
18 21
28 18
10 11
168 218
26 24
4 4
185 116
26 29
191 265
4 6
89 121
62 70
11 8
78 175
16 13
26 23
24 20
7 5
7 12
11 17
5 9
15 16
146 188
122 81
5 7
12 16
21 19
5 4
22 17
5 5
31 25
234 396
40 58
17 17
22 13
57 78
121 121
56 62
193 189
7 3
5 3
191 199
38 22
18 29
5 8
20 10
18 21
5 5
51 60
12 26
6 7
192 147
14 25
113 75
105 55
86 92
214 243
9 5
180 152
18 25
119 156
19 10
19 20
23 18
240 375
53 43
175 444
9 9
29 27
27 23
79 68
28 20
74 43
6 6
33 40
221 193
25 17
49 48
108 188
54 41
65 83
9 15
9 6
9 15
8 7
16 8
13 13
26 43
10 13
61 57
98 118
19 27
79 58
18 10
137 128
91 92
91 103
5 5
133 136
118 117
212 227
99 128
182 115
33 31
8 10
9 6
28 20
9 18
9 10
27 23
37 57
9 9
159 171
50 93
99 205
24 25
13 5
8 5
23 26
36 30
8 9
4 2
77 44
154 85
27 35
40 37
13 17
109 90
13 16
126 133
13 10
160 119
104 63
48 66
106 131
16 26
6 7
5 8
112 109
30 31
8 7
7 8
52 31
86 89
26 24
14 26
7 5
37 29
208 174
61 49
23 27
36 33
130 190
56 49
187 83
8 11
144 133
68 57
187 169
26 30
5 4
23 29
6 11
12 14
31 27
30 53
25 21
42 47
114 127
14 19
70 46
166 115
23 24
51 34
7 5
6 7
8 7
78 78
12 15
173 237
13 12
68 42
144 115
55 52
245 155
14 14
252 150
5 4
249 562
10 7
83 79
67 57
31 28
19 20
213 187
161 127
69 82
15 8
5 2
51 67
13 13
9 10
44 69
6 7
9 5
127 108
193 167
203 175
8 7
17 14
28 33
28 31
87 126
119 101
9 7
8 12
53 36
89 57
15 24
45 72
181 130
81 68
211 217
218 136
43 24
6 7
42 26
142 179
122 102
6 2
187 74
49 71
84 71
143 158
30 15
59 91
66 57
24 20
34 51
97 135
119 76
27 37
9 10
74 86
235 336
253 188
187 181
51 42
34 25
89 80
177 105
119 160
61 55
32 46
22 22
10 15
19 15
5 11
62 67
7 5
4 3
12 12
36 35
49 45
15 15
135 97
51 63
27 23
20 20
133 121
36 58
9 9
98 72
95 49
231 184
26 25
101 110
52 75
50 33
101 96
231 290
16 20
91 54
6 7
12 14
92 84
107 120
194 211
69 111
159 253
81 81
5 7
5 4
242 208
105 116
28 31
226 210
92 54
44 41
5 6
19 36
32 26
7 13
207 172
4 4
154 134
46 51
44 29
17 16
79 70
119 130
4 7
118 113
249 132
194 157
6 7
45 38
19 16
22 17
132 208
13 8
24 20
59 60
4 4
11 7
82 70
9 7
11 8
131 88
74 88
147 85
76 72
153 161
39 63
101 96
121 332
5 7
68 54
8 7
23 17
136 278
56 67
28 27
90 53
5 7
50 58
148 111
9 15
200 216
104 138
74 71
43 48
118 139
24 13
8 8
176 211
75 76
198 205
10 15
96 72
34 23
161 129
18 12
145 201
8 13
6 5
108 174
33 37
42 46
7 3
40 43
6 5
15 10
142 244
90 103
16 26
28 26
83 57
100 70
147 250
68 71
248 490
8 15
242 148
51 116
11 10
33 13
11 10
12 9
6 5
98 84
119 209
33 33
65 33
5 2
17 16
6 8
130 47
157 116
256 306
128 121
46 67
4 7
4 4
72 46
14 15
22 27
5 6
7 13
23 23
4 2
5 6
32 18
6 11
4 5
131 115
99 125
8 7
34 63
94 125
10 8
16 18
166 213
22 34
11 14
6 5
10 6
107 177
46 73
129 125
193 142
127 218
54 73
123 94
28 19
67 82
29 21
8 9
35 17
20 16
70 47
6 5
30 24
71 43
164 82
148 281
10 15
71 63
17 20
20 11
12 18
13 16
62 22
64 63
7 8
13 6
71 101
5 6
18 26
7 4
26 20
8 7
81 56
170 88
129 118
19 17
98 83
17 15
26 19
6 4
73 66
33 32
5 4
172 112
16 20
215 117
6 6
114 117
190 298
11 23
7 7
4 3
20 13
11 11
6 4
9 6
7 6
33 47
7 6
35 37
42 31
27 20
23 19
23 25
20 29
5 7
5 7
4 3
35 53
7 5
38 53
13 20
13 22
35 21
220 204
9 7
9 10
4 7
34 20
15 9
11 13
39 69
14 15
49 39
76 71
209 293
171 106
8 8
21 21
90 131
67 56
44 30
58 44
12 13
4 2
6 7
5 9
6 5
41 49
77 85
48 84
53 85
9 8
25 26
8 8
102 72
248 187
93 122
221 268
8 7
151 216
59 84
123 177
45 55
86 113
138 128
12 10
4 12
45 32
27 17
20 17
7 6
105 91
85 86
21 35
50 39
205 178
12 12
7 12
170 196
79 54
7 5
18 23
17 20
4 3
5 4
5 7
150 169
8 9
4 5
7 8
77 102
200 221
15 9
180 158
63 29
242 692
9 7
24 12
128 239
7 8
11 11
5 5
5 5
117 110
10 18
8 10
5 3
8 14
23 25
145 223
42 25
6 5
182 346
20 22
78 84
43 54
34 32
79 67
16 8
66 77
17 15
33 53
23 32
181 174
64 40
21 32
76 82
71 75
65 55
61 60
29 39
6 4
17 18
101 95
69 86
218 197
34 37
129 105
93 106
4 4
39 24
7 7
17 25
32 24
42 69
24 19
128 204
113 137
91 124
95 93
56 48
94 44
18 18
237 191
57 41
5 3
65 66
13 10
56 46
39 48
197 472
34 50
54 60
6 7
20 18
231 315
14 14
7 7
24 34
236 187
64 34
155 182
27 27
170 77
7 11
13 18
93 140
106 60
80 106
50 29
13 8
24 40
13 23
49 38
238 245
20 23
76 157
5 6
10 8
8 13
8 8
181 166
9 8
149 113
239 189
17 18
185 106
10 12
7 4
9 9
191 134
21 17
5 4
61 40
5 7
90 56
91 68
120 120
7 6
61 48
23 24
8 7
17 25
56 44
50 49
5 9
4 4
41 28
5 7
62 118
6 5
230 257
20 9
5 8
5 6
176 179
19 17
17 31
160 126
53 72
8 12
21 41
7 6
126 111
14 15
134 229
26 42
113 142
186 436
180 242
28 26
217 224
13 20
19 15
68 64
10 14
11 14
66 56
185 157
47 35
100 49
9 12
38 45
15 16
42 75
120 107
191 361
51 22
37 21
142 133
78 90
43 35
74 101
8 5
5 3
5 5
128 126
157 209
177 95
9 6
8 8
44 39
49 67
40 101
11 17
10 8
84 71
11 9
46 45
5 6
17 7
13 9
161 129
7 4
111 81
15 20
77 68
244 91
8 8
51 34
27 17
8 5
251 357
137 230
45 99
6 6
121 78
10 13
7 11
40 61
46 75
42 27
4 5
6 4
68 58
9 7
67 42
12 14
7 5
123 109
171 158
26 29
131 138
5 8
93 33
21 17
230 409
30 50
14 14
14 18
79 66
64 53
159 116
27 35
5 6
17 18
7 11
36 26
10 15
10 6
101 137
105 108
4 4
22 24
6 7
28 21
5 3
129 95
67 60
8 9
28 48
115 41
101 94
5 6
178 117
24 25
8 8
164 161
38 37
7 7
172 245
18 11
31 38
124 120
17 18
10 16
86 175
135 69
14 20
114 110
58 64
22 42
5 4
90 99
130 72
27 36
21 18
206 156
62 68
4 4
15 7
10 7
28 21
49 58
5 4
5 9
29 28
14 16
37 29
52 54
6 9
64 46
137 145
12 21
34 40
72 114
39 47
7 9
153 178
10 9
4 4
49 54
16 15
145 131
41 29
9 13
143 133
6 8
74 31
8 5
53 53
101 118
15 12
110 235
15 15
10 5
5 4
187 202
27 25
37 29
9 7
50 122
83 78
79 117
4 3
49 31
14 17
183 275
158 115
4 2
10 13
10 7
12 14
29 29
4 3
192 154
21 26
5 5
5 4
92 123
93 46
5 7
252 222
138 156
60 69
19 19
104 86
52 32
16 17
5 7
30 25
10 12
201 118
26 41
75 53
60 25
241 257
6 6
83 107
41 54
6 4
5 6
201 243
95 66
10 9
30 33
41 24
7 4
15 11
15 18
12 21
8 6
23 17
10 12
10 10
87 82
231 219
38 27
88 152
5 5
172 91
137 67
6 8
129 155
84 99
147 338
24 23
97 51
9 9
50 30
174 307
6 5
143 95
51 75
6 10
19 21
75 82
8 6
186 160
181 253
12 15
41 44
16 13
53 51
12 12
6 8
20 22
75 58
183 150
19 17
16 20
12 17
114 50
7 9
161 177
94 115
5 3
8 7
25 24
5 6
31 34
23 23
22 23
5 5
31 38
255 352
181 278
145 112
11 8
5 7
82 56
7 16
26 15
60 54
98 83
38 28
9 10
62 89
10 8
7 5
159 109
31 39
5 10
11 9
67 54
55 37
92 118
34 42
8 10
15 27
41 69
146 114
37 51
11 21
245 478
16 7
39 40
181 221
86 55
53 61
74 56
14 10
5 6
107 205
234 183
16 11
46 42
81 100
22 61
202 223
188 241
189 197
228 153
105 179
198 247
61 45
6 4
5 5
24 21
93 128
84 117
98 54
7 16
19 17
112 59
73 62
27 47
227 130
148 169
52 94
5 4
225 229
190 309
62 114
16 18
79 82
31 33
70 97
21 19
39 28
8 9
29 18
85 91
8 8
13 11
32 32
79 66
6 5
37 48
170 233
4 5
45 72
42 30
55 52
10 11
132 156
10 7
114 145
84 68
44 28
4 4
53 74
218 194
89 72
12 10
14 14
15 14
53 66
4 3
89 96
14 16
5 4
117 132
15 9
10 10
31 41
110 250
19 20
17 18
11 13
17 14
27 32
8 10
6 6
70 48
126 145
82 66
25 48
182 221
221 365
16 26
4 2
118 131
10 20
136 113
13 19
20 10
256 109
5 12
130 120
72 65
183 140
12 24
13 20
62 39
70 83
91 55
34 24
81 142
19 21
194 185
113 110
65 67
35 34
238 265
12 10
199 202
15 26
93 60
178 159
30 27
72 30
30 21
7 5
200 278
23 18
19 15
5 4
186 203
14 7
16 20
22 19
11 16
107 109
89 72
112 130
95 57
50 54
7 6
21 9
5 9
5 7
84 57
77 120
148 127
174 157
35 35
122 163
4 3
45 37
10 6
255 281
5 4
137 72
54 69
12 17
32 38
24 43
19 29
10 16
95 81
13 8
141 152
9 11
23 22
110 156
106 63
39 35
60 43
224 350
87 82
36 38
19 33
24 67
80 117
12 20
213 165
183 272
8 6
122 106
4 4
64 63
9 7
62 44
177 197
5 5
4 2
17 12
32 55
6 9
31 47
31 28
25 11
28 24
76 82
225 222
51 54
49 48
173 194
6 8
240 297
15 15
8 14
206 216
9 11
7 5
14 10
5 5
78 71
37 14
55 70
33 22
223 344
6 6
5 6
5 7
6 10
130 131
46 49
12 9
17 7
10 3
7 10
23 28
5 4
14 11
4 7
7 9
181 274
8 7
12 17
56 44
55 69
34 58
41 55
77 70
115 168
91 81
20 28
236 143
61 41
34 83
57 58
24 20
55 38
88 101
10 14
25 18
23 18
24 12
115 123
85 109
7 7
100 124
5 4
13 16
12 13
5 3
43 41
75 85
78 103
113 85
135 140
7 5
160 118
14 10
20 18
87 88
9 18
212 94
6 7
215 132
6 6
11 14
9 8
32 57
23 21
13 19
4 3
106 78
10 9
5 3
22 18
136 125
20 13
179 72
62 35
4 3
73 67
35 33
38 55
87 37
103 96
5 3
5 7
232 235
135 327
10 8
12 7
96 93
151 225
22 30
16 17
153 299
210 219
7 8
33 23
8 9
47 34
148 193
22 38
112 115
153 106
128 163
76 56
6 8
136 143
4 5
8 10
27 37
142 159
10 4
7 7
6 5
20 24
4 5
192 180
21 31
13 12
141 98
9 9
7 14
6 4
105 137
107 131
28 21
6 6
11 8
9 5
216 386
10 9
42 39
4 5
104 135
48 42
132 196
58 146
10 17
10 9
20 21
26 37
5 13
108 52
197 298
6 8
11 5
171 101
208 240
35 33
126 72
57 118
10 10
70 64
74 48
35 34
170 209
8 8
6 6
211 163
166 140
16 31
107 40
12 14
5 3
16 15
153 177
116 89
8 7
8 7
220 142
22 17
119 173
163 129
28 24
25 19
29 19
10 13
9 11
41 27
35 93
14 22
178 114
12 11
12 13
23 21
12 7
112 78
169 293
47 49
34 20
10 8
34 28
24 19
11 9
29 20
36 70
4 3
9 9
109 154
188 130
82 127
75 53
5 9
139 191
62 68
185 209
256 277
9 9
5 3
12 9
14 10
5 2
5 7
16 15
215 272
36 52
243 210
27 36
144 136
7 8
51 85
21 15
8 10
91 65
101 66
47 38
5 5
241 156
18 36
61 28
35 39
11 15
185 108
7 7
78 73
31 13
8 7
124 159
47 63
20 21
55 65
99 71
12 33
37 34
6 9
10 9
147 166
24 39
41 40
127 85
17 29
59 61
14 11
58 29
25 22
9 5
81 93
137 95
5 6
36 31
110 131
10 11
23 16
50 31
11 9
10 8
19 12
50 71
37 23
32 33
61 89
55 94
63 96
30 35
24 19
145 79
66 71
14 7
7 10
4 2
161 156
88 50
34 31
53 27
81 67
16 17
25 21
21 34
96 80
10 10
46 27
26 42
49 43
35 53
5 5
81 64
6 8
9 11
219 259
140 180
53 55
163 330
180 186
215 267
5 5
121 112
64 64
7 7
38 41
161 158
10 5
42 42
57 56
130 138
128 104
48 55
200 257
24 24
49 98
4 6
11 13
34 21
73 66
17 29
41 62
58 87
220 398
201 154
4 4
13 8
5 3
29 25
161 161
43 25
16 20
50 41
46 47
12 7
65 101
16 16
10 10
41 68
22 28
83 138
35 61
9 9
94 125
16 10
147 122
5 9
42 102
69 60
64 92
10 11
43 47
53 82
4 7
55 110
4 7
35 77
7 4
23 14
7 7
5 3
6 5
123 86
94 73
72 68
119 120
5 3
208 163
18 19
33 41
142 167
41 45
90 104
251 119
11 7
9 11
13 14
92 85
249 272
29 26
10 6
31 21
21 26
26 35
29 21
4 3
8 3
41 62
185 257
10 6
164 208
225 212
20 25
167 219
6 12
5 6
4 3
6 8
23 14
67 154
11 12
8 10
208 216
7 12
4 4
28 40
64 63
204 226
10 10
99 146
166 202
15 12
161 103
21 28
19 11
11 8
66 133
30 17
20 31
9 13
25 21
4 4
7 7
18 22
10 10
95 126
83 87
18 14
90 64
25 20
8 7
68 41
211 326
110 228
49 44
15 28
130 62
9 9
158 178
50 46
105 99
100 104
164 112
80 120
32 18
179 223
60 36
23 28
10 19
123 152
8 4
16 16
34 38
70 115
247 457
5 5
36 38
37 63
22 30
4 4
12 11
122 190
32 28
245 295
116 83
66 56
7 5
167 116
22 23
139 83
4 3
98 99
6 4
36 15
160 62
29 23
10 9
183 225
49 63
9 9
34 44
23 27
56 89
17 19
48 48
4 2
5 3
47 40
149 110
183 119
64 94
34 57
0 39
3 0
0 46
0 4
0 1 0
0 31 35
0 27 22
0 11 16
0 1 0
0 33 28
0 9 8
0 6 7
0 1 0
1 35 251
0 46 31
0 10 8
0 1 0
1 23 203
1 38 301
3 0 6
0 1 0
0 33 42
0 5 3
0 29 34
0 1 0
0 28 8
0 3 3
0 37 56
0 1 0
2 0 2
0 45 60
0 21 25
0 1 0
0 29 24
0 6 6
0 25 25
0 1 0
3 0 0
0 21 25
0 47 64
0 1 0
0 23 17
0 23 13
0 38 37
0 1 0
0 39 26
0 7 10
0 38 51
0 1 0
0 27 13
2 0 8
0 7 11
0 1 0
0 13 12
1 24 237
0 46 29
0 1 0
0 37 42
0 19 33
0 19 18
0 1 0
1 17 93
0 32 17
0 30 17
0 1 0
0 18 17
2 0 1
0 13 19
0 1 0
0 22 27
0 49 41
0 9 14
0 1 0
0 19 14
4 0 870
0 6 7
0 1 0
0 26 22
1 19 145
0 45 66
0 1 0
0 1 1
4 0 366
0 44 66
0 1 0
0 8 11
0 21 18
3 0 6
0 1 0
0 33 43
0 34 26
0 22 7
0 1 0
0 43 21
0 39 41
0 14 20
0 1 0
0 12 3
0 38 6
4 0 895
0 1 0
0 41 61
0 42 25
0 50 48
0 1 0
4 0 819
1 11 100
0 2 1
0 1 0
0 30 33
1 33 355
0 12 8
0 1 0
1 43 518
0 46 46
4 0 618
0 1 0
0 6 3
0 44 26
0 31 29
0 1 0
0 18 14
0 43 25
1 31 249
0 1 0
4 0 266
3 0 0
0 4 5
0 1 0
0 5 2
0 2 2
1 42 134
0 1 0
0 3 2
0 15 9
0 18 27
0 1 0
0 28 29
0 37 36
0 18 17
0 1 0
0 10 6
0 31 25
1 14 129
0 1 0
0 11 17
1 6 33
1 1 4
0 1 0
0 4 2
3 0 7
0 33 35
0 1 0
0 17 13
3 0 3
0 11 15
0 1 0
0 25 34
1 30 205
0 21 22
0 1 0
0 6 7
0 38 43
0 16 16
0 1 0
0 31 44
0 44 42
3 0 1
0 1 0
0 20 29
0 31 31
0 27 33
0 1 0
3 0 5
0 6 5
0 42 45
0 1 0
0 48 38
0 17 21
0 22 28
0 1 0
0 41 35
0 21 16
0 5 4
0 1 0
2 0 5
0 21 26
0 42 29
0 1 0
0 36 31
4 0 706
0 15 17
0 1 0
2 0 2
0 42 56
0 44 72
0 1 0
0 26 32
4 0 454
0 13 14
0 1 0
1 47 394
4 0 254
0 12 19
0 1 0
0 42 39
4 0 407
0 10 7
0 1 0
0 29 42
0 5 5
0 44 59
0 1 0
0 19 23
0 38 42
1 34 266
0 1 0
0 46 35
0 31 39
3 0 10
0 1 0
0 44 33
0 46 47
0 20 7
0 1 0
0 27 36
0 46 61
4 0 889
0 1 0
0 24 43
0 38 14
0 2 2
0 1 0
0 24 16
3 0 9
0 26 27
0 1 0
1 16 65
0 23 16
0 10 11
0 1 0
0 24 34
0 30 37
3 0 7
0 1 0
1 45 204
0 25 32
3 0 10
0 1 0
0 20 33
0 31 50
0 4 2
0 1 0
0 29 5
0 17 9
0 25 26
0 1 0
2 0 4
0 36 48
0 49 41
0 1 0
0 24 24
3 0 0
3 0 7
0 1 0
0 15 18
0 13 12
0 4 6
0 1 0
3 0 0
1 32 460
0 49 45
0 1 0
0 31 28
0 19 15
0 21 15
0 1 0
0 35 41
0 1 1
1 7 46
0 1 0
0 21 18
0 14 14
0 23 20
0 1 0
3 0 2
0 7 4
0 39 43
0 1 0
0 7 6
1 12 107
0 38 57
0 1 0
0 38 17
0 29 34
4 0 419
0 1 0
0 23 15
1 28 216
3 0 6
0 1 0
3 0 1
3 0 6
0 40 56
0 1 0
0 43 16
0 21 27
0 32 15
0 1 0
0 33 45
0 42 41
0 17 17
0 1 0
3 0 7
2 0 3
0 36 39
0 1 0
0 4 5
0 15 13
0 7 5
0 1 0
0 2 1
1 36 379
0 11 9
0 1 0
0 33 41
0 11 17
4 0 282
0 1 0
3 0 9
2 0 3
0 14 11
0 1 0
4 0 306
0 27 48
0 28 26
0 1 0
2 0 6
0 40 73
0 23 19
0 1 0
0 12 9
0 34 35
0 23 21
0 1 0
4 0 607
0 1 1
0 31 32
0 1 0
0 29 31
3 0 9
0 29 18
0 1 0
0 21 17
0 34 40
0 44 44
0 1 0
0 18 17
0 34 29
2 0 6
0 1 0
0 43 83
0 28 39
3 0 10
0 1 0
0 10 9
1 42 251
1 15 201
0 1 0
0 18 12
1 2 21
0 41 34
0 1 0
0 43 54
4 0 524
0 3 4
0 1 0
0 34 34
0 45 57
0 21 20
0 1 0
0 2 2
3 0 6
1 10 107
0 1 0
0 9 5
0 20 22
4 0 432
0 1 0
0 17 19
1 32 297
0 36 33
0 1 0
2 0 1
0 31 27
0 1 1
0 1 0
4 0 858
4 0 508
1 18 85
0 1 0
0 17 18
0 27 24
3 0 9
0 1 0
4 0 906
0 50 70
0 21 32
0 1 0
0 22 35
0 37 64
0 31 43
0 1 0
0 37 26
0 12 11
0 13 13
0 1 0
1 39 394
0 46 44
0 50 30
0 1 0
0 4 3
0 38 8
0 7 11
0 1 0
1 11 112
4 0 829
0 22 23
0 1 0
0 45 47
0 27 30
3 0 2
0 1 0
1 33 254
0 47 38
0 13 14
0 1 0
0 9 8
1 4 45
0 19 18
0 1 0
2 0 5
1 36 366
4 0 720
0 1 0
4 0 454
0 10 10
1 49 505
0 1 0
0 40 23
0 50 47
0 1 1
0 1 0
0 20 20
0 37 17
0 36 34
0 1 0
0 42 55
0 34 40
0 1 1
0 1 0
0 15 20
1 20 180
0 31 46
0 1 0
0 49 41
0 30 11
0 12 8
0 1 0
2 0 3
4 0 314
1 33 382
0 1 0
0 14 12
0 18 17
0 50 46
0 1 0
0 15 17
1 34 46
0 19 9
0 1 0
0 5 6
0 9 5
0 46 58
0 1 0
0 4 3
0 7 7
0 33 27
0 1 0
0 43 70
3 0 10
3 0 10
0 1 0
0 38 41
0 7 7
0 25 12
0 1 0
0 44 35
0 10 10
0 38 18
0 1 0
0 36 49
0 6 8
3 0 7
0 1 0
4 0 732
0 41 38
0 24 37
0 1 0
0 28 22
0 17 18
0 30 26
0 1 0
0 13 11
0 28 25
0 37 37
0 1 0
0 18 19
4 0 736
0 49 36
0 1 0
0 35 31
0 50 51
0 21 25
0 1 0
0 44 62
0 33 30
4 0 961
0 1 0
3 0 2
0 49 54
0 23 37
0 1 0
0 30 41
0 37 35
0 12 19
0 1 0
0 5 6
3 0 6
0 16 16
0 1 0
0 19 18
0 50 89
0 5 7
0 1 0
0 34 12
0 47 35
3 0 9
0 1 0
0 27 15
0 3 5
1 33 124
0 1 0
0 21 22
0 46 28
0 29 30
0 1 0
1 19 184
1 23 206
1 8 73
0 1 0
0 10 7
0 29 22
0 39 47
0 1 0
0 42 53
3 0 9
0 4 2
0 1 0
0 9 7
1 6 28
0 29 18
0 1 0
0 34 43
1 47 709
3 0 1
0 1 0
0 36 37
1 15 129
0 10 10
0 1 0
1 23 155
0 16 8
0 37 33
0 1 0
3 0 10
0 47 58
4 0 462
0 1 0
0 5 5
0 48 69
2 0 9
0 1 0
4 0 835
0 5 4
0 25 26
0 1 0
0 2 2
0 9 9
0 17 21
0 1 0
0 50 50
1 11 92
0 37 8
0 1 0
0 28 39
3 0 4
0 32 20
0 1 0
0 25 34
4 0 301
2 0 9
0 1 0
0 21 25
0 31 22
0 17 15
0 1 0
0 48 40
1 16 121
0 40 26
0 1 0
0 50 58
0 6 6
0 24 40
0 1 0
1 11 76
0 25 7
0 18 16
0 1 0
0 44 48
0 13 19
0 4 3
0 1 0
3 0 9
1 16 115
0 9 7
0 1 0
0 3 4
4 0 883
0 23 19
0 1 0
0 50 53
1 6 72
0 50 14
0 1 0
0 6 2
1 47 286
0 12 11
0 1 0
2 0 6
0 25 34
4 0 952
0 1 0
0 13 17
3 0 4
0 27 30
0 1 0
0 1 1
0 13 17
0 7 9
0 1 0
0 12 13
0 43 36
0 8 6
0 1 0
0 8 10
0 35 69
0 19 18
0 1 0
3 0 9
0 32 33
0 31 22
0 1 0
1 31 451
0 38 52
0 48 51
0 1 0
0 34 14
4 0 296
0 1 1
0 1 0
0 3 5
1 19 161
1 5 30
0 1 0
0 32 29
0 11 24
0 14 14
0 1 0
0 9 8
0 38 42
0 40 73
0 1 0
3 0 7
0 44 36
3 0 4
0 1 0
0 38 48
0 42 31
0 44 49
0 1 0
1 49 388
0 14 7
0 41 26
0 1 0
0 39 58
0 39 21
1 1 2
0 1 0
0 22 32
2 0 7
0 9 8
0 1 0
2 0 7
2 0 10
0 19 20
0 1 0
0 30 45
0 3 3
3 0 8
0 1 0
0 11 12
1 1 12
3 0 8
0 1 0
0 25 14
0 9 9
3 0 5
0 1 0
0 17 21
0 46 59
0 34 43
0 1 0
0 4 5
0 39 9
1 4 28
0 1 0
0 5 5
0 33 49
0 45 34
0 1 0
4 0 897
0 8 11
0 2 3
0 1 0
0 41 28
1 35 83
0 42 53
0 1 0
1 8 70
0 34 32
0 29 32
0 1 0
0 28 35
0 7 7
1 20 40
0 1 0
1 7 40
0 15 20
0 9 8
0 1 0
0 5 2
0 42 42
0 9 6
0 1 0
4 0 216
0 10 15
0 25 31
0 1 0
1 23 124
3 0 8
3 0 5
0 1 0
1 13 118
0 24 27
0 32 33
0 1 0
0 46 66
0 8 3
0 12 8
0 1 0
1 32 216
0 7 6
0 6 8
0 1 0
1 13 101
4 0 694
0 24 35
0 1 0
0 15 9
1 30 233
3 0 10
0 1 0
0 20 23
1 6 29
0 5 6
0 1 0
1 31 281
0 7 10
4 0 347
0 1 0
3 0 4
0 19 23
2 0 3
0 1 0
3 0 8
0 9 9
0 9 9
0 1 0
0 44 47
4 0 545
0 48 43
0 1 0
0 33 34
0 43 57
0 39 45
0 1 0
4 0 779
0 34 39
2 0 4
0 1 0
0 21 18
2 0 8
0 1 1
0 1 0
0 13 16
4 0 381
3 0 7
0 1 0
3 0 8
4 0 695
0 29 33
0 1 0
3 0 9
0 17 16
2 0 4
0 1 0
0 46 39
0 48 27
0 23 34
0 1 0
0 50 70
1 41 549
0 36 40
0 1 0
0 37 22
0 23 37
1 24 85
0 1 0
2 0 1
0 41 44
3 0 3
0 1 0
0 14 24
0 46 43
3 0 3
0 1 0
0 43 44
3 0 10
0 29 27
0 1 0
0 48 42
0 34 34
0 45 43
0 1 0
0 27 27
0 50 23
0 14 13
0 1 0
1 27 189
3 0 8
0 10 12
0 1 0
2 0 9
2 0 9
0 49 62
0 1 0
0 48 55
1 36 249
1 2 20
0 1 0
0 49 34
0 2 1
0 20 21
0 1 0
3 0 3
0 26 36
0 18 19
0 1 0
0 12 12
0 48 22
0 14 11
0 1 0
0 43 37
1 18 220
0 47 57
0 1 0
0 37 22
0 10 6
0 41 33
0 1 0
2 0 10
0 25 31
3 0 0
0 1 0
0 50 27
4 0 690
4 0 519
0 1 0
1 25 212
0 28 31
0 49 49
0 1 0
1 37 323
1 43 604
1 13 102
0 1 0
0 2 3
0 5 4
0 43 34
0 1 0
0 28 23
0 16 17
0 14 14
0 1 0
4 0 688
0 15 21
0 27 34
0 1 0
0 16 19
0 13 10
1 20 241
0 1 0
0 29 34
0 32 40
0 5 6
0 1 0
0 6 6
0 45 55
0 2 2
0 1 0
1 24 299
1 20 113
0 8 9
0 1 0
0 2 1
2 0 8
0 45 53
0 1 0
2 0 5
3 0 10
4 0 345
0 1 0
1 2 19
1 49 445
0 38 36
0 1 0
3 0 3
0 13 8
2 0 3
0 1 0
0 1 1
0 46 46
1 6 51
0 1 0
4 0 835
0 5 5
0 49 38
0 1 0
0 25 39
0 38 32
3 0 7
0 1 0
0 5 5
0 5 2
3 0 7
0 1 0
0 10 7
0 37 35
0 21 20
0 1 0
1 24 186
1 16 115
3 0 1
0 1 0
0 28 27
0 40 25
4 0 414
0 1 0
0 24 26
0 50 70
0 47 26
0 1 0
4 0 212
1 24 162
3 0 3
0 1 0
4 0 279
0 17 19
0 15 7
0 1 0
0 21 21
0 38 13
0 43 37
0 1 0
0 39 34
0 24 34
0 2 3
0 1 0
0 20 18
2 0 5
0 18 14
0 1 0
0 35 50
2 0 5
1 32 471
0 1 0
1 48 464
0 31 25
0 41 16
0 1 0
0 32 32
0 49 74
0 15 13
0 1 0
0 9 10
0 14 18
1 43 190
0 1 0
0 1 1
1 13 137
3 0 0
0 1 0
0 30 28
0 43 33
3 0 8
0 1 0
0 10 16
3 0 2
1 29 229
0 1 0
0 31 44
4 0 279
0 14 9
0 1 0
1 14 120
1 4 3
0 33 21
0 1 0
0 15 20
0 34 38
1 25 113
0 1 0
3 0 5
1 27 200
0 48 25
0 1 0
1 40 131
0 42 41
0 50 18
0 1 0
4 0 994
0 26 45
0 27 9
0 1 0
0 43 51
0 35 20
0 18 16
0 1 0
0 37 45
3 0 1
3 0 9
0 1 0
0 11 6
0 2 3
0 28 25
0 1 0
0 39 28
0 48 62
0 2 2
0 1 0
3 0 7
3 0 0
2 0 2
0 1 0
0 27 37
0 41 25
0 17 9
0 1 0
1 26 218
4 0 827
1 6 47
0 1 0
0 16 25
0 1 1
4 0 815
0 1 0
0 38 62
1 6 43
0 22 12
0 1 0
0 24 26
0 22 25
0 9 10
0 1 0
0 37 46
1 32 229
0 12 10
0 1 0
0 29 29
4 0 627
0 9 15
0 1 0
0 24 28
0 47 45
3 0 4
0 1 0
2 0 6
0 30 29
0 19 17
0 1 0
4 0 577
0 32 40
0 22 20
0 1 0
0 39 45
0 5 7
4 0 518
0 1 0
3 0 4
0 47 54
0 33 38
0 1 0
0 32 32
3 0 10
3 0 9
0 1 0
4 0 923
0 41 48
0 25 38
0 1 0
4 0 266
1 30 298
0 35 22
0 1 0
3 0 4
0 34 37
0 33 36
0 1 0
0 42 45
0 29 39
2 0 5
0 1 0
0 24 34
1 5 50
0 28 35
0 1 0
1 43 248
0 23 30
0 41 88
0 1 0
4 0 990
3 0 1
0 33 17
0 1 0
0 4 5
0 33 38
3 0 5
0 1 0
0 38 32
1 42 501
1 17 157
0 1 0
4 0 671
3 0 5
0 35 26
0 1 0
0 36 49
0 5 3
0 26 30
0 1 0
0 39 48
1 29 130
0 34 35
0 1 0
1 20 155
0 28 43
0 33 26
0 1 0
2 0 2
0 16 22
0 5 3
0 1 0
0 37 35
1 1 11
0 40 50
0 1 0
2 0 10
0 3 2
0 48 38
0 1 0
0 17 17
1 20 188
0 24 41
0 1 0
0 42 68
0 11 8
0 39 19
0 1 0
3 0 6
3 0 9
3 0 0
0 1 0
0 9 15
0 16 13
0 42 17
0 1 0
3 0 1
0 11 10
3 0 6
0 1 0
0 22 25
1 42 659
0 23 11
0 1 0
0 41 43
1 42 410
0 33 38
0 1 0
0 32 28
0 43 27
0 19 20
0 1 0
0 18 23
0 20 12
4 0 718
0 1 0
4 0 578
1 22 221
4 0 495
0 1 0
3 0 5
3 0 4
0 21 22
0 1 0
0 9 7
0 1 1
2 0 2
0 1 0
0 3 1
0 20 24
0 18 22
0 1 0
0 31 39
1 5 35
0 8 9
0 1 0
0 1 1
1 46 245
1 45 481
0 1 0
0 45 24
0 28 32
1 29 166
0 1 0
0 7 10
1 48 373
0 39 31
0 1 0
0 9 10
2 0 8
0 40 27
0 1 0
0 16 14
0 23 20
0 44 36
0 1 0
0 40 34
1 38 350
2 0 0
0 1 0
1 13 82
4 0 305
4 0 416
0 1 0
0 36 31
1 44 357
0 42 35
0 1 0
0 7 4
0 41 42
0 40 37
0 1 0
0 32 17
4 0 412
0 10 9
0 1 0
0 31 43
4 0 583
0 18 28
0 1 0
0 45 57
0 3 3
0 48 64
0 1 0
0 26 15
0 4 2
4 0 641
0 1 0
4 0 259
0 44 21
0 42 52
0 1 0
0 49 52
2 0 6
0 33 27
0 1 0
3 0 9
1 45 180
3 0 5
0 1 0
0 20 23
0 30 13
1 29 221
0 1 0
0 21 31
0 40 57
0 25 27
0 1 0
0 23 5
1 38 305
0 22 37
0 1 0
0 6 6
0 24 40
0 27 10
0 1 0
4 0 292
1 13 151
0 40 26
0 1 0
0 32 37
0 13 7
4 0 834
0 1 0
0 24 21
1 43 468
0 27 15
0 1 0
3 0 10
1 32 298
0 49 69
0 1 0
1 1 5
4 0 780
3 0 4
0 1 0
1 46 442
1 33 205
3 0 4
0 1 0
2 0 0
0 20 36
1 11 94
0 1 0
4 0 435
1 44 254
4 0 913
0 1 0
0 10 16
1 10 111
0 2 2
0 1 0
0 43 44
0 17 27
3 0 5
0 1 0
0 17 13
1 5 35
3 0 2
0 1 0
4 0 614
0 29 25
0 18 18
0 1 0
0 21 23
0 2 2
0 26 30
0 1 0
0 26 16
3 0 8
4 0 791
0 1 0
0 25 31
0 13 11
4 0 214
0 1 0
2 0 0
3 0 4
1 3 24
0 1 0
1 15 172
0 49 65
0 46 22
0 1 0
1 24 234
0 24 24
0 39 43
0 1 0
0 5 7
0 47 57
4 0 751
0 1 0
0 22 17
0 15 15
0 23 22
0 1 0
0 26 21
0 16 13
0 3 4
0 1 0
0 3 2
0 21 25
0 24 41
0 1 0
4 0 398
0 33 33
1 17 106
0 1 0
4 0 490
0 23 37
4 0 686
0 1 0
0 37 37
4 0 388
0 21 28
0 1 0
0 24 10
0 29 27
4 0 469
0 1 0
1 23 334
0 12 11
0 22 28
0 1 0
4 0 678
3 0 2
3 0 9
0 1 0
0 24 26
1 41 135
4 0 705
0 1 0
0 47 44
0 43 39
0 32 34
0 1 0
0 40 25
0 13 5
4 0 946
0 1 0
1 8 28
4 0 995
1 42 356
0 1 0
0 16 19
0 39 20
0 48 50
0 1 0
0 27 29
0 11 4
4 0 816
0 1 0
0 33 41
0 5 8
0 25 25
0 1 0
0 8 12
0 44 26
0 26 26
0 1 0
0 17 18
0 9 11
0 38 31
0 1 0
0 29 18
0 22 25
2 0 10
0 1 0
0 25 21
4 0 413
0 10 8
0 1 0
0 3 4
0 49 41
1 38 203
0 1 0
2 0 3
0 37 32
0 12 11
0 1 0
0 4 6
3 0 7
0 18 20
0 1 0
2 0 4
2 0 1
0 10 11
0 1 0
0 15 1
3 0 4
1 41 292
0 1 0
0 39 37
4 0 627
0 34 35
0 1 0
1 21 147
0 39 39
0 48 21
0 1 0
3 0 4
0 48 16
0 6 6
0 1 0
0 22 21
0 34 30
0 22 20
0 1 0
0 33 30
0 37 46
0 9 11
0 1 0
0 43 53
0 35 38
0 43 21
0 1 0
2 0 6
0 27 27
2 0 0
0 1 0
3 0 4
0 13 15
1 2 15
0 1 0
4 0 729
0 32 28
0 3 2
0 1 0
0 2 2
0 2 3
2 0 1
0 1 0
0 46 46
0 24 11
0 17 12
0 1 0
0 18 19
0 11 11
0 12 9
0 1 0
0 35 29
0 40 12
0 29 18
0 1 0
0 40 24
1 22 118
0 18 25
0 1 0
0 27 43
0 34 20
0 33 25
0 1 0
0 13 18
4 0 620
0 15 8
0 1 0
3 0 6
1 14 44
0 9 10
0 1 0
3 0 2
1 3 35
2 0 3
0 1 0
0 35 25
0 13 12
0 37 31
0 1 0
0 11 12
0 35 43
0 19 15
0 1 0
4 0 759
1 34 254
0 11 11
0 1 0
0 7 8
0 15 20
0 20 32
0 1 0
0 42 19
2 0 10
0 30 18
0 1 0
0 7 7
4 0 790
0 17 19
0 1 0
4 0 472
3 0 7
0 16 20
0 1 0
1 33 194
0 30 38
0 49 46
0 1 0
0 34 24
4 0 602
0 45 41
0 1 0
0 36 49
4 0 960
0 21 6
0 1 0
1 42 724
0 31 32
0 9 4
0 1 0
0 2 1
0 25 35
0 6 8
0 1 0
3 0 6
0 11 14
0 33 20
0 1 0
0 10 13
3 0 5
1 18 187
0 1 0
0 8 9
0 15 9
0 5 4
0 1 0
3 0 9
0 36 44
0 40 21
0 1 0
0 2 2
0 43 51
0 20 19
0 1 0
0 37 23
0 5 5
1 39 412
0 1 0
4 0 252
1 24 204
0 11 10
0 1 0
2 0 0
0 17 12
0 20 14
0 1 0
0 20 16
4 0 770
0 11 5
0 1 0
0 42 8
2 0 5
0 50 43
0 1 0
0 12 8
0 37 45
0 20 12
0 1 0
0 22 22
0 16 18
0 6 5
0 1 0
2 0 6
0 31 39
0 42 47
0 1 0
4 0 844
1 34 165
0 13 16
0 1 0
1 46 406
1 49 503
1 36 237
0 1 0
0 32 24
0 46 62
3 0 10
0 1 0
3 0 5
0 21 6
0 24 36
0 1 0
0 40 39
0 1 1
0 21 34
0 1 0
0 27 16
0 43 54
3 0 4
0 1 0
0 12 9
0 11 9
4 0 830
0 1 0
0 15 13
0 22 15
3 0 2
0 1 0
0 19 22
0 38 38
1 29 148
0 1 0
0 35 28
0 3 2
1 31 219
0 1 0
0 33 34
0 19 20
0 35 36
0 1 0
0 34 23
4 0 422
4 0 318
0 1 0
0 29 39
0 9 13
0 41 19
0 1 0
0 35 29
0 27 26
0 38 57
0 1 0
0 46 37
0 13 9
0 20 15
0 1 0
0 37 36
0 2 1
3 0 4
0 1 0
3 0 10
0 36 42
2 0 2
0 1 0
1 43 361
0 47 67
1 37 201
0 1 0
4 0 886
0 7 6
3 0 0
0 1 0
1 15 111
4 0 272
0 16 8
0 1 0
2 0 8
0 26 12
0 49 43
0 1 0
0 46 59
0 50 54
0 7 4
0 1 0
1 27 222
0 2 1
0 2 2
0 1 0
1 27 244
0 19 13
0 50 32
0 1 0
3 0 7
0 38 27
0 10 5
0 1 0
0 13 12
4 0 429
3 0 7
0 1 0
1 43 85
1 48 358
0 47 36
0 1 0
0 42 34
0 36 37
0 27 32
0 1 0
1 45 356
0 49 57
0 40 29
0 1 0
1 11 60
2 0 4
0 48 46
0 1 0
0 32 54
4 0 644
0 17 27
0 1 0
0 17 10
0 43 33
0 36 38
0 1 0
3 0 5
0 1 1
0 48 42
0 1 0
0 23 27
1 47 687
0 24 22
0 1 0
0 10 14
0 29 31
0 44 45
0 1 0
3 0 4
2 0 3
0 31 51
0 1 0
1 10 103
0 26 14
1 48 512
0 1 0
0 38 20
0 7 9
1 25 252
0 1 0
0 10 8
0 10 8
0 34 26
0 1 0
4 0 614
0 13 13
0 17 17
0 1 0
4 0 636
0 26 22
2 0 4
0 1 0
0 48 80
2 0 7
3 0 0
0 1 0
0 36 51
0 19 19
0 8 9
0 1 0
4 0 742
1 3 17
4 0 891
0 1 0
3 0 4
1 21 283
1 40 183
0 1 0
4 0 233
1 8 52
0 33 27
0 1 0
4 0 669
1 26 63
0 31 17
0 1 0
0 40 48
0 32 31
0 14 10
0 1 0
0 34 14
1 9 70
0 49 62
0 1 0
0 27 34
0 43 31
0 10 14
0 1 0
0 43 45
1 10 76
0 11 14
0 1 0
1 25 303
0 32 32
0 46 32
0 1 0
0 43 58
1 36 290
0 31 21
0 1 0
0 42 59
0 18 19
2 0 7
0 1 0
1 38 276
0 8 11
0 21 28
0 1 0
0 35 44
0 30 51
4 0 736
0 1 0
0 17 16
0 39 10
3 0 1
0 1 0
0 31 28
4 0 232
0 22 21
0 1 0
0 17 11
0 42 44
0 50 26
0 1 0
1 39 316
3 0 2
0 28 36
0 1 0
0 13 13
4 0 740
0 22 24
0 1 0
0 15 17
0 49 54
0 50 68
0 1 0
0 10 14
0 2 2
0 44 65
0 1 0
0 45 47
0 37 35
1 6 48
0 1 0
1 49 455
0 34 7
0 8 5
0 1 0
4 0 739
2 0 10
0 13 10
0 1 0
0 30 24
1 16 162
1 22 190
0 1 0
3 0 6
1 21 168
0 5 5
0 1 0
0 1 1
0 30 33
0 49 56
0 1 0
0 29 23
0 34 37
3 0 6
0 1 0
0 24 15
0 31 22
0 19 18
0 1 0
0 12 8
2 0 10
0 34 45
0 1 0
0 28 34
0 14 7
0 31 31
0 1 0
3 0 2
1 17 233
1 28 139
0 1 0
0 24 30
0 46 42
0 43 35
0 1 0
0 5 4
1 50 588
4 0 916
0 1 0
4 0 488
0 27 26
0 47 82
0 1 0
0 49 33
0 41 32
0 42 48
0 1 0
0 15 19
0 2 4
0 9 9
0 1 0
0 1 1
0 49 49
0 43 27
0 1 0
1 32 172
0 50 41
0 14 13
0 1 0
2 0 4
4 0 272
0 50 39
0 1 0
4 0 476
0 50 30
0 44 62
0 1 0
0 15 16
0 5 8
0 2 2
0 1 0
0 32 12
1 43 433
1 39 295
0 1 0
4 0 619
0 46 58
3 0 10
0 1 0
0 16 14
3 0 10
4 0 783
0 1 0
0 44 44
0 5 3
0 10 15
0 1 0
1 24 195
0 20 30
0 23 28
0 1 0
0 42 66
0 38 8
0 18 11
0 1 0
4 0 506
1 47 301
3 0 7
0 1 0
3 0 3
4 0 245
1 47 427
0 1 0
0 11 14
3 0 6
0 30 31
0 1 0
0 24 19
0 8 1
0 5 5
0 1 0
0 11 6
1 47 273
0 14 21
0 1 0
4 0 225
1 26 126
3 0 9
0 1 0
0 2 2
0 50 68
0 40 47
0 1 0
3 0 6
1 40 303
0 37 28
0 1 0
0 36 50
0 14 13
0 43 41
0 1 0
4 0 237
0 30 26
0 45 49
0 1 0
0 49 54
2 0 9
0 49 46
0 1 0
0 12 14
0 31 43
0 28 33
0 1 0
0 9 4
4 0 794
4 0 344
0 1 0
1 36 245
4 0 910
0 7 7
0 1 0
0 34 35
0 3 5
0 9 12
0 1 0
0 40 47
0 40 38
0 28 25
0 1 0
0 40 40
0 49 61
0 14 19
0 1 0
0 5 4
0 7 8
0 9 5
0 1 0
0 18 31
0 20 35
0 34 39
0 1 0
0 7 11
0 12 11
0 24 36
0 1 0
0 19 26
0 49 35
0 33 42
0 1 0
0 5 3
0 4 5
2 0 9
0 1 0
4 0 478
0 5 4
1 29 193
0 1 0
0 47 24
0 44 47
0 35 41
0 1 0
2 0 9
2 0 0
0 13 9
0 1 0
1 23 278
4 0 308
0 7 5
0 1 0
0 32 43
0 41 37
0 50 47
0 1 0
0 24 22
0 38 33
0 50 38
0 1 0
0 34 43
0 15 14
0 29 30
0 1 0
0 25 31
2 0 1
1 9 71
0 1 0
0 9 8
0 29 18
0 41 28
0 1 0
0 11 7
0 21 16
0 2 2
0 1 0
4 0 397
0 18 14
0 25 20
0 1 0
0 27 12
1 35 185
0 40 36
0 1 0
0 20 7
0 17 16
0 17 11
0 1 0
0 8 5
0 43 65
4 0 357
0 1 0
1 9 64
4 0 241
2 0 3
0 1 0
0 28 46
0 1 1
1 24 105
0 1 0
0 2 2
0 19 20
1 22 116
0 1 0
0 26 23
0 16 13
0 1 2
0 1 0
0 22 27
0 35 42
2 0 6
0 1 0
0 2 2
0 8 3
0 48 54
0 1 0
4 0 841
0 31 29
0 28 17
0 1 0
0 47 43
0 50 41
4 0 256
0 1 0
4 0 936
3 0 9
0 42 59
0 1 0
0 17 25
0 9 14
0 39 36
0 1 0
0 46 39
0 18 16
0 13 14
0 1 0
0 47 40
0 35 27
1 5 54
0 1 0
3 0 1
0 40 39
0 19 14
0 1 0
0 9 10
0 24 23
0 32 34
0 1 0
0 42 22
0 3 4
0 27 24
0 1 0
0 8 9
0 1 1
4 0 452
0 1 0
0 20 19
4 0 275
3 0 10
0 1 0
0 50 51
0 15 22
4 0 974
0 1 0
0 48 40
4 0 385
3 0 2
0 1 0
4 0 256
4 0 643
4 0 519
0 1 0
0 45 33
0 36 35
0 8 7
0 1 0
0 3 3
0 18 16
0 39 27
0 1 0
1 29 246
0 41 64
0 11 15
0 1 0
0 30 14
1 29 135
0 40 41
0 1 0
0 17 20
2 0 5
0 26 8
0 1 0
0 22 19
0 39 39
0 20 19
0 1 0
4 0 740
1 7 74
0 32 36
0 1 0
0 37 45
0 15 21
0 48 20
0 1 0
0 1 1
0 7 5
1 4 18
0 1 0
0 36 53
4 0 895
0 17 9
0 1 0
4 0 617
0 36 42
0 38 45
0 1 0
0 26 30
0 26 45
1 27 266
0 1 0
0 47 66
0 2 3
0 50 27
0 1 0
0 29 42
4 0 671
0 4 3
0 1 0
0 33 18
0 31 28
0 28 44
0 1 0
1 27 163
0 13 6
0 42 29
0 1 0
0 23 32
1 36 268
4 0 794
0 1 0
0 5 3
0 10 9
0 49 28
0 1 0
1 12 78
1 11 73
4 0 953
0 1 0
0 39 51
2 0 6
3 0 4
0 1 0
0 23 26
1 6 58
0 20 13
0 1 0
4 0 478
0 24 28
4 0 527
0 1 0
1 14 164
0 28 40
3 0 3
0 1 0
0 17 22
4 0 916
0 24 32
0 1 0
0 4 6
0 1 1
0 1 1
0 1 0
0 31 32
0 35 11
0 29 16
0 1 0
0 35 28
4 0 289
1 47 492
0 1 0
0 38 45
0 27 31
4 0 679
0 1 0
1 13 109
0 35 41
0 7 5
0 1 0
4 0 757
0 43 53
0 28 30
0 1 0
1 42 308
3 0 3
0 25 1
0 1 0
0 15 20
0 26 41
1 32 270
0 1 0
0 35 52
0 22 25
0 21 19
0 1 0
0 44 32
4 0 674
0 50 23
0 1 0
0 33 45
0 26 29
3 0 3
0 1 0
0 12 12
3 0 4
2 0 4
0 1 0
4 0 312
2 0 10
0 2 1
0 1 0
0 3 4
1 23 320
0 18 20
0 1 0
0 31 38
0 50 57
0 8 13
0 1 0
0 33 39
1 46 551
4 0 418
0 1 0
0 19 17
0 35 42
0 7 12
0 1 0
2 0 5
0 41 32
2 0 10
0 1 0
0 18 17
0 44 48
0 26 35
0 1 0
4 0 491
3 0 2
0 3 4
0 1 0
0 5 3
2 0 10
0 19 18
0 1 0
0 42 36
0 22 31
0 26 34
0 1 0
0 3 3
0 49 27
1 47 74
0 1 0
0 1 1
0 44 67
1 24 176
0 1 0
4 0 730
0 36 35
0 19 25
0 1 0
4 0 712
3 0 7
0 30 28
0 1 0
0 36 21
0 10 15
0 40 36
0 1 0
0 21 16
0 44 77
0 38 37
0 1 0
4 0 668
0 40 50
0 35 28
0 1 0
1 44 387
0 4 4
0 1 1
0 1 0
0 40 72
3 0 5
0 23 22
0 1 0
1 21 155
1 8 46
0 29 21
0 1 0
0 30 36
0 48 33
0 16 28
0 1 0
0 22 16
0 18 28
3 0 5
0 1 0
0 50 69
0 28 41
0 39 25
0 1 0
0 43 35
0 14 7
3 0 4
0 1 0
0 33 37
0 34 27
0 3 4
0 1 0
3 0 0
0 47 56
0 29 35
0 1 0
0 9 13
0 30 37
0 35 28
0 1 0
0 45 43
0 48 41
0 24 29
0 1 0
0 24 30
0 13 16
0 35 49
0 1 0
1 4 25
0 21 25
0 41 39
0 1 0
0 34 39
0 50 76
0 41 28
0 1 0
0 8 6
0 42 40
0 29 28
0 1 0
3 0 8
0 49 26
0 37 26
0 1 0
0 47 51
0 25 33
3 0 5
0 1 0
0 36 57
0 17 16
0 10 9
0 1 0
0 3 2
0 42 20
2 0 10
0 1 0
0 30 32
1 41 356
4 0 426
0 1 0
0 4 6
4 0 915
1 39 269
0 1 0
0 31 27
0 30 8
1 24 281
0 1 0
0 50 49
0 37 45
2 0 0
0 1 0
0 50 43
0 2 1
2 0 1
0 1 0
0 30 44
3 0 4
4 0 951
0 1 0
4 0 691
0 37 56
0 12 5
0 1 0
3 0 10
0 18 17
0 37 21
0 1 0
0 21 30
0 6 3
4 0 272
0 1 0
2 0 4
0 49 70
1 9 35
0 1 0
0 30 27
0 4 4
0 5 4
0 1 0
3 0 8
0 3 1
0 31 27
0 1 0
0 35 25
0 7 2
0 42 26
0 1 0
0 41 29
0 41 42
0 49 43
0 1 0
4 0 330
4 0 894
4 0 531
0 1 0
0 16 23
0 42 26
0 16 16
0 1 0
1 17 163
1 9 70
0 8 8
0 1 0
0 20 16
0 24 35
3 0 7
0 1 0
0 8 8
1 6 66
0 47 36
0 1 0
1 7 51
0 42 35
1 2 21
0 1 0
0 27 36
0 20 26
1 39 485
0 1 0
0 33 42
0 9 18
0 28 25
0 1 0
0 19 22
0 46 73
0 8 3
0 1 0
0 33 24
0 29 24
3 0 0
0 1 0
0 34 32
0 45 20
1 42 283
0 1 0
0 44 13
0 27 31
1 37 195
0 1 0
1 30 285
4 0 822
0 12 14
0 1 0
0 11 12
0 7 8
0 19 23
0 1 0
0 4 5
4 0 704
0 19 21
0 1 0
4 0 545
0 9 11
0 12 18
0 1 0
1 21 167
0 20 21
3 0 0
0 1 0
0 31 21
0 30 30
0 10 5
0 1 0
0 28 26
0 18 22
0 12 4
0 1 0
0 50 37
3 0 9
0 44 35
0 1 0
0 11 14
0 27 26
0 27 34
0 1 0
4 0 426
3 0 8
2 0 8
0 1 0
0 22 14
2 0 8
2 0 8
0 1 0
0 16 16
0 7 4
3 0 4
0 1 0
0 11 12
0 12 13
0 25 26
0 1 0
0 10 8
1 6 39
0 6 4
0 1 0
0 4 6
0 17 13
0 36 47
0 1 0
3 0 4
0 29 39
3 0 4
0 1 0
0 29 35
3 0 0
0 1 1
0 1 0
0 6 4
0 43 37
0 28 37
0 1 0
0 38 32
0 1 1
0 43 55
0 1 0
0 20 14
4 0 845
2 0 8
0 1 0
0 29 24
0 3 4
0 14 18
0 1 0
0 36 37
0 15 12
0 15 8
0 1 0
0 43 21
0 33 56
1 10 91
0 1 0
0 25 19
0 20 19
4 0 235
0 1 0
0 49 68
0 37 50
0 22 24
0 1 0
0 20 14
0 8 8
0 5 6
0 1 0
0 38 51
0 22 10
0 6 8
0 1 0
0 6 5
0 8 6
0 1 1
0 1 0
3 0 0
0 4 3
0 47 82
0 1 0
0 8 13
2 0 3
1 42 346
0 1 0
1 4 19
0 39 44
1 38 237
0 1 0
1 2 9
0 4 7
0 41 58
0 1 0
2 0 4
3 0 8
0 31 27
0 1 0
0 10 15
0 21 16
0 44 63
0 1 0
0 46 53
0 7 6
3 0 7
0 1 0
4 0 320
4 0 934
1 10 81
0 1 0
0 20 8
0 35 63
0 32 9
0 1 0
0 15 15
1 15 134
2 0 8
0 1 0
0 27 30
3 0 2
0 24 24
0 1 0
0 1 1
0 41 63
3 0 0
0 1 0
0 11 6
0 25 29
0 5 5
0 1 0
0 25 20
0 19 28
3 0 2
0 1 0
3 0 3
0 18 21
0 21 30
0 1 0
0 37 56
0 6 7
0 37 40
0 1 0
1 34 274
0 49 14
2 0 1
0 1 0
0 37 50
1 38 204
1 5 47
0 1 0
0 1 1
0 14 17
1 50 436
0 1 0
0 34 43
0 16 19
1 11 160
0 1 0
3 0 0
4 0 555
0 20 29
0 1 0
1 39 501
0 15 13
0 30 35
0 1 0
4 0 291
1 3 24
0 42 47
0 1 0
1 20 204
1 43 395
1 34 234
0 1 0
0 47 49
0 2 3
0 15 18
0 1 0
0 50 61
0 30 21
3 0 7
0 1 0
4 0 789
0 21 12
0 29 22
0 1 0
4 0 574
0 2 3
2 0 0
0 1 0
2 0 9
0 40 52
0 32 36
0 1 0
0 35 57
0 33 19
0 27 42
0 1 0
0 48 37
0 28 18
2 0 3
0 1 0
0 14 15
4 0 796
0 32 53
0 1 0
0 37 23
0 2 2
0 13 13
0 1 0
0 28 18
0 31 33
0 28 10
0 1 0
0 1 1
0 41 26
0 35 29
0 1 0
0 46 41
0 39 34
4 0 703
0 1 0
2 0 8
1 23 225
0 22 17
0 1 0
0 13 17
3 0 10
0 38 52
0 1 0
1 15 106
3 0 0
1 2 18
0 1 0
0 29 20
0 17 8
0 49 56
0 1 0
4 0 562
0 24 30
0 8 6
0 1 0
0 2 3
0 37 19
1 36 279
0 1 0
0 15 1
4 0 671
1 20 233
0 1 0
0 6 6
4 0 817
0 32 36
0 1 0
3 0 1
3 0 2
0 44 49
0 1 0
3 0 2
0 47 56
3 0 3
0 1 0
0 39 11
0 34 14
0 50 52
0 1 0
0 18 20
2 0 0
0 8 6
0 1 0
0 11 15
1 34 198
0 18 18
0 1 0
0 36 47
4 0 469
0 2 2
0 1 0
0 48 69
0 45 62
3 0 10
0 1 0
0 14 10
0 17 18
1 14 167
0 1 0
0 14 13
3 0 3
0 35 55
0 1 0
0 22 23
2 0 7
0 28 18
0 1 0
0 38 64
0 19 16
0 8 12
0 1 0
0 19 5
4 0 620
0 7 7
0 1 0
1 37 224
0 32 20
0 5 5
0 1 0
1 32 279
3 0 2
1 31 269
0 1 0
3 0 9
3 0 6
0 9 10
0 1 0
1 27 113
0 23 35
0 49 47
0 1 0
0 45 22
1 30 154
4 0 324
0 1 0
0 38 51
0 42 23
0 21 17
0 1 0
2 0 0
1 10 83
4 0 851
0 1 0
0 30 41
3 0 3
3 0 3
0 1 0
0 3 5
2 0 10
4 0 620
0 1 0
0 26 32
0 38 46
0 46 42
0 1 0
3 0 6
0 18 16
0 44 34
0 1 0
1 47 336
1 45 297
0 28 19
0 1 0
3 0 0
0 27 26
0 13 11
0 1 0
0 37 35
4 0 774
0 37 58
0 1 0
2 0 8
0 13 14
0 26 23
0 1 0
3 0 5
0 35 37
0 46 41
0 1 0
0 31 38
0 19 21
0 38 22
0 1 0
0 25 30
4 0 935
3 0 8
0 1 0
0 5 4
0 44 73
0 27 39
0 1 0
4 0 640
0 47 45
0 30 28
0 1 0
1 2 15
0 20 29
0 28 40
0 1 0
4 0 566
0 13 16
0 31 14
0 1 0
2 0 6
0 31 27
2 0 10
0 1 0
0 40 47
0 27 43
0 29 10
0 1 0
2 0 6
0 28 27
1 22 163
0 1 0
4 0 944
0 4 3
4 0 714
0 1 0
0 6 4
0 4 5
0 35 51
0 1 0
0 16 20
4 0 236
0 30 29
0 1 0
4 0 584
0 44 31
0 17 22
0 1 0
0 23 32
2 0 9
1 8 97
0 1 0
2 0 2
0 8 10
0 8 8
0 1 0
0 45 58
0 8 4
0 21 21
0 1 0
0 10 7
0 6 8
0 28 31
0 1 0
4 0 704
0 46 24
0 44 46
0 1 0
0 35 43
1 15 178
0 10 12
0 1 0
0 34 37
0 31 32
1 14 113
0 1 0
4 0 278
0 49 29
1 50 220
0 1 0
4 0 376
0 15 15
0 18 28
0 1 0
0 2 2
1 11 76
1 2 18
0 1 0
0 48 63
0 14 12
0 47 59
0 1 0
4 0 784
0 42 45
0 46 33
0 1 0
0 39 33
4 0 606
0 14 20
0 1 0
0 32 40
0 26 24
0 46 38
0 1 0
0 34 39
0 1 1
0 8 10
0 1 0
0 42 46
0 5 5
0 4 6
0 1 0
0 37 36
0 28 22
0 4 6
0 1 0
0 49 14
0 45 41
0 41 47
0 1 0
0 48 59
3 0 3
0 6 6
0 1 0
0 44 61
0 50 51
0 46 68
0 1 0
0 50 77
0 28 23
1 27 208
0 1 0
0 22 27
0 28 17
0 31 43
0 1 0
0 29 17
0 15 18
1 46 390
0 1 0
4 0 362
0 48 55
0 16 21
0 1 0
0 41 47
0 26 20
0 48 89
0 1 0
0 39 45
0 34 38
1 12 143
0 1 0
0 3 2
1 41 423
0 24 19
0 1 0
0 40 13
1 6 44
3 0 3
0 1 0
0 26 36
0 44 28
0 40 63
0 1 0
3 0 7
0 5 3
0 21 26
0 1 0
1 48 345
1 49 605
0 23 24
0 1 0
0 15 19
0 4 3
4 0 324
0 1 0
0 13 7
0 41 46
1 2 14
0 1 0
0 19 17
0 19 16
0 19 25
0 1 0
0 50 36
3 0 0
0 4 6
0 1 0
1 14 125
0 32 22
1 34 89
0 1 0
0 21 19
0 18 24
0 49 56
0 1 0
0 6 5
0 9 9
0 1 1
0 1 0
0 17 24
0 28 32
3 0 4
0 1 0
0 20 16
0 4 4
0 27 24
0 1 0
0 4 3
0 50 42
0 43 37
0 1 0
3 0 0
0 43 17
0 40 43
0 1 0
0 31 34
0 1 1
0 34 8
0 1 0
0 27 17
1 10 76
0 9 9
0 1 0
0 42 38
1 11 88
0 14 12
0 1 0
0 8 5
0 6 6
0 34 31
0 1 0
0 2 2
0 36 34
0 18 11
0 1 0
0 47 3
0 43 28
0 40 65
0 1 0
2 0 10
2 0 0
0 43 9
0 1 0
3 0 0
0 17 9
0 10 9
0 1 0
0 14 14
0 39 44
1 35 221
0 1 0
3 0 2
0 3 2
3 0 6
0 1 0
0 1 1
1 44 348
0 34 40
0 1 0
0 40 47
0 14 16
0 13 12
0 1 0
0 24 27
0 50 57
0 50 32
0 1 0
0 18 16
1 48 303
4 0 241
0 1 0
1 46 305
0 7 4
0 33 29
0 1 0
1 50 494
3 0 6
3 0 3
0 1 0
0 13 9
0 8 9
0 36 39
0 1 0
3 0 3
0 29 33
0 45 64
0 1 0
0 1 1
1 29 237
4 0 451
0 1 0
0 13 10
0 44 53
1 13 66
0 1 0
0 47 30
0 20 12
0 11 15
0 1 0
3 0 8
4 0 534
0 17 21
0 1 0
0 29 26
0 19 16
1 42 371
0 1 0
2 0 2
0 14 12
0 43 64
0 1 0
0 11 10
0 14 20
1 36 279
0 1 0
0 3 2
0 40 22
0 3 3
0 1 0
0 1 1
0 41 29
0 38 46
0 1 0
0 11 6
0 2 3
2 0 4
0 1 0
0 21 15
4 0 589
4 0 963
0 1 0
0 49 49
0 37 61
0 44 34
0 1 0
0 24 17
0 3 2
1 38 301
0 1 0
3 0 6
1 37 231
0 50 71
0 1 0
0 23 31
4 0 332
0 13 8
0 1 0
3 0 6
0 12 8
2 0 4
0 1 0
1 25 284
0 4 1
0 48 69
0 1 0
0 41 44
2 0 3
3 0 6
0 1 0
0 28 30
3 0 1
0 10 8
0 1 0
1 38 289
1 7 77
0 3 3
0 1 0
0 47 56
0 18 7
0 14 14
0 1 0
3 0 10
0 32 39
2 0 0
0 1 0
0 17 19
1 28 259
4 0 760
0 1 0
2 0 6
0 24 21
0 12 10
0 1 0
0 9 14
0 20 14
0 22 33
0 1 0
0 5 5
4 0 227
0 47 50
0 1 0
2 0 5
0 45 34
0 50 58
0 1 0
4 0 513
0 10 13
0 50 41
0 1 0
0 26 30
0 31 34
1 1 5
0 1 0
0 35 22
0 33 44
0 5 4
0 1 0
0 4 3
0 18 32
1 20 142
0 1 0
0 20 25
0 8 7
3 0 2
0 1 0
0 10 8
0 13 9
3 0 7
0 1 0
0 10 12
3 0 5
0 16 14
0 1 0
1 10 79
0 4 5
0 38 59
0 1 0
0 41 33
0 20 16
0 9 7
0 1 0
0 36 32
3 0 10
3 0 10
0 1 0
0 26 34
0 6 6
0 22 25
0 1 0
0 22 27
0 19 25
0 12 9
0 1 0
0 33 21
0 37 46
0 10 11
0 1 0
4 0 963
4 0 976
0 4 3
0 1 0
0 44 52
0 13 19
0 25 23
0 1 0
0 10 12
3 0 3
0 44 43
0 1 0
0 9 8
0 1 1
4 0 524
0 1 0
2 0 0
1 46 466
4 0 773
0 1 0
1 29 255
0 8 11
1 14 74
0 1 0
0 19 5
0 2 2
0 41 39
0 1 0
1 38 428
3 0 3
0 29 28
0 1 0
2 0 10
0 45 21
4 0 301
0 1 0
4 0 684
0 14 18
0 17 7
0 1 0
1 46 277
0 29 23
4 0 486
0 1 0
0 20 3
1 39 436
4 0 592
0 1 0
0 13 22
0 41 51
0 8 10
0 1 0
0 9 2
0 36 10
1 12 62
0 1 0
4 0 771
0 35 23
0 4 6
0 1 0
0 19 22
0 35 32
0 39 46
0 1 0
3 0 0
0 19 20
0 3 3
0 1 0
4 0 979
0 28 19
0 13 11
0 1 0
3 0 8
0 23 22
4 0 201
0 1 0
0 11 13
0 43 47
0 22 30
0 1 0
0 4 6
0 5 6
0 5 6
0 1 0
0 24 30
0 12 14
3 0 6
0 1 0
1 2 21
0 4 4
2 0 1
0 1 0
1 34 303
0 41 37
0 11 17
0 1 0
0 13 14
0 22 30
0 18 18
0 1 0
0 6 6
0 21 17
1 32 198
0 1 0
0 26 24
0 16 12
0 36 25
0 1 0
0 23 31
0 42 33
0 39 52
0 1 0
3 0 7
0 31 47
0 2 2
0 1 0
0 46 35
0 29 27
0 18 15
0 1 0
0 4 4
0 4 5
0 50 68
0 1 0
0 21 21
0 33 29
4 0 592
0 1 0
1 34 331
0 8 9
0 37 52
0 1 0
3 0 4
0 34 49
1 26 296
0 1 0
0 39 47
0 14 13
0 14 23
0 1 0
0 42 51
4 0 622
0 35 52
0 1 0
0 14 19
3 0 8
4 0 657
0 1 0
4 0 416
0 22 18
1 9 62
0 1 0
4 0 348
1 40 464
3 0 5
0 1 0
3 0 0
0 41 44
0 18 21
0 1 0
0 46 73
0 38 41
0 34 39
0 1 0
0 47 63
2 0 0
3 0 1
0 1 0
0 17 23
0 25 23
0 12 6
0 1 0
0 18 12
0 44 68
4 0 289
0 1 0
4 0 712
0 18 19
0 41 44
0 1 0
0 33 26
4 0 205
0 41 50
0 1 0
0 27 10
4 0 472
0 22 14
0 1 0
0 14 15
0 20 14
1 28 91
0 1 0
0 21 20
0 30 31
4 0 640
0 1 0
0 31 39
0 49 45
0 11 9
0 1 0
1 14 157
0 34 16
0 48 47
0 1 0
0 30 32
0 15 14
4 0 646
0 1 0
0 3 3
3 0 6
0 49 73
0 1 0
0 29 22
0 14 12
0 42 26
0 1 0
0 20 17
1 36 255
0 36 52
0 1 0
0 21 40
4 0 551
0 25 31
0 1 0
0 15 7
4 0 408
1 33 318
0 1 0
1 33 262
2 0 4
3 0 10
0 1 0
0 36 40
0 11 12
0 13 9
0 1 0
0 8 9
0 34 47
4 0 760
0 1 0
4 0 792
3 0 0
0 7 6
0 1 0
1 22 188
0 13 9
0 13 7
0 1 0
0 12 15
0 9 8
0 41 46
0 1 0
3 0 6
3 0 5
0 38 25
0 1 0
0 28 28
3 0 9
0 14 17
0 1 0
0 32 13
1 30 181
0 9 10
0 1 0
0 33 40
4 0 521
0 11 17
0 1 0
0 17 20
0 32 29
3 0 8
0 1 0
0 13 21
0 21 23
4 0 423
0 1 0
4 0 959
1 2 8
0 46 42
0 1 0
0 35 37
1 33 281
2 0 7
0 1 0
0 49 50
0 18 17
0 32 35
0 1 0
0 23 19
0 35 19
0 38 45
0 1 0
4 0 876
3 0 8
0 32 30
0 1 0
0 43 37
0 2 2
0 38 36
0 1 0
4 0 571
1 49 577
0 26 20
0 1 0
4 0 689
1 18 127
0 4 4
0 1 0
0 18 21
0 36 26
0 38 34
0 1 0
0 17 21
1 40 412
0 18 28
0 1 0
0 48 18
2 0 6
4 0 212
0 1 0
0 6 5
0 46 43
0 17 18
0 1 0
0 16 18
0 28 8
1 49 194
0 1 0
1 25 123
0 8 7
0 37 27
0 1 0
1 11 96
0 49 68
0 38 32
0 1 0
0 31 40
1 6 47
0 45 68
0 1 0
0 21 28
0 31 26
0 37 13
0 1 0
1 28 246
3 0 8
0 42 55
0 1 0
1 6 45
0 46 47
0 46 50
0 1 0
0 26 20
0 27 13
0 13 9
0 1 0
0 25 28
0 20 25
0 20 26
0 1 0
0 11 10
3 0 5
0 9 9
0 1 0
2 0 0
0 18 13
1 35 253
0 1 0
0 40 10
0 33 40
4 0 432
0 1 0
0 38 52
0 4 4
1 15 111
0 1 0
0 34 26
1 46 607
0 6 4
0 1 0
0 22 27
0 39 33
0 17 21
0 1 0
4 0 620
0 33 27
0 17 20
0 1 0
0 29 21
0 21 13
0 35 30
0 1 0
0 14 13
0 46 36
0 39 27
0 1 0
0 35 23
0 41 45
0 16 13
0 1 0
0 17 11
1 32 303
0 28 26
0 1 0
4 0 727
0 47 31
0 26 27
0 1 0
0 19 23
0 22 26
0 27 12
0 1 0
3 0 9
0 11 7
0 29 30
0 1 0
0 25 23
3 0 0
0 37 34
0 1 0
0 43 45
2 0 4
0 29 22
0 1 0
1 33 256
0 44 66
0 9 6
0 1 0
0 31 26
0 25 30
0 26 18
0 1 0
0 21 18
0 45 30
0 43 52
0 1 0
0 41 6
1 12 121
0 42 43
0 1 0
0 27 39
0 32 32
0 26 18
0 1 0
0 40 32
3 0 8
0 34 26
0 1 0
4 0 765
0 19 20
1 29 181
0 1 0
0 24 37
0 41 33
0 19 11
0 1 0
0 34 54
3 0 6
1 50 273
0 1 0
0 44 62
1 2 13
0 15 11
0 1 0
0 48 37
1 39 283
0 24 31
0 1 0
1 28 212
0 37 31
0 50 43
0 1 0
0 13 10
0 47 33
3 0 6
0 1 0
0 30 27
2 0 5
1 48 220
0 1 0
0 38 44
0 18 22
0 10 7
0 1 0
0 42 35
0 33 35
0 19 17
0 1 0
1 6 43
0 3 2
3 0 4
