3 8 4 1000
238 233
240 267
67 180
44 25
11 8
52 65
108 101
62 36
119 59
66 90
57 37
88 112
11 13
21 30
10 9
6 9
21 24
28 50
4 5
68 88
21 22
40 42
33 57
15 9
30 30
18 10
5 4
79 100
39 52
15 13
17 12
45 28
90 86
34 18
27 24
7 10
53 68
5 5
24 33
18 17
51 35
36 50
58 38
7 4
31 35
145 137
16 19
74 35
9 9
119 97
31 16
16 18
22 31
154 160
26 25
65 54
96 65
102 75
6 5
59 60
14 16
30 34
103 78
136 128
101 77
11 18
93 61
5 9
7 5
14 27
9 9
9 9
59 47
121 122
200 179
7 5
128 152
21 32
17 28
114 81
7 5
193 300
26 39
40 39
166 184
73 77
4 5
22 15
6 4
23 29
5 4
202 207
217 243
228 335
172 154
4 3
6 6
111 84
15 17
76 111
110 102
15 14
6 6
16 15
94 129
9 4
6 8
6 6
8 9
37 40
179 209
124 145
49 51
6 10
7 12
5 10
20 23
8 7
110 100
10 17
22 39
110 126
13 27
19 43
189 181
38 23
110 137
30 12
83 40
17 21
9 11
74 36
7 3
60 79
7 13
16 13
12 12
21 17
50 60
26 29
14 16
101 116
14 24
31 24
39 29
7 5
155 269
112 108
25 18
11 7
6 5
5 6
49 29
152 123
153 117
164 133
52 52
102 119
26 30
122 133
35 30
8 5
80 66
34 39
191 212
8 11
17 23
4 4
11 10
82 79
11 10
150 87
46 66
72 77
32 26
61 63
48 23
32 24
41 58
17 27
178 212
23 19
133 108
97 107
6 6
223 279
32 24
74 91
7 9
6 11
10 12
85 91
29 39
79 190
34 34
49 35
4 5
23 40
7 11
17 17
11 11
28 50
218 311
10 15
166 133
48 41
170 214
68 25
10 8
130 89
90 128
181 239
47 61
61 104
22 27
73 62
72 132
22 24
41 23
47 49
114 242
58 33
96 136
40 32
77 68
8 13
32 51
15 10
113 183
140 84
6 3
119 56
6 4
104 179
7 3
39 38
253 239
34 30
163 230
16 30
68 37
21 25
54 38
26 27
73 96
10 11
249 234
91 92
60 94
18 11
24 20
8 5
12 10
6 5
8 9
149 134
9 5
154 118
33 28
20 31
10 12
46 58
17 24
15 8
12 15
8 9
19 21
184 146
10 9
206 228
24 18
7 9
85 82
172 302
4 4
107 119
95 146
34 41
248 284
21 11
11 25
4 3
27 22
11 16
16 15
80 108
100 140
130 109
217 202
116 73
112 81
22 21
226 115
9 7
5 8
5 3
7 3
234 397
4 3
199 236
7 6
52 42
10 11
123 197
38 36
40 48
49 74
13 13
9 10
224 174
104 200
74 47
45 27
19 16
33 26
53 39
17 23
65 92
21 18
85 90
7 5
22 17
70 59
4 4
21 20
47 57
41 39
171 207
52 32
4 2
176 142
18 18
6 5
136 111
97 85
40 28
163 239
7 5
15 9
39 44
7 9
4 4
28 25
102 184
47 46
4 3
24 20
8 8
166 287
12 10
104 127
92 79
246 200
141 158
200 215
52 77
8 6
13 14
60 49
8 9
5 6
138 168
81 126
30 22
27 48
9 7
6 3
95 80
42 21
37 30
23 19
41 64
8 8
9 7
12 7
29 24
6 6
114 72
13 15
144 199
13 17
71 70
97 59
87 60
242 222
10 18
138 114
249 329
78 50
6 4
101 66
12 21
20 20
6 2
43 28
217 157
159 85
118 167
89 168
46 119
39 89
17 12
36 29
10 7
161 149
93 173
13 18
129 84
82 85
107 104
32 25
4 5
173 162
33 32
32 33
11 14
27 20
182 225
87 122
10 10
29 59
174 243
59 65
58 54
18 29
9 6
41 68
22 34
5 6
12 13
21 40
4 3
7 4
17 9
111 102
14 11
113 122
12 10
5 3
106 106
8 7
29 43
7 10
32 55
41 66
175 117
225 186
113 220
29 37
198 190
121 146
15 17
118 88
7 8
163 101
5 8
11 13
6 5
65 61
186 173
47 22
139 194
34 42
227 197
112 86
5 5
43 46
167 115
44 23
14 11
245 165
50 40
31 37
63 101
253 220
42 64
8 8
10 8
45 39
46 78
193 462
154 140
23 40
132 142
4 5
9 8
13 31
40 33
28 31
52 47
10 5
147 129
24 46
9 7
13 18
14 13
4 5
190 327
13 13
187 186
143 177
196 225
5 10
15 13
16 25
10 7
7 3
13 7
93 152
19 9
6 6
46 65
49 55
217 247
16 8
10 15
8 7
19 16
5 7
25 31
163 232
63 72
92 80
7 18
5 4
8 9
38 29
13 16
6 7
22 25
36 23
15 24
42 54
27 37
49 63
12 16
26 25
104 189
25 20
26 26
12 14
7 8
229 236
113 188
105 77
13 19
34 22
18 36
13 9
61 63
30 28
11 10
7 4
79 86
7 6
26 26
13 10
114 139
18 30
6 6
139 202
120 139
19 34
119 148
64 97
8 11
171 128
5 16
105 100
129 109
8 7
5 5
9 11
90 95
28 24
37 66
89 43
175 215
238 329
28 37
6 9
165 226
11 13
8 5
29 32
19 27
167 139
62 44
6 7
131 252
247 201
30 26
5 6
22 24
46 58
19 9
6 5
8 4
20 17
15 13
23 29
214 124
255 237
66 112
73 58
11 12
37 34
73 74
5 4
82 99
177 138
95 90
46 47
125 89
9 14
151 230
12 16
5 5
61 63
90 87
97 102
6 9
19 23
6 7
37 57
97 66
92 46
11 11
12 23
47 65
159 144
18 16
238 175
236 238
11 10
44 57
4 3
214 138
79 96
17 19
176 211
10 10
5 6
47 41
75 89
21 9
68 95
5 3
5 4
59 47
29 32
15 8
83 97
5 14
157 96
5 6
45 25
12 9
40 27
112 114
6 3
84 123
104 213
117 152
47 28
44 58
8 10
140 91
40 37
24 30
165 195
47 79
200 282
152 74
21 30
9 18
11 9
8 7
15 20
22 22
13 11
142 108
7 10
68 76
49 62
4 4
15 10
60 54
10 6
150 94
6 6
4 8
107 122
25 28
12 12
6 5
9 15
8 10
79 97
17 13
33 17
166 161
77 46
12 16
62 42
21 15
34 39
45 43
70 60
5 2
10 9
6 7
35 60
167 132
7 7
73 43
11 10
5 3
8 8
38 34
15 12
42 25
6 8
9 7
14 13
149 245
62 75
51 59
7 12
233 461
62 45
94 99
12 18
6 8
159 231
89 138
100 143
8 11
25 26
22 41
175 275
5 5
90 64
8 7
86 42
4 3
7 6
5 8
47 85
12 30
18 24
12 17
11 14
11 11
10 10
102 80
14 17
234 236
70 77
23 29
14 9
6 6
51 55
6 4
4 5
39 27
183 228
78 91
7 6
17 16
7 9
9 14
240 292
173 304
130 147
8 8
127 194
53 26
55 69
7 7
14 19
230 302
11 9
32 36
4 5
11 13
118 262
6 4
74 139
113 141
23 20
8 7
31 24
79 55
196 244
124 115
6 4
126 178
6 4
124 106
13 14
116 164
14 14
32 28
29 36
178 163
41 41
234 234
66 79
8 11
145 162
5 9
5 7
68 60
53 54
5 3
40 47
13 13
65 46
10 15
12 14
5 5
37 31
31 28
5 4
24 22
84 48
201 150
13 9
85 72
81 119
36 53
30 30
14 14
87 53
32 30
226 247
98 105
59 71
156 169
12 13
200 189
63 46
20 16
18 17
7 7
111 244
7 7
68 55
25 30
54 66
215 232
31 28
190 169
72 52
193 145
12 7
169 340
157 185
191 195
18 14
6 9
5 3
82 54
59 47
23 15
55 79
5 7
39 63
20 19
4 4
157 319
33 60
44 24
159 139
5 4
26 18
29 62
5 5
12 9
244 282
5 7
8 10
64 70
6 4
8 8
16 25
16 12
5 7
6 5
39 41
195 196
230 110
115 90
28 45
5 6
42 47
146 138
5 6
193 384
25 25
44 68
11 14
6 8
21 13
16 12
69 45
16 22
156 194
5 5
52 48
135 94
21 29
253 196
7 5
9 8
229 240
53 68
21 17
24 19
16 23
173 146
5 4
104 103
151 154
7 12
144 141
56 41
4 6
197 153
46 42
90 92
47 32
215 339
106 96
26 30
79 41
27 41
18 40
13 11
77 72
113 81
13 10
220 279
24 29
163 170
52 66
96 84
7 7
18 17
5 6
5 5
44 59
143 187
109 170
5 4
175 215
32 46
4 7
40 41
13 20
8 9
45 41
12 10
152 178
6 5
4 4
14 9
9 11
7 6
17 12
10 14
143 127
27 19
25 14
7 5
18 14
17 17
212 283
121 74
32 49
20 24
57 38
15 14
7 6
65 90
34 25
87 83
11 20
40 47
164 129
84 80
28 31
12 11
165 146
8 16
120 71
22 24
6 6
24 28
5 8
27 15
5 3
4 3
89 115
34 39
143 136
30 43
40 44
21 22
23 20
4 4
48 59
246 165
171 97
79 98
127 71
135 59
14 9
41 30
27 16
5 8
11 9
126 197
98 122
22 14
203 267
9 9
6 7
4 2
4 4
11 10
4 5
42 31
9 8
5 4
165 90
18 22
233 230
18 21
18 15
45 44
145 257
35 30
43 32
10 5
32 44
11 17
14 21
39 21
101 66
4 3
26 51
60 54
45 53
4 3
137 218
29 29
159 241
50 37
23 23
237 197
88 176
8 11
42 37
20 29
21 15
128 218
49 42
20 32
7 6
197 133
9 7
7 8
5 7
114 123
37 39
20 23
35 46
122 86
38 27
136 67
21 33
124 215
9 10
183 116
9 17
48 42
4 4
4 4
4 6
8 15
34 42
132 193
73 62
105 91
8 7
44 62
31 20
4 3
14 9
11 13
7 7
11 12
68 76
31 45
92 53
5 3
4 4
115 223
11 14
169 197
139 129
53 56
18 15
117 93
5 9
12 15
36 22
238 252
21 28
18 18
5 6
8 8
18 32
240 254
6 10
162 143
55 65
20 20
171 139
33 39
81 104
26 27
255 204
149 147
22 30
9 7
5 4
15 14
16 17
121 143
92 57
7 4
142 156
5 2
9 10
8 9
17 18
5 9
93 153
4 4
178 270
13 15
46 40
29 29
202 125
248 170
4 4
51 55
5 5
35 44
5 5
5 4
30 31
208 226
15 13
8 12
152 152
19 13
12 7
14 13
58 48
147 117
6 7
6 5
53 65
172 206
37 24
21 23
90 172
5 6
170 121
51 57
67 51
81 83
6 4
5 3
7 9
32 34
19 14
67 38
4 4
231 236
74 56
53 49
97 80
8 8
99 120
49 41
12 11
4 8
9 8
8 8
7 8
103 161
7 7
7 7
15 13
164 126
121 108
10 9
34 34
9 12
9 9
114 80
8 4
5 4
8 14
22 21
28 38
88 99
238 260
18 25
54 44
48 59
26 30
19 7
89 93
176 142
250 249
30 37
54 52
161 171
20 14
8 7
55 38
98 107
6 7
9 15
45 56
42 53
6 6
125 229
30 19
10 10
168 153
8 8
13 15
9 8
11 11
35 26
71 95
5 2
87 159
32 21
23 21
5 6
49 25
23 22
6 7
7 8
116 114
238 176
35 44
7 6
59 40
242 299
70 42
216 198
18 13
12 7
16 12
11 8
19 24
4 4
131 196
7 6
14 9
5 6
54 27
8 7
21 26
156 243
198 277
152 247
38 35
67 43
21 19
5 7
139 151
28 21
20 27
30 33
7 7
114 77
7 4
9 11
33 47
156 94
47 60
131 101
5 3
87 111
9 17
72 71
84 103
5 7
6 3
5 6
17 17
11 5
9 14
149 112
44 31
4 2
160 151
78 85
8 7
24 22
10 10
73 41
28 31
129 113
7 4
112 187
29 31
5 5
16 11
9 7
41 33
4 4
8 8
18 21
110 134
59 47
10 9
6 5
54 48
88 65
7 6
74 48
89 91
6 7
190 394
41 64
29 33
7 7
49 50
13 8
32 20
18 13
42 51
14 11
38 30
48 47
8 7
121 144
144 141
36 62
29 31
76 39
20 24
9 5
7 7
23 13
60 29
6 5
187 177
55 40
22 29
24 28
36 40
80 68
67 97
73 60
10 19
6 3
42 41
135 147
117 182
204 117
19 22
224 188
57 57
17 13
33 27
4 6
162 205
69 70
200 145
5 5
237 182
6 6
50 50
108 90
7 5
9 8
9 7
87 128
4 2
52 55
20 13
9 15
10 14
11 20
46 32
121 56
4 4
54 82
37 30
5 4
40 39
101 117
34 43
8 8
168 131
24 32
7 6
5 4
204 99
27 24
4 6
54 53
27 27
19 14
28 28
225 151
17 19
54 47
81 70
6 12
14 19
8 15
151 111
8 10
18 25
34 30
19 20
33 21
46 36
161 114
227 228
79 65
5 5
12 8
17 22
5 9
125 95
9 9
10 11
6 8
28 33
18 28
12 10
5 6
26 13
56 93
133 110
151 184
37 50
31 25
122 108
162 124
21 20
6 13
194 201
26 24
234 313
5 7
8 5
149 128
19 17
25 21
20 20
61 123
40 70
122 260
31 15
7 6
12 15
36 46
36 48
41 44
151 156
35 52
4 3
28 27
8 9
72 73
6 4
151 167
81 73
17 22
50 24
4 3
28 18
7 5
29 23
11 9
8 4
7 9
6 3
9 8
6 6
49 43
16 13
60 62
42 39
29 23
84 106
10 12
16 11
17 12
5 9
7 5
59 76
57 37
25 24
9 8
162 113
7 5
225 414
17 8
4 4
29 44
23 28
21 25
29 40
210 188
31 14
7 8
184 247
185 131
88 116
35 29
242 288
34 34
253 246
191 111
100 73
48 45
37 48
107 81
12 9
13 13
176 195
15 12
5 9
22 23
83 59
10 9
113 105
23 15
7 8
25 21
5 8
31 39
12 18
250 536
7 5
168 107
35 52
99 102
7 14
140 136
90 134
52 86
239 183
46 35
7 9
102 192
33 21
43 39
4 7
78 46
7 5
187 155
100 122
33 17
25 16
12 13
31 24
5 9
133 112
51 28
53 44
10 18
5 5
149 128
118 120
83 55
20 24
92 70
13 16
20 20
243 129
7 12
38 32
44 28
8 6
15 10
52 42
5 5
147 163
6 4
21 18
4 5
24 13
4 3
37 32
23 34
93 101
11 17
33 36
5 8
25 35
208 171
72 69
127 113
7 5
10 20
88 121
16 10
6 9
20 25
198 418
135 78
8 4
71 75
243 221
31 56
18 13
52 34
167 127
39 43
47 38
4 2
194 201
100 147
4 4
4 4
18 17
9 4
57 47
15 10
7 7
62 54
14 14
88 70
237 201
50 44
95 96
10 6
37 17
102 58
193 383
12 12
102 124
9 8
23 18
76 101
177 228
8 9
35 25
47 36
40 40
5 6
25 39
77 66
10 15
74 51
38 53
11 12
125 79
19 21
69 72
46 20
31 47
35 58
161 73
13 9
16 14
115 53
107 85
8 7
9 9
12 10
18 15
26 30
181 221
17 12
39 48
30 21
223 287
177 140
147 176
28 32
66 127
36 54
15 15
40 28
6 9
8 13
72 57
183 171
7 5
8 5
39 29
90 60
54 71
7 6
79 97
7 5
61 76
187 327
15 11
47 36
36 16
22 22
168 186
7 6
5 6
179 155
115 105
144 88
14 17
44 39
24 30
5 4
6 11
40 35
51 61
5 3
30 46
16 26
36 41
9 7
7 6
7 6
48 32
32 45
6 10
9 13
4 2
28 21
18 10
215 298
5 6
4 4
15 15
53 49
9 8
6 8
8 7
78 85
7 16
12 14
100 72
13 22
11 8
18 21
127 106
89 70
152 160
39 39
119 163
9 9
42 59
5 7
7 4
175 168
48 40
17 26
7 6
231 147
62 51
224 158
208 179
11 8
14 9
5 6
85 114
9 10
6 6
201 285
9 8
14 12
20 21
30 34
33 15
96 70
32 27
77 42
4 5
38 36
18 14
113 113
8 7
10 7
26 25
123 140
184 234
21 34
11 9
123 149
12 6
49 85
77 120
41 49
16 19
6 5
136 137
6 8
146 76
164 221
172 217
199 241
15 15
14 10
76 64
8 6
13 13
6 6
45 24
31 41
62 68
18 15
111 134
159 157
60 53
29 37
213 183
18 12
8 5
5 5
119 95
4 3
31 40
108 99
4 7
15 10
103 118
12 17
16 16
16 15
146 193
8 6
6 4
6 4
17 11
4 4
50 56
148 85
7 5
237 262
14 10
6 8
17 15
9 10
6 8
128 102
195 186
30 32
157 111
33 60
10 6
7 5
7 8
169 253
5 6
20 24
55 47
14 6
129 208
238 347
27 28
20 42
25 28
9 17
12 11
15 17
12 28
18 21
13 18
164 205
39 63
37 20
12 18
27 33
88 77
69 90
59 46
9 14
91 62
4 4
12 5
105 55
164 129
196 217
227 152
40 45
23 27
26 31
10 10
57 79
153 116
32 19
167 242
84 65
15 23
4 5
70 60
36 50
29 28
79 74
18 13
9 9
7 10
61 53
67 52
53 37
41 60
6 12
6 11
42 64
110 85
5 7
232 329
84 84
22 20
202 177
35 27
11 12
12 20
35 26
12 12
64 56
21 22
23 29
12 16
37 36
14 17
5 5
13 13
69 77
54 75
137 91
36 17
6 7
33 34
158 195
6 6
53 66
21 11
84 61
175 224
19 22
7 5
10 22
12 9
13 13
165 111
44 40
14 17
210 174
220 158
81 78
59 36
135 126
14 14
11 8
15 17
176 266
59 73
147 192
4 3
22 30
14 15
219 351
45 57
97 87
9 6
22 31
242 210
58 50
173 116
19 18
21 18
36 37
98 159
38 21
82 75
20 18
16 10
102 89
37 31
5 7
174 185
21 23
162 104
67 38
15 21
5 8
7 7
188 193
13 8
5 5
25 36
110 143
30 17
61 45
30 28
109 116
127 168
217 256
137 127
68 64
18 15
48 51
40 20
10 6
203 109
242 527
4 5
101 111
12 15
7 11
173 195
82 125
4 8
121 278
117 141
73 93
85 99
16 19
12 10
7 12
252 226
4 5
17 14
73 81
22 21
65 50
199 246
8 7
22 20
30 49
8 5
22 23
17 9
22 17
47 42
8 7
140 121
8 10
72 97
190 146
80 41
9 7
181 165
21 31
59 82
24 35
42 50
26 30
9 7
25 33
108 82
6 8
74 64
5 5
239 194
6 6
6 4
115 84
4 2
21 22
9 9
6 5
96 141
4 5
4 3
5 6
10 14
12 27
104 89
186 137
89 178
119 143
5 11
5 4
79 44
22 28
43 47
25 35
81 72
31 60
36 42
9 10
6 7
39 29
43 34
11 13
8 7
30 30
16 13
13 8
28 33
119 99
5 3
118 132
100 161
7 6
220 176
17 22
41 30
208 107
13 14
4 3
56 89
74 51
105 127
13 9
177 139
10 13
24 30
5 3
171 164
81 96
9 7
236 132
6 5
226 530
34 67
7 5
89 76
132 105
15 9
70 79
46 32
118 163
251 337
21 15
177 256
25 22
102 106
12 10
11 10
13 20
31 32
198 221
48 45
50 80
20 29
114 61
94 75
84 113
41 28
209 284
26 23
243 218
57 60
105 102
109 155
77 70
170 331
17 13
8 6
111 68
8 7
10 11
22 14
65 62
46 37
73 73
17 22
70 93
29 31
8 7
26 24
43 33
15 22
29 28
192 159
12 13
8 5
13 7
46 41
48 52
186 169
118 145
76 102
13 13
188 142
4 3
20 27
207 150
177 181
33 25
6 5
35 20
78 79
6 7
47 80
204 99
49 71
31 29
57 60
29 23
18 19
55 47
233 287
15 9
23 22
106 70
50 53
125 86
185 190
58 55
84 130
45 68
24 16
20 22
9 10
75 88
8 5
6 4
179 184
99 93
26 29
66 37
29 31
84 110
59 30
14 21
210 384
7 6
14 18
7 10
175 125
10 12
46 86
56 46
11 15
169 185
35 27
5 2
6 6
56 45
5 5
5 6
28 19
9 10
11 17
31 30
10 16
12 14
66 60
107 109
13 14
128 131
51 40
195 360
93 95
5 3
25 27
16 18
37 27
53 51
17 15
20 21
20 16
57 32
64 67
49 99
23 17
4 4
6 4
175 137
25 29
6 4
206 190
73 93
9 12
17 17
193 274
107 55
36 20
203 222
46 37
11 8
101 152
34 23
29 33
8 5
145 185
42 44
227 276
190 329
216 207
10 12
33 41
13 21
130 270
5 4
24 25
6 8
10 15
116 132
12 10
7 6
34 47
9 11
52 78
13 19
97 82
31 32
11 11
33 36
109 136
8 9
6 5
31 55
76 83
78 47
24 21
8 7
77 86
4 3
234 211
59 68
12 16
43 31
19 16
12 17
244 241
72 47
5 4
37 45
59 75
54 80
12 8
117 112
7 9
38 48
246 286
11 10
8 6
23 30
60 60
105 133
65 141
81 66
34 47
9 7
30 34
12 12
16 15
28 33
191 206
228 242
118 57
238 371
5 4
222 404
15 8
181 199
5 4
5 9
87 56
15 9
104 136
48 112
21 23
207 423
124 178
158 144
77 54
64 38
63 64
6 6
5 5
9 9
42 30
185 229
24 23
119 170
32 35
29 25
5 4
76 77
21 14
7 7
21 26
26 21
91 88
23 32
107 80
15 7
124 111
9 11
58 74
16 13
187 219
36 26
78 53
36 27
26 35
15 13
13 10
19 21
23 32
5 8
152 189
144 222
108 112
75 92
12 13
6 5
7 6
76 97
12 17
4 6
26 35
12 6
155 204
6 8
8 7
44 104
225 131
22 19
17 14
4 3
15 8
227 197
38 54
55 63
6 8
12 15
69 120
8 6
13 10
212 313
79 74
8 9
16 28
8 7
79 141
52 69
96 94
5 4
174 232
4 2
8 13
5 5
6 6
133 159
7 6
22 10
30 39
203 151
7 6
118 73
229 384
115 153
177 185
20 20
9 8
126 234
45 52
13 14
124 203
14 10
140 139
8 11
7 3
228 224
4 3
166 225
67 73
145 197
58 42
237 209
17 14
56 39
123 115
137 184
10 12
226 178
15 11
8 5
7 10
37 48
6 4
18 31
4 4
137 154
26 18
18 35
28 56
26 30
8 11
89 83
5 6
7 18
26 33
100 84
6 7
101 83
9 7
34 23
5 7
5 10
250 243
14 24
7 4
241 246
213 147
35 45
41 49
211 190
104 82
4 9
5 8
112 148
27 30
41 34
49 56
19 29
6 6
9 7
74 81
19 14
241 199
23 19
220 183
27 29
54 55
14 18
16 13
10 6
5 6
110 203
66 70
173 154
105 127
176 312
97 57
77 82
4 4
7 8
16 33
120 241
14 12
160 197
8 6
20 20
129 180
149 262
71 66
5 4
154 154
133 154
126 157
37 47
23 20
56 53
19 14
83 105
6 5
9 14
7 5
34 18
10 10
57 44
49 92
19 17
125 268
5 4
119 114
87 113
21 33
13 16
48 29
228 205
13 12
21 18
46 33
18 17
4 2
51 75
34 23
8 7
205 456
5 11
250 551
11 11
10 7
118 79
221 186
28 37
12 17
7 6
34 24
115 155
205 141
10 19
227 170
132 173
30 22
153 184
8 11
57 36
107 104
43 37
23 14
16 20
47 41
11 13
5 4
25 20
83 118
34 64
4 9
4 4
52 121
52 57
41 25
15 15
250 264
131 185
5 5
10 16
103 144
122 86
24 22
33 24
230 276
18 20
15 15
181 127
46 36
52 41
5 5
54 45
6 5
126 248
31 25
56 74
8 6
10 9
7 5
147 155
10 7
26 23
15 16
23 15
54 67
23 31
52 57
5 3
70 85
10 7
4 3
4 4
32 49
210 221
6 5
10 8
99 85
29 25
201 205
209 122
11 11
177 356
130 288
143 137
15 16
7 6
152 153
88 88
15 11
74 67
22 12
9 7
98 88
37 48
8 6
173 134
110 77
40 38
17 24
112 76
6 4
7 6
218 246
16 14
69 59
37 49
183 165
9 9
4 4
208 295
135 232
69 59
6 5
11 15
27 14
46 38
218 217
198 275
5 3
15 19
18 16
17 13
191 188
22 22
8 8
10 11
12 17
38 28
29 21
49 57
10 14
25 17
5 6
30 16
209 207
13 12
4 2
22 15
15 35
16 20
7 6
10 11
4 4
7 5
12 10
18 33
106 198
15 15
15 12
34 34
8 6
86 96
127 113
6 8
155 159
69 62
12 13
4 3
6 5
72 66
8 11
65 68
64 101
151 112
89 60
45 28
63 112
8 8
12 14
116 103
10 11
85 53
18 20
22 28
250 185
27 27
242 187
55 98
10 12
20 20
5 5
50 39
15 17
186 191
11 9
69 53
219 182
33 19
42 31
8 15
23 21
8 7
75 44
136 116
11 13
176 146
103 106
121 234
46 29
185 166
18 14
22 28
58 39
77 50
220 226
208 233
240 163
42 18
177 175
7 8
23 22
76 62
50 49
42 54
18 18
28 50
56 76
20 25
35 46
20 17
8 8
40 22
6 11
8 7
150 91
97 70
78 70
63 43
197 300
15 12
75 60
8 14
7 8
36 24
21 27
113 135
78 105
54 79
7 12
6 8
14 22
30 40
83 87
17 8
9 20
10 7
8 9
5 11
94 94
33 43
212 179
16 10
38 32
10 7
7 4
8 4
48 40
29 15
64 95
104 54
13 14
33 20
43 32
7 13
44 57
27 28
9 13
15 12
255 230
9 9
35 26
63 58
115 73
22 22
6 3
209 164
24 17
5 13
198 154
7 8
81 70
76 72
57 95
5 5
20 19
50 65
17 13
76 67
135 123
4 4
52 59
193 258
67 67
111 225
207 250
14 12
126 114
22 23
193 344
4 3
10 9
25 22
10 11
5 6
22 12
6 3
108 74
57 41
8 11
16 12
55 50
5 7
82 84
61 79
5 4
207 208
164 215
28 46
120 80
114 167
178 234
86 97
22 25
6 4
18 32
4 4
16 14
8 5
214 688
100 74
205 199
6 4
109 115
37 43
214 271
92 123
94 117
214 268
33 37
38 24
21 31
28 34
18 19
10 14
5 9
12 18
74 95
5 6
126 165
145 161
25 23
5 5
129 132
37 32
8 11
92 92
9 7
26 22
24 20
214 272
8 13
169 313
10 8
40 54
136 123
7 10
30 37
39 50
26 26
20 20
5 4
172 108
138 97
14 10
5 5
6 6
4 3
229 176
80 93
13 7
14 11
15 23
96 101
115 168
21 20
29 50
5 11
9 14
239 285
21 19
36 32
9 6
48 35
88 94
15 16
4 4
81 77
91 75
17 28
15 21
151 173
152 225
15 11
49 57
33 37
222 233
13 15
6 7
28 43
107 94
190 293
84 70
97 146
11 7
12 7
32 25
85 153
6 11
94 86
7 10
237 177
90 109
7 10
141 112
46 37
124 257
32 26
16 14
170 174
59 72
107 56
88 53
216 160
9 6
7 4
20 17
22 36
5 3
25 22
113 162
37 33
15 18
9 10
10 8
6 4
11 16
31 25
19 15
6 6
10 15
112 115
82 85
65 40
5 4
23 32
87 61
68 36
14 14
59 55
8 8
44 29
90 71
6 6
125 95
35 63
82 45
116 177
96 51
19 11
12 25
11 13
11 4
167 190
16 28
134 182
54 84
5 5
10 6
14 5
135 149
64 50
18 21
49 88
108 48
162 118
8 9
243 319
14 11
64 99
165 91
41 49
5 4
14 17
9 13
117 88
13 11
43 29
11 9
109 230
5 6
30 26
13 10
14 9
163 193
10 9
146 142
248 146
6 5
45 43
17 26
18 21
159 136
100 125
96 117
5 6
235 309
4 2
39 53
10 7
82 131
26 32
42 26
32 37
69 117
47 55
39 67
5 3
9 9
26 46
55 72
6 4
41 24
20 15
141 304
7 7
11 14
21 19
11 13
49 58
96 98
41 42
62 34
5 7
8 7
166 125
150 104
78 74
150 166
5 4
148 169
14 13
40 49
15 18
97 94
137 139
180 129
14 15
5 2
9 8
7 7
57 63
28 24
26 20
44 40
6 7
11 14
111 83
95 99
53 52
6 4
10 7
69 33
4 4
15 20
23 36
40 47
176 258
249 193
9 14
40 58
124 135
42 45
26 26
38 41
11 14
156 225
82 146
122 67
41 64
19 17
6 7
26 22
32 32
9 6
152 118
12 10
60 55
130 139
9 16
85 108
39 48
59 34
13 23
16 10
20 40
215 112
40 41
254 419
216 131
12 17
16 17
5 6
5 4
7 6
87 104
20 13
8 7
18 13
19 24
20 25
31 43
7 5
89 50
174 256
46 51
122 99
14 8
180 123
9 9
109 96
64 69
16 19
41 39
46 37
37 60
9 5
8 10
60 54
4 6
33 18
26 35
54 61
9 13
25 27
5 3
22 21
80 74
54 74
33 28
61 57
7 22
15 29
11 5
50 40
20 15
23 21
124 139
55 41
183 178
16 17
5 6
9 12
253 262
14 13
17 17
95 92
147 353
115 114
110 91
150 196
11 13
122 234
8 12
120 160
218 200
121 160
229 136
187 160
12 16
101 195
42 47
235 508
25 30
99 95
152 243
20 16
35 51
5 5
7 8
5 12
7 5
113 140
179 157
200 165
19 12
7 7
28 55
27 19
21 23
108 93
49 39
119 153
64 44
65 105
77 58
106 122
184 304
148 107
7 11
9 11
9 8
205 457
22 20
106 93
205 354
23 31
23 30
5 2
188 116
18 17
64 54
99 135
6 6
34 23
17 20
106 101
17 14
22 23
6 5
30 33
132 101
185 317
8 9
11 21
119 88
11 8
10 19
30 33
42 57
5 6
7 5
53 31
5 5
51 46
6 9
10 9
21 25
33 31
50 50
5 9
220 153
24 19
101 69
9 8
42 28
9 13
6 9
43 31
6 7
28 21
4 3
64 68
7 5
6 4
24 33
78 95
125 76
34 32
199 138
5 6
13 16
13 7
155 72
51 49
67 61
32 28
82 47
12 9
12 9
28 43
8 6
149 108
26 28
9 10
252 376
11 11
25 38
19 25
11 9
204 221
10 10
6 4
248 365
77 44
36 43
24 17
5 5
66 71
61 34
68 67
106 82
158 90
25 42
4 5
40 61
251 130
17 14
21 15
93 137
5 8
53 47
9 11
153 101
4 2
33 34
4 3
6 6
22 12
8 14
56 50
11 6
23 19
9 11
9 9
11 9
6 8
5 8
64 33
9 13
25 35
7 9
16 25
31 41
30 24
29 34
19 10
179 246
27 16
6 8
132 87
77 111
82 47
249 159
14 15
196 277
8 7
30 31
53 50
6 6
33 24
4 4
4 5
9 6
205 402
48 93
110 158
156 182
10 33
103 138
98 175
207 107
9 18
16 18
9 9
51 30
118 144
17 21
19 22
42 32
33 34
11 7
64 116
79 39
83 92
5 7
27 31
14 17
141 122
21 28
18 22
94 145
74 55
26 12
21 18
69 72
7 6
59 38
11 13
182 121
6 3
130 175
58 54
14 12
4 5
12 14
31 23
15 21
203 294
168 189
48 71
219 137
43 75
15 16
4 3
33 19
15 24
6 14
84 62
46 48
122 105
144 168
39 39
4 3
49 52
110 45
42 27
34 22
34 37
4 3
57 36
5 7
19 18
23 17
9 6
94 46
48 29
17 18
254 248
33 38
187 164
6 5
12 20
26 22
236 169
7 6
17 23
46 30
57 44
18 24
106 99
134 209
8 7
32 21
32 47
7 7
55 47
39 41
70 73
48 42
8 5
32 29
9 13
5 5
11 21
72 35
39 32
16 18
109 102
35 34
12 11
34 29
184 227
60 44
221 173
26 21
249 266
27 46
141 206
35 29
9 12
66 57
32 28
9 6
4 7
110 88
13 24
24 17
32 20
12 16
95 224
58 60
27 35
12 20
118 113
5 7
22 18
66 96
198 366
26 30
4 2
36 29
91 44
243 200
32 61
185 149
21 15
220 207
55 61
123 103
208 249
13 15
195 176
29 25
35 23
6 8
50 36
28 35
20 30
34 27
38 30
171 173
28 34
204 125
19 27
65 41
10 11
77 125
79 78
26 22
82 66
28 31
253 255
16 8
197 176
4 1
19 14
28 28
19 12
7 7
173 232
67 68
7 9
19 15
8 7
36 21
14 15
39 62
6 13
62 73
16 10
139 284
30 37
126 142
197 269
97 178
30 32
20 18
88 124
105 90
133 83
237 188
14 12
165 233
49 63
10 7
190 148
10 25
66 88
57 29
29 32
37 41
10 15
6 9
21 21
26 22
33 49
155 119
14 15
4 8
13 21
59 75
87 35
142 95
49 58
37 20
233 150
10 6
17 11
57 46
92 158
9 10
6 7
14 28
25 17
217 200
10 11
59 33
58 47
43 25
107 78
46 39
25 29
63 67
70 108
97 83
106 116
27 14
242 438
17 10
99 50
15 19
41 34
8 9
31 33
144 154
118 100
5 9
20 22
19 14
8 10
17 7
176 192
165 192
4 5
6 4
23 21
39 63
82 73
14 17
42 36
16 23
168 135
100 133
164 185
17 15
52 58
11 11
53 58
87 119
230 255
186 361
20 25
106 108
12 14
46 21
6 11
11 12
15 19
116 129
67 62
18 17
23 12
6 4
77 114
86 120
70 46
10 8
15 13
12 11
15 22
91 165
74 147
38 74
9 11
11 14
130 129
65 71
8 9
11 18
37 23
29 35
8 11
24 23
60 28
5 7
12 9
5 5
84 108
16 16
6 7
140 98
67 29
18 14
82 100
9 7
5 5
5 2
170 186
5 4
26 32
10 4
4 5
36 62
32 47
193 134
159 176
12 11
173 196
145 257
8 9
63 59
23 25
58 74
24 18
8 5
122 134
70 85
20 29
107 120
110 97
6 6
44 51
208 159
4 5
116 106
153 105
56 86
15 16
13 8
10 11
12 18
223 96
5 3
69 60
31 29
7 7
117 110
12 10
67 92
24 42
57 51
10 8
68 67
36 35
5 7
34 34
241 217
26 10
116 151
32 22
39 33
5 5
56 40
169 149
40 27
10 7
80 84
253 269
7 7
30 20
93 97
32 24
18 26
226 372
18 16
7 9
240 169
82 159
8 7
63 57
7 9
228 310
25 28
23 16
237 340
98 91
5 5
92 123
106 70
227 257
4 7
125 181
7 8
7 4
17 16
168 111
76 67
29 27
9 10
17 13
159 207
5 5
28 22
195 379
215 164
12 9
27 44
5 3
114 92
9 10
6 5
19 34
14 9
4 3
49 33
111 213
92 117
24 29
14 30
48 38
21 17
4 8
27 12
93 114
137 73
5 4
167 270
8 6
73 52
110 234
5 5
187 126
41 41
82 81
77 53
98 108
5 9
80 57
4 3
41 61
45 34
10 14
116 139
106 101
14 15
33 27
27 19
197 217
88 129
48 70
18 33
12 11
51 53
107 114
9 10
6 9
182 207
13 16
30 63
60 41
15 15
53 31
16 36
5 7
29 38
73 53
7 7
78 59
90 79
203 153
15 25
13 19
145 123
58 77
98 162
49 81
83 52
61 38
5 5
6 7
172 130
122 222
242 209
14 20
18 27
60 96
15 14
37 36
4 5
14 16
31 40
13 10
6 9
113 108
9 8
21 17
6 6
52 60
10 12
74 52
117 101
8 9
13 11
11 11
53 60
7 7
50 56
89 50
11 9
247 165
36 26
70 61
215 210
89 58
22 64
33 43
207 109
14 18
12 9
66 69
21 14
5 3
70 87
6 9
10 16
53 37
5 7
90 90
100 45
12 11
10 3
138 156
102 181
11 11
6 8
17 15
7 8
189 193
55 58
217 320
11 13
115 174
8 7
16 15
21 23
6 10
5 3
9 6
4 6
7 6
92 120
29 25
8 10
8 6
7 8
9 8
70 71
39 32
122 100
178 102
116 152
31 29
17 16
12 11
79 57
44 37
212 169
93 80
55 72
12 11
14 14
43 27
217 306
23 28
39 35
4 6
23 43
211 269
8 12
135 148
35 34
13 12
4 4
9 9
208 172
120 130
5 5
8 9
8 6
245 175
15 15
7 7
69 130
6 7
31 30
36 40
20 16
35 46
21 24
51 49
26 24
37 55
57 31
16 11
23 23
199 401
12 16
8 6
176 68
165 133
11 16
166 154
60 44
68 95
8 5
216 203
29 46
161 118
246 159
40 50
9 11
60 61
167 129
21 18
151 146
11 22
121 203
26 27
49 38
60 51
13 19
75 68
163 149
7 3
6 10
29 21
71 77
39 36
172 206
25 34
173 103
194 225
17 14
62 76
10 9
13 26
29 23
5 5
20 12
19 25
39 64
6 7
74 101
17 14
138 116
20 15
19 17
10 10
31 32
48 57
31 34
74 67
11 11
177 183
5 6
8 6
9 6
5 7
159 185
10 10
30 28
10 9
53 54
8 7
11 11
9 5
6 4
29 31
28 18
133 167
47 42
77 81
111 148
9 17
6 5
42 48
20 25
5 7
41 39
19 18
33 37
192 131
219 316
89 85
37 51
72 74
60 95
9 14
5 3
26 30
21 22
4 2
76 57
5 14
31 39
100 206
10 12
18 13
25 16
5 4
69 86
4 5
16 11
10 16
252 227
223 284
108 132
37 52
172 153
245 233
197 191
52 24
26 9
27 21
5 6
19 11
7 20
47 68
18 19
7 14
8 5
15 12
8 6
29 25
55 62
136 235
18 11
31 27
101 95
241 316
20 23
130 190
172 240
44 42
24 25
56 69
8 9
8 5
68 106
9 11
158 179
19 24
7 6
16 26
125 215
7 9
121 115
7 9
29 19
45 74
29 37
235 366
222 324
74 99
9 5
25 31
102 143
12 17
85 117
70 61
25 30
70 110
12 18
232 199
62 75
11 12
59 62
9 8
85 78
5 5
28 21
9 7
111 133
63 66
5 9
46 42
6 5
229 238
177 206
253 244
30 26
7 6
8 6
7 5
57 50
20 15
5 5
5 7
43 28
11 21
5 6
93 94
165 168
20 20
58 62
43 42
67 76
38 85
148 115
176 169
12 10
201 250
55 50
7 4
25 18
5 7
38 33
51 27
9 10
19 16
14 19
80 71
100 55
37 30
13 12
58 39
13 20
55 34
119 79
124 134
14 21
8 12
56 69
61 84
6 5
5 7
131 101
120 143
4 3
16 10
232 343
26 26
72 59
247 248
6 5
16 10
6 6
16 8
161 176
67 29
37 74
229 602
45 38
7 7
60 114
88 98
6 10
46 50
140 272
130 101
26 27
10 6
139 136
4 4
64 104
135 105
6 9
5 7
109 105
9 10
6 10
6 5
8 9
84 118
32 38
25 26
57 49
7 6
101 94
23 27
9 5
21 10
17 21
149 273
26 31
9 5
212 298
5 5
42 43
99 106
8 8
36 22
85 63
13 7
28 39
14 19
26 26
207 149
197 193
5 5
6 6
16 24
59 33
50 46
30 57
102 122
169 243
10 9
108 65
32 44
5 5
223 270
38 37
227 371
18 14
90 62
166 130
111 134
78 91
42 42
11 12
9 6
126 150
13 14
12 11
4 5
61 50
4 5
4 3
34 28
97 72
150 160
247 179
7 13
47 80
64 51
43 57
10 5
31 34
41 41
101 76
44 59
50 104
49 48
20 17
193 355
5 4
248 176
44 39
45 55
105 126
111 64
82 78
16 27
11 15
23 20
28 32
29 16
19 33
5 5
4 5
24 30
36 49
153 157
13 12
128 114
81 123
9 4
9 6
142 146
48 74
112 113
7 7
10 10
110 99
19 17
11 11
21 14
77 59
38 41
47 60
173 214
29 46
86 171
13 12
81 101
125 105
21 12
14 23
9 11
154 87
9 10
5 5
33 35
30 36
31 49
22 18
136 84
58 59
46 55
22 22
7 12
249 214
114 106
50 39
98 264
63 71
9 6
4 4
85 103
6 4
150 169
114 111
32 43
19 20
7 11
10 7
11 11
11 19
25 23
66 55
130 127
8 13
14 11
247 343
195 139
89 110
31 48
98 86
175 293
79 73
8 7
80 101
64 110
6 8
254 226
172 107
19 16
115 181
14 7
7 5
42 26
161 118
10 18
31 43
6 6
4 4
11 10
22 20
114 229
135 130
11 8
4 5
16 23
204 254
24 21
16 19
23 28
7 4
178 169
8 6
11 12
69 66
18 33
38 31
120 102
14 11
14 22
31 25
62 54
5 6
107 125
26 15
5 8
60 52
89 112
79 96
99 81
5 6
47 23
177 111
110 135
87 112
91 119
5 4
50 142
60 48
209 174
48 43
26 44
69 105
7 5
6 7
5 3
222 375
241 277
23 15
49 49
92 60
28 40
8 4
175 150
10 14
5 5
25 27
14 12
14 15
58 42
7 9
215 266
23 22
13 14
237 346
5 4
57 76
69 112
5 3
90 53
189 139
61 105
8 5
124 110
160 313
41 16
10 5
128 155
57 67
27 31
16 12
124 94
125 217
90 119
118 141
12 19
97 86
166 139
5 5
35 62
31 18
5 4
189 288
32 50
5 7
8 12
63 67
24 37
23 19
167 235
50 41
4 4
13 16
140 115
9 7
23 23
19 11
32 28
13 15
4 4
5 6
31 24
26 29
42 59
11 14
182 270
205 183
14 15
164 120
55 56
14 22
7 10
177 219
75 58
4 3
17 21
14 6
31 56
61 120
30 32
7 9
91 112
4 4
163 210
36 32
91 83
36 30
6 5
29 28
28 22
67 62
142 135
118 103
33 37
101 196
223 216
5 4
111 96
7 9
12 15
21 16
101 97
194 107
255 361
156 97
21 13
9 5
123 147
105 96
54 29
36 24
6 3
137 109
176 164
32 25
52 37
223 220
19 16
137 69
5 6
9 6
145 109
218 283
245 365
23 21
26 16
13 12
28 43
9 9
42 45
6 6
9 9
7 11
73 73
11 16
44 26
18 17
102 173
5 9
34 25
5 7
8 13
5 4
52 50
215 179
47 41
109 144
28 23
40 29
14 14
59 61
82 107
10 13
14 12
9 15
18 17
44 69
6 9
16 17
237 305
5 9
6 6
25 42
18 15
54 52
108 93
23 27
34 50
39 34
222 196
5 6
44 80
25 39
6 6
15 19
90 62
18 13
43 55
144 103
6 5
74 39
25 20
58 57
50 42
5 5
28 27
9 10
21 10
47 34
9 14
120 87
15 7
10 14
43 63
45 30
41 69
159 185
98 72
23 24
191 252
10 21
5 4
193 197
101 82
22 13
38 46
157 164
77 67
4 4
58 67
37 45
10 14
22 39
18 10
10 12
100 123
145 196
5 4
231 102
56 35
43 46
29 17
202 165
29 27
8 6
5 4
104 65
7 8
34 27
96 63
10 17
32 53
37 37
75 86
13 13
70 73
48 135
97 110
4 4
13 22
106 104
208 349
196 99
11 11
54 38
71 49
52 70
15 11
6 7
36 59
103 106
36 67
7 9
5 7
172 164
28 29
225 301
150 155
15 21
76 133
24 31
15 17
129 183
16 22
98 170
64 38
14 13
79 70
218 216
5 9
150 157
6 6
9 8
159 106
58 48
236 299
20 16
18 24
77 89
28 33
65 52
7 11
43 45
154 144
92 58
61 78
5 4
44 46
14 20
97 73
14 11
17 17
40 35
138 63
78 78
55 44
69 82
113 102
178 182
75 42
42 46
16 16
65 51
77 71
44 61
71 57
173 320
11 13
66 37
40 52
8 8
45 24
35 52
11 10
20 20
7 9
26 38
88 61
37 37
10 14
44 59
136 178
22 13
148 167
5 6
43 51
113 80
20 41
4 3
97 91
61 52
12 16
52 37
5 6
4 4
11 7
31 48
9 9
94 49
26 13
105 126
44 43
171 79
7 8
184 145
31 19
19 11
35 51
30 23
128 125
11 8
21 16
35 22
88 123
43 31
37 41
87 91
58 75
12 13
4 3
4 10
69 147
7 10
11 18
14 22
99 91
42 52
18 19
40 54
6 8
12 13
34 56
33 19
94 128
40 35
149 141
15 10
20 22
25 37
5 5
10 7
196 286
39 34
96 137
28 36
66 55
14 19
12 8
25 40
36 36
10 17
16 18
5 6
165 78
5 8
8 4
26 60
5 4
232 270
110 128
26 34
5 8
84 189
4 3
212 450
222 114
35 43
35 17
4 5
253 227
21 19
41 33
203 169
13 11
222 208
113 98
89 77
15 14
17 19
191 166
7 5
4 5
101 159
4 8
250 273
13 11
152 117
31 35
173 176
35 29
155 92
10 11
68 59
5 4
34 30
6 10
60 61
174 249
10 14
7 5
30 21
8 8
48 62
137 151
9 10
133 153
54 43
26 19
157 176
4 4
39 33
13 12
7 8
38 47
122 133
56 54
62 50
5 6
10 13
96 134
88 63
45 20
6 9
75 96
166 165
74 78
14 11
67 45
47 30
103 90
55 59
91 94
24 17
20 21
4 3
6 10
41 44
124 112
17 10
216 267
5 5
59 48
81 95
10 9
80 68
135 138
20 14
53 55
43 43
149 74
168 247
26 31
12 16
109 174
75 31
5 7
68 77
51 46
13 23
216 226
116 84
23 13
8 9
15 14
8 10
7 5
40 54
27 17
164 242
13 16
59 111
30 44
17 12
7 4
71 93
25 30
5 4
15 26
7 8
28 21
35 70
15 16
5 7
69 86
11 11
218 214
202 228
139 177
198 250
8 14
183 146
71 142
197 209
238 378
6 5
39 33
43 61
115 213
24 13
7 8
186 166
20 34
57 67
15 19
4 9
15 21
15 11
5 3
126 138
57 119
7 9
17 21
32 42
28 34
170 153
14 11
81 75
38 46
23 24
6 7
46 21
90 110
129 113
65 84
5 4
6 10
15 16
12 7
220 315
6 6
46 71
88 120
83 49
43 27
188 237
21 36
9 10
124 105
31 42
21 17
10 10
18 19
111 94
164 241
53 91
18 13
37 36
47 74
13 12
212 254
12 9
76 101
18 56
65 89
28 20
160 102
161 254
232 379
104 162
8 9
9 9
159 142
119 176
15 11
157 111
14 13
10 11
69 95
26 22
23 18
38 33
6 5
12 9
237 244
13 21
165 147
84 88
18 25
7 5
124 133
62 125
170 238
7 7
8 5
229 164
4 3
5 6
166 200
8 5
16 18
138 160
14 16
23 20
35 18
25 18
123 138
30 38
156 130
39 33
147 123
82 47
152 99
48 59
30 22
8 8
7 14
7 5
7 8
4 7
32 61
191 157
47 133
19 13
27 33
63 65
20 29
179 110
6 7
100 221
38 33
66 51
36 37
31 47
7 5
150 208
6 8
29 26
112 103
126 217
8 5
60 31
116 88
28 24
42 42
101 136
149 178
182 174
10 15
213 216
201 270
24 24
17 15
106 106
155 204
6 10
12 8
61 175
221 248
8 9
6 5
104 73
24 26
67 102
17 14
17 26
53 58
7 6
25 21
53 52
92 145
152 187
56 77
86 71
104 106
8 6
4 5
12 11
23 26
46 44
7 6
5 4
4 4
53 105
18 14
4 3
89 226
9 9
10 7
21 18
40 39
6 6
5 5
17 28
134 146
72 84
10 8
5 5
5 6
14 21
154 125
76 38
35 43
86 30
9 5
97 88
28 23
6 7
127 250
14 13
238 203
131 208
89 83
51 49
22 22
62 78
168 163
19 19
4 4
101 120
25 21
8 11
86 72
119 144
73 86
10 13
48 26
39 30
6 7
25 19
13 8
7 4
84 85
15 17
162 226
5 6
107 197
102 116
107 74
22 29
29 53
7 8
12 11
13 8
46 49
57 21
239 170
124 150
6 5
183 208
142 145
84 125
42 23
20 31
11 13
177 213
25 21
32 36
16 15
4 4
11 15
181 191
36 30
17 20
19 22
6 5
11 20
110 135
172 88
65 43
60 48
165 170
8 4
82 66
163 216
47 72
8 6
23 19
71 55
20 22
7 9
9 11
4 6
21 29
238 137
26 19
84 116
17 8
8 10
231 198
51 33
27 19
35 37
7 6
11 8
29 22
96 58
67 116
63 31
139 131
161 401
72 79
24 11
14 12
94 97
11 18
5 5
26 29
45 25
5 6
13 11
10 9
151 192
199 188
24 43
34 27
43 49
7 6
11 18
10 6
90 66
114 123
241 153
59 66
25 34
19 37
9 11
52 44
24 16
68 91
23 11
50 58
9 13
10 6
149 135
16 8
16 21
23 29
12 7
16 26
24 23
90 57
6 6
14 20
97 121
31 21
11 11
9 9
8 8
150 206
26 32
12 25
5 6
217 224
225 148
8 5
52 43
15 12
5 3
65 33
252 241
69 37
14 21
27 18
224 275
252 328
198 276
7 8
12 14
113 115
22 30
249 207
5 6
9 9
23 16
49 34
86 78
206 306
11 15
89 93
29 24
44 28
166 357
88 87
25 50
6 7
5 4
5 7
8 5
16 18
31 26
139 114
156 133
120 89
16 10
183 191
20 22
34 16
69 98
14 12
7 5
34 36
209 157
26 17
14 16
70 55
93 88
47 37
161 197
21 26
37 27
9 9
11 20
143 112
7 7
76 89
93 102
83 113
13 14
7 6
10 10
6 7
11 17
47 41
8 8
99 140
140 137
8 10
69 77
31 29
76 82
143 95
7 9
20 13
62 91
35 36
198 293
5 3
16 13
6 9
174 149
221 233
148 199
7 7
63 60
14 11
11 13
6 6
5 2
23 20
13 11
9 15
4 8
25 18
42 45
105 97
15 8
6 5
71 69
34 44
36 30
20 10
82 65
142 107
12 13
11 10
7 4
39 38
21 26
6 4
5 5
13 12
5 5
60 75
64 52
94 83
220 232
43 27
156 117
29 27
144 127
151 247
66 42
5 4
9 8
78 78
11 17
7 8
18 13
108 101
74 90
17 15
14 23
18 28
45 37
156 173
26 21
29 36
85 91
16 9
44 92
39 28
88 77
22 19
173 149
85 55
150 87
215 211
112 156
86 121
19 10
9 7
31 21
15 21
43 62
7 8
14 10
155 139
176 176
100 112
21 21
31 32
7 5
157 152
5 6
72 57
41 31
5 4
39 41
163 227
24 10
7 12
46 75
26 22
6 8
13 23
6 6
8 10
8 9
235 396
64 64
144 83
89 92
37 39
29 50
13 9
8 10
13 12
247 200
22 47
64 67
40 22
9 10
207 127
30 19
73 106
26 25
6 4
5 5
6 7
32 27
7 5
6 6
13 9
8 16
53 120
32 29
58 38
9 23
70 37
12 11
30 48
6 6
237 140
119 80
172 301
19 25
50 78
69 49
6 8
9 10
53 49
110 58
5 12
71 144
57 82
11 14
121 186
11 15
5 7
5 5
7 8
67 61
5 6
7 10
39 53
139 124
10 7
8 6
17 22
29 34
9 9
204 282
79 68
103 60
6 3
5 5
68 68
15 13
182 128
8 5
14 10
22 15
52 31
16 11
25 27
37 46
66 63
33 23
92 108
151 115
39 17
134 184
93 83
123 150
8 6
13 9
21 20
242 339
217 209
252 463
19 26
16 14
5 4
17 17
231 159
12 11
35 40
28 30
63 32
19 27
10 18
80 136
213 150
66 57
5 11
5 3
5 6
14 12
47 52
9 11
82 81
5 7
68 72
124 134
197 129
37 44
136 123
68 75
22 12
10 10
235 145
9 20
87 95
86 130
160 238
35 19
11 19
23 32
24 23
13 15
8 9
188 197
39 30
27 43
16 14
113 123
63 52
200 244
41 45
59 91
109 113
19 12
53 69
76 66
31 29
149 211
23 38
11 13
6 9
47 53
92 95
61 77
22 26
212 182
128 119
212 268
8 7
89 93
21 20
5 7
218 164
9 7
10 7
121 151
87 80
9 7
9 6
53 54
9 7
118 64
61 89
165 205
12 18
23 33
64 62
18 18
5 6
46 68
38 47
131 74
118 118
24 13
215 207
221 161
47 42
42 53
20 15
6 5
10 10
228 185
12 10
6 7
11 16
89 122
6 8
200 124
155 169
175 150
89 120
12 8
125 72
9 6
11 15
189 247
44 69
16 32
35 40
18 17
51 74
19 7
61 83
101 83
10 7
16 13
36 24
17 31
112 121
13 8
29 40
82 53
54 31
32 21
82 106
9 8
138 180
247 453
146 138
7 8
8 12
57 73
67 39
104 300
23 21
6 11
8 6
33 58
26 26
15 13
5 4
16 26
16 18
23 18
209 166
33 47
16 12
7 9
71 58
93 76
46 43
101 51
30 18
222 165
5 4
192 164
13 25
7 6
5 3
7 5
11 8
15 15
6 4
5 7
52 76
6 3
16 9
26 18
18 33
40 29
181 269
7 8
131 132
7 5
9 8
6 4
59 98
13 8
5 3
33 28
62 57
49 73
23 28
6 10
6 10
7 5
21 18
91 81
6 9
115 159
20 23
139 176
5 3
35 25
82 58
63 86
14 14
47 34
9 8
12 19
43 43
137 116
20 20
56 60
13 12
233 232
10 8
22 23
16 14
133 42
21 18
6 6
155 86
38 31
7 7
15 15
6 4
112 109
32 38
4 6
60 33
4 5
34 42
36 57
73 91
22 19
79 61
188 150
4 7
179 248
32 41
136 145
138 139
92 132
39 56
41 48
132 63
38 53
18 22
11 9
64 98
20 14
73 56
149 227
7 11
17 13
17 27
16 9
237 189
5 6
16 13
13 10
116 112
9 4
75 55
59 64
122 175
9 12
73 62
37 35
24 17
11 13
214 239
14 12
139 176
6 8
114 117
60 48
17 23
20 18
179 139
149 270
8 5
152 207
96 79
68 155
35 30
7 5
136 143
59 41
58 56
5 5
170 147
12 9
63 48
21 22
25 19
42 49
6 9
225 218
27 30
47 36
179 78
84 61
45 40
25 16
11 12
15 19
6 10
172 82
6 8
19 17
121 119
46 67
35 25
18 31
31 17
128 134
10 10
37 37
80 118
38 35
14 30
197 299
15 10
158 115
195 131
74 72
28 39
45 28
61 54
4 4
11 7
189 207
39 52
10 15
32 35
135 165
117 81
211 173
162 150
62 66
28 28
55 78
20 11
236 162
91 91
47 52
109 135
34 45
131 100
90 91
109 70
13 8
6 6
49 34
28 20
24 26
9 9
34 36
7 9
5 4
225 143
90 57
64 63
120 130
29 33
13 15
63 44
80 77
48 39
96 120
10 10
16 18
18 18
5 5
10 10
143 208
214 230
136 159
5 5
7 6
99 107
15 13
82 96
150 199
8 5
10 7
7 4
34 39
6 11
239 168
44 25
98 122
58 75
108 114
32 26
20 31
5 3
5 5
6 7
236 277
197 202
9 9
153 136
23 16
205 100
168 115
14 6
4 3
6 8
20 18
9 12
215 253
33 30
106 95
18 36
109 106
8 5
223 185
46 79
169 106
6 8
212 161
6 8
19 14
24 28
6 5
54 38
12 18
225 238
154 178
6 5
18 19
111 139
64 34
26 26
68 44
46 37
31 36
8 13
8 5
62 43
16 14
167 304
7 10
10 3
15 18
6 9
67 128
15 18
216 292
8 4
13 23
8 9
63 95
10 15
42 38
104 183
35 29
18 27
131 84
38 45
9 7
5 2
110 38
38 52
24 20
5 7
94 144
11 17
5 3
6 5
56 60
21 17
9 12
115 125
7 14
40 37
30 26
7 11
19 18
15 23
8 9
15 22
69 50
5 3
179 135
198 99
10 10
196 209
17 16
95 53
16 16
10 12
11 8
126 138
51 53
26 17
10 5
139 119
126 107
48 38
154 276
7 6
9 11
104 117
116 117
63 164
11 11
45 42
49 70
32 15
74 94
44 48
13 19
10 6
28 23
180 204
233 211
8 8
11 24
34 45
48 41
8 11
108 169
24 33
52 43
226 160
28 38
6 5
190 209
232 106
18 12
6 5
129 89
107 122
5 5
8 7
72 42
135 186
43 60
79 87
7 8
127 207
4 4
40 41
198 138
55 50
191 162
43 26
67 54
58 41
5 6
6 4
5 4
46 43
4 3
8 10
13 13
34 29
122 85
156 197
88 96
112 159
66 80
15 6
108 70
14 7
148 204
14 13
6 6
10 9
200 149
97 117
43 43
13 8
5 4
142 136
64 76
8 9
38 30
18 12
137 141
15 9
223 159
73 85
212 247
143 106
6 7
41 31
29 36
227 201
54 72
127 93
36 28
183 408
9 9
78 103
32 34
5 4
4 4
35 55
116 99
236 229
76 140
133 148
53 71
38 32
4 5
12 7
7 7
5 4
44 48
124 127
164 217
231 337
193 268
73 55
72 107
11 15
6 6
167 127
84 36
8 8
32 47
15 14
26 35
19 25
7 12
27 24
134 73
173 121
38 44
140 158
83 71
32 36
5 5
39 50
46 33
19 40
207 251
71 105
107 82
150 218
4 2
96 71
177 162
10 4
7 8
28 63
4 3
243 256
13 24
53 63
9 12
19 25
98 77
57 42
22 36
56 45
112 246
215 281
11 11
4 5
64 43
93 118
34 29
13 17
6 5
21 20
62 70
118 170
196 220
26 16
49 52
6 6
12 17
10 28
54 43
78 121
38 48
16 15
19 20
47 48
24 34
71 53
160 204
4 6
33 41
21 20
20 22
4 8
245 227
16 27
9 8
22 28
88 86
58 55
12 10
61 93
25 21
36 25
97 72
50 104
69 94
34 31
8 8
107 145
5 4
63 79
144 109
26 24
10 17
40 31
84 94
38 33
4 4
11 21
13 6
8 13
72 80
4 3
10 12
129 114
34 25
251 220
28 27
18 14
44 24
10 7
14 10
8 14
7 10
187 348
32 41
202 493
7 7
10 10
7 6
120 79
36 42
11 7
251 254
23 20
168 228
7 5
199 146
14 14
59 34
26 24
91 63
13 11
59 68
4 4
50 36
18 25
194 176
61 99
8 7
4 2
4 6
147 121
38 31
100 65
82 65
96 148
213 141
10 6
67 90
4 2
38 49
128 230
244 236
22 14
4 4
10 6
139 83
74 72
207 198
66 71
195 195
54 49
14 6
242 167
127 104
9 16
13 12
173 114
24 18
126 101
233 244
78 96
116 183
12 7
240 231
221 164
241 248
45 45
4 5
36 53
5 6
18 10
123 79
30 25
33 52
24 24
233 249
10 11
181 298
35 36
8 6
156 172
220 381
5 4
77 96
123 137
17 24
24 59
9 10
71 62
14 10
4 6
121 151
33 38
102 104
4 4
78 60
4 6
44 23
7 4
202 170
137 223
6 3
61 41
55 83
151 142
174 149
107 105
159 120
18 14
12 12
87 128
5 5
10 6
10 15
91 77
73 65
11 9
7 8
6 4
86 105
127 85
13 8
169 157
34 30
28 23
99 164
200 168
46 32
8 7
42 36
6 10
10 13
151 103
7 6
18 14
244 184
18 21
93 98
33 30
52 29
14 15
32 29
155 102
88 69
7 5
15 13
54 68
5 8
6 3
90 100
202 175
18 34
20 12
114 187
199 222
175 238
5 3
102 112
81 67
112 93
17 18
8 10
16 18
8 5
163 175
243 136
23 27
85 73
26 36
4 4
105 78
91 102
95 53
7 9
12 16
98 43
36 28
87 55
212 166
11 12
135 201
32 36
5 4
6 4
11 5
58 90
76 71
171 163
25 15
247 172
22 24
240 425
198 163
92 74
15 21
29 32
32 33
80 142
25 47
248 206
22 18
6 4
10 6
14 21
85 132
68 51
100 42
11 10
86 110
178 182
35 48
243 253
6 7
11 12
19 28
62 106
56 36
158 130
170 153
113 111
5 4
70 33
6 6
47 57
54 36
161 309
209 293
74 106
27 24
72 85
7 7
36 32
51 40
42 43
26 30
51 45
87 148
157 149
31 26
11 10
102 281
94 78
6 6
26 20
24 31
6 6
6 5
5 5
52 60
226 112
248 316
72 42
28 18
5 6
62 136
77 71
82 69
214 207
35 37
141 340
141 115
15 16
252 163
10 11
5 5
144 163
5 5
4 5
213 221
8 13
74 116
123 157
11 8
19 23
63 63
32 15
11 7
36 35
8 7
18 14
6 5
9 10
20 28
144 142
10 10
4 4
7 7
50 66
7 6
131 104
19 20
15 11
17 20
47 37
60 60
184 234
242 176
6 4
64 74
23 50
7 5
128 90
10 10
148 144
134 104
16 11
10 15
95 156
8 9
10 13
128 100
143 120
24 17
120 89
84 95
74 77
202 152
13 12
72 31
5 4
12 8
5 6
10 7
16 13
33 59
12 12
22 29
106 63
67 90
207 124
81 59
106 82
77 116
83 97
181 88
61 42
22 28
138 166
5 4
5 6
23 15
5 5
134 143
8 13
55 38
27 35
7 6
64 107
34 14
10 14
49 32
103 117
227 272
6 5
24 22
7 3
17 27
89 66
7 8
5 3
32 23
205 180
29 25
7 4
83 75
14 15
62 62
15 23
4 8
13 17
18 19
117 86
10 14
19 20
5 4
38 46
13 11
6 4
4 4
34 18
24 27
130 123
22 28
9 10
6 6
22 21
95 88
8 9
68 72
8 5
5 6
14 18
11 15
97 169
10 12
14 13
9 5
13 9
82 86
51 42
52 61
39 82
12 6
58 63
154 174
100 194
15 18
222 243
5 8
73 51
141 94
189 254
6 4
40 34
32 35
19 22
26 29
244 340
23 45
7 4
64 74
239 218
250 217
6 9
130 92
19 17
12 13
15 22
52 33
20 28
4 6
22 22
9 14
21 21
14 16
5 6
83 149
10 6
6 7
25 42
88 100
4 5
205 251
220 185
165 204
25 23
16 21
20 15
5 4
12 10
53 42
56 117
11 28
21 19
212 352
13 15
4 3
166 332
15 17
190 266
71 56
180 99
7 9
8 6
222 217
10 13
14 13
166 212
54 38
26 23
28 18
40 45
80 106
17 26
6 6
9 7
4 5
21 30
9 11
8 8
60 45
117 87
20 17
8 8
18 24
46 62
5 6
4 2
28 30
23 21
13 7
7 7
37 44
55 53
7 7
22 23
144 166
45 67
20 19
7 5
8 8
62 40
232 380
8 8
11 13
91 65
166 159
55 38
7 8
21 19
56 69
133 85
115 66
6 4
19 15
151 176
15 18
106 81
4 6
19 36
6 8
8 5
96 102
225 133
55 73
9 7
33 42
44 125
11 12
6 4
8 9
59 33
217 405
25 19
11 14
77 66
95 68
32 39
54 70
4 6
4 3
4 5
44 31
19 29
5 7
46 68
13 12
87 49
10 10
192 202
24 18
9 3
6 7
5 2
51 62
127 95
175 254
8 4
191 326
24 23
28 38
37 25
5 13
9 12
7 9
77 87
6 6
37 39
77 98
5 7
130 94
6 10
62 85
4 4
54 50
175 105
6 7
71 70
38 51
135 245
50 48
222 169
5 4
44 28
22 35
4 6
121 117
164 169
34 33
44 32
20 23
84 62
103 83
8 11
142 133
23 21
6 8
14 11
60 45
4 3
28 17
34 27
103 130
107 93
4 4
54 57
7 10
10 5
27 39
31 22
5 4
65 74
105 122
55 59
5 4
128 139
6 12
23 26
10 12
157 223
118 144
235 322
29 26
76 83
35 37
112 81
13 9
55 29
208 347
11 14
116 125
133 208
5 9
22 15
11 24
6 6
19 44
57 95
162 166
33 53
4 2
35 40
218 218
187 153
91 100
165 181
38 69
177 166
5 6
209 263
14 11
17 15
18 16
11 13
33 28
76 64
134 80
12 10
33 45
5 14
43 35
33 20
212 310
9 14
5 3
54 66
133 176
16 13
95 73
146 70
10 8
24 19
12 9
159 140
33 21
52 111
6 6
6 6
54 56
220 195
5 5
35 22
75 152
37 31
217 276
11 9
16 11
10 4
57 64
81 80
17 20
4 4
35 34
69 98
15 14
25 21
29 51
11 21
9 3
4 4
172 286
8 5
12 13
4 5
10 7
10 13
6 12
65 73
92 57
94 63
118 85
123 122
10 8
53 39
69 41
57 56
222 126
28 28
70 51
28 33
181 109
71 56
7 10
79 121
25 20
5 10
231 122
13 13
6 7
16 15
20 13
56 28
227 70
22 12
8 10
122 89
31 44
42 47
114 71
13 17
116 104
45 40
15 22
20 22
6 8
5 6
101 105
27 35
15 5
58 80
12 15
45 43
62 46
7 5
21 17
25 25
48 21
25 20
37 36
17 21
7 11
10 7
153 131
162 132
11 13
5 4
61 119
9 14
18 23
16 10
5 5
12 7
81 117
25 25
16 22
70 49
244 367
11 11
122 81
29 24
19 23
25 20
191 170
8 9
56 67
15 12
28 27
12 18
8 7
10 7
9 3
6 5
98 89
11 11
37 37
36 29
32 22
37 25
48 35
35 41
183 335
33 49
26 17
76 94
10 9
29 30
5 6
8 6
5 3
88 72
7 5
95 86
8 5
15 19
78 110
12 9
78 60
18 20
49 65
66 78
12 9
143 212
8 9
15 11
132 120
7 7
4 5
178 139
38 42
125 203
85 88
31 33
6 13
234 216
19 24
53 48
25 12
5 4
196 135
38 34
135 95
5 8
10 8
74 53
83 73
20 17
111 131
22 23
26 41
119 128
5 7
60 64
5 5
11 9
99 157
226 358
11 7
9 11
8 6
16 12
77 90
242 214
219 191
6 5
155 118
216 249
6 5
58 36
240 154
7 5
19 14
62 80
37 37
91 82
7 8
13 9
7 4
100 102
17 24
75 44
62 78
7 9
24 21
6 4
134 141
39 23
119 114
27 59
15 16
11 10
141 106
168 158
47 51
8 9
10 16
80 150
161 156
242 258
6 9
50 40
83 100
45 30
67 77
36 23
12 11
123 100
45 48
124 92
160 153
206 260
86 69
32 61
49 44
12 13
23 20
99 133
86 77
14 10
8 10
70 133
10 13
123 140
110 120
11 6
10 18
6 8
31 24
204 183
72 81
10 9
133 161
62 28
16 21
5 8
38 34
61 48
5 4
78 124
19 29
184 251
6 9
179 126
25 25
17 19
12 18
15 16
24 21
131 177
105 155
30 30
12 10
18 22
197 221
219 189
180 227
6 2
25 32
24 27
17 9
7 10
11 21
63 66
5 8
10 9
34 45
128 222
141 187
125 82
38 18
12 7
37 40
88 64
4 1
183 151
208 145
26 27
23 23
96 63
19 20
7 4
14 19
123 68
12 9
12 11
6 4
16 16
98 94
59 79
28 37
70 85
123 122
49 38
30 38
73 121
29 37
110 100
94 89
148 121
74 48
5 5
19 30
13 14
42 42
4 3
5 6
5 3
207 233
8 8
59 55
4 3
46 59
6 3
13 15
103 132
55 51
63 52
18 24
110 84
11 13
126 99
10 9
70 45
56 50
17 20
243 181
20 26
93 151
26 31
31 36
5 5
11 13
5 3
34 26
115 148
48 51
15 12
6 3
33 27
50 44
4 4
41 42
107 151
7 6
8 9
33 24
142 212
32 22
17 21
12 7
112 120
142 143
98 129
21 15
112 60
7 13
5 3
79 69
7 17
7 9
11 7
5 4
7 5
27 37
195 256
105 92
28 35
55 58
10 8
80 101
170 321
21 11
39 34
61 60
6 6
16 17
29 46
128 162
68 78
178 270
110 84
67 82
43 31
6 10
25 20
42 37
94 103
59 30
52 61
222 177
16 33
208 225
11 17
14 7
31 45
8 6
10 10
147 188
19 21
26 43
80 69
30 14
31 45
9 9
29 41
9 15
5 4
11 9
7 6
98 84
7 5
4 4
123 179
111 107
101 92
5 9
4 4
44 54
7 8
235 158
219 326
71 76
5 8
41 21
52 29
7 11
9 9
231 230
118 123
6 4
232 215
8 12
70 47
69 65
79 74
8 10
65 61
10 8
8 8
159 89
6 6
113 243
42 49
5 3
5 5
229 241
28 28
13 14
91 142
233 268
6 9
21 18
17 26
75 87
240 106
12 12
69 68
85 80
30 43
10 14
82 38
23 39
19 30
5 10
6 8
22 23
4 4
16 40
5 5
188 213
77 101
55 61
101 85
4 7
122 129
126 94
71 44
12 14
4 5
155 151
36 71
141 84
81 141
49 79
51 79
73 49
50 71
130 163
11 8
30 23
10 15
4 3
124 118
32 38
35 32
81 87
38 52
51 35
30 54
6 6
40 74
5 6
19 13
36 23
130 162
65 39
133 92
140 228
34 29
9 9
30 41
62 63
42 30
174 170
15 19
58 60
104 77
12 9
130 153
8 11
25 32
7 4
7 9
5 8
222 555
254 134
75 52
36 35
14 12
6 9
34 24
15 23
39 24
97 129
26 19
68 64
6 7
7 5
41 29
70 107
26 31
126 136
43 46
60 59
6 9
87 80
18 9
15 15
9 6
44 79
84 140
16 20
13 16
4 5
39 66
34 44
67 73
8 6
5 7
23 26
41 62
9 10
133 105
17 21
33 39
5 9
25 22
51 38
150 180
10 10
231 251
19 24
10 13
45 31
18 20
15 16
151 158
45 35
79 133
19 21
87 55
160 161
252 168
84 43
197 229
50 44
32 19
5 3
28 30
5 4
31 66
247 216
42 67
36 48
64 67
5 7
68 39
16 19
10 8
7 8
27 26
5 3
7 8
9 7
59 113
37 123
4 7
30 22
118 73
11 13
8 6
221 180
8 4
168 191
9 9
8 6
6 10
103 69
178 131
111 158
125 180
19 17
238 241
17 12
73 78
4 3
7 9
186 136
61 56
13 13
23 25
221 138
139 118
183 130
13 9
5 3
30 38
6 10
17 11
7 6
30 20
11 16
71 105
6 4
45 31
153 256
162 217
85 114
108 135
68 107
29 23
85 170
22 23
30 22
13 17
196 271
15 14
44 40
18 28
65 51
50 60
127 179
122 115
7 7
63 71
198 183
191 172
12 12
9 15
4 4
26 33
6 4
52 52
12 17
163 109
11 6
97 93
8 7
204 248
18 10
74 144
36 57
10 17
202 359
71 71
17 8
11 15
32 92
71 74
19 13
24 37
48 55
5 3
56 74
159 140
51 67
8 7
58 51
39 32
96 108
44 52
18 10
154 134
40 27
6 5
60 65
40 26
5 9
19 17
21 17
7 6
8 7
12 6
15 14
42 42
172 140
25 19
6 7
41 24
35 39
211 160
162 79
78 85
9 11
16 11
85 128
57 53
191 186
43 40
212 245
111 71
180 240
168 202
9 16
25 26
37 22
21 24
102 94
52 48
8 7
51 76
7 9
61 43
122 162
251 314
4 2
15 13
161 132
27 33
11 8
42 36
7 7
6 5
7 8
43 41
159 197
15 10
71 66
34 31
203 225
17 26
25 33
59 79
180 228
6 8
97 120
53 44
187 200
6 5
8 9
46 48
47 40
94 160
36 22
82 127
54 68
24 16
99 184
221 297
50 45
5 9
20 32
30 35
9 11
27 28
39 28
144 114
219 177
16 23
5 4
166 272
218 270
103 78
13 6
48 65
83 92
26 25
4 3
49 42
50 46
72 63
41 56
201 266
10 11
11 12
8 5
10 11
23 18
78 65
12 22
23 27
29 27
119 80
65 63
146 133
241 146
46 50
17 15
61 53
58 68
25 34
84 101
39 42
103 90
238 193
4 5
39 40
8 5
15 14
27 27
8 7
88 145
8 7
51 50
36 53
76 49
40 40
187 206
33 24
177 127
83 97
8 10
48 23
6 7
78 75
15 10
4 5
60 61
35 16
244 153
18 10
10 9
64 45
21 17
97 70
5 8
216 303
1 38
0 14
0 29
0 1 0
0 6 7
0 27 17
0 2 2
0 1 0
4 0 851
0 32 44
1 8 57
0 1 0
0 16 10
0 26 24
2 0 6
0 1 0
0 6 7
0 17 25
4 0 689
0 1 0
0 14 18
4 0 844
4 0 391
0 1 0
0 8 7
0 20 12
0 49 52
0 1 0
0 47 70
0 29 31
0 23 21
0 1 0
0 45 57
3 0 2
0 44 58
0 1 0
0 12 16
0 29 39
0 50 4
0 1 0
2 0 3
0 10 10
0 11 7
0 1 0
0 50 32
0 21 19
0 13 14
0 1 0
0 35 44
0 15 15
0 34 50
0 1 0
0 20 27
0 6 6
0 4 5
0 1 0
3 0 2
0 12 11
0 32 28
0 1 0
0 44 26
0 13 10
0 49 73
0 1 0
1 21 122
2 0 2
0 40 34
0 1 0
1 20 123
0 3 3
3 0 6
0 1 0
1 32 274
2 0 3
3 0 2
0 1 0
4 0 232
0 22 14
0 44 30
0 1 0
0 27 29
0 40 23
1 7 58
0 1 0
1 34 108
0 1 1
0 13 10
0 1 0
0 12 13
0 3 4
0 26 23
0 1 0
1 41 372
0 41 18
0 13 10
0 1 0
3 0 10
0 11 12
0 17 24
0 1 0
0 14 19
2 0 4
0 16 16
0 1 0
0 21 28
0 46 32
0 25 24
0 1 0
0 40 28
1 18 154
3 0 8
0 1 0
0 39 56
0 35 30
0 46 63
0 1 0
0 25 25
0 3 2
0 8 8
0 1 0
0 7 7
1 26 185
1 35 272
0 1 0
0 41 35
0 5 6
0 1 1
0 1 0
0 31 35
0 36 46
0 9 13
0 1 0
2 0 4
0 41 44
0 15 17
0 1 0
0 25 31
3 0 6
0 33 51
0 1 0
0 14 16
1 39 281
0 23 37
0 1 0
0 10 16
0 12 12
4 0 355
0 1 0
0 17 12
0 3 4
0 4 4
0 1 0
0 28 24
0 41 45
1 16 118
0 1 0
2 0 6
2 0 3
0 47 38
0 1 0
0 42 39
0 29 43
2 0 10
0 1 0
0 7 5
0 1 1
0 44 64
0 1 0
0 20 18
4 0 308
0 16 18
0 1 0
0 32 37
0 31 33
3 0 8
0 1 0
3 0 0
0 12 12
0 4 3
0 1 0
0 14 7
0 36 34
2 0 0
0 1 0
1 37 325
0 11 12
0 44 30
0 1 0
0 25 39
2 0 2
0 4 5
0 1 0
0 42 48
4 0 718
0 5 2
0 1 0
0 21 14
0 22 23
0 24 21
0 1 0
0 39 32
0 49 41
0 43 29
0 1 0
4 0 280
0 11 13
4 0 856
0 1 0
0 4 3
0 7 8
0 36 35
0 1 0
1 47 169
0 38 46
0 45 65
0 1 0
0 46 74
4 0 891
0 48 44
0 1 0
0 35 6
2 0 3
0 10 11
0 1 0
4 0 732
2 0 4
4 0 918
0 1 0
1 39 332
0 1 1
1 46 267
0 1 0
0 13 21
0 43 55
2 0 10
0 1 0
0 7 5
0 28 27
0 43 54
0 1 0
0 1 1
0 15 10
0 18 31
0 1 0
0 42 26
0 28 26
0 47 15
0 1 0
0 34 21
2 0 10
0 37 21
0 1 0
0 2 2
0 32 40
0 21 13
0 1 0
0 21 15
0 10 14
0 47 63
0 1 0
0 36 27
0 49 47
0 24 20
0 1 0
0 29 34
2 0 8
0 41 51
0 1 0
4 0 810
0 35 37
0 41 61
0 1 0
0 25 19
0 7 6
4 0 331
0 1 0
0 45 52
0 8 9
0 27 28
0 1 0
0 1 1
0 41 24
0 32 29
0 1 0
3 0 2
0 20 13
0 20 16
0 1 0
1 40 293
2 0 5
0 28 23
0 1 0
2 0 3
0 5 3
0 25 34
0 1 0
1 22 160
0 17 15
2 0 0
0 1 0
0 43 39
0 38 34
4 0 318
0 1 0
0 23 28
4 0 994
0 40 40
0 1 0
0 34 46
0 48 50
0 20 29
0 1 0
0 28 25
4 0 371
0 6 2
0 1 0
0 34 39
0 17 19
1 13 95
0 1 0
0 26 18
0 17 14
0 12 11
0 1 0
4 0 231
0 25 19
0 8 6
0 1 0
1 9 75
0 45 43
0 28 32
0 1 0
2 0 2
4 0 229
0 28 29
0 1 0
0 27 23
0 32 41
0 44 57
0 1 0
1 49 495
2 0 4
0 11 11
0 1 0
4 0 797
0 44 8
0 19 20
0 1 0
4 0 271
0 1 1
0 12 12
0 1 0
0 16 15
0 24 44
0 21 13
0 1 0
2 0 9
0 15 15
0 36 42
0 1 0
0 25 33
2 0 10
0 16 11
0 1 0
0 44 39
0 45 57
0 33 39
0 1 0
4 0 313
1 50 486
0 16 17
0 1 0
1 14 160
0 12 12
0 3 4
0 1 0
4 0 938
4 0 475
0 10 9
0 1 0
0 19 19
0 19 9
0 29 20
0 1 0
0 34 38
0 33 20
0 11 9
0 1 0
0 48 72
0 15 12
0 39 38
0 1 0
4 0 751
0 32 34
3 0 6
0 1 0
0 33 24
0 1 1
0 9 14
0 1 0
2 0 2
4 0 862
2 0 9
0 1 0
0 20 20
0 37 56
0 50 65
0 1 0
0 25 32
4 0 920
0 37 45
0 1 0
4 0 415
0 47 42
0 40 63
0 1 0
3 0 4
0 11 9
4 0 871
0 1 0
0 50 70
3 0 9
0 12 17
0 1 0
0 27 23
0 17 17
4 0 776
0 1 0
0 39 33
0 19 6
0 17 14
0 1 0
0 6 7
1 46 225
0 48 40
0 1 0
2 0 9
0 39 45
2 0 1
0 1 0
0 39 25
1 32 225
0 42 55
0 1 0
0 36 32
0 6 4
0 23 26
0 1 0
0 49 40
0 37 18
0 4 2
0 1 0
2 0 8
0 45 39
4 0 497
0 1 0
0 4 4
0 37 36
3 0 0
0 1 0
0 6 7
0 33 43
0 39 44
0 1 0
0 32 10
0 6 9
0 31 26
0 1 0
0 5 7
0 26 15
0 26 24
0 1 0
2 0 6
2 0 2
0 3 3
0 1 0
3 0 6
0 29 35
0 50 75
0 1 0
0 44 33
2 0 3
0 46 28
0 1 0
0 9 9
0 15 27
0 50 55
0 1 0
4 0 685
0 17 21
0 27 23
0 1 0
2 0 5
0 25 43
0 7 7
0 1 0
0 13 11
0 49 35
0 49 55
0 1 0
0 46 51
0 43 70
0 45 28
0 1 0
0 16 19
0 42 31
4 0 686
0 1 0
0 5 5
0 50 44
4 0 868
0 1 0
1 32 259
0 36 50
0 34 36
0 1 0
0 30 18
0 31 14
0 3 1
0 1 0
3 0 10
0 7 8
0 1 1
0 1 0
0 36 45
0 12 12
1 50 455
0 1 0
3 0 4
0 30 45
0 30 33
0 1 0
1 11 107
0 22 22
2 0 2
0 1 0
2 0 8
4 0 582
4 0 549
0 1 0
0 16 16
0 48 47
4 0 285
0 1 0
0 41 45
2 0 2
0 25 4
0 1 0
0 46 37
2 0 1
0 47 55
0 1 0
0 2 3
4 0 686
0 35 41
0 1 0
0 37 48
4 0 828
4 0 751
0 1 0
1 50 357
0 49 55
1 46 191
0 1 0
0 17 15
3 0 4
0 31 31
0 1 0
4 0 498
4 0 327
0 3 4
0 1 0
0 4 6
0 32 14
1 17 129
0 1 0
4 0 254
0 42 49
0 10 10
0 1 0
0 9 10
3 0 10
0 39 53
0 1 0
0 15 11
0 39 43
2 0 3
0 1 0
0 16 11
0 10 13
3 0 7
0 1 0
0 42 17
0 30 34
0 14 12
0 1 0
1 16 102
0 11 16
3 0 7
0 1 0
0 45 25
1 48 570
0 13 3
0 1 0
0 49 69
0 46 51
0 8 11
0 1 0
0 28 16
0 13 12
1 38 317
0 1 0
0 44 35
0 35 6
0 16 10
0 1 0
0 6 6
2 0 7
0 22 20
0 1 0
4 0 649
4 0 830
0 39 54
0 1 0
1 4 49
0 45 39
0 12 7
0 1 0
0 1 1
0 41 20
0 35 15
0 1 0
2 0 1
0 48 36
4 0 215
0 1 0
4 0 789
0 15 7
4 0 625
0 1 0
4 0 398
0 50 13
0 2 3
0 1 0
2 0 6
0 8 9
4 0 835
0 1 0
0 30 24
0 39 39
0 23 25
0 1 0
0 3 3
0 19 11
0 7 3
0 1 0
4 0 322
0 24 14
3 0 3
0 1 0
0 1 1
0 28 33
0 43 64
0 1 0
1 36 206
0 43 35
0 45 34
0 1 0
0 38 39
0 19 21
0 21 34
0 1 0
0 42 62
4 0 594
0 2 2
0 1 0
0 25 16
0 1 1
0 43 34
0 1 0
0 5 7
0 38 22
4 0 265
0 1 0
0 42 56
0 25 25
2 0 4
0 1 0
0 17 23
0 1 2
0 18 31
0 1 0
2 0 2
0 22 22
0 18 22
0 1 0
0 35 40
2 0 0
0 44 33
0 1 0
1 9 75
4 0 898
0 40 30
0 1 0
4 0 924
0 33 10
3 0 6
0 1 0
0 13 17
0 43 39
0 17 21
0 1 0
1 9 84
0 42 42
0 25 1
0 1 0
0 48 41
0 47 37
0 32 29
0 1 0
0 45 51
0 17 13
0 30 27
0 1 0
0 28 13
0 44 54
0 13 14
0 1 0
0 11 12
3 0 10
0 37 39
0 1 0
0 6 8
0 15 18
0 44 59
0 1 0
1 31 171
0 16 16
2 0 10
0 1 0
0 10 12
0 39 38
1 28 224
0 1 0
0 22 24
1 2 20
0 29 36
0 1 0
4 0 438
4 0 415
0 41 30
0 1 0
4 0 858
1 37 275
0 2 2
0 1 0
0 36 32
1 9 93
0 26 28
0 1 0
1 43 343
0 15 18
0 11 11
0 1 0
4 0 680
0 23 23
0 1 1
0 1 0
0 1 1
0 27 26
1 27 279
0 1 0
0 13 11
0 40 24
0 19 22
0 1 0
0 27 20
1 2 13
4 0 738
0 1 0
0 23 25
4 0 959
0 42 38
0 1 0
0 41 54
0 29 32
0 4 3
0 1 0
3 0 9
1 12 66
0 7 5
0 1 0
0 1 1
3 0 5
0 17 13
0 1 0
0 44 51
3 0 5
0 18 16
0 1 0
0 43 12
0 41 34
0 6 8
0 1 0
1 35 383
0 35 35
1 11 52
0 1 0
0 37 50
3 0 4
0 23 16
0 1 0
2 0 6
0 24 18
4 0 554
0 1 0
0 17 30
0 32 30
0 44 45
0 1 0
0 35 25
0 3 4
2 0 5
0 1 0
0 22 31
4 0 276
0 20 21
0 1 0
2 0 7
1 4 36
0 24 24
0 1 0
4 0 741
0 28 19
0 2 2
0 1 0
4 0 260
0 47 62
1 13 135
0 1 0
0 25 15
0 4 4
0 18 23
0 1 0
1 25 230
0 10 12
0 45 34
0 1 0
1 36 321
0 6 4
0 34 13
0 1 0
2 0 5
0 35 16
0 49 66
0 1 0
0 46 37
0 42 21
0 35 28
0 1 0
0 23 27
0 41 14
0 29 40
0 1 0
4 0 701
0 24 24
4 0 913
0 1 0
0 30 38
0 17 24
0 46 44
0 1 0
4 0 375
0 9 12
0 17 6
0 1 0
1 23 191
0 5 6
2 0 6
0 1 0
0 15 2
0 11 12
0 14 9
0 1 0
0 35 27
0 4 4
0 34 22
0 1 0
0 47 47
0 20 18
4 0 902
0 1 0
0 1 1
0 32 28
0 34 16
0 1 0
4 0 638
0 9 7
3 0 9
0 1 0
0 19 21
0 36 35
0 49 92
0 1 0
0 23 13
0 48 40
0 44 68
0 1 0
4 0 237
4 0 917
0 27 25
0 1 0
0 10 9
0 37 30
2 0 2
0 1 0
0 46 67
0 9 11
0 24 28
0 1 0
0 12 20
0 10 9
0 18 31
0 1 0
1 9 95
0 39 66
4 0 364
0 1 0
2 0 9
0 23 25
1 32 218
0 1 0
0 43 37
0 49 50
0 6 10
0 1 0
1 10 31
4 0 636
0 13 7
0 1 0
1 15 81
0 44 49
0 31 26
0 1 0
3 0 10
0 32 26
0 14 17
0 1 0
1 43 217
0 7 2
0 49 34
0 1 0
0 47 64
0 41 53
0 7 6
0 1 0
2 0 2
0 19 13
0 39 69
0 1 0
3 0 2
0 48 70
0 9 1
0 1 0
0 50 64
3 0 0
1 21 171
0 1 0
0 49 69
1 24 136
0 32 56
0 1 0
0 4 1
3 0 6
4 0 993
0 1 0
0 11 6
0 7 10
0 30 40
0 1 0
0 32 48
0 8 11
3 0 0
0 1 0
0 14 12
0 39 54
0 15 21
0 1 0
0 10 6
2 0 9
3 0 9
0 1 0
0 5 5
0 18 23
0 12 18
0 1 0
0 16 9
0 17 15
0 17 10
0 1 0
0 21 24
0 15 12
0 1 1
0 1 0
0 21 23
0 4 4
0 31 45
0 1 0
0 15 19
1 19 194
4 0 415
0 1 0
4 0 624
0 16 21
2 0 8
0 1 0
0 25 1
0 11 13
0 26 20
0 1 0
0 4 2
0 32 46
2 0 5
0 1 0
0 24 7
0 8 6
0 7 8
0 1 0
3 0 9
0 7 8
0 41 51
0 1 0
0 40 47
0 10 13
0 36 20
0 1 0
0 18 25
0 29 10
0 30 18
0 1 0
0 1 1
0 1 1
0 34 37
0 1 0
4 0 567
0 12 13
4 0 288
0 1 0
0 14 20
0 35 44
0 34 21
0 1 0
0 20 28
0 20 26
0 45 46
0 1 0
0 23 24
0 31 20
0 42 45
0 1 0
0 13 13
0 24 30
0 14 20
0 1 0
0 5 6
0 34 41
4 0 351
0 1 0
1 22 177
0 18 23
0 15 15
0 1 0
0 46 25
0 50 25
0 9 9
0 1 0
4 0 1000
4 0 950
1 14 98
0 1 0
0 25 27
0 8 7
0 17 26
0 1 0
1 18 164
0 20 13
0 33 38
0 1 0
0 7 8
0 33 17
0 25 23
0 1 0
1 12 89
1 3 42
0 9 7
0 1 0
0 50 38
0 50 48
0 2 3
0 1 0
0 9 8
0 48 59
0 5 7
0 1 0
0 32 31
0 5 8
0 21 25
0 1 0
0 43 50
0 9 14
0 33 20
0 1 0
0 16 14
1 5 49
0 31 29
0 1 0
0 39 34
0 30 12
0 36 25
0 1 0
0 23 19
3 0 0
0 6 10
0 1 0
0 5 7
0 47 28
0 23 34
0 1 0
0 7 6
0 21 25
2 0 9
0 1 0
0 42 39
0 44 34
0 45 44
0 1 0
0 23 12
4 0 775
0 4 3
0 1 0
0 10 8
0 34 52
4 0 435
0 1 0
4 0 867
0 34 23
0 33 34
0 1 0
0 43 30
0 5 5
0 32 53
0 1 0
2 0 5
0 4 3
1 35 318
0 1 0
0 44 76
0 33 37
0 1 1
0 1 0
1 36 388
0 49 62
0 18 10
0 1 0
0 16 14
0 17 17
0 39 51
0 1 0
0 34 20
0 40 77
0 46 31
0 1 0
0 20 20
0 1 1
0 8 9
0 1 0
0 40 33
0 5 7
0 50 29
0 1 0
0 21 13
0 20 29
0 1 1
0 1 0
0 36 43
2 0 3
0 5 3
0 1 0
0 42 52
0 46 66
0 47 36
0 1 0
4 0 377
4 0 549
2 0 7
0 1 0
0 9 9
4 0 800
0 19 26
0 1 0
0 35 33
0 12 8
0 14 9
0 1 0
0 13 10
0 19 33
0 12 13
0 1 0
0 6 5
4 0 719
4 0 919
0 1 0
0 42 42
0 22 25
0 12 14
0 1 0
1 11 122
4 0 780
0 50 56
0 1 0
0 19 22
0 32 35
0 41 39
0 1 0
0 22 24
0 48 25
3 0 1
0 1 0
0 11 10
2 0 4
2 0 4
0 1 0
3 0 7
0 46 34
0 32 41
0 1 0
0 9 10
0 40 73
0 36 7
0 1 0
4 0 205
2 0 10
0 38 31
0 1 0
0 38 38
0 17 19
0 41 41
0 1 0
0 5 7
0 38 31
0 20 23
0 1 0
0 23 21
0 49 52
3 0 5
0 1 0
0 19 20
0 26 16
2 0 7
0 1 0
0 13 8
4 0 360
0 21 19
0 1 0
0 6 5
4 0 578
4 0 309
0 1 0
0 50 34
0 7 6
0 19 17
0 1 0
2 0 5
0 49 36
0 31 15
0 1 0
4 0 432
1 18 156
0 16 12
0 1 0
0 18 21
0 34 42
0 37 34
0 1 0
0 49 51
0 42 55
0 2 3
0 1 0
0 37 17
4 0 781
0 49 60
0 1 0
0 29 35
0 33 31
4 0 462
0 1 0
2 0 10
0 37 33
0 48 46
0 1 0
0 42 39
0 40 27
0 20 14
0 1 0
0 13 9
1 27 258
0 22 23
0 1 0
0 25 36
0 34 58
0 39 51
0 1 0
0 2 2
0 8 8
2 0 9
0 1 0
0 3 1
0 37 51
0 5 2
0 1 0
1 46 311
0 18 19
0 33 51
0 1 0
0 4 3
3 0 6
1 4 19
0 1 0
0 5 4
2 0 2
4 0 811
0 1 0
1 2 15
0 40 10
0 8 13
0 1 0
0 2 1
0 32 38
4 0 794
0 1 0
4 0 735
4 0 377
0 15 19
0 1 0
0 24 25
0 19 18
0 40 53
0 1 0
1 50 124
0 46 43
0 44 53
0 1 0
0 42 58
0 25 19
0 27 25
0 1 0
1 4 30
0 27 33
0 9 15
0 1 0
0 19 10
0 15 10
0 50 25
0 1 0
0 32 40
4 0 980
0 6 7
0 1 0
0 2 3
0 42 52
0 26 31
0 1 0
0 33 43
0 42 67
0 48 29
0 1 0
0 10 15
4 0 433
0 45 57
0 1 0
0 4 4
2 0 1
0 2 2
0 1 0
0 10 10
0 45 41
0 19 14
0 1 0
0 1 1
4 0 790
0 10 8
0 1 0
0 25 22
0 22 25
4 0 868
0 1 0
0 28 34
0 21 24
0 11 10
0 1 0
0 43 50
0 2 2
0 27 16
0 1 0
0 40 39
3 0 4
0 2 3
0 1 0
2 0 3
4 0 372
0 13 9
0 1 0
0 50 41
0 22 14
0 30 33
0 1 0
0 1 1
0 12 9
0 21 25
0 1 0
4 0 491
1 36 335
0 35 39
0 1 0
2 0 8
1 38 389
0 30 19
0 1 0
4 0 300
0 1 1
0 4 5
0 1 0
0 50 56
0 36 38
0 49 50
0 1 0
0 40 40
0 40 44
0 3 3
0 1 0
0 38 21
0 20 23
2 0 2
0 1 0
0 1 1
0 45 55
0 38 28
0 1 0
0 15 14
1 11 34
1 42 358
0 1 0
3 0 3
4 0 859
3 0 2
0 1 0
0 49 48
3 0 10
0 44 57
0 1 0
0 41 32
0 9 8
0 15 10
0 1 0
0 39 53
0 36 36
0 4 4
0 1 0
0 28 43
0 14 15
0 31 47
0 1 0
1 13 179
1 37 423
0 38 18
0 1 0
0 3 4
2 0 5
0 11 5
0 1 0
2 0 1
0 17 25
2 0 9
0 1 0
0 41 25
4 0 674
0 34 42
0 1 0
0 48 53
0 2 1
0 16 12
0 1 0
0 45 47
0 50 33
4 0 974
0 1 0
0 7 8
0 49 38
1 23 158
0 1 0
0 28 42
1 10 90
0 24 26
0 1 0
4 0 981
2 0 10
0 22 14
0 1 0
3 0 5
1 30 333
2 0 1
0 1 0
0 36 24
2 0 8
1 32 242
0 1 0
0 25 30
2 0 6
0 14 21
0 1 0
0 18 25
0 43 16
0 7 9
0 1 0
2 0 6
3 0 10
0 39 53
0 1 0
0 5 6
0 39 19
0 19 8
0 1 0
0 26 12
0 24 30
0 37 23
0 1 0
0 16 19
0 41 51
0 12 8
0 1 0
2 0 1
0 7 7
0 47 42
0 1 0
0 1 1
0 17 16
0 49 68
0 1 0
0 34 43
0 15 17
0 10 10
0 1 0
0 43 44
0 8 5
0 47 31
0 1 0
0 4 5
4 0 253
1 2 20
0 1 0
0 6 6
2 0 1
0 9 11
0 1 0
2 0 5
4 0 461
0 15 16
0 1 0
0 37 23
1 10 99
0 1 1
0 1 0
0 28 36
0 23 33
4 0 780
0 1 0
4 0 457
0 12 15
0 6 4
0 1 0
4 0 638
0 9 5
1 34 320
0 1 0
4 0 415
0 30 48
0 49 78
0 1 0
0 47 40
0 50 65
4 0 950
0 1 0
0 33 52
4 0 470
1 26 285
0 1 0
4 0 401
0 30 31
0 49 49
0 1 0
0 3 3
0 23 17
4 0 540
0 1 0
1 15 105
0 1 1
1 48 372
0 1 0
0 1 1
2 0 10
0 21 32
0 1 0
0 24 35
3 0 0
0 7 11
0 1 0
0 17 17
0 31 33
0 36 46
0 1 0
4 0 642
0 34 38
0 6 7
0 1 0
0 39 48
1 12 42
2 0 7
0 1 0
4 0 513
4 0 962
0 35 10
0 1 0
0 35 39
0 25 26
0 40 43
0 1 0
2 0 9
2 0 10
0 7 7
0 1 0
0 46 60
4 0 283
2 0 2
0 1 0
0 18 2
0 18 22
0 14 20
0 1 0
3 0 8
0 24 26
0 3 5
0 1 0
2 0 1
2 0 5
4 0 708
0 1 0
0 10 9
0 47 54
0 22 11
0 1 0
1 43 244
4 0 906
0 19 24
0 1 0
0 38 52
1 18 98
4 0 965
0 1 0
4 0 201
0 11 16
0 19 8
0 1 0
1 38 332
0 23 25
0 1 1
0 1 0
0 36 49
0 23 12
4 0 602
0 1 0
0 18 21
0 46 30
0 32 29
0 1 0
2 0 0
2 0 8
0 41 32
0 1 0
1 46 395
2 0 2
4 0 994
0 1 0
4 0 999
1 50 401
2 0 7
0 1 0
0 42 54
0 32 44
0 49 72
0 1 0
0 27 36
0 11 5
3 0 9
0 1 0
4 0 569
0 10 16
0 1 1
0 1 0
0 47 67
2 0 0
4 0 245
0 1 0
2 0 9
0 33 33
0 22 9
0 1 0
0 38 53
4 0 258
0 5 3
0 1 0
0 18 13
0 1 1
1 38 364
0 1 0
2 0 2
0 35 37
1 35 321
0 1 0
0 14 10
0 17 11
4 0 872
0 1 0
0 20 9
2 0 6
4 0 393
0 1 0
1 7 66
0 5 4
3 0 6
0 1 0
0 5 6
0 6 6
0 23 25
0 1 0
0 16 13
2 0 10
0 38 44
0 1 0
0 13 18
4 0 781
0 25 47
0 1 0
0 47 30
0 13 11
0 41 53
0 1 0
0 27 17
1 12 90
0 32 28
0 1 0
4 0 793
4 0 475
0 49 79
0 1 0
0 45 6
0 30 31
0 19 28
0 1 0
0 43 27
0 28 49
0 24 31
0 1 0
0 30 45
0 35 32
0 48 53
0 1 0
0 19 11
0 34 39
1 23 387
0 1 0
0 46 45
0 48 63
0 9 10
0 1 0
0 22 41
0 26 22
0 48 44
0 1 0
0 38 4
0 39 30
4 0 573
0 1 0
0 34 30
0 9 11
3 0 5
0 1 0
1 43 381
0 18 27
0 37 60
0 1 0
0 1 1
4 0 589
0 50 49
0 1 0
0 14 14
0 46 34
0 6 5
0 1 0
0 42 34
0 41 63
0 20 23
0 1 0
3 0 9
0 28 18
0 15 17
0 1 0
0 13 7
0 34 21
4 0 715
0 1 0
0 47 52
0 37 68
0 5 6
0 1 0
0 47 39
3 0 2
4 0 963
0 1 0
0 38 48
0 9 8
0 20 33
0 1 0
4 0 434
0 48 26
1 29 200
0 1 0
0 10 8
2 0 8
0 45 63
0 1 0
3 0 6
0 7 9
0 45 65
0 1 0
0 33 32
0 19 21
0 43 33
0 1 0
0 36 41
0 21 22
0 16 20
0 1 0
0 27 35
0 45 23
0 18 16
0 1 0
0 50 68
0 27 22
0 8 10
0 1 0
4 0 964
0 35 44
0 22 21
0 1 0
0 39 46
0 12 9
0 48 60
0 1 0
4 0 294
4 0 583
4 0 677
0 1 0
1 17 145
0 23 36
0 44 36
0 1 0
0 48 56
1 11 123
0 17 4
0 1 0
4 0 763
4 0 430
0 27 22
0 1 0
4 0 784
2 0 0
2 0 5
0 1 0
0 10 5
0 44 37
4 0 492
0 1 0
1 45 225
0 41 35
4 0 207
0 1 0
2 0 10
4 0 720
1 5 67
0 1 0
0 11 13
4 0 593
2 0 7
0 1 0
2 0 5
0 33 37
0 32 18
0 1 0
0 40 30
0 23 21
0 38 46
0 1 0
0 38 37
0 29 44
2 0 8
0 1 0
0 29 31
0 25 35
0 14 17
0 1 0
0 44 42
0 8 11
0 46 57
0 1 0
3 0 3
1 40 260
3 0 3
0 1 0
2 0 8
0 20 18
0 50 49
0 1 0
2 0 3
0 39 48
0 20 17
0 1 0
0 16 16
0 4 5
4 0 495
0 1 0
0 16 10
0 24 15
0 25 20
0 1 0
1 40 419
0 48 27
0 3 4
0 1 0
0 2 2
0 20 25
0 17 22
0 1 0
0 1 1
0 42 48
0 12 11
0 1 0
0 9 7
0 29 43
0 35 49
0 1 0
0 36 56
1 12 63
0 6 6
0 1 0
0 10 4
3 0 6
0 7 5
0 1 0
0 31 39
0 36 44
0 19 22
0 1 0
1 12 119
0 41 45
0 20 22
0 1 0
0 17 20
0 37 28
0 11 12
0 1 0
4 0 637
0 5 4
0 46 62
0 1 0
3 0 9
0 9 7
4 0 385
0 1 0
0 30 33
0 22 27
0 40 63
0 1 0
0 8 2
4 0 230
0 37 42
0 1 0
2 0 4
3 0 3
2 0 10
0 1 0
1 34 153
0 5 6
1 14 95
0 1 0
0 30 47
0 34 39
0 26 2
0 1 0
0 35 59
0 18 18
0 38 57
0 1 0
2 0 5
2 0 0
1 7 45
0 1 0
0 20 17
0 34 49
0 18 2
0 1 0
2 0 2
0 35 37
0 4 3
0 1 0
0 9 15
0 31 33
0 4 3
0 1 0
1 13 51
1 16 138
2 0 2
0 1 0
0 4 5
0 21 36
4 0 763
0 1 0
0 21 39
0 2 3
0 49 87
0 1 0
0 23 21
0 42 61
2 0 4
0 1 0
2 0 10
4 0 733
4 0 357
0 1 0
0 43 53
0 24 31
0 26 7
0 1 0
0 11 11
0 12 16
0 13 14
0 1 0
0 30 42
0 13 20
0 43 19
0 1 0
0 8 5
0 7 10
0 25 18
0 1 0
0 33 45
0 37 30
0 36 33
0 1 0
4 0 969
0 26 26
0 49 57
0 1 0
0 40 44
0 26 37
0 47 62
0 1 0
0 27 24
1 18 143
0 23 18
0 1 0
1 4 19
0 1 1
0 12 19
0 1 0
4 0 748
0 17 20
0 25 26
0 1 0
0 21 25
0 6 6
0 29 43
0 1 0
0 27 32
0 46 66
0 12 14
0 1 0
0 42 36
0 12 11
2 0 9
0 1 0
0 13 13
2 0 8
0 49 69
0 1 0
0 22 21
2 0 1
2 0 4
0 1 0
0 18 21
0 37 42
2 0 5
0 1 0
0 38 39
0 34 15
0 40 32
0 1 0
0 35 39
0 1 1
0 28 21
0 1 0
0 18 19
0 16 14
0 15 15
0 1 0
4 0 457
0 21 29
0 40 57
0 1 0
0 43 42
0 47 2
4 0 785
0 1 0
0 3 2
4 0 324
0 25 23
0 1 0
0 44 61
0 43 73
0 15 14
0 1 0
0 12 16
0 29 38
2 0 0
0 1 0
4 0 903
0 40 39
0 20 19
0 1 0
0 33 23
0 14 11
0 46 52
0 1 0
1 1 7
2 0 1
0 13 10
0 1 0
0 33 33
4 0 921
3 0 2
0 1 0
0 16 8
4 0 905
1 8 56
0 1 0
0 37 43
4 0 528
2 0 1
0 1 0
0 20 30
0 12 16
4 0 901
0 1 0
1 32 426
4 0 978
0 47 47
0 1 0
4 0 951
0 15 17
0 36 37
0 1 0
0 43 31
2 0 8
0 16 15
0 1 0
0 38 43
0 8 9
4 0 717
0 1 0
0 50 42
0 9 5
0 39 40
0 1 0
4 0 774
0 47 44
0 39 22
0 1 0
0 3 4
0 22 28
2 0 8
0 1 0
0 7 7
0 48 28
0 39 24
0 1 0
0 43 32
0 27 34
0 35 42
0 1 0
0 12 15
4 0 881
0 25 37
0 1 0
0 13 12
0 11 17
0 35 43
0 1 0
0 3 4
1 35 346
0 39 38
0 1 0
0 24 30
1 19 94
0 42 35
0 1 0
0 45 23
0 14 12
0 41 59
0 1 0
0 15 18
0 26 30
2 0 9
0 1 0
0 9 6
0 3 2
0 9 14
0 1 0
0 33 37
0 18 28
0 12 14
0 1 0
0 20 22
4 0 284
0 24 22
0 1 0
0 43 42
0 31 44
0 26 26
0 1 0
0 10 11
2 0 6
0 35 20
0 1 0
0 32 35
0 18 12
0 29 45
0 1 0
0 40 29
1 40 355
0 21 3
0 1 0
0 48 41
4 0 259
0 42 45
0 1 0
0 25 34
0 37 55
0 29 37
0 1 0
4 0 290
0 23 22
1 21 68
0 1 0
0 19 15
0 6 8
0 20 23
0 1 0
1 19 115
0 37 33
2 0 1
0 1 0
1 36 265
0 43 52
4 0 871
0 1 0
1 49 201
0 29 23
0 50 24
0 1 0
0 34 22
0 3 3
0 48 77
0 1 0
4 0 847
4 0 314
4 0 640
0 1 0
0 24 25
3 0 2
0 6 8
0 1 0
0 9 7
0 6 5
0 29 35
0 1 0
4 0 740
0 19 14
0 50 72
0 1 0
0 31 13
0 30 19
4 0 872
0 1 0
3 0 3
4 0 252
2 0 8
0 1 0
0 13 12
0 42 45
3 0 6
0 1 0
0 12 13
4 0 786
0 19 24
0 1 0
0 46 53
0 11 12
0 29 42
0 1 0
0 37 43
4 0 588
0 40 32
0 1 0
0 26 19
0 34 32
0 48 34
0 1 0
0 26 33
0 4 2
0 20 16
0 1 0
0 8 10
0 28 22
2 0 4
0 1 0
0 46 52
1 8 86
0 16 19
0 1 0
0 24 22
0 14 23
0 25 21
0 1 0
0 19 19
0 42 40
0 25 28
0 1 0
3 0 5
0 3 4
0 27 19
0 1 0
2 0 10
0 22 26
0 46 64
0 1 0
2 0 6
0 35 42
0 1 1
0 1 0
0 19 30
4 0 420
0 19 22
0 1 0
2 0 9
0 8 9
1 13 103
0 1 0
1 17 114
0 5 6
1 20 119
0 1 0
0 45 70
0 3 1
0 33 29
0 1 0
0 1 1
0 23 20
0 37 37
0 1 0
4 0 666
0 32 22
1 23 242
0 1 0
0 40 36
0 10 11
0 32 45
0 1 0
0 12 13
4 0 327
0 18 21
0 1 0
2 0 5
0 8 10
0 20 15
0 1 0
4 0 957
0 37 28
1 18 190
0 1 0
1 33 428
0 9 8
0 28 17
0 1 0
0 7 4
3 0 0
0 25 33
0 1 0
0 18 15
0 5 7
4 0 698
0 1 0
0 21 28
0 33 21
0 9 18
0 1 0
0 44 59
0 20 19
2 0 9
0 1 0
0 1 2
0 36 36
3 0 7
0 1 0
0 8 9
4 0 281
0 24 18
0 1 0
0 32 39
1 9 66
1 12 112
0 1 0
0 13 8
0 19 40
0 1 1
0 1 0
0 24 21
0 4 3
1 19 123
0 1 0
0 14 21
0 8 15
0 34 25
0 1 0
1 5 62
0 10 3
0 27 25
0 1 0
0 46 67
0 20 34
1 36 327
0 1 0
0 15 16
1 40 212
0 19 18
0 1 0
2 0 8
2 0 5
4 0 237
0 1 0
4 0 524
2 0 6
0 18 23
0 1 0
1 49 483
0 12 17
0 25 29
0 1 0
0 12 12
0 20 32
0 18 15
0 1 0
0 40 46
0 24 17
0 40 46
0 1 0
0 13 15
0 38 24
2 0 4
0 1 0
0 29 35
0 17 13
0 34 34
0 1 0
0 45 38
0 33 19
0 16 17
0 1 0
0 25 32
2 0 6
4 0 986
0 1 0
0 2 2
0 16 6
1 24 187
0 1 0
0 25 20
0 49 44
0 40 42
0 1 0
0 29 30
0 31 26
0 42 60
0 1 0
0 34 37
0 32 28
0 4 3
0 1 0
0 17 15
0 42 41
2 0 7
0 1 0
4 0 503
0 35 24
2 0 8
0 1 0
0 37 53
0 23 19
3 0 0
0 1 0
0 21 27
0 44 61
1 44 221
0 1 0
0 22 16
2 0 6
0 20 14
0 1 0
0 47 31
1 24 243
0 38 43
0 1 0
2 0 0
0 47 55
0 12 6
0 1 0
0 7 6
0 40 42
0 16 21
0 1 0
4 0 533
0 12 10
0 30 43
0 1 0
0 41 24
0 3 1
0 8 11
0 1 0
1 23 271
2 0 6
0 23 18
0 1 0
0 49 36
0 43 29
0 48 66
0 1 0
2 0 8
0 50 51
0 18 21
0 1 0
0 14 7
0 49 48
0 8 11
0 1 0
0 28 51
0 35 27
4 0 496
0 1 0
0 18 14
0 33 38
2 0 10
0 1 0
0 24 20
0 11 7
0 41 31
0 1 0
0 9 13
0 32 12
0 33 58
0 1 0
1 30 234
4 0 217
0 4 3
0 1 0
0 19 23
0 29 22
0 23 41
0 1 0
0 28 28
0 38 30
4 0 826
0 1 0
0 22 17
0 49 54
0 38 22
0 1 0
2 0 8
4 0 818
0 42 32
0 1 0
4 0 590
2 0 7
0 50 42
0 1 0
2 0 1
0 35 26
0 18 19
0 1 0
0 20 16
3 0 10
0 46 55
0 1 0
0 2 2
2 0 0
0 24 31
0 1 0
2 0 10
0 30 32
0 47 38
0 1 0
2 0 10
0 36 16
0 33 24
0 1 0
4 0 878
0 36 34
3 0 6
0 1 0
0 25 20
0 43 24
2 0 10
0 1 0
0 9 11
0 16 13
0 29 36
0 1 0
0 24 29
1 18 1
2 0 1
0 1 0
0 41 49
0 13 15
1 2 12
0 1 0
0 23 23
2 0 9
0 14 21
0 1 0
0 29 29
4 0 663
0 4 5
0 1 0
0 8 3
4 0 941
0 22 39
0 1 0
0 13 21
0 50 90
0 35 48
0 1 0
0 32 20
0 41 38
0 23 31
0 1 0
0 17 22
0 18 21
0 50 36
0 1 0
0 49 47
2 0 3
0 37 49
0 1 0
0 30 28
2 0 9
0 2 2
0 1 0
0 9 11
0 19 16
0 21 21
0 1 0
0 4 6
4 0 783
0 13 18
0 1 0
0 41 40
0 7 8
0 50 57
0 1 0
0 12 11
3 0 2
0 27 6
0 1 0
0 5 4
1 38 393
0 35 47
0 1 0
0 14 10
0 43 58
0 43 35
0 1 0
3 0 9
0 5 3
4 0 204
0 1 0
0 42 39
0 29 51
0 31 33
0 1 0
0 13 20
0 23 30
0 31 33
0 1 0
0 25 14
0 47 62
0 42 56
0 1 0
0 42 31
1 27 234
0 31 40
0 1 0
0 48 44
0 1 1
0 10 12
0 1 0
0 39 29
0 16 21
2 0 3
0 1 0
0 16 11
0 16 15
0 36 12
0 1 0
0 22 15
0 37 18
0 41 42
0 1 0
0 34 47
0 47 34
0 10 3
0 1 0
0 3 2
1 13 166
1 29 263
0 1 0
0 29 32
0 37 44
0 43 19
0 1 0
0 14 17
2 0 10
1 27 251
0 1 0
0 20 27
0 29 23
4 0 271
0 1 0
0 3 2
0 32 23
1 34 172
0 1 0
0 4 3
0 2 1
0 25 36
0 1 0
0 24 21
3 0 8
3 0 0
0 1 0
0 40 23
0 37 23
0 39 50
0 1 0
0 22 22
0 29 22
0 35 54
0 1 0
3 0 2
0 27 35
1 16 149
0 1 0
0 39 52
0 47 57
0 32 44
0 1 0
0 31 32
0 3 2
0 36 38
0 1 0
2 0 8
0 18 11
0 44 34
0 1 0
0 15 15
4 0 219
0 9 1
0 1 0
0 24 16
0 32 24
0 20 30
0 1 0
0 13 7
0 43 22
0 40 20
0 1 0
4 0 854
4 0 833
4 0 637
0 1 0
0 42 23
4 0 750
0 41 33
0 1 0
0 23 42
0 17 19
0 10 6
0 1 0
4 0 993
0 32 23
0 10 15
0 1 0
4 0 846
0 39 37
2 0 10
0 1 0
1 21 136
0 33 42
3 0 1
0 1 0
0 32 17
1 50 608
0 8 11
0 1 0
2 0 1
0 6 5
0 15 15
0 1 0
0 9 8
4 0 637
0 10 10
0 1 0
0 42 52
0 26 15
3 0 5
0 1 0
0 37 47
0 34 48
1 7 61
0 1 0
0 49 87
0 27 28
1 14 105
0 1 0
0 33 20
4 0 913
0 19 13
0 1 0
4 0 595
0 30 26
0 35 51
0 1 0
0 43 46
2 0 4
0 8 11
0 1 0
3 0 5
1 41 218
0 5 1
0 1 0
4 0 357
1 27 302
0 3 3
0 1 0
0 21 30
0 11 8
0 29 31
0 1 0
0 34 44
0 46 68
2 0 8
0 1 0
0 30 42
0 29 39
0 44 47
0 1 0
0 35 44
0 2 3
3 0 5
0 1 0
0 22 21
0 40 35
2 0 6
0 1 0
0 6 4
2 0 8
0 31 46
0 1 0
0 43 52
0 30 27
4 0 326
0 1 0
1 27 245
0 5 5
0 44 39
0 1 0
0 31 35
0 27 16
0 24 27
0 1 0
0 23 27
4 0 312
0 3 3
0 1 0
3 0 3
0 10 5
0 46 33
0 1 0
0 11 9
0 3 1
0 47 30
0 1 0
4 0 525
0 4 2
4 0 506
0 1 0
0 37 47
0 3 3
4 0 631
0 1 0
0 42 41
0 8 8
4 0 760
0 1 0
0 46 46
0 42 47
0 35 37
0 1 0
2 0 1
0 1 1
2 0 5
0 1 0
0 43 25
3 0 4
0 15 16
0 1 0
4 0 295
0 38 30
4 0 700
0 1 0
0 30 41
0 34 24
0 8 11
0 1 0
0 2 3
0 42 43
0 36 41
0 1 0
0 18 19
0 6 5
0 18 16
0 1 0
0 11 11
3 0 3
4 0 599
0 1 0
1 16 222
0 32 39
0 46 29
0 1 0
2 0 3
0 48 65
3 0 0
0 1 0
0 19 12
0 38 57
0 44 58
0 1 0
0 13 16
0 26 33
0 11 11
0 1 0
0 13 17
1 3 28
0 47 55
0 1 0
4 0 836
0 42 36
0 13 9
0 1 0
0 6 6
2 0 5
0 4 4
0 1 0
0 45 38
4 0 207
0 9 7
0 1 0
0 3 2
0 2 3
2 0 8
0 1 0
4 0 870
0 6 7
0 31 24
0 1 0
0 23 28
1 47 518
0 13 14
0 1 0
0 40 54
2 0 1
4 0 270
0 1 0
0 31 19
0 39 38
0 7 5
0 1 0
0 39 54
0 10 14
0 22 10
0 1 0
0 49 35
0 3 4
1 43 126
0 1 0
0 13 8
3 0 7
0 20 29
0 1 0
0 23 17
1 11 87
4 0 527
0 1 0
0 33 33
4 0 360
0 16 8
0 1 0
0 24 22
0 25 11
0 43 54
0 1 0
0 12 11
0 2 2
0 3 4
0 1 0
0 15 8
4 0 670
0 17 13
0 1 0
0 4 1
0 31 36
0 50 48
0 1 0
0 14 18
0 8 11
0 25 17
0 1 0
1 5 33
0 42 75
1 11 69
0 1 0
0 34 24
4 0 930
0 27 28
0 1 0
4 0 401
0 44 34
0 42 27
0 1 0
3 0 3
0 45 28
3 0 8
0 1 0
0 7 9
0 23 7
0 34 25
0 1 0
0 41 56
1 9 64
0 43 37
0 1 0
4 0 965
0 21 15
2 0 7
0 1 0
0 38 56
2 0 9
0 27 10
0 1 0
0 20 5
0 35 50
0 39 34
0 1 0
0 26 28
1 42 311
0 3 3
0 1 0
0 4 3
0 23 25
0 3 4
0 1 0
4 0 946
4 0 336
0 16 17
0 1 0
0 44 24
0 34 48
0 41 37
0 1 0
1 20 119
0 13 15
0 22 19
0 1 0
0 25 23
0 47 27
1 50 429
0 1 0
2 0 3
0 28 29
1 17 104
0 1 0
1 12 67
4 0 219
0 13 12
0 1 0
0 20 29
0 40 62
0 2 1
0 1 0
0 40 40
3 0 2
0 1 1
0 1 0
0 2 2
0 18 11
4 0 221
0 1 0
0 30 50
2 0 5
4 0 649
0 1 0
0 29 19
0 47 25
0 35 40
0 1 0
0 19 16
0 50 55
0 22 17
0 1 0
4 0 286
0 32 31
0 16 17
0 1 0
4 0 483
3 0 1
1 18 200
0 1 0
3 0 3
0 11 14
0 38 46
0 1 0
0 31 34
0 22 16
0 42 31
0 1 0
0 25 8
0 31 32
0 41 51
0 1 0
0 45 57
0 24 9
0 33 16
0 1 0
0 16 11
0 3 3
3 0 5
0 1 0
0 1 1
0 49 60
0 5 6
0 1 0
0 8 3
0 23 14
0 15 16
0 1 0
4 0 445
4 0 648
0 23 10
0 1 0
0 46 52
0 37 45
0 40 33
0 1 0
2 0 8
0 23 17
0 16 10
0 1 0
0 8 8
0 6 7
0 30 45
0 1 0
0 28 35
0 47 57
0 7 6
0 1 0
2 0 10
0 19 16
0 15 12
0 1 0
0 5 4
0 30 26
0 41 52
0 1 0
0 32 24
0 2 2
0 49 58
0 1 0
0 9 8
0 30 44
0 31 12
0 1 0
0 9 10
0 1 1
0 14 15
0 1 0
3 0 2
0 15 14
2 0 9
0 1 0
3 0 10
0 33 34
2 0 2
0 1 0
0 20 20
0 49 49
0 25 30
0 1 0
0 33 40
0 10 6
0 15 9
0 1 0
0 14 17
4 0 985
0 20 24
0 1 0
0 22 30
0 39 49
0 35 33
0 1 0
0 25 30
0 42 40
0 9 6
0 1 0
0 22 7
0 12 11
0 40 37
0 1 0
0 15 20
4 0 533
0 2 1
0 1 0
0 4 6
0 30 32
4 0 668
0 1 0
4 0 666
0 1 1
3 0 2
0 1 0
0 19 21
0 42 41
0 37 36
0 1 0
0 20 13
3 0 3
0 35 28
0 1 0
0 13 12
0 43 44
0 40 51
0 1 0
0 18 12
0 45 59
0 40 52
0 1 0
4 0 830
0 16 19
0 18 24
0 1 0
0 49 48
0 40 37
0 5 4
0 1 0
0 23 14
0 23 14
0 34 38
0 1 0
2 0 9
0 25 24
0 10 9
0 1 0
2 0 9
0 48 45
0 23 9
0 1 0
0 5 4
0 43 28
2 0 0
0 1 0
0 27 39
1 26 198
3 0 1
0 1 0
2 0 2
0 42 25
0 39 33
0 1 0
0 38 45
0 20 13
3 0 1
0 1 0
4 0 805
0 16 14
0 22 22
0 1 0
0 29 27
0 31 32
4 0 824
0 1 0
0 3 5
1 38 286
4 0 421
0 1 0
0 40 43
1 38 327
1 50 178
0 1 0
2 0 10
3 0 4
2 0 7
0 1 0
0 19 20
0 48 84
0 24 23
0 1 0
2 0 9
2 0 4
1 48 545
0 1 0
0 40 65
0 45 37
0 41 39
0 1 0
4 0 940
4 0 850
0 38 47
0 1 0
0 37 43
0 4 4
0 12 7
0 1 0
2 0 1
0 26 26
0 5 3
0 1 0
0 2 2
0 9 13
0 5 7
0 1 0
0 33 42
0 39 29
1 47 337
0 1 0
1 31 286
0 13 15
0 30 28
0 1 0
0 5 6
3 0 1
0 17 17
0 1 0
1 42 416
4 0 249
3 0 7
0 1 0
0 47 36
0 49 63
0 30 8
0 1 0
0 44 56
0 28 28
0 35 22
0 1 0
0 11 7
0 40 39
0 32 37
0 1 0
2 0 1
0 32 29
0 24 30
0 1 0
0 29 13
0 25 8
2 0 6
0 1 0
0 5 4
4 0 841
0 42 34
0 1 0
0 37 38
0 46 42
0 19 24
0 1 0
0 18 16
0 35 35
2 0 7
0 1 0
0 26 7
2 0 6
0 46 70
0 1 0
0 14 15
0 35 15
0 40 28
0 1 0
0 47 37
1 1 6
0 10 11
0 1 0
0 35 48
1 25 113
0 28 24
0 1 0
1 17 117
0 22 7
3 0 7
0 1 0
0 16 14
0 2 1
0 9 6
0 1 0
0 43 19
3 0 6
0 30 37
0 1 0
2 0 7
0 41 68
0 6 6
0 1 0
0 36 43
0 5 3
4 0 318
0 1 0
4 0 338
0 35 36
0 24 22
0 1 0
0 48 56
0 15 17
0 39 29
0 1 0
0 42 41
0 17 19
2 0 10
0 1 0
0 49 57
0 13 11
1 18 190
0 1 0
1 42 500
4 0 759
1 29 370
0 1 0
0 35 38
4 0 943
0 16 5
0 1 0
3 0 8
0 18 21
0 15 13
0 1 0
0 17 23
0 39 49
0 17 25
0 1 0
0 50 26
0 30 24
0 45 39
0 1 0
0 5 4
0 15 6
0 24 21
0 1 0
0 28 55
0 39 38
0 29 26
0 1 0
0 14 7
0 35 63
1 2 18
0 1 0
4 0 415
0 33 54
0 49 71
0 1 0
0 38 42
0 45 57
0 28 31
0 1 0
0 49 72
0 21 16
4 0 905
0 1 0
0 11 11
0 25 24
0 22 18
0 1 0
4 0 758
0 31 41
0 28 28
0 1 0
0 4 3
1 4 19
0 34 38
0 1 0
0 32 40
0 21 17
0 14 13
0 1 0
0 37 26
0 26 21
0 24 17
0 1 0
0 14 12
0 41 38
0 5 7
0 1 0
3 0 6
0 7 2
4 0 961
0 1 0
0 25 26
0 28 39
0 8 10
0 1 0
0 40 50
0 20 27
0 45 53
0 1 0
0 42 21
2 0 6
0 14 16
0 1 0
0 20 12
0 3 3
1 13 181
0 1 0
0 9 11
4 0 838
0 29 30
0 1 0
1 19 104
0 32 34
3 0 2
0 1 0
0 12 13
0 48 24
0 22 22
0 1 0
0 7 8
1 17 139
1 35 410
0 1 0
0 19 15
0 31 42
0 48 76
0 1 0
0 33 14
0 30 20
0 44 59
0 1 0
0 33 8
3 0 6
0 30 28
0 1 0
0 25 21
0 28 28
0 49 68
0 1 0
0 43 52
0 20 28
0 14 13
0 1 0
0 5 5
0 2 1
0 7 6
0 1 0
0 26 48
2 0 6
0 13 17
0 1 0
0 31 23
0 3 4
4 0 811
0 1 0
0 13 18
0 3 4
0 21 25
0 1 0
0 10 8
0 33 23
0 8 7
0 1 0
0 2 1
0 6 5
3 0 5
0 1 0
0 13 17
2 0 3
2 0 2
0 1 0
0 34 26
0 1 1
0 32 20
0 1 0
0 7 6
4 0 743
0 14 10
0 1 0
2 0 3
0 41 61
0 49 37
0 1 0
1 34 232
0 20 4
0 40 53
0 1 0
0 19 28
0 22 34
0 41 51
0 1 0
0 11 3
0 11 11
0 11 13
0 1 0
0 40 45
0 38 54
0 13 5
0 1 0
0 21 12
4 0 727
0 15 19
0 1 0
1 49 253
0 20 26
0 24 22
0 1 0
3 0 8
0 48 46
0 46 38
0 1 0
0 42 54
4 0 805
0 12 10
0 1 0
4 0 266
0 30 21
4 0 269
0 1 0
0 22 16
0 12 5
0 10 12
0 1 0
0 29 35
0 3 3
0 46 58
0 1 0
0 17 7
1 38 372
4 0 978
0 1 0
1 7 77
4 0 991
2 0 4
0 1 0
1 12 102
0 4 4
0 13 8
0 1 0
0 17 14
2 0 3
0 39 57
0 1 0
4 0 353
0 12 14
0 38 37
0 1 0
0 14 10
2 0 4
0 5 6
0 1 0
0 46 57
0 7 6
4 0 692
0 1 0
0 43 48
0 11 5
4 0 800
0 1 0
0 9 4
1 38 180
2 0 3
0 1 0
0 3 3
0 36 26
2 0 4
0 1 0
0 8 13
0 16 26
0 24 27
0 1 0
0 19 24
0 46 61
3 0 5
0 1 0
0 45 60
0 33 21
0 30 47
0 1 0
0 4 3
4 0 448
0 18 22
0 1 0
0 39 40
3 0 10
4 0 715
0 1 0
0 11 11
1 16 93
2 0 9
0 1 0
0 3 5
0 19 28
0 17 15
0 1 0
0 42 62
1 12 62
3 0 10
0 1 0
0 1 1
1 45 453
0 3 3
0 1 0
0 6 7
0 41 38
0 34 26
0 1 0
4 0 343
0 32 32
0 21 16
0 1 0
0 9 9
0 32 39
0 33 16
0 1 0
4 0 519
0 38 48
0 32 24
0 1 0
0 37 30
0 22 18
0 21 32
0 1 0
0 24 14
0 37 36
0 47 53
0 1 0
4 0 935
0 38 45
0 13 19
0 1 0
0 13 25
0 22 24
0 21 19
0 1 0
4 0 902
0 35 32
0 4 4
0 1 0
0 38 36
0 4 4
0 10 14
0 1 0
0 32 19
1 4 41
0 40 56
0 1 0
0 5 5
0 22 14
0 14 13
0 1 0
0 29 36
0 13 13
0 14 13
0 1 0
0 41 36
2 0 0
0 8 7
0 1 0
0 38 43
0 16 21
0 22 20
0 1 0
2 0 4
1 30 177
0 50 38
0 1 0
1 8 29
0 43 16
0 1 1
0 1 0
3 0 10
0 36 44
0 25 27
0 1 0
0 45 3
4 0 867
4 0 423
0 1 0
0 17 20
0 26 31
0 1 1
0 1 0
0 45 48
3 0 8
3 0 8
0 1 0
2 0 4
0 43 29
0 44 36
0 1 0
0 1 1
0 27 21
0 31 50
0 1 0
4 0 382
0 6 4
0 41 11
0 1 0
0 26 35
0 28 13
0 17 5
0 1 0
0 3 3
0 41 42
0 20 21
0 1 0
1 21 208
0 42 37
4 0 349
0 1 0
0 14 12
0 48 21
0 3 4
0 1 0
1 46 436
3 0 8
0 1 1
0 1 0
4 0 554
0 30 56
2 0 3
0 1 0
0 1 1
0 14 20
0 43 36
0 1 0
0 36 31
4 0 666
0 40 40
0 1 0
1 40 129
2 0 8
0 44 52
0 1 0
0 44 26
2 0 5
0 41 33
0 1 0
1 35 233
0 1 1
0 17 18
0 1 0
0 39 28
0 8 5
4 0 234
0 1 0
3 0 8
4 0 362
0 42 48
0 1 0
1 43 447
0 46 77
0 34 35
0 1 0
2 0 7
0 21 34
0 17 6
0 1 0
0 7 1
4 0 339
1 6 18
0 1 0
0 41 47
3 0 5
0 46 24
0 1 0
2 0 6
3 0 3
3 0 4
0 1 0
2 0 2
3 0 3
4 0 978
0 1 0
0 31 42
1 39 373
0 43 28
0 1 0
1 18 135
0 25 28
2 0 10
0 1 0
0 33 44
0 46 45
4 0 504
0 1 0
0 10 1
0 42 52
0 20 18
0 1 0
0 26 26
0 33 26
0 27 26
0 1 0
0 3 1
0 36 55
0 35 27
0 1 0
0 41 46
0 3 4
0 14 10
0 1 0
0 2 2
0 34 33
0 14 17
0 1 0
0 24 14
0 47 36
4 0 556
0 1 0
0 24 26
3 0 1
0 3 1
0 1 0
0 42 64
0 40 38
0 47 32
0 1 0
0 1 1
0 12 8
4 0 253
0 1 0
0 16 9
0 18 8
0 18 19
0 1 0
4 0 757
0 5 7
4 0 897
0 1 0
1 9 82
1 41 431
3 0 9
0 1 0
0 43 48
0 36 36
0 47 51
0 1 0
1 6 40
0 35 45
4 0 716
0 1 0
0 24 26
0 34 17
0 46 57
