4 4 5 1000
87 156
145 98
36 54
6 7
44 26
20 10
18 13
130 183
13 11
15 14
62 39
47 58
46 41
6 10
5 5
9 21
103 157
5 5
26 22
40 28
10 9
185 208
13 12
42 34
80 70
23 44
251 295
21 13
25 30
23 33
120 120
44 51
5 4
140 146
17 19
221 204
32 23
11 12
60 48
7 18
21 32
66 85
114 116
213 168
135 117
171 168
13 10
234 195
146 185
34 50
87 53
5 4
44 78
7 5
22 15
103 46
4 3
33 29
211 237
74 160
12 18
53 75
66 51
222 200
75 61
58 83
202 316
55 37
24 25
25 13
63 42
8 10
58 65
67 98
7 7
70 66
167 324
143 178
216 173
249 356
9 9
215 251
10 9
5 7
142 91
78 93
130 153
247 298
11 9
30 27
102 158
6 6
19 29
59 74
34 38
95 104
139 149
12 19
45 71
51 35
15 13
19 14
86 99
5 5
21 21
240 254
6 7
6 3
36 30
5 4
255 215
106 107
162 230
4 3
23 50
21 31
178 185
38 40
251 235
7 6
55 62
16 9
140 158
114 103
49 23
10 9
23 42
9 12
104 93
9 12
16 10
7 10
16 16
36 22
21 26
116 74
179 249
52 93
35 43
12 8
181 209
5 4
25 25
37 62
6 9
185 382
49 105
33 48
100 142
35 24
18 20
5 5
4 5
15 15
11 14
23 19
29 35
51 45
92 118
9 12
45 45
7 9
121 118
16 35
42 29
43 16
37 29
38 21
66 82
7 6
120 155
60 66
15 27
8 9
69 63
7 10
13 7
42 35
15 18
6 4
6 4
21 40
98 123
113 151
18 11
32 36
93 136
19 25
8 10
155 159
4 5
38 40
65 57
16 14
129 146
118 78
62 67
77 87
57 43
5 5
10 10
42 45
26 34
67 53
64 77
24 22
12 9
12 13
145 93
40 43
75 117
25 34
9 6
5 4
13 21
27 34
151 202
147 150
18 13
35 29
111 227
7 14
35 29
94 156
237 468
41 36
255 171
63 49
6 5
30 18
35 40
92 103
5 4
8 13
204 180
13 8
65 136
5 7
199 116
206 186
23 14
8 5
33 25
9 8
5 7
74 58
69 62
21 26
20 21
250 382
108 227
6 8
8 13
8 9
8 6
9 8
214 136
12 9
35 23
151 125
45 63
56 53
224 327
10 10
12 10
20 24
26 27
77 61
50 60
11 7
36 31
32 21
16 7
32 18
26 21
11 6
41 44
14 16
16 16
16 29
14 12
168 210
98 110
25 39
18 12
185 139
20 19
65 49
10 11
5 5
39 27
108 267
5 6
15 24
6 7
11 8
146 142
6 6
53 32
53 52
29 49
5 7
14 18
45 52
33 38
60 51
29 18
9 6
67 71
72 48
108 77
171 92
99 78
83 85
15 19
75 108
13 11
163 206
88 55
53 75
29 20
10 6
37 29
6 5
24 19
35 17
113 115
13 13
97 96
126 112
79 61
98 93
4 5
17 24
21 12
118 205
7 5
6 8
191 284
225 365
13 16
36 26
194 202
48 66
49 85
47 50
109 164
4 4
20 22
16 18
16 19
16 12
13 13
50 36
28 15
7 8
189 325
20 18
14 19
55 52
179 371
10 16
8 12
133 112
56 57
97 70
62 110
4 4
83 131
106 138
8 5
240 185
5 5
173 116
17 34
155 189
75 70
28 44
11 6
49 54
34 22
9 10
5 8
63 47
13 7
13 11
17 25
8 9
25 23
156 134
69 81
15 12
8 10
11 19
32 14
10 9
5 11
53 71
121 114
9 6
82 52
80 72
112 57
52 68
25 35
24 16
49 70
26 32
5 4
174 157
165 161
7 8
115 101
57 62
212 160
8 6
40 65
17 13
42 38
8 8
37 35
5 7
25 36
106 76
99 62
21 24
24 33
104 59
104 48
36 46
4 3
82 152
13 18
133 110
225 137
44 44
124 90
187 237
70 71
14 16
52 73
29 24
22 17
13 13
58 49
197 140
6 6
6 5
7 8
11 11
5 4
81 83
28 37
20 25
170 180
110 110
8 5
190 168
5 5
46 49
22 15
150 266
14 9
71 52
53 42
15 10
68 89
11 16
48 37
28 49
15 17
32 39
94 57
48 34
12 16
104 109
13 14
13 16
124 238
91 116
72 53
9 15
18 21
81 182
73 69
25 15
49 115
10 7
23 17
21 19
24 63
12 11
11 17
47 34
41 52
204 132
131 166
255 155
13 9
13 12
22 19
24 26
67 49
11 9
79 80
62 95
31 75
9 10
9 12
179 119
9 7
6 9
12 10
120 152
55 81
55 38
6 8
80 93
213 249
6 6
46 68
205 244
5 3
12 7
16 11
21 19
18 26
63 17
123 191
13 31
7 7
127 210
18 15
10 15
12 20
14 26
30 27
38 39
17 21
32 35
53 54
32 16
10 14
126 203
5 5
121 259
51 42
169 175
25 17
26 21
13 13
30 29
7 12
18 25
10 8
232 256
11 9
16 14
65 75
4 4
8 11
8 5
38 31
54 33
35 35
9 11
213 219
13 17
216 310
154 196
197 123
49 62
17 20
13 13
10 7
9 7
218 224
161 168
22 19
54 34
9 14
51 62
85 138
42 53
58 31
193 105
6 4
7 5
246 171
5 4
6 5
11 10
51 43
21 17
17 9
4 4
41 26
10 9
9 14
145 117
30 25
6 3
33 23
46 36
114 82
62 75
7 5
221 318
6 3
201 273
60 140
24 37
9 10
7 9
65 42
11 12
85 73
29 19
78 73
49 45
5 15
8 12
12 10
141 153
41 41
62 90
11 11
29 24
66 94
4 6
39 40
6 5
58 69
5 10
11 12
12 9
10 14
23 27
6 4
5 4
151 91
7 8
16 17
67 88
7 5
163 150
7 6
40 70
18 26
37 30
148 81
13 15
71 89
9 8
9 10
14 21
22 24
11 17
255 318
9 9
120 64
45 73
26 32
28 31
35 40
6 4
23 11
77 109
247 326
13 10
6 5
108 130
13 11
37 28
191 379
52 57
8 9
13 7
122 90
112 102
21 27
37 28
7 7
101 84
241 232
9 7
236 287
12 8
174 160
8 6
5 5
32 40
14 12
156 127
37 45
7 7
5 3
115 138
151 172
42 42
7 6
23 24
181 159
94 214
75 57
56 69
131 168
6 10
5 5
17 20
4 6
5 4
220 149
91 111
203 376
9 9
192 224
58 112
114 90
123 105
30 24
16 10
63 70
23 28
28 29
7 11
4 4
144 126
146 287
73 85
91 71
11 13
115 92
7 7
21 18
17 13
107 117
239 304
5 7
119 109
12 6
32 24
147 445
15 15
19 30
46 55
27 30
29 32
9 9
70 60
59 56
55 53
51 65
87 107
4 2
19 30
102 91
39 46
101 114
60 43
227 274
98 100
192 300
6 9
49 30
21 18
41 33
26 26
80 80
136 130
178 105
5 8
102 63
16 23
42 34
20 21
147 126
171 193
40 45
106 103
64 140
81 42
145 135
36 35
53 56
7 8
12 14
30 25
30 30
7 6
12 10
5 4
12 8
6 6
44 54
5 6
120 142
7 9
62 81
34 36
10 23
166 251
17 24
5 5
54 42
6 6
20 20
42 53
17 26
82 151
117 72
20 30
98 76
76 86
8 7
16 13
72 60
12 13
9 7
17 15
19 14
148 111
108 206
6 7
133 211
55 70
34 25
214 226
5 6
9 13
208 162
6 7
29 33
9 4
30 18
14 17
7 6
81 99
5 4
10 11
5 6
50 69
25 29
42 44
32 28
8 10
60 103
27 26
115 133
112 69
21 20
61 40
125 80
133 123
26 39
12 14
66 69
72 58
15 8
80 53
106 42
12 10
142 71
185 173
6 11
48 94
49 42
18 18
7 6
5 6
254 212
157 150
29 16
8 4
85 68
114 236
21 27
19 24
16 13
12 13
55 62
6 6
17 15
12 17
115 125
10 13
11 8
11 18
32 23
59 42
5 7
6 4
15 19
20 16
5 6
35 33
21 20
66 114
127 151
121 153
46 94
193 183
46 55
33 19
44 42
48 40
16 20
5 4
76 65
5 3
7 9
40 13
5 8
138 186
135 173
243 227
125 134
95 84
23 23
176 144
4 3
56 64
6 4
48 41
23 14
5 6
179 216
16 14
6 4
8 18
108 76
8 11
6 5
32 39
25 18
70 90
16 16
20 24
45 72
15 16
8 5
114 92
5 6
9 11
8 9
20 29
5 4
131 195
6 4
97 77
146 240
23 31
62 57
129 178
15 19
51 33
8 7
4 6
60 56
15 14
106 121
62 65
5 5
7 20
5 5
85 108
155 86
7 3
176 297
23 33
5 4
6 8
12 13
125 43
84 69
136 96
12 13
144 134
33 45
37 35
4 8
5 4
115 87
4 3
9 6
123 113
9 5
31 34
10 9
105 112
24 27
58 178
22 20
54 44
39 25
198 165
6 4
4 4
122 140
23 18
13 8
61 75
11 14
35 39
6 5
115 195
14 21
63 71
153 107
10 6
26 26
7 9
187 138
37 56
55 59
9 7
9 8
22 17
10 8
73 70
7 6
23 11
110 75
37 34
6 7
160 186
10 9
8 6
27 30
131 175
68 56
63 59
45 37
16 9
12 9
50 51
76 85
150 132
48 44
30 22
62 91
35 28
7 6
18 23
13 23
47 48
5 7
31 17
88 85
16 18
55 38
52 44
86 55
6 8
6 4
13 10
70 58
6 7
66 67
39 21
151 153
102 89
13 17
137 161
21 19
9 4
5 4
10 7
82 53
4 5
92 156
160 109
87 120
6 7
177 195
17 11
30 32
68 46
15 10
14 20
8 4
9 12
6 9
190 340
42 31
28 36
133 278
131 64
133 217
234 216
8 6
16 13
27 42
12 7
145 264
78 90
22 26
170 184
38 59
9 13
11 6
22 27
198 246
27 24
29 18
7 5
63 92
13 14
34 38
31 35
76 68
20 17
5 6
12 7
235 310
11 11
16 9
93 78
7 9
57 62
41 28
4 8
18 26
64 130
92 74
34 19
53 59
78 99
27 22
200 186
6 5
90 123
63 56
5 3
66 34
10 13
112 161
25 16
205 253
172 205
104 120
238 244
118 99
133 210
139 161
5 4
80 100
58 46
44 91
210 210
178 221
78 60
44 39
7 3
22 17
22 28
15 15
48 38
27 37
40 40
14 17
9 9
6 4
230 236
39 32
10 7
25 25
227 210
39 29
233 349
71 64
79 43
25 18
10 6
62 59
6 4
6 4
84 91
6 5
242 122
12 10
97 65
70 63
8 10
77 96
102 93
110 61
86 129
68 109
9 8
4 8
6 5
28 26
99 84
7 9
5 4
7 10
51 65
133 99
9 11
21 27
58 34
54 25
152 145
27 22
35 30
36 36
8 8
6 6
10 7
15 13
32 22
8 22
116 81
226 180
29 55
236 180
48 24
136 55
139 113
121 129
161 215
8 7
43 54
78 48
18 11
173 320
42 85
13 13
7 14
4 5
34 43
22 21
9 12
173 187
20 17
4 5
34 32
151 156
56 48
80 68
11 13
16 25
5 4
154 110
4 6
230 162
16 9
15 11
4 6
11 8
7 5
181 171
235 230
25 25
191 182
12 12
40 18
14 15
15 13
5 5
31 23
56 50
5 4
9 12
87 80
92 113
120 209
5 5
89 73
133 177
65 78
153 170
5 5
173 227
27 28
100 132
22 16
5 4
10 10
35 42
22 21
9 6
19 19
20 12
95 125
20 28
250 232
6 6
5 4
38 31
8 7
5 4
12 11
17 19
14 9
6 5
7 9
163 173
29 38
4 4
15 16
149 225
236 206
249 174
23 23
14 15
18 13
12 11
60 38
16 18
13 10
213 128
87 64
24 35
225 232
156 93
82 78
14 9
36 49
250 172
131 172
5 3
16 14
8 4
6 7
248 390
84 114
4 5
114 102
77 76
26 18
94 77
187 106
9 18
61 70
18 22
186 239
19 19
31 38
5 4
4 5
29 44
29 30
91 68
24 18
228 312
15 22
64 98
6 4
25 43
7 4
101 61
17 19
67 57
24 25
7 6
10 10
49 34
189 445
17 25
7 8
73 49
156 96
182 202
103 100
161 346
118 112
5 4
90 85
20 12
113 105
74 123
61 62
68 30
97 143
121 92
23 32
45 55
5 5
31 33
102 114
99 77
101 101
217 197
120 127
33 21
10 11
7 7
196 132
178 144
46 43
107 53
10 7
46 48
31 41
37 41
5 8
33 43
49 52
37 68
88 62
141 143
13 20
68 52
125 92
44 60
5 4
201 178
85 56
49 49
53 38
13 14
4 7
18 26
24 23
20 19
10 9
40 45
99 98
247 334
8 11
137 115
55 79
131 145
19 17
164 111
79 48
10 16
30 29
170 148
7 7
99 147
6 8
10 7
20 32
159 125
6 5
5 5
17 21
42 37
34 52
7 7
9 9
15 20
8 7
12 17
66 84
77 150
227 182
5 3
73 96
61 51
81 101
35 26
8 13
6 8
21 14
15 13
234 333
246 332
5 4
33 38
180 238
8 11
5 5
63 95
8 10
25 30
195 159
254 322
71 150
59 62
10 11
34 23
11 8
19 25
37 53
29 32
26 36
15 17
197 250
136 184
25 21
6 4
13 7
213 291
54 80
28 14
32 30
8 7
48 30
25 25
12 12
32 39
10 8
26 16
43 67
165 131
9 12
12 15
32 30
102 283
11 7
6 5
85 116
66 90
61 37
135 197
9 6
19 19
172 107
44 71
13 13
82 94
156 110
57 50
154 114
60 58
7 11
96 127
156 134
6 6
203 418
8 6
213 252
48 46
10 12
14 17
14 10
65 72
108 126
11 17
11 13
4 7
24 25
66 89
108 114
5 7
11 12
44 40
7 7
129 207
114 80
40 27
106 130
18 10
39 38
248 156
185 236
75 204
42 82
112 172
8 5
15 20
19 17
17 11
39 25
238 305
43 49
215 314
37 60
159 119
5 5
10 8
10 6
8 6
30 30
10 11
246 416
81 42
102 138
60 68
10 6
19 19
12 8
24 15
4 3
176 226
60 33
57 62
243 160
18 17
252 282
90 60
208 226
7 7
53 48
7 6
13 5
60 42
12 25
4 2
21 21
22 17
9 8
11 9
18 18
100 95
31 27
97 90
22 30
89 64
5 4
12 8
233 297
155 131
19 38
156 153
7 10
16 18
26 38
61 48
44 51
11 12
13 10
9 6
8 5
7 6
5 6
121 212
13 23
70 102
97 100
56 96
28 20
195 212
80 44
4 8
29 33
44 37
47 49
30 22
17 19
6 3
5 5
25 23
42 57
89 49
144 142
119 71
165 125
130 184
18 14
44 53
21 17
7 7
4 5
32 21
62 57
12 18
176 212
4 3
4 3
77 60
148 125
157 157
72 54
16 15
11 15
90 76
9 10
11 15
46 34
118 113
53 43
167 279
28 28
9 7
9 7
51 49
26 43
224 296
24 30
77 56
65 49
16 11
201 182
9 16
5 8
6 5
22 17
232 199
66 58
6 7
53 69
19 17
58 43
52 41
40 46
230 212
5 5
178 147
127 67
22 27
206 280
87 85
7 4
23 18
10 7
37 70
42 36
6 6
30 26
62 146
81 80
95 105
23 14
233 207
158 83
33 27
205 190
22 27
126 162
117 112
156 142
49 33
24 15
135 291
7 7
256 437
54 67
5 4
90 177
18 19
129 84
6 5
138 328
129 131
7 5
8 5
143 180
9 5
24 33
58 65
21 21
22 24
150 152
4 5
205 322
184 265
80 99
74 89
7 6
78 81
41 22
63 66
38 69
34 23
156 67
186 263
12 14
256 198
87 118
88 57
63 81
5 10
20 14
97 87
6 5
88 150
126 78
56 40
147 154
71 54
124 141
93 115
5 7
43 39
9 7
25 21
12 9
4 5
29 18
29 36
234 294
13 21
42 31
19 26
65 69
101 56
10 13
6 9
111 58
155 167
7 6
44 29
6 6
6 9
203 128
97 59
6 7
106 61
133 164
84 71
12 6
15 16
5 3
41 37
28 20
30 17
9 7
7 9
42 45
9 10
14 13
72 94
13 19
69 78
6 4
47 82
4 3
6 7
10 12
25 31
96 135
78 108
28 25
92 106
5 6
29 43
4 3
55 53
125 100
45 56
161 109
79 92
27 22
111 65
14 13
12 10
57 65
9 10
90 79
149 83
158 270
73 31
135 158
181 254
254 203
134 130
235 379
104 82
67 69
64 57
17 10
18 18
14 23
16 22
73 79
14 16
103 95
135 171
27 31
35 31
34 29
60 48
154 220
6 10
233 352
250 295
39 35
10 6
168 163
73 63
149 125
20 12
101 95
58 44
38 41
7 7
5 4
14 20
10 10
204 225
81 92
6 5
12 11
50 27
30 23
51 60
79 54
14 9
13 8
84 85
11 7
251 234
153 109
4 7
14 6
105 81
4 6
31 26
222 163
5 8
18 15
11 8
200 202
54 53
77 142
22 47
19 19
49 74
21 35
71 82
35 32
24 32
13 20
100 108
27 22
50 59
26 31
9 8
6 7
176 83
18 18
12 8
66 155
10 5
7 7
19 12
53 28
14 12
34 27
19 19
18 12
22 30
38 48
15 13
5 7
37 45
52 45
5 6
139 175
8 9
149 154
12 12
62 36
32 51
139 142
70 66
90 64
209 146
6 5
33 21
7 9
246 267
61 66
102 96
5 8
174 194
18 24
48 47
29 26
115 189
114 104
57 47
97 93
102 127
30 39
133 90
8 6
55 54
191 335
13 9
82 79
75 49
45 25
49 41
21 24
14 15
5 4
22 13
43 30
37 69
9 9
20 17
116 75
105 93
7 10
178 171
18 14
48 84
10 10
7 6
8 4
6 8
178 133
95 144
217 190
63 83
63 65
17 29
28 21
34 40
40 59
13 14
181 285
38 17
96 129
17 16
5 6
23 26
13 15
19 20
32 16
72 88
234 391
4 5
110 186
5 6
6 3
59 72
184 269
5 4
17 11
123 85
48 49
129 84
245 370
53 56
242 249
186 102
255 278
12 8
189 203
64 94
4 8
26 23
217 129
4 3
8 4
168 298
5 5
42 25
181 226
6 6
16 14
201 126
40 26
73 71
62 56
10 5
95 84
15 20
11 7
40 33
135 178
74 82
96 115
5 8
6 8
7 11
42 56
74 136
119 127
50 53
11 23
181 193
100 45
20 24
9 10
58 50
4 6
8 11
5 5
121 190
246 231
49 55
9 8
5 5
6 6
5 4
46 52
36 34
7 9
183 181
116 256
6 8
113 149
19 15
24 21
6 8
16 27
21 19
12 15
6 8
113 81
118 97
11 20
225 182
44 27
6 5
8 10
79 57
57 32
84 80
68 61
132 154
32 55
22 12
36 32
62 39
225 368
70 55
6 5
7 8
204 237
130 101
79 134
35 62
20 44
71 52
17 10
29 13
44 43
15 12
38 58
6 11
4 3
24 16
42 30
93 60
21 48
112 248
85 82
30 26
55 46
17 20
36 16
196 282
35 30
72 71
19 19
120 150
16 9
7 7
189 349
179 152
101 117
68 80
124 65
19 10
6 7
6 8
14 31
8 19
11 13
31 33
15 22
223 258
9 10
57 87
55 77
87 92
108 117
6 6
220 250
84 80
64 72
215 342
152 280
16 12
62 35
177 114
26 39
189 154
11 9
7 5
5 5
209 219
187 166
8 4
10 16
20 13
5 6
38 43
19 24
113 184
54 57
16 13
24 43
10 20
108 97
16 20
52 50
4 4
7 14
154 161
151 128
5 4
8 12
22 35
12 9
58 61
104 54
35 57
9 9
20 19
57 125
77 97
4 4
8 7
26 26
6 12
68 88
27 20
208 242
186 198
196 140
19 33
9 7
12 14
61 55
79 60
90 94
5 6
66 40
8 5
12 11
25 9
91 119
98 89
41 56
25 22
75 128
10 9
5 5
136 200
53 75
171 307
156 149
7 7
90 87
39 29
15 16
217 444
58 59
17 14
10 10
149 123
25 24
10 13
41 92
76 94
115 170
7 7
121 134
113 97
125 215
36 51
103 68
5 8
22 18
35 20
6 6
244 251
8 10
69 41
52 49
43 27
8 10
15 11
14 13
14 17
45 54
32 27
208 191
235 151
25 37
20 19
80 78
7 5
24 25
164 141
8 9
16 7
11 8
7 7
17 16
10 6
10 8
146 344
13 12
14 10
109 123
7 18
26 24
25 61
67 97
64 50
4 8
139 125
34 39
7 6
8 7
44 40
4 6
16 12
16 16
4 8
31 23
20 13
11 14
222 244
151 154
76 126
106 71
13 8
62 50
24 22
228 168
27 35
10 12
52 61
182 190
43 50
146 126
153 302
58 82
10 6
11 6
24 14
6 7
72 107
15 18
18 9
6 7
5 5
35 34
19 16
5 4
36 33
13 26
143 108
28 16
4 5
61 58
34 55
91 79
98 142
21 19
130 121
11 14
22 33
53 56
31 21
46 36
8 6
9 11
10 11
10 7
216 252
7 8
176 231
41 38
14 16
193 157
6 3
12 12
123 237
93 281
18 32
77 76
4 3
10 12
10 11
7 21
29 30
6 5
33 42
15 10
8 13
95 106
43 54
159 190
55 51
7 5
44 63
96 81
48 47
26 23
7 10
188 290
79 61
9 11
50 28
6 5
233 186
21 20
42 46
131 90
44 66
5 6
7 5
16 9
211 235
16 14
13 15
224 260
18 13
5 3
27 29
16 16
14 13
115 168
67 70
58 57
26 29
7 9
71 36
7 6
207 240
153 237
117 91
12 15
11 11
6 10
5 2
23 29
67 33
107 84
58 49
118 76
6 6
169 289
159 179
90 96
29 22
9 12
207 155
12 14
8 8
11 14
39 68
228 145
98 61
6 7
61 46
24 15
36 36
151 97
49 48
39 20
151 103
35 23
16 13
87 222
11 11
17 19
87 71
32 33
6 4
12 18
132 151
14 19
14 17
128 145
195 190
49 47
13 12
5 9
59 80
50 97
238 211
34 32
36 36
9 12
24 26
7 7
5 5
14 10
87 73
48 57
102 69
190 126
61 41
26 22
19 18
6 16
31 99
35 70
58 43
6 5
6 9
123 171
186 164
8 9
6 5
193 233
27 40
51 136
92 70
5 3
32 39
8 9
45 56
25 23
147 108
28 22
19 28
19 19
37 42
230 284
237 362
16 15
144 67
73 66
33 24
63 73
64 49
26 22
5 4
4 5
224 264
7 9
81 99
43 39
14 15
109 77
50 31
5 5
40 48
19 22
5 4
24 13
74 109
68 57
14 21
112 160
6 6
32 28
10 9
4 4
223 363
109 193
112 96
9 9
129 90
6 12
32 43
125 138
19 25
7 5
25 18
13 16
167 209
171 183
20 29
226 288
32 32
6 4
12 11
199 96
19 20
6 5
18 19
31 21
65 71
6 7
10 7
20 18
10 7
6 6
8 8
67 77
7 4
20 16
12 9
134 95
4 3
122 97
200 254
66 87
26 29
23 37
89 96
75 75
44 43
37 53
199 87
16 11
7 4
141 225
5 7
6 5
5 7
15 14
5 5
9 7
30 49
5 4
7 11
14 17
82 51
250 129
12 13
235 383
85 107
117 145
70 65
8 4
8 4
89 82
11 8
36 38
8 6
25 19
5 5
17 14
30 27
20 14
32 33
41 35
140 219
132 171
225 155
24 26
133 123
20 15
100 63
12 10
49 36
174 166
23 18
22 13
177 321
12 10
43 101
143 183
196 171
15 19
146 174
171 95
8 11
57 45
60 84
5 4
5 4
11 36
143 330
135 156
5 5
38 48
8 9
7 5
68 112
8 8
79 63
6 8
216 360
157 118
6 4
9 11
45 34
24 40
25 31
47 35
5 5
13 12
14 13
94 152
11 15
25 19
48 27
7 7
25 21
46 39
7 9
19 22
37 20
66 40
60 53
8 11
24 22
66 73
20 28
8 11
5 8
61 64
64 129
25 22
54 48
5 3
59 55
6 7
19 19
16 40
103 181
45 40
7 3
6 6
21 29
53 73
17 19
20 18
9 6
44 36
28 27
57 66
38 49
5 4
89 81
221 217
18 11
5 4
181 151
8 13
27 19
44 61
27 35
151 186
11 14
111 93
34 21
10 10
9 6
35 23
197 181
13 12
13 8
5 3
7 7
19 16
46 33
114 170
58 70
33 30
7 3
56 50
106 159
6 7
27 30
28 35
179 147
148 163
5 8
56 67
135 120
4 6
18 19
231 244
191 244
18 13
43 88
31 50
21 17
14 11
45 53
16 26
15 21
210 529
98 94
5 6
33 35
16 16
34 22
6 4
27 31
27 10
83 70
226 140
15 15
99 47
33 27
81 74
5 3
14 19
17 14
51 58
91 74
35 46
12 22
7 7
180 218
19 12
104 166
128 178
83 91
44 53
9 9
11 21
37 64
19 18
30 24
5 9
7 6
38 53
14 10
197 179
4 4
9 10
229 296
34 67
19 24
4 5
38 57
7 5
46 46
6 4
25 27
124 87
96 86
96 67
31 32
34 16
36 96
6 9
7 5
30 35
42 111
9 6
51 83
31 16
37 28
19 34
10 13
49 27
24 22
36 46
14 19
248 378
5 5
11 10
165 198
146 120
65 54
9 8
42 49
251 280
10 8
52 79
8 5
189 173
30 29
6 5
8 7
23 18
6 5
255 345
50 50
11 8
7 7
111 128
8 6
77 76
5 4
114 226
75 53
81 31
141 96
4 7
30 36
101 75
106 54
5 6
78 78
50 93
39 59
85 48
49 76
59 51
34 35
207 338
7 15
64 86
11 13
18 8
13 14
108 81
74 88
12 15
180 119
105 150
51 43
105 112
180 127
44 31
63 74
63 99
6 3
15 14
135 166
27 29
10 9
90 54
6 5
68 74
91 131
21 19
30 33
4 3
9 9
13 10
50 75
14 19
18 13
11 12
9 4
23 17
10 5
157 181
10 14
10 10
7 4
200 184
13 9
7 4
6 6
6 8
119 166
115 183
10 10
161 220
130 129
10 4
83 129
134 250
26 17
90 180
89 84
9 6
130 107
5 4
139 142
6 5
10 10
61 65
73 82
11 18
82 108
201 221
112 191
13 14
5 4
11 12
29 53
162 149
15 23
36 37
63 94
48 44
10 5
41 33
15 11
83 61
41 75
6 4
64 58
172 120
16 15
145 124
9 12
31 20
6 5
191 200
196 205
25 22
16 15
78 84
5 6
90 52
37 49
245 373
87 99
115 129
226 271
7 7
21 33
81 82
196 172
20 30
153 124
139 196
14 11
168 244
44 52
52 41
97 146
37 37
15 9
29 52
200 221
159 157
216 270
103 125
39 81
9 8
68 81
77 62
34 26
25 12
229 160
17 15
226 276
14 11
32 83
90 123
145 180
161 149
81 61
29 18
4 4
48 55
42 38
122 140
9 13
30 28
5 4
22 15
59 62
183 183
177 245
37 35
26 36
23 28
103 101
50 74
81 104
6 5
31 60
135 209
225 336
4 4
7 6
133 120
5 2
11 19
64 55
5 9
167 169
42 52
7 6
7 4
16 14
8 5
39 41
7 10
42 25
10 12
43 42
64 50
25 20
95 55
12 12
7 4
17 11
16 24
58 40
61 78
6 6
251 353
206 201
13 15
84 113
34 24
35 28
26 24
5 3
7 5
95 94
39 81
226 177
4 4
48 62
237 283
9 11
4 5
143 164
153 109
24 30
52 54
7 4
104 76
82 109
50 63
15 10
29 45
52 35
188 317
44 32
12 14
106 106
85 92
35 42
36 37
62 81
19 15
8 5
15 21
83 60
20 34
5 9
69 55
77 89
9 17
67 85
5 4
6 9
84 86
29 27
11 11
37 33
38 27
32 27
113 110
12 16
12 9
28 25
11 10
4 2
80 89
74 62
48 83
6 5
81 103
91 89
67 65
35 55
96 85
244 227
10 12
4 3
4 4
8 5
170 154
161 173
6 14
64 107
98 96
30 28
97 71
12 7
20 17
61 72
18 12
11 9
39 38
6 4
157 169
152 215
25 24
45 32
18 9
152 332
41 42
5 7
116 68
5 5
4 6
4 2
215 217
10 9
76 103
147 118
165 144
87 113
9 9
17 18
7 5
11 15
12 20
177 305
35 38
195 127
14 13
77 69
14 20
6 7
14 10
205 118
29 19
39 45
204 248
141 170
141 153
10 8
7 10
142 134
26 36
96 92
73 87
13 20
31 33
14 12
231 384
58 68
102 159
36 37
7 7
210 191
22 16
189 371
72 65
5 3
9 7
33 33
80 106
13 21
120 67
62 55
23 19
9 12
123 133
115 91
52 44
19 33
39 44
68 85
242 213
8 9
20 11
12 11
75 62
106 192
11 4
6 5
84 48
94 73
16 24
51 34
151 237
9 10
80 139
4 4
46 46
49 51
104 135
15 15
25 24
25 12
51 59
180 160
140 121
84 83
142 160
82 81
22 22
93 87
59 44
34 22
11 6
94 54
130 101
29 20
174 139
44 46
74 52
142 344
36 44
29 32
26 49
21 20
100 123
62 82
14 11
74 87
9 7
122 93
103 169
63 41
142 185
8 11
4 3
9 14
121 147
8 5
7 8
5 9
179 240
29 38
15 21
58 38
13 12
56 67
12 12
121 226
18 22
6 6
22 15
12 10
22 14
6 6
72 132
236 381
173 105
16 15
145 131
236 167
45 64
24 19
196 290
84 117
82 96
231 246
17 23
73 105
76 52
8 8
205 183
6 6
240 306
4 2
37 34
194 183
6 9
68 95
168 196
13 12
23 38
76 97
9 10
156 169
6 7
19 19
105 71
118 222
33 36
10 14
13 17
48 59
6 8
6 5
48 54
54 93
20 19
45 61
17 15
42 37
4 6
19 20
47 36
54 44
4 3
40 29
21 22
10 10
23 20
13 13
20 15
17 20
11 10
14 9
20 11
10 10
194 192
183 312
96 121
6 6
5 6
17 31
28 17
215 215
9 6
9 10
123 131
4 5
10 7
25 39
142 83
12 13
224 249
107 117
9 7
25 16
10 14
33 21
15 10
11 8
40 31
22 17
10 10
236 228
6 4
5 4
33 51
59 40
125 144
5 7
54 31
14 12
13 8
65 69
150 143
59 57
45 43
10 8
80 56
19 12
44 37
237 158
10 5
87 115
57 78
7 3
175 172
117 73
6 9
17 16
159 157
253 196
238 357
7 6
166 189
17 22
17 16
18 18
9 6
86 83
8 10
95 64
253 211
68 62
230 135
99 100
95 73
159 264
13 8
6 7
31 39
26 31
27 19
77 103
81 70
6 8
13 12
66 62
13 22
10 12
140 123
29 32
159 192
14 14
31 35
63 61
10 9
4 4
8 9
71 59
29 26
172 139
190 195
174 254
122 97
120 76
94 69
92 139
5 6
11 12
31 15
14 10
46 59
10 9
18 16
118 105
155 210
13 12
5 4
38 34
111 88
43 65
10 8
17 17
56 42
13 12
22 19
4 4
36 26
11 10
31 51
5 8
18 20
47 68
54 40
91 130
124 111
245 147
88 158
77 75
33 36
28 23
111 91
42 78
46 47
19 16
85 75
5 8
158 142
12 18
70 52
8 9
4 5
61 49
5 8
204 144
57 63
9 6
31 31
99 95
65 71
154 343
15 13
4 8
99 132
15 20
12 11
43 45
17 15
49 40
75 66
35 22
110 107
54 82
4 6
31 57
131 330
94 89
4 6
43 39
10 14
90 66
27 32
197 218
4 6
46 34
6 4
17 21
207 282
45 68
41 44
8 3
31 24
142 102
156 114
110 104
16 11
202 230
220 241
7 16
36 18
24 32
174 112
62 72
5 5
28 33
189 163
5 6
20 29
18 19
97 62
24 23
6 3
25 23
4 4
92 78
31 29
34 55
41 21
20 17
62 38
92 64
48 68
208 166
116 120
111 188
27 35
68 63
169 196
6 6
12 19
45 39
37 41
109 66
17 22
26 43
87 83
81 67
13 11
8 8
120 119
75 45
46 67
19 26
15 24
7 8
5 6
5 5
49 44
38 34
14 11
6 6
5 4
9 6
149 206
42 62
8 11
209 367
73 117
56 63
10 11
109 89
23 27
51 46
47 50
62 101
8 5
23 25
11 16
24 22
130 54
8 6
7 6
4 5
190 146
135 95
7 8
8 9
16 16
17 14
109 102
12 10
8 7
253 374
50 59
14 15
86 79
166 178
18 14
213 205
14 19
52 109
70 64
5 2
50 35
19 17
122 125
183 143
9 9
132 99
23 24
62 34
181 177
174 246
15 15
77 57
20 22
37 41
168 190
34 58
57 63
58 54
10 5
78 78
5 6
4 5
207 197
4 3
9 5
26 34
11 11
4 3
33 21
9 9
18 47
16 22
26 33
120 95
8 10
22 19
26 16
41 44
63 46
193 114
20 30
13 9
45 25
94 97
251 346
171 155
12 10
41 109
10 8
17 16
4 5
28 19
17 16
10 11
10 13
10 8
44 47
90 78
47 44
73 67
7 11
30 19
137 164
11 22
20 11
88 65
38 18
80 52
18 15
4 4
34 60
46 58
23 20
76 176
31 35
6 11
25 41
14 21
4 4
216 185
29 29
19 15
23 40
74 40
8 9
13 10
11 22
32 37
14 14
11 11
6 6
32 11
5 2
33 36
220 234
206 315
229 144
26 40
165 138
117 88
6 6
8 9
6 10
16 22
68 98
144 202
39 31
7 5
15 20
16 18
9 10
167 254
144 102
11 12
225 350
25 17
83 55
168 286
11 12
74 68
19 12
8 6
29 30
175 168
21 29
123 74
14 18
12 14
4 5
149 207
36 68
178 110
187 548
74 53
73 68
25 19
83 77
130 133
181 103
224 250
9 9
7 9
16 15
6 6
6 4
29 29
145 97
29 13
26 53
44 49
15 13
39 51
142 85
30 31
174 157
32 40
14 13
153 185
8 5
87 86
142 147
70 48
5 4
134 181
9 11
74 81
5 5
6 8
7 5
59 95
10 8
135 139
82 73
111 136
56 40
6 6
62 37
168 146
122 132
37 19
43 16
93 120
28 22
25 15
8 12
65 82
82 92
4 4
59 50
6 10
247 361
252 321
216 304
109 80
144 60
4 3
7 7
39 51
24 32
63 63
19 37
75 68
4 4
133 142
21 16
10 8
25 25
12 9
14 16
158 329
11 24
120 64
16 11
41 43
29 22
89 102
230 461
210 254
31 31
10 6
91 139
4 4
23 44
39 40
72 79
31 29
5 9
38 31
14 10
7 10
4 6
8 8
66 77
122 128
4 7
4 4
26 16
15 14
16 16
76 84
80 108
12 12
138 268
10 18
36 38
7 6
7 4
4 4
9 11
17 24
16 29
21 19
90 82
15 12
175 391
14 19
21 17
164 161
6 8
26 34
89 99
21 26
6 13
80 77
27 26
30 24
141 117
19 20
82 61
76 84
52 44
11 4
52 75
14 18
6 7
8 14
47 38
22 28
28 24
29 21
71 143
130 106
16 16
9 12
47 59
16 11
76 97
13 12
45 28
96 93
5 5
208 179
120 121
36 74
142 149
203 130
139 106
239 160
13 20
73 60
41 30
8 7
166 214
40 60
5 4
32 34
239 165
7 6
53 61
16 5
60 60
44 46
30 23
12 22
20 19
80 100
125 211
12 6
23 31
10 7
73 111
9 8
109 131
4 3
19 19
15 13
6 6
10 12
24 22
19 14
47 59
45 33
64 90
84 109
234 188
14 30
6 7
81 91
22 35
240 277
26 25
56 61
10 10
43 48
24 33
15 17
32 28
6 8
16 12
6 7
5 3
25 23
52 73
130 78
10 9
41 34
81 81
62 80
180 292
27 49
18 16
149 174
85 87
95 120
211 813
11 11
14 20
6 4
13 13
4 6
97 74
4 0
3 0
0 46
2 0
0 1 0
0 44 45
1 47 248
4 0 203
0 49 33
0 1 0
2 0 1
4 0 333
0 30 45
0 24 26
0 1 0
2 0 7
0 16 17
3 0 0
1 25 100
0 1 0
2 0 0
0 27 15
2 0 10
3 0 10
0 1 0
1 39 91
0 50 58
1 4 5
0 12 15
0 1 0
0 17 14
1 40 29
1 3 13
0 45 39
0 1 0
3 0 10
0 39 46
3 0 0
0 9 5
0 1 0
0 21 21
0 34 30
0 15 4
0 41 36
0 1 0
0 46 48
1 19 122
1 22 117
1 5 25
0 1 0
4 0 605
0 8 8
2 0 10
3 0 2
0 1 0
1 30 69
0 29 34
0 47 44
1 22 130
0 1 0
0 39 17
3 0 5
4 0 715
2 0 10
0 1 0
4 0 748
3 0 0
0 11 9
4 0 578
0 1 0
3 0 4
0 49 77
1 14 63
0 35 30
0 1 0
1 11 63
3 0 2
3 0 6
3 0 8
0 1 0
0 37 31
0 13 16
4 0 289
0 9 3
0 1 0
0 18 24
0 43 42
0 29 26
2 0 10
0 1 0
1 5 18
0 9 4
1 49 62
0 5 9
0 1 0
0 12 1
0 50 46
1 11 48
4 0 726
0 1 0
0 14 9
0 41 45
3 0 5
0 42 38
0 1 0
0 47 57
1 6 16
4 0 539
4 0 272
0 1 0
1 20 66
0 33 38
1 27 51
4 0 268
0 1 0
2 0 0
1 11 68
2 0 10
0 49 42
0 1 0
1 7 27
0 20 21
0 5 2
1 39 162
0 1 0
0 29 13
1 34 137
1 41 172
1 14 39
0 1 0
0 28 22
2 0 5
2 0 4
4 0 231
0 1 0
0 37 40
0 15 14
2 0 5
1 11 71
0 1 0
0 27 22
1 32 186
2 0 9
1 25 131
0 1 0
2 0 9
0 2 2
1 26 83
1 11 20
0 1 0
0 39 27
4 0 467
0 31 29
0 10 6
0 1 0
0 23 15
0 43 34
2 0 9
0 29 26
0 1 0
1 27 118
1 30 61
2 0 7
0 44 61
0 1 0
0 48 65
4 0 639
2 0 8
0 48 39
0 1 0
0 20 19
0 25 14
4 0 952
0 3 2
0 1 0
0 34 25
1 35 110
0 1 1
0 10 10
0 1 0
4 0 837
3 0 1
2 0 7
0 42 66
0 1 0
1 31 115
3 0 7
4 0 925
0 11 18
0 1 0
0 7 7
2 0 3
1 6 25
0 23 25
0 1 0
1 50 194
1 41 96
0 6 6
3 0 0
0 1 0
0 10 12
1 20 76
0 5 5
0 44 39
0 1 0
1 36 110
1 40 168
0 50 64
2 0 0
0 1 0
0 10 14
1 24 120
2 0 4
0 9 7
0 1 0
1 6 34
0 26 24
3 0 2
1 11 43
0 1 0
1 18 88
0 9 6
1 26 156
0 30 15
0 1 0
0 25 21
2 0 1
1 27 115
1 47 254
0 1 0
1 34 190
0 9 10
2 0 1
4 0 822
0 1 0
1 43 147
3 0 0
1 9 12
4 0 283
0 1 0
1 37 144
4 0 813
1 7 36
2 0 7
0 1 0
1 42 241
1 38 145
0 44 53
2 0 7
0 1 0
1 45 139
4 0 448
0 46 64
0 7 12
0 1 0
1 29 82
1 16 54
1 14 41
0 17 10
0 1 0
1 36 184
1 46 104
0 29 48
0 42 39
0 1 0
1 7 18
0 28 22
0 7 7
0 15 15
0 1 0
0 32 40
1 44 150
3 0 10
2 0 9
0 1 0
0 27 19
0 26 29
4 0 453
1 37 202
0 1 0
0 40 49
1 12 37
2 0 7
1 31 104
0 1 0
3 0 3
1 14 75
0 15 11
3 0 8
0 1 0
0 49 51
0 45 44
3 0 4
0 36 38
0 1 0
0 37 61
0 18 19
0 38 24
3 0 3
0 1 0
4 0 978
0 26 24
0 1 1
4 0 830
0 1 0
1 34 193
0 20 15
1 16 22
1 14 7
0 1 0
1 4 15
1 18 63
0 2 1
1 22 36
0 1 0
1 30 103
3 0 1
0 8 8
3 0 1
0 1 0
1 1 4
0 34 20
2 0 1
1 12 41
0 1 0
0 17 21
0 40 47
0 31 18
4 0 982
0 1 0
1 17 36
0 30 32
0 27 20
4 0 649
0 1 0
4 0 914
1 24 101
3 0 6
2 0 1
0 1 0
2 0 6
3 0 1
0 38 42
0 13 15
0 1 0
4 0 324
1 25 151
0 12 16
1 36 225
0 1 0
0 10 11
3 0 8
0 25 27
1 15 20
0 1 0
1 22 91
4 0 950
0 33 39
1 41 198
0 1 0
2 0 5
0 4 4
0 31 30
4 0 974
0 1 0
3 0 7
1 12 51
0 30 54
0 40 49
0 1 0
3 0 1
1 18 31
0 8 6
0 24 35
0 1 0
4 0 806
0 40 51
3 0 4
0 29 36
0 1 0
0 38 27
0 42 64
0 47 31
0 35 44
0 1 0
0 10 7
0 17 17
0 41 41
0 12 20
0 1 0
2 0 6
0 23 25
0 10 6
0 22 15
0 1 0
4 0 680
0 19 10
1 5 12
2 0 4
0 1 0
4 0 871
1 48 259
1 20 131
1 19 112
0 1 0
1 37 196
1 37 140
3 0 1
4 0 442
0 1 0
0 2 1
0 43 69
2 0 0
0 26 4
0 1 0
0 25 24
0 17 4
0 15 22
0 12 6
0 1 0
1 40 191
0 8 10
0 30 45
3 0 1
0 1 0
1 12 27
2 0 10
0 25 20
2 0 0
0 1 0
3 0 1
3 0 0
0 46 57
0 42 21
0 1 0
0 44 49
1 21 100
4 0 490
0 36 47
0 1 0
2 0 5
2 0 3
0 13 12
1 35 77
0 1 0
1 24 141
0 40 64
1 38 139
0 11 8
0 1 0
0 34 22
1 3 11
0 29 44
1 6 28
0 1 0
2 0 7
3 0 8
0 41 16
1 38 162
0 1 0
2 0 1
0 4 7
0 44 42
0 13 1
0 1 0
1 16 51
0 32 45
4 0 835
1 21 52
0 1 0
1 40 212
3 0 3
2 0 5
2 0 1
0 1 0
0 39 39
3 0 2
0 41 37
0 16 12
0 1 0
1 40 213
0 48 33
0 29 11
0 40 20
0 1 0
1 41 156
0 30 21
0 19 20
1 17 67
0 1 0
4 0 924
2 0 6
1 42 97
0 38 54
0 1 0
0 23 21
1 29 88
1 16 52
1 49 111
0 1 0
2 0 5
0 4 3
1 31 189
0 33 37
0 1 0
0 16 23
0 6 6
1 40 180
0 25 33
0 1 0
0 26 11
2 0 6
2 0 10
2 0 0
0 1 0
4 0 459
0 14 15
1 35 89
1 26 124
0 1 0
1 1 5
0 40 52
0 22 17
2 0 9
0 1 0
0 16 12
0 50 60
1 35 105
0 19 25
0 1 0
0 44 23
4 0 404
0 47 29
1 11 52
0 1 0
0 13 17
1 2 6
0 50 81
4 0 622
0 1 0
1 47 230
2 0 9
2 0 10
0 42 42
0 1 0
1 36 157
4 0 563
1 24 121
1 41 97
0 1 0
0 22 21
4 0 542
0 6 6
3 0 9
0 1 0
3 0 9
0 48 76
3 0 5
3 0 7
0 1 0
0 36 38
0 9 11
0 4 2
1 11 54
0 1 0
2 0 4
1 8 13
2 0 1
2 0 7
0 1 0
1 18 100
2 0 2
0 36 44
4 0 254
0 1 0
1 32 216
3 0 8
0 26 27
3 0 4
0 1 0
1 7 30
0 2 1
0 18 14
1 22 104
0 1 0
0 6 1
1 29 62
3 0 2
3 0 3
0 1 0
1 16 76
1 20 70
3 0 7
0 25 19
0 1 0
0 11 16
1 17 58
3 0 9
0 1 1
0 1 0
0 11 8
1 22 116
4 0 937
2 0 7
0 1 0
4 0 827
1 8 37
3 0 0
1 18 60
0 1 0
0 37 14
0 24 14
2 0 7
1 9 24
0 1 0
4 0 662
0 34 31
1 50 184
0 12 12
0 1 0
2 0 0
0 41 55
0 42 36
0 26 30
0 1 0
1 33 121
2 0 0
2 0 10
0 9 9
0 1 0
3 0 10
0 19 6
4 0 606
1 27 142
0 1 0
0 37 33
4 0 441
1 10 32
1 16 85
0 1 0
2 0 9
4 0 529
0 40 44
1 25 81
0 1 0
1 19 31
0 35 52
4 0 461
1 3 16
0 1 0
1 29 152
0 25 47
1 39 129
4 0 451
0 1 0
1 1 4
2 0 9
2 0 7
0 22 15
0 1 0
0 28 34
0 34 24
0 38 34
0 29 32
0 1 0
0 45 56
1 36 125
2 0 6
0 35 48
0 1 0
1 23 85
3 0 0
0 19 22
1 33 133
0 1 0
0 13 16
0 32 7
1 6 24
1 23 106
0 1 0
0 22 5
1 4 13
3 0 5
0 20 21
0 1 0
3 0 5
1 36 109
1 10 44
2 0 0
0 1 0
4 0 230
2 0 2
4 0 830
0 36 41
0 1 0
0 47 42
1 24 1
1 24 98
1 2 11
0 1 0
2 0 0
0 32 36
0 47 66
0 48 31
0 1 0
0 9 12
1 40 110
0 21 10
0 27 44
0 1 0
1 47 102
0 18 19
1 12 62
0 39 43
0 1 0
1 47 322
0 46 47
1 47 287
3 0 3
0 1 0
1 40 87
0 38 25
1 33 198
2 0 2
0 1 0
0 16 16
0 36 20
0 42 28
2 0 5
0 1 0
0 36 49
1 34 160
3 0 3
0 23 29
0 1 0
0 37 17
0 14 6
0 21 20
0 41 19
0 1 0
4 0 988
0 21 34
0 15 19
1 49 195
0 1 0
3 0 0
0 40 56
1 43 200
0 32 36
0 1 0
3 0 0
0 13 17
4 0 863
0 3 3
0 1 0
1 35 78
3 0 0
2 0 9
4 0 399
0 1 0
0 30 32
2 0 2
1 5 19
1 24 103
0 1 0
1 17 104
0 50 56
0 46 54
3 0 0
0 1 0
0 46 51
0 1 1
0 28 36
4 0 731
0 1 0
3 0 7
0 33 32
4 0 813
0 15 9
0 1 0
1 10 43
4 0 378
0 35 20
0 35 49
0 1 0
0 9 14
1 49 117
0 13 18
4 0 266
0 1 0
0 14 6
2 0 3
4 0 480
1 1 5
0 1 0
1 12 46
3 0 5
1 45 204
0 36 49
0 1 0
0 47 41
0 42 51
1 34 38
0 12 11
0 1 0
1 27 132
0 36 38
1 31 140
0 7 10
0 1 0
1 1 6
1 45 215
1 24 115
1 14 72
0 1 0
2 0 1
1 36 138
0 16 19
0 4 6
0 1 0
0 14 13
0 16 8
4 0 215
3 0 6
0 1 0
1 38 204
3 0 3
1 18 86
1 50 170
0 1 0
0 45 64
0 37 37
0 30 42
1 46 75
0 1 0
2 0 7
0 18 21
1 33 137
3 0 2
0 1 0
0 10 8
1 42 89
3 0 5
0 35 36
0 1 0
2 0 1
0 42 29
1 14 22
3 0 7
0 1 0
3 0 6
3 0 4
0 15 12
0 50 29
0 1 0
0 24 18
1 10 50
1 44 170
1 49 257
0 1 0
1 36 227
2 0 9
4 0 875
1 50 233
0 1 0
1 31 71
4 0 615
0 19 23
2 0 1
0 1 0
4 0 356
3 0 3
0 12 7
0 12 10
0 1 0
1 13 85
2 0 4
1 20 62
4 0 760
0 1 0
0 44 33
1 18 53
0 34 46
4 0 983
0 1 0
1 34 207
1 1 3
0 48 53
4 0 374
0 1 0
0 43 42
0 21 16
0 22 15
1 48 181
0 1 0
3 0 6
0 21 19
1 15 71
0 11 8
0 1 0
2 0 6
2 0 0
0 34 38
0 39 32
0 1 0
0 26 32
2 0 10
0 14 11
0 47 51
0 1 0
1 6 13
1 26 77
0 1 2
0 27 29
0 1 0
1 24 120
1 6 17
0 46 57
0 47 65
0 1 0
3 0 10
1 11 47
1 48 262
1 39 74
0 1 0
0 37 28
4 0 403
0 10 8
0 41 49
0 1 0
0 41 46
4 0 791
0 48 32
4 0 604
0 1 0
3 0 0
1 12 49
2 0 5
4 0 834
0 1 0
0 24 33
1 36 108
1 46 274
0 12 11
0 1 0
4 0 302
0 48 36
3 0 0
3 0 10
0 1 0
1 45 212
1 12 8
4 0 954
1 35 95
0 1 0
2 0 8
3 0 5
3 0 10
3 0 1
0 1 0
0 8 8
4 0 976
3 0 5
1 48 194
0 1 0
1 45 129
1 50 201
0 6 9
0 20 16
0 1 0
1 45 200
2 0 8
1 18 73
2 0 1
0 1 0
0 32 32
0 29 28
3 0 9
0 37 37
0 1 0
0 44 45
0 47 45
1 24 111
2 0 8
0 1 0
2 0 6
4 0 644
1 6 44
3 0 4
0 1 0
0 49 75
0 12 18
0 46 47
1 12 61
0 1 0
3 0 5
1 28 112
1 38 108
4 0 930
0 1 0
1 19 40
0 44 17
1 25 149
2 0 6
0 1 0
1 30 193
1 25 84
0 15 18
1 23 136
0 1 0
1 30 123
3 0 2
1 45 256
2 0 6
0 1 0
0 15 10
4 0 337
1 31 115
1 40 85
0 1 0
3 0 2
4 0 954
1 46 315
3 0 2
0 1 0
3 0 5
1 21 123
0 34 29
4 0 867
0 1 0
1 31 69
0 25 32
0 3 4
0 8 10
0 1 0
1 17 52
0 25 40
0 34 33
0 26 27
0 1 0
0 35 19
0 11 10
1 1 5
0 23 33
0 1 0
1 17 51
1 45 215
0 35 30
0 49 62
0 1 0
1 40 43
0 21 30
1 28 116
1 3 11
0 1 0
0 24 23
0 35 31
3 0 7
0 34 32
0 1 0
0 3 4
2 0 10
0 7 5
0 2 1
0 1 0
2 0 10
0 35 45
3 0 10
4 0 554
0 1 0
0 25 26
0 28 38
0 8 6
2 0 4
0 1 0
0 40 52
1 2 11
4 0 502
1 43 223
0 1 0
1 38 158
0 4 4
0 36 41
3 0 7
0 1 0
1 26 111
4 0 950
0 41 16
0 44 8
0 1 0
0 26 26
1 29 124
0 23 31
1 5 26
0 1 0
1 34 134
2 0 10
1 8 51
2 0 2
0 1 0
3 0 1
0 44 39
0 45 64
0 26 41
0 1 0
1 34 117
0 35 47
1 48 186
4 0 550
0 1 0
3 0 5
4 0 263
2 0 2
1 31 142
0 1 0
0 43 65
0 37 60
1 46 301
4 0 448
0 1 0
4 0 832
1 29 83
1 7 29
0 17 22
0 1 0
3 0 5
0 24 31
0 3 3
0 13 13
0 1 0
3 0 2
1 8 28
1 14 56
1 31 77
0 1 0
0 4 4
0 29 38
0 39 59
0 7 6
0 1 0
1 16 50
4 0 201
0 22 24
2 0 4
0 1 0
4 0 665
0 23 27
3 0 4
0 19 14
0 1 0
1 40 175
2 0 9
2 0 0
0 22 38
0 1 0
0 37 18
2 0 8
0 13 8
1 18 72
0 1 0
0 32 41
0 41 43
0 4 6
0 10 11
0 1 0
0 8 6
4 0 570
3 0 10
1 41 224
0 1 0
0 50 52
1 29 96
2 0 0
1 21 86
0 1 0
1 15 52
4 0 536
0 15 18
0 47 70
0 1 0
0 40 32
0 34 34
1 17 65
0 14 13
0 1 0
1 20 75
0 40 28
1 38 231
1 38 128
0 1 0
0 41 40
1 2 6
2 0 0
2 0 4
0 1 0
2 0 7
2 0 2
0 46 25
1 44 113
0 1 0
0 8 11
1 16 90
0 38 40
0 16 4
0 1 0
4 0 452
0 46 32
1 17 70
0 35 37
0 1 0
1 48 223
1 21 107
3 0 6
0 4 4
0 1 0
2 0 7
0 5 6
0 42 48
4 0 278
0 1 0
1 26 111
3 0 6
0 26 20
1 35 196
0 1 0
1 39 275
2 0 3
1 14 29
3 0 5
0 1 0
0 48 50
0 7 4
0 41 46
1 46 223
0 1 0
3 0 1
4 0 503
1 1 5
0 32 38
0 1 0
1 1 4
0 23 23
1 39 133
0 31 20
0 1 0
1 16 39
1 14 47
0 7 4
0 12 9
0 1 0
2 0 10
1 37 128
4 0 613
3 0 2
0 1 0
2 0 4
3 0 10
1 42 200
2 0 7
0 1 0
0 42 61
2 0 7
1 25 139
1 33 68
0 1 0
1 22 102
1 29 133
0 22 13
0 14 10
0 1 0
1 24 114
1 26 100
0 45 39
4 0 546
0 1 0
1 33 111
2 0 9
4 0 472
3 0 1
0 1 0
0 25 16
1 11 47
0 19 15
1 13 34
0 1 0
0 21 20
0 11 16
1 47 105
1 18 43
0 1 0
0 44 40
1 26 105
1 23 106
4 0 307
0 1 0
2 0 10
0 40 9
1 43 100
0 5 6
0 1 0
1 5 22
2 0 10
1 45 158
0 38 58
0 1 0
0 20 33
0 1 1
0 1 1
4 0 447
0 1 0
1 37 82
3 0 3
0 35 40
0 15 16
0 1 0
2 0 0
4 0 947
0 10 14
1 1 4
0 1 0
0 30 27
1 27 116
1 50 165
4 0 848
0 1 0
0 17 16
1 23 137
2 0 2
0 29 14
0 1 0
4 0 394
0 9 13
0 25 39
1 16 107
0 1 0
0 23 11
4 0 407
0 38 31
4 0 325
0 1 0
1 1 5
1 44 179
1 33 65
1 18 70
0 1 0
0 35 41
1 48 176
0 44 46
0 28 40
0 1 0
2 0 7
0 47 55
4 0 432
0 9 8
0 1 0
1 45 203
4 0 653
1 21 105
3 0 1
0 1 0
1 46 135
1 2 9
1 7 34
4 0 374
0 1 0
0 10 1
1 11 36
2 0 1
0 18 10
0 1 0
3 0 0
2 0 9
1 31 143
0 5 6
0 1 0
1 25 165
0 16 19
1 16 54
4 0 389
0 1 0
1 31 136
0 21 21
0 41 30
0 15 19
0 1 0
0 35 21
4 0 616
0 15 16
0 42 42
0 1 0
1 49 285
1 43 153
0 23 32
0 21 21
0 1 0
1 27 145
2 0 0
3 0 2
0 8 7
0 1 0
0 20 15
1 14 59
4 0 602
1 3 18
0 1 0
1 10 49
3 0 10
0 39 24
1 23 130
0 1 0
0 3 5
1 29 41
0 24 20
1 48 77
0 1 0
1 9 16
0 7 6
4 0 662
0 20 24
0 1 0
2 0 10
4 0 623
1 31 118
3 0 4
0 1 0
0 6 5
0 37 41
1 15 46
1 47 217
0 1 0
2 0 2
0 27 17
1 11 29
0 12 12
0 1 0
0 4 7
0 3 5
0 30 41
3 0 5
0 1 0
2 0 4
4 0 499
2 0 7
2 0 5
0 1 0
2 0 0
1 35 108
0 22 31
1 20 84
0 1 0
0 14 9
0 16 11
4 0 261
4 0 738
0 1 0
1 37 121
2 0 0
3 0 5
1 2 9
0 1 0
1 35 118
3 0 7
2 0 7
4 0 654
0 1 0
0 18 19
4 0 245
0 14 20
4 0 418
0 1 0
1 1 5
0 7 7
0 39 33
1 24 37
0 1 0
0 38 31
2 0 10
3 0 2
2 0 1
0 1 0
2 0 5
0 47 39
1 44 189
1 16 64
0 1 0
4 0 840
0 25 42
1 23 143
3 0 0
0 1 0
0 5 5
0 47 46
3 0 9
4 0 725
0 1 0
2 0 2
0 8 6
1 27 113
0 30 30
0 1 0
1 43 123
0 28 30
0 32 39
0 27 31
0 1 0
1 10 42
1 13 81
3 0 8
0 17 18
0 1 0
4 0 874
1 3 11
2 0 9
1 15 57
0 1 0
1 42 195
0 15 19
1 4 13
1 5 27
0 1 0
1 47 231
0 13 11
2 0 3
0 11 6
0 1 0
0 13 14
0 41 11
1 7 24
1 10 32
0 1 0
4 0 248
2 0 5
4 0 386
3 0 10
0 1 0
0 23 15
0 7 6
1 44 107
2 0 9
0 1 0
4 0 282
1 43 208
1 47 101
0 38 29
0 1 0
0 12 8
1 40 131
4 0 883
3 0 4
0 1 0
0 11 10
0 10 9
0 12 6
2 0 9
0 1 0
0 46 43
0 48 30
1 10 72
0 48 70
0 1 0
1 26 131
0 11 16
0 5 6
1 24 109
0 1 0
0 38 16
0 14 12
1 21 61
4 0 982
0 1 0
0 39 24
0 18 26
0 4 5
1 17 83
0 1 0
0 6 5
1 5 22
0 40 46
1 47 224
0 1 0
0 31 51
4 0 311
2 0 10
1 15 67
0 1 0
1 32 109
0 28 22
0 11 12
2 0 0
0 1 0
4 0 745
2 0 0
1 10 30
0 31 50
0 1 0
4 0 845
0 39 52
2 0 2
0 20 26
0 1 0
3 0 5
1 39 92
2 0 1
0 36 58
0 1 0
0 14 19
1 8 30
0 24 18
1 1 2
0 1 0
2 0 10
0 31 23
2 0 7
1 30 135
0 1 0
0 11 13
1 40 71
0 25 35
4 0 462
0 1 0
3 0 7
1 17 55
0 8 13
2 0 2
0 1 0
1 5 19
3 0 0
1 39 41
3 0 7
0 1 0
0 33 41
3 0 10
4 0 948
3 0 3
0 1 0
1 24 111
0 26 14
3 0 3
2 0 6
0 1 0
2 0 2
0 45 65
0 1 1
0 2 2
0 1 0
1 3 9
1 44 118
0 26 29
4 0 419
0 1 0
4 0 474
1 20 104
3 0 8
1 31 118
0 1 0
4 0 209
4 0 552
2 0 1
0 3 4
0 1 0
1 41 139
0 23 14
0 24 15
1 40 156
0 1 0
2 0 4
2 0 5
3 0 10
0 24 25
0 1 0
1 44 124
3 0 0
0 13 17
3 0 10
0 1 0
0 21 28
0 36 48
3 0 9
1 4 17
0 1 0
4 0 639
0 11 13
4 0 349
0 4 4
0 1 0
0 10 8
0 19 9
1 30 97
1 46 109
0 1 0
2 0 8
3 0 8
1 31 66
0 21 25
0 1 0
2 0 5
1 12 40
1 18 75
0 22 19
0 1 0
0 13 11
3 0 10
0 43 3
1 42 77
0 1 0
4 0 645
1 49 258
1 10 28
2 0 4
0 1 0
3 0 8
0 31 9
0 23 15
3 0 1
0 1 0
0 40 37
2 0 4
0 5 2
3 0 7
0 1 0
0 47 58
0 36 44
0 40 50
2 0 1
0 1 0
3 0 5
0 18 22
0 42 32
1 27 62
0 1 0
3 0 0
1 28 134
3 0 7
2 0 0
0 1 0
0 8 11
1 13 60
2 0 6
0 16 21
0 1 0
1 37 277
0 32 20
4 0 832
4 0 764
0 1 0
0 31 32
0 18 22
2 0 2
4 0 552
0 1 0
2 0 7
0 43 40
2 0 3
4 0 870
0 1 0
2 0 7
3 0 1
1 15 96
2 0 10
0 1 0
0 18 6
2 0 7
1 47 215
0 28 29
0 1 0
1 32 24
0 6 6
0 49 45
1 38 102
0 1 0
3 0 2
0 49 55
3 0 10
0 39 46
0 1 0
2 0 3
1 48 185
2 0 4
0 26 15
0 1 0
1 13 34
4 0 337
0 34 31
0 25 31
0 1 0
0 35 36
0 38 29
0 42 61
2 0 1
0 1 0
1 50 110
4 0 459
1 36 146
0 36 48
0 1 0
2 0 4
3 0 5
1 27 139
0 7 4
0 1 0
4 0 216
0 4 3
0 16 12
1 29 128
0 1 0
1 47 13
1 18 33
0 25 37
0 22 28
0 1 0
4 0 866
0 3 3
0 50 45
0 44 56
0 1 0
0 42 28
1 35 152
0 35 35
0 47 33
0 1 0
2 0 10
0 41 55
3 0 8
2 0 0
0 1 0
1 33 85
1 15 76
1 15 49
0 7 7
0 1 0
0 32 18
1 42 65
1 19 125
1 20 46
0 1 0
3 0 2
2 0 2
2 0 1
0 16 20
0 1 0
1 27 104
3 0 7
1 12 53
1 5 26
0 1 0
0 27 36
0 8 9
0 16 16
0 50 67
0 1 0
0 18 29
1 29 95
0 31 26
0 24 29
0 1 0
0 27 33
0 5 4
0 42 39
1 6 27
0 1 0
0 49 51
1 25 141
0 10 13
1 13 57
0 1 0
1 34 161
3 0 10
2 0 0
2 0 5
0 1 0
1 8 30
1 33 109
4 0 792
1 6 15
0 1 0
4 0 649
0 46 59
4 0 899
3 0 6
0 1 0
0 10 12
2 0 4
3 0 7
1 14 67
0 1 0
1 4 17
0 11 13
3 0 6
1 9 14
0 1 0
0 20 26
3 0 2
2 0 8
0 34 15
0 1 0
0 50 66
0 48 52
0 29 25
0 19 21
0 1 0
4 0 818
3 0 7
4 0 537
4 0 935
0 1 0
3 0 6
1 44 135
0 48 40
0 43 83
0 1 0
1 5 18
4 0 781
0 16 21
0 23 11
0 1 0
1 37 94
4 0 663
2 0 5
0 40 44
0 1 0
2 0 10
4 0 686
0 20 15
1 44 192
0 1 0
4 0 769
1 44 132
0 44 51
0 1 1
0 1 0
1 8 28
1 48 257
1 5 20
2 0 6
0 1 0
0 17 14
1 21 78
0 9 7
3 0 1
0 1 0
1 1 2
0 12 14
0 1 1
0 22 19
0 1 0
1 18 107
0 16 19
2 0 6
2 0 8
0 1 0
2 0 3
1 19 87
3 0 9
2 0 5
0 1 0
2 0 1
3 0 8
0 8 10
3 0 4
0 1 0
3 0 5
0 12 13
4 0 399
2 0 5
0 1 0
0 10 9
0 43 41
1 4 26
0 8 6
0 1 0
0 2 2
1 4 13
0 22 19
3 0 10
0 1 0
0 17 21
0 26 26
1 10 49
0 36 24
0 1 0
2 0 2
0 10 17
0 9 10
4 0 328
0 1 0
0 49 52
3 0 7
4 0 699
0 5 4
0 1 0
2 0 1
0 50 41
2 0 9
0 4 4
0 1 0
1 45 150
1 42 173
1 28 130
1 21 82
0 1 0
0 16 16
3 0 7
1 33 67
4 0 494
0 1 0
0 36 46
1 31 115
0 15 14
0 36 47
0 1 0
0 43 37
4 0 255
0 43 33
2 0 9
0 1 0
0 18 27
1 23 57
0 49 24
2 0 4
0 1 0
2 0 0
0 32 48
0 11 10
0 25 22
0 1 0
2 0 5
0 13 4
0 6 9
3 0 8
0 1 0
0 32 47
3 0 6
1 48 166
1 42 70
0 1 0
4 0 395
1 37 129
4 0 738
4 0 985
0 1 0
4 0 252
0 39 36
0 12 17
1 45 170
0 1 0
0 4 3
3 0 3
2 0 8
2 0 1
0 1 0
2 0 10
0 6 9
1 10 32
1 45 121
0 1 0
0 24 16
0 43 12
2 0 6
1 24 82
0 1 0
1 29 16
1 21 113
4 0 480
2 0 5
0 1 0
1 9 10
1 7 35
0 3 1
0 40 51
0 1 0
4 0 792
0 30 24
3 0 4
0 28 35
0 1 0
0 5 4
1 31 74
4 0 642
2 0 7
0 1 0
1 15 82
0 46 50
2 0 5
4 0 725
0 1 0
1 11 40
0 21 9
1 41 104
0 27 33
0 1 0
2 0 3
1 8 4
0 49 62
0 44 45
0 1 0
0 46 32
3 0 6
0 49 49
0 9 11
0 1 0
0 35 18
3 0 10
3 0 4
0 4 2
0 1 0
4 0 515
0 23 23
3 0 2
4 0 546
0 1 0
0 45 22
1 49 1
4 0 966
0 34 31
0 1 0
0 50 45
4 0 799
0 19 17
2 0 4
0 1 0
0 11 10
0 34 33
4 0 878
1 32 88
0 1 0
0 17 14
1 21 150
0 37 34
0 5 9
0 1 0
0 29 47
1 16 57
1 36 164
1 21 83
0 1 0
0 5 6
1 35 132
0 25 5
0 3 3
0 1 0
0 47 69
1 44 227
3 0 1
0 43 42
0 1 0
1 19 48
1 36 135
4 0 627
1 9 61
0 1 0
3 0 9
2 0 5
0 43 44
0 45 33
0 1 0
0 36 49
0 42 45
1 36 176
0 39 59
0 1 0
3 0 8
1 36 117
3 0 9
1 17 61
0 1 0
3 0 9
0 46 72
0 45 59
1 42 190
0 1 0
0 38 30
3 0 4
3 0 5
0 44 49
0 1 0
0 37 36
1 30 44
1 21 37
0 43 35
0 1 0
2 0 6
1 22 118
0 36 37
2 0 0
0 1 0
4 0 666
0 41 38
1 7 25
3 0 3
0 1 0
0 42 37
4 0 426
0 30 21
4 0 711
0 1 0
2 0 7
0 29 22
0 17 27
0 36 11
0 1 0
0 11 15
0 28 32
0 36 54
3 0 10
0 1 0
0 20 24
4 0 741
3 0 6
1 47 58
0 1 0
3 0 4
1 41 222
0 42 40
4 0 674
0 1 0
0 46 16
1 22 58
1 48 126
3 0 3
0 1 0
0 33 26
1 42 144
3 0 5
0 42 49
0 1 0
1 35 165
0 2 1
4 0 843
0 39 42
0 1 0
1 29 26
4 0 362
1 26 65
0 50 61
0 1 0
2 0 9
0 44 32
0 44 31
0 27 45
0 1 0
1 32 118
0 36 23
0 16 14
0 10 6
0 1 0
1 7 25
1 43 257
1 34 103
0 38 37
0 1 0
0 28 17
1 27 105
4 0 830
0 5 5
0 1 0
1 39 133
0 10 13
0 28 22
0 20 25
0 1 0
0 44 42
4 0 585
1 50 96
4 0 572
0 1 0
2 0 6
0 7 13
4 0 371
1 17 67
0 1 0
0 17 14
3 0 3
2 0 6
4 0 978
0 1 0
1 33 199
0 19 24
1 40 170
0 48 49
0 1 0
0 29 38
1 22 65
0 35 61
0 7 2
0 1 0
1 40 158
2 0 9
1 49 172
1 34 137
0 1 0
4 0 859
1 23 81
0 38 36
0 18 20
0 1 0
0 36 45
3 0 9
3 0 2
0 50 57
0 1 0
1 11 59
0 44 46
1 25 76
0 23 27
0 1 0
1 43 117
1 6 27
0 37 46
3 0 10
0 1 0
0 20 16
3 0 0
4 0 261
0 9 9
0 1 0
0 46 23
0 29 29
2 0 10
0 3 5
0 1 0
1 21 97
0 10 14
1 4 15
0 23 11
0 1 0
3 0 0
2 0 5
0 22 29
3 0 8
0 1 0
4 0 284
1 8 31
1 14 50
0 46 71
0 1 0
0 3 2
1 49 221
0 37 26
1 11 37
0 1 0
3 0 2
1 40 168
0 2 2
2 0 3
0 1 0
4 0 254
0 42 42
3 0 1
0 32 34
0 1 0
1 40 165
1 39 182
0 42 55
0 47 40
0 1 0
1 36 120
4 0 781
1 12 75
3 0 3
0 1 0
3 0 1
0 39 36
0 4 3
2 0 4
0 1 0
0 16 18
0 45 64
1 15 66
2 0 5
0 1 0
3 0 8
0 2 2
4 0 534
1 6 31
0 1 0
1 20 56
0 23 27
2 0 7
0 29 31
0 1 0
0 3 2
2 0 4
0 28 27
1 28 119
0 1 0
0 1 1
4 0 566
4 0 657
0 27 21
0 1 0
3 0 1
0 24 32
4 0 532
0 25 30
0 1 0
1 6 13
0 7 10
1 6 29
0 11 6
0 1 0
4 0 546
1 48 96
1 10 41
0 19 14
0 1 0
1 10 41
0 5 7
1 6 8
0 37 28
0 1 0
0 1 1
4 0 879
3 0 8
0 8 11
0 1 0
0 9 9
2 0 7
1 10 23
1 11 61
0 1 0
4 0 711
4 0 810
1 25 66
3 0 0
0 1 0
1 21 14
2 0 10
1 12 30
1 24 105
0 1 0
0 23 29
1 7 37
0 6 5
2 0 1
0 1 0
3 0 10
0 12 8
0 1 1
2 0 3
0 1 0
1 38 111
0 28 42
1 7 27
1 1 1
0 1 0
2 0 7
0 4 4
0 23 30
1 8 13
0 1 0
0 28 35
0 13 5
0 33 37
1 12 42
0 1 0
0 17 5
0 49 61
0 41 16
3 0 2
0 1 0
3 0 7
2 0 0
1 26 136
1 11 64
0 1 0
4 0 658
1 25 135
1 5 34
3 0 6
0 1 0
1 46 188
4 0 322
1 42 116
1 3 1
0 1 0
0 43 53
0 5 6
1 14 81
0 38 60
0 1 0
0 38 41
3 0 7
4 0 915
1 48 212
0 1 0
3 0 9
0 13 17
1 26 119
4 0 675
0 1 0
0 42 41
1 19 30
3 0 9
1 26 94
0 1 0
0 35 15
0 47 66
4 0 429
0 32 16
0 1 0
1 14 60
0 43 46
1 42 201
4 0 205
0 1 0
0 48 30
1 47 172
1 47 20
0 5 5
0 1 0
3 0 10
2 0 9
1 11 39
1 2 7
0 1 0
0 25 30
3 0 5
1 23 119
1 24 77
0 1 0
0 40 61
1 24 93
1 23 56
3 0 6
0 1 0
0 37 34
0 41 14
3 0 8
0 4 3
0 1 0
0 12 7
0 48 40
3 0 3
2 0 3
0 1 0
3 0 5
0 33 41
0 39 33
3 0 9
0 1 0
0 41 37
3 0 9
1 23 104
1 36 170
0 1 0
1 42 94
0 21 30
4 0 736
2 0 5
0 1 0
1 6 40
0 1 1
1 47 148
0 42 56
0 1 0
2 0 10
1 2 8
0 44 52
2 0 4
0 1 0
0 17 16
3 0 10
2 0 4
1 28 202
0 1 0
0 30 28
2 0 8
0 2 2
1 11 29
0 1 0
0 35 41
1 50 224
0 45 30
1 28 9
0 1 0
2 0 1
0 34 37
4 0 650
1 41 181
0 1 0
1 20 55
0 37 22
0 9 8
2 0 7
0 1 0
2 0 5
4 0 606
0 35 37
1 45 203
0 1 0
1 43 175
1 33 149
4 0 473
0 41 51
0 1 0
1 38 143
1 33 149
1 30 121
2 0 9
0 1 0
0 7 3
0 35 34
0 20 34
3 0 9
0 1 0
4 0 502
0 26 9
1 34 137
1 33 130
0 1 0
0 26 8
1 12 24
2 0 3
2 0 4
0 1 0
1 11 49
1 12 74
0 22 16
1 31 108
0 1 0
1 31 129
4 0 286
4 0 850
1 8 41
0 1 0
4 0 736
3 0 3
0 35 52
0 32 26
0 1 0
3 0 3
0 1 1
1 19 96
1 18 125
0 1 0
0 46 49
0 20 25
2 0 2
3 0 9
0 1 0
1 22 81
1 37 184
0 43 30
1 15 20
0 1 0
0 26 36
1 8 23
1 13 49
1 3 13
0 1 0
0 23 20
3 0 3
1 31 142
2 0 8
0 1 0
1 49 30
2 0 2
0 12 15
0 41 38
0 1 0
0 37 50
0 3 2
4 0 384
0 19 16
0 1 0
2 0 7
3 0 3
4 0 870
0 24 28
0 1 0
0 10 16
1 14 25
1 16 83
0 4 4
0 1 0
0 23 38
0 42 58
0 38 34
1 42 199
0 1 0
0 8 7
0 16 17
0 14 18
4 0 988
0 1 0
4 0 552
2 0 2
0 8 4
0 11 19
0 1 0
0 34 48
0 10 7
1 18 65
1 35 134
0 1 0
0 19 31
0 38 37
1 34 106
0 27 23
0 1 0
1 45 159
4 0 431
0 1 1
0 50 37
0 1 0
0 23 14
1 29 161
1 6 40
1 9 33
0 1 0
1 42 142
0 24 25
4 0 571
1 14 58
0 1 0
0 23 21
1 13 63
1 29 211
0 15 10
0 1 0
0 50 60
1 13 50
2 0 1
0 3 3
0 1 0
0 35 49
1 22 97
1 25 156
0 39 15
0 1 0
3 0 1
1 20 115
0 27 56
0 50 14
0 1 0
1 28 121
3 0 5
4 0 610
2 0 9
0 1 0
1 34 216
1 33 91
0 17 13
1 21 46
0 1 0
1 47 291
4 0 964
4 0 943
0 46 30
0 1 0
3 0 9
3 0 6
0 4 3
0 37 20
0 1 0
0 29 20
0 46 19
4 0 350
0 12 8
0 1 0
4 0 343
4 0 958
0 33 33
1 24 45
0 1 0
1 8 22
0 46 15
0 14 20
0 42 73
0 1 0
0 32 30
0 19 7
2 0 5
1 17 62
0 1 0
0 15 14
0 50 40
0 22 25
2 0 1
0 1 0
2 0 4
2 0 4
0 46 36
1 22 65
0 1 0
4 0 353
2 0 1
1 10 57
1 22 97
0 1 0
4 0 483
0 1 1
2 0 10
0 4 4
0 1 0
0 40 56
1 5 28
0 29 21
0 40 44
0 1 0
0 48 69
0 1 1
3 0 9
4 0 385
0 1 0
3 0 2
0 29 24
3 0 8
1 22 56
0 1 0
0 16 14
1 33 135
1 9 36
0 4 3
0 1 0
1 25 106
2 0 9
3 0 2
1 15 77
0 1 0
1 6 33
0 34 25
2 0 5
0 26 48
0 1 0
0 11 6
0 29 22
0 13 12
0 37 28
0 1 0
1 49 70
0 8 13
0 8 9
0 4 5
0 1 0
2 0 8
0 8 6
3 0 8
0 17 22
0 1 0
0 28 24
0 22 6
1 41 161
4 0 241
0 1 0
3 0 1
1 10 63
0 49 60
1 20 84
0 1 0
1 4 22
0 42 35
2 0 2
0 34 32
0 1 0
0 24 32
1 49 243
0 3 2
1 46 147
0 1 0
0 17 15
2 0 0
1 30 118
1 11 25
0 1 0
0 33 45
0 31 21
3 0 4
0 3 2
0 1 0
1 18 68
0 48 40
0 37 26
0 6 3
0 1 0
4 0 446
1 11 32
2 0 1
0 20 25
0 1 0
0 4 4
0 1 1
2 0 4
4 0 889
0 1 0
3 0 1
2 0 9
1 28 72
0 45 34
0 1 0
0 31 34
1 5 23
1 28 55
2 0 6
0 1 0
1 34 162
3 0 1
0 2 2
0 8 6
0 1 0
3 0 8
4 0 563
4 0 439
2 0 0
0 1 0
1 10 45
1 38 71
1 44 140
1 30 141
0 1 0
1 44 175
1 1 4
1 37 102
3 0 6
0 1 0
0 8 1
1 38 84
4 0 459
1 34 89
0 1 0
0 7 7
4 0 952
1 50 337
0 3 3
0 1 0
0 3 3
0 29 37
0 5 5
2 0 6
0 1 0
0 18 13
0 17 8
0 11 11
0 30 27
0 1 0
1 6 24
1 32 168
0 10 15
3 0 7
0 1 0
3 0 1
0 46 68
0 10 10
1 32 170
0 1 0
1 4 17
0 22 46
0 42 62
0 38 50
0 1 0
4 0 465
1 35 203
0 20 24
2 0 5
0 1 0
4 0 482
0 1 1
1 38 151
2 0 0
0 1 0
4 0 715
4 0 477
1 15 61
1 19 93
0 1 0
3 0 8
0 24 34
0 44 44
4 0 599
0 1 0
3 0 0
4 0 909
1 40 276
0 36 41
0 1 0
0 9 11
0 48 57
4 0 513
0 10 11
0 1 0
4 0 889
0 44 59
4 0 499
0 19 36
0 1 0
0 45 25
3 0 2
2 0 4
0 33 45
0 1 0
0 42 57
1 16 101
4 0 248
3 0 1
0 1 0
0 29 27
0 26 29
0 27 37
2 0 10
0 1 0
0 3 2
3 0 1
3 0 4
0 7 7
0 1 0
0 8 6
0 7 8
0 7 5
2 0 6
0 1 0
4 0 603
1 17 59
0 42 45
0 28 37
0 1 0
1 24 121
0 40 33
1 49 296
0 1 1
0 1 0
4 0 374
1 8 28
0 17 17
1 8 9
0 1 0
0 19 21
3 0 1
0 43 60
0 16 17
0 1 0
1 11 56
2 0 1
0 3 3
0 4 5
0 1 0
0 3 2
3 0 1
1 20 67
3 0 0
0 1 0
0 27 12
1 40 156
0 35 31
0 39 53
0 1 0
0 12 14
1 50 214
0 47 32
0 26 18
0 1 0
2 0 1
2 0 1
0 36 37
0 39 49
0 1 0
0 4 5
1 35 143
1 25 119
0 34 17
0 1 0
1 33 142
0 17 21
1 48 155
1 7 21
0 1 0
4 0 306
0 26 18
1 21 62
1 26 73
0 1 0
0 40 31
3 0 3
0 44 62
3 0 7
0 1 0
0 41 36
0 21 32
3 0 9
1 15 72
0 1 0
1 40 153
0 6 6
1 17 75
0 11 13
0 1 0
1 1 6
1 26 103
0 45 59
4 0 333
0 1 0
0 39 39
0 9 10
1 19 92
2 0 0
0 1 0
0 3 4
3 0 7
4 0 899
0 10 14
0 1 0
0 33 44
0 38 25
3 0 2
0 28 22
0 1 0
0 13 12
1 15 82
1 25 109
0 50 57
0 1 0
0 32 34
1 31 77
1 39 235
4 0 263
0 1 0
1 31 166
0 43 45
1 42 175
2 0 2
0 1 0
0 2 4
0 10 13
0 46 72
0 2 2
0 1 0
0 3 4
1 6 24
2 0 2
0 9 7
0 1 0
3 0 1
0 39 35
0 1 1
2 0 10
0 1 0
0 20 12
0 7 9
0 10 11
1 31 89
0 1 0
2 0 6
0 50 44
3 0 9
2 0 0
0 1 0
0 27 40
0 47 47
0 5 7
0 10 8
0 1 0
0 45 35
1 4 27
2 0 4
3 0 5
0 1 0
1 38 108
1 5 20
0 32 23
4 0 305
0 1 0
3 0 4
2 0 7
4 0 569
1 30 165
0 1 0
0 42 39
1 31 161
0 12 14
0 20 21
0 1 0
2 0 6
0 10 5
0 3 5
0 50 45
0 1 0
1 46 170
2 0 7
1 40 160
2 0 2
0 1 0
1 41 119
1 18 114
3 0 0
0 13 16
0 1 0
1 44 275
1 1 4
1 13 97
1 1 4
0 1 0
0 35 20
1 47 187
0 7 7
1 28 68
0 1 0
0 49 45
4 0 369
0 47 59
0 12 10
0 1 0
4 0 761
1 29 90
2 0 1
0 45 50
0 1 0
2 0 6
4 0 429
2 0 10
1 25 130
0 1 0
1 5 28
4 0 663
0 45 64
0 42 54
0 1 0
1 28 158
3 0 7
4 0 537
1 9 31
0 1 0
0 21 2
2 0 5
0 28 32
1 11 45
0 1 0
1 38 125
0 7 9
4 0 952
1 29 109
0 1 0
1 40 117
1 18 112
1 45 267
0 4 3
0 1 0
0 44 43
1 35 151
0 31 32
4 0 939
0 1 0
1 30 100
1 48 217
0 3 3
2 0 0
0 1 0
0 13 6
4 0 414
0 21 16
1 38 132
0 1 0
2 0 5
0 35 14
0 16 19
0 28 23
0 1 0
1 47 343
1 41 155
4 0 456
0 29 26
0 1 0
1 35 119
3 0 10
1 41 123
2 0 6
0 1 0
1 36 132
0 14 5
3 0 10
2 0 6
0 1 0
0 38 36
0 18 26
3 0 2
0 13 15
0 1 0
0 50 66
3 0 4
3 0 2
0 47 71
0 1 0
1 48 178
3 0 4
2 0 4
3 0 3
0 1 0
0 47 32
1 18 87
0 14 19
4 0 848
0 1 0
0 38 27
1 6 19
0 21 17
0 44 20
0 1 0
1 24 134
4 0 769
0 14 15
0 20 29
0 1 0
1 5 24
4 0 300
0 21 17
0 19 17
0 1 0
4 0 945
0 33 32
0 26 14
0 44 68
0 1 0
1 37 92
3 0 8
2 0 9
0 43 49
0 1 0
4 0 750
1 49 228
1 11 68
2 0 0
0 1 0
0 33 51
1 29 112
0 16 19
0 30 36
0 1 0
3 0 2
1 7 43
3 0 8
0 36 36
0 1 0
4 0 567
1 12 54
4 0 684
1 13 56
0 1 0
0 17 21
1 39 209
0 30 16
2 0 3
0 1 0
1 45 268
4 0 798
3 0 0
1 5 17
0 1 0
0 13 13
2 0 4
0 47 42
0 8 5
0 1 0
0 45 35
1 31 116
0 3 4
0 1 1
0 1 0
0 6 5
0 45 18
0 26 22
4 0 427
0 1 0
3 0 1
0 7 4
1 8 34
4 0 504
0 1 0
0 45 49
0 29 21
4 0 401
0 13 27
0 1 0
1 39 214
4 0 885
2 0 0
3 0 3
0 1 0
0 17 21
1 33 90
0 15 19
0 31 17
0 1 0
0 11 11
0 5 5
3 0 7
4 0 337
0 1 0
4 0 708
2 0 0
1 11 52
0 32 27
0 1 0
0 19 24
1 49 197
4 0 521
1 23 114
0 1 0
1 8 17
1 20 10
0 9 11
1 45 313
0 1 0
1 42 119
0 29 29
1 20 82
4 0 397
0 1 0
0 18 12
3 0 0
1 11 81
2 0 4
0 1 0
4 0 353
0 34 34
2 0 10
3 0 3
0 1 0
2 0 10
1 10 24
0 3 4
0 19 14
0 1 0
2 0 3
2 0 5
1 12 64
1 3 10
0 1 0
1 19 108
1 28 112
0 41 46
4 0 999
0 1 0
1 16 52
0 8 5
1 7 24
4 0 378
0 1 0
0 14 19
3 0 0
0 27 40
4 0 613
0 1 0
2 0 2
1 26 107
0 31 32
0 9 8
0 1 0
0 44 20
0 47 49
1 15 74
4 0 311
0 1 0
1 15 22
3 0 2
1 12 47
0 46 48
0 1 0
0 2 3
3 0 10
1 29 122
1 33 133
0 1 0
1 17 65
1 45 148
0 48 70
2 0 10
0 1 0
0 8 12
0 39 23
2 0 3
2 0 8
0 1 0
0 27 20
4 0 911
4 0 985
0 23 20
0 1 0
1 6 20
1 4 14
0 19 17
3 0 10
0 1 0
0 24 17
0 10 10
3 0 0
1 6 26
0 1 0
0 34 34
4 0 770
0 48 80
0 1 1
0 1 0
4 0 992
1 40 271
3 0 6
4 0 289
0 1 0
1 27 88
1 8 24
0 21 16
1 50 214
0 1 0
1 19 100
0 26 30
1 18 122
0 30 24
0 1 0
1 3 13
0 19 16
0 38 33
4 0 688
0 1 0
4 0 237
0 45 84
0 45 50
0 47 41
0 1 0
3 0 1
1 18 87
1 18 100
4 0 773
0 1 0
4 0 209
1 10 47
0 22 12
3 0 2
0 1 0
1 10 31
2 0 2
3 0 8
0 28 28
0 1 0
4 0 542
0 2 3
3 0 9
1 49 138
0 1 0
1 8 29
1 13 55
2 0 6
0 28 20
0 1 0
4 0 360
3 0 6
0 43 63
0 11 14
0 1 0
1 9 41
0 41 42
0 21 22
1 26 98
0 1 0
0 47 29
0 50 21
1 6 31
4 0 883
0 1 0
0 45 46
4 0 358
0 21 17
0 17 11
0 1 0
2 0 7
1 11 11
1 47 179
1 30 215
0 1 0
2 0 8
1 43 237
0 27 44
0 37 26
0 1 0
1 44 178
4 0 742
0 44 49
2 0 10
0 1 0
0 6 7
2 0 10
0 29 24
2 0 6
0 1 0
1 15 47
0 10 7
0 18 24
0 22 20
0 1 0
0 12 8
2 0 7
1 32 120
1 41 127
0 1 0
3 0 1
0 49 24
0 30 43
0 36 30
0 1 0
0 17 20
0 15 16
0 8 6
0 28 11
0 1 0
3 0 0
2 0 3
0 32 14
3 0 3
0 1 0
3 0 2
0 43 46
0 5 4
1 11 45
0 1 0
1 30 199
0 34 30
4 0 636
0 17 18
0 1 0
1 2 6
0 37 36
3 0 7
1 32 103
0 1 0
4 0 856
1 44 224
0 19 10
0 1 1
0 1 0
1 20 78
1 45 235
2 0 7
0 49 26
0 1 0
1 30 176
0 47 8
0 8 10
1 27 88
0 1 0
2 0 6
0 40 30
0 48 45
1 7 35
0 1 0
1 41 149
2 0 5
1 10 34
3 0 8
0 1 0
0 17 17
2 0 3
3 0 9
3 0 0
0 1 0
0 43 62
0 40 47
0 26 22
0 18 25
0 1 0
0 1 1
1 45 229
2 0 1
0 4 4
0 1 0
1 4 15
3 0 10
2 0 8
0 39 34
0 1 0
1 49 154
0 28 40
4 0 788
3 0 9
0 1 0
1 38 117
2 0 4
3 0 9
0 47 14
0 1 0
0 10 11
3 0 2
0 42 36
2 0 2
0 1 0
1 25 77
1 43 180
0 11 10
4 0 550
0 1 0
0 43 43
0 6 7
1 6 19
2 0 7
0 1 0
0 11 7
0 44 50
0 5 6
0 32 38
0 1 0
0 14 14
4 0 887
0 34 24
1 22 121
0 1 0
1 19 25
1 27 140
0 46 67
0 10 8
0 1 0
0 22 22
4 0 868
0 27 23
1 24 76
0 1 0
0 39 31
3 0 5
0 32 29
0 30 15
0 1 0
1 34 4
1 19 86
3 0 2
3 0 8
0 1 0
2 0 6
1 23 112
0 13 18
2 0 0
0 1 0
3 0 7
3 0 7
3 0 5
1 33 136
0 1 0
2 0 7
1 9 20
0 40 42
0 40 16
0 1 0
0 18 24
0 3 3
0 27 39
0 38 30
0 1 0
4 0 787
2 0 1
0 30 24
3 0 6
0 1 0
0 29 37
1 14 37
0 23 21
0 2 2
0 1 0
1 45 264
0 10 11
0 22 32
2 0 10
0 1 0
1 9 36
1 40 106
0 48 71
2 0 8
0 1 0
0 40 60
4 0 433
2 0 4
1 18 86
0 1 0
2 0 8
3 0 6
0 3 3
0 45 61
0 1 0
0 4 5
0 39 31
4 0 481
1 36 210
0 1 0
0 35 32
0 38 47
0 12 13
0 35 35
0 1 0
1 24 68
1 47 173
2 0 1
0 46 52
0 1 0
0 44 36
3 0 2
0 43 55
0 49 78
0 1 0
3 0 9
2 0 0
0 24 37
1 26 105
0 1 0
1 45 202
2 0 4
1 40 238
3 0 10
0 1 0
0 25 20
1 26 122
0 8 10
0 20 14
0 1 0
3 0 3
1 45 141
0 17 9
1 7 23
0 1 0
0 33 38
0 43 48
3 0 5
0 22 14
0 1 0
1 37 169
0 1 1
1 48 191
0 4 4
0 1 0
3 0 8
2 0 0
0 4 4
4 0 728
0 1 0
1 11 41
1 3 10
0 9 9
2 0 8
0 1 0
3 0 0
1 29 168
2 0 9
4 0 332
0 1 0
1 40 182
0 47 26
0 2 3
1 12 53
0 1 0
2 0 9
0 26 21
0 25 19
1 3 16
0 1 0
3 0 3
2 0 5
4 0 517
1 50 310
0 1 0
0 5 6
1 36 163
0 48 68
0 40 37
0 1 0
1 8 35
0 27 25
1 16 31
0 32 45
0 1 0
3 0 9
2 0 9
3 0 1
0 12 14
0 1 0
1 19 91
1 41 53
3 0 5
1 11 64
0 1 0
1 14 59
4 0 891
3 0 6
1 28 98
0 1 0
4 0 727
2 0 1
4 0 755
1 26 151
0 1 0
0 28 20
3 0 0
2 0 2
1 15 27
0 1 0
2 0 0
4 0 749
1 24 75
0 11 9
0 1 0
1 21 44
0 14 16
0 48 46
1 5 18
0 1 0
4 0 523
0 26 13
1 27 115
1 15 91
0 1 0
1 47 47
2 0 4
3 0 5
1 36 97
0 1 0
1 47 203
0 14 16
1 24 183
3 0 8
0 1 0
0 3 5
0 38 41
0 44 48
0 12 10
0 1 0
2 0 4
0 12 8
0 15 14
2 0 2
0 1 0
0 33 23
1 41 108
0 5 8
0 9 6
0 1 0
0 21 22
3 0 8
1 48 193
2 0 5
0 1 0
1 14 37
1 27 108
2 0 10
4 0 739
0 1 0
4 0 544
1 46 172
1 28 145
0 43 42
0 1 0
0 5 5
1 6 21
2 0 4
0 30 28
0 1 0
0 3 3
3 0 1
2 0 3
0 35 37
0 1 0
4 0 520
2 0 6
1 8 24
0 29 31
0 1 0
0 40 25
0 38 41
0 31 39
0 5 4
0 1 0
2 0 7
0 40 58
0 7 7
0 49 47
0 1 0
0 22 25
1 13 66
0 22 22
0 50 55
0 1 0
1 15 37
0 16 29
0 9 13
1 14 42
0 1 0
0 24 30
0 27 33
0 48 47
0 24 20
0 1 0
1 31 134
0 44 62
1 33 206
0 23 29
0 1 0
0 46 26
0 17 23
1 36 142
1 40 111
0 1 0
4 0 673
3 0 3
2 0 3
1 20 50
0 1 0
0 47 36
4 0 444
4 0 607
4 0 251
0 1 0
0 37 18
1 5 25
0 44 50
0 32 24
0 1 0
0 43 67
1 38 170
3 0 7
0 29 35
0 1 0
0 48 38
0 26 27
4 0 989
0 24 35
0 1 0
0 34 27
0 18 17
0 22 22
0 1 1
0 1 0
2 0 3
0 32 30
1 7 25
2 0 6
0 1 0
0 22 27
1 10 31
0 3 1
0 34 29
0 1 0
0 36 35
0 46 26
3 0 8
1 40 137
0 1 0
4 0 667
4 0 505
0 49 69
0 14 14
0 1 0
0 18 7
0 37 48
3 0 4
1 6 43
0 1 0
1 14 67
0 25 14
1 9 36
0 42 44
0 1 0
1 6 25
0 40 45
1 40 245
1 43 82
0 1 0
2 0 10
1 1 1
3 0 2
4 0 784
0 1 0
1 12 59
2 0 2
0 43 46
1 24 118
0 1 0
2 0 5
2 0 2
4 0 456
2 0 4
0 1 0
3 0 7
1 2 8
1 5 25
1 31 143
0 1 0
0 28 36
4 0 702
4 0 968
0 40 48
0 1 0
3 0 5
1 14 33
4 0 359
0 20 21
0 1 0
0 28 38
1 23 44
1 10 25
0 48 30
0 1 0
0 8 10
1 3 13
0 6 6
0 15 19
0 1 0
4 0 231
1 36 94
4 0 977
3 0 7
0 1 0
0 9 11
0 49 38
4 0 750
2 0 8
0 1 0
2 0 6
3 0 8
0 7 10
2 0 10
0 1 0
1 45 209
1 22 99
0 2 2
0 23 13
0 1 0
2 0 0
4 0 252
0 26 22
0 31 32
0 1 0
0 24 20
1 11 38
1 50 131
0 39 25
0 1 0
2 0 4
2 0 0
0 29 19
0 40 44
0 1 0
1 1 6
1 13 73
0 2 1
1 6 30
0 1 0
1 34 223
1 32 98
0 24 18
0 7 1
0 1 0
2 0 4
1 44 113
3 0 9
2 0 8
0 1 0
2 0 1
4 0 835
1 30 166
0 6 3
0 1 0
4 0 721
2 0 10
4 0 931
1 30 94
0 1 0
2 0 2
0 3 3
1 35 237
0 4 4
0 1 0
0 6 6
0 39 24
3 0 6
3 0 4
0 1 0
1 36 123
0 17 21
0 46 20
0 30 24
0 1 0
1 47 112
0 14 15
0 11 16
1 44 131
0 1 0
1 33 174
0 27 50
0 33 41
1 12 79
0 1 0
0 20 22
1 36 77
1 18 102
4 0 554
0 1 0
2 0 5
3 0 0
1 49 119
0 23 14
0 1 0
0 21 17
4 0 420
0 24 19
1 25 103
0 1 0
1 46 112
0 43 69
2 0 1
2 0 5
0 1 0
2 0 6
1 45 205
2 0 6
2 0 10
0 1 0
3 0 10
2 0 8
3 0 3
1 20 95
0 1 0
3 0 0
0 31 47
4 0 303
0 36 35
0 1 0
1 18 102
0 44 45
0 27 12
3 0 7
0 1 0
3 0 5
1 47 189
0 35 34
0 35 38
0 1 0
3 0 3
0 14 15
3 0 4
0 4 6
0 1 0
4 0 804
3 0 1
0 21 22
4 0 721
0 1 0
2 0 7
2 0 1
0 1 1
1 2 10
0 1 0
0 35 48
0 40 51
1 26 131
3 0 2
0 1 0
3 0 8
1 50 180
0 35 32
1 33 156
0 1 0
2 0 10
0 46 56
1 8 18
2 0 6
0 1 0
0 2 3
3 0 5
4 0 706
0 12 20
0 1 0
0 2 2
1 32 142
1 40 148
3 0 8
0 1 0
0 24 19
0 18 30
4 0 404
2 0 4
0 1 0
0 40 58
1 30 63
4 0 980
1 47 251
0 1 0
0 30 31
4 0 488
1 10 48
3 0 9
0 1 0
0 40 34
0 37 29
2 0 1
1 34 92
0 1 0
0 31 25
0 41 44
0 16 15
0 9 9
0 1 0
0 11 12
0 4 3
4 0 620
0 40 44
0 1 0
0 9 6
3 0 9
0 47 48
1 44 87
0 1 0
1 20 99
1 8 47
1 15 52
4 0 985
0 1 0
0 49 35
1 39 174
1 19 14
0 19 7
0 1 0
1 17 50
3 0 7
3 0 7
3 0 9
0 1 0
4 0 939
1 37 155
0 49 56
0 33 26
0 1 0
0 14 12
0 8 9
0 49 69
2 0 3
0 1 0
4 0 658
0 25 19
0 41 49
1 48 202
0 1 0
1 2 11
0 38 42
0 11 14
3 0 1
0 1 0
3 0 3
4 0 740
0 17 23
0 15 10
0 1 0
0 13 13
0 11 12
4 0 780
0 15 19
0 1 0
4 0 629
1 3 13
0 35 33
0 2 1
0 1 0
0 27 36
0 2 1
0 32 44
3 0 9
0 1 0
2 0 3
4 0 411
1 10 44
2 0 7
0 1 0
1 32 119
2 0 4
0 25 24
1 39 102
0 1 0
0 24 19
0 28 35
0 49 53
1 13 39
0 1 0
1 14 56
1 28 135
4 0 810
1 25 82
0 1 0
1 45 57
1 28 109
0 26 24
0 19 15
0 1 0
4 0 636
1 26 80
0 50 64
2 0 8
0 1 0
0 4 3
1 35 136
1 47 243
0 40 27
0 1 0
4 0 618
1 23 107
0 43 31
4 0 535
0 1 0
0 37 42
2 0 9
1 24 124
0 8 9
0 1 0
4 0 965
1 44 250
2 0 10
1 47 303
0 1 0
0 7 9
0 20 24
4 0 772
3 0 6
0 1 0
4 0 540
0 39 33
0 48 52
4 0 707
0 1 0
1 41 132
1 36 111
1 46 164
0 30 17
0 1 0
1 21 92
1 13 53
1 46 239
0 18 13
0 1 0
3 0 5
1 43 133
1 20 110
1 45 303
0 1 0
3 0 9
0 30 44
0 48 53
0 24 31
0 1 0
1 1 3
3 0 1
4 0 771
1 43 213
0 1 0
1 32 94
1 12 32
0 22 34
0 48 64
0 1 0
0 20 22
2 0 8
0 47 55
0 6 8
0 1 0
0 40 62
0 4 4
1 9 40
1 41 249
0 1 0
0 28 36
2 0 0
0 46 34
0 23 30
0 1 0
4 0 816
0 38 42
4 0 563
4 0 473
0 1 0
3 0 0
0 20 25
0 35 33
2 0 2
0 1 0
0 37 26
1 14 36
0 16 10
2 0 9
0 1 0
3 0 1
1 27 73
1 21 126
0 7 3
0 1 0
1 35 244
0 1 1
0 1 1
3 0 3
0 1 0
1 39 192
0 15 8
1 40 158
2 0 2
0 1 0
0 16 20
3 0 5
3 0 2
1 27 179
0 1 0
4 0 663
0 42 40
0 43 11
1 4 15
0 1 0
4 0 997
0 29 29
3 0 6
4 0 887
0 1 0
2 0 3
0 16 7
0 25 13
2 0 2
0 1 0
0 16 4
1 9 16
0 25 30
0 35 27
0 1 0
4 0 213
0 10 9
2 0 5
0 7 8
0 1 0
0 23 24
1 47 160
0 24 45
0 8 6
0 1 0
3 0 4
2 0 8
0 22 23
1 47 347
0 1 0
1 15 72
1 38 127
1 29 102
0 7 7
0 1 0
1 47 211
1 8 49
4 0 731
1 38 90
0 1 0
0 37 71
2 0 1
0 5 6
1 37 136
0 1 0
0 24 16
0 4 3
1 4 5
0 9 9
0 1 0
3 0 2
0 35 28
1 11 56
2 0 5
0 1 0
0 49 37
1 38 160
0 31 36
0 3 5
0 1 0
0 5 11
2 0 0
0 17 17
0 29 35
0 1 0
1 42 112
1 5 13
1 5 23
4 0 243
0 1 0
1 47 120
0 19 21
3 0 2
0 24 17
0 1 0
0 48 55
4 0 458
0 43 64
3 0 7
0 1 0
3 0 7
0 36 26
0 12 10
0 48 48
0 1 0
2 0 4
4 0 796
1 15 72
0 40 53
0 1 0
0 11 13
1 7 26
3 0 7
0 45 58
0 1 0
2 0 2
1 8 16
1 7 16
0 26 24
0 1 0
1 27 108
1 26 170
0 26 26
0 23 20
0 1 0
1 35 34
0 26 32
0 16 20
0 20 31
0 1 0
0 15 8
2 0 7
0 30 28
0 50 58
0 1 0
0 25 35
1 46 191
0 49 55
1 28 99
0 1 0
1 7 4
1 39 136
0 47 58
0 6 7
0 1 0
0 13 6
0 5 4
0 49 49
2 0 2
0 1 0
1 5 19
4 0 476
0 48 59
4 0 757
0 1 0
1 33 29
0 9 9
0 4 5
4 0 992
0 1 0
0 50 56
3 0 6
4 0 934
1 11 16
0 1 0
4 0 302
4 0 798
0 6 6
0 4 2
0 1 0
1 2 10
0 13 19
1 10 25
2 0 8
0 1 0
0 7 5
1 41 128
2 0 2
0 26 20
0 1 0
3 0 0
0 11 15
1 15 68
4 0 470
0 1 0
0 10 3
0 17 21
0 2 2
0 39 33
0 1 0
1 18 77
0 30 26
1 35 176
2 0 0
0 1 0
0 32 22
1 33 173
0 1 2
4 0 620
0 1 0
0 28 19
1 30 130
1 12 71
0 37 50
0 1 0
3 0 0
2 0 2
0 45 12
4 0 496
0 1 0
0 43 27
0 49 81
0 3 2
0 8 10
0 1 0
1 28 84
1 3 7
1 37 196
4 0 429
0 1 0
0 8 11
0 35 37
3 0 8
4 0 665
0 1 0
0 33 44
0 43 36
0 49 53
0 23 15
0 1 0
4 0 479
0 12 8
1 48 252
0 50 26
0 1 0
1 42 126
0 32 30
0 1 1
3 0 1
0 1 0
0 32 41
1 28 44
1 40 84
1 6 21
0 1 0
1 50 216
0 33 34
0 11 11
4 0 386
0 1 0
1 2 9
0 5 6
0 37 22
0 42 27
0 1 0
2 0 2
0 20 16
0 29 35
0 8 10
0 1 0
1 17 84
4 0 658
0 40 50
0 1 1
0 1 0
4 0 902
0 2 1
0 24 23
1 21 91
0 1 0
1 23 100
4 0 825
0 26 25
0 6 4
0 1 0
1 4 14
0 29 25
0 43 35
0 39 35
0 1 0
1 37 71
3 0 2
1 13 27
2 0 0
0 1 0
0 6 9
3 0 4
0 39 23
0 26 32
0 1 0
1 46 283
0 17 18
4 0 351
1 8 31
0 1 0
2 0 3
1 27 120
0 50 51
3 0 8
0 1 0
1 26 157
0 24 21
4 0 795
4 0 320
0 1 0
2 0 0
2 0 9
1 26 99
1 7 11
0 1 0
0 44 35
0 23 35
0 16 16
1 27 89
0 1 0
2 0 2
0 12 11
0 2 1
0 30 38
0 1 0
1 26 42
0 46 58
0 36 27
0 41 25
0 1 0
1 19 78
0 20 18
0 25 16
3 0 1
0 1 0
1 40 106
0 26 16
0 13 10
0 8 13
0 1 0
3 0 6
0 48 62
4 0 369
0 11 15
0 1 0
1 44 185
3 0 8
0 19 25
0 31 31
0 1 0
0 43 58
0 46 60
1 3 12
4 0 481
0 1 0
4 0 605
4 0 256
0 22 26
2 0 2
0 1 0
0 9 12
3 0 7
1 2 9
1 6 32
0 1 0
0 7 7
1 6 30
4 0 278
0 7 7
0 1 0
0 47 38
0 45 57
3 0 7
4 0 791
0 1 0
4 0 638
1 35 78
0 13 17
4 0 356
0 1 0
0 42 23
0 21 25
0 28 34
0 36 35
0 1 0
1 17 58
1 41 233
4 0 450
3 0 9
0 1 0
0 5 7
4 0 920
0 21 10
4 0 694
0 1 0
0 50 29
0 29 30
0 29 27
0 30 28
0 1 0
3 0 5
1 10 42
1 24 94
2 0 1
0 1 0
4 0 556
3 0 8
4 0 398
4 0 315
0 1 0
0 18 23
2 0 3
0 21 25
0 20 20
0 1 0
0 29 26
2 0 10
1 47 229
1 49 284
0 1 0
0 48 48
1 20 101
1 6 33
3 0 5
0 1 0
2 0 6
4 0 967
0 36 42
0 35 34
0 1 0
0 15 17
4 0 417
4 0 958
1 8 47
0 1 0
2 0 5
1 32 145
0 17 19
1 6 18
0 1 0
0 25 30
1 37 180
1 15 58
0 24 19
0 1 0
0 16 18
0 3 2
2 0 9
3 0 5
0 1 0
3 0 8
0 10 7
0 41 67
0 34 43
0 1 0
3 0 3
3 0 8
0 10 9
3 0 3
0 1 0
1 21 75
2 0 4
2 0 8
1 19 58
0 1 0
1 23 60
0 21 13
0 38 50
0 27 27
0 1 0
0 19 10
0 46 26
0 48 48
1 9 50
0 1 0
4 0 865
4 0 910
0 22 23
2 0 0
0 1 0
2 0 1
0 13 12
1 16 89
0 30 34
0 1 0
1 44 58
4 0 633
1 43 46
0 16 18
0 1 0
3 0 5
1 29 122
0 39 29
0 26 19
0 1 0
3 0 9
1 32 133
0 9 4
0 13 9
0 1 0
1 26 67
0 33 46
0 44 45
4 0 514
0 1 0
4 0 859
2 0 5
0 25 22
4 0 275
0 1 0
1 16 80
0 27 24
0 18 33
3 0 5
0 1 0
1 38 225
0 27 12
1 45 240
1 43 215
0 1 0
0 50 59
0 8 9
1 22 113
4 0 814
0 1 0
3 0 9
1 16 35
0 12 14
2 0 6
