3 4 4 1000
117 91
218 252
36 39
205 282
44 61
7 9
108 99
17 17
42 38
28 28
4 5
19 18
31 41
21 19
5 5
6 8
41 36
97 40
5 9
125 159
140 166
7 6
176 115
6 4
11 12
11 7
8 15
214 157
4 5
15 15
19 38
37 39
149 111
6 6
100 160
61 84
51 96
57 37
16 17
16 16
67 92
189 171
196 229
23 55
42 23
13 15
50 38
6 6
210 169
12 9
175 181
9 7
31 18
8 5
69 55
18 29
13 10
46 38
10 8
7 10
27 20
4 5
254 189
11 10
5 4
80 83
13 12
9 13
227 294
14 11
157 145
234 400
8 15
5 5
14 26
15 16
131 105
64 99
70 63
136 78
7 9
79 60
23 21
6 9
22 29
10 8
14 13
127 112
15 17
81 67
43 43
127 128
50 50
19 14
129 154
167 109
221 247
123 70
64 46
179 189
108 107
145 168
25 13
31 26
13 13
5 8
9 9
11 6
54 44
6 5
46 105
28 36
123 127
153 138
10 11
10 11
32 35
85 120
80 57
73 70
11 15
41 43
47 39
6 5
11 7
73 66
9 6
34 35
6 8
144 119
5 5
159 236
40 34
27 36
42 42
144 87
13 9
10 21
58 56
5 2
132 132
11 11
18 22
89 116
43 43
6 6
83 56
13 12
15 16
26 27
33 25
18 20
159 200
145 90
129 113
7 8
91 45
9 17
24 18
17 23
120 160
84 76
226 406
159 187
92 74
221 325
9 12
47 51
6 6
69 69
57 58
185 122
190 109
15 14
100 81
11 10
7 12
125 132
61 91
66 52
14 17
9 7
22 13
76 70
124 102
8 8
6 9
42 41
12 9
6 11
23 22
19 16
7 6
9 9
213 203
204 174
185 124
221 233
4 3
100 50
6 7
7 5
16 10
24 24
6 4
4 3
6 7
16 9
68 76
163 188
233 231
6 7
4 5
15 13
16 14
38 19
9 15
41 41
10 12
159 168
12 12
20 15
31 38
61 67
31 44
5 5
14 12
26 31
26 19
11 14
210 309
8 13
11 13
6 7
16 17
181 145
10 10
41 34
20 27
150 158
22 14
48 71
18 24
4 6
36 55
41 47
14 15
105 193
127 116
132 190
15 17
167 149
60 75
99 81
7 5
6 10
24 22
94 113
202 142
34 19
12 8
8 11
175 119
6 5
105 104
23 22
4 5
21 19
4 4
32 32
207 151
6 5
11 7
78 100
12 10
8 7
5 6
225 241
32 37
60 60
221 304
11 11
26 24
5 5
25 16
58 65
26 23
32 45
4 3
11 9
49 42
6 6
7 5
4 4
113 117
84 72
146 167
138 191
56 42
5 7
16 19
6 7
37 32
33 36
15 13
136 133
29 23
215 241
31 36
26 35
203 156
50 39
209 171
126 201
9 9
11 16
209 324
212 121
12 19
38 52
132 94
17 12
12 22
4 2
36 28
8 8
78 89
106 96
242 115
7 2
12 10
50 32
229 223
7 7
23 49
94 117
15 12
184 141
202 87
129 95
9 9
7 9
7 6
12 9
61 97
41 63
29 20
216 215
6 10
8 7
7 7
123 145
9 10
10 16
231 280
5 6
143 247
22 25
4 5
75 98
4 2
19 14
221 121
13 19
5 4
24 23
120 137
161 204
35 42
225 248
143 153
43 38
42 41
83 67
16 25
22 28
9 9
82 67
236 146
69 64
94 73
17 19
6 3
157 213
6 6
236 141
116 120
6 7
15 12
56 48
64 67
9 9
14 16
152 75
79 106
25 24
88 133
17 21
12 12
13 15
136 133
15 23
47 39
85 71
189 202
35 31
5 3
165 181
61 47
7 6
9 7
25 24
24 45
62 46
4 5
177 125
21 33
26 38
17 23
211 261
24 31
5 6
39 31
69 65
6 4
44 37
19 16
55 30
8 8
199 243
20 13
9 10
41 49
23 26
9 9
225 294
35 30
94 74
109 77
171 242
16 23
13 12
19 31
13 15
19 32
11 16
40 37
69 121
10 10
42 36
93 129
179 112
61 61
65 105
46 65
77 86
27 29
45 25
5 9
120 159
14 15
5 8
10 8
7 7
33 31
36 25
52 44
70 58
71 64
16 6
25 35
12 7
7 7
113 133
34 51
14 15
94 134
180 222
50 22
40 35
25 28
182 177
40 38
156 133
139 119
59 62
207 272
74 83
79 77
10 7
24 21
48 40
67 59
127 135
97 103
17 48
9 17
28 29
11 7
114 104
197 316
8 9
17 13
121 139
193 88
101 100
19 17
140 94
11 7
80 63
9 10
14 9
21 18
8 4
116 162
21 21
64 49
81 109
7 7
14 16
163 105
10 9
98 89
28 38
96 67
66 61
66 67
9 7
56 56
17 32
177 132
62 46
13 15
14 16
25 37
5 4
8 15
84 106
14 10
20 16
24 20
34 19
5 5
10 8
34 21
46 80
138 123
4 4
14 12
252 181
29 19
5 5
8 7
14 13
12 24
6 6
7 14
6 6
34 44
150 129
25 17
100 93
8 8
116 151
105 116
7 18
17 21
169 136
34 56
202 166
100 85
31 34
22 20
124 101
157 161
8 10
16 18
13 16
13 23
8 5
6 6
57 53
4 4
59 37
17 11
12 15
9 5
124 360
16 14
7 8
18 18
76 87
57 71
89 134
10 14
196 204
49 49
24 15
4 3
101 75
13 14
51 35
73 58
17 15
203 251
15 25
78 98
207 152
51 66
88 80
207 146
71 84
178 153
107 67
35 26
5 6
4 3
47 54
12 12
160 84
74 91
14 25
61 66
12 9
140 159
58 35
152 252
21 18
113 61
113 97
98 115
28 23
165 122
6 4
6 7
23 36
4 5
39 56
34 28
221 403
7 8
5 6
37 34
9 9
165 222
137 181
11 15
190 412
16 13
138 191
6 5
40 24
9 14
8 4
103 120
127 99
79 121
5 3
24 36
68 89
27 47
15 13
5 2
31 34
8 12
54 58
52 52
5 5
226 155
11 11
44 55
6 6
189 112
61 82
185 268
23 13
23 31
30 43
17 11
6 7
152 73
7 6
11 7
123 111
232 367
6 6
95 84
230 281
234 216
11 15
4 5
23 28
84 75
65 26
27 25
5 6
90 155
36 30
18 20
7 5
42 48
147 152
36 36
89 96
11 11
53 66
102 57
23 53
5 4
5 4
18 15
15 15
9 8
16 25
22 31
13 10
142 174
56 69
31 29
121 114
11 10
12 24
41 36
50 34
9 3
26 17
30 40
33 36
241 215
17 17
26 31
66 47
95 75
10 10
6 7
6 4
22 15
17 20
32 21
5 8
4 5
21 16
11 11
218 238
187 222
8 7
60 82
13 16
6 3
5 6
60 47
81 105
9 8
17 31
157 89
62 67
7 11
22 22
13 20
10 11
32 16
4 6
33 16
57 38
250 113
177 402
16 7
179 158
10 11
32 21
253 208
84 115
26 35
79 77
244 138
18 22
31 26
67 36
13 9
37 31
30 24
91 111
151 107
4 7
7 9
16 10
18 13
10 13
75 55
8 9
7 4
7 4
52 61
4 5
167 206
134 106
96 155
89 108
115 109
41 24
6 8
49 34
191 239
9 11
5 4
37 60
21 24
47 40
16 16
173 189
241 215
5 4
182 182
6 7
20 21
35 48
23 36
14 9
5 7
48 44
87 102
8 14
59 41
127 178
122 117
5 5
9 18
19 20
38 35
43 26
25 42
25 15
79 81
230 251
6 3
202 216
21 14
5 7
10 12
10 11
26 54
59 81
50 60
73 124
45 40
8 10
23 32
30 32
35 49
219 173
12 9
94 99
245 336
116 142
29 21
20 20
11 11
14 7
12 15
46 45
104 149
71 114
9 9
15 17
244 303
74 136
35 54
14 15
62 103
14 9
32 41
89 128
61 84
40 23
245 195
44 38
14 11
216 184
15 8
15 19
215 260
146 85
109 76
35 37
101 97
174 230
5 8
188 213
94 55
60 135
40 46
63 52
89 74
131 101
122 134
26 26
71 61
207 89
38 40
4 6
10 10
30 32
8 9
21 17
176 205
99 94
125 176
56 51
204 226
7 5
239 218
191 138
7 6
119 93
56 60
4 11
80 90
9 11
37 25
7 5
165 252
53 64
6 6
5 5
172 203
5 5
213 195
18 20
8 6
14 12
6 7
43 62
61 102
167 207
15 12
19 37
22 17
6 5
13 15
5 9
12 18
21 30
14 20
24 28
7 6
6 6
188 150
50 66
25 21
27 31
50 68
89 103
134 61
155 103
26 46
25 23
18 12
22 37
11 10
47 24
95 125
15 7
41 54
61 63
237 193
122 56
144 89
105 225
23 27
53 41
31 29
29 31
7 5
4 6
22 19
37 68
40 37
97 252
75 122
131 86
5 7
8 13
98 100
139 230
23 24
142 149
7 12
6 7
11 11
11 10
10 12
80 79
54 31
5 8
104 77
4 3
127 137
4 4
6 7
11 6
121 110
19 20
163 200
22 27
15 20
5 6
36 23
15 28
5 8
13 15
6 6
15 15
205 176
13 11
172 256
83 100
50 42
12 8
58 51
97 98
6 6
32 30
6 4
6 4
23 16
24 25
63 55
32 53
32 32
11 14
50 72
119 91
35 34
9 6
127 103
6 6
8 7
7 7
5 5
72 87
104 144
13 16
130 325
97 99
23 16
5 4
122 77
5 5
8 7
11 9
90 51
25 35
51 47
6 11
6 7
89 106
12 11
45 47
13 9
33 50
19 19
16 12
6 4
6 8
133 127
9 14
17 19
50 60
11 12
29 14
19 23
75 43
28 22
35 36
194 245
10 17
208 250
37 33
66 48
115 87
16 11
230 231
235 354
9 14
14 12
8 6
41 42
7 10
10 8
197 117
4 6
8 7
14 10
5 4
39 49
39 37
92 64
130 253
201 441
83 135
144 141
14 10
16 22
10 11
25 32
30 21
6 4
15 23
5 5
78 73
19 25
11 14
59 58
110 147
9 6
50 36
5 7
134 155
16 20
30 44
19 10
5 5
18 19
19 28
5 4
5 7
198 132
23 16
101 75
199 169
65 51
217 274
11 22
23 21
216 117
48 39
106 169
9 9
5 4
8 8
50 68
8 4
24 34
128 135
27 21
9 11
6 4
170 220
5 10
188 209
126 194
19 22
37 23
200 331
104 144
27 43
10 10
19 20
25 35
80 91
36 43
51 94
9 7
8 7
54 33
121 173
9 16
142 96
27 25
212 266
91 171
17 31
11 8
202 190
58 47
39 46
12 8
13 9
184 129
6 6
30 30
21 38
8 7
124 115
104 132
125 256
23 44
112 158
13 17
250 466
6 4
228 372
6 7
43 28
18 31
12 10
12 13
7 6
23 39
23 20
9 9
6 6
10 11
6 7
103 136
4 3
10 16
9 7
26 22
34 27
236 194
63 26
56 93
9 9
135 149
35 26
12 6
10 9
33 66
4 5
21 42
5 10
5 6
24 19
12 14
175 128
6 12
16 23
14 21
63 54
25 30
195 201
5 4
18 15
13 13
96 97
16 7
166 251
10 7
4 4
12 9
65 71
7 6
126 182
168 168
9 9
5 4
9 6
50 47
48 60
213 286
31 44
10 11
115 121
28 16
42 49
6 6
185 90
27 28
8 8
67 57
54 36
10 12
9 6
71 125
86 112
45 62
8 4
6 3
77 108
9 5
23 23
46 43
12 13
251 94
111 160
52 63
82 72
114 168
18 17
25 21
233 302
5 3
13 24
168 282
57 49
122 144
238 176
112 72
10 8
16 24
62 45
39 22
165 157
35 41
13 15
13 11
7 8
7 6
34 30
26 28
37 15
21 21
5 5
149 210
43 65
83 48
80 94
48 81
24 28
198 161
15 17
9 6
17 23
35 19
119 135
13 14
167 159
5 5
21 26
4 2
38 26
69 85
70 50
62 86
37 47
31 32
12 14
15 14
68 108
83 64
22 24
22 23
123 170
11 13
129 137
49 47
36 42
187 174
24 23
35 31
103 135
75 96
115 83
25 12
134 129
69 71
9 8
103 83
10 8
158 143
179 281
14 20
73 59
223 194
10 10
31 38
14 10
8 8
16 16
107 143
7 7
247 342
31 22
32 68
5 4
72 86
238 269
93 47
18 20
6 8
11 8
5 7
16 17
174 141
93 55
14 8
16 18
39 24
12 22
19 25
13 28
176 190
212 233
5 7
148 175
11 15
179 76
23 19
80 77
50 36
12 11
22 12
41 38
11 12
161 120
162 142
9 10
29 30
12 9
11 13
5 3
57 105
4 5
75 79
19 21
79 99
26 38
69 99
63 48
44 51
55 30
81 121
123 90
7 9
139 205
5 4
4 2
188 84
6 7
140 121
13 36
16 24
39 51
73 29
15 15
18 24
8 6
182 109
16 23
79 80
33 21
4 4
34 47
4 5
18 17
200 110
10 9
26 29
54 50
179 88
14 15
61 46
37 46
48 37
6 8
5 6
59 54
37 50
12 15
25 29
200 275
17 21
215 199
26 17
19 19
22 16
144 171
97 102
6 8
7 6
68 80
11 9
240 194
18 14
13 14
228 302
8 7
62 70
67 72
5 3
251 326
35 41
5 5
9 10
5 6
54 28
5 5
5 5
193 244
21 31
82 97
85 63
43 33
198 141
22 18
38 37
130 126
108 295
7 8
11 8
11 12
5 5
72 46
250 297
8 11
7 6
12 15
11 13
6 8
15 24
15 11
9 7
15 13
23 9
61 63
6 9
4 5
125 118
5 7
108 88
186 241
41 28
144 141
7 6
24 66
174 178
113 154
4 4
159 106
132 106
8 6
57 42
9 7
10 9
19 22
62 93
31 41
13 19
72 71
84 114
141 166
54 27
26 27
18 18
79 111
6 6
205 184
35 53
36 35
249 407
29 25
23 20
17 15
82 88
42 25
32 27
6 4
64 38
253 147
5 8
32 24
4 5
14 14
67 52
11 11
5 4
8 14
12 10
164 190
220 280
9 8
23 22
7 5
147 212
24 17
4 5
40 62
104 106
18 26
12 8
138 78
67 58
191 284
165 139
5 6
17 24
7 6
194 184
81 108
13 8
212 268
4 5
28 29
35 54
11 8
5 6
39 40
124 108
17 15
200 192
180 307
16 16
62 46
91 160
209 395
19 39
15 14
11 8
9 11
182 220
7 11
181 335
6 4
34 34
14 9
16 17
21 23
18 13
26 23
7 6
130 84
10 8
134 125
5 6
33 47
28 24
19 18
200 165
22 20
168 329
13 11
8 4
7 10
68 73
5 6
4 3
50 41
83 72
60 49
30 16
9 12
19 13
109 51
28 32
88 99
12 15
9 11
196 181
28 38
22 27
142 165
13 20
163 97
118 131
208 249
55 100
50 73
171 122
99 94
8 7
64 58
78 60
5 3
27 45
5 2
12 9
107 109
9 9
23 18
7 7
181 161
110 117
14 14
89 81
9 9
120 155
21 24
59 37
4 3
21 21
19 11
10 11
16 19
12 10
79 107
217 211
17 29
101 92
88 75
241 341
76 165
18 13
19 8
244 357
59 70
20 19
34 54
200 174
51 47
12 3
7 5
7 7
14 14
208 169
18 23
149 119
54 33
52 88
23 39
40 46
6 6
23 11
6 8
72 58
15 28
48 111
122 164
7 8
10 7
14 11
16 20
171 293
13 15
6 5
5 7
34 43
13 12
21 16
51 35
6 6
23 27
13 12
117 244
161 173
19 17
62 75
51 45
8 7
109 68
79 114
26 28
4 3
37 51
50 33
88 52
46 42
17 11
7 4
244 204
18 13
150 130
11 6
118 166
46 32
27 28
153 91
24 22
52 44
90 120
14 9
84 51
27 40
101 119
12 15
208 178
24 14
53 31
7 7
26 30
233 258
99 127
11 9
10 10
123 90
59 39
18 16
125 154
83 84
12 11
172 147
32 24
20 37
58 60
10 9
6 10
106 314
22 24
32 49
61 48
120 130
6 7
42 29
182 129
6 6
106 74
41 58
100 141
225 266
26 21
9 10
26 21
6 5
9 14
22 9
25 15
44 29
27 17
7 8
185 170
37 45
7 8
10 11
5 6
226 276
23 39
58 45
44 75
25 19
7 8
48 43
184 95
22 18
21 26
4 3
17 15
9 17
202 188
11 9
27 43
89 124
56 49
256 235
7 8
220 110
28 20
105 129
186 271
4 7
8 25
50 48
59 67
140 142
6 9
14 8
11 17
63 41
20 16
9 6
45 32
175 276
37 26
33 37
163 289
62 92
12 12
6 5
6 4
23 23
47 56
4 2
9 11
5 4
50 64
4 2
24 17
157 209
10 11
243 209
137 89
170 207
13 7
120 155
192 150
10 7
13 10
202 241
28 25
112 110
28 25
9 13
32 25
139 97
15 13
10 7
18 12
63 97
32 35
98 176
236 612
14 9
147 182
9 9
55 84
6 5
55 32
44 81
8 4
203 232
10 12
20 17
66 54
14 15
87 100
8 7
9 7
22 34
20 44
17 10
16 20
8 8
185 241
90 101
18 15
39 26
73 106
37 35
111 86
7 5
24 28
28 33
123 70
68 63
28 18
192 126
77 140
38 43
5 10
87 102
5 6
47 62
68 54
10 12
124 107
144 169
40 31
19 14
9 7
44 104
158 179
88 123
22 21
13 9
54 39
208 282
13 14
40 56
149 111
42 49
248 230
47 38
103 83
14 10
10 6
17 15
24 31
161 151
41 33
38 17
97 52
5 4
16 25
5 8
18 16
14 15
240 459
17 11
30 42
9 11
5 6
8 9
208 252
97 75
61 82
20 23
240 173
9 12
8 10
31 28
64 57
45 69
5 6
35 34
23 28
70 109
21 18
23 30
65 74
6 14
38 28
90 77
7 8
13 35
37 45
60 93
160 207
4 2
45 44
7 6
42 48
16 17
18 17
6 4
16 20
142 106
26 18
155 106
6 5
55 82
4 7
24 24
228 488
221 165
12 16
253 396
11 12
11 11
17 22
22 48
78 94
43 86
59 87
37 33
104 139
66 118
26 31
174 180
55 53
135 79
21 41
14 14
10 10
67 52
166 240
67 94
39 32
159 171
114 94
44 67
17 19
11 9
26 39
9 12
7 10
71 61
61 142
24 15
12 17
7 8
12 9
28 27
189 155
6 5
99 83
145 122
25 40
52 87
10 18
17 17
32 52
128 141
35 43
24 38
74 76
39 35
244 463
8 10
73 49
16 16
68 130
218 304
26 46
48 47
162 146
6 4
24 41
10 6
20 30
26 17
236 230
159 116
18 24
160 160
10 10
135 208
85 111
14 16
224 206
50 35
22 26
20 20
18 12
15 11
5 6
137 181
62 103
6 4
56 50
201 155
40 24
6 4
32 16
256 475
7 4
6 8
9 17
11 15
44 51
180 220
65 65
236 123
9 12
15 15
6 17
12 14
17 23
38 25
15 19
34 45
101 110
48 50
128 111
10 7
105 223
108 174
25 26
12 14
233 229
39 39
6 6
13 14
7 9
43 68
189 195
15 12
16 10
107 129
87 45
5 5
11 19
25 28
147 170
7 5
5 3
9 8
11 11
132 232
45 30
15 12
8 7
114 98
6 3
20 31
105 73
198 142
22 30
36 43
4 4
7 4
18 20
22 17
87 53
19 32
32 35
154 125
249 359
63 49
6 7
191 244
131 146
14 12
48 36
40 41
238 186
29 18
36 31
171 263
252 431
123 119
77 88
37 38
12 10
26 35
7 13
41 38
90 150
24 29
186 239
30 36
5 4
31 53
25 23
108 98
50 41
9 10
17 33
6 7
86 76
6 4
109 114
8 17
6 5
14 31
176 127
7 6
22 19
79 74
45 43
16 12
5 6
30 25
246 296
12 12
11 9
210 213
162 103
5 3
71 117
11 13
134 123
127 71
7 5
50 31
105 69
15 10
7 4
6 6
100 89
91 49
13 15
5 3
42 35
19 25
22 14
18 16
5 5
73 64
145 185
15 39
10 15
182 237
126 127
76 43
29 21
13 11
250 244
9 15
11 8
35 24
11 7
70 67
58 29
20 25
18 26
24 36
13 13
68 58
11 5
53 34
4 1
33 28
60 39
18 22
13 18
19 13
159 147
194 143
4 8
71 72
84 48
4 4
55 41
43 39
4 5
7 10
20 19
117 80
6 4
60 77
8 9
67 27
138 111
78 66
20 17
210 165
60 46
54 61
29 19
26 34
21 28
202 351
22 20
28 19
23 11
9 11
14 19
99 163
78 131
112 63
9 10
12 6
104 134
87 152
15 14
73 86
73 87
32 41
137 218
68 71
6 6
40 36
24 27
130 215
55 56
65 38
70 37
8 10
6 4
17 16
18 22
73 82
112 191
5 7
7 6
34 44
6 6
246 133
42 46
27 21
15 16
236 242
11 7
23 42
225 343
5 4
247 266
26 24
128 172
7 6
89 57
133 205
97 113
138 156
180 124
115 126
77 72
9 8
255 335
21 22
11 11
125 206
51 31
12 12
37 45
9 8
5 4
148 143
21 13
82 104
17 21
140 156
17 24
7 8
48 25
94 97
36 27
20 18
103 149
110 79
129 203
30 39
9 11
40 77
177 153
11 21
17 22
5 4
24 21
7 6
61 54
42 29
49 55
158 130
4 5
40 36
6 7
36 35
38 42
9 7
97 85
17 8
21 18
5 5
5 11
24 32
29 13
16 15
4 4
15 12
72 88
16 14
9 6
4 5
9 9
4 3
9 9
5 3
172 116
6 7
8 12
36 39
7 6
25 23
122 99
63 70
65 67
26 17
37 27
14 21
10 10
175 228
9 7
246 206
52 36
100 87
159 200
6 7
5 7
72 99
5 8
4 6
60 66
146 176
127 106
85 91
148 121
27 40
84 83
16 15
103 115
130 167
12 13
11 11
32 23
25 27
22 16
15 14
242 184
201 119
43 79
22 18
131 219
232 192
164 239
55 52
8 7
21 17
121 122
10 10
4 5
13 13
41 51
27 16
36 39
54 67
46 49
121 164
27 20
78 59
69 69
171 105
91 63
8 6
89 50
44 22
41 58
43 60
96 67
92 91
39 38
170 263
101 160
8 6
83 68
30 33
7 8
236 331
32 55
11 9
4 2
9 13
41 43
4 5
4 5
132 186
33 35
157 238
35 30
5 3
62 79
4 6
38 45
50 50
35 50
65 57
24 19
40 40
4 3
52 60
27 44
65 80
94 101
6 5
39 68
30 18
7 12
30 34
85 157
27 42
153 180
21 30
22 20
89 85
213 137
20 13
54 68
36 34
6 7
12 14
8 8
42 41
17 18
174 172
38 30
108 131
24 16
5 5
85 130
14 9
185 228
116 168
199 120
162 159
85 77
106 81
67 57
182 289
12 17
15 12
12 9
109 175
31 37
30 18
19 22
160 201
102 67
12 10
129 183
6 6
208 186
4 3
113 72
85 116
224 182
13 11
76 74
27 21
27 31
73 105
211 191
161 137
229 134
9 16
244 403
206 157
111 150
23 36
8 9
11 16
123 121
12 11
11 13
10 9
36 47
19 13
63 78
76 64
12 9
47 55
12 6
19 26
52 75
111 83
10 9
28 57
9 10
14 16
9 5
67 173
16 22
8 8
5 9
151 100
107 121
211 351
37 40
129 92
37 80
35 52
245 207
18 23
80 139
26 27
5 8
132 128
120 101
186 166
10 10
34 26
34 55
20 14
13 15
5 4
4 3
21 31
240 317
25 45
5 7
93 90
28 28
79 79
67 115
10 12
16 11
18 11
9 10
85 52
26 42
117 170
128 95
65 83
13 16
60 80
10 8
48 68
112 99
23 14
243 332
14 13
30 30
97 72
252 200
83 62
196 249
161 133
6 12
12 14
7 6
36 34
7 7
49 61
75 106
11 6
93 73
10 19
92 155
182 87
61 68
4 3
8 5
174 131
46 37
20 26
51 40
33 17
8 7
147 195
17 17
5 5
65 41
19 15
7 7
10 14
34 28
5 7
242 185
7 15
11 7
16 19
20 20
104 123
5 4
15 15
196 144
25 25
49 53
135 124
9 7
219 155
46 79
28 43
8 7
13 18
21 25
22 22
75 51
7 6
8 9
217 215
75 117
83 71
63 42
9 7
82 90
15 17
17 16
186 216
54 97
88 110
8 6
83 136
15 23
38 32
41 42
7 5
12 9
18 13
12 9
4 4
6 7
30 25
14 9
42 18
76 187
6 5
65 72
21 26
147 157
17 10
107 103
55 46
12 8
75 61
4 5
233 340
109 157
245 199
13 16
23 18
9 3
8 10
15 33
22 20
222 180
37 34
34 36
15 16
5 8
9 6
38 24
6 8
36 34
138 75
41 69
10 8
23 33
68 70
79 83
67 104
7 7
4 5
90 115
109 141
24 28
225 190
40 32
204 111
94 102
106 58
9 5
29 14
204 299
9 6
59 71
7 8
27 36
7 4
52 114
13 7
5 7
10 9
72 108
48 94
12 10
90 114
6 6
156 133
37 42
148 139
21 23
18 22
7 15
25 28
72 83
6 5
4 6
171 148
198 232
195 209
70 102
203 282
27 46
8 7
71 91
11 16
143 186
16 23
77 75
12 15
17 17
34 32
9 10
28 56
35 37
48 62
27 43
71 163
6 7
6 5
31 57
53 83
28 25
17 28
186 175
37 64
25 30
12 13
49 63
9 7
74 77
6 7
4 3
119 118
62 45
52 73
78 150
47 33
147 84
123 210
26 36
81 68
222 122
89 75
119 109
45 36
131 90
57 66
4 4
29 27
9 9
136 157
5 8
29 42
14 7
7 8
154 107
5 6
50 35
145 100
104 78
19 25
53 38
6 7
127 118
36 34
133 112
9 8
91 125
58 57
16 25
88 106
10 9
68 82
30 28
10 3
23 12
135 151
18 40
154 166
54 37
9 6
34 20
54 57
126 98
6 4
206 194
47 32
101 190
143 186
53 96
21 24
46 33
76 78
21 17
174 376
112 99
4 7
6 7
14 13
42 49
28 52
4 2
11 13
87 55
7 10
26 29
20 23
30 27
108 91
22 12
26 34
251 259
142 261
8 9
111 56
11 10
144 177
77 55
14 11
4 4
5 5
56 96
38 37
7 7
64 36
11 13
13 19
51 62
102 139
39 37
137 161
9 6
24 20
6 3
63 55
145 216
70 47
15 12
10 9
6 4
22 12
67 104
32 23
63 66
6 3
187 135
4 3
196 261
83 66
33 29
101 74
13 11
5 4
30 27
5 7
31 41
5 3
38 21
11 12
8 10
5 8
8 5
5 7
71 41
16 14
30 26
28 33
27 27
19 18
79 51
35 25
25 23
188 116
126 77
153 254
67 55
63 71
6 4
12 9
176 270
12 17
16 21
36 57
28 23
31 40
30 28
48 32
14 15
140 130
6 6
30 16
21 25
21 34
4 5
39 33
139 167
8 7
14 19
7 8
14 19
124 68
12 6
11 9
63 42
76 46
36 41
6 7
26 78
108 126
16 14
4 5
7 4
14 14
10 5
191 321
33 22
13 10
8 10
224 128
11 10
7 7
96 128
229 439
96 107
5 4
99 78
44 79
159 178
221 203
80 49
128 127
101 112
7 5
9 14
6 5
6 5
24 23
23 17
4 4
67 52
9 9
242 275
19 67
6 6
191 192
28 62
16 17
15 12
7 12
5 3
7 8
5 4
49 60
7 9
19 17
166 165
164 165
5 5
77 78
14 8
25 39
8 12
65 51
178 121
5 5
22 35
74 108
109 103
75 59
14 14
10 9
7 11
99 75
119 162
18 20
11 8
11 8
18 22
79 78
12 8
17 18
35 49
180 124
6 6
163 293
6 7
4 4
103 83
201 173
31 22
12 7
101 111
87 97
16 14
4 4
131 185
16 11
48 82
52 38
212 172
28 20
146 138
198 282
29 43
5 6
47 35
89 119
53 33
197 147
21 46
18 15
37 44
31 43
6 9
204 217
40 77
10 8
4 5
8 12
170 90
190 284
142 122
223 161
103 107
9 14
191 292
8 8
9 16
112 136
104 67
200 242
98 140
33 44
139 152
220 543
36 53
122 120
202 149
86 91
8 9
193 165
25 53
36 21
18 26
102 173
80 54
240 308
101 144
29 14
18 18
8 11
90 150
20 16
23 40
127 88
5 4
30 27
8 9
18 22
14 11
19 24
177 153
7 9
190 167
23 11
196 289
87 47
91 81
17 13
5 5
177 171
4 5
193 301
84 98
6 6
123 88
71 85
7 10
106 85
7 6
165 180
4 7
227 198
135 73
10 9
7 6
8 6
23 28
8 11
42 30
26 45
50 50
30 32
8 5
49 90
4 8
112 181
53 48
52 69
6 7
24 35
36 19
234 253
94 83
8 14
15 16
11 11
5 6
16 14
23 19
38 48
59 86
71 82
12 13
50 50
22 9
12 17
196 284
63 64
25 19
7 10
7 7
15 13
155 250
142 134
246 333
192 183
5 4
14 14
51 50
160 247
140 175
12 10
201 250
79 69
7 9
14 17
14 14
63 67
106 75
19 10
141 170
173 175
4 4
21 9
32 12
37 40
223 209
48 47
11 9
171 220
217 122
93 66
6 9
220 229
4 4
139 231
12 9
64 104
37 44
5 3
11 7
18 16
9 6
15 19
50 45
22 22
19 13
96 106
231 417
256 402
119 193
4 7
37 39
5 7
139 112
37 48
5 4
193 365
13 13
152 182
45 60
9 7
126 111
69 53
5 4
79 92
5 7
8 6
55 44
10 15
5 5
64 84
13 11
64 72
42 52
223 254
161 131
68 47
6 4
14 13
190 286
242 277
7 7
86 108
90 70
29 35
252 224
76 110
8 10
12 10
92 192
4 7
14 19
64 73
13 15
11 14
5 3
30 32
60 54
163 121
7 7
9 11
6 4
45 54
105 90
123 89
9 8
186 186
106 127
22 22
5 6
56 33
66 36
4 5
4 5
37 29
4 7
7 8
7 3
18 22
36 49
45 114
6 7
40 27
69 112
47 37
54 73
101 129
11 7
33 69
6 9
138 69
6 3
46 89
66 52
8 13
201 111
15 20
4 3
10 17
16 26
4 4
93 125
231 247
34 29
15 9
43 32
98 83
43 27
50 64
12 9
23 17
13 20
59 108
11 9
34 46
170 149
17 26
45 43
63 38
36 23
114 136
7 6
11 13
26 35
99 68
155 131
8 9
4 5
7 10
18 17
19 9
33 36
33 40
174 154
9 13
190 119
8 9
54 81
189 231
4 5
102 51
17 13
16 23
121 87
25 31
62 41
10 8
8 6
131 121
93 83
16 17
23 25
49 46
46 63
20 23
96 112
91 105
132 76
17 23
47 36
23 26
27 39
94 71
151 124
154 88
17 14
82 191
14 23
61 89
9 15
64 60
104 77
80 95
10 8
236 162
113 162
45 33
8 13
13 11
18 18
7 11
81 116
23 31
55 50
53 38
42 23
21 25
106 50
146 119
141 79
10 15
14 10
17 20
128 230
107 66
8 8
181 281
9 9
11 11
10 8
23 22
5 5
8 12
166 196
127 142
162 207
11 14
10 9
82 144
11 13
5 5
124 112
16 13
130 149
6 3
46 31
17 20
29 27
191 219
53 48
33 28
5 7
6 8
5 10
36 34
204 209
9 8
54 41
22 30
24 32
12 6
12 11
15 16
6 5
59 89
5 3
193 157
46 59
164 111
68 50
8 9
122 179
80 59
18 17
5 10
167 338
52 62
27 24
18 29
139 122
15 10
242 275
7 11
13 7
30 22
12 10
68 116
229 100
6 12
13 14
112 113
246 390
6 5
13 13
41 38
23 13
235 338
22 20
99 96
178 161
10 8
42 26
19 17
26 25
63 44
101 94
5 7
5 7
4 4
13 11
70 108
27 38
105 129
5 5
18 21
8 8
19 26
11 11
108 175
152 111
201 165
34 48
44 45
32 36
111 98
149 149
10 14
8 11
40 19
6 6
11 6
27 23
13 10
4 3
10 7
248 360
33 38
215 160
4 4
8 10
165 257
33 39
8 14
24 17
250 258
10 10
170 178
22 24
31 24
8 13
13 13
55 61
91 117
248 390
32 42
106 149
9 10
36 50
14 12
37 27
60 39
6 4
32 28
40 59
111 145
59 63
115 75
148 177
119 210
80 90
34 42
9 5
130 81
45 46
43 60
27 42
85 57
11 8
18 13
4 3
119 240
9 9
9 11
5 5
132 210
29 33
77 93
26 31
23 29
14 12
20 13
136 198
65 95
256 291
7 7
5 10
19 15
20 16
93 68
5 6
104 102
167 260
18 13
13 9
8 13
10 15
15 9
15 9
12 12
20 16
98 40
130 161
109 170
176 125
48 57
249 188
39 57
71 64
57 63
124 109
94 89
198 130
14 11
6 5
12 18
17 17
172 224
31 41
56 68
10 8
10 9
11 12
26 25
132 143
4 5
79 79
82 65
4 5
176 342
7 7
8 25
11 6
86 81
24 29
99 76
6 7
7 8
15 17
12 11
167 210
138 179
34 33
126 60
118 119
7 7
42 37
11 8
38 37
41 65
26 25
56 50
6 8
68 68
7 8
9 7
15 17
22 10
228 170
65 69
24 26
81 103
124 141
76 55
12 12
7 10
34 31
215 246
43 41
32 28
11 11
5 8
5 4
129 132
11 34
6 4
13 9
12 6
4 7
72 106
26 14
98 50
209 157
13 19
70 68
7 6
11 18
6 4
165 238
11 12
13 9
9 20
9 8
94 100
139 147
31 34
37 43
19 22
120 190
9 6
34 23
4 4
7 7
17 14
81 47
172 262
16 11
62 39
114 64
127 108
44 48
4 4
62 99
7 7
54 42
72 69
11 13
21 23
166 164
147 189
255 179
9 10
14 25
192 167
16 11
32 78
17 16
213 237
28 33
174 105
24 19
37 25
112 145
87 68
28 16
20 19
55 41
47 38
6 8
28 55
12 17
5 4
194 120
18 30
15 32
5 7
12 11
93 48
168 204
16 18
14 13
34 55
42 44
55 40
52 85
154 120
25 28
20 35
8 5
4 3
21 23
62 93
12 20
6 13
4 4
11 4
246 208
251 96
51 62
22 26
76 78
18 16
11 13
107 142
15 23
47 44
10 16
12 10
71 51
13 20
15 17
89 98
139 130
109 91
86 103
63 75
5 7
36 40
7 6
7 6
24 33
25 15
15 28
6 7
9 11
87 80
6 8
108 147
20 15
198 163
93 102
9 6
6 9
7 8
114 146
9 10
6 4
7 7
25 49
40 49
7 3
6 9
25 16
203 127
5 6
42 46
14 7
52 49
26 33
6 5
6 5
5 11
71 58
7 5
152 115
62 46
10 13
32 36
227 390
126 115
79 125
36 31
71 51
48 36
193 146
5 4
29 25
30 19
37 87
53 31
153 145
11 14
8 4
15 11
50 52
72 79
119 72
101 65
5 5
182 176
34 48
60 58
57 42
233 241
201 82
219 220
34 32
4 4
50 50
28 27
80 96
198 195
111 157
6 7
16 21
57 75
237 233
186 249
49 78
46 60
40 33
130 142
22 30
8 7
134 191
12 8
50 49
76 50
28 32
153 115
31 35
229 266
151 46
10 16
81 101
5 9
4 4
50 70
57 51
59 75
22 18
9 15
16 15
5 4
28 36
255 306
36 47
4 7
8 6
19 15
163 279
252 160
37 24
244 244
102 82
17 33
135 96
238 189
12 13
51 28
39 26
6 3
67 33
23 14
76 81
15 17
10 8
5 5
17 14
183 103
125 142
162 269
26 20
17 22
89 86
10 24
40 43
33 22
4 4
251 201
9 18
53 73
6 6
19 10
22 28
154 209
6 10
35 34
7 7
9 7
4 4
18 24
179 154
112 191
217 238
6 11
13 17
4 3
14 12
51 67
32 23
47 47
93 186
58 53
134 140
5 4
7 9
74 115
151 137
99 100
29 36
24 20
7 11
2 0
2 0
0 37
0 1 0
3 0 3
0 7 1
3 0 6
0 1 0
1 6 26
0 41 51
1 36 106
0 1 0
0 22 25
3 0 7
3 0 5
0 1 0
0 46 39
3 0 0
0 39 51
0 1 0
3 0 2
0 4 4
2 0 9
0 1 0
0 28 34
1 9 31
2 0 5
0 1 0
2 0 10
4 0 830
1 18 52
0 1 0
1 21 68
0 7 9
1 18 88
0 1 0
1 41 186
1 18 110
4 0 216
0 1 0
1 44 239
0 11 6
1 23 74
0 1 0
0 31 27
1 42 198
0 36 45
0 1 0
2 0 9
1 37 83
0 2 1
0 1 0
0 49 36
4 0 494
0 40 49
0 1 0
2 0 2
2 0 10
4 0 540
0 1 0
1 33 108
1 25 125
1 27 151
0 1 0
3 0 7
0 24 25
3 0 6
0 1 0
1 44 165
0 47 19
1 45 128
0 1 0
4 0 656
0 9 12
4 0 442
0 1 0
0 10 10
4 0 811
2 0 1
0 1 0
0 14 11
1 34 191
3 0 5
0 1 0
1 38 210
3 0 2
2 0 2
0 1 0
3 0 2
1 38 84
1 10 36
0 1 0
0 29 32
0 22 12
1 3 17
0 1 0
0 38 32
3 0 10
4 0 295
0 1 0
0 43 71
1 46 251
3 0 3
0 1 0
0 22 28
2 0 10
0 49 69
0 1 0
0 23 10
0 36 27
3 0 3
0 1 0
3 0 5
3 0 6
0 7 7
0 1 0
2 0 2
1 49 199
4 0 769
0 1 0
3 0 9
0 26 38
2 0 9
0 1 0
0 7 5
2 0 5
2 0 6
0 1 0
1 1 3
0 17 18
0 24 18
0 1 0
2 0 4
3 0 8
3 0 7
0 1 0
0 32 26
0 24 21
2 0 5
0 1 0
0 40 53
4 0 726
3 0 5
0 1 0
3 0 10
0 33 40
3 0 5
0 1 0
3 0 6
0 48 30
0 33 26
0 1 0
1 24 40
4 0 545
1 1 3
0 1 0
3 0 7
1 1 3
0 34 53
0 1 0
1 14 59
0 5 4
4 0 201
0 1 0
3 0 1
1 49 87
1 43 209
0 1 0
1 6 33
1 33 160
1 25 174
0 1 0
3 0 9
3 0 2
3 0 8
0 1 0
3 0 1
0 26 30
3 0 2
0 1 0
0 16 14
0 13 16
3 0 10
0 1 0
0 21 20
0 5 4
1 42 156
0 1 0
2 0 1
1 21 65
3 0 2
0 1 0
2 0 4
1 2 8
0 28 30
0 1 0
0 50 47
3 0 3
0 16 19
0 1 0
1 2 7
3 0 7
3 0 6
0 1 0
0 43 32
0 48 44
3 0 0
0 1 0
0 50 33
0 37 42
0 24 31
0 1 0
1 30 121
2 0 3
0 38 19
0 1 0
1 44 190
2 0 6
3 0 5
0 1 0
0 15 19
4 0 284
0 4 4
0 1 0
0 38 28
3 0 2
4 0 798
0 1 0
0 48 43
3 0 9
1 21 51
0 1 0
0 48 50
0 18 26
0 4 4
0 1 0
2 0 5
4 0 332
1 37 187
0 1 0
0 38 36
3 0 9
3 0 6
0 1 0
1 45 254
0 23 17
1 24 116
0 1 0
1 4 28
3 0 6
0 39 61
0 1 0
3 0 6
3 0 8
0 39 23
0 1 0
0 24 24
3 0 8
1 29 164
0 1 0
2 0 3
0 25 22
1 2 4
0 1 0
3 0 8
4 0 416
3 0 7
0 1 0
0 30 16
1 20 106
2 0 7
0 1 0
2 0 0
3 0 5
0 48 32
0 1 0
1 22 48
1 46 169
3 0 3
0 1 0
1 13 33
1 14 67
3 0 0
0 1 0
2 0 3
2 0 5
2 0 5
0 1 0
1 49 155
2 0 2
1 18 77
0 1 0
0 39 43
3 0 2
4 0 815
0 1 0
1 38 175
3 0 8
1 24 158
0 1 0
1 39 261
3 0 5
0 10 8
0 1 0
4 0 325
2 0 8
2 0 5
0 1 0
3 0 9
1 42 228
3 0 4
0 1 0
0 31 37
2 0 4
0 12 6
0 1 0
0 42 38
0 35 36
0 31 47
0 1 0
3 0 1
0 37 32
1 18 106
0 1 0
0 23 26
1 10 61
2 0 9
0 1 0
0 23 11
0 16 23
0 1 1
0 1 0
0 34 10
2 0 7
3 0 6
0 1 0
0 11 13
0 40 24
0 34 22
0 1 0
0 4 5
3 0 9
1 19 91
0 1 0
1 47 229
3 0 7
3 0 1
0 1 0
2 0 8
3 0 2
2 0 7
0 1 0
0 19 31
3 0 10
1 10 18
0 1 0
0 33 24
4 0 631
1 38 101
0 1 0
1 9 50
2 0 2
4 0 970
0 1 0
4 0 201
3 0 6
1 22 112
0 1 0
0 30 31
0 4 6
0 6 6
0 1 0
0 8 10
0 39 49
0 29 16
0 1 0
0 21 22
0 2 1
3 0 2
0 1 0
3 0 3
0 47 24
1 46 196
0 1 0
4 0 452
0 14 9
0 11 11
0 1 0
1 26 86
0 1 1
1 47 319
0 1 0
3 0 1
1 7 33
0 41 39
0 1 0
1 28 100
4 0 977
3 0 9
0 1 0
3 0 9
1 2 7
3 0 7
0 1 0
0 41 48
1 22 121
0 37 41
0 1 0
3 0 5
0 27 27
3 0 1
0 1 0
3 0 5
1 27 115
1 22 90
0 1 0
1 14 47
0 5 4
0 45 43
0 1 0
3 0 2
2 0 6
0 32 33
0 1 0
4 0 934
1 34 117
0 3 3
0 1 0
0 34 43
2 0 5
3 0 4
0 1 0
0 13 24
2 0 8
0 41 41
0 1 0
1 32 110
0 43 39
2 0 5
0 1 0
4 0 940
1 32 146
1 13 51
0 1 0
3 0 10
0 20 21
1 37 157
0 1 0
1 1 5
4 0 226
3 0 1
0 1 0
2 0 6
0 3 4
0 49 35
0 1 0
2 0 10
1 8 38
4 0 420
0 1 0
0 32 27
4 0 407
1 43 79
0 1 0
4 0 831
1 35 199
0 15 23
0 1 0
0 42 70
1 10 52
1 3 7
0 1 0
0 26 31
1 6 28
1 3 11
0 1 0
1 29 167
3 0 4
0 49 42
0 1 0
2 0 5
0 21 30
1 33 160
0 1 0
0 16 19
1 37 211
4 0 786
0 1 0
3 0 6
2 0 7
0 1 1
0 1 0
0 33 27
3 0 4
0 48 51
0 1 0
2 0 3
2 0 5
2 0 7
0 1 0
3 0 4
3 0 9
1 22 92
0 1 0
0 47 42
3 0 0
1 30 90
0 1 0
3 0 5
0 24 24
1 35 82
0 1 0
3 0 8
0 9 6
1 36 169
0 1 0
0 28 25
1 48 218
1 25 133
0 1 0
4 0 385
1 50 202
3 0 10
0 1 0
1 47 281
0 40 27
1 24 95
0 1 0
0 38 40
3 0 4
1 26 141
0 1 0
3 0 1
2 0 7
0 33 38
0 1 0
3 0 10
0 42 23
0 22 28
0 1 0
4 0 797
1 45 205
0 40 43
0 1 0
2 0 0
0 20 18
0 23 11
0 1 0
0 39 46
0 24 12
0 44 60
0 1 0
0 32 32
0 22 19
0 41 38
0 1 0
4 0 771
1 9 29
0 39 33
0 1 0
0 33 41
1 4 10
1 48 178
0 1 0
3 0 1
0 14 19
0 3 2
0 1 0
3 0 2
2 0 4
3 0 7
0 1 0
0 26 29
3 0 3
0 47 39
0 1 0
3 0 6
1 6 35
0 29 34
0 1 0
0 7 10
1 30 192
3 0 9
0 1 0
1 49 206
2 0 6
1 45 152
0 1 0
0 42 46
0 45 36
0 36 21
0 1 0
0 47 56
0 22 37
4 0 301
0 1 0
1 13 60
0 12 10
2 0 8
0 1 0
3 0 0
0 36 17
4 0 495
0 1 0
1 49 146
4 0 613
0 1 1
0 1 0
0 41 59
1 10 33
1 24 132
0 1 0
2 0 10
0 45 59
0 19 24
0 1 0
0 43 44
0 19 10
1 16 51
0 1 0
4 0 706
1 13 47
1 41 210
0 1 0
0 16 4
2 0 2
3 0 3
0 1 0
3 0 6
0 30 20
0 16 18
0 1 0
0 25 28
0 28 33
3 0 3
0 1 0
1 6 29
1 6 26
3 0 3
0 1 0
3 0 8
0 19 20
0 9 5
0 1 0
0 18 20
0 22 16
0 46 50
0 1 0
1 5 24
1 49 178
0 48 31
0 1 0
3 0 4
1 3 16
2 0 8
0 1 0
2 0 1
0 12 11
1 31 90
0 1 0
3 0 2
0 37 33
3 0 5
0 1 0
0 36 35
1 16 81
1 21 71
0 1 0
4 0 525
2 0 8
1 36 181
0 1 0
2 0 6
1 1 2
2 0 0
0 1 0
3 0 4
3 0 8
1 40 123
0 1 0
1 18 29
1 26 49
4 0 944
0 1 0
3 0 3
0 2 2
0 2 1
0 1 0
2 0 7
2 0 8
0 27 27
0 1 0
0 25 20
3 0 8
3 0 4
0 1 0
3 0 6
1 11 49
0 43 25
0 1 0
3 0 10
2 0 7
2 0 6
0 1 0
1 31 83
0 44 34
3 0 2
0 1 0
2 0 6
0 44 65
0 16 19
0 1 0
2 0 1
0 26 13
0 13 15
0 1 0
2 0 6
3 0 5
0 10 10
0 1 0
3 0 6
1 17 61
0 10 13
0 1 0
0 24 31
0 24 26
3 0 5
0 1 0
0 45 73
1 47 274
0 42 40
0 1 0
2 0 5
0 2 3
0 17 13
0 1 0
3 0 4
0 50 71
3 0 2
0 1 0
3 0 7
3 0 1
0 49 37
0 1 0
1 23 75
0 39 24
0 9 2
0 1 0
1 28 95
1 2 8
1 27 105
0 1 0
3 0 6
2 0 1
2 0 0
0 1 0
4 0 372
0 47 53
0 35 27
0 1 0
3 0 5
0 11 6
3 0 2
0 1 0
3 0 4
3 0 2
3 0 10
0 1 0
2 0 5
3 0 3
0 9 9
0 1 0
1 24 94
0 15 21
3 0 2
0 1 0
0 47 63
1 17 87
0 45 34
0 1 0
3 0 6
0 43 56
0 24 31
0 1 0
0 16 24
2 0 1
1 14 44
0 1 0
1 27 106
0 28 24
3 0 3
0 1 0
0 3 4
0 12 19
0 7 7
0 1 0
0 28 33
0 45 69
4 0 293
0 1 0
1 7 38
3 0 0
0 2 3
0 1 0
1 3 11
0 25 23
0 27 46
0 1 0
0 46 52
1 37 165
2 0 8
0 1 0
1 27 46
2 0 0
0 21 21
0 1 0
0 47 27
0 17 18
3 0 9
0 1 0
1 50 233
2 0 5
0 13 8
0 1 0
1 12 58
1 13 30
0 12 14
0 1 0
0 12 13
2 0 9
0 5 7
0 1 0
0 44 60
2 0 9
3 0 2
0 1 0
4 0 893
0 42 34
0 19 11
0 1 0
0 6 6
0 37 47
1 36 206
0 1 0
1 40 264
1 26 106
0 45 61
0 1 0
0 22 29
3 0 7
0 14 16
0 1 0
0 9 11
3 0 6
0 29 33
0 1 0
1 27 85
0 49 52
0 36 38
0 1 0
0 16 16
2 0 10
0 37 36
0 1 0
1 36 95
3 0 7
1 22 54
0 1 0
3 0 6
4 0 328
0 9 2
0 1 0
0 31 39
0 50 84
0 19 25
0 1 0
0 43 44
1 6 15
0 40 35
0 1 0
0 36 41
4 0 302
2 0 0
0 1 0
2 0 5
1 12 42
1 36 129
0 1 0
2 0 2
0 36 32
0 2 3
0 1 0
0 50 47
1 19 105
3 0 4
0 1 0
3 0 10
1 25 168
2 0 8
0 1 0
0 16 12
2 0 1
1 21 132
0 1 0
3 0 10
2 0 10
1 33 77
0 1 0
3 0 9
3 0 4
0 15 20
0 1 0
0 1 1
2 0 5
0 24 20
0 1 0
0 30 25
0 24 21
4 0 914
0 1 0
4 0 692
0 39 42
1 49 193
0 1 0
4 0 722
0 16 8
3 0 10
0 1 0
0 47 59
0 40 36
4 0 509
0 1 0
0 36 28
3 0 1
3 0 7
0 1 0
3 0 8
0 46 35
0 41 27
0 1 0
3 0 4
2 0 5
3 0 10
0 1 0
2 0 6
0 2 2
0 41 59
0 1 0
0 2 2
2 0 3
0 35 44
0 1 0
2 0 1
4 0 522
2 0 3
0 1 0
0 31 24
4 0 615
1 39 155
0 1 0
0 28 11
2 0 8
0 49 53
0 1 0
1 47 160
0 22 20
0 20 22
0 1 0
0 12 12
1 33 157
3 0 3
0 1 0
3 0 9
1 35 157
0 13 18
0 1 0
1 33 120
0 31 27
0 33 26
0 1 0
3 0 3
2 0 0
1 2 4
0 1 0
0 23 31
0 42 26
3 0 4
0 1 0
1 16 47
3 0 10
0 36 19
0 1 0
0 6 8
0 28 49
1 35 155
0 1 0
0 8 8
0 25 32
2 0 7
0 1 0
1 13 79
1 42 148
1 3 12
0 1 0
1 18 53
0 49 61
1 9 20
0 1 0
0 21 23
1 24 63
1 6 18
0 1 0
3 0 7
3 0 0
2 0 0
0 1 0
2 0 0
2 0 2
4 0 285
0 1 0
0 5 6
0 25 40
0 33 20
0 1 0
2 0 6
2 0 2
1 22 111
0 1 0
0 9 9
3 0 7
0 43 18
0 1 0
2 0 0
0 43 33
0 1 1
0 1 0
3 0 8
0 5 2
0 6 7
0 1 0
0 4 5
1 36 202
1 29 39
0 1 0
1 41 140
1 3 19
1 31 121
0 1 0
3 0 5
0 34 31
2 0 4
0 1 0
2 0 8
4 0 323
2 0 8
0 1 0
0 22 8
0 21 16
3 0 4
0 1 0
0 14 20
1 20 121
4 0 466
0 1 0
0 10 13
0 11 13
0 43 27
0 1 0
0 35 50
0 26 35
3 0 2
0 1 0
0 30 23
1 14 62
0 27 36
0 1 0
3 0 3
0 40 57
3 0 3
0 1 0
0 49 42
0 16 24
1 1 4
0 1 0
0 11 6
0 28 35
0 37 26
0 1 0
0 20 25
1 19 75
3 0 4
0 1 0
0 8 12
1 48 213
0 42 33
0 1 0
3 0 0
1 48 274
0 25 20
0 1 0
0 13 18
0 9 12
1 31 153
0 1 0
2 0 8
0 42 15
0 36 25
0 1 0
1 24 83
2 0 6
2 0 6
0 1 0
3 0 2
1 4 14
0 2 1
0 1 0
0 2 2
0 41 35
1 41 100
0 1 0
4 0 806
4 0 648
2 0 1
0 1 0
2 0 9
1 49 100
0 48 61
0 1 0
4 0 228
0 50 67
0 35 39
0 1 0
2 0 7
3 0 9
0 48 55
0 1 0
0 32 19
4 0 282
0 3 6
0 1 0
4 0 634
3 0 2
1 43 161
0 1 0
1 18 127
0 22 20
0 40 57
0 1 0
3 0 5
1 28 109
1 46 201
0 1 0
0 40 32
0 49 36
1 34 123
0 1 0
3 0 3
3 0 5
3 0 6
0 1 0
0 30 31
4 0 292
3 0 3
0 1 0
1 36 109
1 17 46
0 40 43
0 1 0
0 25 27
0 24 20
0 21 9
0 1 0
1 15 33
1 37 75
1 36 174
0 1 0
1 8 30
1 39 185
0 48 55
0 1 0
0 8 11
1 35 75
1 36 193
0 1 0
1 26 135
3 0 6
0 41 29
0 1 0
0 31 20
3 0 10
3 0 0
0 1 0
0 12 9
2 0 2
0 12 17
0 1 0
3 0 4
0 23 21
4 0 923
0 1 0
3 0 4
0 47 66
1 26 48
0 1 0
2 0 9
4 0 549
3 0 0
0 1 0
4 0 996
3 0 0
2 0 0
0 1 0
2 0 10
1 18 107
4 0 592
0 1 0
4 0 874
1 8 35
1 9 23
0 1 0
3 0 3
2 0 8
2 0 2
0 1 0
0 7 2
0 2 2
3 0 1
0 1 0
3 0 3
0 20 31
1 40 236
0 1 0
3 0 10
4 0 637
3 0 0
0 1 0
1 48 215
1 25 100
0 7 7
0 1 0
1 6 21
1 42 142
1 18 52
0 1 0
0 48 43
0 45 75
2 0 3
0 1 0
0 12 12
2 0 2
0 13 6
0 1 0
3 0 5
0 26 19
4 0 627
0 1 0
0 10 10
2 0 4
3 0 0
0 1 0
1 31 186
0 38 52
1 34 147
0 1 0
2 0 3
2 0 8
2 0 8
0 1 0
2 0 9
2 0 4
0 3 1
0 1 0
4 0 921
0 40 26
4 0 762
0 1 0
0 47 54
1 41 164
3 0 8
0 1 0
0 26 23
4 0 732
0 13 14
0 1 0
0 4 4
0 43 45
2 0 5
0 1 0
4 0 914
0 40 51
4 0 690
0 1 0
0 6 7
0 3 4
1 10 28
0 1 0
3 0 10
4 0 573
2 0 6
0 1 0
0 47 68
2 0 2
3 0 10
0 1 0
0 43 31
0 46 65
0 1 1
0 1 0
1 40 83
0 16 18
3 0 0
0 1 0
1 45 216
1 37 165
4 0 419
0 1 0
1 14 38
0 30 41
1 3 5
0 1 0
0 13 10
0 43 10
4 0 231
0 1 0
3 0 10
0 8 9
0 41 36
0 1 0
0 37 51
2 0 7
3 0 4
0 1 0
0 26 28
3 0 9
0 35 47
0 1 0
0 7 9
2 0 9
3 0 6
0 1 0
2 0 5
4 0 834
1 46 236
0 1 0
0 24 21
1 8 35
3 0 10
0 1 0
1 17 111
2 0 7
0 4 3
0 1 0
3 0 8
2 0 10
0 24 35
0 1 0
1 34 179
3 0 6
3 0 7
0 1 0
1 37 137
2 0 2
2 0 0
0 1 0
0 35 47
1 9 43
0 14 23
0 1 0
1 29 135
2 0 8
0 15 14
0 1 0
0 16 12
1 23 92
3 0 1
0 1 0
0 45 40
3 0 2
0 4 2
0 1 0
0 14 22
2 0 3
1 1 5
0 1 0
0 50 31
0 13 14
0 27 20
0 1 0
0 5 7
0 22 23
1 28 135
0 1 0
0 38 28
0 9 7
0 39 37
0 1 0
1 39 154
2 0 8
3 0 1
0 1 0
0 39 38
2 0 8
4 0 291
0 1 0
1 24 58
4 0 846
0 26 25
0 1 0
0 37 49
0 1 1
1 43 145
0 1 0
3 0 4
1 26 65
0 25 26
0 1 0
0 29 27
0 12 17
4 0 328
0 1 0
2 0 6
0 22 6
3 0 4
0 1 0
0 25 49
0 13 7
1 27 97
0 1 0
0 22 25
0 31 37
0 6 7
0 1 0
0 5 2
0 36 37
0 36 25
0 1 0
0 36 45
0 28 28
0 3 1
0 1 0
0 45 49
4 0 622
4 0 371
0 1 0
4 0 235
0 36 27
0 19 34
0 1 0
1 3 16
1 5 20
0 26 31
0 1 0
1 24 99
2 0 2
1 20 81
0 1 0
0 43 28
4 0 579
3 0 0
0 1 0
0 37 37
0 15 14
4 0 827
0 1 0
1 48 97
1 46 157
3 0 8
0 1 0
0 7 8
1 30 206
0 20 13
0 1 0
0 18 22
0 11 12
0 22 18
0 1 0
0 27 35
2 0 4
4 0 401
0 1 0
4 0 993
0 32 33
3 0 1
0 1 0
0 46 41
3 0 7
1 32 123
0 1 0
1 6 18
1 21 97
3 0 3
0 1 0
0 25 22
0 47 41
0 35 22
0 1 0
0 36 29
1 23 94
1 8 28
0 1 0
2 0 1
3 0 0
1 36 81
0 1 0
1 12 13
2 0 2
2 0 1
0 1 0
3 0 6
0 18 15
3 0 8
0 1 0
0 39 51
0 31 31
0 31 38
0 1 0
4 0 520
1 11 44
3 0 0
0 1 0
3 0 6
1 48 176
0 38 39
0 1 0
1 50 214
0 35 59
1 23 63
0 1 0
3 0 9
3 0 7
0 32 58
0 1 0
4 0 755
0 18 16
0 3 3
0 1 0
1 7 29
1 28 182
1 21 110
0 1 0
3 0 0
1 19 61
1 47 219
0 1 0
1 36 80
1 10 55
4 0 877
0 1 0
3 0 10
3 0 4
0 19 25
0 1 0
3 0 7
0 6 7
3 0 7
0 1 0
0 20 12
0 8 7
0 28 28
0 1 0
0 44 57
3 0 7
4 0 711
0 1 0
4 0 755
0 30 31
1 33 156
0 1 0
1 25 39
0 22 6
0 5 5
0 1 0
0 42 26
2 0 1
3 0 4
0 1 0
2 0 2
4 0 746
2 0 3
0 1 0
3 0 9
2 0 5
0 19 12
0 1 0
4 0 413
2 0 2
4 0 235
0 1 0
0 18 9
0 18 23
3 0 1
0 1 0
3 0 7
3 0 5
1 8 36
0 1 0
3 0 1
0 44 17
4 0 952
0 1 0
3 0 1
4 0 533
0 32 29
0 1 0
2 0 2
2 0 0
3 0 9
0 1 0
0 19 16
0 1 1
1 44 169
0 1 0
1 27 102
0 22 12
0 31 15
0 1 0
4 0 216
2 0 3
3 0 6
0 1 0
1 2 11
3 0 0
1 18 67
0 1 0
0 2 2
1 33 63
0 32 24
0 1 0
4 0 525
1 3 10
1 34 178
0 1 0
1 4 19
0 50 54
3 0 5
0 1 0
3 0 2
0 19 9
1 12 53
0 1 0
2 0 7
1 9 14
0 10 7
0 1 0
1 4 16
3 0 10
2 0 4
0 1 0
2 0 9
0 31 36
3 0 2
0 1 0
1 27 88
0 5 2
4 0 811
0 1 0
0 5 3
0 37 46
2 0 6
0 1 0
3 0 8
0 6 7
2 0 5
0 1 0
3 0 1
0 5 3
0 39 19
0 1 0
4 0 947
0 29 30
3 0 8
0 1 0
0 13 18
4 0 665
2 0 0
0 1 0
0 9 11
0 4 5
0 18 13
0 1 0
0 33 38
2 0 5
0 31 42
0 1 0
2 0 3
3 0 4
0 8 10
0 1 0
1 25 80
4 0 793
3 0 1
0 1 0
3 0 0
0 49 42
3 0 1
0 1 0
0 18 29
2 0 9
2 0 3
0 1 0
2 0 6
0 20 23
3 0 1
0 1 0
0 30 14
0 18 16
0 47 61
0 1 0
1 4 18
3 0 7
1 8 31
0 1 0
0 26 33
1 35 231
0 5 8
0 1 0
0 36 52
1 36 96
1 28 76
0 1 0
0 38 55
1 29 111
0 10 8
0 1 0
0 39 41
0 34 22
0 29 27
0 1 0
0 4 5
1 38 133
1 18 113
0 1 0
3 0 1
0 20 23
0 6 6
0 1 0
1 45 210
0 49 51
0 32 22
0 1 0
1 16 68
1 29 116
4 0 680
0 1 0
0 18 21
3 0 1
0 10 10
0 1 0
0 40 54
1 41 222
2 0 10
0 1 0
1 44 127
3 0 10
1 4 20
0 1 0
0 9 8
0 13 1
3 0 8
0 1 0
2 0 5
3 0 2
3 0 1
0 1 0
0 45 42
3 0 5
4 0 936
0 1 0
0 30 46
0 28 30
4 0 640
0 1 0
1 47 96
0 47 48
1 30 58
0 1 0
0 10 6
0 21 21
0 4 5
0 1 0
1 50 229
3 0 4
3 0 4
0 1 0
1 21 129
1 37 48
3 0 4
0 1 0
0 34 34
4 0 624
3 0 5
0 1 0
3 0 1
0 23 23
1 48 286
0 1 0
1 27 106
4 0 466
4 0 679
0 1 0
0 9 9
2 0 8
0 40 56
0 1 0
3 0 6
0 50 32
0 27 21
0 1 0
3 0 2
1 35 185
3 0 2
0 1 0
3 0 5
2 0 2
0 23 24
0 1 0
1 43 246
0 15 21
1 32 249
0 1 0
0 43 45
3 0 2
0 26 26
0 1 0
1 18 89
1 19 105
0 47 52
0 1 0
4 0 720
0 25 31
1 4 14
0 1 0
3 0 3
0 29 32
2 0 0
0 1 0
1 40 220
2 0 6
2 0 3
0 1 0
0 43 6
0 46 41
0 41 52
0 1 0
0 4 4
4 0 216
0 22 21
0 1 0
0 15 17
1 24 71
2 0 7
0 1 0
3 0 3
1 32 166
1 48 167
0 1 0
0 47 24
0 22 26
0 1 1
0 1 0
3 0 1
3 0 3
1 46 18
0 1 0
3 0 2
1 43 251
4 0 537
0 1 0
1 13 33
3 0 5
0 49 47
0 1 0
2 0 0
3 0 3
3 0 0
0 1 0
1 2 7
0 20 16
2 0 6
0 1 0
0 3 3
4 0 375
1 27 145
0 1 0
3 0 8
0 9 9
0 48 58
0 1 0
3 0 9
0 33 49
0 47 9
0 1 0
2 0 10
0 22 26
0 26 28
0 1 0
1 50 260
0 36 23
1 26 98
0 1 0
0 6 4
2 0 4
2 0 5
0 1 0
0 17 26
3 0 2
2 0 4
0 1 0
3 0 8
2 0 0
4 0 338
0 1 0
2 0 0
3 0 9
3 0 5
0 1 0
0 10 10
0 45 16
1 32 140
0 1 0
1 45 193
4 0 613
1 8 42
0 1 0
4 0 598
1 3 12
1 38 250
0 1 0
2 0 3
0 48 51
2 0 10
0 1 0
3 0 2
0 18 20
0 15 9
0 1 0
0 28 25
0 49 39
3 0 3
0 1 0
0 17 14
1 12 38
0 7 9
0 1 0
0 31 31
1 17 52
1 36 93
0 1 0
1 13 40
0 12 6
2 0 10
0 1 0
4 0 825
0 38 6
3 0 1
0 1 0
0 50 57
3 0 10
0 30 38
0 1 0
0 35 16
1 37 216
1 50 187
0 1 0
3 0 4
0 25 37
0 44 54
0 1 0
1 27 104
1 32 215
4 0 833
0 1 0
1 38 119
0 33 50
4 0 948
0 1 0
2 0 6
3 0 4
0 6 8
0 1 0
2 0 3
0 47 41
3 0 4
0 1 0
3 0 2
3 0 7
1 31 115
0 1 0
2 0 3
1 48 156
2 0 5
0 1 0
0 50 42
0 41 1
0 40 47
0 1 0
4 0 626
1 26 123
3 0 3
0 1 0
0 3 3
1 47 214
1 23 85
0 1 0
1 46 203
1 27 70
1 9 38
0 1 0
0 32 4
3 0 3
1 8 31
0 1 0
3 0 9
1 8 25
1 41 141
0 1 0
0 20 19
3 0 7
0 46 50
0 1 0
0 7 7
1 6 12
2 0 2
0 1 0
1 8 23
1 8 23
4 0 983
0 1 0
1 40 121
0 40 36
1 15 70
0 1 0
0 42 29
1 17 85
4 0 958
0 1 0
0 35 35
0 15 6
2 0 0
0 1 0
3 0 5
0 32 38
1 32 162
0 1 0
1 44 106
0 20 19
0 43 41
0 1 0
3 0 8
1 21 126
0 24 19
0 1 0
3 0 3
1 11 24
0 12 13
0 1 0
0 33 50
2 0 10
0 41 61
0 1 0
1 43 152
1 29 42
1 23 108
0 1 0
0 29 40
0 16 16
0 7 12
0 1 0
1 43 132
0 10 17
1 50 162
0 1 0
1 47 233
3 0 9
4 0 476
0 1 0
0 10 7
1 43 161
0 6 6
0 1 0
0 21 20
0 10 11
0 30 12
0 1 0
0 32 42
1 17 60
4 0 861
0 1 0
1 2 6
1 30 183
3 0 3
0 1 0
3 0 1
0 40 46
2 0 3
0 1 0
0 5 4
0 24 29
4 0 967
0 1 0
1 20 100
3 0 4
2 0 7
0 1 0
2 0 1
2 0 2
0 43 33
0 1 0
2 0 0
2 0 7
0 43 41
0 1 0
3 0 8
1 16 64
3 0 1
0 1 0
3 0 0
0 28 37
0 40 56
0 1 0
0 38 51
4 0 735
0 47 1
0 1 0
0 24 26
3 0 7
0 9 9
0 1 0
0 39 31
1 18 102
1 4 28
0 1 0
0 25 23
0 33 23
2 0 2
0 1 0
1 3 20
0 28 32
3 0 8
0 1 0
4 0 801
0 40 25
0 2 2
0 1 0
3 0 9
0 29 47
0 37 25
0 1 0
0 39 25
0 48 70
3 0 5
0 1 0
1 35 167
1 9 25
0 31 32
0 1 0
3 0 0
0 42 70
3 0 3
0 1 0
3 0 6
0 1 1
2 0 4
0 1 0
0 14 18
2 0 0
1 3 15
0 1 0
2 0 2
0 46 32
0 24 16
0 1 0
3 0 1
0 36 32
1 47 202
0 1 0
4 0 240
3 0 2
4 0 202
0 1 0
1 8 30
0 11 8
1 19 56
0 1 0
1 44 179
4 0 511
0 13 6
0 1 0
3 0 10
4 0 971
0 23 35
0 1 0
2 0 0
4 0 814
1 28 103
0 1 0
3 0 0
0 17 13
1 35 106
0 1 0
1 36 175
4 0 974
1 18 33
0 1 0
0 17 23
0 15 13
1 31 74
0 1 0
0 37 32
1 39 146
0 28 30
0 1 0
3 0 7
4 0 522
3 0 4
0 1 0
0 28 32
0 15 14
3 0 10
0 1 0
3 0 7
0 37 31
1 28 109
0 1 0
0 27 33
2 0 7
3 0 4
0 1 0
2 0 5
1 28 101
4 0 363
0 1 0
1 25 74
1 17 101
4 0 289
0 1 0
2 0 1
0 9 5
3 0 3
0 1 0
0 44 9
3 0 3
3 0 4
0 1 0
3 0 2
0 12 14
2 0 8
0 1 0
3 0 9
0 40 51
0 43 34
0 1 0
0 22 29
2 0 8
0 46 46
0 1 0
3 0 7
0 49 32
1 19 90
0 1 0
1 24 121
4 0 960
0 17 9
0 1 0
0 9 7
0 12 11
0 15 24
0 1 0
1 16 73
0 10 14
1 16 73
0 1 0
1 13 47
0 16 15
1 7 31
0 1 0
1 27 105
0 7 9
4 0 289
0 1 0
0 35 40
0 42 40
0 32 60
0 1 0
0 23 13
0 6 3
2 0 9
0 1 0
1 7 25
1 48 184
0 1 1
0 1 0
1 36 170
0 13 9
0 15 9
0 1 0
0 40 33
3 0 6
0 8 4
0 1 0
3 0 10
0 14 12
1 30 126
0 1 0
0 8 10
1 40 148
3 0 0
0 1 0
0 11 9
4 0 456
3 0 3
0 1 0
1 30 134
2 0 8
0 41 32
0 1 0
4 0 669
2 0 8
3 0 6
0 1 0
1 6 28
2 0 4
3 0 10
0 1 0
0 41 53
2 0 10
0 47 47
0 1 0
3 0 4
0 16 16
2 0 0
0 1 0
2 0 0
2 0 2
0 48 29
0 1 0
0 37 52
1 36 72
3 0 7
0 1 0
2 0 0
1 27 141
3 0 10
0 1 0
0 35 30
3 0 4
0 3 4
0 1 0
1 39 261
2 0 6
2 0 8
0 1 0
1 26 142
2 0 7
1 48 79
0 1 0
0 10 8
0 25 22
3 0 3
0 1 0
0 38 39
0 19 13
0 4 4
0 1 0
0 37 41
2 0 8
4 0 924
0 1 0
4 0 649
2 0 2
0 29 25
0 1 0
3 0 4
2 0 8
2 0 2
0 1 0
1 39 140
4 0 613
3 0 4
0 1 0
0 10 14
0 5 5
1 2 5
0 1 0
0 43 35
3 0 1
1 25 90
0 1 0
3 0 1
2 0 8
2 0 7
0 1 0
4 0 552
0 11 12
1 11 63
0 1 0
0 22 32
0 38 44
3 0 1
0 1 0
0 45 56
0 6 4
0 38 26
0 1 0
0 5 7
0 26 29
3 0 5
0 1 0
1 43 175
1 16 46
0 30 32
0 1 0
1 11 70
1 11 49
2 0 2
0 1 0
2 0 0
1 32 95
2 0 2
0 1 0
2 0 2
0 36 51
1 10 46
0 1 0
0 25 25
0 18 21
4 0 600
0 1 0
0 16 9
0 24 13
2 0 6
0 1 0
3 0 3
3 0 8
0 44 63
0 1 0
0 19 13
3 0 1
0 41 26
0 1 0
0 45 66
1 41 114
1 27 86
0 1 0
3 0 9
0 34 39
2 0 2
0 1 0
1 43 87
1 14 72
0 26 18
0 1 0
1 13 62
4 0 377
0 38 29
0 1 0
0 25 20
1 47 105
1 10 19
0 1 0
0 48 99
0 40 46
0 5 6
0 1 0
0 44 66
0 23 23
1 39 113
0 1 0
4 0 352
4 0 810
2 0 1
0 1 0
1 28 112
3 0 3
3 0 2
0 1 0
0 45 50
0 19 14
0 36 49
0 1 0
0 6 5
0 46 30
0 14 7
0 1 0
0 4 4
1 24 82
1 1 4
0 1 0
2 0 1
0 42 58
1 37 92
0 1 0
1 41 218
1 13 60
0 49 44
0 1 0
1 48 67
0 30 39
0 26 23
0 1 0
0 41 31
0 21 22
0 36 27
0 1 0
0 48 60
3 0 4
3 0 3
0 1 0
2 0 0
3 0 3
0 28 33
0 1 0
0 16 15
2 0 5
0 39 46
0 1 0
1 29 149
0 20 20
1 2 7
0 1 0
1 5 32
0 13 16
3 0 0
0 1 0
0 24 22
0 28 11
1 12 49
0 1 0
0 29 24
4 0 245
3 0 2
0 1 0
2 0 3
1 29 101
2 0 0
0 1 0
0 7 5
4 0 309
1 49 191
0 1 0
0 31 38
0 35 39
1 49 205
0 1 0
1 11 42
0 16 14
1 15 50
0 1 0
0 43 15
1 3 18
1 30 139
0 1 0
3 0 6
1 10 30
1 50 259
0 1 0
3 0 10
0 45 38
4 0 969
0 1 0
2 0 2
1 48 297
1 33 114
0 1 0
0 3 2
4 0 623
2 0 2
0 1 0
3 0 9
3 0 10
3 0 8
0 1 0
1 4 17
3 0 2
3 0 8
0 1 0
0 2 3
0 13 15
2 0 2
0 1 0
0 32 20
1 15 74
4 0 416
0 1 0
3 0 9
0 22 16
2 0 9
0 1 0
0 20 23
1 32 107
2 0 10
0 1 0
3 0 4
0 12 19
2 0 3
0 1 0
0 36 19
0 44 47
0 39 41
0 1 0
2 0 6
0 34 31
2 0 8
0 1 0
0 38 37
2 0 0
2 0 10
0 1 0
3 0 4
3 0 1
0 46 25
0 1 0
2 0 9
0 13 13
3 0 3
0 1 0
0 22 13
0 38 37
4 0 822
0 1 0
0 28 27
0 27 22
3 0 1
0 1 0
1 15 37
1 3 13
3 0 9
0 1 0
3 0 7
3 0 8
2 0 3
0 1 0
0 30 24
3 0 6
1 31 91
0 1 0
0 1 1
3 0 10
2 0 2
0 1 0
3 0 7
0 8 5
1 49 222
0 1 0
1 37 108
3 0 2
3 0 0
0 1 0
4 0 640
0 41 49
1 8 13
0 1 0
0 2 2
1 2 11
2 0 2
0 1 0
1 35 128
0 45 22
0 34 25
0 1 0
1 32 146
1 35 178
0 49 38
0 1 0
3 0 5
1 14 65
1 8 32
0 1 0
0 24 27
0 22 23
3 0 6
0 1 0
0 48 57
1 7 34
0 31 33
0 1 0
4 0 230
0 47 35
1 11 68
0 1 0
0 5 7
4 0 707
2 0 10
0 1 0
1 49 175
2 0 2
1 50 245
0 1 0
1 39 116
0 43 24
0 27 32
0 1 0
3 0 1
0 35 30
1 39 202
0 1 0
0 7 3
4 0 235
0 39 32
0 1 0
1 29 81
3 0 5
4 0 947
0 1 0
3 0 2
1 3 10
1 10 39
0 1 0
4 0 973
1 43 148
0 4 3
0 1 0
0 26 9
2 0 1
2 0 10
0 1 0
0 28 12
0 13 15
0 42 43
0 1 0
0 50 76
2 0 4
3 0 1
0 1 0
1 39 147
0 21 38
1 37 197
0 1 0
1 17 59
0 38 39
1 32 145
0 1 0
0 42 48
1 40 219
1 35 190
0 1 0
0 32 37
0 5 6
0 32 30
0 1 0
1 18 93
3 0 0
3 0 1
0 1 0
1 4 7
3 0 7
3 0 1
0 1 0
3 0 4
1 23 85
1 43 213
0 1 0
0 12 16
1 38 162
1 42 187
0 1 0
1 25 78
0 6 8
1 24 108
0 1 0
3 0 8
2 0 9
1 20 91
0 1 0
1 32 145
3 0 1
3 0 5
0 1 0
0 46 16
0 18 12
3 0 7
0 1 0
0 28 26
1 27 136
1 39 176
0 1 0
0 28 36
3 0 5
0 44 46
0 1 0
0 33 30
0 28 36
0 22 30
0 1 0
3 0 9
1 12 44
0 3 4
0 1 0
0 46 49
0 8 10
3 0 3
0 1 0
0 29 36
3 0 9
3 0 1
0 1 0
0 41 47
0 24 31
0 47 52
0 1 0
1 23 92
1 20 67
2 0 6
0 1 0
0 31 28
0 8 9
1 2 7
0 1 0
0 10 11
0 47 59
1 45 68
0 1 0
0 26 30
0 17 22
0 25 30
0 1 0
4 0 810
2 0 3
0 18 14
0 1 0
0 5 2
0 23 16
0 20 20
0 1 0
1 44 169
1 14 85
0 36 22
0 1 0
0 43 50
0 39 38
1 46 94
0 1 0
1 13 38
4 0 934
1 6 21
0 1 0
0 7 9
0 49 57
1 28 95
0 1 0
0 37 32
4 0 783
2 0 8
0 1 0
3 0 9
0 27 20
1 10 62
0 1 0
0 39 32
0 11 7
0 27 18
0 1 0
0 20 23
0 22 33
3 0 4
0 1 0
0 18 26
0 22 25
0 50 19
0 1 0
0 32 21
0 35 25
0 34 29
0 1 0
2 0 0
0 39 72
3 0 0
0 1 0
2 0 4
1 46 210
2 0 5
0 1 0
1 7 31
3 0 8
0 25 26
0 1 0
3 0 2
3 0 7
0 46 73
0 1 0
0 36 47
0 8 7
1 1 4
0 1 0
1 34 165
2 0 7
0 23 30
0 1 0
2 0 3
1 4 16
0 48 43
0 1 0
1 6 19
2 0 6
1 29 131
0 1 0
1 9 37
0 46 51
1 38 203
0 1 0
1 45 170
1 16 34
1 12 70
0 1 0
1 30 117
3 0 9
2 0 0
0 1 0
1 3 14
4 0 355
2 0 8
0 1 0
0 20 26
1 9 21
4 0 645
0 1 0
3 0 1
3 0 0
1 13 61
0 1 0
1 34 206
4 0 800
0 25 18
0 1 0
0 10 10
2 0 3
2 0 4
0 1 0
4 0 370
0 11 11
3 0 0
0 1 0
0 15 10
0 42 40
3 0 3
0 1 0
2 0 7
1 17 56
1 31 171
0 1 0
3 0 7
1 13 53
0 24 16
0 1 0
2 0 8
3 0 5
2 0 7
0 1 0
3 0 6
3 0 4
0 13 13
0 1 0
1 35 208
0 12 2
3 0 9
0 1 0
3 0 5
1 12 21
2 0 3
0 1 0
0 5 4
3 0 0
0 5 5
0 1 0
4 0 222
1 14 91
1 28 65
0 1 0
0 49 72
0 32 32
0 50 68
0 1 0
3 0 2
1 37 143
0 46 44
0 1 0
0 1 1
4 0 244
0 33 26
0 1 0
0 37 32
1 24 152
2 0 2
0 1 0
3 0 5
0 21 18
0 20 12
0 1 0
1 48 171
4 0 886
0 25 27
0 1 0
0 30 40
4 0 751
2 0 3
0 1 0
1 12 58
1 35 118
4 0 603
0 1 0
3 0 3
3 0 2
4 0 644
0 1 0
1 38 97
0 6 7
1 5 14
0 1 0
0 18 25
2 0 10
2 0 6
0 1 0
0 17 18
2 0 10
0 27 34
0 1 0
4 0 701
1 38 213
1 43 207
0 1 0
1 1 5
1 5 22
1 12 52
0 1 0
0 6 6
0 16 20
0 17 20
0 1 0
1 4 11
0 32 19
0 21 23
0 1 0
0 13 10
1 20 47
0 22 19
0 1 0
1 26 95
3 0 10
3 0 2
0 1 0
3 0 2
3 0 8
0 36 48
0 1 0
1 37 151
1 44 227
4 0 811
0 1 0
1 48 168
1 26 152
0 26 35
0 1 0
4 0 450
0 12 8
0 4 2
0 1 0
4 0 926
1 46 145
0 25 36
0 1 0
3 0 9
2 0 3
2 0 3
0 1 0
0 36 45
0 38 23
3 0 2
0 1 0
1 29 206
1 16 71
1 18 66
0 1 0
0 48 53
4 0 776
3 0 2
0 1 0
0 36 46
0 3 2
0 42 55
0 1 0
0 33 43
3 0 2
0 1 1
0 1 0
1 7 54
1 35 180
0 32 37
0 1 0
0 21 7
4 0 945
0 2 2
0 1 0
0 27 37
3 0 7
1 3 11
0 1 0
0 41 39
2 0 1
3 0 9
0 1 0
0 13 16
2 0 8
3 0 1
0 1 0
0 22 26
3 0 10
2 0 1
0 1 0
2 0 10
1 49 196
1 42 155
0 1 0
0 5 4
0 30 48
0 44 53
0 1 0
4 0 623
1 34 84
3 0 5
0 1 0
2 0 5
0 1 1
0 10 12
0 1 0
3 0 9
1 14 67
0 49 37
0 1 0
1 40 140
2 0 0
1 6 22
0 1 0
0 29 29
0 42 51
1 20 57
0 1 0
1 3 16
4 0 933
0 34 13
0 1 0
0 18 26
0 11 14
0 42 62
0 1 0
4 0 469
4 0 479
1 11 32
0 1 0
2 0 5
2 0 5
1 8 32
0 1 0
1 21 109
0 4 3
4 0 641
0 1 0
4 0 549
1 19 101
3 0 8
0 1 0
3 0 9
2 0 5
1 15 24
0 1 0
1 13 17
0 28 21
0 38 19
0 1 0
0 16 15
0 11 14
3 0 4
0 1 0
4 0 906
4 0 546
0 38 47
0 1 0
3 0 8
3 0 5
1 45 234
0 1 0
0 45 31
3 0 2
2 0 4
0 1 0
0 19 17
0 13 7
0 29 44
0 1 0
0 40 21
4 0 244
3 0 10
0 1 0
1 46 201
2 0 7
1 6 30
0 1 0
0 15 13
0 1 1
1 11 54
0 1 0
2 0 1
0 12 8
0 26 22
0 1 0
0 29 20
0 22 32
3 0 1
0 1 0
0 42 39
3 0 0
0 11 13
0 1 0
1 25 62
3 0 10
1 25 100
0 1 0
0 28 24
0 22 17
4 0 770
0 1 0
4 0 979
0 48 54
0 18 21
0 1 0
1 24 101
2 0 8
3 0 0
0 1 0
0 28 34
1 42 250
0 44 50
0 1 0
0 13 13
0 20 13
3 0 6
0 1 0
1 25 104
4 0 938
0 20 24
0 1 0
3 0 0
3 0 1
2 0 7
0 1 0
0 1 2
1 30 147
0 40 60
0 1 0
1 38 212
0 7 8
3 0 3
0 1 0
3 0 5
0 28 16
4 0 618
0 1 0
4 0 407
0 36 34
0 19 18
0 1 0
3 0 10
1 10 35
0 29 44
0 1 0
1 39 135
0 14 7
0 13 14
0 1 0
0 48 51
3 0 7
0 21 26
0 1 0
1 27 118
0 3 2
2 0 9
0 1 0
3 0 7
3 0 7
3 0 4
0 1 0
0 16 24
3 0 4
0 8 12
0 1 0
1 29 69
1 11 49
0 46 57
0 1 0
1 15 72
2 0 8
0 48 29
0 1 0
0 34 41
2 0 0
0 38 43
0 1 0
4 0 428
0 1 1
0 16 10
0 1 0
3 0 2
0 5 5
0 35 34
0 1 0
1 9 56
2 0 9
0 23 18
0 1 0
1 1 5
0 14 12
2 0 6
0 1 0
4 0 313
1 40 275
2 0 0
0 1 0
4 0 361
1 42 163
0 41 36
0 1 0
1 10 24
2 0 2
4 0 508
0 1 0
0 40 45
3 0 7
2 0 10
0 1 0
0 7 2
0 16 12
1 19 60
0 1 0
2 0 2
0 2 3
0 32 36
0 1 0
1 47 161
1 43 122
0 48 52
0 1 0
3 0 4
1 32 114
1 11 50
0 1 0
0 10 10
1 15 14
2 0 4
0 1 0
0 26 30
1 33 215
4 0 279
0 1 0
3 0 6
3 0 6
1 7 16
0 1 0
0 41 21
0 15 11
1 14 49
0 1 0
3 0 8
0 26 36
0 39 23
0 1 0
0 16 7
0 42 39
0 31 35
0 1 0
1 23 84
2 0 5
2 0 2
0 1 0
0 35 30
1 22 144
1 5 37
0 1 0
3 0 3
2 0 8
1 5 27
0 1 0
1 13 45
0 19 18
0 40 38
0 1 0
0 49 32
1 41 204
1 47 148
0 1 0
3 0 0
0 14 13
1 50 154
0 1 0
1 20 104
1 44 80
3 0 9
0 1 0
1 18 91
1 26 133
0 37 34
0 1 0
1 18 98
1 50 243
1 44 165
0 1 0
1 17 84
0 15 14
0 47 31
0 1 0
2 0 4
0 14 5
3 0 2
0 1 0
3 0 3
2 0 3
1 44 161
0 1 0
2 0 1
0 46 64
0 25 26
0 1 0
1 26 127
1 8 35
4 0 942
0 1 0
0 18 18
3 0 9
0 40 24
0 1 0
3 0 6
1 18 68
2 0 7
0 1 0
1 10 56
4 0 606
1 27 52
0 1 0
4 0 445
1 18 46
3 0 10
0 1 0
1 49 261
2 0 10
1 29 169
0 1 0
1 34 208
1 13 26
0 20 26
0 1 0
1 36 120
3 0 5
1 50 141
0 1 0
2 0 4
0 45 51
0 41 57
0 1 0
0 15 19
2 0 0
3 0 5
0 1 0
1 11 58
2 0 6
0 12 8
0 1 0
3 0 1
1 3 14
0 31 38
0 1 0
0 42 43
4 0 323
3 0 4
0 1 0
0 45 48
3 0 2
1 15 109
0 1 0
0 10 12
1 23 145
2 0 1
0 1 0
1 13 33
0 22 12
3 0 1
0 1 0
1 3 9
1 11 62
3 0 8
0 1 0
0 11 14
3 0 2
2 0 8
0 1 0
0 41 22
0 33 22
0 46 47
0 1 0
0 27 27
4 0 793
0 4 2
0 1 0
1 22 92
0 22 34
1 49 162
0 1 0
0 19 18
1 9 42
0 40 27
0 1 0
3 0 10
2 0 4
2 0 1
0 1 0
3 0 6
1 50 261
0 2 1
0 1 0
0 38 52
2 0 0
0 16 21
0 1 0
0 26 19
4 0 635
1 7 32
0 1 0
3 0 9
3 0 6
0 15 10
0 1 0
0 36 13
0 35 15
1 29 172
0 1 0
0 46 57
0 3 3
0 15 11
0 1 0
3 0 0
2 0 7
3 0 1
0 1 0
1 3 11
1 9 46
0 2 1
0 1 0
0 13 13
1 9 46
1 38 107
0 1 0
0 46 54
1 48 222
1 19 70
0 1 0
3 0 2
1 31 135
0 29 23
0 1 0
2 0 3
0 23 14
0 2 3
0 1 0
1 38 189
1 39 245
3 0 7
0 1 0
2 0 5
3 0 7
1 49 296
0 1 0
0 43 53
0 20 25
0 36 45
0 1 0
3 0 2
0 26 24
0 20 23
0 1 0
1 4 25
1 12 22
0 50 54
0 1 0
0 46 19
0 16 13
1 4 18
0 1 0
1 10 29
0 33 44
2 0 7
0 1 0
0 38 45
0 35 34
0 21 25
0 1 0
1 20 61
0 14 18
0 30 38
0 1 0
1 42 136
0 22 25
3 0 7
0 1 0
1 40 139
3 0 2
2 0 7
0 1 0
1 15 57
2 0 10
0 30 26
0 1 0
0 21 39
0 11 10
0 48 46
0 1 0
1 37 173
3 0 7
1 6 30
0 1 0
2 0 5
0 14 12
0 33 34
0 1 0
0 36 34
4 0 697
3 0 4
0 1 0
3 0 4
1 6 25
0 16 22
0 1 0
0 23 34
1 14 50
3 0 4
0 1 0
0 7 10
1 39 266
3 0 3
0 1 0
4 0 250
0 32 27
0 9 6
0 1 0
1 38 214
0 21 21
3 0 5
0 1 0
0 1 2
0 9 8
3 0 10
0 1 0
0 30 27
0 16 21
4 0 338
0 1 0
1 14 68
1 28 182
1 37 124
0 1 0
2 0 1
3 0 3
3 0 6
0 1 0
2 0 7
2 0 4
2 0 10
0 1 0
2 0 6
0 38 65
3 0 5
0 1 0
1 49 163
4 0 976
0 26 22
0 1 0
0 17 21
0 31 27
0 48 30
0 1 0
0 19 16
2 0 7
2 0 10
0 1 0
1 46 184
1 50 185
0 33 36
0 1 0
0 14 15
1 3 13
3 0 9
0 1 0
2 0 7
1 4 16
4 0 905
0 1 0
0 20 25
3 0 2
0 25 21
0 1 0
1 4 19
0 24 21
1 12 43
0 1 0
3 0 0
2 0 2
1 19 55
0 1 0
2 0 2
3 0 8
0 47 24
0 1 0
1 42 229
0 42 35
3 0 0
0 1 0
0 33 19
0 44 42
1 30 96
0 1 0
4 0 928
3 0 8
0 20 17
0 1 0
2 0 0
4 0 600
0 1 1
0 1 0
2 0 7
0 38 63
0 10 12
0 1 0
2 0 7
2 0 9
0 13 24
0 1 0
1 31 59
0 14 16
0 1 1
0 1 0
3 0 0
0 14 11
3 0 10
0 1 0
0 19 28
1 28 28
0 11 8
0 1 0
0 38 26
0 26 35
0 21 18
0 1 0
1 9 31
4 0 652
0 32 37
0 1 0
3 0 1
4 0 743
1 11 74
0 1 0
1 27 115
4 0 331
2 0 5
0 1 0
4 0 623
1 3 15
3 0 3
0 1 0
3 0 9
3 0 8
2 0 9
0 1 0
3 0 5
2 0 9
0 30 20
0 1 0
0 26 32
2 0 6
1 2 9
0 1 0
0 5 6
3 0 8
0 42 46
0 1 0
4 0 362
3 0 5
0 18 17
0 1 0
4 0 837
3 0 9
0 34 37
0 1 0
0 30 34
2 0 6
0 4 3
0 1 0
0 2 2
2 0 9
3 0 10
0 1 0
0 22 5
1 5 20
2 0 3
0 1 0
1 16 20
3 0 6
2 0 1
0 1 0
1 19 56
4 0 565
4 0 720
0 1 0
3 0 10
1 48 253
0 14 20
0 1 0
1 31 192
1 37 141
1 11 44
0 1 0
3 0 0
1 25 144
0 34 38
0 1 0
2 0 4
0 36 27
1 2 11
0 1 0
2 0 3
0 3 5
0 34 44
0 1 0
0 47 57
3 0 9
3 0 8
0 1 0
4 0 494
4 0 386
0 21 26
0 1 0
4 0 468
1 49 112
0 3 3
0 1 0
0 33 34
4 0 909
0 3 4
0 1 0
3 0 2
2 0 5
0 8 12
0 1 0
0 6 7
0 24 23
0 39 29
0 1 0
0 31 28
0 31 26
2 0 8
0 1 0
0 37 54
4 0 535
0 35 16
0 1 0
0 12 16
0 40 53
4 0 397
0 1 0
2 0 3
1 43 126
1 43 213
0 1 0
3 0 8
0 17 15
0 36 32
0 1 0
0 8 7
0 2 2
3 0 4
0 1 0
0 42 35
1 40 222
0 48 42
0 1 0
3 0 0
1 37 217
4 0 206
0 1 0
0 45 28
0 31 16
2 0 6
0 1 0
2 0 2
0 42 51
1 30 163
0 1 0
0 14 21
0 50 37
3 0 4
0 1 0
0 17 15
1 20 53
0 18 7
0 1 0
0 16 14
0 37 19
3 0 5
0 1 0
2 0 10
0 13 9
0 41 40
0 1 0
0 20 21
4 0 817
3 0 9
0 1 0
3 0 10
3 0 9
0 43 28
0 1 0
1 32 103
3 0 8
4 0 751
0 1 0
1 3 10
0 46 40
2 0 10
0 1 0
3 0 10
3 0 3
2 0 9
0 1 0
1 4 18
0 28 22
0 10 6
0 1 0
0 12 7
1 6 21
0 36 52
0 1 0
4 0 766
3 0 5
0 15 8
0 1 0
0 22 38
4 0 675
1 5 27
0 1 0
0 30 22
1 20 58
1 35 57
0 1 0
1 23 138
1 42 120
0 7 6
0 1 0
0 31 15
2 0 9
1 8 27
0 1 0
4 0 716
4 0 565
0 50 51
0 1 0
1 12 54
2 0 2
0 31 31
0 1 0
2 0 0
1 23 118
3 0 0
0 1 0
0 31 27
1 19 98
4 0 577
0 1 0
2 0 3
0 21 20
3 0 9
0 1 0
2 0 8
2 0 3
1 13 105
0 1 0
1 11 40
2 0 10
2 0 5
0 1 0
3 0 0
1 24 100
1 27 99
0 1 0
4 0 832
1 12 46
1 33 194
0 1 0
0 19 17
0 12 10
0 1 1
0 1 0
0 44 39
1 38 222
1 6 29
0 1 0
0 50 67
0 30 29
0 16 20
