5 5 2 1000
138 240
9 5
37 33
4 5
30 22
12 17
15 23
94 84
39 26
6 4
20 36
7 11
8 6
167 113
124 154
102 106
65 62
21 24
5 5
122 93
116 124
7 4
52 73
53 65
95 55
34 32
18 16
14 22
135 124
13 15
13 23
173 175
61 69
28 31
12 11
25 27
14 14
10 7
5 4
12 8
9 22
16 17
13 24
26 25
6 10
114 94
115 100
84 63
36 47
14 17
6 9
31 61
15 8
23 18
10 13
6 7
41 74
31 49
4 4
14 14
9 7
54 68
219 133
38 31
59 52
61 45
72 75
4 6
54 53
62 56
144 109
7 6
9 8
19 17
110 93
110 215
245 258
14 16
8 6
7 6
9 14
6 4
30 31
33 33
26 32
175 188
6 6
75 102
124 119
5 5
27 46
4 5
65 74
176 166
30 26
14 23
70 49
38 37
38 38
10 13
8 10
22 30
245 153
94 63
105 129
6 6
91 103
73 80
71 69
66 50
18 20
201 284
76 88
43 23
16 15
6 5
8 11
27 19
63 73
18 24
23 21
18 16
5 4
5 4
31 13
225 133
7 6
65 39
5 4
65 95
10 8
165 177
44 29
52 96
31 34
89 108
9 6
9 9
224 246
138 189
97 148
57 61
33 38
197 216
29 24
24 34
8 9
105 136
8 8
112 137
11 8
10 14
4 6
10 6
63 46
5 7
172 242
43 27
161 176
24 25
4 12
7 14
220 229
42 30
21 23
8 10
6 10
24 20
75 60
14 20
44 33
60 57
22 24
202 143
210 395
38 33
233 161
12 17
14 11
8 7
7 6
17 17
5 7
114 151
4 3
48 56
38 43
31 27
66 90
220 309
251 256
84 65
33 17
4 11
191 168
55 59
13 12
5 4
13 15
70 81
11 14
215 334
13 21
8 15
35 27
14 11
29 30
131 116
5 5
5 8
54 35
193 161
12 11
23 11
44 108
33 23
69 51
22 17
11 16
16 24
19 14
25 33
22 18
6 12
133 124
111 104
120 81
91 135
11 12
30 34
209 148
162 312
129 102
146 115
29 27
9 6
7 10
12 6
10 10
116 147
160 96
8 7
178 211
4 3
45 32
5 4
68 74
242 237
12 8
43 37
6 7
25 27
21 15
252 321
5 6
233 187
6 5
110 82
111 146
4 5
57 47
55 34
49 67
96 112
22 19
7 9
155 168
79 110
9 11
29 21
171 120
238 156
8 11
243 231
6 4
185 200
5 5
44 81
11 9
13 14
6 9
55 28
46 47
10 7
57 53
9 10
80 47
57 39
48 46
148 121
44 110
10 12
83 49
5 5
220 170
177 147
220 225
25 18
46 76
5 4
7 9
13 13
43 28
18 14
186 289
6 6
10 12
10 6
16 8
139 156
21 20
11 17
14 8
98 134
22 25
16 12
41 50
136 162
44 21
12 15
6 6
8 8
28 19
82 89
10 9
55 55
14 19
93 108
131 194
88 146
16 22
204 188
17 13
103 130
12 13
104 89
7 13
136 114
111 196
7 6
19 17
9 12
14 17
89 41
5 4
31 22
23 31
88 87
122 127
5 3
183 138
14 9
6 8
19 23
6 10
15 18
14 10
25 28
15 14
15 15
29 25
10 9
122 129
17 16
21 32
14 16
21 21
44 36
9 6
5 5
10 11
8 7
97 96
57 37
20 23
119 166
24 39
32 26
24 16
13 12
7 12
60 42
196 346
48 44
125 137
187 123
28 26
16 14
121 151
34 45
63 55
51 101
4 5
17 12
48 33
12 18
238 192
225 139
69 39
72 66
147 106
8 8
11 11
76 94
154 233
145 109
39 28
16 16
10 6
16 19
209 248
85 82
171 160
9 4
54 46
203 154
154 227
28 25
54 47
96 80
36 33
47 50
8 12
37 23
6 8
58 63
204 92
7 7
12 16
98 87
33 23
21 24
60 48
144 116
50 41
14 16
59 76
33 44
6 4
5 4
8 4
113 105
7 4
4 3
26 30
24 30
11 15
6 4
253 128
160 342
51 30
38 26
94 107
10 8
204 194
42 31
8 5
171 252
15 16
5 4
9 7
133 364
73 101
81 62
5 11
5 6
83 110
68 63
81 129
5 4
20 29
43 51
5 8
6 5
188 150
75 128
10 9
102 58
34 51
168 139
11 8
5 7
9 7
5 2
15 13
177 191
33 32
15 16
58 91
163 153
15 9
105 189
76 50
58 54
38 46
31 26
8 12
124 100
13 24
19 36
31 23
144 162
14 11
45 34
38 29
42 45
37 50
9 4
5 7
35 29
145 116
8 9
61 79
17 15
6 8
5 5
148 155
134 152
48 53
191 114
169 204
14 12
4 3
7 10
161 120
19 20
119 165
138 167
17 17
6 3
7 8
19 28
11 11
9 5
44 57
93 128
191 162
14 9
48 49
62 72
38 41
11 12
193 121
6 2
7 5
27 20
28 35
42 57
47 75
14 20
72 63
8 6
96 77
34 20
17 27
18 17
8 7
4 6
87 132
39 32
37 28
153 171
59 47
151 122
52 40
13 13
4 5
37 87
177 233
29 31
28 23
72 58
57 64
179 238
73 72
15 15
50 66
141 193
52 50
171 139
8 7
7 10
24 33
7 8
5 5
196 161
234 292
4 4
21 29
79 118
32 20
246 169
26 29
54 76
247 395
77 49
6 8
229 328
19 18
5 4
113 146
61 91
21 15
100 72
77 56
41 93
76 93
43 52
72 49
7 5
57 63
244 178
252 403
43 61
30 39
54 44
8 8
5 5
8 8
139 149
15 9
75 90
146 221
10 12
122 132
164 244
9 21
17 14
232 309
31 31
31 25
9 10
17 31
48 54
172 286
20 22
36 22
5 5
23 33
10 18
133 164
50 33
27 27
12 7
6 10
164 195
14 13
5 4
98 73
114 223
150 125
4 10
4 6
39 20
88 92
158 238
10 8
28 54
81 83
8 7
61 48
167 215
102 108
49 69
37 33
25 15
112 167
7 5
52 34
6 6
31 23
12 13
37 19
6 6
70 99
5 12
35 29
35 31
5 3
33 17
16 19
58 59
23 19
47 28
53 39
43 57
12 11
9 10
8 6
126 115
60 98
12 16
22 17
6 7
56 65
9 7
28 29
50 43
5 7
30 19
51 66
6 5
78 60
60 48
13 13
101 113
35 33
14 9
71 38
15 17
174 219
25 37
8 6
6 4
8 20
12 12
40 22
158 129
78 38
14 15
93 81
13 18
42 31
172 196
16 17
40 41
194 92
18 20
58 28
65 43
7 9
8 11
29 29
11 15
102 171
183 110
70 68
5 5
61 34
183 275
32 42
22 19
15 11
27 39
12 11
75 133
32 32
100 81
144 122
9 9
173 162
22 25
57 45
5 3
6 6
45 72
53 71
37 41
40 26
198 297
123 83
71 74
53 57
5 5
22 34
63 70
17 26
6 6
124 129
189 161
176 210
8 10
17 20
234 319
10 6
17 42
9 9
115 94
23 31
88 38
24 35
21 15
178 129
179 178
24 34
19 18
116 130
33 35
26 40
67 38
6 13
18 32
10 13
8 11
26 31
46 44
5 6
9 15
55 36
123 88
142 105
187 159
36 9
11 12
26 23
33 28
155 102
200 293
11 9
14 18
178 276
7 7
16 14
85 97
37 14
26 32
65 74
212 248
6 9
174 136
94 63
9 7
145 184
223 301
7 6
43 26
48 39
15 12
8 8
12 12
6 7
159 195
251 215
141 127
12 14
4 7
13 13
5 5
9 11
16 16
8 10
36 23
59 100
4 4
102 44
36 64
87 102
77 70
40 34
170 158
19 18
14 22
76 74
7 18
20 34
53 51
45 69
139 121
32 26
4 10
62 50
223 309
13 16
18 17
7 8
218 289
175 196
26 34
102 117
9 6
32 46
24 18
15 16
11 6
10 10
146 130
192 155
41 43
13 14
187 158
232 280
8 8
8 8
23 24
17 14
10 16
167 178
4 6
25 28
10 12
27 46
6 6
5 4
11 16
7 6
6 8
9 15
5 7
6 11
12 15
14 13
25 45
72 79
206 389
146 99
6 5
72 54
151 188
63 60
84 82
19 13
6 8
10 8
26 41
11 13
63 37
64 77
12 14
12 21
146 134
153 72
9 6
13 17
225 177
20 19
233 187
48 40
92 94
47 56
22 20
15 15
229 351
24 28
9 11
21 29
125 128
4 4
22 26
87 82
9 10
20 12
34 20
35 47
5 4
151 173
6 5
93 70
6 9
95 124
75 90
7 3
47 28
69 93
174 182
125 120
90 80
6 7
231 365
9 7
31 31
230 345
22 24
43 46
61 75
51 44
201 218
47 48
12 18
29 19
158 121
76 141
57 42
34 42
8 8
197 239
9 12
32 20
92 103
19 24
247 263
182 106
179 217
7 8
15 11
15 13
7 8
11 18
16 16
56 61
5 6
43 24
7 6
41 86
79 77
34 19
50 54
15 8
5 5
17 32
162 190
15 19
76 135
205 232
5 6
41 15
113 116
8 7
41 67
188 282
114 101
198 157
221 243
141 142
9 8
43 32
109 116
7 9
34 37
11 11
13 7
138 48
33 34
8 9
86 76
65 106
17 18
133 145
5 3
12 20
99 113
79 158
65 48
88 80
10 9
108 92
31 29
66 82
17 17
10 16
149 160
6 6
69 66
7 8
28 35
11 13
75 54
250 520
50 44
5 3
132 112
42 42
119 151
77 81
128 158
46 51
23 62
238 184
7 3
36 38
200 158
157 274
125 94
178 132
222 215
10 10
54 47
133 134
12 11
57 101
20 17
4 7
23 19
8 12
41 29
188 207
12 7
27 17
254 153
6 8
205 170
54 65
4 9
65 42
25 26
7 4
199 246
5 5
10 11
24 19
82 119
138 161
23 33
4 4
8 7
8 11
187 101
12 12
9 10
17 26
6 6
203 113
21 38
38 62
29 24
4 3
24 34
203 298
33 61
27 19
31 22
203 204
8 10
50 29
60 34
10 9
179 173
79 67
12 11
98 85
21 41
67 87
7 6
217 270
71 77
23 39
162 238
22 15
4 4
32 29
126 88
15 27
9 5
6 9
6 7
41 34
11 8
15 32
19 21
120 99
5 3
5 6
114 133
12 27
47 50
92 66
33 50
166 107
65 25
11 11
87 50
31 24
16 15
4 4
70 75
18 7
44 62
19 16
63 59
20 10
47 25
80 66
115 135
5 2
219 166
14 11
34 27
4 3
5 6
9 5
23 16
132 96
108 110
22 40
57 59
53 37
9 6
145 159
72 85
17 23
42 93
127 106
32 15
6 4
244 244
101 87
227 126
9 6
7 9
25 54
17 15
5 6
121 135
61 63
8 8
253 376
5 5
64 48
86 46
18 35
148 104
51 57
28 44
22 16
85 70
8 5
12 7
96 99
10 11
65 40
13 8
43 49
8 9
219 255
15 9
10 11
15 12
177 140
139 91
199 309
134 245
8 11
180 297
98 132
12 18
78 74
30 39
39 44
112 70
30 39
29 36
79 46
7 13
68 66
65 87
71 70
35 89
8 9
20 18
5 5
13 13
13 20
7 7
91 118
17 23
18 16
9 7
73 103
92 93
156 244
4 4
191 157
5 6
9 10
72 55
148 252
8 11
5 3
75 76
96 54
27 22
189 163
243 524
8 12
51 49
43 34
26 29
149 101
4 6
109 110
11 14
76 98
105 156
73 47
112 78
176 212
16 23
204 379
25 20
10 8
15 13
8 10
15 17
6 5
35 27
9 5
40 49
125 87
121 62
99 91
145 194
20 16
233 144
5 6
27 18
78 123
13 10
8 5
7 5
22 32
27 35
8 11
23 21
73 124
17 17
236 120
138 178
6 4
10 10
198 152
42 38
83 75
27 30
4 6
67 61
248 266
28 21
195 236
209 257
29 23
100 122
25 69
183 110
146 119
29 48
114 85
29 29
14 23
26 45
31 27
15 24
6 4
139 201
5 4
12 13
68 76
6 3
243 256
18 21
12 12
134 107
37 57
107 99
34 23
68 126
129 115
33 23
18 17
17 9
13 25
12 13
13 18
9 15
44 30
184 144
5 2
67 66
111 58
139 127
34 40
24 26
6 7
13 14
5 6
65 53
173 115
15 21
15 9
6 6
174 124
10 9
84 66
102 89
5 4
13 10
104 65
6 3
142 182
72 84
8 9
4 7
59 77
60 42
17 13
6 6
80 86
28 31
6 7
25 29
227 392
236 183
75 66
50 35
50 49
39 32
55 38
42 64
9 8
80 79
105 112
5 4
135 149
19 19
6 5
92 49
238 198
5 5
74 49
152 125
254 255
11 22
240 341
11 12
22 29
21 15
165 127
7 8
5 5
20 27
161 191
18 11
5 7
4 4
25 11
215 198
22 21
145 116
33 35
22 22
65 84
20 17
251 319
10 9
68 121
47 36
49 31
102 62
124 60
7 6
51 51
24 23
8 5
227 312
184 94
85 85
19 24
9 10
25 21
234 490
191 223
36 61
33 28
64 57
7 14
12 8
5 4
39 30
44 48
9 24
182 243
47 71
19 15
19 22
9 8
98 116
13 20
63 38
53 47
9 10
81 57
11 11
6 3
6 5
18 26
164 140
18 18
43 41
31 23
45 57
9 6
13 13
76 76
107 139
35 27
139 256
176 127
130 123
133 306
33 37
18 13
6 3
19 20
253 285
12 16
26 36
7 9
6 10
52 54
35 36
78 69
175 199
16 17
85 61
118 152
6 9
8 8
23 22
27 27
8 11
15 21
15 21
36 52
91 74
9 8
174 115
13 16
57 60
194 151
7 5
22 17
7 9
8 6
10 8
48 53
13 14
7 5
17 15
196 149
6 4
164 172
42 42
5 4
63 84
17 19
54 76
23 21
5 6
4 6
16 13
23 18
7 3
42 33
12 11
29 32
43 56
38 47
10 15
133 192
15 12
12 6
5 9
7 5
6 8
84 56
6 4
30 42
112 152
7 10
11 14
5 6
68 54
167 228
23 22
15 20
4 4
84 50
156 137
9 10
17 20
211 215
126 134
9 10
7 4
17 24
19 11
44 64
127 181
53 40
116 158
13 8
16 20
57 68
58 83
33 46
198 256
4 4
43 41
78 79
22 13
19 14
5 6
49 86
6 8
12 11
63 85
31 36
24 22
13 10
32 23
208 151
7 5
11 15
17 12
20 34
7 11
7 9
5 5
38 21
67 75
14 17
5 3
33 41
241 107
206 289
150 120
7 12
102 96
27 29
14 14
249 202
213 204
6 6
59 66
54 77
36 31
38 43
137 131
16 15
56 39
7 9
6 5
11 16
19 24
177 129
72 84
18 21
50 67
4 5
27 58
16 15
114 130
68 90
15 13
9 6
5 4
21 19
42 49
13 11
75 35
37 22
5 7
13 17
21 25
32 48
32 48
5 4
64 70
42 71
13 20
15 15
22 18
17 15
231 241
111 138
23 26
6 6
140 80
29 27
53 63
111 120
153 281
82 79
20 28
7 6
183 308
8 7
58 52
6 5
8 9
4 4
30 19
6 8
6 8
163 119
82 92
8 15
4 6
181 167
35 42
17 11
12 8
56 41
225 276
6 14
229 265
9 10
5 6
36 48
5 6
22 24
74 71
42 45
110 162
52 93
7 7
7 8
4 3
42 24
50 61
99 55
11 9
58 45
121 74
13 16
68 65
82 84
25 24
5 3
10 4
106 95
8 7
142 129
15 18
79 61
31 28
8 13
94 148
9 11
20 30
133 279
67 53
6 10
19 23
6 8
6 3
39 26
36 37
61 109
8 7
144 204
18 22
87 91
72 59
52 58
7 13
54 131
144 114
11 10
40 68
5 5
5 10
182 199
21 38
23 28
16 18
10 7
6 6
83 109
5 4
4 3
37 51
83 97
79 72
15 16
49 43
84 85
72 83
231 131
71 67
109 70
11 16
74 104
82 84
74 74
45 41
122 99
11 10
198 223
119 128
80 82
25 40
10 17
123 123
35 36
20 27
174 166
45 82
10 7
72 81
41 25
38 50
30 29
71 50
5 10
58 51
32 32
12 13
59 67
32 39
61 74
125 99
15 12
196 150
12 9
59 78
8 15
15 20
18 14
63 68
5 6
64 68
37 33
49 64
233 287
32 32
8 9
37 29
9 8
40 28
7 6
116 136
21 24
18 20
34 19
7 8
95 121
13 10
71 96
26 26
6 4
28 24
34 28
5 6
51 75
7 6
21 25
84 59
4 4
252 217
13 13
36 50
9 6
26 17
6 7
11 9
34 24
12 14
16 21
12 7
91 65
53 44
6 8
63 86
50 58
40 99
38 36
44 90
66 93
19 21
12 6
52 30
207 393
46 29
62 113
7 4
212 156
14 20
11 10
57 61
24 26
241 305
179 168
8 22
20 13
70 76
214 325
33 34
139 87
6 3
190 152
156 83
9 10
5 4
142 217
30 19
6 4
244 225
73 61
9 6
21 22
42 29
8 8
5 7
5 6
45 71
52 30
42 46
24 19
88 127
159 138
12 19
151 108
92 105
5 4
25 22
244 233
6 6
30 26
32 25
13 17
53 56
16 20
141 115
6 7
66 49
4 7
33 17
30 34
95 111
32 41
51 116
33 48
5 4
14 15
100 137
200 182
14 10
180 177
56 54
189 97
214 188
29 38
55 113
8 3
27 21
214 390
160 131
22 18
156 170
22 15
237 350
33 34
34 33
45 50
190 228
213 247
79 77
5 4
5 4
226 159
135 118
7 7
107 47
186 154
119 53
94 67
5 5
66 48
14 15
6 6
247 352
161 193
156 106
200 188
25 21
149 129
10 9
86 73
71 85
32 18
54 37
8 10
60 65
23 61
139 141
94 92
6 7
6 5
8 7
7 11
139 142
108 140
59 60
42 48
186 173
133 104
77 66
9 7
70 68
55 52
15 14
34 21
7 7
158 110
12 15
22 25
5 6
246 373
140 106
8 5
11 11
12 15
43 40
72 99
20 31
70 55
130 91
84 70
18 20
23 16
7 7
5 6
49 57
6 5
7 7
21 38
181 278
35 33
14 13
7 6
13 6
37 36
27 24
117 213
85 81
6 6
149 107
45 70
5 5
5 5
5 4
4 7
189 169
27 41
15 13
188 152
7 5
4 6
6 11
12 8
72 69
42 53
14 19
209 172
4 4
122 118
61 71
10 15
26 18
40 32
99 200
204 297
228 306
7 4
95 73
8 7
5 6
11 8
6 4
166 163
19 23
224 203
91 73
5 8
220 310
39 41
10 9
48 55
54 51
62 91
96 134
17 14
50 51
15 20
85 94
60 74
68 77
117 186
51 50
25 34
7 5
121 160
10 13
17 20
4 4
11 9
134 117
121 125
5 6
64 59
35 32
7 4
46 43
27 22
98 92
233 172
15 15
7 10
132 139
21 11
44 66
6 11
6 4
17 32
5 5
7 8
12 7
10 9
88 51
94 85
6 5
21 21
41 28
33 30
5 7
4 4
19 13
70 85
147 164
7 7
6 6
19 18
5 5
84 79
4 4
11 8
238 289
4 3
64 46
27 29
61 74
106 57
34 41
50 57
13 12
241 291
6 6
12 12
164 182
63 115
55 78
124 94
140 208
4 8
227 296
137 140
16 14
46 56
4 2
10 10
62 132
8 10
6 4
8 8
254 341
7 6
25 21
27 28
105 63
93 104
7 7
5 4
11 11
6 7
26 15
45 29
44 81
112 111
92 75
8 4
13 10
86 83
6 3
9 8
144 115
25 15
15 19
25 29
13 23
61 56
44 46
69 66
9 7
97 84
146 185
24 29
17 14
16 15
43 46
17 21
26 28
20 15
101 169
121 83
31 29
61 27
26 26
30 20
7 7
106 176
80 119
19 21
112 207
12 8
21 18
20 20
13 11
98 86
25 19
34 40
12 11
136 277
48 57
124 159
101 103
15 20
10 21
30 27
6 7
7 7
70 62
35 70
53 39
27 33
160 210
8 8
49 41
24 50
4 5
143 260
205 231
17 26
135 123
118 139
65 54
21 25
64 62
150 154
20 13
5 11
58 66
24 33
36 36
199 125
6 6
186 213
15 15
34 22
72 99
27 21
10 16
5 5
27 31
12 12
88 86
187 104
123 131
4 5
72 99
52 35
22 13
34 39
66 93
8 12
60 68
47 55
44 32
26 42
174 131
25 29
94 114
49 54
29 21
58 77
5 4
5 6
17 16
6 9
7 10
5 8
11 16
5 5
27 25
13 10
7 9
92 113
164 135
5 4
14 12
136 145
91 94
16 13
51 44
46 54
47 45
4 7
5 8
208 152
10 10
188 271
225 200
39 39
94 188
37 28
87 68
10 8
187 201
26 26
15 19
30 59
5 7
103 112
55 58
4 4
46 68
5 4
30 46
32 44
10 9
166 228
7 6
172 192
10 9
29 15
5 14
56 34
52 83
126 162
18 13
111 73
32 44
46 22
52 40
38 40
8 5
96 257
14 15
19 16
46 31
79 84
25 14
14 17
76 71
204 285
120 204
42 51
35 19
73 73
54 40
87 97
13 12
50 70
5 5
48 37
6 3
15 17
25 36
149 267
5 3
35 33
13 15
7 8
53 86
20 14
48 45
117 101
92 80
11 11
13 22
175 185
12 14
107 57
81 57
91 79
19 8
178 164
31 39
13 11
162 182
24 20
255 282
4 3
5 4
42 38
59 29
210 286
21 16
6 10
96 277
182 152
4 5
192 213
165 142
27 27
56 58
111 110
214 245
97 143
18 12
200 394
14 30
5 6
247 288
11 11
94 49
19 24
133 194
131 74
245 244
99 49
52 37
55 34
52 73
79 91
126 115
20 20
111 191
29 27
10 10
211 185
245 431
7 13
24 23
33 25
4 7
40 21
118 67
21 9
57 51
38 35
11 12
13 15
5 5
4 2
47 29
163 171
41 55
84 82
205 267
32 45
4 2
6 6
148 167
171 223
97 213
82 43
21 35
13 8
65 56
28 17
7 9
72 49
250 217
111 85
5 6
11 12
173 239
14 14
98 97
6 8
23 13
51 43
235 251
64 92
119 173
5 3
72 82
23 42
89 63
4 4
25 21
76 51
12 13
53 42
12 14
70 77
159 187
5 12
6 6
105 104
183 95
31 23
36 21
8 7
28 41
6 4
25 20
68 70
16 15
11 10
66 76
5 8
27 22
8 7
48 38
119 138
73 60
10 13
21 10
78 92
203 258
11 8
4 4
28 30
55 54
15 15
117 103
28 31
87 126
236 209
181 155
139 212
47 48
14 13
222 336
6 4
7 8
21 28
116 148
23 47
37 47
27 19
4 3
252 211
6 5
4 4
23 37
61 59
56 38
11 10
52 41
24 43
158 122
132 139
51 29
13 16
84 131
77 61
162 172
7 10
179 148
154 123
110 54
8 7
16 21
18 24
4 5
71 96
121 199
13 13
6 7
92 99
66 66
37 28
60 61
36 49
200 98
11 12
153 122
18 21
118 138
24 27
189 200
7 7
18 19
30 27
18 14
10 12
66 59
7 5
5 8
90 89
7 9
210 170
7 5
12 11
62 77
78 66
9 10
37 28
16 9
14 16
7 5
65 63
11 8
37 29
17 15
8 12
34 41
49 78
16 24
13 17
7 8
6 4
8 5
52 43
205 159
58 94
5 4
9 17
223 296
16 14
22 18
43 47
91 106
154 314
18 16
158 240
13 11
217 253
44 45
75 57
12 10
8 10
173 126
72 71
10 26
39 23
56 59
56 60
217 287
78 108
48 36
109 60
129 138
20 45
118 119
177 142
23 14
85 62
8 10
6 3
123 72
6 6
45 54
38 24
11 16
20 24
145 243
20 15
191 178
5 6
38 37
250 273
4 4
22 12
69 97
25 23
48 75
103 78
31 32
131 125
6 5
8 8
7 8
16 26
35 26
6 6
18 15
4 7
72 75
106 166
10 11
26 31
109 139
36 27
61 49
5 3
17 12
4 6
19 26
48 45
48 74
19 20
6 7
183 173
6 6
45 43
84 117
42 46
15 17
51 37
11 21
244 242
204 243
34 41
88 67
30 23
64 38
60 100
130 212
6 5
161 141
46 55
100 120
47 44
45 30
37 48
11 13
6 6
46 40
6 11
184 160
11 11
21 11
24 41
53 79
167 142
26 24
5 6
12 10
6 3
15 16
111 87
5 4
5 4
17 31
9 7
8 9
161 143
18 22
17 28
10 6
229 168
190 203
62 50
10 10
215 244
4 5
20 20
13 10
20 28
69 78
8 12
5 6
104 114
8 9
10 12
12 11
16 11
24 21
8 8
6 7
14 20
4 4
30 21
7 8
124 108
71 43
140 107
88 123
70 50
26 25
22 18
4 3
13 13
8 8
14 17
7 6
78 78
48 62
71 38
15 13
5 4
87 138
68 129
215 171
44 27
190 364
5 5
4 3
200 113
163 171
120 83
162 186
15 12
11 12
54 47
16 16
217 160
111 86
30 28
21 32
64 30
5 5
21 35
174 145
16 18
79 81
12 14
202 251
121 176
68 107
6 6
6 5
158 227
8 8
17 24
16 18
229 339
156 122
44 68
36 39
9 15
162 73
27 21
25 38
42 29
8 7
119 137
8 9
6 7
6 6
7 7
6 12
205 191
8 10
220 124
94 117
44 24
58 42
37 41
10 11
131 129
50 37
14 21
122 118
6 4
8 6
178 131
18 24
10 5
115 145
18 18
14 14
20 25
245 131
56 77
20 14
158 103
4 4
30 65
78 88
33 32
154 188
82 79
8 10
9 6
21 39
9 10
14 11
37 42
24 21
35 20
24 14
17 24
7 9
98 96
10 12
14 13
125 78
19 15
7 5
5 9
211 324
162 99
6 4
5 3
8 6
118 73
205 76
145 153
54 66
7 6
11 8
32 29
74 48
7 8
151 206
65 70
141 107
9 12
19 33
9 10
35 39
9 9
6 4
9 11
88 121
10 21
16 26
5 7
45 75
127 96
56 48
104 110
5 10
5 4
5 7
22 27
131 134
18 15
26 37
22 14
6 8
256 166
77 59
42 50
21 14
33 25
125 86
55 69
17 24
106 142
206 161
44 50
131 148
43 49
12 21
47 43
13 9
5 4
20 17
11 15
33 39
11 9
23 30
126 224
8 8
4 5
14 23
193 178
4 5
7 11
12 8
10 20
73 63
7 7
201 286
15 21
33 31
33 71
10 6
6 7
35 38
24 19
22 31
58 32
222 290
5 5
132 90
29 41
19 34
104 171
6 3
33 65
18 21
33 19
174 177
89 130
72 62
79 68
13 11
34 50
254 329
6 9
9 11
60 73
97 153
12 14
22 25
184 134
14 8
5 3
9 5
17 22
77 35
126 142
6 6
8 5
6 3
66 34
147 159
56 75
232 218
49 31
45 19
18 10
11 19
200 205
61 86
16 30
12 8
8 8
41 43
60 95
15 10
14 9
110 76
20 32
165 129
9 12
6 6
9 15
18 27
8 4
30 36
98 89
73 100
248 232
198 254
19 12
251 218
9 12
31 26
254 222
24 34
60 81
6 9
141 156
5 5
11 17
9 7
13 11
44 23
162 124
13 13
7 7
6 4
181 214
254 396
131 130
54 63
15 10
81 51
51 64
170 180
5 4
101 86
47 50
34 57
10 9
23 28
6 7
192 214
27 22
18 13
20 19
15 9
14 11
4 7
15 25
222 681
80 75
48 51
38 41
5 7
39 27
10 12
6 7
7 8
125 93
7 5
10 15
26 26
57 55
4 6
31 22
243 250
27 52
13 14
107 96
63 71
9 6
23 26
41 31
187 160
11 11
6 3
69 98
7 2
10 11
80 103
4 7
19 17
81 94
91 82
87 107
122 174
69 125
56 51
73 66
39 42
197 189
34 37
156 88
8 11
11 14
80 61
39 77
7 7
11 10
5 3
99 43
9 9
9 8
29 32
19 21
220 119
131 250
102 77
237 278
7 9
88 85
47 29
28 45
5 4
13 14
100 101
121 223
33 32
126 161
27 14
32 19
25 15
9 11
165 261
18 40
238 195
22 18
18 12
124 178
5 7
6 4
218 224
99 111
73 60
9 7
12 12
122 104
121 114
35 46
7 6
247 221
69 90
133 172
214 176
36 28
179 177
102 107
4 4
23 29
219 290
64 90
10 7
70 94
15 16
66 37
4 4
48 43
143 302
22 16
21 22
9 9
7 7
168 171
222 161
24 29
132 168
68 45
131 158
91 70
46 57
18 13
25 20
75 32
86 69
10 12
17 25
13 8
218 164
68 102
22 14
54 82
7 7
135 57
66 52
12 15
8 12
114 75
91 101
250 346
14 10
58 76
6 9
61 44
88 75
87 116
223 256
16 18
74 53
9 8
56 44
6 3
61 30
233 283
77 58
182 171
36 38
10 7
12 13
56 24
246 357
14 17
228 178
72 80
55 45
15 11
146 169
104 138
54 112
93 110
188 130
5 5
180 233
6 8
26 30
20 32
179 260
129 211
129 139
167 301
6 9
24 19
11 14
114 147
53 83
39 45
104 72
22 24
81 136
5 6
86 104
86 50
225 257
18 21
31 17
210 192
5 4
6 7
10 9
123 81
40 56
43 33
44 68
25 25
12 11
18 17
165 270
79 124
46 64
15 22
16 13
157 189
19 25
10 9
132 201
4 5
8 7
13 5
250 170
6 4
123 218
6 6
11 9
104 125
34 27
11 10
7 10
16 12
233 177
224 282
149 94
97 43
37 39
49 44
121 68
24 19
19 21
63 96
153 229
191 187
5 4
10 3
22 13
6 8
117 168
5 3
10 11
230 176
33 42
194 182
6 6
70 62
20 19
5 4
7 11
38 39
95 70
149 201
35 52
95 117
9 4
62 42
84 107
9 5
4 4
5 8
17 9
41 41
6 4
66 89
10 7
12 8
72 62
22 30
26 19
198 243
16 10
12 27
57 72
6 8
6 9
42 46
198 322
58 39
14 9
6 3
35 33
21 24
6 5
7 9
90 64
104 151
249 366
9 14
22 41
247 357
5 5
20 17
28 29
8 12
148 99
36 17
7 6
90 84
97 122
20 21
4 4
14 27
80 104
5 10
18 19
25 45
7 7
5 10
26 21
8 7
25 24
72 56
43 53
159 166
202 205
5 6
42 56
207 356
5 5
8 6
9 17
111 74
9 10
88 52
5 4
231 322
96 127
58 58
41 31
27 22
192 350
165 157
37 59
5 5
183 280
16 24
9 13
88 96
11 5
20 18
187 125
70 83
89 58
5 5
250 343
120 121
206 305
154 177
191 315
174 204
167 259
24 21
45 38
151 125
35 18
163 144
9 7
22 23
44 27
7 4
226 213
5 6
8 6
72 53
13 9
19 16
24 14
27 28
8 6
242 207
179 102
68 87
27 34
13 8
21 21
130 115
10 11
5 5
69 77
10 10
104 86
26 27
19 26
65 38
11 7
47 69
18 11
10 9
11 11
8 9
15 13
17 25
50 42
93 59
154 226
17 11
19 8
220 204
8 10
17 15
38 58
5 5
12 11
243 226
7 12
60 82
95 100
97 104
10 11
66 45
27 13
7 11
50 38
4 6
24 15
9 4
171 92
16 14
72 159
36 26
70 68
9 12
86 107
142 157
64 124
93 50
225 150
8 6
14 20
156 144
91 98
8 6
31 33
12 18
64 50
31 52
14 6
10 14
15 35
253 313
35 54
13 12
148 137
12 13
13 20
11 7
26 19
118 229
29 59
124 109
9 7
202 159
54 87
152 222
10 15
20 13
250 190
5 4
37 46
5 5
11 15
18 15
183 149
43 28
5 5
9 9
172 144
8 14
23 17
6 8
49 61
196 186
34 22
33 22
45 97
12 11
27 16
115 70
50 42
16 20
6 13
7 4
109 117
119 208
117 185
13 13
94 188
5 4
241 189
24 20
30 40
33 32
5 6
41 33
88 142
141 186
160 186
41 23
41 39
93 93
53 59
112 93
19 16
190 187
5 2
13 13
8 7
238 224
22 18
157 78
207 146
14 14
157 103
196 294
6 7
109 219
8 6
164 142
107 145
89 117
6 9
115 102
28 34
179 200
238 334
6 7
23 36
74 101
248 292
21 22
5 9
5 5
7 7
18 12
4 4
11 11
186 142
20 19
46 53
247 258
19 24
79 42
19 29
217 196
5 7
7 9
28 32
42 40
18 10
50 74
25 20
7 12
48 33
9 7
121 102
8 6
147 85
41 34
5 6
8 7
80 119
128 115
52 94
45 31
222 177
205 239
4 5
4 3
14 14
5 5
171 214
90 63
83 68
5 4
10 15
247 289
11 14
10 16
80 71
27 34
13 11
139 147
21 11
20 28
49 73
36 23
68 85
30 28
4 3
115 260
219 161
16 17
51 50
127 205
9 19
46 41
6 5
93 96
16 16
5 10
126 128
41 23
46 39
33 31
87 66
25 33
11 19
21 16
62 46
207 155
8 8
10 7
15 22
213 186
233 284
18 16
229 255
216 136
4 6
210 229
86 112
143 117
12 13
128 116
27 15
16 20
176 255
95 106
19 21
223 233
11 9
103 76
117 71
9 8
220 182
109 84
60 52
33 41
30 55
170 159
10 8
6 4
124 182
20 22
16 13
208 138
22 22
114 144
9 16
139 174
110 132
17 19
20 17
64 68
137 82
5 6
75 84
10 5
140 95
115 94
137 114
221 243
11 5
159 146
30 63
67 115
247 169
246 214
21 17
164 185
16 10
223 170
5 3
119 101
159 176
7 6
119 82
31 33
201 175
39 57
52 107
199 196
10 10
153 97
209 195
6 7
22 14
104 94
18 18
57 79
15 16
48 37
10 9
226 233
90 60
45 32
10 10
181 150
42 60
4 4
209 218
24 25
143 177
29 46
31 39
4 3
5 3
11 10
62 56
89 97
7 4
24 24
47 39
33 50
15 14
17 18
220 201
15 18
7 12
155 159
4 3
49 36
35 31
191 199
8 5
113 90
7 4
230 148
115 110
228 227
112 172
27 17
6 6
14 16
14 29
48 60
13 12
80 80
92 118
7 6
52 98
150 128
230 279
4 3
49 36
17 19
81 150
42 36
17 18
7 5
4 4
120 84
128 214
131 97
8 7
122 106
14 9
6 4
17 23
43 60
158 259
76 98
29 20
206 156
30 52
9 5
22 23
7 5
8 8
5 9
100 171
134 114
5 4
26 15
25 21
18 15
137 103
4 5
17 11
7 10
5 3
80 93
27 28
15 8
31 23
7 5
85 59
40 23
4 5
16 34
33 21
141 107
5 2
199 165
145 156
14 17
12 12
48 73
143 140
143 215
54 41
74 66
21 24
213 205
88 48
7 7
8 10
15 13
8 11
7 14
95 187
11 12
185 244
14 12
17 17
111 105
26 22
10 6
19 24
14 9
6 6
53 58
9 22
8 4
16 27
63 47
19 32
80 59
60 57
5 6
6 5
158 209
14 13
18 15
88 63
44 50
54 43
8 14
90 54
77 128
109 70
29 49
69 46
7 5
38 22
25 36
140 200
124 124
5 7
27 76
9 12
113 98
64 62
20 24
9 8
27 21
5 5
40 49
16 16
70 66
45 75
50 51
58 55
49 34
7 11
16 12
53 48
68 88
177 115
146 141
59 60
143 138
20 22
36 22
63 53
25 40
135 142
38 28
19 12
49 58
8 7
8 7
16 11
161 171
17 20
23 20
36 33
13 8
12 18
34 39
146 113
101 165
37 40
35 40
5 5
47 23
5 7
29 28
66 66
38 33
34 25
8 13
5 4
4 3
40 23
62 65
60 43
29 27
7 7
211 137
170 177
18 18
17 24
24 18
19 20
5 3
202 151
14 15
74 94
8 6
34 49
14 10
93 157
92 115
48 39
56 36
6 6
7 7
5 4
187 122
181 143
37 40
37 52
22 24
4 8
23 26
8 9
188 151
9 11
10 16
252 219
136 219
49 60
122 91
136 231
21 22
9 10
11 12
157 306
25 64
7 19
4 3
205 182
17 11
5 4
5 6
46 72
16 9
50 45
51 43
5 6
5 5
57 68
5 8
10 6
8 6
5 4
14 18
183 199
205 216
15 17
45 51
12 5
82 147
17 11
20 21
28 11
216 321
6 9
252 731
73 62
5 7
207 138
29 17
66 76
49 37
41 58
55 44
107 101
49 39
118 167
12 14
22 17
8 7
9 10
45 59
34 43
21 24
12 7
15 13
10 7
81 88
81 88
50 48
15 18
59 68
63 59
38 35
5 5
6 4
41 43
33 16
6 5
10 15
20 22
4 3
127 113
8 10
10 5
194 176
35 52
6 9
61 66
43 29
18 18
7 7
4 7
162 282
12 10
9 3
8 5
9 12
66 92
6 4
5 4
7 5
159 111
17 11
26 23
113 148
31 22
176 140
48 37
55 76
184 259
6 3
9 7
110 94
82 99
6 5
36 26
132 232
67 57
92 99
5 2
121 116
95 46
120 105
54 49
88 76
73 90
169 235
237 240
23 20
166 178
15 12
63 47
34 51
9 6
254 211
9 7
45 53
6 9
196 183
142 121
95 230
9 12
9 13
179 276
52 48
144 140
35 26
173 136
67 37
4 5
36 27
37 35
48 24
14 24
82 112
67 51
118 110
15 24
9 7
84 90
46 40
46 41
8 9
20 16
237 195
31 27
207 217
216 163
48 37
84 99
5 5
76 63
37 46
15 13
155 164
8 7
137 83
133 175
38 34
51 60
7 13
242 162
47 48
80 144
15 19
83 108
99 79
65 24
81 79
22 23
51 40
233 202
4 4
13 21
6 4
156 147
126 367
8 6
64 120
244 373
5 4
26 29
17 15
17 24
12 8
33 36
135 132
8 12
112 163
8 14
5 5
8 7
107 141
18 28
51 62
236 254
56 52
11 10
254 177
7 4
16 14
5 4
19 26
122 154
6 11
28 42
150 153
25 14
170 175
6 5
5 3
46 68
45 46
35 80
60 42
199 271
139 92
41 38
24 33
9 11
38 44
152 173
5 4
243 182
54 50
47 67
56 51
17 22
10 8
6 9
12 18
11 9
6 5
206 199
74 107
65 86
4 2
137 155
93 130
9 9
6 12
97 88
10 6
45 75
30 15
79 48
150 114
9 7
6 6
18 26
139 155
42 34
128 213
60 75
121 118
148 70
12 16
32 46
19 21
8 17
78 144
17 25
35 30
9 15
11 12
9 7
21 14
41 35
217 254
63 43
23 16
13 26
15 16
9 5
4 4
22 19
10 10
14 11
11 16
187 221
83 102
5 9
157 165
150 134
99 202
86 136
34 68
7 10
10 6
11 16
114 143
5 3
25 16
110 67
171 112
76 47
15 22
103 91
82 66
15 14
8 6
49 62
164 124
50 36
68 84
6 8
5 8
178 204
8 12
7 6
94 93
113 119
244 118
236 239
135 122
4 5
15 10
127 250
50 42
95 143
16 23
5 7
118 121
6 7
64 49
5 6
81 45
22 21
98 159
6 4
5 4
80 76
20 37
198 349
16 18
53 47
131 86
47 46
4 11
110 67
4 2
211 143
14 12
4 5
16 9
36 47
79 59
24 20
21 24
5 5
34 33
9 7
35 16
23 12
16 9
44 36
198 230
63 108
26 19
33 40
14 17
194 185
20 34
19 48
20 17
5 10
9 5
4 4
6 6
13 9
8 11
39 27
83 111
9 14
6 5
82 67
181 201
5 8
38 51
166 205
160 274
51 59
71 60
191 130
55 61
69 92
13 16
27 18
51 42
49 80
26 23
7 7
119 132
215 353
12 15
35 37
80 81
196 236
32 25
20 38
194 192
34 23
13 27
176 90
16 23
83 74
14 15
41 44
14 7
111 82
25 17
50 63
7 9
7 11
61 53
7 6
9 13
13 13
111 184
82 59
43 82
8 5
10 7
239 205
6 7
5 4
83 143
111 61
16 15
20 33
156 188
223 251
173 116
31 27
100 116
30 31
8 7
37 24
29 33
45 40
14 18
101 89
167 313
15 9
5 4
62 113
145 110
117 76
55 74
5 8
157 188
14 13
21 18
43 30
227 237
39 37
91 76
24 37
59 39
7 10
9 12
133 87
4 3
4 2
16 15
162 157
5 4
20 18
117 99
6 7
12 9
5 4
100 76
88 57
5 4
75 66
52 48
99 67
8 8
248 155
64 68
66 98
4 5
6 5
140 97
31 54
230 333
141 135
7 9
13 15
32 23
94 122
32 30
61 77
16 11
5 2
34 32
218 215
21 14
35 43
5 5
15 9
100 149
18 22
78 67
8 5
16 17
5 4
14 9
5 5
39 21
73 62
73 66
221 193
126 213
30 27
15 14
128 108
130 124
85 63
17 26
44 52
10 11
9 16
45 27
26 35
16 12
5 7
156 91
176 213
54 76
24 14
23 21
16 19
6 5
7 5
29 25
19 19
38 75
5 7
209 114
4 3
11 14
85 66
8 7
5 5
8 5
17 22
51 71
83 61
50 26
42 70
5 5
6 7
9 7
31 34
27 24
7 4
87 71
114 105
32 54
17 17
23 18
109 144
64 34
20 17
16 19
78 129
18 17
88 66
15 13
169 204
5 9
30 56
6 6
40 27
119 153
14 7
19 23
80 119
5 5
12 6
82 65
9 11
186 289
44 65
6 5
23 15
17 34
38 57
8 7
69 123
117 72
52 55
195 193
61 75
74 89
66 45
150 175
33 17
5 8
13 16
52 36
82 59
43 56
112 87
55 53
6 3
190 171
169 69
9 15
44 41
27 50
7 4
4 10
11 6
11 6
45 29
191 192
201 131
5 5
116 197
54 51
6 9
15 5
47 53
45 64
70 101
10 11
20 18
100 80
16 19
128 186
9 8
5 6
4 3
29 24
47 69
65 46
7 4
135 103
96 122
8 6
84 104
21 10
78 115
8 9
8 4
53 57
126 82
233 166
109 111
6 3
9 9
16 13
11 10
11 15
5 3
12 10
104 107
235 297
5 3
109 104
26 17
38 39
40 56
31 38
4 4
44 41
91 102
27 37
32 28
21 19
9 13
23 30
83 125
8 8
10 10
40 26
7 8
17 26
24 41
128 132
24 24
24 18
5 6
26 22
5 5
61 74
59 59
33 43
131 163
4 3
6 5
4 4
144 85
34 36
78 128
36 32
31 27
97 129
150 69
99 96
104 96
4 3
139 197
22 28
223 191
15 8
5 6
81 60
166 195
22 26
247 204
47 40
98 113
66 39
18 19
33 46
117 88
24 26
48 55
37 47
46 58
63 44
81 47
54 85
5 6
131 187
36 29
56 65
18 17
6 5
95 87
107 152
12 12
5 7
5 3
7 8
6 8
74 142
16 27
28 36
27 24
123 53
7 6
135 149
25 23
17 25
11 15
8 4
15 31
221 223
25 20
13 16
86 140
81 137
13 18
180 305
5 7
5 5
239 360
26 27
31 22
65 31
70 57
5 6
240 254
32 16
4 6
11 9
11 10
142 104
125 203
41 34
52 78
5 3
213 213
7 8
29 34
27 41
110 62
117 133
8 8
5 5
72 69
106 100
23 18
78 87
5 4
13 8
56 120
78 121
9 14
172 207
4 4
179 193
10 15
87 97
85 111
83 109
76 64
51 43
141 190
9 10
141 150
53 69
42 27
192 265
5 5
78 80
71 44
177 241
27 10
17 17
7 10
20 25
17 12
103 159
50 86
14 8
15 10
23 28
254 223
100 83
16 14
12 7
5 7
166 143
70 75
34 27
6 13
58 55
55 68
156 122
34 43
11 12
10 21
104 170
11 11
79 58
76 79
29 51
5 4
7 6
249 199
229 232
5 8
10 11
68 63
102 78
82 87
28 43
59 115
132 178
49 57
17 10
35 42
16 9
6 12
150 142
43 34
176 146
8 9
123 90
7 10
138 95
8 7
22 24
236 263
109 102
34 38
17 16
93 112
16 24
196 172
72 150
13 17
67 59
36 48
170 281
21 17
75 38
7 8
36 42
69 150
29 15
11 10
15 13
6 6
114 165
157 172
54 99
180 306
11 10
169 244
5 2
73 79
15 11
121 126
145 182
137 163
69 91
59 54
7 5
6 8
7 6
63 45
12 13
17 19
10 13
108 87
10 10
32 33
25 20
43 35
13 12
27 25
5 3
59 72
14 8
19 18
130 141
6 4
16 13
4 4
104 102
126 137
24 16
103 92
16 13
21 22
6 4
28 22
58 36
43 52
235 308
43 70
212 194
32 34
18 24
153 57
169 200
20 20
7 11
6 7
25 31
11 7
5 5
22 25
87 122
28 17
79 47
49 77
40 45
179 144
12 17
7 15
13 10
92 58
9 8
127 86
25 21
13 14
46 48
169 167
8 6
75 126
27 28
8 8
16 24
25 21
166 167
13 16
18 14
8 9
4 9
38 35
25 20
10 16
9 5
6 6
70 86
78 65
44 44
14 11
224 139
34 34
48 93
9 5
12 11
33 17
33 43
3 0
1 29
3 0
0 5
0 40
0 1 0
3 0 2
0 1 0
0 15 18
0 1 0
1 29 119
0 1 0
0 24 23
0 1 0
3 0 7
0 1 0
1 5 25
0 1 0
3 0 7
0 1 0
1 48 319
0 1 0
2 0 10
0 1 0
1 4 8
0 1 0
0 21 20
0 1 0
0 6 8
0 1 0
3 0 10
0 1 0
0 44 44
0 1 0
0 32 27
0 1 0
3 0 2
0 1 0
3 0 1
0 1 0
0 10 15
0 1 0
2 0 3
0 1 0
0 16 24
0 1 0
0 35 43
0 1 0
0 45 24
0 1 0
1 34 115
0 1 0
1 19 105
0 1 0
3 0 3
0 1 0
3 0 9
0 1 0
0 23 28
0 1 0
0 24 27
0 1 0
1 12 71
0 1 0
0 39 30
0 1 0
1 26 199
0 1 0
3 0 2
0 1 0
0 5 1
0 1 0
0 17 19
0 1 0
2 0 9
0 1 0
3 0 6
0 1 0
3 0 0
0 1 0
3 0 3
0 1 0
2 0 9
0 1 0
3 0 2
0 1 0
0 25 33
0 1 0
3 0 8
0 1 0
3 0 10
0 1 0
3 0 3
0 1 0
0 8 14
0 1 0
0 15 18
0 1 0
3 0 3
0 1 0
0 22 18
0 1 0
3 0 0
0 1 0
0 4 4
0 1 0
0 29 26
0 1 0
2 0 9
0 1 0
0 45 54
0 1 0
3 0 10
0 1 0
1 46 178
0 1 0
1 37 139
0 1 0
3 0 0
0 1 0
0 19 14
0 1 0
0 15 18
0 1 0
0 1 1
0 1 0
0 43 45
0 1 0
0 44 27
0 1 0
1 11 37
0 1 0
0 41 67
0 1 0
0 30 29
0 1 0
0 49 24
0 1 0
2 0 9
0 1 0
2 0 0
0 1 0
2 0 6
0 1 0
2 0 7
0 1 0
0 12 12
0 1 0
0 7 7
0 1 0
2 0 8
0 1 0
3 0 1
0 1 0
1 50 417
0 1 0
3 0 10
0 1 0
0 45 31
0 1 0
0 12 9
0 1 0
0 35 37
0 1 0
0 5 5
0 1 0
0 1 1
0 1 0
1 33 161
0 1 0
1 17 107
0 1 0
1 18 114
0 1 0
0 36 52
0 1 0
4 0 901
0 1 0
0 8 7
0 1 0
0 37 22
0 1 0
3 0 3
0 1 0
2 0 7
0 1 0
0 17 17
0 1 0
3 0 0
0 1 0
0 5 5
0 1 0
1 13 55
0 1 0
3 0 1
0 1 0
1 36 163
0 1 0
3 0 6
0 1 0
0 38 57
0 1 0
4 0 508
0 1 0
1 44 97
0 1 0
0 31 41
0 1 0
3 0 2
0 1 0
3 0 10
0 1 0
3 0 10
0 1 0
0 34 16
0 1 0
2 0 9
0 1 0
2 0 5
0 1 0
1 17 85
0 1 0
0 12 9
0 1 0
0 24 29
0 1 0
0 32 28
0 1 0
0 43 36
0 1 0
0 6 6
0 1 0
1 2 10
0 1 0
3 0 10
0 1 0
2 0 4
0 1 0
3 0 5
0 1 0
4 0 637
0 1 0
3 0 0
0 1 0
0 17 16
0 1 0
0 48 21
0 1 0
0 15 10
0 1 0
0 21 25
0 1 0
0 45 22
0 1 0
0 50 63
0 1 0
2 0 0
0 1 0
0 24 36
0 1 0
1 47 276
0 1 0
0 25 37
0 1 0
0 41 38
0 1 0
2 0 9
0 1 0
1 27 131
0 1 0
3 0 3
0 1 0
3 0 5
0 1 0
3 0 0
0 1 0
1 26 66
0 1 0
3 0 8
0 1 0
3 0 10
0 1 0
3 0 4
0 1 0
2 0 1
0 1 0
0 18 25
0 1 0
3 0 4
0 1 0
3 0 6
0 1 0
0 5 4
0 1 0
3 0 6
0 1 0
0 17 12
0 1 0
1 41 215
0 1 0
1 49 153
0 1 0
0 30 23
0 1 0
0 25 43
0 1 0
0 1 1
0 1 0
0 6 5
0 1 0
3 0 1
0 1 0
0 35 42
0 1 0
0 13 12
0 1 0
3 0 2
0 1 0
2 0 10
0 1 0
0 39 57
0 1 0
0 49 67
0 1 0
0 26 24
0 1 0
0 34 36
0 1 0
4 0 971
0 1 0
3 0 8
0 1 0
2 0 4
0 1 0
1 6 41
0 1 0
0 17 22
0 1 0
0 41 15
0 1 0
0 30 32
0 1 0
0 19 17
0 1 0
3 0 1
0 1 0
1 29 188
0 1 0
0 3 2
0 1 0
0 35 27
0 1 0
3 0 8
0 1 0
2 0 8
0 1 0
0 10 12
0 1 0
0 36 51
0 1 0
0 18 19
0 1 0
3 0 8
0 1 0
0 35 40
0 1 0
3 0 6
0 1 0
4 0 646
0 1 0
1 49 240
0 1 0
0 16 15
0 1 0
4 0 960
0 1 0
1 14 56
0 1 0
3 0 2
0 1 0
2 0 4
0 1 0
3 0 2
0 1 0
1 37 153
0 1 0
1 24 75
0 1 0
0 32 24
0 1 0
1 45 189
0 1 0
0 1 1
0 1 0
3 0 0
0 1 0
0 36 45
0 1 0
0 33 34
0 1 0
2 0 1
0 1 0
0 41 27
0 1 0
3 0 7
0 1 0
0 42 28
0 1 0
0 27 5
0 1 0
3 0 2
0 1 0
3 0 3
0 1 0
0 32 18
0 1 0
3 0 9
0 1 0
0 44 56
0 1 0
0 30 40
0 1 0
4 0 937
0 1 0
0 18 24
0 1 0
0 18 18
0 1 0
0 16 13
0 1 0
0 13 14
0 1 0
0 31 35
0 1 0
0 38 49
0 1 0
1 12 73
0 1 0
2 0 0
0 1 0
3 0 2
0 1 0
0 13 10
0 1 0
3 0 8
0 1 0
0 32 51
0 1 0
1 21 43
0 1 0
2 0 1
0 1 0
0 6 6
0 1 0
3 0 8
0 1 0
0 26 36
0 1 0
3 0 1
0 1 0
2 0 4
0 1 0
0 31 26
0 1 0
1 44 97
0 1 0
1 28 182
0 1 0
4 0 469
0 1 0
0 26 25
0 1 0
1 29 205
0 1 0
1 43 219
0 1 0
0 4 3
0 1 0
0 1 2
0 1 0
0 31 31
0 1 0
0 7 5
0 1 0
3 0 6
0 1 0
3 0 5
0 1 0
1 8 38
0 1 0
0 22 13
0 1 0
0 49 46
0 1 0
0 18 18
0 1 0
2 0 0
0 1 0
3 0 6
0 1 0
4 0 904
0 1 0
0 47 47
0 1 0
0 13 19
0 1 0
3 0 4
0 1 0
0 20 21
0 1 0
0 25 20
0 1 0
1 28 130
0 1 0
2 0 6
0 1 0
4 0 959
0 1 0
4 0 801
0 1 0
3 0 2
0 1 0
2 0 9
0 1 0
1 6 13
0 1 0
0 44 54
0 1 0
0 28 31
0 1 0
0 20 16
0 1 0
2 0 3
0 1 0
0 49 28
0 1 0
0 15 7
0 1 0
0 42 51
0 1 0
0 4 5
0 1 0
1 16 93
0 1 0
0 30 38
0 1 0
0 19 13
0 1 0
3 0 10
0 1 0
1 49 418
0 1 0
3 0 7
0 1 0
0 6 7
0 1 0
0 18 14
0 1 0
3 0 2
0 1 0
1 43 137
0 1 0
0 12 15
0 1 0
4 0 339
0 1 0
1 9 42
0 1 0
0 23 1
0 1 0
0 27 42
0 1 0
0 21 19
0 1 0
0 46 33
0 1 0
0 46 27
0 1 0
0 24 34
0 1 0
3 0 0
0 1 0
3 0 3
0 1 0
0 46 72
0 1 0
0 50 42
0 1 0
4 0 669
0 1 0
3 0 0
0 1 0
3 0 5
0 1 0
4 0 357
0 1 0
0 11 11
0 1 0
0 29 40
0 1 0
1 29 95
0 1 0
0 41 39
0 1 0
0 24 26
0 1 0
1 36 149
0 1 0
0 41 34
0 1 0
0 28 28
0 1 0
3 0 4
0 1 0
0 16 14
0 1 0
3 0 9
0 1 0
2 0 5
0 1 0
0 15 8
0 1 0
3 0 6
0 1 0
1 15 88
0 1 0
0 50 32
0 1 0
1 9 48
0 1 0
3 0 5
0 1 0
0 22 27
0 1 0
1 25 93
0 1 0
3 0 8
0 1 0
0 1 1
0 1 0
3 0 4
0 1 0
0 38 38
0 1 0
3 0 2
0 1 0
0 25 12
0 1 0
0 3 2
0 1 0
0 43 59
0 1 0
0 7 5
0 1 0
3 0 6
0 1 0
1 50 213
0 1 0
3 0 3
0 1 0
3 0 0
0 1 0
0 17 12
0 1 0
1 5 16
0 1 0
0 10 15
0 1 0
3 0 0
0 1 0
0 14 11
0 1 0
3 0 1
0 1 0
1 34 152
0 1 0
0 42 30
0 1 0
0 45 29
0 1 0
2 0 7
0 1 0
3 0 7
0 1 0
3 0 1
0 1 0
0 7 12
0 1 0
1 49 218
0 1 0
0 14 13
0 1 0
0 44 30
0 1 0
3 0 3
0 1 0
0 47 48
0 1 0
2 0 10
0 1 0
3 0 2
0 1 0
0 1 1
0 1 0
2 0 1
0 1 0
0 38 16
0 1 0
3 0 9
0 1 0
3 0 2
0 1 0
0 16 16
0 1 0
1 43 268
0 1 0
4 0 992
0 1 0
0 18 20
0 1 0
4 0 529
0 1 0
2 0 9
0 1 0
0 34 33
0 1 0
0 19 16
0 1 0
0 10 7
0 1 0
0 41 49
0 1 0
2 0 4
0 1 0
3 0 0
0 1 0
0 14 13
0 1 0
3 0 6
0 1 0
0 50 33
0 1 0
0 32 35
0 1 0
0 48 42
0 1 0
2 0 2
0 1 0
3 0 1
0 1 0
1 3 20
0 1 0
1 35 192
0 1 0
2 0 4
0 1 0
1 20 110
0 1 0
0 20 25
0 1 0
3 0 4
0 1 0
0 18 18
0 1 0
3 0 7
0 1 0
4 0 369
0 1 0
2 0 8
0 1 0
0 38 55
0 1 0
0 36 32
0 1 0
0 30 32
0 1 0
0 19 17
0 1 0
0 1 1
0 1 0
0 39 54
0 1 0
0 50 56
0 1 0
3 0 8
0 1 0
3 0 0
0 1 0
0 39 28
0 1 0
0 4 5
0 1 0
0 14 17
0 1 0
0 13 23
0 1 0
4 0 222
0 1 0
0 7 8
0 1 0
4 0 532
0 1 0
1 18 135
0 1 0
2 0 6
0 1 0
0 12 11
0 1 0
2 0 9
0 1 0
3 0 0
0 1 0
3 0 6
0 1 0
3 0 5
0 1 0
0 43 48
0 1 0
3 0 7
0 1 0
0 1 1
0 1 0
4 0 234
0 1 0
2 0 6
0 1 0
0 44 29
0 1 0
3 0 0
0 1 0
0 47 66
0 1 0
3 0 8
0 1 0
3 0 4
0 1 0
4 0 273
0 1 0
0 34 39
0 1 0
1 22 139
0 1 0
0 46 53
0 1 0
0 38 38
0 1 0
3 0 0
0 1 0
1 28 154
0 1 0
0 37 34
0 1 0
3 0 2
0 1 0
0 45 54
0 1 0
0 31 27
0 1 0
1 50 127
0 1 0
0 31 28
0 1 0
1 13 82
0 1 0
0 42 44
0 1 0
0 18 17
0 1 0
0 31 30
0 1 0
1 29 145
0 1 0
0 48 26
0 1 0
0 36 29
0 1 0
0 24 20
0 1 0
3 0 4
0 1 0
0 35 28
0 1 0
0 44 38
0 1 0
3 0 10
0 1 0
4 0 576
0 1 0
0 14 22
0 1 0
3 0 0
0 1 0
1 28 132
0 1 0
0 19 21
0 1 0
0 26 19
0 1 0
3 0 7
0 1 0
3 0 8
0 1 0
0 21 23
0 1 0
0 45 36
0 1 0
0 27 18
0 1 0
0 17 21
0 1 0
1 6 20
0 1 0
3 0 5
0 1 0
0 17 14
0 1 0
2 0 3
0 1 0
1 44 260
0 1 0
2 0 9
0 1 0
0 8 7
0 1 0
1 4 17
0 1 0
0 50 66
0 1 0
0 47 54
0 1 0
2 0 3
0 1 0
3 0 10
0 1 0
1 10 53
0 1 0
2 0 9
0 1 0
0 14 9
0 1 0
0 32 34
0 1 0
0 24 28
0 1 0
3 0 3
0 1 0
0 2 3
0 1 0
3 0 7
0 1 0
3 0 1
0 1 0
0 50 73
0 1 0
0 13 9
0 1 0
3 0 5
0 1 0
0 26 19
0 1 0
0 50 54
0 1 0
4 0 640
0 1 0
0 33 43
0 1 0
3 0 6
0 1 0
0 21 26
0 1 0
3 0 10
0 1 0
0 44 37
0 1 0
0 34 31
0 1 0
3 0 9
0 1 0
3 0 2
0 1 0
1 20 116
0 1 0
0 21 18
0 1 0
1 25 110
0 1 0
3 0 2
0 1 0
0 21 20
0 1 0
0 1 1
0 1 0
0 7 7
0 1 0
3 0 1
0 1 0
0 45 36
0 1 0
3 0 3
0 1 0
3 0 5
0 1 0
1 4 16
0 1 0
0 11 6
0 1 0
0 23 8
0 1 0
3 0 2
0 1 0
4 0 916
0 1 0
0 24 17
0 1 0
0 16 16
0 1 0
3 0 0
0 1 0
3 0 7
0 1 0
1 4 19
0 1 0
0 9 7
0 1 0
3 0 9
0 1 0
0 44 21
0 1 0
0 34 44
0 1 0
2 0 7
0 1 0
0 17 12
0 1 0
0 37 31
0 1 0
0 9 7
0 1 0
1 2 9
0 1 0
3 0 0
0 1 0
3 0 10
0 1 0
1 19 66
0 1 0
0 10 9
0 1 0
3 0 10
0 1 0
1 26 143
0 1 0
4 0 859
0 1 0
1 5 18
0 1 0
0 38 48
0 1 0
1 21 80
0 1 0
1 4 22
0 1 0
3 0 9
0 1 0
2 0 8
0 1 0
0 20 17
0 1 0
1 37 120
0 1 0
0 43 53
0 1 0
3 0 10
0 1 0
3 0 0
0 1 0
1 17 64
0 1 0
1 26 6
0 1 0
3 0 4
0 1 0
3 0 9
0 1 0
1 24 82
0 1 0
2 0 2
0 1 0
0 37 46
0 1 0
0 1 1
0 1 0
1 23 69
0 1 0
0 7 11
0 1 0
1 50 159
0 1 0
1 11 50
0 1 0
0 30 29
0 1 0
0 25 16
0 1 0
0 6 4
0 1 0
3 0 4
0 1 0
3 0 1
0 1 0
2 0 10
0 1 0
4 0 655
0 1 0
1 32 128
0 1 0
0 15 19
0 1 0
3 0 10
0 1 0
4 0 600
0 1 0
3 0 7
0 1 0
2 0 5
0 1 0
3 0 0
0 1 0
0 2 1
0 1 0
0 49 33
0 1 0
2 0 6
0 1 0
3 0 7
0 1 0
4 0 794
0 1 0
2 0 1
0 1 0
2 0 1
0 1 0
0 13 16
0 1 0
0 26 35
0 1 0
2 0 2
0 1 0
3 0 9
0 1 0
3 0 4
0 1 0
0 12 8
0 1 0
0 19 23
0 1 0
2 0 9
0 1 0
0 38 13
0 1 0
0 18 17
0 1 0
0 31 35
0 1 0
2 0 6
0 1 0
0 47 57
0 1 0
1 22 163
0 1 0
3 0 5
0 1 0
3 0 8
0 1 0
1 40 173
0 1 0
0 37 32
0 1 0
0 15 17
0 1 0
3 0 3
0 1 0
0 23 13
0 1 0
0 45 24
0 1 0
0 25 32
0 1 0
2 0 9
0 1 0
2 0 4
0 1 0
0 6 8
0 1 0
0 19 27
0 1 0
1 17 114
0 1 0
1 32 294
0 1 0
3 0 8
0 1 0
0 30 49
0 1 0
0 33 47
0 1 0
3 0 4
0 1 0
4 0 733
0 1 0
0 29 16
0 1 0
0 16 6
0 1 0
0 10 11
0 1 0
3 0 1
0 1 0
3 0 5
0 1 0
3 0 9
0 1 0
0 28 28
0 1 0
3 0 5
0 1 0
3 0 8
0 1 0
0 44 36
0 1 0
2 0 0
0 1 0
0 34 29
0 1 0
0 29 42
0 1 0
0 37 35
0 1 0
0 36 29
0 1 0
0 10 12
0 1 0
4 0 645
0 1 0
2 0 3
0 1 0
3 0 1
0 1 0
0 25 22
0 1 0
3 0 9
0 1 0
0 23 16
0 1 0
1 21 53
0 1 0
3 0 0
0 1 0
1 39 168
0 1 0
1 31 178
0 1 0
0 15 18
0 1 0
0 25 26
0 1 0
0 38 28
0 1 0
0 16 15
0 1 0
3 0 2
0 1 0
1 5 30
0 1 0
3 0 7
0 1 0
0 20 25
0 1 0
0 17 19
0 1 0
0 50 44
0 1 0
0 42 37
0 1 0
1 29 44
0 1 0
2 0 6
0 1 0
0 13 16
0 1 0
0 31 36
0 1 0
0 30 14
0 1 0
2 0 1
0 1 0
0 8 2
0 1 0
1 2 9
0 1 0
3 0 5
0 1 0
0 11 3
0 1 0
0 27 22
0 1 0
0 34 53
0 1 0
3 0 2
0 1 0
0 42 41
0 1 0
0 42 43
0 1 0
3 0 3
0 1 0
0 1 1
0 1 0
0 9 4
0 1 0
4 0 469
0 1 0
3 0 2
0 1 0
0 49 70
0 1 0
0 42 36
0 1 0
1 14 84
0 1 0
3 0 3
0 1 0
0 2 2
0 1 0
0 45 33
0 1 0
3 0 10
0 1 0
0 36 17
0 1 0
0 34 40
0 1 0
0 30 31
0 1 0
0 25 24
0 1 0
1 28 173
0 1 0
0 43 13
0 1 0
1 10 66
0 1 0
1 24 96
0 1 0
3 0 6
0 1 0
0 30 44
0 1 0
4 0 803
0 1 0
3 0 8
0 1 0
1 48 122
0 1 0
1 5 17
0 1 0
0 11 11
0 1 0
0 45 46
0 1 0
4 0 428
0 1 0
1 27 140
0 1 0
0 28 33
0 1 0
1 11 99
0 1 0
1 39 205
0 1 0
0 35 42
0 1 0
0 28 13
0 1 0
0 15 14
0 1 0
3 0 10
0 1 0
1 34 192
0 1 0
0 42 18
0 1 0
1 43 250
0 1 0
4 0 936
0 1 0
0 11 17
0 1 0
0 31 15
0 1 0
0 19 26
0 1 0
3 0 2
0 1 0
0 18 17
0 1 0
1 16 87
0 1 0
3 0 7
0 1 0
0 13 13
0 1 0
0 47 24
0 1 0
3 0 10
0 1 0
4 0 291
0 1 0
0 50 44
0 1 0
1 15 92
0 1 0
0 36 30
0 1 0
0 33 37
0 1 0
3 0 1
0 1 0
0 32 11
0 1 0
0 29 19
0 1 0
0 17 18
0 1 0
0 48 22
0 1 0
1 16 117
0 1 0
0 24 17
0 1 0
0 29 34
0 1 0
3 0 7
0 1 0
0 10 11
0 1 0
0 3 3
0 1 0
0 40 32
0 1 0
0 45 49
0 1 0
1 35 145
0 1 0
1 41 168
0 1 0
1 25 90
0 1 0
0 16 18
0 1 0
0 31 32
0 1 0
1 2 7
0 1 0
3 0 5
0 1 0
1 18 106
0 1 0
2 0 5
0 1 0
0 2 2
0 1 0
3 0 4
0 1 0
0 12 14
0 1 0
0 17 19
0 1 0
0 47 49
0 1 0
3 0 1
0 1 0
1 28 177
0 1 0
3 0 7
0 1 0
0 18 12
0 1 0
3 0 3
0 1 0
0 44 53
0 1 0
0 14 21
0 1 0
0 38 51
0 1 0
1 12 61
0 1 0
4 0 944
0 1 0
1 8 48
0 1 0
0 32 32
0 1 0
0 7 13
0 1 0
0 10 9
0 1 0
2 0 1
0 1 0
3 0 6
0 1 0
0 25 31
0 1 0
0 30 15
0 1 0
3 0 7
0 1 0
4 0 368
0 1 0
0 48 56
0 1 0
0 11 15
0 1 0
0 35 22
0 1 0
2 0 4
0 1 0
4 0 979
0 1 0
0 29 26
0 1 0
0 23 23
0 1 0
1 24 185
0 1 0
0 29 19
0 1 0
2 0 1
0 1 0
3 0 6
0 1 0
0 21 23
0 1 0
1 23 137
0 1 0
1 40 242
0 1 0
0 40 75
0 1 0
4 0 669
0 1 0
4 0 256
0 1 0
0 18 3
0 1 0
0 47 57
0 1 0
0 28 29
0 1 0
0 10 17
0 1 0
0 15 16
0 1 0
4 0 446
0 1 0
1 21 113
0 1 0
0 40 39
0 1 0
1 49 338
0 1 0
0 13 14
0 1 0
3 0 6
0 1 0
0 13 19
0 1 0
0 25 30
0 1 0
2 0 1
0 1 0
3 0 1
0 1 0
0 37 32
0 1 0
1 37 62
0 1 0
2 0 4
0 1 0
2 0 7
0 1 0
0 3 4
0 1 0
1 33 207
0 1 0
0 50 61
0 1 0
1 11 86
0 1 0
3 0 8
0 1 0
4 0 847
0 1 0
3 0 4
0 1 0
1 25 138
0 1 0
0 17 20
0 1 0
3 0 6
0 1 0
0 27 20
0 1 0
0 37 48
0 1 0
0 47 77
0 1 0
1 9 36
0 1 0
1 9 37
0 1 0
4 0 805
0 1 0
0 12 9
0 1 0
0 39 42
0 1 0
3 0 7
0 1 0
3 0 3
0 1 0
0 37 49
0 1 0
0 33 29
0 1 0
3 0 1
0 1 0
3 0 6
0 1 0
1 43 187
0 1 0
2 0 6
0 1 0
1 1 3
0 1 0
1 16 88
0 1 0
0 20 25
0 1 0
2 0 6
0 1 0
2 0 1
0 1 0
0 50 61
0 1 0
0 5 4
0 1 0
3 0 5
0 1 0
3 0 4
0 1 0
3 0 10
0 1 0
0 32 33
0 1 0
0 5 8
0 1 0
3 0 8
0 1 0
0 29 3
0 1 0
0 20 16
0 1 0
0 32 44
0 1 0
0 48 30
0 1 0
0 10 13
0 1 0
0 9 5
0 1 0
3 0 7
0 1 0
1 44 188
0 1 0
0 25 36
0 1 0
3 0 9
0 1 0
4 0 420
0 1 0
3 0 6
0 1 0
0 29 23
0 1 0
1 47 205
0 1 0
1 18 109
0 1 0
0 31 35
0 1 0
1 30 251
0 1 0
0 31 42
0 1 0
0 43 27
0 1 0
0 36 28
0 1 0
3 0 5
0 1 0
3 0 10
0 1 0
0 45 61
0 1 0
2 0 6
0 1 0
4 0 382
0 1 0
2 0 2
0 1 0
1 37 236
0 1 0
3 0 5
0 1 0
0 43 34
0 1 0
0 15 16
0 1 0
0 11 5
0 1 0
0 44 40
0 1 0
0 24 26
0 1 0
3 0 4
0 1 0
3 0 2
0 1 0
0 4 2
0 1 0
2 0 10
0 1 0
1 8 46
0 1 0
3 0 5
0 1 0
0 16 23
0 1 0
1 6 47
0 1 0
3 0 7
0 1 0
0 10 5
0 1 0
0 7 6
0 1 0
3 0 2
0 1 0
3 0 8
0 1 0
0 16 10
0 1 0
0 28 19
0 1 0
1 27 136
0 1 0
3 0 7
0 1 0
0 17 23
0 1 0
3 0 3
0 1 0
3 0 1
0 1 0
1 25 179
0 1 0
0 15 9
0 1 0
0 40 58
0 1 0
1 36 235
0 1 0
3 0 6
0 1 0
0 6 4
0 1 0
3 0 2
0 1 0
3 0 10
0 1 0
0 18 21
0 1 0
0 33 40
0 1 0
4 0 457
0 1 0
0 28 17
0 1 0
0 1 1
0 1 0
0 10 11
0 1 0
0 13 15
0 1 0
0 48 82
0 1 0
2 0 1
0 1 0
3 0 6
0 1 0
0 33 26
0 1 0
3 0 7
0 1 0
3 0 5
0 1 0
2 0 0
0 1 0
3 0 7
0 1 0
0 32 40
0 1 0
2 0 10
0 1 0
0 17 18
0 1 0
3 0 4
0 1 0
0 21 14
0 1 0
0 19 12
0 1 0
3 0 7
0 1 0
0 17 13
0 1 0
3 0 5
0 1 0
0 50 36
0 1 0
3 0 0
0 1 0
2 0 7
0 1 0
0 24 28
0 1 0
0 11 10
0 1 0
3 0 9
0 1 0
0 25 24
0 1 0
0 18 15
0 1 0
2 0 7
0 1 0
3 0 0
0 1 0
3 0 1
0 1 0
1 39 147
0 1 0
3 0 7
0 1 0
1 13 74
0 1 0
1 32 113
0 1 0
0 22 17
0 1 0
0 23 1
0 1 0
0 2 2
0 1 0
0 40 51
0 1 0
0 40 25
0 1 0
0 16 14
0 1 0
3 0 1
0 1 0
0 10 6
0 1 0
1 38 186
0 1 0
0 34 64
0 1 0
0 21 35
0 1 0
0 27 35
0 1 0
0 3 4
0 1 0
0 37 34
0 1 0
2 0 6
0 1 0
1 39 226
0 1 0
0 41 23
0 1 0
0 46 39
0 1 0
0 13 16
0 1 0
0 33 26
0 1 0
3 0 5
0 1 0
3 0 2
0 1 0
0 26 27
0 1 0
3 0 6
0 1 0
1 32 141
0 1 0
2 0 9
0 1 0
0 42 53
0 1 0
0 44 43
0 1 0
1 15 78
0 1 0
1 25 134
0 1 0
1 33 253
0 1 0
0 44 68
0 1 0
0 50 56
0 1 0
0 2 2
0 1 0
0 34 46
0 1 0
0 17 10
0 1 0
2 0 6
0 1 0
0 32 21
0 1 0
0 6 5
0 1 0
0 34 39
0 1 0
1 50 182
0 1 0
2 0 4
0 1 0
3 0 0
0 1 0
0 49 49
0 1 0
0 43 30
0 1 0
1 6 40
0 1 0
3 0 1
0 1 0
3 0 3
0 1 0
0 36 43
0 1 0
1 8 40
0 1 0
2 0 6
0 1 0
3 0 7
0 1 0
0 16 8
0 1 0
1 8 22
0 1 0
3 0 5
0 1 0
0 25 33
0 1 0
0 19 16
0 1 0
0 19 21
0 1 0
0 37 49
0 1 0
3 0 9
0 1 0
0 22 17
0 1 0
0 20 13
0 1 0
3 0 4
0 1 0
0 31 19
0 1 0
3 0 9
0 1 0
4 0 799
0 1 0
0 25 37
0 1 0
4 0 460
