4 8 3 1000
20 17
79 61
68 53
256 285
19 21
32 50
66 93
80 74
14 14
18 29
16 13
118 102
150 141
27 13
73 65
30 47
14 15
100 109
56 87
143 161
12 9
19 19
169 269
7 7
38 52
31 30
47 50
6 6
5 6
139 160
7 5
19 34
18 22
170 129
21 15
51 48
45 57
10 16
9 12
21 32
124 157
113 110
94 85
16 17
15 27
106 98
190 202
115 71
167 217
40 29
226 486
41 49
10 13
14 15
25 18
15 19
116 106
152 116
16 24
13 10
43 84
59 111
209 359
33 40
7 8
182 174
150 153
83 143
75 95
73 107
27 35
6 7
84 135
22 14
17 9
163 145
7 8
28 40
12 19
15 12
170 183
18 14
25 20
35 42
7 5
10 12
36 34
106 83
112 114
68 68
35 36
191 244
24 42
5 5
68 52
167 282
40 37
26 25
11 10
6 8
165 124
57 38
72 74
15 17
197 182
46 39
66 53
91 74
16 16
5 3
16 32
49 37
110 227
41 30
38 28
29 16
14 12
21 15
70 108
38 50
10 8
68 76
24 53
11 5
24 35
205 174
66 35
174 110
136 164
20 17
33 30
29 61
148 141
53 39
31 19
10 10
33 53
186 211
29 36
116 127
100 60
5 5
120 174
6 7
75 86
144 169
7 5
18 8
8 9
27 18
16 20
25 19
48 44
252 177
10 11
80 111
215 183
51 45
30 27
56 40
9 14
10 14
109 102
103 182
150 208
50 70
199 349
10 6
4 2
10 5
53 35
25 17
8 11
23 10
97 44
16 27
31 34
15 10
87 83
7 11
12 19
34 55
172 105
33 78
19 12
23 59
6 4
4 4
5 6
9 5
4 2
8 5
178 218
58 50
9 6
35 36
122 140
247 311
30 35
13 18
12 11
81 83
185 165
5 7
44 38
63 50
164 119
15 14
24 27
250 189
60 56
18 11
27 42
13 10
4 3
5 6
28 40
56 44
110 107
38 48
6 7
97 83
6 4
5 8
32 39
66 81
139 172
106 69
209 175
27 28
44 18
10 8
185 71
7 8
8 5
24 49
10 10
22 11
222 184
24 26
10 8
256 375
15 18
15 14
148 151
67 28
231 218
7 5
64 48
9 13
16 18
6 3
24 21
7 5
10 12
8 5
63 88
19 14
37 51
152 165
14 19
15 14
7 12
26 25
30 24
9 8
227 202
52 54
5 6
7 8
127 180
10 15
97 72
72 27
107 134
165 108
7 7
84 127
6 9
26 31
11 8
54 43
227 254
201 266
50 69
107 93
143 133
57 67
95 51
14 17
191 188
5 4
43 18
11 9
15 9
15 14
13 13
6 6
5 4
205 152
18 21
50 51
4 5
21 20
138 135
11 14
156 182
106 85
11 4
21 11
25 15
230 292
134 84
40 43
19 15
92 126
50 57
60 126
184 190
253 479
8 6
8 16
149 219
184 224
24 28
88 76
19 13
6 8
127 122
47 80
83 119
46 46
42 46
32 27
13 14
5 3
208 124
87 41
66 95
77 86
6 4
8 8
5 5
216 196
11 8
134 159
31 30
196 212
28 37
18 19
79 74
34 30
148 253
29 31
116 91
4 7
13 14
21 28
39 39
236 186
67 82
8 11
53 44
6 10
16 13
5 4
12 11
4 4
5 4
5 6
215 304
185 166
46 29
115 78
21 24
15 21
168 175
65 62
128 111
36 57
195 365
185 89
63 54
5 3
158 288
106 65
105 141
136 197
41 44
168 259
5 8
15 15
36 40
36 22
7 15
162 96
167 188
8 7
61 44
12 22
22 32
19 18
15 17
46 49
19 13
15 48
18 14
247 194
34 24
12 11
11 13
25 13
139 286
31 35
164 164
89 76
238 309
143 146
106 72
25 22
11 10
21 27
11 14
34 34
18 18
13 29
146 183
124 101
17 11
9 11
35 28
5 7
12 16
27 19
54 73
103 78
114 163
56 71
93 143
16 23
12 12
8 12
94 81
34 34
42 49
7 6
9 9
137 109
21 12
9 8
13 11
170 252
75 50
39 23
94 146
192 239
100 123
30 31
20 27
114 100
32 32
49 30
109 186
42 35
25 15
156 188
33 77
7 8
15 23
255 164
56 61
29 46
24 10
13 19
67 60
150 169
23 22
247 293
166 137
220 148
40 36
15 15
45 51
19 16
10 6
165 296
119 109
14 10
17 18
19 10
29 34
92 102
14 14
9 14
29 25
18 27
22 23
32 18
52 91
245 207
14 13
87 197
16 11
12 15
55 37
46 42
10 9
212 248
13 7
7 9
145 156
6 4
121 94
78 68
141 113
247 184
21 14
54 51
24 47
178 162
67 71
35 28
211 204
13 15
134 121
41 36
242 324
173 190
53 84
103 70
6 6
31 21
5 3
63 53
12 6
12 11
151 160
7 4
9 9
71 81
87 103
18 23
159 146
22 28
45 38
223 256
128 263
57 89
23 18
165 221
125 121
139 110
123 118
15 13
11 17
10 10
168 485
119 228
42 75
54 56
88 128
161 193
19 12
73 49
9 21
7 13
7 7
35 24
72 96
7 6
9 7
36 33
37 51
72 101
4 4
19 15
169 235
221 141
184 172
87 104
51 62
40 21
7 6
248 234
5 5
23 19
12 13
40 31
14 15
186 169
14 14
146 137
45 52
11 11
13 16
42 70
12 7
6 6
121 108
207 163
12 16
24 29
247 321
229 287
5 3
22 20
170 234
6 7
5 5
26 21
10 7
14 7
29 29
7 5
19 15
103 102
10 11
5 4
225 269
98 34
27 27
117 167
7 7
12 11
58 56
9 5
18 20
4 4
6 11
11 13
41 38
9 7
5 5
58 73
31 41
12 20
20 26
58 81
6 6
119 103
93 111
145 101
41 71
23 24
48 43
218 268
155 276
21 25
40 61
15 20
5 4
85 61
102 158
163 180
10 11
42 44
132 91
215 290
13 18
26 22
41 46
13 10
44 46
152 111
27 25
155 159
6 4
17 18
4 7
219 320
64 80
33 28
94 73
246 316
20 26
5 6
120 126
112 133
5 3
6 6
10 14
178 162
18 42
107 153
35 39
44 40
86 58
14 10
92 95
85 98
82 101
27 56
220 429
79 43
14 12
158 84
9 10
194 160
97 61
16 19
20 35
8 9
27 32
5 5
58 55
18 8
12 14
13 16
23 17
4 7
175 188
171 156
54 34
25 13
9 13
142 122
117 117
20 17
9 8
11 21
43 50
7 2
16 12
19 15
31 31
22 21
13 9
53 59
130 196
5 7
198 136
24 16
133 123
67 99
18 15
37 20
45 33
6 8
17 19
228 271
10 6
211 215
9 5
74 72
61 92
67 125
57 48
7 7
53 32
13 15
182 229
115 152
149 115
44 37
36 38
59 63
192 226
5 6
5 3
113 193
12 8
177 174
11 16
10 10
23 15
6 8
34 36
13 15
34 30
11 5
182 197
120 136
17 18
7 5
41 41
18 25
69 91
12 7
47 48
9 8
224 298
219 432
6 6
231 337
5 6
5 4
167 228
135 103
12 7
27 28
45 32
88 86
26 29
242 181
115 227
5 5
55 75
21 20
6 8
13 26
240 277
23 26
11 14
133 194
188 199
10 7
244 530
47 80
103 122
132 69
131 125
12 19
45 31
12 13
81 124
134 121
135 97
123 95
19 17
147 122
38 50
5 5
105 69
33 24
85 141
67 51
47 50
4 6
134 89
26 28
71 77
119 97
12 20
192 274
35 33
9 13
233 135
184 239
4 6
119 83
6 6
5 5
18 12
41 36
254 305
6 3
8 10
231 238
5 5
29 41
33 30
14 19
52 37
230 193
12 14
20 24
6 7
111 84
4 4
104 172
106 109
125 176
22 25
48 43
16 32
41 56
12 19
11 15
13 15
4 6
21 16
24 15
111 156
50 31
141 206
7 6
43 31
35 17
100 123
188 99
52 42
14 12
11 8
245 189
243 270
5 6
18 19
46 59
21 17
7 8
157 119
43 54
49 32
19 17
17 10
94 76
14 8
68 61
11 19
75 93
245 521
29 34
4 7
79 67
36 21
164 165
32 20
8 11
175 218
12 16
35 40
22 35
243 235
56 35
39 35
5 7
191 204
13 13
6 7
248 225
12 15
12 15
58 56
87 125
22 23
17 14
21 16
20 18
15 9
23 26
11 15
147 85
88 123
31 19
142 144
24 17
53 53
91 129
46 36
171 192
255 88
12 8
94 75
25 22
5 7
8 7
60 62
51 39
255 268
42 43
11 14
13 15
20 23
84 88
173 195
146 73
31 40
12 13
193 190
5 9
109 59
110 102
96 175
112 58
42 42
64 123
209 194
4 4
234 218
25 19
96 105
36 23
57 98
221 309
33 53
85 137
106 95
10 9
111 104
24 29
112 120
39 33
64 38
6 4
68 59
21 25
236 376
88 108
22 17
27 25
19 27
19 16
124 105
7 7
4 11
100 89
62 59
26 27
14 22
189 166
227 233
134 166
26 23
63 72
153 166
5 4
253 426
63 71
6 6
5 7
8 10
29 9
61 54
33 51
86 130
20 20
100 69
42 41
124 82
123 136
108 167
8 11
99 72
5 4
11 8
42 34
8 6
5 5
41 34
12 20
8 10
74 46
78 110
18 28
64 42
5 3
8 9
60 72
193 190
93 72
68 60
56 68
50 31
8 15
12 6
9 8
86 102
7 6
5 4
44 28
6 7
4 3
9 11
13 13
34 29
22 20
189 100
216 275
150 226
40 25
26 43
7 8
159 278
10 12
99 132
7 7
9 8
30 23
103 108
53 38
157 173
105 119
6 6
34 55
10 17
21 21
12 13
8 6
5 5
236 259
5 6
139 179
208 130
78 61
41 42
217 167
33 33
161 166
10 9
121 131
123 163
20 21
40 34
4 4
112 133
47 78
96 84
53 28
6 4
9 19
50 36
15 16
171 238
28 27
30 27
5 6
40 43
19 26
9 5
107 110
156 129
7 16
6 4
65 63
222 174
80 61
10 13
44 44
158 179
5 5
5 13
237 253
84 89
12 15
44 37
117 88
7 5
22 34
9 4
79 69
49 40
46 35
98 73
56 56
224 137
19 18
4 4
10 7
53 53
15 21
162 132
55 56
86 81
4 6
76 75
23 23
6 7
27 33
88 74
16 24
5 5
5 5
123 216
160 291
8 8
5 7
35 15
6 7
24 36
136 145
17 13
80 108
87 172
213 379
56 48
96 150
95 61
11 9
5 6
11 8
24 22
57 44
4 7
11 13
5 2
70 74
20 16
25 17
8 4
49 80
143 131
37 27
4 3
7 4
222 242
200 265
7 8
10 12
221 111
46 46
43 55
49 48
255 189
21 38
4 4
11 10
21 19
183 190
28 23
126 105
13 23
5 3
44 48
28 23
35 40
12 18
20 15
196 295
4 5
235 330
17 18
4 4
9 8
17 14
17 31
70 90
14 11
24 37
55 76
44 52
42 28
239 187
127 212
78 81
111 87
5 9
244 258
10 9
10 12
120 161
112 161
80 100
191 194
28 27
234 249
66 46
196 169
126 81
91 42
36 54
53 71
14 11
16 12
20 24
41 48
189 369
7 4
13 8
8 8
10 12
42 58
46 127
136 180
237 222
164 181
20 30
20 23
90 65
161 248
6 8
34 21
47 39
185 180
6 5
60 59
54 65
9 5
40 25
26 27
4 2
245 150
8 11
117 153
6 4
102 189
116 73
35 33
13 9
10 10
12 11
41 63
146 328
120 124
23 20
34 33
206 174
4 3
90 53
225 359
13 26
12 10
122 71
132 221
7 6
9 7
37 21
43 23
6 9
9 3
18 15
16 23
64 51
10 7
203 213
157 136
9 6
72 60
135 97
41 64
202 218
104 133
58 49
26 31
100 53
22 29
11 12
37 23
18 12
82 46
226 255
8 13
112 102
233 189
5 2
43 30
38 28
138 144
19 24
166 195
17 13
91 90
50 42
5 4
92 115
78 209
24 16
43 27
12 17
8 7
16 19
8 5
37 33
36 19
5 5
16 22
21 21
228 406
12 17
24 40
4 3
5 4
27 23
5 3
18 12
56 56
160 155
6 8
7 6
4 4
13 8
202 144
11 8
15 11
14 20
29 33
145 95
203 269
52 31
231 247
23 20
33 25
51 40
167 199
15 13
5 12
243 281
184 319
4 4
53 75
6 6
34 32
13 7
12 9
9 10
22 19
5 4
60 104
13 9
13 12
98 134
24 23
31 19
191 154
32 33
4 5
113 116
34 34
8 7
79 112
32 32
243 147
24 24
61 49
10 17
79 59
9 12
15 23
6 7
20 24
13 22
55 40
4 5
35 25
16 10
9 9
128 193
5 8
8 6
21 25
49 33
120 88
9 9
188 177
158 275
9 10
66 127
4 3
6 7
19 10
254 279
87 62
6 15
7 7
5 6
5 7
65 45
10 7
5 3
4 6
23 23
5 7
28 19
57 35
6 9
20 23
93 48
10 6
190 167
14 12
10 8
112 87
44 36
17 14
100 151
122 200
6 8
122 73
229 153
165 150
30 26
149 120
149 314
12 7
21 17
5 5
55 63
235 212
31 45
31 27
14 13
15 18
223 317
5 5
104 105
36 28
11 11
24 23
72 59
12 7
9 10
7 8
255 309
9 13
27 21
4 4
6 6
9 10
6 3
154 108
7 6
211 245
210 100
34 38
72 36
154 184
89 89
22 12
5 4
20 20
12 15
19 21
7 10
13 12
7 8
44 61
169 116
57 61
6 7
64 75
5 6
19 13
56 50
19 14
69 93
71 53
8 6
128 159
29 16
10 6
30 44
46 32
136 240
131 104
219 194
24 21
64 55
17 23
50 31
16 20
7 14
61 45
34 54
13 7
26 41
219 166
200 247
153 159
9 10
86 59
36 33
90 157
153 138
95 63
34 71
68 75
141 71
16 21
4 3
22 17
184 200
11 10
6 6
12 7
10 11
93 60
27 20
10 5
11 13
36 48
53 41
28 28
100 142
5 3
130 61
18 10
12 7
12 7
75 77
21 11
254 267
9 7
10 9
9 11
7 11
16 15
5 2
4 6
22 22
74 50
138 98
4 5
8 6
109 114
111 130
13 9
24 18
14 12
237 186
38 42
19 21
88 108
70 72
48 85
13 17
255 392
20 16
250 143
113 135
6 6
59 48
12 19
84 138
18 25
84 89
124 107
121 128
207 217
8 7
76 106
5 8
15 12
5 5
26 23
59 54
42 25
15 19
117 132
7 14
24 20
6 4
132 217
51 70
59 92
91 107
11 26
10 11
184 242
166 154
12 8
5 4
51 28
79 76
9 10
41 30
12 9
45 37
62 51
19 15
17 14
214 211
62 68
5 5
87 76
108 180
44 88
17 14
80 95
5 5
4 3
5 3
19 22
112 97
72 102
173 138
59 80
9 12
182 116
19 13
4 4
45 40
6 7
15 23
4 5
5 8
172 202
7 7
84 71
13 13
78 119
76 81
48 32
5 6
25 20
6 4
50 54
6 5
231 115
114 79
16 22
89 58
223 134
6 6
5 5
21 18
47 27
6 6
245 189
10 11
29 30
5 3
93 51
138 85
28 36
13 8
77 125
6 10
28 21
180 305
42 75
8 7
9 23
38 33
110 170
7 4
30 32
119 122
41 37
156 135
13 23
29 37
5 5
211 206
35 36
12 15
60 87
36 32
91 86
14 27
5 7
13 8
118 158
30 36
6 5
4 4
91 91
6 5
7 11
7 6
250 255
17 20
55 66
125 121
191 187
137 231
8 9
22 18
12 12
21 26
87 55
64 36
9 10
86 100
243 193
101 92
103 147
114 88
18 14
235 246
79 79
98 109
39 59
187 306
9 10
165 236
12 18
24 41
216 477
82 77
6 7
5 4
6 9
143 128
9 7
6 7
50 32
51 43
43 45
47 28
132 227
8 12
12 8
130 162
6 3
24 26
54 45
15 13
14 22
144 95
39 26
238 220
34 24
179 90
31 29
15 13
50 40
165 118
5 6
7 6
9 9
10 9
6 5
144 140
5 2
5 5
4 4
34 68
19 19
49 62
17 16
26 37
7 8
7 9
91 46
18 17
18 25
6 4
19 13
167 213
90 112
124 107
20 13
237 351
71 78
53 77
30 29
32 53
94 113
53 52
238 121
10 6
48 56
165 165
13 12
13 17
22 13
234 185
75 62
14 10
201 164
81 87
254 529
237 160
7 7
7 10
20 40
76 104
13 20
83 89
16 18
35 44
148 198
79 41
9 11
8 8
9 5
41 66
77 66
6 3
99 118
47 38
36 62
102 82
13 7
29 35
18 22
10 12
245 396
114 105
78 54
106 99
93 144
149 102
32 37
133 180
8 7
6 6
15 24
4 4
126 144
25 30
4 6
78 77
30 37
52 71
99 46
15 28
172 155
167 131
80 67
64 96
50 70
25 17
20 18
198 283
55 49
36 39
171 192
12 12
128 50
68 69
80 56
52 54
13 9
12 16
20 24
17 12
28 24
22 18
14 18
22 20
9 8
18 15
10 17
29 24
54 86
139 194
44 40
232 182
15 17
125 92
64 59
49 82
33 23
234 299
27 26
8 13
10 20
138 195
36 29
8 6
142 77
14 13
40 81
236 177
93 56
69 55
6 5
7 6
91 80
74 113
40 69
6 8
16 16
24 21
5 3
40 39
6 6
26 30
105 76
15 16
5 5
105 152
7 8
107 131
221 337
84 78
97 93
100 188
160 126
4 5
200 245
19 26
12 10
123 108
12 23
23 14
19 19
24 20
94 82
81 172
158 152
29 49
11 13
254 322
38 29
21 16
10 7
16 16
216 251
108 115
49 41
53 33
14 30
22 9
15 16
7 5
22 17
124 91
9 6
25 23
127 149
8 5
90 141
5 5
5 3
49 42
143 236
52 61
6 4
9 7
200 350
72 72
4 3
201 220
22 27
11 15
31 20
57 47
9 10
15 11
131 100
17 15
172 121
187 184
7 8
175 168
186 128
205 235
28 29
10 7
33 45
29 23
14 10
63 65
186 176
5 4
7 6
188 180
87 86
9 11
18 14
168 129
121 214
108 54
11 24
27 17
223 432
6 5
4 4
16 15
33 23
17 24
7 8
26 16
179 184
14 19
20 17
25 40
7 7
16 19
47 41
46 33
14 16
125 170
67 98
73 60
5 6
127 79
12 9
78 62
58 40
5 5
44 45
9 11
64 93
11 11
6 6
5 3
79 89
90 86
5 5
178 318
138 78
4 5
6 3
80 84
26 24
107 134
30 32
61 69
11 9
217 187
57 47
15 15
7 9
15 19
12 12
13 16
5 5
65 79
7 5
235 201
8 5
46 61
139 140
33 47
18 22
253 258
44 44
5 6
122 70
8 8
7 4
96 111
117 137
99 100
53 78
8 12
58 44
6 9
25 45
9 8
202 189
4 3
164 91
49 49
6 10
15 15
18 25
99 118
37 20
43 38
31 76
24 37
102 80
8 18
46 64
5 6
129 232
13 10
9 9
231 285
16 13
55 37
15 8
12 18
10 13
148 145
58 127
66 54
113 70
53 53
7 8
110 119
26 34
44 54
5 6
5 8
188 141
209 164
30 60
126 106
158 320
32 33
145 58
36 19
98 132
4 6
44 56
51 35
164 132
14 15
7 9
70 33
11 8
169 168
19 26
160 253
14 13
10 4
10 9
5 5
232 495
67 71
40 53
5 5
32 60
4 6
36 42
42 38
53 81
139 163
17 19
12 15
75 51
99 151
16 10
11 13
203 156
11 14
5 6
46 65
67 82
44 53
8 8
19 16
14 12
160 181
27 18
30 48
156 134
19 16
69 98
34 36
11 11
10 12
104 116
102 67
32 34
107 114
82 51
12 21
122 131
6 3
90 80
24 18
5 5
74 90
95 128
32 31
124 60
91 92
17 27
35 26
27 19
8 6
53 57
33 16
37 40
4 5
42 69
13 12
22 16
7 5
38 50
201 214
16 23
20 30
87 98
116 118
33 35
253 180
10 14
76 81
40 32
103 134
12 25
175 251
65 39
43 53
237 171
32 46
12 14
24 17
10 4
20 24
74 89
8 9
27 20
120 208
14 12
18 10
97 53
6 3
32 22
16 30
8 18
7 6
33 38
15 21
4 4
114 154
49 47
87 116
7 5
11 10
76 73
10 11
58 49
178 86
121 91
52 60
15 12
216 203
32 58
26 21
7 4
109 52
111 194
42 43
5 7
44 37
115 109
18 21
5 6
134 177
22 9
59 56
40 42
79 114
73 91
208 197
9 10
5 4
199 243
12 8
64 77
12 15
6 9
166 160
6 4
12 11
52 56
5 4
12 11
9 5
42 42
250 285
70 65
175 156
25 26
17 15
8 6
5 6
12 12
22 13
47 38
48 32
35 32
174 144
9 12
42 32
45 58
13 13
13 11
25 30
187 112
33 31
5 4
14 9
72 105
183 349
72 57
15 9
82 82
18 18
187 171
6 13
6 7
4 5
27 44
10 11
8 8
31 19
126 140
20 23
26 22
6 6
48 43
199 142
47 46
7 16
7 7
33 48
12 9
38 40
14 14
218 82
14 12
40 37
8 6
61 40
10 11
85 111
9 6
206 248
6 6
16 24
24 28
5 4
26 34
115 99
9 12
163 123
89 115
147 124
44 31
39 47
5 6
6 5
157 191
236 378
41 47
75 94
13 10
8 9
74 63
168 156
205 281
45 66
33 40
16 10
89 73
190 238
11 12
29 31
38 22
100 149
227 266
81 69
67 47
221 260
5 7
7 9
12 19
36 20
32 36
203 117
16 24
226 232
61 52
42 60
106 128
252 252
53 55
43 36
10 7
247 240
237 205
32 24
6 8
17 12
5 6
17 11
154 93
32 38
38 26
4 5
30 27
6 6
6 9
7 10
10 8
35 46
33 70
206 113
5 4
12 11
16 21
5 6
149 142
14 13
9 5
6 6
177 186
34 22
9 10
48 69
210 334
15 16
17 14
5 5
10 15
118 86
128 123
28 32
80 48
178 366
55 91
21 11
96 98
170 165
19 14
7 6
35 34
45 70
4 8
29 92
67 54
192 224
252 188
83 73
16 10
7 8
17 13
8 5
33 36
230 254
227 217
144 158
8 8
43 40
5 6
19 29
10 9
8 12
141 171
48 71
70 80
105 71
142 74
16 18
26 22
16 24
25 33
172 143
125 174
8 8
61 28
135 195
11 23
156 88
86 80
44 40
6 6
5 5
8 12
31 31
5 6
210 258
57 79
82 92
5 6
8 6
50 63
77 43
134 123
12 12
17 26
6 10
20 19
8 5
117 107
9 8
43 29
17 13
121 115
25 22
4 7
22 21
5 7
90 92
12 18
7 8
20 20
18 50
109 113
15 17
9 10
130 151
16 15
42 45
6 4
5 4
18 12
198 211
33 39
6 16
9 5
102 110
8 8
45 34
9 9
26 48
20 26
8 4
169 218
38 78
82 97
129 166
47 54
125 116
67 83
61 73
10 6
51 63
79 107
212 212
7 6
17 19
227 246
8 5
95 64
46 69
7 4
42 58
17 30
20 11
52 61
64 79
10 14
45 31
25 37
12 12
17 18
7 6
11 13
6 7
100 81
73 62
173 105
125 111
176 178
244 109
97 143
26 22
121 67
7 9
5 4
5 6
71 56
4 4
149 187
14 15
83 81
32 41
108 126
8 9
67 117
29 37
10 8
132 150
29 29
4 4
39 24
13 11
5 6
4 4
17 17
100 58
25 50
43 46
19 23
146 119
5 4
28 24
26 41
107 101
4 4
87 112
37 27
72 84
19 27
170 231
96 104
11 9
17 8
60 68
20 14
23 17
32 38
5 6
7 5
40 50
19 15
107 86
5 5
51 48
23 59
14 11
4 4
32 26
13 18
21 24
6 4
45 52
117 96
236 115
30 30
48 23
19 26
87 73
110 153
12 13
31 32
161 106
111 119
31 25
51 38
14 21
34 46
37 32
9 9
5 5
23 42
157 215
32 36
154 181
7 6
90 124
8 5
4 3
23 20
10 7
115 156
7 6
20 18
5 10
230 122
25 23
6 10
76 86
9 11
233 179
8 7
148 197
6 4
45 90
146 330
251 206
25 38
15 12
154 132
149 319
246 198
7 9
5 3
10 7
75 70
209 184
202 163
40 36
182 211
4 4
41 33
10 7
89 64
22 26
92 105
12 13
247 265
5 5
221 318
9 6
42 25
91 128
4 4
5 4
27 31
29 31
8 6
26 36
172 205
252 506
11 7
45 63
27 29
155 158
6 5
11 13
32 37
4 2
41 41
13 22
25 25
128 100
15 13
141 154
9 8
4 7
68 96
7 7
105 60
11 8
161 158
11 14
28 35
118 114
13 13
37 28
17 14
160 98
54 56
10 11
8 9
5 5
95 111
87 56
96 83
47 49
42 58
48 59
99 80
75 95
21 25
9 7
43 49
6 6
4 5
14 15
58 62
55 52
203 193
35 50
33 39
4 3
7 6
14 9
6 6
255 138
6 11
37 59
5 4
21 35
36 55
66 50
206 178
5 11
5 2
183 295
12 11
5 8
6 4
6 5
187 124
34 35
44 44
122 111
6 4
17 26
92 91
5 4
129 90
38 41
81 90
7 7
203 146
9 6
15 22
57 58
17 19
17 17
34 26
94 51
17 19
69 50
186 195
23 21
6 10
5 4
95 62
5 5
5 3
8 8
32 20
14 16
14 18
27 25
7 6
91 106
124 261
23 42
116 101
125 153
8 12
13 14
13 9
93 109
191 210
16 16
182 266
66 53
213 196
137 163
111 140
7 6
25 29
6 6
12 12
66 68
45 59
38 41
16 16
6 5
7 11
21 32
6 4
9 6
28 23
12 14
27 14
210 251
54 32
197 372
80 43
106 44
92 115
185 285
239 117
5 4
105 160
104 89
27 35
4 5
65 78
129 107
44 57
16 35
10 11
151 95
10 9
158 222
125 114
16 10
83 163
7 5
7 9
13 12
40 54
203 240
4 4
87 135
51 37
6 8
142 131
51 50
5 6
13 14
22 28
19 19
49 48
111 98
11 9
12 7
28 42
169 149
21 20
4 3
6 12
216 346
139 288
207 264
65 81
141 137
19 35
18 39
21 21
55 63
4 4
17 25
201 352
32 27
11 12
18 14
10 8
33 21
8 5
131 200
51 65
64 58
77 67
12 14
136 130
6 6
5 4
43 68
69 85
83 103
22 19
62 50
10 10
11 10
62 57
87 104
32 38
10 15
10 10
27 28
19 34
107 123
47 40
143 311
60 37
114 102
106 108
32 34
153 145
9 9
4 4
50 34
141 107
12 18
55 40
11 12
80 60
18 17
7 6
22 30
25 18
155 113
75 47
4 8
137 224
50 42
249 189
148 108
61 70
94 99
179 184
94 108
205 382
152 160
105 77
9 8
48 32
17 23
10 10
246 249
34 29
115 144
4 6
69 107
55 48
23 14
21 23
50 74
217 300
11 15
41 41
19 20
55 40
187 282
198 334
20 26
7 5
23 31
41 41
140 164
5 5
253 319
26 17
12 17
242 266
5 5
122 88
8 6
74 100
149 100
18 27
110 130
45 65
8 12
5 3
4 4
6 3
5 4
11 8
6 6
50 78
6 6
13 16
5 7
84 74
95 101
162 109
53 41
216 255
9 8
120 100
7 7
58 79
7 7
48 44
15 18
186 201
106 65
37 36
30 26
188 162
96 161
8 5
135 181
24 15
110 55
50 48
30 45
223 133
99 114
23 23
161 171
36 39
47 57
10 13
37 46
173 155
26 35
13 16
77 74
14 13
27 17
4 5
131 101
57 38
22 10
12 15
6 4
218 166
37 37
165 132
107 104
8 11
194 283
5 5
25 15
54 72
7 3
65 69
207 219
107 119
130 113
192 207
102 115
68 94
47 85
88 104
65 73
37 51
143 123
5 7
241 180
61 84
224 413
25 13
53 69
10 11
4 4
51 75
158 131
8 5
102 68
11 19
126 146
109 100
13 27
7 9
31 38
129 126
166 148
217 257
19 17
9 8
10 13
16 12
9 8
120 101
13 12
73 98
220 220
7 2
95 123
88 69
131 129
10 9
205 216
6 8
100 102
12 7
28 40
13 17
209 298
27 16
7 12
6 7
11 9
11 11
22 17
42 26
8 11
5 4
30 22
139 143
14 30
104 106
10 11
11 13
16 28
8 6
232 219
7 6
32 69
23 12
241 200
61 62
30 29
25 24
38 51
93 103
18 10
243 263
10 7
6 10
142 114
18 13
40 39
187 157
12 18
173 127
106 124
145 131
4 3
14 21
54 57
128 48
11 13
14 18
188 133
47 37
116 256
56 73
163 189
123 140
44 34
102 131
35 44
27 28
27 16
190 313
47 62
21 22
129 336
14 12
5 8
145 137
54 55
49 46
18 16
237 143
21 17
224 354
82 130
56 73
178 263
15 14
73 129
9 8
17 13
5 6
34 30
5 6
6 7
21 33
99 198
27 26
55 48
108 156
27 22
9 8
55 127
6 3
34 25
8 9
69 76
88 127
151 171
28 38
78 109
16 30
90 77
16 8
5 4
27 37
186 147
6 6
13 22
95 88
80 46
7 10
9 10
11 6
30 31
253 320
90 108
6 6
148 91
166 145
125 89
36 36
217 171
150 204
18 17
5 6
35 19
42 38
8 9
130 162
37 36
160 185
21 34
10 11
22 14
150 240
16 15
89 105
38 35
83 100
158 153
35 34
51 46
8 12
8 12
98 102
24 18
55 61
20 30
22 17
5 5
4 4
7 9
59 73
104 68
19 28
24 23
18 20
86 69
36 37
24 21
57 34
21 13
37 61
11 13
5 6
16 16
15 14
239 243
49 46
28 35
18 28
4 3
217 123
162 229
84 90
14 17
49 45
21 25
18 35
36 25
12 16
61 54
189 152
4 4
10 7
77 83
10 9
7 3
28 16
22 24
44 23
77 85
131 143
13 11
11 9
19 28
7 6
36 33
53 31
104 118
8 8
34 23
243 388
5 4
8 10
63 85
7 5
27 49
27 39
17 17
37 24
7 10
7 8
7 4
8 10
182 73
5 3
11 14
169 151
164 87
46 54
76 111
12 9
189 236
81 56
149 77
47 47
40 67
154 166
42 36
218 144
10 5
211 193
12 19
86 52
8 9
13 12
119 191
16 14
18 19
14 17
8 6
47 29
57 45
163 85
100 91
12 9
97 168
5 2
57 53
20 16
54 31
225 341
80 83
10 12
101 213
235 251
8 7
4 4
85 97
80 51
117 106
68 82
18 9
7 5
74 89
17 18
94 96
178 148
27 17
6 7
184 111
109 113
30 28
66 54
13 10
125 95
8 12
4 3
49 66
25 36
179 171
54 63
5 3
156 123
5 5
7 9
155 164
76 121
128 123
7 5
16 16
45 41
32 30
33 26
25 24
55 34
123 114
106 105
35 33
4 4
7 6
109 130
8 6
43 85
7 5
246 249
35 23
33 38
24 31
187 181
92 133
55 55
78 78
11 13
8 13
29 16
26 32
36 27
56 71
129 67
73 30
23 24
46 55
10 16
14 30
37 47
219 267
57 38
14 14
32 31
9 10
49 50
46 105
69 79
16 17
6 6
179 140
235 372
255 260
94 79
15 17
54 56
21 25
47 56
7 7
80 71
57 58
15 14
18 18
64 42
62 151
71 52
64 80
106 141
38 26
97 58
187 300
71 34
48 66
86 96
8 7
64 64
9 11
18 12
16 12
17 21
138 129
26 38
97 68
117 172
182 120
90 70
133 138
37 68
254 436
13 8
85 54
48 30
69 54
29 35
4 3
43 39
84 78
62 40
7 7
7 7
84 115
13 11
73 66
52 48
66 43
34 48
7 5
44 58
22 21
235 311
11 23
29 16
8 6
18 22
93 72
7 7
248 334
6 4
28 43
133 179
43 26
41 39
14 25
20 34
54 88
100 109
20 26
19 25
202 135
30 30
182 208
10 14
86 80
48 88
16 10
147 182
245 250
8 15
13 6
10 8
212 155
122 145
42 47
32 29
4 2
18 18
77 58
61 86
5 3
8 6
58 76
8 5
35 28
201 215
26 24
202 134
63 91
46 39
114 114
4 6
26 57
38 32
7 5
6 6
21 18
34 25
109 132
4 5
4 4
6 5
5 3
59 46
158 224
24 19
228 163
5 4
29 31
216 196
7 11
19 13
24 33
37 30
45 73
9 7
5 3
7 5
67 57
5 3
59 67
63 57
122 187
52 33
12 11
40 38
9 8
74 58
7 8
182 144
33 25
214 147
92 93
16 19
25 14
9 14
136 142
250 233
195 320
61 32
251 246
40 42
108 113
66 83
131 122
20 19
29 22
27 27
154 191
7 10
5 5
121 112
111 105
8 8
27 17
26 31
5 7
110 76
7 10
182 170
41 53
10 13
12 13
54 51
8 8
4 4
87 93
12 13
131 139
38 52
20 12
23 21
15 19
11 19
17 13
7 9
86 77
5 4
72 41
5 9
84 57
127 144
5 5
241 158
6 4
12 13
9 6
10 8
174 95
68 57
8 5
134 84
7 8
19 16
99 172
97 56
12 12
49 49
33 51
242 252
4 4
6 3
76 68
69 85
112 84
142 144
41 31
17 28
255 247
97 102
24 23
17 23
9 9
48 48
110 82
8 6
183 87
81 88
36 27
43 28
7 7
43 65
16 17
5 3
34 25
4 3
92 57
17 27
5 4
55 33
219 390
226 245
27 18
38 25
6 13
22 27
136 186
101 82
35 38
10 10
104 101
12 10
34 41
43 39
17 16
104 206
100 119
8 6
27 53
53 31
13 15
202 218
8 8
6 3
22 21
210 196
34 33
25 55
6 4
6 5
46 33
30 42
4 6
21 16
60 42
20 30
27 32
8 9
27 33
65 57
5 5
6 4
73 46
11 11
26 22
50 61
68 95
9 12
4 5
27 28
182 110
37 56
190 152
11 11
9 5
19 13
240 177
82 94
30 39
22 45
36 17
97 118
5 4
17 15
23 18
69 69
14 14
22 21
18 14
19 26
26 42
28 41
115 119
41 43
79 74
56 112
7 6
139 89
36 26
143 205
142 184
19 20
8 6
84 100
10 12
38 41
5 4
34 67
10 15
7 4
83 169
9 7
5 6
15 13
98 79
9 18
9 6
8 5
54 67
26 27
25 29
94 156
27 42
69 111
69 54
4 5
111 54
4 7
49 50
59 47
94 70
120 157
101 138
100 79
234 217
193 121
38 27
42 45
59 28
7 11
189 159
111 130
5 5
165 142
93 100
8 10
41 46
34 20
4 5
59 51
244 279
46 56
5 7
13 21
29 18
25 39
20 23
26 38
131 131
88 121
15 31
17 30
126 91
7 4
26 27
98 117
30 33
5 7
204 203
13 4
5 6
14 25
79 96
23 27
80 148
18 21
76 83
33 28
5 4
5 6
190 275
7 8
35 38
13 15
15 15
6 5
21 28
24 21
27 34
61 33
72 63
8 11
75 114
61 52
5 5
18 13
9 10
255 169
41 23
34 30
78 97
90 65
21 8
23 24
6 7
21 29
12 8
72 44
51 26
191 250
34 55
41 26
36 29
7 8
15 16
94 131
18 13
5 5
135 95
54 45
39 36
101 93
11 9
25 37
33 26
5 4
195 163
82 83
21 15
11 7
4 4
235 208
80 71
111 103
6 5
7 12
17 14
7 5
33 22
6 3
10 11
27 29
22 25
6 5
125 107
119 173
56 76
177 194
12 17
40 25
200 241
5 5
35 91
75 59
6 6
35 24
4 3
5 6
7 11
5 3
15 15
29 48
32 34
88 141
17 21
27 31
160 230
199 255
4 4
25 30
242 262
142 198
9 14
38 29
6 8
188 113
19 21
138 118
90 211
31 32
79 98
6 5
11 8
249 254
12 8
79 90
18 14
214 211
10 7
9 7
175 177
9 7
39 37
174 155
68 114
6 7
23 27
153 116
136 192
56 60
37 24
77 201
38 52
6 10
55 44
134 86
17 15
166 126
17 40
54 58
64 56
115 191
13 14
43 56
16 13
237 274
40 54
104 143
161 102
56 82
13 12
16 17
5 7
17 20
20 29
9 5
83 39
15 15
51 44
5 4
10 9
17 29
142 135
5 3
251 373
78 71
96 205
22 23
14 15
133 224
27 24
51 46
4 4
7 6
97 98
247 210
12 15
101 134
234 436
41 66
9 10
22 18
21 41
16 19
9 16
7 9
5 8
93 90
35 24
6 7
9 13
221 138
106 176
10 7
244 478
116 92
7 9
133 96
16 13
228 253
17 25
81 97
8 11
201 195
122 120
64 38
81 58
49 32
25 23
22 22
38 44
91 106
20 17
59 49
16 10
85 54
68 53
50 77
17 27
47 37
7 6
26 29
19 33
169 304
13 8
131 179
10 12
235 236
17 13
112 140
4 7
52 59
21 46
75 55
85 125
149 108
5 11
41 25
10 10
186 182
19 24
9 15
7 9
41 34
100 95
23 18
70 74
139 142
5 3
20 23
5 8
8 9
225 113
117 76
19 17
256 208
71 55
87 121
4 7
81 75
12 15
28 32
38 34
24 21
48 40
15 9
25 34
7 10
9 9
25 22
148 101
33 46
6 6
36 39
88 61
11 7
44 42
230 176
161 143
13 9
39 26
14 22
47 43
14 17
92 88
30 43
25 24
6 7
21 15
29 20
20 17
22 26
82 97
41 58
7 5
122 197
68 66
7 9
141 68
7 7
6 8
26 47
18 17
12 10
10 9
5 4
26 40
102 78
14 24
6 6
19 23
5 10
198 241
6 7
17 21
96 42
29 21
28 20
101 63
84 84
7 7
8 8
16 19
163 103
183 382
27 17
119 63
57 88
30 18
10 10
152 159
8 11
143 125
22 29
104 66
5 11
33 36
54 89
132 138
89 70
65 55
91 77
44 26
60 76
114 172
7 5
203 278
13 17
148 110
60 62
15 13
13 16
5 4
23 63
7 6
52 50
41 31
11 10
89 74
5 9
5 4
187 320
7 8
10 22
79 89
93 53
68 64
9 6
6 5
104 63
129 156
16 20
14 12
14 16
196 161
36 30
36 40
17 13
7 10
12 12
10 8
9 9
205 119
74 110
11 13
9 7
9 8
19 18
106 80
134 165
5 6
7 6
42 48
5 5
9 13
87 82
6 9
23 19
8 9
8 4
37 29
24 32
36 78
109 91
80 66
245 218
157 169
5 5
111 174
9 7
39 85
8 11
72 69
250 447
77 136
43 42
191 137
84 71
6 4
7 8
30 32
182 244
170 236
247 107
7 11
98 106
12 13
4 5
75 54
42 47
8 13
125 88
10 13
149 180
11 15
76 55
159 125
6 4
155 112
5 4
6 7
46 28
9 6
74 102
101 152
225 325
6 5
87 62
107 80
204 403
45 40
6 4
233 242
70 84
4 4
36 28
138 88
52 85
22 12
20 28
6 6
20 21
40 67
187 134
78 124
86 113
210 181
21 17
5 7
6 6
193 327
57 43
22 25
20 12
196 219
15 23
8 14
56 45
88 76
45 71
102 114
177 315
204 126
34 67
106 51
161 96
7 8
5 3
10 12
111 88
62 85
21 35
40 66
241 277
99 71
67 89
124 142
4 5
14 13
51 66
165 125
16 13
28 16
220 162
62 45
9 14
4 2
23 50
20 17
5 3
136 254
43 52
82 80
181 86
8 8
69 87
18 18
23 10
22 22
8 14
11 14
48 58
118 109
14 14
22 33
156 110
50 45
8 7
255 183
9 13
41 58
16 13
146 109
178 127
245 259
125 83
47 53
184 230
52 55
6 8
12 16
62 35
11 9
79 59
95 80
43 67
32 17
169 120
10 5
6 5
101 67
40 29
9 11
8 6
71 110
21 37
6 4
7 7
158 118
5 4
76 70
100 92
4 3
104 60
7 7
30 40
192 183
103 81
13 20
4 7
168 207
15 10
65 92
17 30
8 6
4 4
17 13
25 37
8 11
18 12
8 15
172 278
128 132
231 254
23 22
130 139
55 43
7 6
49 36
109 71
105 89
70 50
44 35
7 8
40 32
7 5
17 12
31 57
27 36
125 102
101 134
6 6
153 172
78 65
15 11
4 7
11 14
30 37
102 116
51 29
47 37
9 9
45 49
34 29
22 46
44 57
90 102
10 11
37 36
8 10
116 124
224 198
32 58
37 41
10 12
108 155
118 154
5 3
7 6
5 4
228 227
5 3
55 58
15 12
5 3
53 79
31 30
4 4
84 83
150 162
61 43
178 171
6 7
167 266
15 12
13 10
23 25
153 143
22 11
128 78
34 29
120 92
15 22
7 11
71 50
168 114
10 10
9 7
4 3
53 57
187 104
8 6
5 5
8 11
52 31
36 28
210 268
5 4
5 3
212 209
244 408
20 17
29 17
76 49
118 81
39 40
10 12
84 107
16 30
7 4
35 31
6 6
203 192
239 269
78 44
139 97
111 132
87 52
10 12
79 63
5 6
102 88
25 33
7 6
18 19
22 21
18 16
14 10
9 9
9 8
53 30
83 129
195 136
50 39
82 46
6 6
40 48
36 30
88 73
14 17
11 7
50 31
5 5
19 13
84 68
7 10
76 74
225 154
22 12
50 85
5 4
121 118
94 145
103 128
31 42
228 278
197 271
8 11
5 5
64 131
7 8
57 91
19 18
62 30
12 15
10 8
119 139
39 19
9 13
39 34
17 19
29 43
13 17
7 10
15 14
12 9
63 66
21 32
118 117
4 4
12 19
150 141
42 58
212 187
6 5
101 162
59 39
44 43
88 40
5 4
102 96
111 120
5 5
176 211
220 273
47 50
64 59
6 6
14 13
12 7
22 18
88 96
21 19
196 172
10 12
11 11
66 60
6 6
45 57
135 55
64 61
51 31
176 398
9 8
4 6
182 243
49 44
44 52
113 93
10 13
64 32
67 43
25 24
8 5
99 79
50 49
43 30
15 14
52 50
17 17
73 74
10 20
209 152
5 5
6 6
23 19
83 143
218 188
49 65
111 154
20 14
10 6
5 4
8 13
14 11
6 5
20 14
12 17
35 39
23 16
12 20
73 56
5 5
52 48
8 9
57 63
15 16
33 48
4 5
52 53
106 187
84 112
117 94
29 28
31 36
158 209
6 5
25 37
20 16
218 177
68 78
61 84
9 9
5 6
165 159
5 6
117 175
10 13
20 28
25 33
7 6
153 184
12 13
5 6
9 18
15 18
106 47
5 8
6 8
136 176
6 8
35 26
11 20
13 18
208 282
20 18
153 110
112 189
16 18
20 36
11 11
16 22
15 18
34 26
31 31
4 4
6 8
94 225
11 6
94 135
82 75
5 5
89 83
239 174
25 17
66 105
57 46
239 183
4 3
5 5
5 4
8 9
222 262
45 64
19 16
23 29
188 141
23 25
217 165
116 169
55 69
19 17
24 24
88 65
133 139
10 9
22 16
10 10
41 70
4 3
55 63
167 336
7 6
22 20
30 45
4 4
122 111
15 13
60 105
5 4
244 354
23 27
129 204
152 204
31 32
41 78
201 248
9 5
37 54
11 7
6 8
44 53
221 156
44 32
204 282
193 417
29 21
196 187
86 52
48 86
34 47
227 256
168 185
19 27
4 6
18 19
75 58
13 15
4 5
8 10
5 4
5 8
7 8
36 40
92 97
25 16
15 22
151 59
44 34
162 115
9 14
72 68
10 10
73 75
20 18
30 28
14 19
119 170
152 173
14 15
9 7
38 64
16 13
165 240
17 21
24 19
127 72
129 185
221 232
5 5
18 25
99 82
192 196
11 16
40 70
11 11
12 15
10 16
24 24
25 41
105 118
128 167
156 162
170 215
26 15
134 117
10 6
27 33
81 66
210 214
234 137
21 27
17 34
147 142
18 21
236 727
59 40
86 79
9 12
42 27
12 10
6 10
14 15
9 8
6 5
102 92
30 49
35 69
33 22
55 33
9 7
126 54
15 15
126 95
15 21
5 7
8 10
56 38
23 27
12 6
8 12
17 29
25 21
208 349
7 7
180 417
213 147
122 116
10 10
4 8
49 70
56 29
70 38
13 11
82 49
50 17
209 286
22 29
5 6
51 56
86 154
5 3
53 40
94 143
21 20
18 22
84 130
224 242
17 12
8 7
49 86
64 65
21 11
183 84
16 27
42 29
6 3
6 4
9 6
60 48
65 73
53 43
17 26
12 11
21 14
25 24
144 195
27 23
170 119
117 66
44 40
97 159
13 19
13 17
43 38
5 3
142 164
252 516
11 15
7 6
25 22
8 6
9 9
4 8
17 12
66 66
10 9
24 30
99 138
5 5
226 185
20 20
4 4
44 36
4 3
5 3
16 11
6 5
6 8
49 56
213 239
18 22
16 17
135 72
30 54
101 121
16 17
18 23
10 10
191 164
19 21
5 6
6 5
37 37
8 9
5 3
17 16
16 23
12 9
6 3
20 23
17 35
234 169
11 7
17 18
13 15
85 126
73 87
5 5
68 73
22 17
12 13
16 9
7 6
207 188
132 175
157 102
23 26
175 200
86 94
178 117
55 61
7 14
7 8
11 8
11 7
29 21
6 9
162 137
46 24
8 8
133 295
43 49
22 16
22 20
108 93
5 5
6 8
14 17
24 24
42 58
135 121
235 216
8 6
35 48
6 9
17 15
123 168
10 8
17 15
49 36
26 26
98 124
23 17
121 146
193 299
60 65
85 108
5 5
54 40
5 5
129 61
70 58
165 343
55 75
113 75
99 63
6 6
148 172
7 4
7 7
7 5
61 41
255 271
144 199
5 9
15 9
15 15
83 131
8 6
113 119
9 17
72 104
35 39
106 107
11 14
19 21
12 9
18 11
26 23
25 14
35 34
4 4
214 447
203 159
165 204
62 59
126 151
6 3
119 100
11 17
50 35
69 79
20 15
25 28
212 322
20 17
25 20
150 183
4 5
63 103
8 12
28 51
27 50
112 114
18 15
119 141
102 120
6 13
49 48
24 13
23 23
168 160
14 16
71 64
137 175
195 283
28 37
59 47
63 67
75 111
195 202
10 13
60 45
57 78
5 4
231 217
50 92
42 13
85 90
46 48
16 14
5 6
98 114
13 19
7 4
6 7
4 4
61 138
8 12
50 37
132 119
5 5
247 444
6 7
5 7
15 12
158 125
13 13
167 253
16 15
214 128
26 24
13 18
5 7
8 11
57 88
4 6
5 4
37 86
181 222
6 3
204 251
15 20
30 34
128 83
6 7
51 48
112 83
13 13
47 67
33 22
18 12
34 38
4 4
88 141
44 64
13 14
211 275
32 34
12 17
15 18
118 89
77 102
11 5
8 6
150 168
62 37
87 70
146 101
28 24
136 72
34 28
31 36
13 15
11 7
12 8
170 358
74 58
5 5
91 119
44 29
18 25
235 406
9 6
8 5
150 163
8 8
12 10
122 99
108 139
66 88
15 28
17 27
5 7
7 6
6 4
20 34
116 140
13 13
17 14
20 22
10 9
21 26
29 19
7 5
28 23
7 9
37 79
36 56
230 318
66 110
68 119
81 165
125 100
15 10
11 12
141 180
9 5
43 39
173 115
210 297
4 7
17 23
66 50
23 27
26 22
68 71
5 4
36 27
22 49
239 311
30 41
12 9
42 41
27 27
38 40
40 44
26 12
16 16
7 8
35 58
6 12
19 12
14 14
14 19
208 183
11 11
13 10
24 29
19 19
11 10
5 7
72 84
4 4
122 179
8 12
21 14
13 16
123 135
4 3
10 9
26 15
199 191
12 12
16 12
51 60
4 9
5 5
43 57
46 51
35 45
10 6
6 8
9 4
7 12
9 9
49 48
11 9
8 8
142 215
9 10
17 14
231 346
49 70
165 132
5 5
12 13
8 9
232 188
24 26
35 56
147 98
16 11
9 7
17 18
63 54
50 37
8 8
9 6
47 93
118 123
13 11
6 5
78 64
16 19
13 22
51 43
14 18
19 21
203 151
133 104
5 3
37 33
4 5
24 25
4 3
141 192
5 10
37 38
23 27
94 81
35 68
61 92
53 23
12 25
87 67
17 20
40 50
144 111
49 48
106 86
110 89
243 251
102 65
7 11
12 8
16 20
4 6
4 2
77 55
7 7
12 32
13 16
75 65
6 6
73 55
90 107
40 35
243 160
173 167
11 9
62 71
132 155
33 26
24 16
9 5
16 14
202 150
8 3
31 24
11 17
10 15
45 22
74 62
4 3
4 3
11 10
128 99
18 17
22 23
62 61
26 37
10 17
64 68
29 31
63 47
78 37
15 15
54 45
42 38
5 3
18 48
34 34
177 265
210 240
33 35
70 69
13 14
13 14
148 307
169 242
6 10
226 202
117 87
99 95
13 19
196 172
154 162
6 5
13 10
34 29
11 4
23 23
184 243
11 12
6 11
73 108
27 23
9 10
120 82
12 13
32 38
185 182
39 73
5 6
58 66
34 31
130 175
93 63
63 46
7 8
11 10
10 9
20 27
7 8
163 168
13 19
26 24
56 61
20 12
25 28
171 224
16 13
14 9
24 33
31 20
8 10
6 6
16 25
247 224
50 44
24 28
4 5
16 17
232 253
7 8
38 28
176 162
10 9
14 11
128 145
24 36
10 9
71 74
223 192
21 18
154 108
10 9
25 20
7 13
57 52
178 157
230 161
163 231
4 4
200 167
88 58
28 49
4 4
17 24
84 143
21 22
6 12
18 14
33 22
51 66
96 85
10 18
10 10
6 5
88 120
105 104
75 68
18 15
78 79
22 15
9 5
4 3
4 4
103 151
10 7
78 92
4 4
5 4
26 18
149 195
15 9
192 234
179 126
105 92
25 18
5 7
6 7
10 10
5 7
141 123
24 22
33 32
7 11
9 17
84 49
96 118
5 4
9 11
17 23
10 13
103 84
158 70
100 86
23 20
7 6
24 17
5 4
4 4
7 7
166 255
35 27
115 103
199 278
24 27
11 6
55 61
53 53
7 6
67 94
7 7
119 182
240 183
229 219
30 18
67 62
20 22
7 7
18 15
28 32
178 123
10 8
27 20
246 269
32 35
18 20
207 245
164 213
7 3
8 8
4 4
57 68
125 151
9 11
20 25
79 74
160 184
176 197
13 20
83 90
89 84
13 21
31 25
16 20
56 36
30 26
86 123
45 46
231 273
7 5
20 31
64 95
15 10
210 187
8 19
7 7
235 153
4 3
16 16
250 145
103 90
256 334
119 66
8 8
6 5
255 210
27 31
21 31
95 100
12 10
36 41
27 26
12 15
8 8
115 97
6 5
226 183
6 6
61 30
151 156
74 75
18 12
33 45
36 19
13 17
22 25
15 15
60 50
9 8
208 272
24 24
26 42
43 67
7 7
222 233
13 12
4 5
24 13
12 6
10 12
180 181
22 18
158 227
5 7
77 52
216 303
14 31
102 132
34 74
16 14
19 25
167 114
4 5
8 6
7 10
63 79
67 57
5 6
26 33
14 19
63 46
103 86
23 46
115 75
135 250
137 173
48 45
29 35
77 56
103 78
9 7
192 235
4 3
83 83
25 36
234 136
102 119
156 164
100 152
6 8
14 14
14 12
7 7
79 67
5 5
130 67
28 52
72 56
40 29
80 87
20 13
215 160
126 130
63 39
54 39
7 16
44 46
7 5
27 16
13 18
12 9
224 171
6 7
43 23
33 44
6 4
12 20
18 19
10 15
6 5
18 12
9 9
171 199
30 44
7 10
8 11
6 6
5 3
5 4
147 173
25 30
110 103
152 144
7 12
8 7
144 135
235 201
67 82
86 134
12 11
13 31
47 38
23 26
21 18
132 131
34 17
20 22
10 4
100 126
32 27
9 18
50 46
198 267
6 4
22 14
85 173
6 4
15 11
10 15
11 11
54 40
8 7
5 6
26 46
99 60
5 9
164 143
21 36
21 23
69 88
45 58
80 78
7 8
8 5
19 21
12 18
80 93
136 83
107 63
6 8
6 8
61 102
44 46
32 33
5 7
37 43
8 7
84 89
41 19
164 104
32 42
17 12
60 43
161 129
9 8
31 23
82 66
58 38
29 32
7 7
36 36
182 133
77 88
54 55
42 41
150 197
220 176
19 22
25 20
20 37
78 48
31 37
212 128
137 131
174 149
7 6
19 25
4 4
24 29
29 26
22 26
117 82
11 8
43 41
20 15
5 6
199 144
97 125
186 142
38 56
43 39
27 29
8 6
23 25
101 167
32 32
6 7
77 80
8 11
117 93
12 14
19 21
255 471
52 58
62 62
8 9
10 16
76 127
29 42
75 58
10 7
208 337
23 40
90 220
73 51
129 95
178 103
45 74
135 142
108 123
29 17
143 209
57 69
15 12
133 99
29 40
19 22
30 41
16 12
9 13
8 4
16 9
101 99
71 36
7 6
99 85
28 29
56 43
69 62
18 14
24 14
152 157
13 20
74 78
109 151
4 5
22 14
6 7
5 6
10 7
34 17
21 16
247 192
22 17
21 36
11 11
29 24
11 8
40 105
145 161
15 7
5 4
5 7
8 7
9 9
120 119
114 126
8 12
14 12
8 17
77 78
22 23
69 102
8 10
235 205
12 10
15 13
224 247
187 257
79 155
22 16
10 4
41 40
72 107
251 490
44 32
70 45
178 134
28 53
224 298
15 24
11 15
41 47
10 7
25 30
22 29
225 312
9 9
10 17
8 6
5 3
31 39
11 5
89 120
35 22
4 5
84 111
11 26
15 10
68 73
19 17
120 175
8 6
7 5
174 206
110 141
190 174
5 5
5 5
88 97
11 23
29 19
85 121
146 251
101 168
14 16
44 27
16 21
7 4
14 24
213 183
256 270
30 28
21 13
251 208
24 29
12 10
187 198
235 237
78 62
210 184
19 32
4 6
8 7
204 251
14 9
4 5
148 177
7 5
5 7
105 198
5 4
5 5
56 62
18 14
122 96
6 7
155 96
49 42
6 5
4 3
15 18
188 351
179 368
48 42
25 25
4 3
190 144
42 47
12 30
33 50
97 71
13 13
18 15
114 103
241 370
19 21
105 63
14 9
57 45
6 6
6 5
24 51
38 54
10 11
199 275
40 31
9 6
7 6
116 118
223 202
13 10
36 62
44 26
5 4
52 57
25 24
5 6
31 28
23 16
221 335
20 15
9 6
223 235
7 16
53 112
130 117
5 5
14 31
47 31
16 9
44 72
12 15
5 5
7 6
256 241
132 103
147 172
109 99
94 74
42 24
5 5
21 20
4 8
212 381
198 134
45 30
159 235
97 84
54 57
28 39
37 37
70 108
10 25
184 191
16 18
11 10
16 19
30 44
28 34
55 53
244 715
21 18
9 7
15 7
13 9
40 32
35 45
20 16
9 6
89 108
16 19
90 129
6 8
104 110
5 5
7 4
80 94
20 11
18 25
15 15
46 42
210 144
247 344
5 4
254 212
13 15
24 38
21 31
204 149
28 24
32 25
68 55
4 5
39 57
15 20
143 176
19 17
21 10
5 3
10 7
6 6
74 68
106 152
13 13
23 12
8 7
99 122
79 112
75 112
24 13
41 46
39 40
217 242
4 6
14 12
31 31
11 5
92 79
11 17
41 39
10 8
30 40
64 109
4 6
8 9
15 15
184 152
8 8
6 5
6 9
6 4
8 5
95 107
7 8
36 69
14 20
15 12
5 11
38 55
19 31
19 16
226 149
8 7
8 7
66 47
30 33
29 22
15 26
21 14
6 5
95 91
59 58
15 21
27 34
8 12
19 15
23 27
35 38
56 32
5 7
166 133
58 74
18 40
60 48
153 107
13 13
10 18
157 112
6 5
36 31
122 104
54 79
16 10
11 11
46 58
7 5
17 34
9 6
16 16
19 21
29 21
39 29
212 230
54 26
12 11
4 3
17 20
28 23
57 62
57 106
20 25
92 99
53 60
88 117
35 32
6 7
32 22
26 31
24 22
21 18
45 28
59 57
65 69
30 43
35 31
30 34
17 27
6 6
49 92
105 143
23 15
35 28
68 79
114 174
23 17
15 17
14 23
207 302
32 45
8 7
8 8
37 41
130 108
50 37
40 26
178 217
48 38
56 45
7 6
9 12
19 18
14 17
13 10
7 9
4 6
157 193
44 20
138 249
58 57
12 13
24 27
30 38
7 6
137 121
6 7
48 41
14 12
17 20
137 170
18 15
64 50
19 11
118 115
5 6
250 156
88 140
8 5
26 32
233 168
7 4
7 7
35 81
16 20
28 52
12 13
94 110
42 52
104 52
40 30
26 29
16 13
241 155
59 79
8 7
101 143
9 14
44 72
203 282
37 31
48 48
8 9
55 61
32 36
128 150
12 7
7 10
114 95
30 33
50 44
47 73
19 41
8 6
25 14
50 43
8 10
59 97
7 5
197 263
11 12
6 3
37 41
5 6
195 144
10 15
128 174
24 30
52 77
186 113
7 11
6 6
7 4
31 35
11 12
14 11
60 49
7 9
20 11
10 8
9 7
42 53
10 5
87 84
39 25
38 41
170 120
45 57
12 7
109 130
9 7
29 37
19 28
44 53
248 245
79 81
48 32
110 147
5 5
14 17
87 142
183 415
20 44
27 14
212 142
253 170
37 47
40 54
5 10
10 15
58 51
76 69
9 13
219 189
33 36
106 128
10 14
8 6
14 30
4 6
160 179
80 83
4 9
212 173
74 81
16 33
72 52
82 72
9 9
110 95
137 103
5 5
5 6
123 177
171 141
7 7
175 139
23 28
48 47
81 134
53 56
150 148
202 275
7 6
43 17
15 21
63 78
142 101
93 84
16 11
28 24
128 177
5 4
43 35
72 96
15 16
57 74
17 11
4 7
12 15
223 166
58 44
12 11
5 5
14 7
25 17
35 37
48 71
4 3
27 46
43 65
9 5
41 49
23 31
73 53
8 8
5 6
36 39
30 27
6 6
49 28
191 137
7 11
18 37
56 73
4 3
85 172
84 63
24 17
105 130
68 92
10 13
16 13
127 141
126 131
46 37
93 78
198 227
140 70
7 4
72 75
218 187
67 157
200 199
182 118
90 89
17 15
36 48
5 5
22 17
6 4
28 31
7 8
4 4
67 38
10 9
121 82
14 12
101 103
108 106
18 17
48 62
40 41
8 6
84 68
136 93
4 7
15 29
10 14
102 132
6 10
37 38
39 55
4 8
69 73
7 5
31 37
197 146
21 30
133 145
98 121
98 65
72 129
165 123
68 38
10 10
53 73
17 11
20 17
88 61
120 125
38 56
70 54
109 91
14 14
8 14
12 18
47 62
34 36
16 10
9 6
21 25
138 112
25 12
232 274
203 276
5 6
5 6
36 31
91 58
18 16
58 69
36 31
17 25
12 7
63 63
99 139
66 35
10 22
53 61
64 80
14 13
28 21
128 146
5 3
12 11
43 35
19 32
75 83
4 4
24 15
231 156
11 12
9 7
9 8
11 15
141 182
6 3
6 8
16 9
4 8
17 17
24 32
8 7
57 72
36 52
165 185
10 9
94 85
24 27
8 6
48 32
6 7
27 18
182 132
28 30
33 23
12 9
64 81
157 143
17 18
14 29
5 6
41 36
10 9
25 19
137 123
220 171
70 56
10 9
30 30
10 14
6 5
159 191
10 9
63 51
12 11
103 90
71 58
27 20
203 159
30 55
61 44
5 5
6 5
255 304
72 62
189 230
12 9
6 6
68 89
17 9
27 18
42 36
15 21
53 78
185 202
21 20
77 111
8 6
13 13
120 98
54 39
30 17
6 5
14 12
169 120
5 6
115 83
33 26
123 196
43 80
19 15
49 54
31 47
33 37
103 79
10 5
56 53
81 103
236 282
21 20
26 77
32 44
30 13
20 28
106 115
44 26
21 39
5 8
101 62
77 34
10 6
114 124
25 17
17 21
37 26
54 89
21 26
7 8
8 12
171 215
37 44
10 10
45 102
44 36
7 3
12 12
5 3
11 9
114 118
242 249
25 27
127 207
19 30
35 24
12 7
6 4
35 35
251 394
141 80
72 111
9 5
37 68
6 7
5 5
253 192
6 9
6 9
45 68
12 23
224 251
51 55
43 40
5 7
7 5
203 196
74 95
22 33
188 207
6 6
40 71
18 18
44 98
20 15
140 229
27 44
13 15
158 185
14 20
10 7
25 31
13 16
13 17
29 34
24 33
10 14
5 6
9 15
29 24
167 142
27 30
217 269
66 105
10 18
59 73
106 61
146 158
39 62
16 37
42 43
27 35
156 132
12 8
4 4
146 262
10 8
82 140
254 342
147 93
44 29
61 49
26 18
6 5
9 13
40 49
47 32
30 27
15 27
236 202
5 5
63 86
256 369
61 46
66 114
48 120
75 68
21 19
13 11
89 84
11 11
61 61
24 16
226 224
86 84
11 7
79 57
10 6
16 16
81 49
159 191
10 8
6 11
11 15
18 29
37 32
9 8
85 70
47 56
5 5
104 312
142 156
95 74
47 63
30 32
61 76
37 57
153 166
164 147
34 45
26 37
7 8
9 9
29 15
21 17
71 78
17 10
15 18
15 12
237 301
19 19
195 333
46 65
38 40
9 13
105 117
137 126
7 8
39 25
72 185
29 26
5 6
19 20
10 14
33 59
137 103
102 101
208 192
7 7
10 7
9 11
34 27
17 15
6 7
14 11
22 30
19 24
9 8
197 112
4 5
16 17
7 4
26 27
6 7
121 80
189 205
21 12
50 55
176 243
37 42
248 258
7 7
6 7
6 6
108 85
20 21
5 2
5 8
46 42
56 35
156 208
89 193
34 28
9 9
9 13
16 22
18 20
167 233
16 13
11 18
75 107
4 8
27 32
27 19
24 34
105 45
7 5
31 22
5 5
63 65
7 5
4 7
109 157
27 16
10 10
4 5
95 63
20 40
13 16
28 12
10 9
22 22
8 7
117 171
19 19
88 96
7 7
29 42
13 12
101 159
99 92
5 6
155 166
20 13
34 31
51 112
19 21
132 166
14 16
103 98
12 11
44 51
153 129
36 36
10 14
6 3
11 8
211 206
44 49
19 15
49 54
5 5
80 152
153 163
36 33
95 93
106 117
21 26
4 4
11 15
159 142
53 70
56 44
43 45
10 9
101 76
21 36
255 181
68 41
10 32
8 10
12 12
64 77
28 27
9 14
18 19
53 71
28 21
48 55
149 147
8 23
77 66
47 80
4 9
52 42
15 18
237 288
87 82
187 204
161 177
107 94
5 4
4 3
75 77
5 7
13 14
28 30
5 3
6 2
10 14
36 37
47 21
16 23
67 43
6 10
10 11
197 259
111 74
194 277
4 4
10 13
11 14
20 38
23 20
4 3
26 38
148 125
39 40
17 21
8 16
10 15
97 67
5 2
10 12
108 66
45 52
82 135
17 25
106 144
13 15
9 12
217 409
4 3
25 17
44 39
207 260
186 340
62 75
152 205
11 13
88 102
147 205
10 8
24 18
168 264
160 103
27 28
59 67
10 7
9 10
180 180
35 45
6 6
24 17
108 109
10 6
94 120
236 387
165 152
199 194
52 22
10 11
13 26
205 314
6 8
62 52
9 6
198 232
103 122
24 23
76 55
141 150
14 12
10 14
25 27
5 4
7 6
4 3
58 39
82 74
39 53
23 27
27 46
4 7
20 14
46 41
193 110
54 31
17 26
22 16
91 75
196 261
60 37
63 80
48 41
138 124
14 16
26 27
8 9
8 10
16 21
108 104
180 524
7 11
107 171
16 11
76 55
13 17
243 305
101 104
22 23
22 26
44 27
22 18
6 6
20 14
7 11
98 93
26 32
54 98
48 39
5 9
17 24
143 213
138 161
5 3
5 6
76 66
14 9
13 12
29 34
207 182
9 6
228 185
40 66
216 139
22 16
8 8
6 9
20 17
5 6
5 5
22 38
226 256
243 224
82 122
16 14
194 156
4 3
99 90
251 191
10 6
34 51
199 122
35 24
168 159
7 6
12 10
7 12
24 26
35 34
193 175
7 4
6 5
4 1
222 280
230 360
5 5
14 23
15 20
247 178
88 89
187 225
7 6
151 188
102 84
4 4
224 310
8 3
70 45
33 31
8 7
6 7
38 53
21 19
11 12
10 8
52 53
4 5
103 123
6 7
45 32
193 154
61 49
31 26
177 230
15 13
29 47
248 789
18 23
78 96
167 109
120 53
203 183
70 120
61 78
84 60
57 34
4 4
168 197
23 16
19 16
27 22
157 195
89 77
41 49
16 29
76 105
7 11
65 40
247 346
14 22
221 184
15 15
21 24
17 16
72 71
31 18
6 9
9 5
73 45
7 7
95 93
5 5
62 76
255 145
11 18
140 108
55 75
90 125
13 14
84 70
9 4
17 11
222 165
5 6
59 67
131 114
12 10
6 4
20 33
10 15
53 48
63 47
14 18
34 41
61 125
26 13
72 74
204 255
6 10
207 396
21 20
10 7
249 204
123 132
82 83
19 24
9 7
8 11
64 36
8 5
9 6
9 6
20 12
9 6
64 103
7 4
208 238
63 52
5 4
8 12
5 7
133 116
86 126
122 138
29 31
96 70
39 38
14 12
123 166
73 57
18 29
7 6
126 140
118 126
7 5
18 11
9 5
13 25
7 5
54 40
39 28
29 17
60 154
5 3
14 9
22 21
25 26
4 5
41 39
7 5
50 51
132 236
31 33
11 25
5 7
217 291
23 16
17 10
6 6
20 25
195 127
35 43
58 66
45 76
180 137
9 9
28 24
33 24
94 89
72 56
53 41
6 3
9 15
42 108
52 50
213 265
5 8
33 24
227 313
166 193
212 332
244 167
14 14
218 190
25 24
71 50
17 22
186 122
38 79
27 30
104 86
14 22
17 21
18 21
7 6
37 26
6 6
72 27
21 11
13 9
9 8
6 10
7 7
20 24
4 5
14 16
17 15
90 118
125 165
17 22
56 47
26 18
31 20
54 80
13 15
5 6
90 78
52 37
184 301
32 23
44 40
25 31
89 66
51 84
191 132
12 9
4 4
4 5
46 32
30 34
11 12
43 22
37 69
58 63
19 21
161 176
68 104
9 9
171 276
28 25
56 53
133 108
8 7
18 32
6 10
62 58
5 5
7 8
36 24
196 147
35 36
39 48
12 6
19 26
193 159
51 39
242 294
79 51
10 12
209 135
16 22
125 71
22 21
7 10
9 5
9 9
171 213
81 63
162 83
66 57
56 39
69 31
72 70
4 4
67 67
36 26
87 150
70 46
19 23
9 6
68 62
218 227
24 20
131 146
5 4
59 74
77 122
193 151
5 6
126 90
6 9
97 85
83 82
7 4
12 7
20 14
96 162
6 12
42 40
4 3
24 14
32 50
20 9
174 279
248 226
18 26
79 56
19 22
47 57
47 37
253 360
19 23
30 39
9 6
12 15
45 32
140 83
32 58
45 79
254 192
82 52
60 54
5 5
67 50
41 33
40 43
224 174
19 14
4 2
29 36
7 7
9 7
23 16
31 24
19 23
19 25
89 77
249 194
22 25
45 32
78 92
22 16
41 31
203 209
48 33
5 8
127 106
4 6
171 139
114 128
23 19
5 5
11 13
249 295
11 30
79 79
20 27
12 11
4 4
98 73
5 5
57 55
10 13
86 120
10 13
45 60
14 26
88 145
7 7
90 42
38 51
222 172
33 24
173 199
23 22
50 52
87 74
168 225
31 23
64 48
31 36
19 23
35 45
75 107
9 13
77 115
15 8
6 4
37 46
5 7
16 16
102 109
39 19
43 21
183 132
20 23
146 203
9 7
12 25
10 12
112 176
4 6
5 6
191 161
9 17
36 24
29 27
19 9
49 49
6 4
5 4
73 69
64 129
14 13
9 6
21 12
29 45
46 31
52 100
9 14
235 167
64 112
17 21
51 39
193 252
17 11
14 16
21 17
14 14
31 27
207 205
24 35
11 9
4 4
31 100
18 22
13 14
10 12
28 24
113 109
59 43
239 357
247 257
113 143
22 29
9 8
11 21
113 127
228 193
7 6
218 246
36 28
20 16
166 95
17 18
7 8
144 128
116 161
211 253
17 13
5 5
185 327
112 150
26 35
103 167
9 7
14 18
7 13
18 11
191 236
150 181
7 12
9 14
6 4
9 12
17 11
94 82
23 19
146 146
71 90
49 108
77 52
158 156
240 172
167 157
4 4
170 197
18 17
22 26
161 198
7 10
14 27
112 105
189 207
31 46
8 6
81 71
65 79
231 291
10 9
85 96
62 49
5 6
25 23
5 3
124 207
23 38
28 18
14 11
39 74
25 46
5 6
163 84
25 22
17 14
8 5
75 92
14 20
159 141
13 10
84 217
121 150
82 92
200 222
5 4
23 48
5 7
124 102
10 12
58 38
72 43
19 10
16 9
33 32
4 2
97 102
133 188
197 189
17 14
97 93
5 2
6 6
246 241
175 191
12 8
17 22
46 32
107 101
46 30
81 66
73 50
130 94
126 75
45 46
22 29
81 57
41 24
5 7
14 16
21 23
49 62
16 20
112 69
154 168
23 19
109 96
46 55
7 11
7 7
110 60
5 9
9 12
42 45
47 81
13 30
236 184
51 64
217 380
11 8
23 40
172 247
25 30
30 40
15 13
31 31
8 9
144 140
152 196
21 22
33 24
26 18
148 67
105 93
8 6
20 12
78 82
200 130
7 5
31 30
135 177
45 32
103 81
41 29
106 62
19 16
46 35
57 48
5 4
17 15
17 14
13 9
99 98
8 15
7 6
39 37
198 209
84 68
241 315
43 81
40 63
113 156
85 61
36 30
12 21
30 21
80 34
7 5
39 61
83 57
54 53
24 38
42 65
66 39
82 79
207 160
106 91
97 75
17 15
9 6
6 4
60 41
137 212
21 14
6 5
7 4
8 8
54 53
13 12
201 178
10 10
47 47
47 72
68 61
7 9
43 36
82 87
243 194
56 61
31 28
204 159
173 117
21 10
43 45
4 4
5 4
8 7
23 27
123 107
222 265
66 96
219 216
14 18
5 4
97 73
9 14
167 170
9 12
15 15
17 18
57 71
8 3
134 146
52 66
7 9
39 65
199 162
160 145
5 6
14 9
21 15
4 4
42 38
33 111
239 132
96 50
20 14
35 24
95 170
5 11
74 86
147 151
4 5
36 83
44 46
30 22
8 13
72 81
135 227
6 7
167 158
13 17
11 10
55 49
44 35
80 29
11 11
88 44
28 33
28 30
19 19
18 25
168 138
6 5
32 26
105 86
6 9
7 9
9 7
4 3
6 8
22 15
45 47
179 224
23 45
11 15
107 87
23 43
10 15
17 14
5 4
41 34
157 109
5 5
155 60
5 4
18 13
108 122
6 5
28 30
196 219
125 104
175 240
6 6
147 89
65 60
32 26
8 6
7 6
242 141
26 27
7 7
31 26
4 3
17 14
34 51
13 11
37 22
79 44
6 9
48 61
62 28
122 175
27 48
34 45
50 40
7 9
179 92
35 34
8 9
71 61
17 19
36 35
20 25
22 17
12 14
143 196
7 7
5 9
21 16
12 19
126 179
105 74
31 25
9 10
65 63
221 202
133 172
67 92
7 10
112 79
118 269
30 30
49 42
96 108
5 9
20 27
48 35
144 188
72 80
63 126
101 75
13 7
7 10
7 6
38 44
7 4
152 201
210 213
35 27
66 39
17 9
23 27
163 167
85 62
61 48
246 144
36 51
30 37
181 80
126 97
85 59
5 4
87 57
18 17
21 28
26 39
37 104
9 8
81 72
17 25
153 206
8 13
82 97
72 60
5 5
135 104
60 45
229 369
8 10
84 124
4 3
10 8
15 15
140 142
20 22
51 60
98 135
10 8
25 25
49 50
6 6
155 164
40 32
8 6
9 10
14 10
152 84
6 8
20 13
15 19
2 0
4 0
0 19
0 24
0 1 0
1 27 158
0 19 21
0 1 0
1 37 482
3 0 3
0 1 0
0 9 12
0 9 12
0 1 0
2 0 10
0 24 24
0 1 0
0 24 28
1 45 319
0 1 0
0 36 21
1 50 538
0 1 0
1 3 22
1 9 47
0 1 0
0 7 8
3 0 9
0 1 0
0 5 5
0 40 38
0 1 0
0 21 30
1 18 157
0 1 0
0 6 3
1 44 509
0 1 0
0 13 6
4 0 560
0 1 0
3 0 8
1 38 324
0 1 0
3 0 10
0 32 31
0 1 0
0 27 27
0 49 64
0 1 0
1 7 66
0 13 14
0 1 0
0 5 5
0 36 1
0 1 0
0 18 24
0 25 28
0 1 0
0 11 10
2 0 10
0 1 0
1 18 182
2 0 3
0 1 0
1 9 42
0 50 57
0 1 0
0 46 35
0 13 15
0 1 0
0 19 23
3 0 4
0 1 0
3 0 6
0 8 7
0 1 0
4 0 215
0 46 20
0 1 0
0 47 65
0 29 24
0 1 0
3 0 4
3 0 10
0 1 0
0 14 6
0 41 16
0 1 0
1 32 269
1 33 303
0 1 0
3 0 6
0 12 16
0 1 0
0 38 44
2 0 9
0 1 0
3 0 0
0 17 16
0 1 0
0 18 22
0 35 42
0 1 0
0 3 4
1 17 66
0 1 0
0 4 5
3 0 8
0 1 0
1 9 53
0 23 25
0 1 0
2 0 4
4 0 451
0 1 0
0 6 6
0 1 1
0 1 0
0 45 85
0 13 13
0 1 0
0 6 7
1 25 17
0 1 0
0 42 72
0 11 7
0 1 0
0 5 6
0 17 17
0 1 0
0 24 32
0 48 41
0 1 0
0 11 10
1 15 98
0 1 0
0 38 32
3 0 8
0 1 0
0 37 36
0 8 10
0 1 0
0 40 34
2 0 8
0 1 0
4 0 578
1 25 222
0 1 0
2 0 1
0 18 14
0 1 0
2 0 10
0 26 35
0 1 0
0 14 15
4 0 373
0 1 0
0 29 41
4 0 423
0 1 0
1 25 159
3 0 2
0 1 0
0 35 36
0 18 25
0 1 0
0 26 33
1 30 297
0 1 0
0 16 14
0 50 35
0 1 0
1 12 115
0 38 47
0 1 0
2 0 0
0 1 1
0 1 0
0 3 6
0 16 25
0 1 0
0 23 16
0 6 7
0 1 0
3 0 9
0 7 8
0 1 0
0 13 14
3 0 5
0 1 0
3 0 4
3 0 0
0 1 0
0 19 17
0 33 38
0 1 0
0 2 2
0 32 35
0 1 0
1 26 167
2 0 1
0 1 0
0 9 12
0 44 58
0 1 0
0 24 31
0 18 19
0 1 0
0 6 4
0 11 7
0 1 0
0 6 6
0 25 35
0 1 0
0 22 26
0 32 36
0 1 0
2 0 7
0 27 18
0 1 0
0 3 1
1 21 207
0 1 0
4 0 504
0 27 36
0 1 0
0 11 6
0 45 35
0 1 0
0 1 1
3 0 7
0 1 0
3 0 7
3 0 5
0 1 0
0 15 15
4 0 268
0 1 0
0 34 32
1 34 167
0 1 0
0 23 25
0 6 4
0 1 0
2 0 6
0 15 17
0 1 0
0 50 59
0 4 3
0 1 0
1 44 539
4 0 542
0 1 0
4 0 564
0 5 4
0 1 0
0 35 7
3 0 0
0 1 0
0 23 18
0 44 52
0 1 0
0 30 31
0 50 55
0 1 0
2 0 4
0 49 33
0 1 0
0 41 72
3 0 0
0 1 0
4 0 294
0 9 11
0 1 0
0 16 21
3 0 3
0 1 0
0 21 23
2 0 5
0 1 0
4 0 547
4 0 791
0 1 0
0 33 35
4 0 345
0 1 0
2 0 8
3 0 9
0 1 0
2 0 9
0 48 33
0 1 0
0 29 14
0 10 7
0 1 0
2 0 7
2 0 9
0 1 0
1 9 63
3 0 0
0 1 0
0 17 20
0 47 79
0 1 0
0 3 3
0 43 37
0 1 0
1 48 254
0 25 20
0 1 0
3 0 0
1 26 44
0 1 0
0 39 43
0 20 25
0 1 0
0 28 39
1 19 139
0 1 0
4 0 633
0 21 24
0 1 0
0 35 44
2 0 7
0 1 0
4 0 509
0 46 69
0 1 0
1 40 411
3 0 4
0 1 0
0 45 67
3 0 4
0 1 0
2 0 6
2 0 4
0 1 0
3 0 5
2 0 0
0 1 0
1 48 361
2 0 4
0 1 0
0 22 8
1 34 178
0 1 0
0 25 20
4 0 708
0 1 0
2 0 4
0 16 22
0 1 0
0 29 30
0 19 14
0 1 0
4 0 960
2 0 1
0 1 0
0 8 6
0 21 23
0 1 0
0 8 11
4 0 673
0 1 0
3 0 8
2 0 0
0 1 0
3 0 3
2 0 8
0 1 0
4 0 695
0 40 48
0 1 0
0 3 2
1 43 404
0 1 0
0 31 36
4 0 875
0 1 0
0 9 6
0 32 48
0 1 0
4 0 907
0 46 32
0 1 0
1 40 383
0 24 27
0 1 0
0 33 44
4 0 828
0 1 0
4 0 912
3 0 6
0 1 0
0 41 37
0 36 50
0 1 0
0 1 1
0 46 44
0 1 0
0 33 21
1 19 98
0 1 0
0 31 19
1 29 363
0 1 0
2 0 2
3 0 10
0 1 0
0 18 9
0 26 21
0 1 0
3 0 10
0 4 5
0 1 0
3 0 10
1 35 264
0 1 0
0 45 34
0 14 10
0 1 0
1 11 111
0 50 65
0 1 0
3 0 9
4 0 211
0 1 0
0 7 7
4 0 804
0 1 0
1 19 103
2 0 0
0 1 0
1 40 143
0 1 1
0 1 0
0 32 38
1 18 173
0 1 0
1 2 24
1 47 383
0 1 0
0 34 25
0 48 89
0 1 0
0 3 2
0 15 15
0 1 0
2 0 5
1 12 100
0 1 0
3 0 0
1 16 135
0 1 0
2 0 1
4 0 442
0 1 0
0 35 37
0 23 18
0 1 0
3 0 8
0 36 38
0 1 0
2 0 5
0 43 47
0 1 0
4 0 680
4 0 368
0 1 0
0 35 11
4 0 850
0 1 0
1 18 183
0 21 22
0 1 0
3 0 7
1 36 207
0 1 0
2 0 0
0 42 46
0 1 0
1 43 247
2 0 2
0 1 0
3 0 4
4 0 966
0 1 0
0 31 21
1 33 243
0 1 0
4 0 817
0 46 39
0 1 0
0 41 56
0 2 3
0 1 0
2 0 8
0 6 3
0 1 0
0 4 1
1 18 165
0 1 0
3 0 1
4 0 249
0 1 0
2 0 1
0 8 7
0 1 0
0 14 11
0 47 63
0 1 0
0 29 35
2 0 0
0 1 0
3 0 2
3 0 8
0 1 0
0 37 48
4 0 380
0 1 0
4 0 691
1 44 415
0 1 0
1 25 221
2 0 0
0 1 0
0 40 42
0 46 49
0 1 0
0 45 48
0 17 13
0 1 0
0 39 39
1 26 225
0 1 0
3 0 1
0 43 56
0 1 0
3 0 2
4 0 567
0 1 0
3 0 7
3 0 1
0 1 0
0 17 31
0 44 56
0 1 0
0 49 52
0 20 14
0 1 0
3 0 2
0 24 12
0 1 0
1 11 84
0 23 27
0 1 0
1 50 230
0 10 11
0 1 0
4 0 997
0 33 31
0 1 0
0 40 6
0 15 8
0 1 0
0 40 39
0 8 7
0 1 0
0 35 32
0 28 28
0 1 0
1 30 249
0 27 28
0 1 0
0 37 25
3 0 0
0 1 0
1 4 14
0 32 34
0 1 0
2 0 8
0 6 5
0 1 0
0 9 5
0 25 18
0 1 0
3 0 9
1 49 490
0 1 0
0 18 8
0 16 20
0 1 0
0 16 12
1 31 308
0 1 0
0 28 11
0 14 12
0 1 0
0 23 25
4 0 501
0 1 0
0 21 15
1 11 118
0 1 0
3 0 0
0 32 30
0 1 0
0 38 58
0 16 15
0 1 0
0 3 3
4 0 998
0 1 0
0 15 15
2 0 6
0 1 0
0 38 40
3 0 7
0 1 0
0 24 16
1 11 112
0 1 0
0 2 1
3 0 6
0 1 0
4 0 630
0 44 35
0 1 0
3 0 7
0 41 55
0 1 0
0 14 9
3 0 10
0 1 0
3 0 9
0 10 10
0 1 0
1 25 202
0 43 30
0 1 0
0 31 37
0 24 32
0 1 0
0 46 62
0 17 22
0 1 0
0 38 32
0 12 14
0 1 0
1 7 32
0 34 19
0 1 0
3 0 2
0 4 5
0 1 0
1 19 118
3 0 2
0 1 0
0 7 8
0 10 4
0 1 0
2 0 8
4 0 865
0 1 0
3 0 2
2 0 0
0 1 0
1 19 57
3 0 0
0 1 0
0 40 53
3 0 2
0 1 0
0 30 19
4 0 687
0 1 0
0 6 7
0 42 51
0 1 0
3 0 9
3 0 3
0 1 0
0 12 9
1 27 79
0 1 0
0 39 50
1 10 75
0 1 0
0 50 63
0 43 55
0 1 0
0 31 33
0 9 1
0 1 0
2 0 5
2 0 4
0 1 0
0 32 47
0 3 2
0 1 0
1 18 114
2 0 8
0 1 0
0 45 20
1 5 38
0 1 0
0 42 47
2 0 5
0 1 0
3 0 8
3 0 7
0 1 0
0 39 34
0 13 13
0 1 0
1 30 278
2 0 0
0 1 0
0 42 31
2 0 5
0 1 0
0 13 11
1 32 207
0 1 0
0 50 24
4 0 546
0 1 0
0 28 24
0 47 28
0 1 0
1 49 341
1 4 35
0 1 0
0 10 15
2 0 8
0 1 0
0 23 26
1 48 616
0 1 0
0 4 3
2 0 8
0 1 0
1 9 52
0 45 42
0 1 0
0 4 6
2 0 9
0 1 0
0 14 14
0 14 20
0 1 0
0 30 25
1 13 148
0 1 0
0 39 27
2 0 6
0 1 0
2 0 5
0 35 36
0 1 0
4 0 357
2 0 0
0 1 0
0 31 26
3 0 6
0 1 0
0 32 27
0 39 52
0 1 0
0 37 63
0 40 42
0 1 0
1 6 55
0 7 9
0 1 0
0 18 23
0 12 18
0 1 0
2 0 5
1 16 57
0 1 0
1 50 413
0 38 58
0 1 0
1 9 46
0 38 22
0 1 0
0 3 3
0 15 20
0 1 0
0 21 12
1 31 187
0 1 0
0 36 41
3 0 5
0 1 0
0 29 30
0 44 43
0 1 0
1 46 435
1 7 40
0 1 0
1 39 447
0 39 51
0 1 0
2 0 6
4 0 668
0 1 0
3 0 5
3 0 9
0 1 0
2 0 4
1 26 226
0 1 0
2 0 4
1 48 339
0 1 0
0 37 49
0 42 40
0 1 0
0 25 19
3 0 0
0 1 0
0 36 35
3 0 8
0 1 0
3 0 8
3 0 6
0 1 0
0 37 60
1 12 88
0 1 0
4 0 370
3 0 10
0 1 0
0 11 23
1 36 133
0 1 0
2 0 2
2 0 9
0 1 0
2 0 1
0 1 1
0 1 0
0 30 30
1 21 121
0 1 0
3 0 5
0 15 20
0 1 0
1 13 107
1 1 11
0 1 0
0 29 27
0 8 10
0 1 0
0 13 13
0 18 10
0 1 0
1 47 410
2 0 2
0 1 0
3 0 1
2 0 4
0 1 0
0 17 20
0 24 25
0 1 0
0 40 66
0 29 28
0 1 0
4 0 500
3 0 0
0 1 0
3 0 7
4 0 459
0 1 0
0 21 13
0 20 20
0 1 0
0 37 49
3 0 2
0 1 0
2 0 8
0 1 1
0 1 0
0 22 29
2 0 10
0 1 0
0 49 36
0 30 21
0 1 0
0 21 21
0 3 2
0 1 0
0 31 17
1 29 226
0 1 0
4 0 992
2 0 3
0 1 0
0 40 43
0 22 37
0 1 0
3 0 8
0 39 28
0 1 0
0 25 26
2 0 10
0 1 0
4 0 891
3 0 8
0 1 0
0 24 24
3 0 4
0 1 0
2 0 8
0 2 1
0 1 0
0 2 3
0 34 57
0 1 0
0 42 9
0 6 4
0 1 0
0 48 53
0 24 23
0 1 0
0 30 36
0 28 32
0 1 0
1 32 279
3 0 8
0 1 0
0 35 29
0 32 41
0 1 0
4 0 293
0 20 18
0 1 0
0 16 8
0 11 9
0 1 0
1 15 84
0 17 15
0 1 0
0 29 17
0 5 6
0 1 0
0 23 23
1 23 141
0 1 0
0 12 6
0 2 1
0 1 0
0 8 13
0 41 40
0 1 0
1 23 140
0 13 15
0 1 0
0 25 17
0 29 15
0 1 0
2 0 1
1 37 400
0 1 0
2 0 1
3 0 4
0 1 0
2 0 5
2 0 8
0 1 0
3 0 7
0 22 21
0 1 0
4 0 888
0 41 22
0 1 0
2 0 4
1 14 141
0 1 0
0 36 34
3 0 1
0 1 0
0 26 23
1 24 273
0 1 0
1 47 384
0 43 45
0 1 0
4 0 515
4 0 201
0 1 0
0 37 46
3 0 10
0 1 0
0 28 24
1 36 274
0 1 0
3 0 9
2 0 5
0 1 0
0 16 20
2 0 10
0 1 0
0 38 21
0 26 36
0 1 0
1 17 125
0 41 47
0 1 0
0 2 3
3 0 7
0 1 0
3 0 7
0 6 6
0 1 0
2 0 1
3 0 4
0 1 0
0 3 3
2 0 7
0 1 0
4 0 528
1 2 19
0 1 0
1 28 169
0 34 46
0 1 0
0 34 50
0 44 26
0 1 0
3 0 5
1 3 28
0 1 0
0 5 4
0 46 51
0 1 0
3 0 6
0 49 52
0 1 0
1 17 198
2 0 7
0 1 0
0 21 22
0 22 27
0 1 0
0 26 25
3 0 9
0 1 0
1 48 387
0 38 49
0 1 0
0 21 20
2 0 8
0 1 0
0 11 11
0 17 17
0 1 0
4 0 623
2 0 10
0 1 0
0 7 10
1 36 229
0 1 0
3 0 1
2 0 9
0 1 0
0 42 61
2 0 3
0 1 0
1 34 218
0 16 13
0 1 0
1 17 96
0 28 15
0 1 0
0 48 52
0 22 22
0 1 0
4 0 805
4 0 303
0 1 0
0 12 9
0 50 83
0 1 0
0 8 7
0 45 45
0 1 0
0 46 66
0 3 3
0 1 0
4 0 875
4 0 343
0 1 0
3 0 1
1 5 75
0 1 0
2 0 4
0 15 9
0 1 0
2 0 9
3 0 8
0 1 0
1 9 89
0 16 18
0 1 0
0 32 29
4 0 381
0 1 0
0 20 9
0 32 38
0 1 0
0 45 33
0 16 19
0 1 0
3 0 2
4 0 1000
0 1 0
2 0 4
1 46 589
0 1 0
0 39 57
0 2 3
0 1 0
0 43 47
2 0 7
0 1 0
0 23 31
0 49 39
0 1 0
2 0 3
1 30 166
0 1 0
0 6 7
1 46 243
0 1 0
1 20 172
4 0 669
0 1 0
0 1 1
3 0 9
0 1 0
0 42 48
0 37 52
0 1 0
0 32 29
2 0 4
0 1 0
4 0 899
1 30 354
0 1 0
3 0 7
3 0 8
0 1 0
0 26 29
3 0 5
0 1 0
0 14 15
0 40 66
0 1 0
0 26 30
0 49 54
0 1 0
1 49 417
3 0 3
0 1 0
0 3 3
0 2 3
0 1 0
4 0 581
2 0 2
0 1 0
4 0 590
2 0 3
0 1 0
0 28 16
0 20 20
0 1 0
4 0 390
3 0 10
0 1 0
1 27 390
0 10 21
0 1 0
0 40 34
0 45 23
0 1 0
2 0 10
0 7 4
0 1 0
4 0 862
3 0 6
0 1 0
3 0 8
4 0 509
0 1 0
0 28 33
0 14 15
0 1 0
0 16 12
2 0 1
0 1 0
0 15 19
0 45 36
0 1 0
0 43 67
0 10 9
0 1 0
0 8 9
0 24 52
0 1 0
0 27 40
3 0 7
0 1 0
0 27 36
1 45 238
0 1 0
1 49 181
3 0 5
0 1 0
4 0 210
1 33 307
0 1 0
0 22 11
0 19 17
0 1 0
0 9 13
1 34 185
0 1 0
4 0 222
2 0 0
0 1 0
3 0 8
2 0 0
0 1 0
3 0 10
0 6 10
0 1 0
2 0 10
3 0 9
0 1 0
2 0 5
0 11 11
0 1 0
0 50 33
3 0 4
0 1 0
0 17 29
1 27 283
0 1 0
2 0 8
0 39 35
0 1 0
2 0 7
2 0 8
0 1 0
1 37 254
4 0 463
0 1 0
1 34 323
2 0 0
0 1 0
3 0 9
1 19 198
0 1 0
0 8 7
0 8 4
0 1 0
0 33 41
0 37 37
0 1 0
2 0 7
0 31 42
0 1 0
1 12 129
0 2 1
0 1 0
1 27 399
0 11 11
0 1 0
4 0 654
0 50 50
0 1 0
3 0 1
0 49 47
0 1 0
0 40 38
3 0 1
0 1 0
0 36 39
4 0 788
0 1 0
0 27 54
0 47 21
0 1 0
0 5 9
1 39 300
0 1 0
2 0 0
2 0 4
0 1 0
1 17 175
0 50 70
0 1 0
2 0 1
0 8 8
0 1 0
4 0 977
3 0 5
0 1 0
0 15 13
3 0 0
0 1 0
2 0 2
4 0 786
0 1 0
2 0 9
0 40 46
0 1 0
0 24 23
4 0 649
0 1 0
2 0 4
1 46 302
0 1 0
0 28 14
0 6 7
0 1 0
4 0 680
4 0 588
0 1 0
1 45 345
0 8 14
0 1 0
3 0 5
0 26 23
0 1 0
0 15 13
3 0 7
0 1 0
4 0 740
2 0 0
0 1 0
4 0 959
1 43 257
0 1 0
0 29 24
0 47 50
0 1 0
1 33 182
0 45 9
0 1 0
3 0 6
0 36 32
0 1 0
1 27 219
4 0 772
0 1 0
0 9 12
2 0 6
0 1 0
0 19 22
0 18 15
0 1 0
0 33 27
0 37 31
0 1 0
1 38 237
2 0 5
0 1 0
0 9 8
0 7 6
0 1 0
4 0 644
3 0 0
0 1 0
0 1 1
4 0 805
0 1 0
0 3 2
0 45 13
0 1 0
0 42 30
4 0 264
0 1 0
3 0 8
2 0 2
0 1 0
1 48 636
0 3 4
0 1 0
2 0 3
4 0 588
0 1 0
0 49 40
0 49 62
0 1 0
0 9 10
0 32 20
0 1 0
1 46 460
3 0 2
0 1 0
0 3 2
2 0 4
0 1 0
3 0 4
1 17 192
0 1 0
0 9 8
1 18 156
0 1 0
3 0 3
0 15 14
0 1 0
3 0 1
0 30 21
0 1 0
0 31 44
0 12 8
0 1 0
0 13 16
0 22 21
0 1 0
1 12 82
1 48 333
0 1 0
3 0 4
1 43 386
0 1 0
0 15 13
0 40 28
0 1 0
0 7 8
0 49 39
0 1 0
0 36 47
1 18 207
0 1 0
0 16 21
0 40 49
0 1 0
1 24 216
0 8 6
0 1 0
2 0 0
0 19 13
0 1 0
2 0 2
0 44 33
0 1 0
3 0 2
0 31 22
0 1 0
0 49 36
4 0 553
0 1 0
0 20 31
3 0 6
0 1 0
0 10 5
0 33 51
0 1 0
0 44 18
0 17 31
0 1 0
0 32 25
2 0 0
0 1 0
3 0 2
0 47 65
0 1 0
0 40 37
0 17 13
0 1 0
0 20 15
2 0 2
0 1 0
2 0 3
0 21 17
0 1 0
2 0 0
1 27 311
0 1 0
1 16 84
2 0 0
0 1 0
0 19 19
4 0 862
0 1 0
0 44 46
2 0 1
0 1 0
0 47 48
2 0 3
0 1 0
1 16 158
3 0 1
0 1 0
0 5 4
1 41 225
0 1 0
0 30 41
3 0 6
0 1 0
3 0 6
3 0 8
0 1 0
0 44 46
3 0 6
0 1 0
2 0 2
0 27 32
0 1 0
0 13 10
0 23 34
0 1 0
1 42 472
0 7 9
0 1 0
0 43 37
0 31 32
0 1 0
1 7 39
1 5 21
0 1 0
0 38 43
0 24 18
0 1 0
3 0 2
0 28 36
0 1 0
0 44 35
0 39 50
0 1 0
1 27 282
0 18 11
0 1 0
1 42 156
2 0 10
0 1 0
0 3 5
0 9 12
0 1 0
0 49 53
0 23 28
0 1 0
4 0 417
0 34 34
0 1 0
0 7 10
0 39 51
0 1 0
0 1 1
4 0 556
0 1 0
1 44 266
0 25 25
0 1 0
3 0 1
2 0 0
0 1 0
0 27 30
0 41 50
0 1 0
0 35 17
0 46 26
0 1 0
0 12 17
0 27 48
0 1 0
0 27 47
1 44 250
0 1 0
1 11 59
3 0 4
0 1 0
0 4 1
0 38 35
0 1 0
0 8 12
0 25 19
0 1 0
1 21 205
2 0 2
0 1 0
0 25 16
1 9 73
0 1 0
0 27 30
0 37 27
0 1 0
1 30 60
0 47 57
0 1 0
0 35 32
0 44 46
0 1 0
0 35 18
2 0 5
0 1 0
3 0 9
0 28 37
0 1 0
2 0 6
0 38 12
0 1 0
0 40 28
3 0 3
0 1 0
0 42 55
1 17 186
0 1 0
0 46 54
3 0 5
0 1 0
0 43 38
0 6 10
0 1 0
0 9 6
0 36 35
0 1 0
2 0 0
0 10 12
0 1 0
1 47 430
3 0 0
0 1 0
3 0 0
0 24 28
0 1 0
0 39 8
0 40 47
0 1 0
0 19 22
3 0 4
0 1 0
4 0 775
0 1 1
0 1 0
4 0 824
0 42 31
0 1 0
1 16 91
0 28 28
0 1 0
0 30 12
0 24 19
0 1 0
0 30 36
0 10 11
0 1 0
0 37 48
1 41 245
0 1 0
0 37 51
3 0 8
0 1 0
0 24 30
0 5 6
0 1 0
2 0 3
4 0 255
0 1 0
3 0 1
2 0 0
0 1 0
0 34 31
4 0 741
0 1 0
0 6 6
0 21 25
0 1 0
0 4 3
2 0 3
0 1 0
3 0 1
0 34 45
0 1 0
0 13 19
0 48 51
0 1 0
1 30 234
3 0 6
0 1 0
3 0 3
1 10 62
0 1 0
3 0 8
0 18 14
0 1 0
4 0 388
0 46 50
0 1 0
0 32 31
0 34 39
0 1 0
3 0 2
3 0 4
0 1 0
0 11 7
3 0 9
0 1 0
0 26 26
2 0 4
0 1 0
0 35 34
0 21 14
0 1 0
1 37 146
0 44 51
0 1 0
4 0 340
0 10 14
0 1 0
1 28 309
4 0 744
0 1 0
0 21 23
3 0 7
0 1 0
2 0 2
0 22 34
0 1 0
0 26 28
1 42 313
0 1 0
0 48 29
2 0 1
0 1 0
4 0 489
4 0 583
0 1 0
0 19 20
0 19 13
0 1 0
0 47 48
3 0 2
0 1 0
3 0 0
4 0 592
0 1 0
0 2 2
1 8 88
0 1 0
1 19 187
4 0 552
0 1 0
0 39 55
2 0 4
0 1 0
0 26 29
4 0 700
0 1 0
0 34 45
3 0 10
0 1 0
0 47 42
0 49 66
0 1 0
2 0 0
0 9 12
0 1 0
2 0 4
0 15 16
0 1 0
0 4 4
3 0 5
0 1 0
0 11 11
0 12 20
0 1 0
4 0 252
3 0 3
0 1 0
0 38 9
4 0 398
0 1 0
0 34 38
0 20 26
0 1 0
4 0 272
0 2 2
0 1 0
3 0 8
0 6 5
0 1 0
0 2 2
0 4 3
0 1 0
1 38 421
2 0 5
0 1 0
1 35 182
1 39 315
0 1 0
1 40 261
0 28 23
0 1 0
0 24 18
0 19 23
0 1 0
1 29 182
3 0 5
0 1 0
0 34 17
0 20 34
0 1 0
0 36 30
0 31 37
0 1 0
0 19 23
3 0 3
0 1 0
0 32 54
0 48 33
0 1 0
0 49 55
3 0 7
0 1 0
0 23 35
0 27 42
0 1 0
1 26 279
0 21 19
0 1 0
2 0 3
3 0 2
0 1 0
3 0 8
0 38 55
0 1 0
0 12 11
4 0 437
0 1 0
3 0 3
1 47 335
0 1 0
0 22 29
0 8 10
0 1 0
1 43 346
0 45 56
0 1 0
0 38 56
2 0 7
0 1 0
0 6 7
1 26 198
0 1 0
1 7 13
0 10 11
0 1 0
0 25 31
1 12 108
0 1 0
1 29 188
2 0 5
0 1 0
0 36 30
1 36 385
0 1 0
0 25 33
0 27 32
0 1 0
0 49 44
1 34 226
0 1 0
1 18 150
2 0 7
0 1 0
2 0 4
2 0 8
0 1 0
4 0 398
3 0 1
0 1 0
0 14 12
1 26 296
0 1 0
0 36 21
0 28 28
0 1 0
4 0 589
4 0 550
0 1 0
4 0 503
0 15 13
0 1 0
0 28 47
0 9 7
0 1 0
1 14 146
0 1 1
0 1 0
1 36 204
2 0 7
0 1 0
0 20 6
1 24 134
0 1 0
0 10 11
2 0 10
0 1 0
3 0 7
0 25 20
0 1 0
2 0 2
0 22 21
0 1 0
1 44 422
3 0 6
0 1 0
3 0 7
0 44 34
0 1 0
1 49 176
1 15 99
0 1 0
0 13 16
0 26 24
0 1 0
0 37 33
4 0 328
0 1 0
3 0 9
4 0 231
0 1 0
3 0 10
4 0 647
0 1 0
2 0 8
0 23 28
0 1 0
3 0 6
1 27 191
0 1 0
0 41 42
1 25 274
0 1 0
0 24 21
0 21 22
0 1 0
0 6 5
1 19 128
0 1 0
3 0 7
1 24 274
0 1 0
3 0 6
1 11 72
0 1 0
0 14 13
0 50 71
0 1 0
0 46 14
1 15 43
0 1 0
0 30 33
1 30 203
0 1 0
0 38 31
0 35 25
0 1 0
0 40 40
1 7 73
0 1 0
0 47 40
0 29 30
0 1 0
0 14 17
3 0 9
0 1 0
0 48 49
0 15 16
0 1 0
0 49 26
0 31 43
0 1 0
0 10 13
3 0 8
0 1 0
0 37 31
0 42 46
0 1 0
0 40 39
2 0 3
0 1 0
0 34 47
1 1 8
0 1 0
3 0 1
0 15 14
0 1 0
0 43 57
0 31 27
0 1 0
0 41 52
3 0 8
0 1 0
0 49 30
2 0 1
0 1 0
2 0 8
0 41 24
0 1 0
0 25 28
4 0 745
0 1 0
0 15 12
0 8 8
0 1 0
2 0 9
0 36 43
0 1 0
0 5 6
0 25 34
0 1 0
3 0 0
0 19 18
0 1 0
4 0 541
1 32 331
0 1 0
0 2 1
3 0 4
0 1 0
0 4 6
2 0 1
0 1 0
0 10 4
0 19 22
0 1 0
1 45 395
0 9 9
0 1 0
1 17 195
2 0 2
0 1 0
1 41 91
1 13 103
0 1 0
0 50 59
3 0 10
0 1 0
3 0 0
4 0 215
0 1 0
0 24 20
3 0 0
0 1 0
3 0 7
3 0 5
0 1 0
0 42 21
2 0 0
0 1 0
0 40 44
0 20 17
0 1 0
1 29 180
0 33 29
0 1 0
3 0 0
0 39 42
0 1 0
2 0 4
0 5 6
0 1 0
3 0 0
3 0 6
0 1 0
2 0 2
0 13 16
0 1 0
0 28 24
4 0 388
0 1 0
1 45 404
0 36 7
0 1 0
4 0 506
0 38 47
0 1 0
0 24 13
0 12 11
0 1 0
1 11 29
3 0 0
0 1 0
1 3 40
0 8 8
0 1 0
0 23 24
3 0 1
0 1 0
1 26 197
0 18 11
0 1 0
0 5 4
3 0 7
0 1 0
4 0 595
0 3 2
0 1 0
0 37 51
0 42 73
0 1 0
0 25 22
4 0 560
0 1 0
0 12 21
3 0 5
0 1 0
0 31 33
4 0 311
0 1 0
2 0 9
0 13 14
0 1 0
0 43 49
0 41 52
0 1 0
1 14 105
3 0 6
0 1 0
2 0 6
0 43 53
0 1 0
3 0 0
0 33 4
0 1 0
0 27 35
2 0 1
0 1 0
1 12 107
2 0 6
0 1 0
1 34 214
3 0 2
0 1 0
3 0 2
0 34 33
0 1 0
2 0 9
0 12 10
0 1 0
0 49 60
0 4 4
0 1 0
4 0 890
1 32 375
0 1 0
0 12 10
0 11 21
0 1 0
1 6 30
0 30 20
0 1 0
0 15 19
0 26 23
0 1 0
0 19 22
1 23 257
0 1 0
0 5 4
3 0 5
0 1 0
0 25 17
0 9 7
0 1 0
0 45 37
0 33 31
0 1 0
3 0 5
0 44 42
0 1 0
1 41 336
1 22 156
0 1 0
4 0 233
0 13 22
0 1 0
3 0 7
1 46 443
0 1 0
3 0 2
0 29 17
0 1 0
0 14 9
4 0 638
0 1 0
0 34 23
0 3 2
0 1 0
1 33 208
1 16 142
0 1 0
0 20 17
0 50 103
0 1 0
0 12 9
3 0 9
0 1 0
2 0 5
0 41 40
0 1 0
3 0 9
0 28 40
0 1 0
0 13 8
2 0 6
0 1 0
0 45 52
2 0 7
0 1 0
2 0 2
0 18 23
0 1 0
2 0 7
4 0 847
0 1 0
0 26 33
0 37 40
0 1 0
0 33 21
1 12 44
0 1 0
0 49 27
3 0 9
0 1 0
3 0 8
0 30 34
0 1 0
1 17 110
0 36 32
0 1 0
0 30 37
0 11 10
0 1 0
0 19 22
1 49 419
0 1 0
0 41 47
0 50 28
0 1 0
1 50 334
3 0 7
0 1 0
2 0 2
0 40 37
0 1 0
0 5 7
0 39 47
0 1 0
1 10 64
2 0 9
0 1 0
0 45 58
0 19 19
0 1 0
0 11 7
4 0 588
0 1 0
0 26 27
3 0 1
0 1 0
4 0 910
2 0 2
0 1 0
0 15 14
0 10 7
0 1 0
0 26 15
0 25 28
0 1 0
1 50 264
0 16 20
0 1 0
4 0 643
1 26 57
0 1 0
0 28 35
0 31 35
0 1 0
4 0 511
3 0 0
0 1 0
0 29 21
0 38 42
0 1 0
0 28 29
1 29 156
0 1 0
0 4 3
0 24 29
0 1 0
2 0 7
3 0 9
0 1 0
0 14 15
0 27 22
0 1 0
3 0 10
0 32 17
0 1 0
1 25 240
0 36 31
0 1 0
0 27 31
0 17 21
0 1 0
0 44 24
0 11 11
0 1 0
2 0 6
0 4 5
0 1 0
0 44 50
2 0 6
0 1 0
0 34 40
2 0 5
0 1 0
0 17 9
0 1 1
0 1 0
3 0 3
0 30 43
0 1 0
0 33 15
4 0 777
0 1 0
0 1 1
4 0 836
0 1 0
1 11 99
1 29 297
0 1 0
0 16 10
0 19 15
0 1 0
0 40 44
0 38 45
0 1 0
0 32 27
0 1 1
0 1 0
3 0 1
0 32 28
0 1 0
0 8 7
0 49 52
0 1 0
0 46 14
3 0 5
0 1 0
0 38 39
4 0 461
0 1 0
0 16 18
0 47 21
0 1 0
1 19 121
3 0 4
0 1 0
0 27 23
0 9 11
0 1 0
2 0 2
1 45 287
0 1 0
1 29 195
0 21 31
0 1 0
0 20 21
1 46 401
0 1 0
0 37 19
0 25 44
0 1 0
1 34 120
1 2 21
0 1 0
2 0 10
0 45 42
0 1 0
0 39 37
0 50 48
0 1 0
2 0 6
0 25 15
0 1 0
0 19 26
0 37 39
0 1 0
3 0 1
2 0 4
0 1 0
0 34 21
0 16 4
0 1 0
0 1 1
0 13 2
0 1 0
0 6 10
0 35 17
0 1 0
3 0 2
4 0 776
0 1 0
0 23 25
0 4 6
0 1 0
0 9 6
0 2 2
0 1 0
0 42 72
4 0 499
0 1 0
0 49 60
0 37 47
0 1 0
0 3 1
3 0 5
0 1 0
2 0 9
3 0 4
0 1 0
4 0 420
2 0 7
0 1 0
2 0 0
3 0 8
0 1 0
3 0 1
0 26 27
0 1 0
2 0 5
4 0 877
0 1 0
0 45 39
0 36 54
0 1 0
0 33 20
0 22 34
0 1 0
2 0 5
0 18 13
0 1 0
1 10 68
0 17 17
0 1 0
2 0 10
0 16 13
0 1 0
3 0 3
1 17 158
0 1 0
0 10 9
0 38 41
0 1 0
1 11 7
2 0 7
0 1 0
0 41 37
0 39 45
0 1 0
0 24 44
0 44 30
0 1 0
4 0 304
0 27 30
0 1 0
4 0 481
4 0 551
0 1 0
3 0 5
0 22 29
0 1 0
3 0 9
0 17 19
0 1 0
1 9 69
3 0 4
0 1 0
1 42 335
1 10 89
0 1 0
4 0 251
0 41 54
0 1 0
0 14 11
0 33 28
0 1 0
4 0 687
0 50 67
0 1 0
0 35 37
3 0 5
0 1 0
0 30 11
1 24 187
0 1 0
1 2 8
4 0 459
0 1 0
1 39 274
3 0 2
0 1 0
4 0 555
3 0 2
0 1 0
1 5 59
0 43 51
0 1 0
0 31 30
0 1 1
0 1 0
1 50 396
0 32 30
0 1 0
4 0 982
1 5 44
0 1 0
0 44 11
0 19 14
0 1 0
2 0 7
0 24 16
0 1 0
0 46 72
0 17 14
0 1 0
0 11 9
0 36 29
0 1 0
0 22 21
0 23 27
0 1 0
1 36 324
3 0 4
0 1 0
3 0 6
0 2 1
0 1 0
3 0 8
2 0 1
0 1 0
3 0 1
4 0 616
0 1 0
0 27 18
0 21 30
0 1 0
1 44 429
0 46 62
0 1 0
2 0 5
0 25 22
0 1 0
0 11 13
0 46 39
0 1 0
1 26 251
4 0 219
0 1 0
2 0 0
0 2 3
0 1 0
1 28 229
0 50 50
0 1 0
0 45 43
0 14 12
0 1 0
0 30 29
2 0 7
0 1 0
0 12 11
2 0 7
0 1 0
0 36 29
4 0 276
0 1 0
0 22 24
0 2 1
0 1 0
0 45 29
0 41 41
0 1 0
2 0 10
1 36 299
0 1 0
3 0 7
2 0 8
0 1 0
2 0 4
0 49 84
0 1 0
0 50 42
2 0 7
0 1 0
0 38 44
1 49 368
0 1 0
0 35 23
0 48 45
0 1 0
0 30 22
0 50 46
0 1 0
2 0 9
0 37 39
0 1 0
0 20 26
0 5 8
0 1 0
0 4 2
2 0 3
0 1 0
2 0 1
1 34 166
0 1 0
3 0 2
1 11 131
0 1 0
0 47 62
0 1 1
0 1 0
1 24 95
4 0 573
0 1 0
0 41 23
0 24 34
0 1 0
1 15 154
0 7 13
0 1 0
1 5 42
0 45 59
0 1 0
4 0 951
2 0 9
0 1 0
0 41 49
1 42 438
0 1 0
0 20 30
1 33 200
0 1 0
1 34 277
0 40 26
0 1 0
2 0 6
1 31 349
0 1 0
0 15 10
0 50 57
0 1 0
2 0 0
3 0 7
0 1 0
0 29 30
2 0 10
0 1 0
1 23 135
4 0 400
0 1 0
4 0 251
0 35 31
0 1 0
0 37 29
0 11 9
0 1 0
0 17 16
0 49 64
0 1 0
1 5 27
3 0 9
0 1 0
0 35 37
1 18 174
0 1 0
0 21 36
1 32 62
0 1 0
0 31 32
0 40 42
0 1 0
1 40 232
1 39 394
0 1 0
0 11 12
1 17 192
0 1 0
1 12 89
0 3 2
0 1 0
3 0 9
0 27 18
0 1 0
0 17 20
0 19 9
0 1 0
0 11 9
4 0 605
0 1 0
0 40 60
0 11 13
0 1 0
0 22 26
0 22 29
0 1 0
0 47 54
1 27 211
0 1 0
2 0 6
0 43 57
0 1 0
3 0 4
0 10 9
0 1 0
0 7 7
0 8 6
0 1 0
1 49 551
0 25 30
0 1 0
4 0 966
2 0 10
0 1 0
0 21 32
0 40 39
0 1 0
0 3 2
0 10 7
0 1 0
4 0 533
4 0 453
0 1 0
0 34 31
2 0 4
0 1 0
2 0 4
0 21 42
0 1 0
0 28 39
3 0 2
0 1 0
0 21 33
1 27 169
0 1 0
4 0 978
3 0 10
0 1 0
0 22 18
1 46 335
0 1 0
0 21 10
0 26 19
0 1 0
0 27 12
3 0 7
0 1 0
0 7 5
2 0 1
0 1 0
0 6 9
0 1 1
0 1 0
4 0 652
1 47 406
0 1 0
0 29 30
0 23 26
0 1 0
0 8 12
0 10 6
0 1 0
2 0 1
3 0 8
0 1 0
0 30 27
0 28 15
0 1 0
3 0 10
0 45 47
0 1 0
4 0 939
0 43 44
0 1 0
3 0 3
0 28 27
0 1 0
0 46 51
0 10 7
0 1 0
0 33 15
0 12 7
0 1 0
2 0 2
0 25 22
0 1 0
1 28 85
0 48 49
0 1 0
2 0 4
0 12 7
0 1 0
0 10 11
4 0 904
0 1 0
0 8 8
3 0 3
0 1 0
0 33 15
0 3 4
0 1 0
1 28 93
3 0 0
0 1 0
1 11 35
0 1 1
0 1 0
0 32 29
0 39 50
0 1 0
1 38 114
3 0 2
0 1 0
3 0 0
1 29 219
0 1 0
0 44 92
2 0 8
0 1 0
0 17 18
0 26 35
0 1 0
0 11 19
0 1 1
0 1 0
0 19 14
0 44 31
0 1 0
0 26 31
0 34 39
0 1 0
0 22 28
0 4 4
0 1 0
1 21 174
3 0 7
0 1 0
2 0 7
0 42 47
0 1 0
0 25 20
0 40 52
0 1 0
0 4 3
0 41 64
0 1 0
0 24 21
2 0 8
0 1 0
0 7 7
0 44 48
0 1 0
0 12 14
0 28 30
0 1 0
3 0 10
4 0 753
0 1 0
1 35 337
0 38 45
0 1 0
0 47 44
0 14 14
0 1 0
3 0 3
2 0 4
0 1 0
0 40 42
0 45 32
0 1 0
0 25 7
0 43 71
0 1 0
4 0 756
0 38 25
0 1 0
4 0 290
3 0 10
0 1 0
0 12 9
0 23 27
0 1 0
0 27 27
0 14 13
0 1 0
2 0 1
2 0 6
0 1 0
2 0 2
0 43 36
0 1 0
0 12 9
3 0 9
0 1 0
3 0 3
0 12 2
0 1 0
1 40 306
3 0 10
0 1 0
2 0 0
0 49 40
0 1 0
1 11 63
4 0 652
0 1 0
2 0 7
0 44 52
0 1 0
0 14 15
0 31 41
0 1 0
2 0 2
3 0 8
0 1 0
3 0 8
2 0 6
0 1 0
0 47 37
4 0 587
0 1 0
0 32 38
0 50 53
0 1 0
2 0 1
3 0 0
0 1 0
0 14 20
1 14 89
0 1 0
0 38 48
0 15 18
0 1 0
0 34 29
0 29 39
0 1 0
0 20 25
2 0 5
0 1 0
3 0 6
1 42 367
0 1 0
1 18 170
0 18 17
0 1 0
0 5 2
0 30 27
0 1 0
3 0 10
2 0 6
0 1 0
2 0 8
0 2 2
0 1 0
1 41 331
0 31 41
0 1 0
3 0 0
0 41 52
0 1 0
0 45 55
3 0 1
0 1 0
0 28 35
3 0 2
0 1 0
0 40 32
4 0 334
0 1 0
1 10 97
0 5 4
0 1 0
0 5 7
2 0 9
0 1 0
1 40 197
4 0 469
0 1 0
1 9 35
3 0 1
0 1 0
4 0 874
0 34 38
