4 5 3 1000
5 9
56 60
18 17
7 5
25 15
160 146
4 5
218 367
47 52
5 5
27 27
17 20
8 8
37 22
60 96
134 92
168 153
18 10
8 10
6 7
13 7
78 168
5 3
6 6
231 243
189 294
214 142
10 7
4 6
7 7
79 101
107 75
7 18
18 22
4 5
80 69
52 35
27 31
7 6
112 193
33 39
13 18
5 2
4 5
226 153
25 29
93 59
5 5
171 373
27 33
84 76
6 5
21 15
10 6
220 146
9 8
6 5
17 16
221 113
20 26
65 77
102 135
97 83
10 21
25 28
33 22
36 39
10 15
247 180
20 27
13 6
71 89
126 102
13 10
24 31
222 184
104 144
23 23
4 4
8 7
7 3
10 8
49 40
96 71
68 37
7 10
78 81
85 90
98 79
185 133
6 4
51 66
5 5
197 210
12 16
5 3
186 235
9 6
186 145
183 320
81 92
130 109
220 126
23 15
19 16
30 25
51 39
163 220
5 6
13 12
121 113
81 50
14 13
203 169
19 19
80 41
18 20
26 16
81 101
162 189
58 38
23 21
62 36
6 7
9 12
18 19
30 40
99 107
86 90
32 31
249 337
20 27
83 114
30 50
17 15
50 20
13 20
51 49
33 42
6 5
16 19
19 24
49 69
99 111
140 225
171 122
81 93
6 6
162 92
6 7
11 16
6 5
134 160
30 25
49 65
38 85
23 22
111 89
99 80
68 92
77 50
4 4
147 83
37 22
10 10
14 13
36 32
162 111
4 4
183 192
224 115
135 92
10 15
159 263
13 15
14 11
21 27
4 5
94 95
12 12
122 202
110 203
170 177
5 3
255 243
32 28
160 87
44 46
69 62
7 9
51 35
36 59
16 22
7 6
29 22
19 18
12 17
6 6
29 30
26 27
37 104
138 118
7 14
15 13
161 153
20 14
7 6
4 5
6 7
16 21
6 3
32 40
239 360
64 60
16 8
56 35
85 56
4 6
35 27
5 4
13 19
6 6
5 4
158 196
50 35
35 40
15 8
133 161
13 8
39 43
148 73
13 9
222 324
6 3
192 256
34 26
28 22
27 30
50 31
22 20
11 23
13 9
10 10
194 139
6 10
69 57
208 125
8 11
6 8
75 125
8 7
34 38
4 5
54 71
20 18
16 29
158 240
128 161
123 158
9 6
16 19
27 12
72 91
41 42
123 138
7 7
28 33
80 71
6 7
5 4
37 39
14 11
170 126
158 151
58 52
9 8
60 66
193 451
61 50
62 57
18 21
8 5
7 11
18 24
5 4
21 11
12 16
6 4
5 6
7 9
8 5
23 25
149 113
48 51
114 159
23 40
53 42
12 11
25 32
13 17
178 237
14 14
97 90
59 45
90 221
14 11
11 7
44 33
23 15
9 15
10 7
152 219
81 89
47 58
104 73
18 19
256 307
6 6
13 10
53 40
6 5
49 75
30 32
13 19
243 283
188 125
182 126
13 11
161 94
25 28
74 100
10 8
4 5
5 7
35 37
67 51
5 5
45 24
20 16
250 130
10 8
38 58
254 250
7 7
4 5
14 14
109 71
16 19
8 10
90 107
26 42
213 428
166 387
43 57
109 63
46 34
165 195
15 7
84 78
5 8
5 7
49 40
55 46
63 47
56 55
29 38
28 32
54 30
31 34
46 43
5 3
118 141
7 4
80 49
25 18
14 20
26 39
9 13
7 9
39 42
74 65
7 5
10 11
27 19
12 9
6 8
154 231
64 42
24 39
209 196
115 152
65 66
43 45
86 99
170 143
106 92
134 156
66 81
34 20
14 21
184 107
62 45
198 173
76 51
77 95
213 163
98 71
245 214
48 50
232 204
30 16
205 192
36 54
19 14
202 211
50 35
23 24
156 204
5 4
6 7
111 149
31 22
36 35
25 21
107 119
77 68
28 36
16 22
16 12
6 6
14 16
117 61
42 30
99 109
14 16
70 59
125 76
17 29
165 236
60 60
20 18
90 100
179 172
35 45
5 9
8 6
31 25
22 27
10 6
20 19
23 23
58 56
10 14
213 201
7 4
148 161
169 267
33 19
46 65
72 175
16 16
220 324
250 207
107 161
33 40
13 20
4 6
34 20
14 11
112 70
54 65
106 69
106 106
51 53
5 3
45 43
8 13
34 28
84 72
163 234
34 41
4 5
53 77
10 9
6 5
122 136
149 68
7 8
73 131
100 161
22 33
78 66
6 4
160 89
6 7
97 71
226 257
146 154
89 64
48 52
23 20
108 89
77 86
6 6
37 51
4 3
14 10
31 18
17 21
137 103
87 60
11 8
11 14
57 41
11 9
31 38
18 23
243 286
54 107
6 4
14 17
109 290
21 34
77 50
223 172
124 145
9 12
19 16
12 8
11 22
77 64
89 83
70 76
56 23
42 60
43 29
15 11
16 13
11 12
4 6
63 36
79 59
224 213
22 13
11 10
69 69
26 22
246 132
66 97
206 131
85 66
6 5
177 594
7 10
169 120
42 32
7 6
113 96
29 31
45 41
9 14
52 54
12 6
6 6
5 4
21 12
31 32
110 106
121 137
69 62
11 5
191 291
55 84
62 67
6 9
51 77
97 65
51 76
36 39
68 57
123 121
127 118
5 5
9 17
143 162
166 119
210 267
54 59
88 71
99 81
5 4
15 17
4 5
8 5
61 72
38 41
7 7
14 14
5 8
10 8
31 31
7 6
15 5
16 19
8 11
50 67
79 97
10 8
44 77
27 23
153 169
8 13
119 136
124 227
19 18
22 28
23 31
151 204
13 10
7 7
29 36
48 63
25 14
8 11
12 9
10 26
5 5
154 133
31 19
82 63
19 22
8 11
39 36
40 84
4 4
13 18
42 68
61 75
194 172
83 76
5 4
7 5
28 40
93 114
5 4
57 71
169 177
12 18
7 9
13 16
120 95
25 37
38 28
15 13
14 10
24 19
33 12
6 6
84 107
51 37
27 48
39 42
168 223
71 118
25 28
97 213
104 184
4 4
133 186
14 18
24 39
4 4
36 48
111 102
5 5
60 105
4 3
15 13
5 3
86 88
7 9
5 4
58 88
132 172
22 31
9 14
27 24
81 140
22 15
104 74
5 10
216 175
16 11
8 12
49 66
28 22
10 10
5 6
93 124
123 91
11 7
52 69
45 59
15 14
7 8
161 195
7 7
22 14
206 241
68 126
13 12
60 42
108 160
25 23
13 14
207 133
62 80
66 45
16 14
115 118
10 12
14 10
14 22
4 11
15 10
29 38
10 10
99 112
50 53
105 81
13 11
52 57
8 10
73 72
24 16
71 58
5 5
51 76
5 4
54 43
137 161
27 41
23 15
15 9
20 14
255 177
5 5
21 19
100 65
9 5
20 19
94 76
143 120
211 142
11 13
8 12
103 49
7 5
158 156
106 149
88 73
14 13
18 16
49 80
23 32
7 8
4 3
22 36
44 53
252 346
216 158
40 63
62 106
5 4
8 8
161 108
234 314
39 44
78 50
100 65
7 7
43 52
12 6
11 13
4 5
74 80
10 9
5 4
4 4
30 36
26 25
179 218
5 3
28 21
111 141
7 7
7 5
74 50
15 8
12 12
10 9
7 10
52 35
203 279
15 27
63 51
20 18
26 28
6 7
146 102
14 15
5 5
14 17
33 37
22 7
11 19
16 13
213 219
85 92
22 18
254 316
11 7
70 88
132 136
30 35
5 7
11 10
54 66
43 30
37 29
46 43
162 89
229 312
124 95
12 12
205 189
161 120
86 82
45 62
197 258
42 51
42 56
160 122
5 4
205 230
252 197
100 67
5 5
50 51
57 75
182 231
12 9
5 10
31 20
12 25
8 8
162 166
160 300
112 122
12 17
163 217
98 81
52 70
16 11
150 98
188 160
4 3
32 34
14 11
16 18
5 4
34 39
58 55
33 60
7 8
6 5
12 12
16 15
19 31
23 38
179 247
6 6
21 20
133 103
13 13
52 58
72 80
55 65
8 8
32 33
6 5
30 53
32 40
78 86
13 20
99 71
28 30
30 22
36 35
211 172
29 27
6 7
15 13
23 23
70 56
5 8
66 76
20 27
218 196
12 14
105 51
68 61
245 238
157 223
138 161
167 146
10 8
9 7
12 20
168 97
98 110
17 19
5 5
54 99
9 9
11 18
137 84
74 100
7 6
4 8
30 33
162 259
88 64
8 10
7 10
116 104
219 239
11 12
8 11
20 18
5 10
230 495
10 10
7 8
22 29
4 5
4 6
20 25
36 23
6 5
90 63
8 10
192 271
177 227
33 38
120 83
72 113
11 8
80 64
234 273
61 86
160 159
173 138
245 272
238 379
5 3
18 13
5 7
204 274
29 40
17 24
6 8
9 4
16 16
7 13
144 123
62 51
6 4
25 13
16 23
119 62
32 22
28 15
15 16
60 52
13 10
182 226
72 67
22 20
193 217
196 134
185 154
17 21
18 16
68 44
15 8
16 20
5 8
8 9
129 94
16 24
73 91
5 4
7 8
48 41
13 36
61 64
11 10
228 266
255 378
222 208
15 18
169 176
6 6
12 11
16 12
24 22
67 42
8 9
78 114
18 8
29 25
26 18
245 156
7 5
85 104
31 33
172 174
184 102
173 123
173 152
7 11
7 5
38 64
233 177
216 176
11 16
17 26
7 6
130 127
58 45
77 73
29 21
156 163
16 13
36 55
18 21
41 24
62 70
48 43
116 75
135 159
148 243
35 47
79 103
11 21
11 7
41 47
107 85
5 3
63 95
36 43
10 10
8 6
92 99
10 12
72 114
9 7
8 6
8 7
24 18
5 4
12 10
202 211
7 7
52 46
137 213
19 20
15 10
23 22
240 168
118 63
11 15
5 3
158 132
8 11
13 11
27 37
47 26
152 127
12 15
154 154
16 16
17 22
11 7
97 110
9 14
40 49
9 12
136 148
187 222
14 15
215 188
6 5
221 393
102 119
12 16
10 15
39 37
23 17
144 117
158 243
107 234
216 197
109 143
220 128
218 214
13 13
5 4
28 17
25 29
172 186
93 101
108 174
106 279
156 142
30 33
15 12
158 121
4 7
83 134
175 217
36 54
211 313
17 12
19 12
21 20
225 312
5 6
66 58
19 26
6 10
88 142
8 8
16 15
10 13
5 3
8 8
36 31
32 28
101 218
4 9
98 72
61 60
81 68
255 189
16 15
15 14
77 54
54 67
9 24
10 12
136 101
256 358
252 165
49 35
39 38
36 32
72 88
7 6
148 191
84 116
4 5
22 15
6 4
19 9
73 54
5 6
97 117
5 6
17 13
9 19
141 106
66 31
155 119
203 128
58 46
16 20
19 14
8 9
66 62
29 33
249 172
10 9
4 4
84 58
25 40
135 163
4 3
249 198
179 271
13 17
32 34
105 84
13 9
12 7
251 352
28 39
5 4
12 11
5 4
208 89
13 10
4 5
175 231
151 136
10 14
158 204
13 9
181 178
106 70
90 32
79 60
4 4
81 142
142 79
37 34
54 51
27 37
38 51
152 176
5 4
79 81
47 29
11 16
15 11
47 44
100 144
30 37
10 8
5 5
188 224
69 71
32 36
9 6
13 18
5 8
5 4
45 33
123 105
19 23
13 17
27 35
21 36
41 73
19 17
114 253
8 6
7 10
15 16
59 50
47 41
7 6
36 62
34 39
5 4
40 39
128 154
74 53
4 4
243 191
19 16
33 49
10 11
35 57
20 27
9 8
7 11
39 44
10 9
241 169
5 3
18 25
5 6
54 51
7 7
12 9
89 146
6 5
12 10
236 178
83 94
6 6
13 19
5 2
194 144
11 21
23 26
72 95
5 8
6 6
71 98
177 206
101 147
12 9
60 86
58 49
57 109
232 147
4 3
100 89
39 32
5 2
27 31
45 32
34 27
33 30
256 472
12 8
34 24
57 59
8 8
66 99
4 4
138 148
252 289
6 5
157 183
4 4
57 62
32 33
5 9
74 75
11 10
22 9
249 177
9 10
46 41
170 279
9 9
136 226
94 118
113 82
21 16
27 34
30 30
14 12
11 19
25 26
16 18
21 25
15 9
43 28
17 10
13 15
28 30
18 18
205 131
13 7
245 474
5 4
79 100
193 257
8 5
76 73
24 37
37 60
83 65
143 194
10 18
241 165
28 19
6 7
41 35
122 141
229 200
9 7
89 99
19 33
25 34
14 10
7 5
4 4
97 77
40 26
13 18
93 127
54 60
247 157
13 22
24 20
6 8
11 10
18 20
17 10
50 39
175 202
65 85
23 13
7 11
253 717
33 35
247 330
85 69
8 11
37 51
41 34
22 29
51 63
40 39
145 63
6 7
11 14
4 3
12 8
94 112
23 22
49 51
155 230
96 149
9 10
43 31
29 55
149 78
54 21
18 12
20 23
9 14
26 34
37 18
91 132
29 16
13 12
83 114
7 7
201 275
34 25
39 53
77 59
62 50
35 31
23 25
14 14
52 40
35 23
13 10
4 3
139 97
15 20
22 21
15 14
9 10
153 132
38 44
6 8
89 89
54 40
89 88
16 17
89 62
17 22
8 8
17 18
11 8
45 28
103 120
45 55
66 73
32 42
16 20
9 8
13 31
7 5
101 96
92 140
195 190
71 36
5 9
229 439
45 62
126 209
29 46
129 184
7 6
6 5
98 109
116 76
10 8
20 18
17 24
8 8
14 13
39 28
45 47
137 110
5 2
5 4
4 3
190 172
6 7
161 121
140 182
165 185
10 13
15 9
19 27
4 5
185 319
54 58
9 10
90 46
7 6
45 33
147 183
115 82
134 131
24 17
19 12
17 16
8 6
75 58
56 70
123 129
17 23
6 7
4 7
23 46
22 24
14 14
11 8
31 40
38 34
233 134
8 9
53 51
61 63
84 112
49 36
14 10
65 32
39 44
16 16
219 250
103 69
17 14
79 117
102 156
10 12
14 18
227 231
59 49
4 3
14 11
10 10
77 64
26 26
25 26
6 7
251 165
6 6
254 286
19 23
227 191
162 110
26 37
10 13
13 17
23 20
5 5
6 8
13 10
28 16
49 36
5 5
24 21
32 54
10 5
165 194
229 207
5 3
11 16
84 94
15 14
198 262
4 5
57 75
70 63
108 122
35 31
149 105
131 119
12 17
169 295
7 7
29 40
6 6
162 244
24 31
93 117
235 184
68 57
48 44
19 26
60 48
5 4
22 15
240 115
123 138
38 52
25 21
237 511
59 75
27 30
6 6
37 30
11 9
43 43
28 74
97 121
118 109
7 6
65 28
5 5
42 31
105 107
126 182
9 11
58 159
148 70
12 14
62 130
7 13
4 5
19 23
98 77
100 69
14 9
6 4
15 27
6 8
171 135
27 26
9 10
96 91
46 28
6 7
101 65
204 110
25 34
65 73
183 203
8 7
23 25
27 22
7 5
9 12
58 58
35 99
52 33
151 194
56 66
5 3
9 9
127 117
35 39
13 11
144 261
234 553
76 105
59 49
13 12
72 63
92 38
26 39
24 26
7 17
19 10
227 237
30 30
28 39
73 107
10 17
34 30
201 161
18 20
68 82
153 133
8 6
9 11
102 108
176 109
9 10
43 54
11 9
51 54
77 107
48 38
20 22
73 70
37 21
69 91
8 6
54 47
14 10
6 4
37 38
18 29
9 13
218 181
166 138
30 21
169 230
20 32
5 6
11 9
49 53
12 9
5 3
6 4
25 23
91 155
226 314
52 85
241 289
127 187
186 138
23 30
8 4
5 5
10 12
9 7
33 31
16 12
5 3
92 85
61 52
27 20
251 340
92 102
11 14
127 96
6 8
74 56
84 110
108 163
14 10
5 6
220 208
10 7
13 11
61 77
88 59
72 47
113 151
220 196
52 29
4 4
6 4
19 42
6 4
20 19
9 11
11 12
73 65
9 12
5 6
116 79
33 42
7 8
5 3
12 17
33 47
45 37
25 27
145 124
246 223
157 262
20 18
26 25
5 10
4 4
142 179
76 63
84 45
5 5
167 257
128 172
30 19
17 12
12 11
47 37
200 143
78 67
250 129
4 4
8 9
10 9
222 249
92 165
18 12
11 18
25 22
139 197
7 6
249 368
24 23
45 55
16 7
221 196
9 15
13 12
45 45
129 104
62 53
4 9
10 15
34 32
6 5
114 120
29 28
45 40
116 131
19 15
230 204
200 236
56 32
17 24
225 176
79 78
62 46
53 57
211 250
83 81
6 8
8 11
191 352
120 103
7 8
16 21
4 6
39 21
123 135
209 221
10 8
9 10
79 86
203 201
65 87
15 18
35 64
157 185
63 78
26 31
97 135
9 4
152 130
48 46
24 20
82 72
58 33
164 170
14 16
4 6
206 216
4 4
15 22
6 13
126 111
215 187
18 17
18 18
22 32
49 44
223 208
11 10
17 17
20 13
5 3
91 83
63 166
175 192
182 154
227 434
76 82
25 31
8 6
89 96
52 76
162 133
63 68
106 85
37 49
201 218
175 215
141 118
7 5
29 11
44 54
253 394
135 113
18 20
221 236
80 58
17 19
50 140
16 17
7 5
185 195
29 28
32 45
14 10
84 91
66 98
41 40
120 85
6 5
49 56
91 55
255 211
8 11
196 258
29 32
22 20
15 12
27 16
5 14
247 198
145 142
38 36
179 146
114 105
118 90
5 3
53 48
12 12
163 140
4 3
4 3
105 79
5 7
14 21
16 10
189 182
14 21
27 28
4 5
21 21
34 18
7 7
54 54
150 140
11 20
36 47
89 55
179 140
237 264
13 17
173 227
19 18
20 10
71 62
243 287
223 287
60 67
86 162
9 11
14 16
50 41
11 13
155 222
48 42
55 61
46 32
12 13
55 46
10 11
149 123
12 8
21 10
9 11
29 29
49 31
16 12
103 116
6 10
71 62
26 36
10 9
55 60
104 81
212 137
48 53
6 6
164 207
29 56
6 6
224 307
12 13
20 20
4 5
4 3
40 32
234 298
20 16
64 56
180 120
36 44
27 21
7 7
203 238
7 7
8 5
249 523
189 291
14 10
16 18
13 18
140 161
7 18
243 131
248 210
27 24
56 57
97 41
21 14
18 16
92 165
137 106
9 9
27 23
20 17
12 11
242 430
7 4
29 21
204 140
60 65
18 10
52 52
165 127
62 44
10 13
41 49
16 10
220 173
9 8
252 270
167 151
76 165
29 26
37 36
18 29
7 7
11 15
140 87
4 6
10 13
13 22
11 14
163 155
24 29
45 41
185 313
91 123
177 116
4 4
9 6
157 157
7 10
4 3
9 5
6 13
104 100
59 41
13 19
8 11
5 2
48 71
52 52
29 40
9 6
6 4
7 6
163 167
90 73
6 4
101 111
15 11
22 38
28 24
55 50
63 32
9 15
32 20
5 3
6 7
100 98
41 37
196 204
38 84
24 27
10 11
5 4
158 226
10 15
29 30
25 24
79 113
5 5
29 43
80 31
34 34
13 15
8 5
49 21
254 342
29 21
5 4
92 79
49 117
8 7
115 123
93 111
115 161
7 7
28 28
20 14
16 31
76 120
109 232
165 137
86 129
19 17
27 30
14 9
203 147
82 59
22 11
48 69
5 7
32 36
15 10
10 7
86 88
17 17
48 68
238 260
22 32
128 114
9 8
8 6
8 4
190 176
107 95
65 73
162 150
19 27
11 10
10 7
12 10
10 13
10 8
154 173
5 6
5 5
58 89
16 21
40 61
56 38
181 101
128 55
19 11
7 8
221 179
71 80
154 147
238 254
237 191
76 71
15 12
19 17
81 108
237 252
200 205
8 13
7 8
9 11
86 62
144 118
40 31
12 13
98 143
21 26
8 10
11 10
4 6
27 34
7 4
6 5
50 44
122 85
12 18
27 73
15 25
137 202
5 7
14 10
5 7
165 127
69 94
7 9
27 38
112 136
62 89
73 69
4 4
86 108
23 22
34 30
68 91
5 5
12 16
7 10
167 175
90 53
17 15
5 3
49 65
29 46
40 32
50 47
7 5
56 66
195 263
11 13
40 57
5 4
153 125
35 69
199 266
14 18
8 9
151 98
33 34
11 11
7 7
105 87
8 9
7 4
5 4
61 67
5 3
201 153
35 35
12 14
30 18
4 4
8 4
155 180
107 173
4 5
34 29
18 17
113 74
28 31
14 23
102 114
197 406
15 24
47 33
17 14
6 3
48 64
168 167
11 8
4 5
12 18
14 9
234 192
247 261
17 8
43 60
32 29
148 173
110 59
9 12
64 107
212 232
93 130
11 5
5 6
7 8
147 265
35 47
38 53
206 285
88 147
24 26
8 8
109 94
107 143
222 155
5 10
13 10
7 7
9 13
232 491
109 154
7 8
47 49
11 10
237 171
6 6
11 9
183 215
247 719
11 15
5 7
95 72
42 67
6 6
242 335
240 285
41 32
13 9
5 6
18 38
47 32
203 186
132 153
110 127
12 11
17 22
149 105
47 62
8 4
135 160
236 291
17 32
38 64
89 46
4 2
24 29
15 13
122 135
52 83
40 22
84 77
67 88
67 57
87 125
29 35
132 194
11 12
191 170
132 105
118 120
86 77
74 67
26 41
103 73
31 43
76 98
61 79
155 126
7 11
11 14
95 60
50 30
175 45
50 46
25 26
81 61
155 102
9 15
99 74
49 38
185 174
91 92
23 22
46 31
115 52
31 32
6 10
23 23
154 118
14 19
34 38
46 24
27 27
132 189
5 5
198 301
52 80
244 365
30 40
29 33
6 7
15 22
17 20
79 60
85 51
147 206
4 7
5 5
14 18
15 13
175 126
5 6
190 92
145 226
8 9
13 22
36 33
19 11
151 114
206 152
21 15
45 45
240 168
6 4
20 26
4 3
50 55
14 9
6 14
20 14
30 62
35 33
67 96
16 27
8 9
10 15
47 81
9 11
14 15
252 292
119 109
61 69
106 66
74 129
77 52
201 141
18 26
12 6
177 187
10 8
136 112
83 104
16 9
79 91
4 4
33 23
40 44
146 76
17 15
101 83
142 148
20 16
45 29
21 35
15 13
177 188
138 98
32 26
89 128
8 7
74 49
54 30
39 72
20 29
62 22
13 11
185 161
17 16
163 151
10 11
4 7
6 10
5 6
4 5
118 200
17 16
186 160
50 71
38 44
8 4
10 9
41 53
19 17
25 25
163 134
18 22
25 28
95 55
4 7
4 5
11 10
16 9
4 4
77 64
72 65
96 144
14 20
9 10
44 34
152 212
61 60
32 30
152 130
8 9
8 5
38 25
146 168
110 91
11 20
5 6
7 7
40 51
7 7
4 6
31 23
4 6
32 17
139 128
62 85
88 116
55 58
6 5
227 155
122 154
14 12
23 33
57 80
4 4
88 91
7 5
8 5
12 11
44 57
12 13
11 9
146 253
21 21
96 74
87 156
250 287
8 9
81 56
82 60
11 12
30 46
217 327
4 1
47 57
13 11
240 315
26 22
107 125
9 13
10 12
35 32
23 21
21 22
111 69
11 9
156 143
16 16
20 10
106 106
48 70
45 89
58 100
7 6
6 7
31 40
12 11
137 112
83 55
130 82
24 22
17 11
56 40
140 279
6 11
107 140
148 119
97 133
166 126
224 286
14 11
9 7
212 179
11 7
44 51
111 223
65 69
42 58
218 149
5 9
5 5
134 150
6 7
6 3
140 111
31 38
10 24
8 8
90 112
5 6
5 5
10 7
13 7
48 72
78 78
15 24
8 12
247 146
31 47
42 47
19 13
8 7
9 7
7 6
5 5
22 22
111 140
143 95
5 4
11 11
115 82
180 152
23 13
179 140
19 16
29 39
6 5
116 137
187 274
117 83
16 26
6 8
15 18
41 48
38 56
8 9
20 15
10 9
229 221
12 18
4 4
142 172
6 7
18 18
50 66
151 207
60 23
169 174
14 16
9 7
103 146
208 145
14 14
44 81
47 44
66 64
31 27
173 240
16 9
13 13
70 84
87 110
19 17
127 77
216 220
177 212
10 8
15 10
46 41
11 7
50 38
16 11
94 64
7 17
11 8
12 19
64 77
204 266
31 25
16 19
29 23
116 121
12 9
36 38
24 32
78 52
12 8
118 190
6 7
5 9
16 11
24 27
7 10
123 142
235 255
93 108
38 25
6 4
36 24
37 96
231 174
19 15
26 35
10 7
8 7
15 11
15 14
5 6
145 161
15 9
12 11
5 6
118 81
21 27
19 17
13 10
221 209
5 6
24 16
90 92
162 61
25 31
149 265
25 26
59 80
11 12
9 10
11 12
98 114
5 5
163 133
48 83
12 15
6 4
8 7
23 17
8 8
163 114
211 271
20 17
21 26
125 100
108 111
13 15
13 17
41 48
34 34
28 17
113 114
7 7
20 19
90 77
90 123
236 306
16 16
14 13
206 152
72 43
69 55
42 26
4 5
21 28
50 56
11 9
9 17
39 48
41 52
48 37
7 5
25 25
14 12
8 21
29 31
89 92
8 7
211 376
10 6
31 42
71 50
170 260
49 38
14 9
7 8
139 200
5 3
15 13
175 163
44 37
71 70
7 8
16 17
11 8
174 139
19 21
186 198
84 79
127 129
40 74
189 247
72 94
12 9
32 49
26 30
15 20
9 10
72 103
13 17
6 3
7 9
38 34
62 52
98 82
28 17
9 9
17 24
149 274
33 27
7 7
5 8
86 74
14 17
68 88
21 20
39 42
130 136
10 8
25 30
13 8
5 4
38 47
40 51
57 38
36 65
77 96
96 78
4 3
4 3
6 8
109 63
26 22
46 33
15 23
17 18
38 76
83 170
8 13
57 39
5 6
40 29
6 6
9 5
175 228
13 14
12 8
70 51
7 10
35 33
23 22
5 6
6 6
8 9
74 122
159 169
178 105
10 22
22 54
18 22
165 222
9 11
140 233
151 79
15 9
10 8
106 68
20 16
88 39
126 152
26 34
36 39
145 134
13 17
5 7
5 7
48 43
126 86
205 278
8 6
10 11
17 18
142 87
22 14
9 12
100 86
63 33
233 343
17 21
31 25
191 85
27 24
4 4
22 17
4 5
17 10
112 95
8 7
14 13
34 29
10 15
66 71
48 57
68 38
227 249
9 11
101 142
22 36
33 27
94 61
69 69
8 9
172 174
199 163
25 23
4 5
150 137
63 67
68 32
9 12
5 4
39 35
14 9
6 5
5 6
248 230
37 28
21 18
16 29
105 137
247 190
119 85
6 8
232 117
45 35
116 143
63 79
81 88
22 29
223 187
90 110
226 431
14 27
14 19
79 120
21 16
173 131
20 31
136 219
16 12
36 33
7 4
8 10
7 14
11 8
42 49
16 16
244 254
37 30
7 7
121 71
39 45
13 8
19 16
32 22
247 204
5 4
41 23
225 137
16 13
59 34
107 53
15 13
26 18
147 100
23 24
11 17
4 5
33 43
56 61
34 51
95 57
75 55
73 91
151 191
47 27
128 105
84 137
209 216
65 43
174 236
19 28
62 79
10 7
149 100
26 18
17 19
71 69
109 159
191 128
26 16
100 111
205 295
21 20
4 4
85 83
26 41
152 149
4 3
15 29
14 9
13 8
25 33
26 16
7 7
20 14
33 35
4 4
46 40
85 207
236 119
7 14
234 210
46 39
7 4
36 51
13 7
19 11
90 59
72 96
7 9
24 32
65 69
186 139
5 3
107 105
57 62
175 154
73 62
50 60
78 55
6 5
18 24
19 13
21 12
16 16
6 5
8 9
102 163
21 22
52 41
7 14
11 10
147 117
4 3
220 215
46 68
6 7
7 7
8 11
62 57
5 8
65 61
16 24
32 36
231 201
21 11
72 78
90 151
8 15
19 14
23 19
9 5
5 6
10 12
87 51
56 25
68 71
46 38
5 8
16 7
222 250
17 9
8 5
8 10
138 139
36 26
21 21
9 16
56 34
158 67
15 15
42 34
54 49
9 17
234 160
7 4
225 292
17 11
80 63
12 11
13 9
10 20
14 15
78 67
4 4
200 188
132 77
82 66
9 7
29 20
149 117
51 51
137 103
4 7
21 28
40 54
6 7
25 37
57 71
12 14
22 23
49 42
53 103
7 6
11 16
7 11
8 13
5 7
103 111
22 18
75 63
131 194
20 19
5 4
22 17
44 52
49 38
111 119
130 147
32 36
61 104
5 5
46 30
196 185
9 6
112 153
9 9
187 162
27 26
151 119
30 30
150 238
156 145
210 304
11 13
13 10
151 105
121 126
16 12
82 78
9 18
77 72
9 9
5 4
62 78
18 8
111 127
11 12
12 17
46 27
43 28
14 21
127 121
6 5
14 21
228 190
15 8
7 4
29 24
35 40
222 135
7 4
7 14
254 335
146 86
127 118
35 40
66 84
15 17
51 140
11 5
46 26
14 10
54 60
59 44
21 30
110 137
17 11
16 10
30 27
201 289
87 72
4 4
178 186
42 63
8 17
48 62
151 147
79 116
94 109
135 203
34 27
39 28
33 28
16 23
13 11
117 39
38 52
29 61
57 36
20 13
56 37
209 313
172 219
107 151
6 7
84 35
7 4
30 30
27 35
51 98
11 18
171 225
11 20
250 313
4 3
231 335
6 3
8 6
12 14
11 16
9 14
24 23
33 25
49 57
4 9
6 6
61 67
62 85
10 7
18 17
12 13
21 23
202 129
79 81
8 6
230 301
166 157
28 23
137 95
18 26
12 21
30 21
38 39
8 9
6 6
8 11
233 206
123 151
229 225
24 21
28 58
60 81
9 10
9 10
23 33
5 3
5 5
21 25
23 9
189 249
11 11
11 18
127 138
131 145
16 25
237 245
5 5
71 47
11 13
75 41
251 306
4 4
114 72
8 12
205 307
36 32
110 94
159 202
54 46
90 99
7 8
243 198
5 4
8 7
4 2
14 9
58 64
24 22
21 45
131 101
7 7
31 31
40 43
15 13
16 24
11 11
45 52
18 18
101 99
46 45
7 12
28 39
10 8
45 61
5 7
15 16
86 71
44 39
33 41
31 47
21 29
27 30
6 6
47 53
6 6
19 22
255 253
12 10
10 11
9 12
170 143
132 170
248 312
6 7
8 7
6 7
43 29
8 10
10 13
189 96
104 50
86 64
5 6
103 78
57 51
65 51
229 102
42 46
29 18
30 36
167 221
6 7
104 83
32 19
220 318
22 22
198 171
7 8
50 40
18 26
4 4
6 3
156 230
5 3
55 37
33 44
7 8
19 21
130 196
11 17
14 18
86 76
8 10
50 42
25 33
12 19
11 10
8 9
106 86
204 196
22 22
55 89
8 9
38 37
98 87
241 237
10 22
10 10
31 30
21 16
131 133
22 27
22 27
21 23
5 5
60 33
4 4
8 6
5 6
7 7
83 74
78 65
104 98
18 26
10 11
172 104
14 10
10 5
186 198
194 187
12 10
10 7
5 6
5 4
16 14
107 135
64 65
12 15
26 28
195 151
4 3
48 43
79 67
223 340
104 129
94 94
9 7
11 5
15 12
17 10
152 179
4 5
11 8
83 72
6 6
4 4
51 50
9 9
7 4
5 4
12 14
137 145
39 34
121 190
8 8
53 61
20 18
25 17
137 235
28 10
70 59
146 84
25 28
15 16
6 7
5 4
147 148
5 11
18 15
24 23
138 234
35 45
4 6
17 16
129 92
206 346
15 29
7 5
72 67
6 7
65 41
10 17
28 26
4 4
50 81
161 259
42 45
64 42
44 44
22 23
73 21
61 91
58 58
193 276
54 46
183 161
150 159
101 132
17 16
79 64
232 246
31 30
74 102
33 32
199 164
54 104
59 25
16 10
8 9
21 21
23 32
63 106
6 5
4 4
7 8
45 37
8 11
115 183
130 177
56 51
37 52
16 23
130 68
100 119
82 62
64 46
44 51
27 23
13 18
153 175
105 95
28 21
7 9
28 33
26 28
47 38
6 3
68 86
195 147
16 21
109 54
23 19
11 5
46 52
4 3
75 122
105 130
124 116
58 79
54 47
7 9
156 175
6 3
59 40
6 6
8 6
111 125
156 149
16 12
26 20
80 53
180 167
35 36
10 14
129 128
116 196
37 22
19 18
101 111
30 37
31 51
99 185
16 17
88 79
12 10
221 204
25 20
4 4
8 9
6 11
8 7
23 28
47 66
95 282
54 29
15 14
44 34
62 41
56 34
16 17
28 24
205 98
18 29
9 11
4 3
252 226
30 28
26 23
43 42
7 6
14 10
9 9
130 139
139 261
9 6
4 5
256 266
21 21
15 14
5 3
15 9
7 8
6 12
9 11
23 17
48 45
158 141
7 4
216 212
28 45
88 122
42 23
136 175
91 67
10 30
32 22
91 130
142 161
46 47
80 87
47 20
7 3
110 39
5 4
9 5
21 15
151 136
8 5
94 99
23 20
27 19
5 6
143 153
31 23
26 31
58 43
23 19
147 156
7 8
33 58
64 41
26 48
84 58
113 98
6 4
138 96
5 3
195 156
63 45
26 28
13 12
200 256
10 8
35 31
13 11
93 74
38 18
140 239
27 28
45 40
90 79
42 63
66 68
122 143
173 164
6 4
84 104
42 18
190 217
142 326
5 3
33 43
12 10
5 5
18 28
6 8
9 7
182 227
35 19
9 4
237 341
6 5
24 26
13 13
6 10
20 6
95 86
96 97
29 24
24 23
23 8
6 9
161 196
7 10
243 342
167 245
26 27
169 215
14 17
33 26
18 15
57 38
63 81
15 12
90 111
40 43
16 14
17 19
14 11
7 8
17 24
8 4
18 16
26 21
7 7
30 47
5 4
215 356
16 35
43 29
4 3
12 11
54 53
14 6
15 18
13 11
10 8
18 24
23 10
165 190
29 34
16 18
87 121
39 27
12 8
122 107
7 9
17 16
5 7
50 50
20 31
79 59
5 3
104 110
10 6
182 225
25 15
27 29
5 5
24 27
182 209
19 9
59 70
126 102
31 33
18 34
145 130
16 8
57 52
209 152
18 20
7 5
17 23
69 53
32 40
71 66
11 8
10 17
7 6
5 4
54 51
125 129
18 20
18 15
20 16
158 145
17 19
249 360
35 35
7 8
12 12
6 5
18 23
44 45
116 94
61 48
89 65
27 24
8 9
56 56
229 215
9 12
28 21
97 86
71 80
179 201
11 8
23 20
11 12
4 2
15 10
5 5
13 13
5 5
18 18
58 83
10 12
15 24
22 33
235 259
137 92
20 12
12 8
22 12
84 118
23 19
5 5
180 237
200 219
4 2
77 101
147 130
41 33
16 19
10 11
72 139
73 81
5 4
25 28
19 26
5 4
151 149
123 108
47 31
36 33
38 36
10 7
9 9
28 42
73 66
78 142
27 31
42 72
25 17
6 6
18 15
240 228
12 10
59 37
81 90
9 10
30 23
48 22
43 30
182 153
101 110
13 15
31 34
6 8
48 73
29 38
7 7
14 20
44 40
99 118
86 97
22 30
111 82
7 6
8 6
10 6
14 18
74 35
4 5
49 52
99 138
93 88
75 90
8 7
89 100
6 9
37 50
8 8
17 21
18 15
166 231
109 92
36 41
16 15
141 403
19 16
12 19
59 70
22 30
190 131
7 4
15 9
204 346
191 203
117 123
7 6
5 3
167 140
77 117
51 37
62 62
53 40
34 44
127 170
75 80
28 30
53 42
48 32
19 34
9 11
52 55
50 101
5 6
24 32
5 6
47 45
58 47
172 211
246 348
6 6
26 30
133 132
104 107
20 13
17 15
20 15
13 6
6 10
16 17
95 99
4 4
7 6
112 147
9 19
14 18
89 95
5 5
109 63
75 51
6 6
21 22
55 64
98 82
106 143
69 162
250 217
11 12
50 44
5 5
66 59
6 5
163 126
120 110
147 151
6 4
5 6
21 13
36 39
8 9
22 15
28 49
4 4
84 81
16 18
44 17
166 181
23 24
6 8
9 14
19 35
81 77
187 149
18 32
150 111
38 58
157 100
214 232
133 124
5 4
24 21
41 32
12 26
79 81
9 12
157 155
6 10
254 201
148 176
195 275
7 8
74 76
115 132
12 15
151 106
224 150
98 94
33 40
12 13
10 16
12 20
59 29
5 4
6 5
10 6
122 74
9 10
65 143
35 39
16 24
43 48
16 10
12 6
228 190
26 35
57 64
89 85
101 112
188 104
203 332
25 40
36 32
11 13
96 122
174 245
36 48
4 3
82 54
91 85
205 190
92 118
8 11
164 102
67 66
4 3
7 7
46 39
120 108
135 137
56 53
9 6
8 8
12 9
120 154
169 121
144 145
18 23
96 94
5 5
178 137
19 35
10 8
15 15
10 13
13 16
5 5
239 261
7 5
11 13
11 15
6 6
62 30
14 18
55 31
15 11
40 44
82 60
120 151
34 24
135 139
140 157
15 14
111 90
19 32
11 6
151 95
165 182
98 79
21 8
12 16
9 6
57 42
40 43
4 4
69 65
44 29
10 10
18 33
56 78
88 72
9 14
26 26
5 5
4 4
14 8
46 55
13 11
116 121
4 5
157 139
42 62
42 36
86 124
12 17
222 305
255 243
19 16
133 149
18 15
5 5
6 5
58 64
39 42
253 278
4 10
7 5
19 21
63 59
91 78
54 81
54 46
206 160
44 60
184 129
50 56
233 164
94 121
14 13
29 43
224 264
8 14
37 33
129 98
115 79
6 4
80 92
95 141
246 202
28 29
8 12
83 82
25 21
4 3
34 46
167 210
56 64
5 5
7 8
42 41
51 44
15 21
72 58
27 15
144 180
44 56
8 6
9 13
14 11
5 5
18 26
87 58
8 3
32 36
4 8
32 21
37 39
31 25
180 115
6 2
181 156
117 192
43 94
20 16
53 79
18 10
8 17
7 7
4 9
13 15
21 35
23 15
47 38
37 24
5 3
4 3
7 8
24 31
103 67
14 16
6 6
19 21
5 5
51 58
20 20
9 12
10 14
10 20
105 82
26 24
174 154
35 39
19 13
7 6
130 179
190 178
86 81
6 6
22 17
112 122
8 15
71 65
63 112
35 33
4 6
137 83
214 343
11 11
82 103
26 20
89 35
59 65
6 5
8 8
243 243
19 25
141 72
6 6
15 16
44 82
39 48
5 3
31 28
44 34
156 116
12 13
85 87
94 65
38 26
151 101
22 13
15 16
18 11
18 17
88 84
47 56
30 23
32 23
160 166
90 149
9 4
29 19
27 17
6 6
12 15
33 19
14 14
5 4
9 11
11 6
13 15
138 155
126 114
13 10
6 6
24 18
132 124
5 6
29 25
10 7
40 31
121 110
18 14
30 22
6 4
8 9
89 71
194 137
10 3
10 6
71 60
70 196
11 4
154 151
7 7
99 84
38 44
211 213
97 128
6 5
10 9
11 7
121 88
241 462
116 138
41 47
10 9
5 8
26 26
25 24
5 5
5 3
4 6
40 34
5 2
132 197
11 9
10 7
12 14
4 7
9 5
10 7
7 5
5 3
6 8
208 243
27 16
10 9
33 27
40 26
32 40
76 68
12 15
206 229
5 3
111 143
125 152
5 4
30 16
22 34
239 227
6 5
8 6
56 33
41 28
6 5
19 18
94 69
19 9
37 51
37 24
137 107
13 15
10 7
238 129
9 6
58 52
4 5
8 12
128 203
44 29
94 70
125 137
4 5
167 210
11 16
6 6
145 124
34 34
6 5
8 7
6 3
15 13
5 5
62 36
7 8
169 224
241 271
6 10
146 101
8 8
33 29
199 360
12 11
177 134
24 14
23 30
15 15
7 6
34 48
46 46
63 36
56 67
59 56
28 36
231 205
12 11
10 8
10 9
45 78
34 27
16 17
6 10
165 151
30 51
159 138
90 101
8 8
68 66
6 9
10 11
20 36
200 164
100 79
35 43
5 5
110 59
67 57
151 143
145 228
35 63
12 15
38 30
9 8
86 81
146 129
176 170
53 49
20 22
138 79
14 12
35 49
90 89
12 13
6 9
239 206
34 38
27 29
16 18
6 5
252 234
237 312
77 132
68 37
59 76
5 7
80 66
59 101
14 11
6 4
95 117
51 64
18 10
72 49
17 31
142 200
12 10
35 28
33 31
6 10
100 84
13 14
205 389
5 4
6 5
124 103
4 6
17 23
30 18
30 22
90 58
6 4
55 31
201 139
7 7
23 21
181 230
45 32
11 6
21 40
149 152
74 71
5 4
143 114
89 103
12 18
57 51
54 41
40 45
181 186
7 8
88 81
83 77
14 15
52 41
15 21
251 414
18 14
41 31
9 11
4 7
8 8
66 146
4 4
39 30
187 253
7 8
44 37
27 20
5 4
10 8
44 29
11 7
48 27
6 5
171 138
7 5
5 5
5 4
253 296
21 22
5 8
252 201
17 39
69 56
115 110
13 15
60 56
139 188
17 17
40 47
7 10
6 5
45 27
94 138
36 27
50 49
141 117
250 215
49 40
247 241
122 136
10 15
6 5
36 38
15 22
42 30
39 48
22 22
92 134
18 14
8 7
4 6
39 37
112 84
15 15
8 13
62 70
6 5
10 14
13 14
88 82
34 32
214 182
16 27
83 114
6 7
7 8
209 161
163 247
108 151
98 84
42 59
14 18
41 30
136 133
66 68
24 33
35 40
9 9
123 255
47 42
7 6
165 119
16 18
71 101
58 85
19 13
144 109
9 11
5 4
33 49
26 33
43 27
33 44
62 47
7 5
25 17
204 324
79 84
152 223
13 20
134 214
66 52
43 51
19 33
6 5
6 8
171 130
129 84
19 10
8 9
5 4
74 92
11 9
217 232
7 5
21 16
119 161
20 22
134 127
246 214
99 128
61 73
11 8
6 5
16 20
45 73
98 123
31 40
15 13
33 27
120 94
40 24
76 88
178 120
29 52
74 44
95 120
73 83
4 4
9 5
124 158
212 159
4 6
126 191
227 148
26 19
203 207
183 142
18 10
190 247
120 82
155 219
9 9
35 37
72 88
17 24
15 21
9 8
4 4
154 167
18 19
229 266
109 123
25 19
44 63
4 3
92 176
20 19
113 114
28 18
11 7
14 15
159 119
46 48
11 13
33 47
96 122
186 113
5 5
186 182
159 111
12 9
22 21
8 8
35 78
213 198
24 26
11 5
14 20
174 97
210 320
34 31
28 21
5 6
172 301
164 127
36 36
118 64
81 95
12 11
125 78
29 68
11 9
20 39
113 167
40 20
6 10
23 11
32 29
8 9
5 3
5 3
216 201
141 130
118 97
6 9
40 42
87 141
6 5
13 14
5 5
67 49
16 14
86 84
6 4
5 6
14 15
239 291
13 11
178 229
242 179
7 3
6 5
78 66
5 6
5 6
47 43
98 137
177 164
33 34
16 11
149 118
6 5
33 31
21 18
74 44
5 9
33 28
124 155
33 36
38 27
103 141
145 96
17 16
5 3
7 7
105 60
18 19
52 40
30 28
46 41
46 100
17 9
65 69
10 5
16 10
5 7
35 38
158 139
32 19
87 65
4 6
121 185
8 10
8 5
6 6
91 114
133 109
214 127
83 62
5 7
8 13
15 15
140 186
23 25
4 3
255 215
5 6
46 42
105 108
10 10
5 3
4 6
17 20
163 120
11 9
7 9
12 9
47 36
90 126
8 8
25 28
139 61
45 33
8 5
45 99
22 18
12 14
25 29
15 17
194 222
159 128
5 4
27 41
82 62
7 6
120 121
15 7
164 131
36 26
41 44
75 60
12 8
33 45
101 160
7 8
30 30
65 80
42 43
116 99
5 3
70 68
16 16
132 165
24 19
122 124
21 24
7 7
81 61
99 142
5 6
21 17
7 7
28 26
54 42
190 140
12 8
12 6
11 12
4 4
6 5
144 216
10 7
200 222
41 34
30 41
255 196
8 9
139 135
66 69
6 5
109 98
114 188
18 44
32 22
69 106
91 100
46 40
10 9
8 11
11 10
11 9
7 5
52 26
6 9
102 115
221 301
4 3
121 139
149 189
45 32
59 62
218 188
21 20
162 133
6 6
46 37
125 86
41 27
21 25
8 5
6 6
223 168
237 394
12 17
10 11
101 115
52 68
11 11
198 128
23 33
13 12
172 225
15 15
9 16
5 7
25 41
105 148
6 5
51 35
31 32
7 6
8 7
7 9
36 22
56 61
18 19
14 23
16 8
5 6
99 65
126 207
74 83
213 216
135 116
4 7
79 57
113 72
67 75
109 132
46 36
22 38
160 188
25 17
18 31
25 38
9 16
29 29
6 5
34 47
10 11
219 72
5 3
128 112
21 23
150 106
15 13
18 32
6 6
166 460
19 10
10 10
93 78
15 7
36 21
232 336
6 6
86 68
45 129
131 104
54 62
9 10
214 318
55 34
175 147
10 10
182 144
16 11
146 121
7 9
243 339
186 291
25 41
11 13
157 136
38 33
168 189
7 8
5 4
218 163
20 15
1 13
0 19
4 0
2 0
0 1 0
0 40 35
0 32 27
0 1 0
2 0 6
0 38 25
0 1 0
2 0 10
4 0 511
0 1 0
0 4 4
4 0 452
0 1 0
4 0 786
0 12 9
0 1 0
1 29 185
0 10 11
0 1 0
1 36 160
0 49 58
0 1 0
2 0 5
3 0 10
0 1 0
1 23 99
0 47 64
0 1 0
4 0 701
0 42 41
0 1 0
1 29 96
0 10 9
0 1 0
3 0 9
0 42 34
0 1 0
4 0 928
0 39 35
0 1 0
1 6 24
3 0 0
0 1 0
4 0 737
0 45 59
0 1 0
0 22 10
1 14 67
0 1 0
3 0 4
3 0 1
0 1 0
0 4 3
3 0 9
0 1 0
2 0 1
0 5 5
0 1 0
1 21 139
0 26 35
0 1 0
3 0 7
2 0 2
0 1 0
1 2 8
0 29 30
0 1 0
0 49 29
0 40 20
0 1 0
2 0 10
1 47 333
0 1 0
1 2 6
0 34 28
0 1 0
4 0 579
1 37 191
0 1 0
1 40 289
1 1 5
0 1 0
3 0 5
0 45 16
0 1 0
1 10 30
0 30 35
0 1 0
0 34 30
1 6 36
0 1 0
2 0 1
2 0 6
0 1 0
1 43 173
1 18 129
0 1 0
1 2 6
2 0 6
0 1 0
1 47 208
0 46 45
0 1 0
0 23 27
2 0 3
0 1 0
4 0 919
1 10 58
0 1 0
3 0 5
3 0 6
0 1 0
4 0 862
0 36 39
0 1 0
2 0 1
1 5 23
0 1 0
4 0 503
3 0 8
0 1 0
0 6 3
1 42 198
0 1 0
1 30 197
1 15 96
0 1 0
1 2 12
1 11 58
0 1 0
0 27 21
1 29 174
0 1 0
0 31 36
0 8 6
0 1 0
2 0 4
1 29 106
0 1 0
1 5 22
0 4 3
0 1 0
0 13 19
0 49 60
0 1 0
2 0 2
1 50 87
0 1 0
2 0 3
3 0 3
0 1 0
2 0 8
1 38 185
0 1 0
1 24 125
3 0 7
0 1 0
0 24 28
2 0 1
0 1 0
4 0 272
1 48 196
0 1 0
2 0 8
0 23 14
0 1 0
1 15 97
1 47 174
0 1 0
2 0 5
1 7 58
0 1 0
1 10 33
3 0 2
0 1 0
1 5 33
0 39 34
0 1 0
4 0 840
2 0 1
0 1 0
1 9 15
1 10 21
0 1 0
3 0 6
0 30 38
0 1 0
3 0 8
2 0 2
0 1 0
0 11 10
2 0 7
0 1 0
0 2 2
3 0 8
0 1 0
4 0 916
3 0 3
0 1 0
3 0 2
2 0 9
0 1 0
0 13 21
3 0 9
0 1 0
3 0 2
3 0 7
0 1 0
3 0 9
1 13 29
0 1 0
4 0 1000
2 0 3
0 1 0
1 37 105
1 20 69
0 1 0
3 0 5
0 45 52
0 1 0
0 8 4
4 0 844
0 1 0
2 0 8
2 0 2
0 1 0
3 0 0
4 0 678
0 1 0
2 0 0
0 35 33
0 1 0
0 9 4
2 0 7
0 1 0
0 26 34
2 0 1
0 1 0
2 0 2
2 0 9
0 1 0
2 0 7
0 46 48
0 1 0
1 36 173
0 21 30
0 1 0
0 49 56
1 40 190
0 1 0
0 47 51
1 33 165
0 1 0
2 0 10
2 0 9
0 1 0
4 0 386
0 14 18
0 1 0
1 37 169
0 26 32
0 1 0
1 2 6
2 0 8
0 1 0
0 13 19
3 0 2
0 1 0
1 40 181
1 34 43
0 1 0
2 0 3
1 49 88
0 1 0
1 31 113
2 0 6
0 1 0
0 22 30
1 49 255
0 1 0
0 37 47
2 0 2
0 1 0
3 0 7
0 43 50
0 1 0
0 46 60
2 0 4
0 1 0
2 0 8
1 5 24
0 1 0
0 1 1
0 10 17
0 1 0
2 0 1
1 1 6
0 1 0
2 0 10
4 0 732
0 1 0
2 0 7
0 14 4
0 1 0
0 46 54
1 47 148
0 1 0
1 1 4
4 0 743
0 1 0
3 0 4
4 0 469
0 1 0
0 1 1
3 0 10
0 1 0
4 0 306
1 28 147
0 1 0
1 5 20
2 0 0
0 1 0
1 9 45
4 0 997
0 1 0
0 24 38
4 0 439
0 1 0
0 7 7
0 38 35
0 1 0
0 24 21
1 4 32
0 1 0
2 0 9
0 39 22
0 1 0
1 42 153
0 27 19
0 1 0
0 19 13
0 46 21
0 1 0
2 0 2
2 0 5
0 1 0
2 0 5
0 24 25
0 1 0
1 20 67
0 48 34
0 1 0
4 0 788
0 12 19
0 1 0
3 0 4
0 34 24
0 1 0
2 0 8
0 12 10
0 1 0
1 38 181
0 44 41
0 1 0
1 6 36
1 23 161
0 1 0
0 48 54
0 47 44
0 1 0
2 0 3
3 0 10
0 1 0
4 0 200
0 31 44
0 1 0
4 0 779
1 38 208
0 1 0
0 33 32
1 21 114
0 1 0
0 46 53
0 46 21
0 1 0
2 0 0
3 0 7
0 1 0
0 44 33
2 0 7
0 1 0
1 18 154
0 36 55
0 1 0
1 48 138
0 11 6
0 1 0
3 0 0
1 40 95
0 1 0
2 0 4
3 0 5
0 1 0
0 50 68
3 0 1
0 1 0
2 0 10
1 20 116
0 1 0
0 13 2
1 43 166
0 1 0
1 20 78
1 21 125
0 1 0
3 0 9
4 0 494
0 1 0
4 0 248
3 0 9
0 1 0
2 0 8
0 50 54
0 1 0
1 48 348
0 19 24
0 1 0
0 35 19
4 0 610
0 1 0
1 36 101
0 36 33
0 1 0
0 40 39
4 0 812
0 1 0
4 0 932
2 0 8
0 1 0
1 16 79
0 31 11
0 1 0
0 47 58
3 0 1
0 1 0
1 9 29
3 0 0
0 1 0
0 26 30
0 31 25
0 1 0
2 0 7
1 45 341
0 1 0
0 37 53
3 0 8
0 1 0
3 0 7
0 19 7
0 1 0
0 48 50
0 15 8
0 1 0
1 49 323
2 0 1
0 1 0
0 32 33
1 20 75
0 1 0
2 0 5
3 0 5
0 1 0
1 43 197
4 0 375
0 1 0
4 0 250
1 6 39
0 1 0
2 0 6
0 31 44
0 1 0
2 0 1
2 0 0
0 1 0
3 0 7
3 0 8
0 1 0
0 27 34
2 0 6
0 1 0
4 0 238
0 22 16
0 1 0
1 12 60
3 0 4
0 1 0
0 23 18
0 49 59
0 1 0
0 15 22
3 0 5
0 1 0
4 0 594
1 24 98
0 1 0
3 0 4
0 3 4
0 1 0
1 10 40
3 0 6
0 1 0
3 0 10
4 0 458
0 1 0
2 0 7
2 0 6
0 1 0
0 11 13
1 10 56
0 1 0
0 29 1
3 0 6
0 1 0
1 26 81
0 38 32
0 1 0
3 0 0
0 46 36
0 1 0
2 0 10
0 22 16
0 1 0
3 0 10
1 15 63
0 1 0
1 6 40
0 9 11
0 1 0
0 7 3
0 30 26
0 1 0
1 14 58
0 47 52
0 1 0
1 37 149
3 0 2
0 1 0
0 40 30
3 0 6
0 1 0
0 26 29
0 33 21
0 1 0
1 41 212
2 0 4
0 1 0
0 13 7
2 0 9
0 1 0
0 48 78
1 42 237
0 1 0
1 37 294
0 14 18
0 1 0
4 0 358
0 20 14
0 1 0
3 0 3
2 0 6
0 1 0
0 23 19
0 8 7
0 1 0
2 0 10
4 0 688
0 1 0
0 36 18
3 0 5
0 1 0
0 4 3
0 30 31
0 1 0
0 18 14
2 0 4
0 1 0
4 0 979
1 1 4
0 1 0
2 0 1
2 0 7
0 1 0
1 44 312
0 2 1
0 1 0
1 36 207
4 0 233
0 1 0
0 5 8
0 33 31
0 1 0
4 0 807
2 0 3
0 1 0
0 2 1
1 13 57
0 1 0
1 44 197
0 31 38
0 1 0
3 0 6
2 0 8
0 1 0
2 0 3
3 0 1
0 1 0
1 6 40
1 6 18
0 1 0
1 13 72
3 0 7
0 1 0
4 0 950
1 31 100
0 1 0
0 4 4
4 0 530
0 1 0
2 0 10
1 25 170
0 1 0
0 31 39
3 0 0
0 1 0
2 0 0
1 25 165
0 1 0
3 0 9
1 4 24
0 1 0
2 0 1
1 29 205
0 1 0
3 0 4
2 0 3
0 1 0
2 0 9
3 0 3
0 1 0
2 0 0
3 0 10
0 1 0
1 15 63
0 35 54
0 1 0
1 49 194
3 0 2
0 1 0
1 33 199
2 0 3
0 1 0
3 0 3
0 26 15
0 1 0
4 0 261
1 19 112
0 1 0
1 2 14
4 0 464
0 1 0
4 0 735
3 0 4
0 1 0
0 5 5
1 15 56
0 1 0
1 9 37
1 46 177
0 1 0
3 0 7
0 48 76
0 1 0
1 40 246
0 29 31
0 1 0
1 37 188
1 2 13
0 1 0
3 0 4
2 0 2
0 1 0
1 2 7
2 0 5
0 1 0
0 27 30
0 40 35
0 1 0
2 0 3
3 0 9
0 1 0
1 5 35
1 26 149
0 1 0
0 15 16
0 49 30
0 1 0
3 0 7
1 13 117
0 1 0
1 31 132
4 0 849
0 1 0
1 4 22
1 35 112
0 1 0
0 30 20
2 0 2
0 1 0
3 0 5
0 8 9
0 1 0
0 34 25
1 41 225
0 1 0
4 0 479
3 0 5
0 1 0
0 18 26
1 25 65
0 1 0
3 0 2
0 45 33
0 1 0
1 41 161
0 23 22
0 1 0
0 8 8
1 16 60
0 1 0
1 50 275
0 47 61
0 1 0
0 6 5
0 48 31
0 1 0
1 34 93
4 0 483
0 1 0
4 0 270
0 37 7
0 1 0
0 21 16
0 16 13
0 1 0
0 33 21
0 8 5
0 1 0
4 0 338
2 0 0
0 1 0
1 42 161
2 0 0
0 1 0
4 0 318
0 19 18
0 1 0
0 39 69
1 40 325
0 1 0
1 39 239
3 0 2
0 1 0
2 0 3
1 33 118
0 1 0
1 9 53
0 39 41
0 1 0
1 34 193
2 0 8
0 1 0
1 34 188
3 0 8
0 1 0
1 8 45
1 42 89
0 1 0
4 0 783
2 0 0
0 1 0
0 46 50
4 0 977
0 1 0
2 0 5
0 47 21
0 1 0
0 16 4
0 50 81
0 1 0
0 34 40
3 0 9
0 1 0
0 25 28
0 8 9
0 1 0
4 0 822
0 37 12
0 1 0
1 34 168
0 9 8
0 1 0
1 48 217
0 3 4
0 1 0
1 46 248
3 0 4
0 1 0
1 45 333
0 11 8
0 1 0
2 0 7
0 18 24
0 1 0
1 3 22
3 0 1
0 1 0
0 25 25
0 20 17
0 1 0
3 0 9
3 0 1
0 1 0
0 36 48
0 18 14
0 1 0
0 13 15
1 32 164
0 1 0
1 39 204
1 8 19
0 1 0
1 24 65
2 0 6
0 1 0
0 17 23
4 0 696
0 1 0
0 45 28
0 48 47
0 1 0
1 9 41
1 43 307
0 1 0
1 2 12
0 7 4
0 1 0
1 5 20
2 0 5
0 1 0
4 0 402
3 0 5
0 1 0
0 19 22
0 22 19
0 1 0
1 47 346
1 7 55
0 1 0
3 0 7
1 11 63
0 1 0
1 13 44
3 0 4
0 1 0
1 2 9
2 0 9
0 1 0
0 28 25
0 41 19
0 1 0
2 0 7
2 0 6
0 1 0
3 0 8
3 0 3
0 1 0
0 46 27
0 9 15
0 1 0
0 20 15
1 3 11
0 1 0
1 30 248
2 0 5
0 1 0
0 3 4
2 0 6
0 1 0
3 0 7
3 0 8
0 1 0
4 0 670
4 0 527
0 1 0
0 33 40
4 0 693
0 1 0
2 0 10
0 24 34
0 1 0
1 50 248
1 31 137
0 1 0
1 39 230
0 38 22
0 1 0
1 34 157
3 0 4
0 1 0
1 29 48
0 22 24
0 1 0
3 0 2
0 22 16
0 1 0
2 0 3
1 48 392
0 1 0
1 40 112
3 0 0
0 1 0
1 45 391
0 6 6
0 1 0
1 2 4
3 0 4
0 1 0
2 0 3
3 0 6
0 1 0
2 0 7
0 42 50
0 1 0
0 36 32
4 0 747
0 1 0
0 31 32
0 40 23
0 1 0
0 5 6
2 0 5
0 1 0
0 17 10
2 0 3
0 1 0
3 0 5
1 36 214
0 1 0
1 49 198
2 0 8
0 1 0
0 47 49
3 0 3
0 1 0
0 23 23
4 0 696
0 1 0
4 0 848
0 26 30
0 1 0
3 0 8
2 0 0
0 1 0
1 14 103
3 0 7
0 1 0
0 33 33
0 17 23
0 1 0
1 21 121
0 22 20
0 1 0
2 0 8
2 0 6
0 1 0
0 25 28
2 0 6
0 1 0
2 0 4
4 0 396
0 1 0
0 20 15
1 43 164
0 1 0
2 0 1
0 49 38
0 1 0
0 41 36
1 45 243
0 1 0
2 0 1
0 4 5
0 1 0
2 0 5
2 0 5
0 1 0
1 41 131
0 39 60
0 1 0
0 38 54
1 3 19
0 1 0
0 43 40
2 0 0
0 1 0
3 0 7
3 0 7
0 1 0
3 0 5
2 0 4
0 1 0
1 30 145
1 32 223
0 1 0
1 7 57
0 1 1
0 1 0
1 49 392
4 0 623
0 1 0
0 1 1
3 0 0
0 1 0
1 45 243
0 6 6
0 1 0
0 35 16
1 26 166
0 1 0
1 10 39
2 0 10
0 1 0
1 45 165
0 41 36
0 1 0
1 7 36
0 12 12
0 1 0
1 12 38
1 31 155
0 1 0
1 36 245
1 26 155
0 1 0
2 0 6
0 33 31
0 1 0
2 0 3
0 4 4
0 1 0
0 7 7
1 18 97
0 1 0
0 5 3
2 0 10
0 1 0
3 0 3
0 43 70
0 1 0
2 0 7
2 0 5
0 1 0
1 44 192
0 4 4
0 1 0
3 0 6
0 17 15
0 1 0
0 20 29
2 0 6
0 1 0
3 0 3
0 9 7
0 1 0
1 48 25
0 22 33
0 1 0
1 36 220
0 5 4
0 1 0
2 0 10
0 33 22
0 1 0
0 8 9
3 0 10
0 1 0
1 40 245
0 10 14
0 1 0
1 11 87
0 36 43
0 1 0
1 33 223
0 32 41
0 1 0
0 28 7
4 0 717
0 1 0
0 1 1
3 0 10
0 1 0
3 0 9
0 48 71
0 1 0
0 19 19
1 39 192
0 1 0
2 0 2
2 0 10
0 1 0
2 0 5
2 0 1
0 1 0
4 0 445
1 5 26
0 1 0
0 9 6
3 0 10
0 1 0
2 0 6
2 0 1
0 1 0
1 46 238
1 16 96
0 1 0
1 20 115
0 32 35
0 1 0
2 0 0
0 22 18
0 1 0
1 15 53
3 0 9
0 1 0
0 40 48
0 50 23
0 1 0
2 0 5
1 20 72
0 1 0
3 0 4
1 43 309
0 1 0
1 5 16
2 0 10
0 1 0
0 46 46
3 0 9
0 1 0
0 10 17
1 38 197
0 1 0
0 11 5
0 50 82
0 1 0
4 0 374
0 18 33
0 1 0
3 0 7
1 7 33
0 1 0
4 0 798
0 40 49
0 1 0
0 50 74
0 45 41
0 1 0
0 42 42
0 44 34
0 1 0
2 0 8
1 36 286
0 1 0
1 12 59
0 43 23
0 1 0
4 0 993
1 42 36
0 1 0
1 37 181
1 21 68
0 1 0
1 42 246
0 36 35
0 1 0
1 43 163
0 36 31
0 1 0
2 0 1
0 42 55
0 1 0
1 18 121
1 49 236
0 1 0
0 26 21
0 42 56
0 1 0
2 0 7
2 0 0
0 1 0
2 0 8
1 23 133
0 1 0
1 24 144
3 0 7
0 1 0
3 0 5
1 8 35
0 1 0
0 38 47
2 0 8
0 1 0
3 0 2
0 20 20
0 1 0
1 39 270
1 40 207
0 1 0
1 18 80
2 0 10
0 1 0
1 14 83
0 49 26
0 1 0
3 0 10
1 22 115
0 1 0
1 23 79
0 26 17
0 1 0
0 23 20
0 26 25
0 1 0
0 39 25
2 0 4
0 1 0
2 0 8
0 16 10
0 1 0
1 5 25
4 0 881
0 1 0
0 16 15
4 0 292
0 1 0
2 0 6
4 0 734
0 1 0
1 25 94
1 45 171
0 1 0
3 0 9
2 0 9
0 1 0
1 18 112
0 16 15
0 1 0
2 0 3
0 45 34
0 1 0
3 0 6
2 0 3
0 1 0
2 0 1
2 0 9
0 1 0
0 3 3
1 33 123
0 1 0
2 0 8
2 0 7
0 1 0
0 34 39
3 0 7
0 1 0
1 36 164
1 12 63
0 1 0
0 40 38
2 0 2
0 1 0
0 12 15
3 0 2
0 1 0
3 0 1
0 9 11
0 1 0
3 0 8
2 0 8
0 1 0
2 0 1
4 0 593
0 1 0
2 0 1
4 0 478
0 1 0
4 0 214
2 0 0
0 1 0
2 0 10
3 0 4
0 1 0
2 0 0
0 28 26
0 1 0
1 31 205
2 0 1
0 1 0
1 46 337
0 22 20
0 1 0
3 0 6
1 28 157
0 1 0
4 0 630
0 43 28
0 1 0
1 19 103
0 50 54
0 1 0
0 8 5
0 2 1
0 1 0
1 2 8
2 0 2
0 1 0
0 18 16
0 40 7
0 1 0
1 1 5
1 8 40
0 1 0
4 0 424
0 13 12
0 1 0
1 49 144
1 3 9
0 1 0
0 22 14
2 0 2
0 1 0
0 47 27
3 0 4
0 1 0
4 0 997
0 24 32
0 1 0
4 0 231
1 35 198
0 1 0
3 0 3
1 50 265
0 1 0
0 18 9
0 5 6
0 1 0
3 0 5
3 0 9
0 1 0
0 41 57
3 0 3
0 1 0
4 0 653
2 0 10
0 1 0
1 3 14
1 49 230
0 1 0
1 6 32
0 16 20
0 1 0
4 0 622
2 0 5
0 1 0
0 4 3
3 0 5
0 1 0
0 5 1
3 0 2
0 1 0
2 0 3
0 42 58
0 1 0
1 46 217
1 14 74
0 1 0
1 40 244
0 38 44
0 1 0
3 0 7
2 0 6
0 1 0
2 0 0
1 44 206
0 1 0
0 47 55
1 40 307
0 1 0
0 18 21
1 10 34
0 1 0
1 46 132
2 0 0
0 1 0
1 33 46
4 0 379
0 1 0
0 16 20
2 0 4
0 1 0
1 46 118
1 25 140
0 1 0
3 0 10
2 0 9
0 1 0
0 7 8
2 0 5
0 1 0
1 26 74
3 0 8
0 1 0
1 14 39
0 24 36
0 1 0
1 36 158
0 29 34
0 1 0
1 5 31
4 0 796
0 1 0
2 0 10
1 24 141
0 1 0
0 25 21
4 0 919
0 1 0
0 43 36
0 36 26
0 1 0
1 32 191
1 14 2
0 1 0
3 0 5
0 7 3
0 1 0
0 10 16
1 22 80
0 1 0
0 21 8
3 0 8
0 1 0
0 14 11
1 29 204
0 1 0
2 0 8
0 24 16
0 1 0
0 3 2
0 16 18
0 1 0
2 0 1
2 0 5
0 1 0
1 46 253
1 24 137
0 1 0
2 0 6
1 35 241
0 1 0
3 0 5
0 42 47
0 1 0
2 0 3
1 21 95
0 1 0
3 0 5
0 34 41
0 1 0
0 19 15
1 24 66
0 1 0
2 0 1
1 27 67
0 1 0
2 0 1
0 37 19
0 1 0
1 34 247
3 0 8
0 1 0
0 36 34
0 3 2
0 1 0
1 21 97
2 0 1
0 1 0
4 0 829
0 47 39
0 1 0
0 35 35
0 2 1
0 1 0
3 0 9
1 8 48
0 1 0
0 9 7
1 18 90
0 1 0
2 0 8
3 0 5
0 1 0
2 0 1
0 42 14
0 1 0
2 0 6
4 0 873
0 1 0
0 27 23
0 6 9
0 1 0
0 46 28
1 21 114
0 1 0
0 4 3
0 32 22
0 1 0
0 3 2
1 19 42
0 1 0
1 49 204
1 45 74
0 1 0
0 33 40
2 0 0
0 1 0
1 1 4
2 0 2
0 1 0
1 29 179
2 0 8
0 1 0
1 7 56
1 25 201
0 1 0
0 5 6
2 0 5
0 1 0
0 36 48
1 35 145
0 1 0
1 14 81
0 1 1
0 1 0
1 22 107
3 0 0
0 1 0
4 0 482
1 46 222
0 1 0
4 0 406
4 0 814
0 1 0
0 11 10
1 44 250
0 1 0
0 42 43
1 36 87
0 1 0
3 0 1
1 36 232
0 1 0
2 0 4
2 0 9
0 1 0
1 22 131
0 7 10
0 1 0
0 19 24
3 0 2
0 1 0
1 36 231
1 10 54
0 1 0
3 0 2
1 31 185
0 1 0
2 0 8
3 0 5
0 1 0
1 47 175
1 34 165
0 1 0
2 0 1
1 17 114
0 1 0
3 0 7
1 22 85
0 1 0
4 0 722
1 3 13
0 1 0
2 0 3
0 48 76
0 1 0
0 8 5
3 0 7
0 1 0
1 32 188
0 3 2
0 1 0
1 23 109
3 0 3
0 1 0
2 0 1
0 29 44
0 1 0
4 0 905
3 0 9
0 1 0
1 33 88
0 31 59
0 1 0
1 17 105
1 19 95
0 1 0
3 0 8
0 47 31
0 1 0
0 35 1
0 43 25
0 1 0
0 10 8
1 31 174
0 1 0
0 47 53
1 45 235
0 1 0
2 0 5
2 0 10
0 1 0
0 4 2
1 44 129
0 1 0
2 0 9
1 21 113
0 1 0
1 6 17
2 0 2
0 1 0
3 0 7
0 25 20
0 1 0
1 33 75
2 0 6
0 1 0
3 0 2
3 0 5
0 1 0
3 0 6
1 11 43
0 1 0
1 7 41
0 39 40
0 1 0
3 0 9
0 45 36
0 1 0
3 0 8
3 0 0
0 1 0
1 49 187
1 7 23
0 1 0
4 0 600
0 40 43
0 1 0
1 49 293
2 0 7
0 1 0
2 0 9
2 0 5
0 1 0
0 22 14
1 8 59
0 1 0
1 29 135
0 45 51
0 1 0
2 0 4
0 1 1
0 1 0
0 45 21
0 3 4
0 1 0
1 44 192
0 17 24
0 1 0
1 47 213
0 7 6
0 1 0
0 18 17
1 33 185
0 1 0
1 44 227
0 9 13
0 1 0
1 34 186
0 20 23
0 1 0
1 15 85
3 0 2
0 1 0
0 8 10
1 12 58
0 1 0
0 8 9
3 0 7
0 1 0
1 2 12
0 46 55
0 1 0
3 0 0
1 29 260
0 1 0
0 3 2
2 0 8
0 1 0
3 0 2
0 31 8
0 1 0
1 10 48
0 29 42
0 1 0
3 0 6
4 0 569
0 1 0
1 37 192
0 32 29
0 1 0
1 26 82
0 21 27
0 1 0
2 0 2
1 22 129
0 1 0
0 39 68
1 1 6
0 1 0
1 20 111
1 13 78
0 1 0
1 50 362
3 0 8
0 1 0
0 48 49
1 48 306
0 1 0
1 9 58
3 0 2
0 1 0
0 28 17
1 40 181
0 1 0
1 34 176
2 0 10
0 1 0
3 0 6
1 50 275
0 1 0
0 16 18
1 5 28
0 1 0
3 0 1
3 0 0
0 1 0
3 0 8
0 3 4
0 1 0
0 3 4
2 0 3
0 1 0
1 14 80
0 6 9
0 1 0
0 39 54
0 38 43
0 1 0
2 0 5
1 41 86
0 1 0
2 0 10
0 1 1
0 1 0
1 46 202
3 0 6
0 1 0
0 7 4
1 42 271
0 1 0
3 0 10
2 0 2
0 1 0
0 18 23
0 2 2
0 1 0
3 0 4
3 0 7
0 1 0
0 6 9
2 0 8
0 1 0
1 46 93
0 5 3
0 1 0
0 11 11
1 1 5
0 1 0
0 11 7
3 0 1
0 1 0
0 10 12
0 6 7
0 1 0
1 35 250
2 0 6
0 1 0
1 14 53
0 47 57
0 1 0
3 0 1
3 0 0
0 1 0
2 0 8
3 0 7
0 1 0
4 0 909
3 0 10
0 1 0
3 0 10
2 0 4
0 1 0
2 0 10
3 0 0
0 1 0
4 0 225
0 43 37
0 1 0
3 0 5
0 45 45
0 1 0
0 43 52
4 0 793
0 1 0
2 0 4
0 41 33
0 1 0
0 34 49
2 0 6
0 1 0
1 46 126
0 37 44
0 1 0
2 0 1
2 0 2
0 1 0
4 0 431
0 27 15
0 1 0
0 11 11
3 0 1
0 1 0
0 37 30
3 0 7
0 1 0
1 15 44
2 0 10
0 1 0
1 27 240
0 12 7
0 1 0
3 0 9
2 0 10
0 1 0
2 0 1
4 0 950
0 1 0
1 33 106
0 43 35
0 1 0
2 0 9
4 0 616
0 1 0
0 13 13
1 40 207
0 1 0
1 26 156
2 0 6
0 1 0
0 4 7
1 14 64
0 1 0
2 0 4
0 17 11
0 1 0
3 0 1
2 0 7
0 1 0
4 0 574
4 0 226
0 1 0
1 31 166
0 11 14
0 1 0
1 13 80
1 9 76
0 1 0
0 7 9
2 0 0
0 1 0
3 0 10
0 6 3
0 1 0
0 8 10
0 13 11
0 1 0
0 41 71
0 16 10
0 1 0
1 32 169
1 42 298
0 1 0
4 0 769
2 0 0
0 1 0
0 23 20
1 14 63
0 1 0
3 0 2
4 0 904
0 1 0
3 0 6
4 0 663
0 1 0
3 0 5
0 8 10
0 1 0
1 28 106
0 30 32
0 1 0
3 0 1
2 0 5
0 1 0
3 0 5
0 6 2
0 1 0
1 13 55
1 21 111
0 1 0
2 0 3
2 0 4
0 1 0
0 15 7
1 19 74
0 1 0
0 29 30
1 46 225
0 1 0
4 0 822
1 45 200
0 1 0
2 0 10
0 34 16
0 1 0
2 0 7
4 0 272
0 1 0
0 38 14
2 0 5
0 1 0
3 0 3
0 18 21
0 1 0
1 15 81
1 38 77
0 1 0
3 0 4
2 0 0
0 1 0
2 0 5
1 45 276
0 1 0
1 12 41
2 0 7
0 1 0
2 0 8
0 30 37
0 1 0
0 20 26
0 31 31
0 1 0
4 0 415
4 0 294
0 1 0
2 0 0
0 9 13
0 1 0
0 32 19
2 0 2
0 1 0
1 35 269
2 0 0
0 1 0
1 30 155
1 4 19
0 1 0
0 34 40
1 31 211
0 1 0
1 36 187
0 9 9
0 1 0
1 21 96
3 0 2
0 1 0
1 50 51
2 0 6
0 1 0
0 26 18
3 0 6
0 1 0
2 0 9
0 21 21
0 1 0
1 5 31
4 0 588
0 1 0
0 28 35
1 49 130
0 1 0
3 0 10
1 18 61
0 1 0
1 17 110
0 30 44
0 1 0
0 38 59
0 10 10
0 1 0
4 0 712
0 11 17
0 1 0
0 29 41
0 28 10
0 1 0
1 45 226
4 0 294
0 1 0
0 40 56
0 26 32
0 1 0
2 0 5
0 20 12
0 1 0
1 34 267
1 15 71
0 1 0
0 37 27
1 28 139
0 1 0
3 0 4
0 8 10
0 1 0
2 0 3
2 0 4
0 1 0
1 7 32
0 16 16
0 1 0
1 34 75
3 0 2
0 1 0
3 0 10
1 49 301
0 1 0
1 29 143
0 50 47
0 1 0
1 25 134
0 12 14
0 1 0
3 0 8
2 0 0
0 1 0
2 0 1
0 19 19
0 1 0
3 0 7
4 0 565
0 1 0
1 8 48
4 0 723
0 1 0
2 0 10
0 42 33
0 1 0
1 14 72
3 0 5
0 1 0
0 32 21
1 22 73
0 1 0
1 29 145
0 24 29
0 1 0
0 27 21
1 42 351
0 1 0
2 0 7
0 30 26
0 1 0
2 0 6
2 0 2
0 1 0
0 48 37
1 44 142
0 1 0
1 27 167
2 0 0
0 1 0
0 35 31
1 30 170
0 1 0
1 8 54
0 6 5
0 1 0
0 38 29
1 49 328
0 1 0
1 50 292
2 0 6
0 1 0
3 0 3
0 25 29
0 1 0
0 33 47
1 8 43
0 1 0
2 0 5
0 36 34
0 1 0
3 0 9
4 0 850
0 1 0
3 0 2
4 0 345
0 1 0
2 0 3
0 14 20
0 1 0
0 23 27
2 0 8
0 1 0
1 47 255
3 0 3
0 1 0
0 10 14
0 19 22
0 1 0
1 33 173
1 15 52
0 1 0
3 0 1
1 5 40
0 1 0
2 0 3
1 12 86
0 1 0
3 0 6
0 37 21
0 1 0
0 35 23
1 10 53
0 1 0
1 18 118
1 3 7
0 1 0
1 26 119
0 24 27
0 1 0
0 32 31
3 0 1
0 1 0
2 0 9
3 0 7
0 1 0
1 32 215
2 0 7
0 1 0
1 21 68
1 25 37
0 1 0
1 13 58
3 0 5
0 1 0
4 0 252
0 2 2
0 1 0
2 0 0
3 0 5
0 1 0
1 11 45
1 35 124
0 1 0
4 0 779
1 12 75
0 1 0
2 0 4
2 0 5
0 1 0
3 0 5
2 0 2
0 1 0
3 0 9
0 42 43
0 1 0
4 0 271
0 40 18
0 1 0
4 0 339
2 0 4
0 1 0
0 30 51
4 0 716
0 1 0
0 34 33
1 27 125
0 1 0
0 33 36
1 23 97
0 1 0
1 20 125
1 21 119
0 1 0
3 0 2
1 9 48
0 1 0
2 0 4
3 0 10
0 1 0
1 42 208
3 0 3
0 1 0
0 2 2
3 0 7
0 1 0
4 0 719
1 45 220
0 1 0
1 23 94
1 39 183
0 1 0
0 33 38
0 5 4
0 1 0
2 0 9
1 6 28
0 1 0
4 0 207
1 48 229
0 1 0
1 34 185
2 0 3
0 1 0
3 0 5
0 8 10
0 1 0
0 23 22
1 37 312
0 1 0
0 9 8
0 15 18
0 1 0
0 44 30
1 16 116
0 1 0
1 5 27
0 2 2
0 1 0
0 27 38
1 35 152
0 1 0
1 38 114
4 0 961
0 1 0
1 50 353
2 0 1
0 1 0
1 42 256
2 0 10
0 1 0
1 40 57
1 8 36
0 1 0
3 0 6
3 0 7
0 1 0
0 1 1
1 49 118
0 1 0
1 9 45
1 9 34
0 1 0
2 0 4
1 7 51
0 1 0
3 0 5
0 15 13
0 1 0
2 0 9
1 34 31
0 1 0
0 35 38
0 27 37
0 1 0
3 0 8
1 41 250
0 1 0
2 0 4
0 17 19
0 1 0
2 0 3
1 16 79
0 1 0
4 0 258
3 0 0
0 1 0
1 18 89
2 0 9
0 1 0
0 19 14
2 0 4
0 1 0
1 36 194
3 0 7
0 1 0
0 17 12
0 26 24
0 1 0
1 9 45
0 40 52
0 1 0
2 0 3
0 21 26
0 1 0
2 0 4
0 24 37
0 1 0
1 10 51
1 3 14
0 1 0
0 24 19
2 0 9
0 1 0
0 29 31
1 31 174
0 1 0
1 49 244
3 0 0
0 1 0
3 0 1
0 35 11
0 1 0
1 43 93
2 0 3
0 1 0
0 10 13
3 0 1
0 1 0
0 20 11
3 0 2
0 1 0
4 0 841
0 28 17
0 1 0
1 12 75
2 0 3
0 1 0
1 7 25
1 50 134
0 1 0
1 8 23
1 14 17
0 1 0
0 25 18
2 0 5
0 1 0
0 30 19
1 2 8
0 1 0
0 26 28
3 0 9
0 1 0
0 14 5
0 40 33
0 1 0
1 14 71
2 0 2
0 1 0
1 3 17
2 0 2
0 1 0
2 0 2
2 0 7
0 1 0
0 31 31
0 18 12
0 1 0
1 21 64
1 15 81
0 1 0
1 50 298
0 49 45
0 1 0
3 0 0
2 0 7
0 1 0
4 0 614
3 0 1
0 1 0
1 27 101
1 23 56
0 1 0
0 22 28
4 0 343
0 1 0
2 0 5
0 42 50
0 1 0
1 40 135
1 17 101
0 1 0
2 0 5
1 16 90
0 1 0
3 0 8
1 15 118
0 1 0
2 0 6
1 5 39
0 1 0
0 50 44
2 0 3
0 1 0
0 41 30
3 0 2
0 1 0
3 0 6
0 5 6
0 1 0
1 35 153
3 0 0
0 1 0
0 45 29
1 30 148
0 1 0
0 37 37
3 0 7
0 1 0
2 0 8
3 0 4
0 1 0
3 0 7
3 0 7
0 1 0
2 0 9
2 0 1
0 1 0
0 38 34
0 16 24
0 1 0
0 7 10
1 23 60
0 1 0
1 37 134
4 0 536
0 1 0
1 10 41
3 0 4
0 1 0
2 0 4
3 0 0
0 1 0
2 0 8
0 14 19
0 1 0
0 47 13
4 0 427
0 1 0
3 0 10
2 0 0
0 1 0
0 44 61
1 43 260
0 1 0
1 35 142
1 1 7
0 1 0
3 0 7
2 0 10
0 1 0
0 35 43
1 21 220
0 1 0
0 39 49
0 50 48
0 1 0
4 0 986
0 13 7
0 1 0
3 0 9
0 36 38
0 1 0
0 24 25
3 0 7
0 1 0
1 39 122
1 16 118
0 1 0
0 48 62
0 9 9
0 1 0
2 0 3
1 35 258
0 1 0
3 0 8
0 31 7
0 1 0
3 0 10
1 31 282
0 1 0
1 6 14
2 0 0
0 1 0
0 21 17
3 0 4
0 1 0
3 0 8
4 0 853
0 1 0
0 26 22
2 0 8
0 1 0
0 10 7
1 31 232
0 1 0
3 0 7
2 0 0
0 1 0
1 33 156
1 48 263
0 1 0
1 6 18
1 38 99
0 1 0
4 0 599
2 0 0
0 1 0
4 0 245
3 0 1
0 1 0
0 42 39
0 38 38
0 1 0
0 48 47
0 7 6
0 1 0
2 0 1
2 0 7
0 1 0
2 0 2
2 0 8
0 1 0
0 18 17
1 31 213
0 1 0
1 40 166
1 49 255
0 1 0
2 0 10
0 3 4
0 1 0
0 42 70
0 41 32
0 1 0
3 0 6
2 0 7
0 1 0
0 17 8
3 0 3
0 1 0
2 0 3
0 4 3
0 1 0
1 11 31
2 0 10
0 1 0
0 46 31
2 0 2
0 1 0
1 24 134
2 0 8
0 1 0
3 0 1
3 0 9
0 1 0
2 0 6
3 0 7
0 1 0
0 12 9
1 32 198
0 1 0
2 0 1
0 10 12
0 1 0
4 0 272
0 38 20
0 1 0
0 22 21
3 0 2
0 1 0
1 1 3
2 0 6
0 1 0
4 0 497
0 48 67
0 1 0
1 40 238
3 0 4
0 1 0
3 0 7
0 37 49
0 1 0
4 0 879
0 37 41
0 1 0
0 49 49
1 28 108
0 1 0
1 11 66
3 0 1
0 1 0
2 0 1
1 27 157
0 1 0
1 47 449
3 0 2
0 1 0
1 23 130
2 0 4
0 1 0
3 0 6
4 0 975
0 1 0
1 41 166
2 0 2
0 1 0
0 26 32
1 12 67
0 1 0
1 44 221
2 0 3
0 1 0
0 37 53
3 0 4
0 1 0
0 39 39
2 0 7
0 1 0
1 29 100
2 0 3
0 1 0
1 8 61
1 31 230
0 1 0
1 27 173
1 1 2
0 1 0
2 0 9
2 0 1
0 1 0
2 0 9
1 3 22
0 1 0
0 46 74
0 24 26
0 1 0
0 22 22
1 20 58
0 1 0
3 0 7
0 47 51
0 1 0
0 48 51
1 21 158
0 1 0
0 2 1
2 0 6
0 1 0
2 0 1
0 8 12
0 1 0
0 44 38
3 0 7
0 1 0
0 36 42
0 22 18
0 1 0
3 0 1
1 43 146
0 1 0
2 0 9
0 8 13
0 1 0
1 49 260
4 0 662
0 1 0
3 0 7
2 0 7
0 1 0
4 0 334
3 0 10
0 1 0
0 29 21
3 0 6
0 1 0
1 3 18
1 41 264
0 1 0
0 13 22
1 3 20
0 1 0
1 5 34
1 7 50
0 1 0
1 22 63
1 27 140
0 1 0
1 25 164
0 46 45
0 1 0
0 21 22
0 23 26
0 1 0
0 19 21
1 20 79
0 1 0
0 10 6
1 5 25
0 1 0
4 0 854
0 21 29
0 1 0
2 0 0
1 4 2
0 1 0
2 0 4
1 2 10
0 1 0
3 0 4
3 0 5
0 1 0
1 33 188
3 0 9
0 1 0
0 44 49
0 22 18
0 1 0
3 0 9
0 47 51
0 1 0
1 2 7
0 9 9
0 1 0
0 46 41
1 47 226
0 1 0
0 13 15
3 0 7
0 1 0
0 29 33
3 0 10
0 1 0
3 0 4
1 47 232
0 1 0
2 0 6
0 35 20
0 1 0
1 38 227
1 15 54
0 1 0
4 0 775
1 41 170
0 1 0
0 29 30
2 0 6
0 1 0
0 46 66
2 0 3
0 1 0
3 0 7
1 37 186
0 1 0
4 0 642
3 0 2
0 1 0
3 0 4
1 10 47
0 1 0
0 2 1
0 34 29
0 1 0
1 5 15
1 35 146
0 1 0
0 34 35
1 23 196
0 1 0
1 38 160
0 22 23
0 1 0
1 26 163
0 40 37
0 1 0
1 29 161
0 44 30
0 1 0
1 27 204
3 0 9
0 1 0
0 26 26
1 48 254
0 1 0
1 40 202
1 40 305
0 1 0
0 44 49
1 38 151
0 1 0
2 0 4
4 0 421
0 1 0
0 11 4
3 0 9
0 1 0
3 0 7
0 14 11
0 1 0
2 0 6
1 50 216
0 1 0
2 0 8
0 13 22
0 1 0
2 0 5
0 17 15
0 1 0
2 0 0
1 15 89
0 1 0
0 46 49
3 0 10
0 1 0
2 0 2
3 0 4
0 1 0
2 0 2
2 0 2
0 1 0
1 35 202
0 3 2
0 1 0
1 24 155
2 0 6
0 1 0
2 0 3
4 0 371
0 1 0
0 8 5
2 0 4
0 1 0
0 22 20
0 46 40
0 1 0
0 42 52
1 48 272
0 1 0
0 32 34
3 0 0
0 1 0
1 31 45
3 0 4
0 1 0
2 0 7
1 29 146
0 1 0
1 35 228
3 0 5
0 1 0
1 36 177
0 27 21
0 1 0
2 0 3
1 37 103
0 1 0
0 42 31
0 45 83
0 1 0
3 0 5
1 44 228
0 1 0
2 0 0
1 32 216
0 1 0
2 0 8
2 0 4
0 1 0
4 0 746
2 0 5
0 1 0
2 0 8
1 14 84
0 1 0
0 45 40
4 0 875
0 1 0
4 0 824
3 0 7
0 1 0
1 26 186
0 6 3
0 1 0
1 27 170
3 0 4
0 1 0
4 0 907
2 0 4
0 1 0
2 0 9
3 0 10
0 1 0
2 0 3
3 0 0
0 1 0
0 35 28
3 0 3
0 1 0
1 2 8
3 0 0
0 1 0
3 0 7
0 15 14
0 1 0
4 0 815
2 0 9
0 1 0
1 34 201
0 46 55
0 1 0
2 0 6
1 4 12
0 1 0
4 0 409
2 0 3
0 1 0
2 0 0
2 0 2
0 1 0
1 31 208
3 0 0
0 1 0
3 0 10
1 14 56
0 1 0
4 0 473
0 6 4
0 1 0
1 30 134
1 5 27
