7 3 2 1000
8 8
61 54
7 9
11 12
61 43
30 27
13 14
42 27
93 109
14 16
65 62
151 140
18 17
17 27
16 21
169 186
63 76
7 10
14 13
218 235
6 10
60 73
79 103
174 121
16 27
46 76
192 190
9 15
33 35
6 8
4 5
11 11
134 118
55 49
8 13
26 20
108 108
49 38
78 60
39 16
218 250
42 41
164 113
8 10
10 18
5 4
8 13
19 20
67 47
51 56
191 335
13 7
28 25
6 3
33 35
5 5
9 7
189 207
5 4
75 99
47 43
18 22
14 14
10 12
24 15
45 44
15 13
61 39
9 12
67 87
108 66
32 22
196 186
15 9
66 57
62 95
203 159
7 6
9 15
13 17
67 50
97 83
18 21
31 36
77 31
153 104
16 23
38 32
6 10
248 213
124 101
125 89
105 140
45 35
22 20
10 13
10 11
22 15
147 112
35 38
15 12
16 15
35 17
130 103
39 42
178 376
170 205
207 116
11 21
8 7
48 32
5 5
190 272
244 317
80 73
19 25
27 22
14 18
6 7
137 178
7 8
35 15
12 9
6 7
117 79
18 13
35 37
242 219
12 10
4 2
5 4
37 52
13 20
28 28
126 150
55 31
36 59
108 85
16 14
36 36
94 51
57 47
92 157
16 19
22 18
52 61
5 7
6 8
10 8
8 6
5 4
96 71
20 21
9 8
112 102
40 44
192 143
38 47
7 8
13 8
11 11
128 123
65 53
59 76
5 3
10 7
160 153
12 9
163 290
46 39
9 10
43 30
28 39
5 8
58 41
5 3
157 175
4 2
22 19
11 10
11 8
33 25
156 156
248 150
6 3
104 102
103 176
192 339
6 11
28 20
4 6
170 237
112 64
19 13
24 36
46 38
106 132
34 32
59 51
5 4
5 4
238 597
39 39
32 25
12 36
28 36
28 54
27 43
54 50
13 15
222 402
65 61
17 12
7 6
4 2
10 19
8 10
22 15
143 155
13 11
33 74
4 9
21 31
5 4
6 5
5 5
131 126
5 4
9 8
68 118
16 20
24 27
18 13
12 9
5 2
252 357
50 71
68 65
11 11
15 14
43 27
120 77
28 28
6 12
34 34
5 5
52 98
10 13
4 5
4 5
29 33
5 5
27 39
22 26
16 14
47 33
10 5
8 12
18 18
6 5
25 34
4 7
16 12
14 17
18 17
220 180
8 8
7 6
19 39
15 19
24 22
43 40
74 71
78 154
12 9
84 103
11 5
180 89
239 350
55 53
36 30
5 3
33 32
100 133
28 41
8 8
5 5
14 13
219 164
15 10
80 116
5 6
17 17
34 50
9 6
8 6
54 31
16 9
79 114
4 7
7 9
183 279
53 44
5 9
219 232
29 22
11 14
20 32
7 7
18 15
51 42
61 24
20 14
89 95
6 4
243 340
70 48
73 54
4 2
6 7
16 12
12 9
117 124
41 56
120 146
148 178
7 7
68 68
63 100
12 14
59 36
184 142
10 17
12 12
201 186
19 39
12 11
208 185
118 137
94 165
12 8
52 44
47 23
43 68
201 447
10 14
31 25
14 16
11 17
83 70
9 15
41 25
21 21
134 232
113 187
38 45
14 15
13 15
7 5
76 77
20 18
15 15
8 7
38 26
24 18
5 4
35 66
13 11
17 19
183 61
22 33
80 54
20 14
156 142
62 77
5 6
228 291
38 22
16 21
29 37
51 61
19 17
12 13
76 86
46 38
128 202
19 16
6 4
5 4
74 49
18 14
4 4
24 21
7 4
11 9
123 186
14 10
19 28
4 4
35 41
168 188
88 176
22 28
60 83
23 19
82 94
25 22
192 221
10 13
20 16
4 5
27 18
4 4
7 9
87 122
6 6
20 31
29 55
13 10
7 5
17 20
7 9
50 43
118 100
106 70
68 40
60 40
7 7
10 8
37 26
61 45
52 63
14 13
9 14
189 133
31 32
41 66
16 12
64 54
56 52
14 17
4 4
37 40
40 45
116 126
80 107
18 33
4 4
100 87
111 195
7 9
28 24
67 99
223 129
9 11
91 74
103 82
24 13
244 590
19 19
90 89
22 34
49 54
13 15
15 7
108 105
98 247
92 135
8 7
18 17
32 37
58 68
28 32
6 9
76 153
77 94
9 10
120 68
17 12
23 18
19 17
212 148
179 154
6 13
8 12
12 10
174 138
18 22
7 5
71 50
5 3
37 54
203 132
7 5
50 46
251 299
77 69
4 4
22 17
99 77
108 118
8 12
18 10
217 214
253 149
21 27
25 34
59 58
24 22
105 59
7 7
59 88
67 31
21 27
55 71
11 10
11 14
18 22
62 88
8 7
12 8
21 21
38 25
128 113
26 37
11 13
5 6
4 3
29 24
31 33
13 12
69 83
188 182
225 144
4 3
8 11
33 20
112 165
145 158
34 17
93 80
19 21
126 94
7 9
117 60
4 6
20 31
101 131
100 116
53 53
120 191
19 29
88 117
5 10
18 11
13 11
57 127
51 37
214 250
6 4
113 121
93 131
77 144
48 62
5 6
6 8
145 177
11 8
5 5
34 55
6 7
109 96
132 201
21 32
56 50
53 50
25 14
28 11
42 85
202 139
180 220
146 145
15 13
217 199
185 108
256 244
68 39
117 154
8 5
19 23
108 131
36 30
8 8
88 60
165 178
202 165
32 38
169 144
132 159
200 131
4 3
84 69
70 40
95 116
5 9
80 86
7 14
5 5
21 24
94 71
4 5
225 143
4 6
50 36
54 58
42 38
69 70
11 7
12 6
4 5
11 13
75 135
13 12
255 284
5 6
22 22
181 190
61 66
54 44
11 11
36 37
198 220
34 41
8 15
114 157
5 7
25 31
48 49
6 8
11 8
156 228
104 81
225 188
11 15
12 11
5 3
40 35
13 10
6 3
67 91
36 44
15 19
99 123
49 37
234 349
134 175
51 70
14 19
5 6
39 36
65 50
46 46
19 23
4 3
4 4
5 4
68 52
168 94
9 11
6 10
5 9
93 103
9 7
12 11
12 13
9 9
165 144
68 64
68 107
73 92
23 22
56 74
5 4
55 46
232 184
5 4
6 7
18 14
209 403
5 5
50 59
83 126
40 31
15 18
44 39
108 122
133 114
5 5
220 99
51 85
82 75
24 28
11 13
79 77
43 35
40 45
16 16
41 63
4 3
66 77
8 6
11 9
55 47
11 17
87 76
8 15
9 19
21 27
167 93
42 64
21 15
4 2
173 210
22 12
104 75
9 10
226 313
61 70
114 80
34 29
183 167
10 8
51 33
131 147
33 25
49 121
19 15
11 8
5 5
44 43
5 7
72 98
159 367
5 8
98 79
160 215
9 9
17 18
73 85
223 173
12 15
80 65
5 4
233 192
115 128
48 39
24 17
7 5
181 146
5 4
38 33
176 251
18 10
4 4
31 33
50 47
231 330
25 18
23 12
91 67
55 38
12 14
60 58
115 236
120 115
25 41
23 39
6 4
9 11
45 53
37 22
24 17
166 111
32 30
9 6
29 45
11 9
126 119
173 186
14 15
5 5
25 11
31 26
214 201
25 42
27 28
31 21
79 80
96 82
161 227
139 147
35 12
5 3
45 52
15 12
10 11
133 158
40 41
55 83
192 229
4 6
43 138
20 10
18 21
32 32
162 140
40 40
12 14
9 10
6 8
52 35
51 48
31 18
7 6
22 28
6 8
19 15
198 558
87 83
90 111
90 86
48 60
51 43
115 121
23 12
33 37
12 14
5 6
4 6
78 60
17 13
87 40
17 16
10 6
6 8
8 6
8 7
100 186
6 8
13 17
95 92
11 18
67 43
97 93
10 12
16 21
13 13
106 108
36 37
12 11
19 14
131 166
27 22
124 104
166 148
196 124
130 62
59 89
4 5
16 17
35 28
42 46
243 182
67 75
83 191
8 8
12 13
31 35
55 56
94 80
14 16
7 8
5 4
48 24
190 256
29 31
6 5
138 96
9 11
9 10
8 4
6 7
14 16
88 98
6 7
9 6
19 18
6 5
190 466
9 4
151 236
12 19
8 13
8 4
43 41
12 13
81 64
7 5
15 11
6 6
21 13
5 5
127 207
129 131
68 66
54 54
21 22
7 10
84 53
45 39
162 201
5 6
21 16
7 6
41 44
9 8
19 16
8 4
106 96
166 101
4 4
101 75
6 4
15 17
66 58
53 53
6 4
49 30
88 82
8 9
6 4
199 183
90 157
19 20
110 127
11 13
10 12
8 7
90 65
9 12
129 111
122 56
27 39
13 26
134 68
51 35
17 17
149 105
94 113
4 3
19 41
37 31
20 17
36 48
210 201
11 15
150 211
91 158
9 6
12 17
44 26
19 20
12 18
13 5
42 32
12 13
8 6
15 11
23 22
194 300
219 317
31 31
140 109
10 13
25 23
13 27
6 9
5 4
33 37
244 310
7 4
89 81
13 17
8 15
99 91
44 20
169 165
18 14
4 4
4 5
5 2
204 138
20 15
94 82
19 15
114 150
46 35
32 32
16 16
10 13
67 88
196 185
22 32
4 3
10 7
10 8
188 230
16 14
80 96
4 4
29 33
138 128
7 12
164 173
121 116
5 5
114 87
70 83
4 4
241 334
10 14
14 23
10 11
42 27
4 4
158 203
225 148
133 172
177 185
30 30
205 280
47 25
55 66
113 164
57 54
54 38
8 9
43 38
60 54
13 9
26 32
74 56
4 3
15 17
91 78
13 9
174 146
27 29
22 27
17 11
188 148
37 15
63 40
9 11
26 44
7 8
4 4
30 28
52 58
31 27
5 2
53 47
191 319
106 55
60 54
4 7
7 6
5 5
79 78
20 31
17 19
47 49
57 55
60 66
45 30
5 3
19 23
14 9
7 6
43 77
11 16
30 39
25 16
5 3
33 28
183 153
34 47
9 11
13 7
46 29
163 218
48 48
253 547
20 20
20 16
42 27
29 52
31 25
52 56
29 23
6 7
22 27
4 6
48 34
120 82
77 67
154 180
200 218
171 128
23 36
24 38
8 9
72 113
30 29
7 7
8 9
57 80
67 47
11 5
94 56
25 30
10 10
10 9
35 35
33 46
34 22
11 18
66 72
210 279
14 9
52 53
56 41
132 117
8 8
25 26
19 31
159 104
186 278
229 223
7 3
111 128
79 112
8 10
112 75
34 48
4 5
45 48
9 10
13 11
21 15
94 85
132 63
15 25
15 16
4 5
5 5
154 143
37 37
97 127
21 20
114 130
113 63
34 31
5 6
44 35
8 6
7 3
91 116
78 94
58 68
127 155
18 18
39 50
26 31
187 324
4 6
14 23
131 97
174 378
65 43
8 12
5 4
46 43
58 34
60 55
61 77
7 10
243 300
176 217
31 47
88 101
6 5
69 46
22 37
90 85
5 9
8 8
139 167
91 79
7 5
11 18
11 13
13 14
149 212
9 9
231 155
84 86
91 110
13 13
123 89
22 12
8 13
31 31
9 14
40 44
6 4
178 127
80 160
24 31
5 4
21 23
131 94
12 14
16 13
11 16
23 19
192 158
13 25
34 44
9 10
34 52
16 14
191 169
5 5
137 154
6 6
37 35
7 7
124 162
76 35
94 81
43 39
254 391
22 23
32 32
7 6
76 176
72 90
21 32
37 44
32 28
23 31
212 322
6 6
182 285
5 12
9 10
43 34
61 100
19 8
211 237
9 6
11 7
5 4
117 104
182 158
11 13
4 4
7 7
15 18
7 10
123 135
8 8
38 25
25 24
18 16
39 36
24 37
5 7
115 114
12 21
10 7
75 88
19 16
9 11
233 317
18 21
9 9
22 14
72 48
14 7
27 54
13 8
5 6
223 136
8 9
9 8
10 8
23 30
129 203
16 35
13 14
12 12
13 11
5 7
17 18
124 220
6 11
42 16
158 220
19 25
250 199
37 75
23 32
78 55
11 12
82 108
20 36
92 88
17 24
84 58
37 40
77 73
15 17
7 6
124 93
23 21
181 112
18 14
64 86
28 18
8 6
7 5
33 32
86 80
198 227
112 53
15 22
6 6
206 254
153 417
59 132
232 368
28 22
38 36
112 70
130 81
26 18
9 14
157 140
4 4
28 36
120 136
163 211
7 6
101 189
8 18
86 84
60 57
36 26
18 18
237 245
90 173
7 8
30 38
173 214
73 42
6 9
57 22
133 95
67 54
13 15
5 5
5 3
96 43
41 48
6 10
101 138
14 11
187 352
62 61
224 233
15 14
175 99
28 32
8 12
7 14
74 119
245 236
7 10
240 302
8 10
6 4
38 40
13 8
170 225
18 18
8 6
112 139
101 55
62 36
187 335
55 73
86 63
15 24
34 27
58 95
5 7
79 94
5 4
68 30
166 169
6 4
9 6
4 5
16 15
11 7
6 9
116 48
13 13
15 18
113 93
37 49
10 23
25 31
9 9
89 135
5 8
57 36
73 88
29 29
136 109
223 250
241 320
43 30
79 82
9 8
12 10
9 10
19 23
75 64
157 140
22 33
9 8
9 8
9 9
64 107
18 24
7 5
4 4
4 6
80 79
7 2
135 154
5 5
80 81
8 10
202 394
61 67
16 29
20 19
15 26
120 124
36 31
15 23
6 6
15 14
117 92
11 9
36 57
204 225
11 8
4 3
9 7
42 36
211 168
80 167
92 96
10 13
18 13
95 106
72 65
5 4
68 113
38 28
5 4
8 6
186 150
59 59
10 5
8 7
34 31
92 97
4 4
6 8
76 55
69 36
8 9
23 32
10 9
75 78
10 13
205 299
82 73
52 37
5 4
14 14
34 32
82 88
48 58
212 256
41 48
11 12
6 3
34 24
197 157
83 90
38 41
11 5
5 6
19 14
101 165
184 202
242 373
17 14
105 140
5 6
211 141
147 98
11 11
175 274
10 7
28 49
199 161
15 15
9 9
84 76
42 33
8 7
5 6
43 50
14 18
181 97
8 5
17 18
33 31
43 22
26 22
26 44
106 172
109 133
5 3
15 19
5 7
6 10
12 22
4 6
38 62
63 102
147 148
6 5
5 6
10 10
4 5
45 35
5 5
104 127
115 121
27 28
22 20
8 8
50 98
27 27
6 5
17 20
45 52
7 11
11 9
44 41
15 26
20 31
5 8
10 7
58 57
8 6
23 21
33 25
29 26
94 113
101 49
19 22
8 8
226 227
42 49
81 75
8 12
106 79
23 24
101 124
243 180
7 8
35 39
38 38
11 16
248 177
42 29
14 13
159 133
14 10
5 4
48 41
11 12
12 13
8 12
193 315
136 122
62 89
110 124
9 12
73 91
69 76
132 104
26 25
23 15
14 15
53 25
82 86
150 290
12 11
81 64
55 54
6 5
235 444
67 95
5 14
234 139
18 20
6 5
213 212
5 6
17 11
90 77
12 9
16 7
209 356
17 14
8 5
63 51
55 58
11 8
89 51
24 27
20 17
47 44
6 8
6 8
255 235
24 15
96 132
52 65
31 24
16 17
66 84
179 262
78 63
5 5
75 49
36 47
80 89
7 6
100 88
93 98
13 12
22 18
7 5
12 9
83 254
51 135
47 23
6 5
13 12
180 242
66 66
85 58
54 63
48 35
6 3
16 20
33 24
79 45
8 10
43 31
113 110
14 16
27 18
140 102
132 224
5 4
7 7
42 57
179 89
11 15
212 247
41 50
86 75
127 100
6 5
33 30
136 78
33 33
22 15
6 6
198 192
7 11
198 237
7 9
189 164
140 300
5 7
14 12
22 26
90 68
17 17
195 223
37 81
11 7
4 3
85 134
14 13
5 3
129 178
50 21
77 59
40 32
51 82
10 7
10 8
19 21
16 10
5 4
120 145
51 75
16 14
9 18
9 10
8 6
246 203
48 36
246 468
102 78
39 35
101 108
48 55
255 170
19 16
7 10
173 150
6 10
48 49
25 21
22 20
25 19
5 6
4 6
7 5
5 6
179 184
6 12
246 122
5 4
6 3
20 12
21 14
15 24
230 237
23 15
195 385
11 14
10 13
90 112
59 40
10 12
34 30
11 12
90 98
65 72
31 41
16 18
14 17
7 9
179 140
203 240
7 10
65 55
10 12
42 63
34 28
5 4
152 213
35 39
26 26
99 134
10 16
22 53
100 77
118 162
45 73
7 7
14 14
57 29
196 203
11 10
35 63
236 222
136 131
244 513
32 20
86 79
195 170
93 72
179 210
81 65
9 8
18 12
29 21
188 192
121 113
47 55
61 129
11 13
21 21
10 8
111 110
10 11
5 14
100 92
45 29
12 14
208 249
162 157
39 71
10 8
114 79
165 289
40 55
5 3
158 129
11 14
13 12
60 42
7 5
57 88
6 6
5 13
54 45
46 72
213 604
19 9
5 9
40 48
203 261
49 60
145 123
28 26
6 4
53 27
106 66
20 17
32 30
20 28
71 83
13 6
13 9
5 5
18 15
6 5
87 84
119 94
32 30
7 6
14 15
13 17
6 7
8 5
6 6
5 5
8 12
98 107
21 23
140 144
9 7
11 9
6 4
6 8
28 24
120 133
20 18
25 12
6 4
5 6
48 55
29 22
166 343
29 30
4 4
36 29
82 96
35 29
22 30
88 78
5 4
10 14
6 4
233 480
10 8
4 4
6 4
40 51
71 54
24 38
32 27
132 78
11 15
8 8
22 23
63 46
10 7
221 223
38 43
20 12
136 253
56 68
11 14
38 35
63 45
15 14
163 271
38 44
38 47
8 11
229 370
12 18
40 63
17 15
19 21
53 51
15 18
31 38
91 100
4 7
17 21
61 66
5 6
21 22
21 23
59 89
108 153
31 67
36 28
4 5
107 238
56 71
46 43
4 9
136 311
220 444
8 6
33 24
23 33
99 82
17 14
23 23
13 14
5 3
122 106
14 10
11 9
103 127
129 91
78 65
95 93
195 300
119 138
35 45
8 11
181 145
18 12
36 57
27 31
125 139
5 5
18 18
13 15
163 77
54 42
34 45
22 15
9 9
5 6
11 21
6 6
5 5
33 32
171 199
9 7
41 47
10 12
54 72
47 38
7 13
14 12
159 115
101 86
125 123
6 7
17 15
13 11
92 166
228 287
191 181
21 34
31 57
163 78
38 57
249 303
208 174
7 6
31 22
107 95
103 104
81 87
124 188
16 16
99 90
17 9
84 77
32 40
76 61
169 338
12 35
25 22
5 8
16 12
90 113
193 179
17 16
137 130
79 110
61 51
54 47
24 30
12 8
37 26
57 37
12 11
37 30
86 59
90 91
5 7
89 163
104 111
78 51
37 47
7 9
36 32
73 72
11 11
26 19
6 10
31 24
8 11
127 153
7 4
51 33
12 18
16 17
247 195
213 115
25 20
85 47
62 77
61 74
67 70
33 26
13 6
8 10
31 45
13 11
25 23
52 77
189 148
6 7
7 14
15 25
87 72
55 44
101 100
10 17
6 3
110 90
6 4
75 101
7 4
65 48
11 10
26 11
4 2
176 132
162 164
81 72
9 8
42 38
5 4
38 41
143 157
28 25
195 164
70 40
8 9
5 6
187 214
143 95
25 32
35 33
75 79
27 30
77 80
5 3
28 20
35 34
7 4
228 376
4 3
114 71
24 50
109 181
185 249
5 6
11 9
116 109
69 71
5 3
62 68
34 22
107 61
50 64
162 251
13 16
4 5
6 7
230 204
18 23
14 19
5 4
65 94
25 30
11 10
10 14
86 88
15 13
167 265
215 245
53 45
49 46
150 172
60 69
47 43
8 12
33 28
37 49
32 22
28 28
28 37
18 19
51 57
55 38
23 19
4 4
84 103
106 116
38 47
99 115
8 6
84 53
91 135
77 83
32 28
59 79
6 4
59 60
150 107
7 6
112 86
10 13
16 15
224 184
28 29
20 23
22 25
10 16
241 226
15 10
26 27
12 6
222 186
65 69
139 142
17 15
33 35
17 23
61 50
33 50
24 31
81 75
65 32
6 3
63 99
103 71
35 33
64 103
4 4
26 17
8 12
11 8
4 7
18 14
4 4
198 191
188 229
57 42
23 27
75 57
100 85
117 70
208 323
52 77
17 11
214 364
118 67
8 13
54 35
6 3
5 3
26 44
13 17
87 76
244 413
14 11
28 19
154 124
21 24
37 24
30 50
22 50
81 59
8 9
210 192
49 67
36 21
8 7
18 16
14 13
99 114
32 26
7 5
12 12
193 92
11 8
67 71
225 265
236 161
12 10
85 62
103 140
5 4
6 5
11 10
48 44
36 39
10 12
12 14
24 22
8 6
9 10
11 5
37 35
66 115
61 94
31 42
132 85
143 162
16 11
5 4
9 4
81 51
45 24
18 15
6 7
47 47
4 4
81 102
18 9
185 194
103 91
71 109
9 10
8 7
19 10
46 59
14 16
4 4
117 132
82 84
15 16
49 48
41 70
5 4
146 107
32 23
25 37
66 65
9 6
14 16
186 195
12 11
9 11
13 9
165 224
10 7
7 4
132 148
22 40
62 47
5 5
24 30
74 69
24 22
23 25
13 13
80 123
28 30
66 36
9 11
88 45
120 82
144 167
24 12
13 20
16 15
6 4
45 47
165 353
4 8
10 8
13 14
27 31
44 29
22 9
175 133
38 56
66 53
35 109
47 40
180 159
104 83
62 60
32 39
150 211
14 19
8 7
10 16
153 133
7 6
11 17
10 7
5 6
162 220
5 6
5 3
26 29
8 8
9 20
38 46
9 7
6 8
4 5
44 45
6 7
212 485
10 5
27 27
42 43
6 6
180 206
10 8
112 147
74 133
26 34
60 70
29 43
32 45
104 91
71 74
37 26
105 46
22 24
6 6
85 130
11 8
253 601
11 8
33 46
64 77
6 8
89 77
124 81
179 216
11 20
12 13
4 3
10 7
57 38
7 13
15 25
10 15
4 5
5 6
224 192
5 6
10 6
124 43
42 36
34 31
4 5
7 4
35 37
44 47
6 5
45 28
46 40
10 5
137 149
70 58
11 14
30 45
43 50
7 7
35 22
215 202
54 43
17 9
245 362
7 5
17 12
193 222
41 71
77 70
148 171
13 27
7 9
11 21
5 6
4 3
14 11
21 17
11 8
147 72
10 17
41 68
32 46
117 107
5 9
7 17
7 5
7 9
23 24
160 196
12 11
102 128
31 37
13 18
187 145
5 4
38 26
11 12
32 19
9 8
28 28
18 23
69 75
90 88
9 11
210 378
7 6
5 3
126 136
17 20
14 25
104 117
36 27
32 27
174 119
58 96
8 7
97 61
35 51
5 7
80 44
12 8
159 197
152 335
17 12
23 47
244 235
5 5
42 42
38 34
19 17
130 156
132 80
45 46
4 5
27 24
14 7
91 78
62 61
239 215
149 116
33 34
72 29
220 190
143 78
86 113
147 73
83 92
9 10
31 22
178 117
24 19
28 23
4 6
6 4
64 52
5 6
16 14
19 20
8 8
60 73
30 32
6 6
13 24
24 23
100 75
44 48
56 33
37 42
8 8
46 20
74 73
7 7
50 62
39 21
6 4
96 77
230 522
18 42
237 149
6 5
7 7
8 7
64 36
243 114
28 21
152 254
8 11
5 7
163 65
10 13
38 25
86 40
9 8
69 54
31 40
5 9
74 64
71 39
20 32
36 46
184 187
130 161
8 6
17 23
7 11
31 37
7 7
38 37
9 8
151 104
4 3
5 6
124 137
80 57
4 5
109 139
114 120
58 80
6 5
17 18
5 5
11 12
196 234
127 154
34 32
80 53
5 4
15 14
8 8
128 155
177 155
5 5
12 17
9 12
17 18
7 10
7 5
9 13
188 92
52 72
90 62
7 6
10 12
169 213
219 299
11 12
21 17
8 4
16 26
5 6
9 7
39 41
13 15
20 20
9 14
10 10
36 28
10 6
32 36
152 126
10 12
20 11
8 9
145 213
30 20
21 17
108 164
10 8
4 9
256 297
9 11
77 73
13 30
68 54
46 56
47 41
4 3
10 6
109 85
23 34
80 59
73 63
6 7
8 8
22 23
5 8
145 96
30 21
178 246
6 5
9 8
14 25
11 22
164 143
4 5
5 4
46 43
20 15
6 4
221 142
4 7
81 117
43 25
121 74
36 54
6 6
105 96
85 99
113 176
11 17
138 146
9 13
16 13
8 12
43 25
168 297
13 10
4 3
66 82
25 31
76 56
23 21
79 100
123 86
43 31
12 14
10 6
101 118
15 14
30 37
11 10
34 42
15 19
113 196
26 35
16 15
15 31
13 10
56 51
207 297
45 35
8 7
17 23
147 84
209 241
83 73
75 25
33 50
8 9
221 206
9 10
59 59
38 48
23 25
49 68
57 73
153 110
4 5
41 38
6 7
73 80
5 8
108 58
85 101
84 60
121 207
170 265
23 43
9 14
13 14
5 6
10 6
122 69
89 56
62 79
32 21
22 18
14 8
32 36
106 128
12 15
54 56
33 21
40 62
9 8
13 14
4 3
50 34
6 4
30 18
68 56
9 5
99 136
13 10
30 26
221 257
22 25
39 113
16 12
158 121
95 87
7 10
223 266
7 5
19 21
6 8
8 9
96 93
6 5
24 28
52 58
57 37
193 249
9 8
5 4
19 23
6 6
38 41
114 77
144 102
5 3
11 5
13 10
41 57
34 26
22 24
29 28
19 23
123 225
23 42
13 12
9 13
87 119
138 89
38 83
33 44
52 65
57 44
136 135
6 10
20 19
10 11
11 8
102 87
13 13
43 49
22 18
16 12
6 9
17 13
163 239
7 11
211 188
29 29
89 60
8 10
206 231
4 5
23 22
6 5
7 6
123 92
6 7
41 68
21 23
19 12
19 17
62 75
99 120
14 13
69 62
17 14
236 155
5 3
65 89
16 16
22 24
32 56
4 3
7 8
13 13
6 7
46 31
7 10
47 49
21 27
6 6
8 7
18 11
165 114
60 50
4 4
47 50
12 10
6 3
47 69
176 164
29 45
224 158
81 78
22 11
28 25
14 8
83 95
89 97
5 6
7 7
12 16
49 43
20 24
150 202
4 4
31 21
116 208
56 66
28 45
54 53
46 30
21 32
25 31
15 12
9 4
65 81
9 8
9 9
212 173
126 130
60 61
45 33
8 5
24 27
23 18
51 55
6 7
56 35
24 22
35 48
53 48
23 25
151 113
18 13
13 10
187 225
151 137
12 11
87 77
9 4
189 167
142 110
12 9
85 90
19 24
58 59
178 329
36 33
17 16
198 168
52 96
130 114
46 62
52 57
14 13
20 27
209 221
236 260
254 373
7 7
31 34
236 272
215 265
9 11
127 159
14 24
42 64
84 133
159 155
26 35
30 13
10 13
13 14
49 63
7 10
45 31
223 244
15 18
8 6
20 22
7 5
24 33
178 177
16 18
47 63
31 38
12 17
40 54
9 13
12 16
229 227
12 10
21 20
94 67
63 58
142 96
28 41
19 31
2 0
2 0
3 0
3 0
3 0
3 0
2 0
0 1 0
2 0 4
0 1 0
2 0 10
0 1 0
2 0 4
0 1 0
2 0 2
0 1 0
2 0 9
0 1 0
2 0 7
0 1 0
2 0 1
0 1 0
3 0 4
0 1 0
2 0 5
0 1 0
1 41 126
0 1 0
3 0 4
0 1 0
2 0 0
0 1 0
2 0 8
0 1 0
1 11 34
0 1 0
2 0 2
0 1 0
2 0 6
0 1 0
1 17 72
0 1 0
3 0 6
0 1 0
2 0 10
0 1 0
4 0 783
0 1 0
2 0 7
0 1 0
2 0 10
0 1 0
3 0 7
0 1 0
2 0 7
0 1 0
3 0 8
0 1 0
2 0 7
0 1 0
2 0 0
0 1 0
1 32 93
0 1 0
2 0 3
0 1 0
3 0 2
0 1 0
2 0 7
0 1 0
2 0 9
0 1 0
2 0 1
0 1 0
2 0 6
0 1 0
4 0 227
0 1 0
4 0 275
0 1 0
3 0 10
0 1 0
3 0 1
0 1 0
2 0 9
0 1 0
2 0 3
0 1 0
3 0 1
0 1 0
4 0 557
0 1 0
3 0 5
0 1 0
3 0 2
0 1 0
2 0 0
0 1 0
1 32 80
0 1 0
3 0 8
0 1 0
2 0 0
0 1 0
3 0 6
0 1 0
3 0 4
0 1 0
3 0 2
0 1 0
4 0 207
0 1 0
2 0 3
0 1 0
3 0 9
0 1 0
3 0 4
0 1 0
2 0 4
0 1 0
3 0 4
0 1 0
2 0 3
0 1 0
2 0 0
0 1 0
2 0 1
0 1 0
0 2 2
0 1 0
3 0 1
0 1 0
2 0 9
0 1 0
3 0 9
0 1 0
1 26 81
0 1 0
1 45 186
0 1 0
2 0 8
0 1 0
2 0 2
0 1 0
3 0 6
0 1 0
2 0 4
0 1 0
2 0 9
0 1 0
3 0 1
0 1 0
2 0 9
0 1 0
3 0 4
0 1 0
2 0 4
0 1 0
3 0 8
0 1 0
1 21 44
0 1 0
3 0 1
0 1 0
3 0 10
0 1 0
4 0 308
0 1 0
4 0 701
0 1 0
3 0 5
0 1 0
2 0 6
0 1 0
4 0 827
0 1 0
2 0 1
0 1 0
1 8 22
0 1 0
2 0 2
0 1 0
2 0 8
0 1 0
2 0 2
0 1 0
3 0 1
0 1 0
2 0 8
0 1 0
1 37 107
0 1 0
4 0 625
0 1 0
1 7 29
0 1 0
3 0 5
0 1 0
2 0 0
0 1 0
3 0 6
0 1 0
3 0 5
0 1 0
1 33 52
0 1 0
2 0 3
0 1 0
2 0 4
0 1 0
0 50 34
0 1 0
1 31 98
0 1 0
1 41 128
0 1 0
3 0 7
0 1 0
2 0 3
0 1 0
1 5 14
0 1 0
2 0 0
0 1 0
2 0 5
0 1 0
3 0 2
0 1 0
3 0 5
0 1 0
2 0 5
0 1 0
3 0 6
0 1 0
2 0 2
0 1 0
2 0 4
0 1 0
1 45 146
0 1 0
1 44 166
0 1 0
2 0 9
0 1 0
2 0 8
0 1 0
0 41 44
0 1 0
2 0 0
0 1 0
2 0 0
0 1 0
4 0 449
0 1 0
2 0 10
0 1 0
2 0 10
0 1 0
4 0 669
0 1 0
2 0 10
0 1 0
2 0 2
0 1 0
3 0 3
0 1 0
3 0 2
0 1 0
0 4 3
0 1 0
3 0 0
0 1 0
2 0 10
0 1 0
2 0 10
0 1 0
1 38 71
0 1 0
3 0 5
0 1 0
3 0 4
0 1 0
1 41 136
0 1 0
1 17 58
0 1 0
2 0 7
0 1 0
1 41 97
0 1 0
2 0 2
0 1 0
3 0 0
0 1 0
2 0 10
0 1 0
2 0 0
0 1 0
1 19 65
0 1 0
1 9 17
0 1 0
1 30 110
0 1 0
2 0 9
0 1 0
2 0 7
0 1 0
2 0 6
0 1 0
3 0 10
0 1 0
3 0 8
0 1 0
2 0 9
0 1 0
3 0 10
0 1 0
1 6 18
0 1 0
2 0 8
0 1 0
1 44 148
0 1 0
2 0 9
0 1 0
3 0 1
0 1 0
1 31 144
0 1 0
0 13 18
0 1 0
4 0 467
0 1 0
3 0 10
0 1 0
2 0 10
0 1 0
2 0 5
0 1 0
3 0 10
0 1 0
2 0 6
0 1 0
1 34 150
0 1 0
3 0 4
0 1 0
3 0 8
0 1 0
2 0 5
0 1 0
0 43 52
0 1 0
2 0 4
0 1 0
1 30 92
0 1 0
2 0 6
0 1 0
2 0 7
0 1 0
1 45 175
0 1 0
0 31 19
0 1 0
1 35 82
0 1 0
3 0 7
0 1 0
2 0 2
0 1 0
2 0 8
0 1 0
2 0 6
0 1 0
1 44 88
0 1 0
2 0 1
0 1 0
2 0 6
0 1 0
2 0 1
0 1 0
2 0 7
0 1 0
0 10 16
0 1 0
3 0 1
0 1 0
2 0 1
0 1 0
2 0 10
0 1 0
3 0 0
0 1 0
1 43 231
0 1 0
2 0 10
0 1 0
2 0 8
0 1 0
1 42 156
0 1 0
1 6 20
0 1 0
2 0 3
0 1 0
2 0 9
0 1 0
2 0 0
0 1 0
2 0 0
0 1 0
3 0 5
0 1 0
2 0 6
0 1 0
2 0 5
0 1 0
3 0 3
0 1 0
2 0 1
0 1 0
3 0 10
0 1 0
0 39 33
0 1 0
2 0 2
0 1 0
1 9 21
0 1 0
2 0 1
0 1 0
2 0 7
0 1 0
2 0 0
0 1 0
2 0 2
0 1 0
2 0 7
0 1 0
2 0 7
0 1 0
3 0 9
0 1 0
4 0 737
0 1 0
4 0 607
0 1 0
1 4 10
0 1 0
2 0 9
0 1 0
2 0 8
0 1 0
3 0 8
0 1 0
3 0 4
0 1 0
2 0 8
0 1 0
2 0 7
0 1 0
3 0 4
0 1 0
2 0 3
0 1 0
0 48 53
0 1 0
0 44 40
0 1 0
2 0 5
0 1 0
1 43 91
0 1 0
0 41 22
0 1 0
3 0 2
0 1 0
3 0 1
0 1 0
3 0 1
0 1 0
3 0 1
0 1 0
0 30 26
0 1 0
2 0 5
0 1 0
3 0 2
0 1 0
2 0 4
0 1 0
1 46 145
0 1 0
1 7 23
0 1 0
2 0 1
0 1 0
2 0 10
0 1 0
2 0 10
0 1 0
2 0 6
0 1 0
3 0 1
0 1 0
3 0 9
0 1 0
3 0 5
0 1 0
1 7 28
0 1 0
2 0 0
0 1 0
3 0 6
0 1 0
2 0 2
0 1 0
3 0 4
0 1 0
2 0 6
0 1 0
2 0 9
0 1 0
3 0 6
0 1 0
3 0 7
0 1 0
2 0 4
0 1 0
1 2 3
0 1 0
4 0 835
0 1 0
2 0 2
0 1 0
3 0 0
0 1 0
3 0 2
0 1 0
2 0 5
0 1 0
3 0 5
0 1 0
0 27 38
0 1 0
3 0 4
0 1 0
2 0 4
0 1 0
2 0 7
0 1 0
4 0 748
0 1 0
2 0 0
0 1 0
2 0 5
0 1 0
2 0 4
0 1 0
1 37 153
0 1 0
3 0 5
0 1 0
1 2 7
0 1 0
3 0 9
0 1 0
3 0 8
0 1 0
2 0 8
0 1 0
2 0 2
0 1 0
1 32 113
0 1 0
2 0 8
0 1 0
3 0 6
0 1 0
4 0 264
0 1 0
3 0 7
0 1 0
2 0 0
0 1 0
3 0 8
0 1 0
3 0 0
0 1 0
2 0 10
0 1 0
2 0 0
0 1 0
1 17 65
0 1 0
2 0 1
0 1 0
0 19 27
0 1 0
1 37 118
0 1 0
1 23 72
0 1 0
3 0 7
0 1 0
0 19 20
0 1 0
3 0 8
0 1 0
2 0 3
0 1 0
1 49 144
0 1 0
3 0 5
0 1 0
2 0 10
0 1 0
3 0 5
0 1 0
1 22 39
0 1 0
2 0 9
0 1 0
2 0 1
0 1 0
3 0 6
0 1 0
2 0 9
0 1 0
1 30 133
0 1 0
2 0 3
0 1 0
2 0 1
0 1 0
3 0 7
0 1 0
1 7 12
0 1 0
1 12 33
0 1 0
3 0 10
0 1 0
3 0 8
0 1 0
3 0 7
0 1 0
2 0 3
0 1 0
3 0 4
0 1 0
2 0 9
0 1 0
3 0 5
0 1 0
2 0 9
0 1 0
1 11 45
0 1 0
3 0 2
0 1 0
3 0 5
0 1 0
3 0 0
0 1 0
3 0 1
0 1 0
2 0 5
0 1 0
3 0 3
0 1 0
1 42 153
0 1 0
4 0 284
0 1 0
3 0 5
0 1 0
1 16 39
0 1 0
2 0 4
0 1 0
2 0 10
0 1 0
2 0 3
0 1 0
1 34 129
0 1 0
2 0 0
0 1 0
3 0 1
0 1 0
3 0 9
0 1 0
2 0 9
0 1 0
1 38 156
0 1 0
3 0 2
0 1 0
2 0 8
0 1 0
3 0 5
0 1 0
0 15 12
0 1 0
2 0 5
0 1 0
3 0 9
0 1 0
2 0 3
0 1 0
2 0 3
0 1 0
3 0 2
0 1 0
2 0 2
0 1 0
1 16 18
0 1 0
3 0 9
0 1 0
2 0 6
0 1 0
3 0 10
0 1 0
2 0 2
0 1 0
2 0 4
0 1 0
2 0 7
0 1 0
3 0 4
0 1 0
3 0 4
0 1 0
0 46 50
0 1 0
3 0 6
0 1 0
1 3 10
0 1 0
1 2 3
0 1 0
2 0 1
0 1 0
2 0 5
0 1 0
3 0 7
0 1 0
2 0 5
0 1 0
1 26 96
0 1 0
3 0 10
0 1 0
0 38 22
0 1 0
1 33 64
0 1 0
2 0 2
0 1 0
1 47 107
0 1 0
2 0 9
0 1 0
2 0 5
0 1 0
2 0 4
0 1 0
0 12 14
0 1 0
2 0 4
0 1 0
3 0 2
0 1 0
3 0 6
0 1 0
2 0 7
0 1 0
1 14 53
0 1 0
2 0 10
0 1 0
2 0 0
0 1 0
1 7 38
0 1 0
2 0 6
0 1 0
4 0 361
0 1 0
3 0 0
0 1 0
2 0 4
0 1 0
3 0 5
0 1 0
1 29 81
0 1 0
2 0 0
0 1 0
1 17 51
0 1 0
1 45 51
0 1 0
2 0 9
0 1 0
2 0 8
0 1 0
3 0 3
0 1 0
2 0 1
0 1 0
4 0 436
0 1 0
3 0 8
0 1 0
1 33 147
0 1 0
3 0 8
0 1 0
2 0 9
0 1 0
3 0 4
0 1 0
2 0 1
0 1 0
3 0 1
0 1 0
2 0 0
0 1 0
4 0 576
0 1 0
1 38 73
0 1 0
2 0 4
0 1 0
2 0 10
0 1 0
2 0 7
0 1 0
3 0 0
0 1 0
2 0 6
0 1 0
4 0 627
0 1 0
4 0 420
0 1 0
1 32 161
0 1 0
2 0 2
0 1 0
2 0 10
0 1 0
2 0 6
0 1 0
3 0 1
0 1 0
2 0 4
0 1 0
2 0 2
0 1 0
2 0 7
0 1 0
2 0 1
0 1 0
2 0 3
0 1 0
1 27 122
0 1 0
1 25 89
0 1 0
2 0 8
0 1 0
3 0 8
0 1 0
3 0 7
0 1 0
3 0 10
0 1 0
2 0 9
0 1 0
1 21 51
0 1 0
2 0 8
0 1 0
2 0 0
0 1 0
3 0 8
0 1 0
2 0 8
0 1 0
3 0 5
0 1 0
0 35 11
0 1 0
2 0 5
0 1 0
1 39 68
0 1 0
2 0 9
0 1 0
2 0 1
0 1 0
1 3 4
0 1 0
1 5 16
0 1 0
2 0 6
0 1 0
3 0 4
0 1 0
2 0 4
0 1 0
2 0 5
0 1 0
2 0 6
0 1 0
2 0 8
0 1 0
3 0 4
0 1 0
3 0 10
0 1 0
2 0 3
0 1 0
4 0 881
0 1 0
2 0 3
0 1 0
0 18 21
0 1 0
2 0 9
0 1 0
2 0 3
0 1 0
1 37 105
0 1 0
2 0 4
0 1 0
2 0 6
0 1 0
2 0 3
0 1 0
2 0 10
0 1 0
2 0 1
0 1 0
3 0 7
0 1 0
2 0 1
0 1 0
0 36 52
0 1 0
1 2 4
0 1 0
2 0 6
0 1 0
1 18 53
0 1 0
1 39 141
0 1 0
3 0 9
0 1 0
2 0 5
0 1 0
3 0 2
0 1 0
3 0 2
0 1 0
2 0 9
0 1 0
2 0 7
0 1 0
3 0 10
0 1 0
3 0 6
0 1 0
3 0 3
0 1 0
1 13 54
0 1 0
1 21 68
0 1 0
3 0 0
0 1 0
2 0 6
0 1 0
4 0 547
0 1 0
2 0 4
0 1 0
3 0 10
0 1 0
2 0 7
0 1 0
3 0 8
0 1 0
2 0 10
0 1 0
2 0 8
0 1 0
3 0 4
0 1 0
1 3 10
0 1 0
3 0 10
0 1 0
3 0 10
0 1 0
1 45 147
0 1 0
3 0 0
0 1 0
2 0 0
0 1 0
3 0 1
0 1 0
2 0 5
0 1 0
3 0 1
0 1 0
2 0 10
0 1 0
2 0 1
0 1 0
2 0 1
0 1 0
2 0 8
0 1 0
2 0 2
0 1 0
2 0 2
0 1 0
2 0 5
0 1 0
2 0 8
0 1 0
2 0 1
0 1 0
2 0 0
0 1 0
3 0 7
0 1 0
4 0 272
0 1 0
2 0 1
0 1 0
1 43 92
0 1 0
2 0 5
0 1 0
0 29 24
0 1 0
1 25 136
0 1 0
1 46 174
0 1 0
2 0 5
0 1 0
1 27 83
0 1 0
2 0 8
0 1 0
3 0 8
0 1 0
2 0 5
0 1 0
3 0 2
0 1 0
4 0 237
0 1 0
3 0 6
0 1 0
2 0 1
0 1 0
1 21 46
0 1 0
1 18 39
0 1 0
2 0 6
0 1 0
0 35 21
0 1 0
0 44 45
0 1 0
1 19 88
0 1 0
2 0 2
0 1 0
2 0 2
0 1 0
2 0 8
0 1 0
3 0 1
0 1 0
1 50 231
0 1 0
2 0 7
0 1 0
2 0 1
0 1 0
2 0 2
0 1 0
0 39 41
0 1 0
2 0 3
0 1 0
2 0 7
0 1 0
2 0 5
0 1 0
2 0 0
0 1 0
2 0 5
0 1 0
2 0 0
0 1 0
3 0 5
0 1 0
3 0 10
0 1 0
3 0 5
0 1 0
3 0 7
0 1 0
2 0 1
0 1 0
2 0 6
0 1 0
3 0 10
0 1 0
2 0 5
0 1 0
2 0 9
0 1 0
1 48 238
0 1 0
0 5 3
0 1 0
3 0 1
0 1 0
2 0 6
0 1 0
2 0 1
0 1 0
2 0 0
0 1 0
2 0 3
0 1 0
2 0 3
0 1 0
1 4 21
0 1 0
3 0 7
0 1 0
2 0 7
0 1 0
0 37 42
0 1 0
2 0 3
0 1 0
3 0 1
0 1 0
2 0 1
0 1 0
3 0 2
0 1 0
3 0 8
0 1 0
2 0 10
0 1 0
1 42 152
0 1 0
2 0 4
0 1 0
0 13 13
0 1 0
1 10 27
0 1 0
2 0 8
0 1 0
1 12 30
0 1 0
2 0 8
0 1 0
2 0 3
0 1 0
4 0 784
0 1 0
2 0 7
0 1 0
3 0 10
0 1 0
2 0 7
0 1 0
2 0 5
0 1 0
3 0 6
0 1 0
2 0 0
0 1 0
2 0 6
0 1 0
2 0 2
0 1 0
2 0 2
0 1 0
4 0 848
0 1 0
2 0 5
0 1 0
3 0 7
0 1 0
2 0 5
0 1 0
1 11 45
0 1 0
2 0 1
0 1 0
1 34 77
0 1 0
0 47 35
0 1 0
1 6 19
0 1 0
2 0 6
0 1 0
0 5 5
0 1 0
1 49 138
0 1 0
1 8 17
0 1 0
3 0 9
0 1 0
2 0 10
0 1 0
3 0 8
0 1 0
2 0 0
0 1 0
1 16 49
0 1 0
2 0 7
0 1 0
3 0 10
0 1 0
2 0 1
0 1 0
1 19 22
0 1 0
2 0 3
0 1 0
2 0 9
0 1 0
2 0 7
0 1 0
4 0 584
0 1 0
3 0 4
0 1 0
2 0 8
0 1 0
2 0 2
0 1 0
0 8 8
0 1 0
2 0 8
0 1 0
3 0 0
0 1 0
2 0 9
0 1 0
1 6 19
0 1 0
0 23 34
0 1 0
1 44 152
0 1 0
2 0 10
0 1 0
3 0 8
0 1 0
2 0 10
0 1 0
2 0 10
0 1 0
1 2 8
0 1 0
1 44 142
0 1 0
2 0 2
0 1 0
2 0 7
0 1 0
4 0 988
0 1 0
4 0 345
0 1 0
2 0 7
0 1 0
2 0 10
0 1 0
4 0 544
0 1 0
0 26 28
0 1 0
1 7 16
0 1 0
2 0 0
0 1 0
2 0 10
0 1 0
2 0 1
0 1 0
3 0 10
0 1 0
2 0 1
0 1 0
1 47 102
0 1 0
0 1 1
0 1 0
2 0 2
0 1 0
4 0 895
0 1 0
2 0 4
0 1 0
3 0 1
0 1 0
2 0 4
0 1 0
2 0 0
0 1 0
3 0 10
0 1 0
3 0 2
0 1 0
1 24 77
0 1 0
3 0 7
0 1 0
1 4 18
0 1 0
2 0 1
0 1 0
1 3 7
0 1 0
2 0 6
0 1 0
3 0 9
0 1 0
2 0 3
0 1 0
3 0 6
0 1 0
3 0 9
0 1 0
0 9 1
0 1 0
0 10 9
0 1 0
3 0 4
0 1 0
3 0 1
0 1 0
3 0 9
0 1 0
1 12 39
0 1 0
3 0 10
0 1 0
3 0 6
0 1 0
2 0 3
0 1 0
2 0 6
0 1 0
3 0 2
0 1 0
1 7 22
0 1 0
2 0 0
0 1 0
4 0 442
0 1 0
1 33 165
0 1 0
2 0 6
0 1 0
2 0 2
0 1 0
2 0 6
0 1 0
3 0 5
0 1 0
2 0 6
0 1 0
2 0 0
0 1 0
2 0 4
0 1 0
2 0 4
0 1 0
1 40 153
0 1 0
3 0 5
0 1 0
1 25 82
0 1 0
1 24 80
0 1 0
3 0 7
0 1 0
3 0 4
0 1 0
2 0 4
0 1 0
2 0 0
0 1 0
3 0 0
0 1 0
2 0 1
0 1 0
1 35 187
0 1 0
2 0 5
0 1 0
2 0 6
0 1 0
2 0 6
0 1 0
3 0 8
0 1 0
2 0 2
0 1 0
1 20 49
0 1 0
2 0 0
0 1 0
3 0 3
0 1 0
1 17 31
0 1 0
1 14 11
0 1 0
2 0 9
0 1 0
4 0 673
0 1 0
2 0 7
0 1 0
2 0 0
0 1 0
3 0 6
0 1 0
2 0 3
0 1 0
2 0 10
0 1 0
3 0 2
0 1 0
3 0 8
0 1 0
3 0 2
0 1 0
3 0 2
0 1 0
1 43 111
0 1 0
3 0 0
0 1 0
1 37 142
0 1 0
3 0 7
0 1 0
3 0 5
0 1 0
2 0 3
0 1 0
3 0 4
0 1 0
0 33 42
0 1 0
1 20 41
0 1 0
2 0 9
0 1 0
2 0 0
0 1 0
3 0 8
0 1 0
2 0 9
0 1 0
4 0 512
0 1 0
3 0 1
0 1 0
2 0 10
0 1 0
2 0 9
0 1 0
2 0 4
0 1 0
2 0 6
0 1 0
3 0 3
0 1 0
4 0 360
0 1 0
2 0 0
0 1 0
3 0 9
0 1 0
3 0 7
0 1 0
2 0 3
0 1 0
2 0 8
0 1 0
1 46 114
0 1 0
2 0 9
0 1 0
3 0 10
0 1 0
3 0 9
0 1 0
3 0 7
0 1 0
4 0 235
0 1 0
2 0 10
0 1 0
2 0 7
0 1 0
3 0 9
0 1 0
2 0 8
0 1 0
2 0 3
0 1 0
3 0 3
0 1 0
2 0 2
0 1 0
2 0 9
0 1 0
3 0 1
0 1 0
0 26 38
0 1 0
3 0 4
0 1 0
4 0 392
0 1 0
2 0 4
0 1 0
2 0 10
0 1 0
2 0 5
0 1 0
2 0 1
0 1 0
4 0 296
0 1 0
2 0 6
0 1 0
2 0 7
0 1 0
2 0 2
0 1 0
0 40 21
0 1 0
2 0 8
0 1 0
2 0 9
0 1 0
1 41 72
0 1 0
3 0 3
0 1 0
4 0 906
0 1 0
2 0 3
0 1 0
3 0 2
0 1 0
2 0 8
0 1 0
3 0 5
0 1 0
2 0 4
0 1 0
2 0 2
0 1 0
0 43 60
0 1 0
2 0 9
0 1 0
2 0 10
0 1 0
3 0 1
0 1 0
2 0 0
0 1 0
2 0 2
0 1 0
4 0 763
0 1 0
2 0 10
0 1 0
1 16 65
0 1 0
2 0 3
0 1 0
3 0 5
0 1 0
2 0 5
0 1 0
2 0 3
0 1 0
3 0 2
0 1 0
1 33 65
0 1 0
2 0 3
0 1 0
2 0 2
0 1 0
2 0 10
0 1 0
4 0 962
0 1 0
1 16 23
0 1 0
3 0 3
0 1 0
1 47 126
0 1 0
2 0 4
0 1 0
2 0 4
0 1 0
3 0 7
0 1 0
1 14 49
0 1 0
2 0 7
0 1 0
2 0 4
0 1 0
2 0 9
0 1 0
3 0 3
0 1 0
1 14 57
0 1 0
3 0 8
0 1 0
1 4 18
0 1 0
2 0 3
0 1 0
3 0 9
0 1 0
3 0 1
0 1 0
3 0 10
0 1 0
2 0 6
0 1 0
3 0 7
0 1 0
2 0 10
0 1 0
2 0 6
0 1 0
3 0 1
0 1 0
2 0 7
0 1 0
2 0 6
0 1 0
2 0 9
0 1 0
2 0 9
0 1 0
2 0 6
0 1 0
2 0 0
0 1 0
2 0 5
0 1 0
2 0 8
0 1 0
0 33 21
0 1 0
1 21 87
0 1 0
0 10 12
0 1 0
2 0 0
0 1 0
2 0 6
0 1 0
1 29 103
0 1 0
2 0 10
0 1 0
1 6 15
0 1 0
2 0 1
0 1 0
1 26 48
0 1 0
1 37 96
0 1 0
2 0 1
0 1 0
3 0 8
0 1 0
0 47 1
0 1 0
3 0 4
0 1 0
3 0 0
0 1 0
4 0 795
0 1 0
2 0 8
0 1 0
1 10 45
0 1 0
3 0 6
0 1 0
2 0 0
0 1 0
2 0 0
0 1 0
3 0 1
0 1 0
1 19 100
0 1 0
0 15 12
0 1 0
3 0 10
0 1 0
1 18 44
0 1 0
4 0 683
0 1 0
3 0 6
0 1 0
3 0 9
0 1 0
2 0 1
0 1 0
1 8 29
0 1 0
2 0 2
0 1 0
2 0 2
0 1 0
2 0 1
0 1 0
3 0 2
0 1 0
2 0 8
0 1 0
2 0 3
0 1 0
3 0 1
0 1 0
3 0 8
0 1 0
3 0 7
0 1 0
2 0 0
0 1 0
3 0 10
0 1 0
1 48 126
0 1 0
4 0 799
0 1 0
2 0 2
0 1 0
2 0 10
0 1 0
3 0 8
0 1 0
4 0 523
0 1 0
2 0 5
0 1 0
3 0 8
0 1 0
3 0 2
0 1 0
2 0 9
0 1 0
1 48 121
0 1 0
2 0 0
0 1 0
3 0 1
0 1 0
2 0 9
0 1 0
1 12 42
0 1 0
2 0 6
0 1 0
1 34 85
0 1 0
2 0 7
0 1 0
2 0 4
0 1 0
2 0 2
0 1 0
3 0 1
0 1 0
2 0 4
0 1 0
1 18 76
0 1 0
4 0 807
0 1 0
2 0 0
0 1 0
2 0 9
0 1 0
1 24 56
0 1 0
3 0 0
0 1 0
3 0 0
0 1 0
2 0 5
0 1 0
2 0 7
0 1 0
3 0 0
0 1 0
3 0 8
0 1 0
1 30 98
0 1 0
2 0 4
0 1 0
2 0 6
0 1 0
2 0 10
0 1 0
1 35 68
0 1 0
4 0 300
0 1 0
2 0 5
0 1 0
3 0 8
0 1 0
2 0 7
0 1 0
2 0 5
0 1 0
3 0 8
0 1 0
3 0 5
0 1 0
4 0 335
0 1 0
2 0 9
0 1 0
3 0 3
0 1 0
3 0 5
0 1 0
0 2 1
0 1 0
3 0 10
0 1 0
2 0 8
0 1 0
1 9 24
0 1 0
2 0 9
0 1 0
1 7 27
0 1 0
2 0 9
0 1 0
2 0 4
0 1 0
2 0 6
0 1 0
3 0 0
0 1 0
0 21 32
0 1 0
2 0 2
0 1 0
2 0 5
0 1 0
3 0 10
0 1 0
3 0 9
0 1 0
2 0 5
0 1 0
2 0 8
0 1 0
1 19 54
0 1 0
3 0 7
0 1 0
2 0 2
0 1 0
1 40 116
0 1 0
1 17 43
0 1 0
3 0 3
0 1 0
3 0 9
0 1 0
3 0 1
0 1 0
3 0 4
0 1 0
1 32 112
0 1 0
2 0 3
0 1 0
2 0 6
0 1 0
2 0 3
0 1 0
2 0 8
0 1 0
3 0 6
0 1 0
1 12 28
0 1 0
1 2 7
0 1 0
2 0 5
0 1 0
2 0 6
0 1 0
2 0 4
0 1 0
1 34 92
0 1 0
3 0 2
0 1 0
1 43 135
0 1 0
3 0 0
0 1 0
3 0 0
0 1 0
2 0 2
0 1 0
3 0 3
0 1 0
2 0 1
0 1 0
1 33 81
0 1 0
2 0 9
0 1 0
2 0 6
0 1 0
3 0 0
0 1 0
3 0 0
0 1 0
3 0 9
0 1 0
2 0 1
0 1 0
2 0 5
0 1 0
1 5 6
0 1 0
2 0 4
0 1 0
4 0 205
0 1 0
2 0 5
0 1 0
2 0 10
0 1 0
2 0 1
0 1 0
2 0 7
0 1 0
2 0 9
