2 5 4 1000
48 63
22 28
8 7
44 34
12 11
95 100
62 30
23 16
32 27
19 21
16 11
31 39
5 6
63 52
4 4
9 16
6 8
85 107
214 198
73 79
87 100
26 36
12 12
16 9
47 22
255 243
10 12
5 7
16 15
18 12
8 4
21 23
10 7
17 16
54 42
113 137
127 148
76 124
156 159
9 3
18 14
63 107
45 82
15 14
155 306
240 365
47 54
60 47
5 5
111 58
55 91
19 24
5 6
34 37
254 160
8 6
8 11
151 193
57 72
35 32
7 7
5 3
7 9
69 64
75 68
5 6
20 10
101 103
100 67
43 44
9 7
6 7
6 10
6 4
28 32
9 5
209 141
15 15
82 116
54 44
15 26
9 8
221 302
28 24
27 25
8 6
135 107
119 191
41 27
39 30
29 47
5 4
6 7
27 46
22 16
5 5
104 73
59 36
48 48
14 16
30 29
23 34
29 49
54 43
81 88
50 39
218 201
56 56
6 5
123 137
4 4
59 53
169 265
171 174
166 344
9 10
190 189
121 66
69 82
159 202
7 5
195 195
133 225
39 28
111 54
7 5
5 5
11 7
18 20
252 456
8 11
42 34
4 3
239 342
13 14
11 15
111 75
6 5
148 146
62 70
7 7
32 29
21 17
69 79
38 37
141 99
18 12
186 315
92 85
36 15
89 122
7 6
5 5
48 33
56 41
18 20
58 51
5 3
17 20
46 54
19 28
10 16
89 169
9 9
29 32
11 9
151 129
95 71
16 13
4 5
8 11
39 36
4 9
18 14
144 116
6 8
33 34
27 18
9 9
14 10
52 38
125 85
23 15
218 186
8 10
204 198
236 192
4 4
118 89
26 31
4 6
59 49
67 75
230 297
24 33
94 106
62 39
244 253
7 6
64 55
157 133
13 8
128 123
61 62
18 18
5 6
13 11
48 21
81 100
100 109
17 34
22 10
15 16
211 170
123 126
67 110
135 96
22 19
136 148
63 65
171 174
5 7
21 38
144 165
228 260
14 12
210 189
15 12
67 80
173 109
13 12
23 26
17 22
12 7
25 35
26 23
9 11
26 31
25 14
11 15
6 3
7 14
9 6
238 303
7 8
118 67
57 45
37 29
28 36
81 75
6 6
45 32
75 70
109 175
195 114
11 7
4 6
5 8
92 102
25 18
37 29
104 115
44 69
31 38
196 155
80 118
30 40
30 32
190 265
24 21
7 4
12 14
92 146
8 10
137 117
21 20
10 8
12 8
6 7
6 6
150 159
45 89
133 178
31 34
221 232
12 13
68 57
251 303
33 24
52 46
194 203
5 6
66 135
8 8
4 5
162 100
26 44
24 23
42 35
32 25
30 19
223 596
26 53
11 6
8 7
107 75
20 28
124 95
7 3
10 9
58 42
32 61
138 130
13 13
60 44
11 9
111 124
24 23
10 14
9 8
42 56
4 3
9 5
97 75
95 84
11 7
70 72
33 36
22 17
228 338
11 9
79 66
14 12
5 7
115 72
50 61
84 46
47 69
141 112
11 11
5 4
6 12
151 196
71 102
8 7
5 7
15 15
8 10
167 71
109 64
26 16
51 57
10 18
7 10
25 49
49 51
79 130
168 247
205 215
28 36
160 118
45 49
28 38
29 38
45 69
35 21
33 30
7 5
5 6
25 32
7 11
7 8
203 101
22 24
7 8
10 8
26 27
126 110
16 21
67 60
32 34
188 138
62 76
131 111
18 15
7 7
25 29
4 7
8 6
218 261
204 165
7 11
7 7
20 18
58 81
22 26
139 229
52 73
40 86
21 8
23 24
159 214
5 4
6 8
94 118
85 39
6 7
36 49
15 12
4 4
198 185
5 7
134 161
54 63
108 117
5 6
26 31
205 335
5 6
163 158
42 53
16 13
15 15
7 8
114 105
19 28
201 171
140 184
37 72
9 12
63 53
32 34
14 13
41 54
198 301
28 22
5 8
75 60
10 10
42 62
36 46
76 89
100 123
30 32
40 48
6 4
9 11
67 54
95 95
61 82
66 59
246 266
247 187
188 228
5 4
90 144
51 40
105 182
17 19
14 9
7 8
27 23
38 16
4 4
11 16
45 28
53 41
7 6
19 21
4 6
17 29
51 34
16 6
125 58
26 25
39 40
158 247
197 137
134 58
7 9
69 70
19 22
19 27
66 46
10 8
148 228
70 69
133 97
20 27
9 12
6 5
36 35
5 7
7 6
128 137
27 24
18 15
32 34
81 68
53 62
134 135
60 35
38 52
247 216
5 8
155 74
232 225
5 5
30 20
21 17
18 19
121 120
31 33
103 45
18 10
204 281
94 107
8 7
4 4
79 123
42 29
10 11
168 176
35 30
6 5
85 87
9 9
23 16
4 3
94 148
25 20
79 73
7 9
35 35
73 60
6 4
72 65
52 80
8 7
5 3
18 19
7 16
18 11
58 89
175 147
9 4
31 34
30 28
93 114
8 6
109 74
223 250
92 161
18 21
5 5
9 14
55 55
14 11
37 34
12 10
12 9
7 6
22 14
175 206
16 9
23 34
57 52
48 62
73 108
24 14
178 127
70 56
75 84
137 106
12 8
33 20
12 9
234 326
168 199
208 167
7 6
31 23
14 15
141 126
10 14
30 15
8 8
38 76
108 105
18 16
166 188
93 179
28 29
8 7
7 7
39 53
97 75
45 37
201 251
59 85
12 17
12 11
43 34
200 235
7 13
245 138
7 5
156 123
12 11
183 177
92 67
7 7
38 61
11 11
31 28
142 268
11 19
48 58
190 238
66 66
21 20
5 6
5 4
15 26
28 39
124 128
114 96
131 217
16 9
15 28
5 3
12 17
124 151
8 6
16 13
43 39
14 17
80 68
19 29
122 180
18 14
30 28
19 12
32 64
79 112
64 41
5 7
9 11
8 8
13 10
5 5
242 266
20 23
96 80
9 10
14 20
184 145
10 9
11 18
33 13
62 93
111 141
30 44
16 13
42 42
16 16
34 58
6 4
11 10
142 199
32 25
49 39
36 28
9 6
99 133
19 38
6 5
21 30
40 38
7 5
64 81
16 11
96 65
40 19
100 119
19 19
8 7
36 36
18 22
18 17
16 13
15 24
226 323
46 35
129 77
8 6
47 44
4 4
5 3
50 44
6 8
28 25
32 48
22 40
11 20
137 280
32 32
8 10
13 20
135 142
214 331
5 10
45 35
188 283
200 207
74 56
111 93
251 300
152 195
188 257
30 23
4 4
60 79
136 179
36 41
21 23
6 5
6 6
12 10
112 191
35 33
99 99
4 4
255 288
21 23
76 83
46 25
10 10
178 136
117 169
23 29
204 205
10 22
26 25
17 15
9 9
16 20
126 121
151 134
190 145
22 34
214 183
16 18
8 9
73 98
21 26
92 118
149 103
13 24
20 24
30 52
7 5
29 16
238 174
32 31
107 263
12 11
17 21
237 306
15 15
113 194
12 14
108 108
5 4
125 100
45 55
21 20
32 30
5 4
6 7
20 18
13 14
10 11
177 106
4 6
5 6
186 241
21 18
72 32
9 9
31 17
44 36
18 21
12 25
7 7
178 235
21 29
41 68
10 10
40 25
23 26
73 57
216 349
9 12
37 46
97 96
18 22
7 7
13 13
49 40
6 8
33 33
7 9
19 15
54 39
28 39
214 184
36 27
93 38
178 141
24 27
21 31
165 183
31 34
30 18
25 26
20 37
9 7
188 123
55 59
10 9
15 14
33 25
87 104
40 33
154 142
10 6
23 18
174 182
24 26
140 163
66 70
79 89
160 166
57 64
20 23
10 9
7 9
77 114
7 9
17 21
20 29
167 160
165 176
83 115
15 8
31 25
197 227
145 166
57 49
204 210
13 9
24 18
6 7
19 13
52 58
143 177
5 6
164 152
14 13
194 250
30 22
34 54
180 119
9 9
9 12
15 14
4 5
4 6
8 7
50 37
178 133
105 138
25 13
61 37
9 8
53 89
188 191
31 34
75 39
4 9
14 15
8 10
50 55
78 78
18 22
12 9
160 264
29 24
133 128
18 15
37 25
47 56
72 117
18 26
7 12
47 58
4 5
228 225
171 113
22 18
51 44
48 31
65 128
22 21
58 74
139 157
59 62
134 134
6 6
120 240
6 10
6 6
75 105
209 284
23 38
42 29
40 23
48 75
93 60
11 15
8 7
91 89
84 98
16 14
10 10
14 19
28 39
115 92
239 499
9 8
23 16
38 63
17 27
27 19
7 10
122 61
71 69
40 46
33 29
187 75
8 6
16 15
23 15
129 141
224 199
9 9
165 507
49 35
83 75
17 14
11 9
16 21
6 6
22 25
33 15
165 275
4 3
19 18
86 53
6 15
28 24
28 15
154 131
30 33
65 84
5 5
111 151
26 38
11 6
5 4
5 6
4 3
5 5
221 150
58 92
232 285
6 5
112 190
14 14
5 5
14 7
4 6
17 14
181 152
32 42
10 4
93 153
112 125
96 80
6 7
9 8
4 6
20 33
34 21
7 7
62 59
13 12
28 40
94 76
7 7
31 29
25 17
34 42
29 32
66 78
132 86
6 6
211 191
187 155
154 105
132 103
89 71
43 58
21 22
12 12
23 31
29 23
19 23
226 242
23 23
241 208
15 21
30 40
78 39
124 113
255 244
25 26
94 126
13 10
108 113
178 117
12 15
8 7
64 63
5 3
12 7
217 254
112 109
5 2
76 113
32 25
93 139
214 261
31 19
239 251
7 7
20 17
9 12
88 74
103 80
114 123
136 323
83 162
5 5
112 133
35 31
116 124
8 4
43 38
6 4
61 64
52 42
34 38
28 27
110 151
24 30
58 76
23 47
27 26
171 167
45 22
58 47
61 75
19 19
33 15
4 3
31 42
11 12
186 165
19 15
56 57
55 101
62 75
46 43
73 39
19 13
9 11
23 28
9 5
8 11
7 10
5 6
5 4
48 19
31 24
206 223
16 12
10 7
43 74
6 7
84 71
6 10
33 41
5 4
6 5
16 18
237 267
13 18
13 13
198 189
106 61
26 26
25 38
173 255
235 220
159 92
28 34
11 9
139 150
24 11
54 49
219 262
7 9
55 77
130 66
15 16
82 110
162 261
79 88
14 15
6 4
118 61
12 9
8 11
9 9
75 71
117 144
243 526
25 33
5 7
6 9
217 136
136 182
22 20
85 125
155 216
18 19
28 16
47 18
26 20
46 76
33 43
67 97
20 20
27 25
10 11
6 12
29 25
17 19
183 203
9 7
111 95
125 116
46 29
121 97
14 17
7 4
7 8
5 7
10 11
6 10
87 127
161 178
227 245
47 53
79 65
63 95
25 40
189 134
198 252
4 5
5 5
44 47
31 42
5 3
163 288
56 49
8 6
27 15
84 76
44 51
16 12
11 17
81 111
10 6
66 42
32 14
8 5
46 54
115 67
11 12
6 10
30 37
8 8
16 17
237 191
205 324
225 131
9 14
6 7
43 61
20 11
11 11
79 76
24 23
10 6
12 6
86 116
112 146
133 125
108 83
39 41
18 14
10 5
130 104
21 19
17 18
6 6
153 199
13 10
94 158
4 5
87 113
111 83
188 223
14 16
26 13
27 38
21 7
220 209
115 109
49 52
6 7
74 89
118 144
13 8
10 6
17 10
11 17
8 4
163 91
17 25
18 37
117 112
144 155
19 18
5 4
36 36
141 65
45 45
33 32
7 6
63 66
22 27
11 10
40 49
250 247
72 84
117 107
110 113
9 9
22 20
28 24
233 267
33 23
20 19
44 18
53 71
5 3
166 106
46 58
57 72
26 39
5 4
141 148
25 20
62 33
75 79
5 7
9 11
7 7
8 9
5 7
37 36
114 144
51 45
253 297
8 11
53 51
58 69
26 33
6 4
9 7
45 39
202 161
44 47
239 287
10 6
56 33
28 21
218 142
214 365
5 2
158 113
42 26
8 9
250 232
73 50
60 96
149 172
13 25
134 123
10 5
89 60
51 61
31 38
6 6
13 12
9 7
248 184
14 15
5 5
5 9
5 2
121 85
6 5
29 20
75 77
29 59
115 77
13 15
92 180
198 192
66 74
158 101
10 6
213 155
49 39
23 26
236 147
49 51
70 96
25 25
27 24
9 9
5 9
10 18
92 94
200 200
165 162
233 296
6 6
253 237
79 51
34 52
37 51
55 60
8 9
6 8
46 50
15 14
42 39
19 24
22 28
14 11
80 62
14 12
201 92
93 101
8 7
85 93
6 3
39 39
26 45
4 7
6 3
11 10
5 7
11 13
108 83
5 4
34 43
7 5
16 13
4 6
16 14
72 63
10 15
208 599
165 354
131 122
40 55
101 109
84 74
14 14
41 42
108 72
68 46
18 15
169 89
41 45
10 14
38 24
5 3
240 166
6 8
86 44
5 4
11 18
7 8
7 15
7 5
188 292
9 9
65 114
26 39
146 143
41 44
5 7
62 76
66 54
17 9
14 25
6 10
33 45
17 13
238 406
247 137
5 3
8 7
6 8
196 205
4 2
133 161
5 6
79 57
5 6
122 94
17 13
117 91
39 46
4 4
29 31
23 20
126 101
156 223
5 5
54 45
114 73
120 102
157 151
12 10
43 55
145 87
15 8
7 6
5 4
189 165
94 115
243 230
8 17
183 121
4 3
53 33
7 8
11 12
22 18
54 56
33 35
10 10
4 8
23 8
6 8
48 40
5 8
132 107
76 64
74 62
7 5
4 3
18 15
27 34
21 14
66 78
101 157
18 20
39 52
8 8
12 11
9 8
36 29
35 24
128 82
30 45
105 219
96 234
84 86
4 4
17 29
83 54
49 46
19 17
149 120
74 134
67 57
192 161
168 142
7 6
8 10
97 99
51 72
27 32
7 14
115 91
247 249
214 205
21 20
37 40
40 20
215 199
10 10
24 39
32 44
83 57
5 6
44 37
12 18
17 14
8 3
9 7
5 4
83 100
120 98
107 99
86 92
23 19
4 3
141 190
9 7
221 600
158 93
15 27
9 6
50 89
89 70
21 31
98 89
33 27
47 29
166 154
69 69
8 8
37 54
194 177
51 65
19 27
8 11
24 27
4 2
226 370
47 58
6 5
50 66
22 38
51 31
117 114
195 87
167 248
111 40
113 138
51 43
39 29
19 13
45 26
18 29
17 28
6 8
80 55
7 7
9 8
36 114
14 13
8 7
6 5
51 45
134 68
23 28
208 280
32 38
221 384
22 22
51 70
117 68
51 61
23 17
40 52
4 6
26 26
5 5
48 59
4 4
146 207
96 232
10 6
47 51
9 7
22 19
159 81
53 49
45 27
162 172
103 55
14 16
107 75
5 4
5 7
84 117
10 8
5 6
117 169
20 17
51 58
20 18
102 197
88 96
22 46
74 90
63 81
100 213
7 5
20 23
144 230
63 76
29 17
18 18
18 15
89 101
84 101
39 44
4 6
22 29
11 21
9 11
9 11
39 60
16 38
6 6
8 12
12 8
29 33
49 52
7 5
8 7
14 12
211 280
186 143
7 5
47 31
67 70
5 8
7 8
40 59
17 16
193 267
19 20
59 45
70 103
12 11
19 28
133 171
13 14
7 8
100 79
4 5
38 23
153 122
99 179
223 241
104 64
37 71
7 9
212 276
23 27
5 5
24 35
76 67
30 30
4 4
22 15
14 18
173 311
48 28
94 89
8 4
27 27
49 43
6 4
95 109
60 61
55 33
11 14
93 74
17 18
7 8
84 160
72 99
16 21
131 105
54 112
7 9
9 15
16 9
15 15
4 3
129 110
10 6
6 4
9 6
45 53
43 33
35 36
169 145
9 12
52 67
137 89
107 145
39 44
17 16
9 6
10 8
13 13
12 12
159 99
184 142
9 10
20 29
251 201
89 43
48 45
13 14
9 10
21 32
207 179
20 19
19 12
15 15
11 17
75 65
151 149
200 150
183 217
39 35
201 225
12 8
231 138
110 157
29 42
187 197
5 5
6 7
56 56
11 8
17 16
118 97
13 15
56 70
170 220
72 50
14 13
148 222
139 88
12 9
43 27
31 43
245 254
6 11
10 9
118 164
34 21
13 10
82 105
21 19
5 6
34 25
155 183
6 4
4 4
10 13
98 73
24 34
68 74
10 8
7 6
27 40
110 110
121 127
6 6
249 239
8 8
6 5
51 63
7 9
10 8
5 6
87 93
5 5
6 10
223 176
102 155
59 63
195 111
24 21
14 16
12 13
129 65
9 5
153 178
32 37
161 110
16 17
36 43
9 9
77 89
150 172
177 315
29 25
9 8
12 11
56 22
9 9
67 40
4 3
22 11
10 10
48 41
5 4
11 8
177 114
144 295
12 9
177 160
14 10
24 28
16 17
5 9
37 20
134 141
223 146
74 65
53 42
4 3
7 7
52 24
33 23
9 14
46 25
22 17
244 326
76 82
76 43
235 151
27 22
5 12
10 14
84 61
84 66
102 104
10 12
8 5
4 4
84 65
40 36
244 170
253 331
6 5
24 35
208 212
29 33
9 8
73 92
49 43
70 41
9 11
238 572
82 140
193 224
17 10
19 19
83 111
13 18
67 62
121 115
5 6
251 354
6 4
10 7
68 92
24 26
150 222
4 7
177 173
114 215
64 49
10 8
6 6
171 280
32 35
13 17
189 230
95 85
32 33
10 18
38 46
58 65
224 170
198 164
7 11
15 19
129 97
16 15
6 7
124 95
238 378
12 20
51 58
190 125
32 17
24 26
13 21
69 61
144 80
8 3
48 31
6 5
59 55
16 10
16 16
64 31
185 260
54 59
12 21
10 11
11 11
12 9
7 8
8 4
8 10
84 134
34 49
4 2
5 4
49 35
166 191
43 50
178 100
63 31
5 7
43 50
149 90
11 13
131 141
146 144
164 114
36 27
4 4
7 5
58 69
161 170
236 268
8 6
35 25
8 9
80 45
178 158
10 6
15 21
69 77
11 13
12 19
33 38
27 15
90 60
4 2
98 109
249 255
166 300
82 58
17 20
46 64
194 413
101 80
9 11
5 4
30 20
22 24
18 33
63 94
26 23
77 91
38 33
54 37
15 16
140 141
11 5
11 30
211 180
164 107
206 383
6 6
15 15
6 9
131 88
167 197
4 4
36 29
26 18
37 33
89 79
9 6
199 132
18 48
6 4
104 124
6 6
8 9
13 16
246 346
6 6
17 20
8 9
79 83
16 12
88 104
117 133
34 49
172 175
38 44
8 7
54 68
20 15
148 158
92 124
19 24
28 21
20 16
152 122
6 7
5 6
15 13
65 112
4 4
5 8
39 34
150 161
16 15
9 11
23 50
178 153
27 41
29 32
6 4
11 9
4 3
170 87
7 8
52 57
13 9
54 71
27 31
15 19
18 25
34 21
87 144
13 16
85 101
22 30
7 9
31 39
91 107
48 66
4 3
46 38
13 23
72 45
27 33
6 6
5 7
5 6
226 258
211 173
7 7
14 10
13 18
11 14
7 5
84 61
182 123
65 61
8 7
4 5
182 93
82 130
11 11
37 34
73 70
17 23
6 5
14 24
33 41
5 6
67 93
124 138
23 34
7 6
182 163
19 19
22 26
7 8
16 11
195 389
9 8
4 5
5 7
241 155
58 54
6 9
74 93
127 139
122 111
21 17
171 190
90 116
64 59
69 55
59 71
18 14
18 17
4 3
103 107
23 34
5 7
18 21
45 68
5 3
172 346
179 150
48 43
16 10
201 206
146 126
247 270
25 25
18 20
52 87
27 23
8 8
7 12
5 4
16 16
34 48
16 12
216 421
5 5
6 5
9 9
10 10
26 28
19 21
9 9
15 18
10 10
61 60
53 49
53 64
62 67
4 5
109 86
4 3
32 17
17 22
41 53
4 3
12 17
50 22
5 6
5 6
14 11
11 7
157 174
8 5
143 104
29 23
7 7
7 10
148 164
29 20
22 24
14 8
65 40
138 136
93 59
169 100
106 113
92 113
20 16
4 2
26 25
44 28
9 11
5 6
55 45
34 23
5 4
10 10
16 15
11 9
172 295
51 60
97 120
140 140
27 21
20 15
95 109
19 24
95 64
184 323
11 12
175 173
34 35
45 28
58 40
227 296
36 26
31 24
26 15
7 8
15 11
74 42
97 281
53 62
39 22
17 29
49 31
7 7
15 9
9 14
30 50
14 17
23 31
4 5
91 96
15 17
135 126
150 322
21 16
68 59
14 17
110 83
49 40
47 65
33 31
105 100
4 4
163 172
89 98
10 12
66 42
15 19
9 7
143 272
215 264
129 103
135 69
7 9
80 74
70 42
16 13
69 59
106 102
17 22
25 18
9 7
34 28
74 94
109 82
23 19
17 10
23 34
5 6
170 101
6 4
5 4
86 76
18 17
8 10
14 10
13 6
55 96
178 79
61 98
25 24
8 7
9 12
200 386
100 71
30 34
58 69
185 211
44 45
13 8
154 115
93 99
77 62
97 66
4 6
42 60
16 17
172 142
194 226
219 196
5 4
41 38
35 52
166 179
6 7
159 227
156 160
110 54
26 24
6 7
7 6
79 60
10 8
4 2
17 14
8 7
190 133
14 9
209 236
9 8
222 489
99 52
9 9
10 8
212 301
48 61
66 100
37 59
5 4
4 2
8 6
12 6
18 15
80 79
60 48
10 8
246 314
31 23
9 7
5 7
11 12
47 89
8 7
31 46
5 5
216 145
17 17
189 153
43 37
232 195
5 4
19 12
8 12
9 13
10 9
5 3
28 28
12 10
9 9
10 9
196 155
68 75
249 246
217 339
64 57
207 96
44 30
4 4
69 65
117 94
222 277
22 37
124 165
22 11
5 8
64 59
80 87
4 5
5 12
97 81
135 195
106 65
78 148
6 6
6 7
39 40
119 195
18 21
16 23
90 135
8 11
96 92
42 32
21 22
25 33
109 125
138 264
77 43
42 71
51 80
5 3
42 60
7 5
39 65
236 345
14 14
153 218
13 9
198 229
26 18
90 73
9 11
8 7
65 60
78 78
98 80
16 22
6 9
11 16
128 74
12 13
88 91
17 16
15 9
4 5
114 101
5 4
6 4
67 65
131 117
191 165
174 177
12 11
4 4
4 4
4 5
13 11
6 7
97 106
173 128
15 18
27 30
5 4
153 175
37 28
5 2
112 103
186 234
55 50
11 7
5 5
158 165
111 151
10 5
5 5
8 5
68 57
177 115
29 27
77 76
187 135
16 28
20 21
25 27
11 8
4 4
11 12
78 70
76 50
6 4
42 34
87 63
4 5
10 9
62 88
192 132
7 8
23 25
19 12
10 8
12 15
164 184
5 5
22 25
168 214
8 7
12 19
9 20
43 72
65 52
146 55
12 14
47 53
14 13
14 20
15 15
6 6
137 97
5 13
18 21
11 15
7 14
7 7
104 129
16 16
13 17
7 8
8 11
39 40
10 6
168 113
30 33
211 559
24 36
29 24
122 200
5 7
43 36
37 30
53 52
8 14
38 32
8 8
6 4
133 68
46 56
5 4
28 41
7 5
67 74
80 49
12 6
15 11
139 120
100 123
38 43
36 31
7 7
49 74
155 208
20 34
87 51
9 8
5 6
100 64
5 4
11 15
70 54
32 17
113 100
6 12
9 7
5 5
63 76
81 179
85 75
17 17
127 114
4 5
77 62
15 34
121 186
25 42
224 316
4 4
12 8
15 18
251 184
36 76
37 75
132 73
91 71
4 6
15 13
12 9
7 3
11 17
7 3
70 55
138 125
62 66
9 8
17 22
7 6
123 233
4 7
7 6
22 23
119 186
19 17
151 92
34 47
4 3
24 17
27 29
23 17
58 62
15 14
28 32
33 25
144 113
194 131
231 178
224 307
44 41
28 36
59 50
13 11
155 123
16 22
4 4
66 107
245 294
7 4
9 4
29 42
68 70
16 13
231 140
115 261
18 38
155 149
9 17
165 90
69 112
8 7
113 92
53 67
98 82
122 150
94 81
13 14
10 15
7 5
158 168
154 132
8 6
5 5
4 3
103 191
80 92
207 229
13 19
7 7
207 158
5 3
8 11
43 61
12 7
48 66
4 6
206 294
129 232
18 12
112 147
150 150
43 32
5 3
63 39
21 23
5 6
190 221
106 122
9 8
6 7
34 25
10 9
11 13
18 26
9 23
34 35
195 101
7 10
115 147
50 60
5 9
21 17
135 149
5 7
18 18
129 133
26 23
27 34
64 69
4 4
9 8
9 8
67 57
25 38
27 26
174 263
98 91
10 7
204 265
4 3
52 48
167 144
201 222
14 13
16 15
78 34
52 64
121 116
41 31
8 9
18 25
7 5
6 5
5 7
9 13
49 29
210 211
7 11
135 169
84 113
77 115
56 38
22 16
52 50
19 7
56 31
62 68
89 49
43 59
112 72
60 56
185 168
41 66
14 15
125 97
213 151
4 2
34 34
77 52
27 17
47 64
88 136
112 137
106 74
22 21
190 165
6 5
80 46
246 351
87 59
32 48
7 9
14 18
26 13
104 84
11 9
113 88
42 45
10 8
161 170
9 9
20 22
24 39
5 4
7 8
14 16
11 8
21 22
42 39
244 159
58 72
74 79
10 8
84 178
125 130
208 181
19 20
25 26
16 13
214 171
11 16
137 120
16 15
5 6
13 23
10 6
193 88
10 7
12 9
5 8
241 173
210 297
167 227
24 25
205 345
203 223
9 13
14 13
200 279
236 193
8 12
17 13
13 10
163 187
17 21
52 37
4 4
12 9
16 15
27 29
78 111
11 7
15 31
65 70
13 11
59 38
163 159
10 16
56 57
59 75
58 51
11 8
22 47
7 6
73 70
6 4
7 5
4 6
117 124
70 63
141 130
8 5
5 5
148 64
13 12
9 13
11 14
178 267
9 6
62 101
13 14
53 66
59 78
12 9
158 206
10 11
103 77
20 22
50 55
142 217
16 9
11 7
6 3
20 12
38 26
50 38
20 24
129 181
19 27
206 430
219 345
255 320
10 12
97 136
12 9
80 98
19 12
51 61
59 36
29 22
22 19
8 8
4 5
137 91
67 73
14 13
42 28
7 9
24 31
26 53
30 19
143 163
70 35
6 7
12 13
35 31
39 20
6 10
161 179
9 11
141 158
11 12
14 14
10 9
60 57
83 108
8 4
42 32
186 213
245 216
4 5
38 33
163 227
32 49
22 25
8 11
4 6
10 14
140 182
189 269
216 315
229 253
11 12
86 112
48 48
11 11
187 322
15 10
19 23
196 131
47 56
54 46
30 44
59 46
185 164
6 3
15 15
9 8
122 92
198 170
146 139
172 143
7 10
163 107
57 34
9 15
97 145
20 16
9 7
7 13
237 257
172 296
254 326
22 41
223 167
21 19
17 30
24 18
41 56
24 27
216 476
66 47
12 9
35 81
29 31
89 96
15 11
23 9
11 9
5 6
5 4
27 29
141 78
189 286
49 83
214 261
15 12
10 10
173 221
107 80
73 98
12 7
35 63
45 42
9 7
173 173
60 39
200 209
41 40
82 65
51 32
56 51
7 10
15 19
101 78
24 24
168 425
5 5
9 10
39 56
233 136
8 16
5 4
76 86
107 176
18 16
58 46
11 13
86 64
15 16
8 12
7 7
37 53
89 93
18 13
4 3
191 180
12 12
11 12
17 10
38 24
21 31
87 116
22 33
33 49
101 73
55 42
26 14
96 63
12 13
153 91
8 10
29 47
4 3
64 68
36 58
37 29
20 14
208 269
46 61
5 3
16 21
64 88
59 89
98 86
97 110
25 33
19 20
176 277
41 39
125 98
18 12
8 16
81 121
132 104
35 30
22 13
131 153
193 202
27 17
128 108
248 182
56 62
59 45
31 44
19 10
9 10
66 32
214 183
64 74
20 18
51 39
9 7
4 4
63 78
5 7
4 2
11 12
17 23
8 9
23 28
17 12
66 73
108 106
18 19
10 10
33 43
6 5
4 6
6 13
49 31
20 9
33 35
201 175
193 246
7 6
37 26
245 196
48 69
12 12
49 37
29 27
45 56
37 46
17 19
60 69
240 267
105 105
8 5
116 122
6 4
11 8
24 21
17 29
8 8
29 21
28 19
4 9
118 88
86 124
4 3
22 17
32 16
34 27
14 8
4 5
53 26
35 33
76 70
82 114
38 29
49 67
112 85
90 87
219 335
33 35
21 28
253 363
55 58
6 10
26 34
7 6
6 4
14 9
42 59
17 22
36 27
105 132
163 167
62 53
11 12
17 15
38 41
40 26
8 5
95 113
57 59
45 42
67 74
153 115
72 83
9 7
58 59
98 92
39 50
152 174
5 9
79 58
8 9
27 23
19 26
26 25
14 14
20 19
4 6
22 24
12 7
10 11
4 5
112 143
29 26
89 125
228 235
5 5
8 8
24 44
45 64
6 4
39 39
5 6
101 160
59 64
7 7
161 104
236 219
10 9
4 2
46 92
12 11
25 17
67 39
9 10
6 6
215 235
35 44
75 74
215 175
113 57
9 8
9 11
13 17
94 111
107 116
5 10
5 5
41 32
12 10
88 82
94 132
16 19
13 18
197 187
9 8
67 46
225 124
250 228
13 9
67 56
12 13
47 75
146 248
26 79
99 102
95 100
31 20
145 96
21 20
122 114
138 162
6 7
53 62
33 32
19 15
15 16
13 23
11 5
9 9
11 11
105 89
39 30
12 16
10 13
207 192
132 87
74 45
9 11
24 20
10 9
11 9
12 12
19 23
128 157
7 5
23 22
70 86
226 205
166 74
10 6
95 79
144 111
8 7
8 6
52 61
36 22
11 14
66 58
117 48
15 17
49 63
15 12
11 5
57 46
6 9
54 41
42 56
4 5
6 5
77 81
146 131
204 184
6 7
56 60
10 10
66 60
196 174
128 151
16 20
161 240
72 82
10 9
12 18
25 29
89 80
4 3
159 201
144 183
140 133
34 32
11 12
176 125
50 35
13 16
243 217
5 5
172 125
6 4
56 77
6 5
7 9
5 5
40 40
62 56
33 31
44 51
72 47
6 6
14 30
150 139
96 156
111 121
5 4
6 5
32 81
142 193
197 239
17 12
23 30
14 11
102 88
37 46
25 24
54 39
41 67
6 4
214 267
85 114
11 10
8 9
21 38
4 5
19 15
105 102
6 4
104 97
41 37
30 27
67 70
75 95
146 208
18 12
5 7
122 92
244 462
27 31
90 78
217 327
42 57
14 11
30 25
8 10
10 9
4 3
72 101
20 15
45 41
143 194
72 46
100 98
41 49
5 4
19 12
16 18
162 160
21 20
41 37
5 4
6 7
82 54
17 16
189 235
18 14
65 82
96 59
18 14
70 47
41 47
148 152
7 8
7 5
79 81
95 112
223 189
11 20
20 21
16 25
51 45
50 43
6 7
6 7
19 20
10 16
9 5
60 61
57 52
231 374
33 53
29 23
47 59
53 35
207 128
102 70
29 16
155 103
28 16
17 18
134 172
49 118
135 62
209 181
10 11
48 68
97 87
5 5
26 30
26 18
6 7
7 6
225 264
35 28
74 98
12 20
46 35
81 81
23 51
5 2
26 18
18 18
4 8
231 211
64 72
79 151
123 83
65 47
5 6
36 61
13 10
19 23
35 18
22 21
33 23
12 16
48 69
61 69
10 9
15 20
38 34
7 8
12 10
18 27
12 17
7 5
177 126
209 362
171 158
55 120
42 56
40 44
42 40
8 10
5 5
34 31
104 60
5 7
13 11
10 6
140 93
145 171
68 45
35 33
128 65
6 5
15 12
18 20
150 185
22 18
182 175
12 10
136 163
9 9
33 43
58 65
74 47
227 179
21 16
109 106
12 21
224 111
62 97
9 10
85 83
55 45
9 11
32 28
8 15
13 14
247 424
8 4
62 54
7 9
15 13
25 35
198 216
6 17
144 138
5 4
82 81
54 37
16 10
51 71
17 10
4 5
36 36
230 273
41 44
23 11
26 50
36 38
62 94
101 75
29 34
172 137
24 41
7 7
39 32
42 43
192 95
180 273
44 38
152 111
34 41
184 169
215 215
63 73
31 21
77 92
197 171
7 6
6 10
123 200
100 193
248 309
62 103
19 16
32 24
14 17
80 128
5 4
4 4
151 203
6 6
128 122
26 31
5 5
8 8
9 13
8 9
16 22
8 3
197 175
55 53
5 6
11 15
108 83
5 8
16 13
7 7
241 148
8 7
33 21
6 7
46 44
27 29
17 20
23 13
44 24
46 46
66 66
98 97
39 45
30 41
28 36
24 22
217 206
228 257
31 23
108 87
32 36
4 6
138 125
5 7
172 231
117 45
104 127
21 24
57 24
173 206
55 36
219 290
106 158
6 8
5 9
188 170
104 141
12 10
8 7
138 134
89 108
5 4
120 188
202 371
152 175
6 6
51 53
61 52
84 59
187 247
160 185
11 14
14 11
160 181
66 43
143 141
34 31
6 4
6 5
37 93
4 3
200 249
15 21
190 259
20 35
43 66
55 59
27 17
18 20
149 115
195 225
43 24
51 57
86 63
24 20
91 91
4 3
50 47
79 130
15 13
235 140
5 4
14 16
196 403
5 3
5 7
189 120
159 154
127 155
18 19
234 221
6 5
198 156
8 6
9 6
56 42
60 53
38 57
116 123
219 166
138 76
5 8
8 11
119 90
74 75
213 204
55 45
8 5
179 130
8 9
43 42
37 32
87 126
9 9
186 338
6 5
5 7
15 11
48 27
22 56
11 4
28 56
8 11
20 21
12 11
12 9
89 119
5 13
5 6
8 7
196 256
228 192
19 13
82 103
16 11
7 9
129 138
44 38
17 18
97 85
14 12
155 177
131 110
145 234
63 85
13 11
16 14
9 6
146 171
4 3
9 9
31 35
139 178
43 19
218 228
9 11
6 4
225 285
6 7
21 29
33 36
211 156
53 48
7 7
53 43
39 31
107 140
47 64
9 13
16 17
210 166
96 83
6 6
29 67
107 109
91 53
32 29
37 38
22 17
35 36
10 7
9 7
39 39
122 98
44 32
17 11
5 4
54 45
49 68
38 29
141 126
211 167
44 45
210 147
224 266
10 11
8 3
13 8
31 32
119 97
218 210
15 11
145 108
10 11
65 61
41 27
15 10
67 36
5 8
123 113
245 314
217 109
4 5
8 8
11 10
80 59
13 18
67 77
6 3
184 177
83 111
12 11
17 14
42 27
30 35
101 67
60 96
17 25
140 117
103 170
7 11
26 16
5 6
7 10
94 107
10 11
39 35
7 10
36 35
106 108
224 77
9 12
21 32
83 140
22 24
12 19
10 14
15 19
19 21
10 10
47 39
21 30
16 15
99 161
250 327
6 5
15 15
95 184
227 203
10 8
145 218
7 7
27 26
221 360
168 218
6 3
97 94
9 10
125 135
41 29
114 131
5 6
7 4
11 15
17 23
146 193
29 20
121 107
20 20
8 5
5 5
12 8
142 132
18 21
13 16
10 11
27 24
10 23
18 21
6 9
153 186
19 18
21 28
55 121
10 8
19 25
141 160
5 4
107 221
67 43
169 123
17 10
84 118
13 14
8 17
111 106
128 105
45 32
20 30
126 147
10 8
27 26
15 11
8 8
53 29
6 5
15 16
47 38
20 31
12 11
205 127
117 151
9 9
50 39
206 197
5 4
18 26
12 10
18 26
12 17
16 17
12 9
71 51
19 23
65 68
45 34
8 10
135 131
78 68
72 101
94 131
91 68
10 11
9 12
30 38
193 190
68 55
115 129
226 195
100 107
25 26
137 108
97 128
160 295
17 15
5 5
19 16
5 4
31 29
37 26
37 28
31 50
39 77
66 61
21 24
133 105
17 11
6 3
4 4
29 44
42 26
22 18
81 92
61 106
17 12
130 83
21 32
81 80
80 85
53 54
147 77
43 117
11 12
8 11
35 38
20 17
18 18
131 100
5 4
187 156
111 104
6 5
20 30
20 24
24 45
18 11
40 40
10 9
11 12
9 10
41 31
9 5
121 114
11 11
6 9
7 7
157 179
208 137
144 147
5 4
118 160
164 178
131 86
221 216
39 44
79 39
14 15
31 21
56 39
132 89
7 7
41 50
9 7
16 11
87 104
39 68
5 3
197 145
68 95
11 7
7 5
15 22
84 126
19 12
57 52
15 15
181 205
94 54
223 200
21 15
192 315
4 3
92 84
6 8
44 40
5 3
51 64
30 43
9 8
7 9
131 256
9 9
118 53
9 6
116 167
6 7
27 35
37 56
94 146
10 8
24 13
29 34
4 4
21 36
6 11
200 304
38 30
17 15
10 4
159 112
20 33
207 250
35 53
12 16
65 56
90 137
228 223
9 8
8 12
42 39
70 68
29 22
47 74
49 57
53 63
20 17
35 29
203 170
5 7
11 22
71 55
17 10
32 14
18 17
15 14
46 65
131 178
16 17
24 17
6 4
12 8
246 120
142 107
10 12
140 140
230 236
93 109
49 49
16 15
68 90
19 40
13 16
13 21
11 8
19 23
48 72
231 297
121 66
17 22
15 15
66 92
145 158
9 11
39 45
26 31
17 14
79 115
6 6
104 83
116 71
31 30
12 12
10 12
5 6
50 107
8 5
4 4
34 42
176 290
15 14
8 6
11 14
22 29
23 29
58 82
17 18
51 132
25 29
5 5
66 130
8 7
7 9
34 33
100 105
67 66
81 159
71 47
172 151
124 133
82 144
30 22
84 126
109 281
59 53
132 208
22 18
5 4
7 4
8 6
91 89
12 10
28 26
122 98
46 41
92 139
22 19
98 98
15 9
55 91
56 77
140 158
6 8
131 78
114 108
99 190
143 80
25 23
6 7
63 28
40 19
13 8
110 112
7 4
15 15
67 73
34 23
35 52
15 13
18 26
30 19
20 24
204 138
15 12
105 91
5 4
5 3
5 6
12 17
25 30
8 10
34 29
164 197
54 83
69 79
198 205
9 12
10 15
106 92
25 28
107 80
173 226
125 110
158 154
4 7
226 191
25 27
43 29
15 18
94 99
186 149
109 104
135 156
80 142
19 13
50 55
82 50
18 23
6 7
5 6
8 10
216 172
9 7
56 46
12 13
9 8
59 56
51 39
31 31
7 7
6 10
87 24
155 205
9 13
16 13
42 39
5 4
25 24
6 3
25 24
141 110
22 30
122 145
90 146
5 5
28 34
36 29
17 13
149 104
22 14
49 60
98 65
7 7
21 31
36 21
9 9
26 26
5 5
29 38
75 159
61 93
170 148
8 9
133 137
9 15
16 19
63 79
52 41
74 61
20 17
54 32
4 6
51 46
215 275
8 9
90 68
35 29
148 115
54 44
4 3
46 57
156 115
4 8
67 76
71 81
20 26
15 13
187 219
43 45
11 8
47 78
4 4
5 5
66 55
13 14
34 24
119 88
14 23
28 34
4 4
8 6
11 7
43 46
6 5
33 37
9 5
156 198
14 13
13 13
46 44
4 5
80 32
47 44
26 22
10 16
14 21
26 46
34 41
50 58
183 135
42 55
110 113
39 25
14 16
42 29
162 106
29 36
69 79
9 16
57 51
25 50
250 398
219 377
142 149
50 45
12 16
14 12
6 7
107 129
74 124
195 160
16 16
96 90
4 3
32 56
8 5
12 15
19 23
4 5
31 40
6 5
6 7
5 5
17 13
23 32
35 27
4 4
186 179
130 206
6 9
70 66
35 49
60 58
47 29
56 39
65 30
7 9
35 32
18 23
157 131
73 72
10 9
6 5
9 10
28 30
15 22
224 224
4 4
227 346
34 31
23 20
25 21
162 148
98 53
103 90
27 21
73 72
182 145
9 5
6 5
235 250
5 4
113 119
223 177
10 14
19 15
118 82
17 18
22 22
75 58
46 56
69 64
15 12
18 15
173 240
5 6
13 19
127 140
57 71
195 209
56 29
88 53
102 47
16 15
12 10
23 27
167 75
112 178
5 4
46 24
70 61
5 5
221 304
5 3
111 130
77 80
66 63
47 32
8 8
66 68
227 548
4 4
4 3
129 122
17 18
14 13
153 113
158 277
9 12
123 131
28 37
31 30
249 167
19 11
6 9
8 4
17 19
18 16
27 34
39 35
159 262
24 38
108 95
174 128
26 23
10 6
155 123
89 96
8 9
158 134
15 11
69 73
21 19
93 134
5 4
11 31
81 64
78 42
20 24
95 157
59 124
75 35
20 22
50 32
18 31
6 3
63 40
20 18
44 23
41 26
20 23
23 27
74 108
29 22
92 154
43 28
7 4
28 22
7 8
108 70
29 42
10 20
91 92
25 25
198 284
201 199
6 5
10 10
194 221
16 17
17 20
10 10
173 101
4 4
26 17
45 28
96 191
17 13
108 93
122 75
5 5
99 88
13 16
14 11
4 5
44 34
22 18
192 315
11 9
77 95
56 72
241 186
42 35
31 55
6 7
16 12
8 20
10 12
8 5
84 88
31 27
16 16
209 274
22 22
13 18
106 43
246 439
74 66
214 178
80 78
40 42
112 122
6 4
16 11
166 172
4 6
184 231
150 200
30 46
5 7
172 224
6 6
233 184
35 47
85 72
63 42
84 67
31 20
4 5
7 7
28 34
34 32
6 6
7 7
24 23
31 45
42 58
46 81
103 147
91 124
59 85
24 29
42 30
47 23
11 8
11 8
148 88
203 193
64 61
4 4
51 36
61 82
111 163
31 36
9 11
6 3
17 24
7 8
33 44
135 147
128 116
17 20
13 9
13 10
41 68
255 216
56 43
5 5
140 111
34 39
178 133
93 86
98 104
54 53
107 130
6 5
26 36
46 80
129 115
44 26
190 165
23 16
173 220
52 31
4 6
29 29
36 29
14 14
5 6
13 13
6 5
5 5
4 6
95 111
224 173
11 13
35 71
4 3
63 66
42 70
45 47
20 17
27 11
135 113
11 5
205 139
68 58
6 5
79 52
21 22
6 6
153 126
7 8
200 320
19 16
24 29
7 13
7 17
5 4
73 49
12 9
18 14
112 56
94 118
17 14
23 19
121 137
118 170
229 263
13 8
41 41
30 31
104 113
77 59
29 21
34 23
82 110
5 3
6 3
24 18
19 40
4 5
74 64
43 48
81 39
46 55
7 9
10 17
125 88
33 38
30 24
10 13
5 5
128 92
106 93
100 169
137 110
12 18
8 9
10 6
10 12
113 105
16 8
74 76
200 248
205 183
8 12
6 8
49 38
35 53
89 94
5 8
119 90
5 5
25 41
5 4
4 4
8 8
6 6
163 194
28 58
42 44
29 23
53 85
89 165
251 229
33 29
138 134
8 9
11 9
137 126
52 47
27 30
45 36
226 304
12 8
247 223
19 19
207 166
30 22
21 9
42 41
14 21
8 7
144 182
118 157
5 5
55 56
28 65
7 13
81 109
7 9
61 106
6 4
4 4
17 16
8 9
6 10
27 17
8 6
203 294
142 104
23 13
79 78
78 73
110 152
6 5
31 43
73 79
116 77
59 108
181 186
125 106
4 5
7 6
135 223
21 16
42 39
11 18
57 43
23 23
45 44
73 62
9 5
19 18
18 17
49 53
40 49
47 43
9 15
9 10
102 82
12 13
10 6
44 36
29 27
158 100
6 3
68 65
20 18
141 182
25 17
54 38
49 49
69 54
4 8
10 9
51 53
75 91
197 94
23 11
94 101
53 37
100 78
44 86
19 21
5 11
33 36
19 18
47 67
8 7
5 4
5 6
33 37
30 34
4 3
20 36
84 92
173 270
20 41
28 22
161 188
8 8
26 21
32 30
15 34
76 51
55 70
53 58
42 46
8 9
4 2
169 166
9 13
24 38
8 9
92 115
26 17
7 10
45 33
18 24
15 11
14 19
33 36
147 148
24 20
36 27
38 60
13 21
6 5
7 5
7 9
40 40
31 29
113 97
28 55
9 9
95 110
57 51
246 153
114 109
78 90
13 11
64 114
5 3
91 76
230 326
29 26
135 163
145 109
9 12
7 7
241 233
7 10
37 21
13 15
8 7
20 16
16 10
54 139
151 262
7 7
156 141
19 18
145 185
11 8
54 87
69 92
130 119
23 27
23 20
8 16
55 39
32 26
9 8
205 117
5 5
29 43
11 10
34 43
6 10
4 3
7 5
37 24
173 127
138 121
59 55
13 11
224 296
22 16
156 144
50 39
184 172
205 222
102 166
9 10
9 7
6 11
130 168
13 9
52 59
108 90
40 38
188 154
73 126
17 12
5 3
79 48
97 75
14 28
6 7
130 134
7 18
5 6
9 11
243 271
9 5
74 162
7 5
38 35
8 15
4 6
117 131
226 205
8 7
184 162
9 14
106 53
7 7
46 30
10 10
175 131
102 123
39 57
23 24
5 4
137 69
5 4
24 14
54 30
109 151
18 21
9 9
19 27
53 81
11 7
16 12
18 37
16 22
12 9
76 77
5 4
93 108
43 71
0 13
0 12
0 1 0
0 39 56
1 23 153
0 5 6
0 1 0
0 24 29
0 18 11
3 0 10
0 1 0
0 38 37
0 16 21
0 42 42
0 1 0
1 41 166
4 0 894
0 2 2
0 1 0
0 31 16
0 19 13
0 40 50
0 1 0
0 25 22
0 28 20
4 0 810
0 1 0
0 27 21
1 39 247
3 0 8
0 1 0
2 0 1
3 0 3
3 0 4
0 1 0
0 40 40
0 48 63
0 43 13
0 1 0
0 32 36
0 28 22
4 0 920
0 1 0
0 35 38
3 0 3
0 47 62
0 1 0
1 38 101
0 32 24
0 19 19
0 1 0
0 10 9
0 34 21
3 0 8
0 1 0
0 10 10
3 0 2
1 1 5
0 1 0
0 47 64
0 23 24
0 39 40
0 1 0
0 23 15
0 33 37
3 0 2
0 1 0
0 43 35
0 43 30
3 0 5
0 1 0
0 27 35
0 13 15
1 49 240
0 1 0
0 9 3
0 12 13
1 9 40
0 1 0
0 48 56
3 0 9
0 31 33
0 1 0
0 20 19
0 32 27
1 22 141
0 1 0
0 30 19
0 2 1
4 0 215
0 1 0
3 0 8
1 44 287
2 0 8
0 1 0
0 3 4
3 0 6
0 43 73
0 1 0
0 14 15
1 11 46
0 14 12
0 1 0
0 6 3
3 0 3
0 8 14
0 1 0
0 16 19
0 5 3
0 50 57
0 1 0
0 16 14
3 0 8
0 29 17
0 1 0
0 20 30
4 0 508
3 0 3
0 1 0
3 0 5
0 31 46
0 35 33
0 1 0
0 32 31
0 28 40
1 14 127
0 1 0
0 19 23
0 4 5
0 37 41
0 1 0
3 0 1
1 22 130
4 0 200
0 1 0
0 34 45
4 0 776
2 0 9
0 1 0
0 43 5
3 0 4
3 0 6
0 1 0
0 34 25
0 34 44
2 0 8
0 1 0
4 0 696
0 39 29
3 0 5
0 1 0
3 0 1
0 14 16
4 0 246
0 1 0
0 23 23
0 48 60
2 0 1
0 1 0
3 0 8
0 48 60
0 26 1
0 1 0
3 0 5
0 33 29
0 34 43
0 1 0
0 39 34
0 20 33
0 19 15
0 1 0
1 45 178
0 5 5
3 0 10
0 1 0
0 19 20
3 0 7
3 0 5
0 1 0
3 0 1
3 0 1
0 36 33
0 1 0
0 13 9
0 2 3
3 0 8
0 1 0
0 35 50
3 0 3
0 1 1
0 1 0
0 6 7
0 36 40
3 0 10
0 1 0
0 40 49
0 36 43
0 23 21
0 1 0
0 10 10
0 47 53
0 43 40
0 1 0
0 41 55
3 0 10
0 14 16
0 1 0
0 49 55
0 43 45
0 7 4
0 1 0
3 0 10
0 39 34
0 22 25
0 1 0
0 20 22
0 17 24
3 0 2
0 1 0
1 36 110
0 27 14
3 0 5
0 1 0
0 4 6
3 0 6
3 0 8
0 1 0
0 27 24
0 1 1
3 0 9
0 1 0
0 2 3
0 24 18
3 0 5
0 1 0
0 17 22
4 0 719
0 14 8
0 1 0
0 17 10
3 0 2
0 2 2
0 1 0
3 0 8
3 0 2
0 16 14
0 1 0
1 6 9
1 42 289
1 12 23
0 1 0
0 18 14
0 42 32
0 29 32
0 1 0
1 15 62
3 0 4
0 48 68
0 1 0
1 49 261
3 0 0
0 22 13
0 1 0
4 0 229
3 0 9
0 49 52
0 1 0
0 8 10
1 29 126
1 21 117
0 1 0
0 45 34
3 0 3
0 27 38
0 1 0
0 33 27
0 13 17
1 36 218
0 1 0
0 23 23
0 40 52
2 0 3
0 1 0
0 28 35
0 29 40
0 41 44
0 1 0
1 5 28
3 0 7
0 32 43
0 1 0
3 0 3
1 28 103
0 6 7
0 1 0
4 0 529
4 0 692
4 0 331
0 1 0
0 37 66
0 47 32
0 16 20
0 1 0
0 19 23
4 0 884
0 8 7
0 1 0
4 0 597
0 44 53
0 34 38
0 1 0
0 21 5
2 0 9
3 0 10
0 1 0
0 47 10
0 50 69
0 22 24
0 1 0
3 0 3
0 50 70
1 38 143
0 1 0
0 24 20
0 20 21
0 31 12
0 1 0
0 14 9
0 19 14
0 45 61
0 1 0
0 8 9
0 50 30
0 41 25
0 1 0
0 18 21
3 0 3
0 9 13
0 1 0
0 46 49
2 0 3
0 5 5
0 1 0
0 2 2
3 0 6
0 40 34
0 1 0
1 43 190
0 8 6
3 0 1
0 1 0
0 26 12
0 10 14
1 20 86
0 1 0
0 6 1
1 6 38
1 43 183
0 1 0
0 23 25
0 6 5
0 31 30
0 1 0
3 0 8
4 0 783
1 49 277
0 1 0
2 0 8
0 14 20
2 0 5
0 1 0
0 28 11
0 32 27
0 34 37
0 1 0
0 47 40
3 0 5
2 0 8
0 1 0
0 2 2
0 16 18
0 36 33
0 1 0
2 0 8
4 0 327
1 24 96
0 1 0
0 35 5
0 3 2
1 10 1
0 1 0
1 36 242
0 2 2
4 0 443
0 1 0
0 33 29
0 3 2
0 11 10
0 1 0
0 13 19
1 48 364
0 32 30
0 1 0
3 0 10
0 26 18
0 27 29
0 1 0
3 0 1
0 50 1
0 9 8
0 1 0
0 1 1
3 0 9
0 5 3
0 1 0
3 0 7
0 16 11
0 1 1
0 1 0
0 13 15
3 0 10
0 50 47
0 1 0
0 13 10
0 22 22
3 0 7
0 1 0
3 0 2
0 12 12
0 35 40
0 1 0
1 17 133
3 0 4
0 13 10
0 1 0
2 0 9
1 39 228
3 0 9
0 1 0
0 46 45
0 3 4
0 15 18
0 1 0
3 0 2
0 5 5
0 17 25
0 1 0
3 0 5
0 15 23
0 9 6
0 1 0
0 9 3
3 0 4
0 15 16
0 1 0
3 0 2
3 0 7
0 21 13
0 1 0
4 0 895
3 0 7
1 27 125
0 1 0
2 0 0
3 0 1
3 0 0
0 1 0
0 36 39
3 0 7
4 0 380
0 1 0
3 0 1
3 0 6
0 34 27
0 1 0
3 0 5
3 0 0
0 24 43
0 1 0
3 0 0
0 4 5
1 34 138
0 1 0
1 17 98
0 37 47
2 0 7
0 1 0
3 0 3
3 0 10
0 7 8
0 1 0
1 17 111
2 0 4
3 0 2
0 1 0
4 0 859
1 29 169
2 0 5
0 1 0
3 0 3
3 0 4
0 16 18
0 1 0
0 35 37
0 19 22
0 9 11
0 1 0
1 26 67
1 3 4
3 0 4
0 1 0
3 0 0
3 0 7
3 0 2
0 1 0
1 35 138
2 0 9
2 0 8
0 1 0
4 0 470
0 34 29
2 0 6
0 1 0
1 15 121
0 18 26
0 45 40
0 1 0
0 48 51
1 47 403
0 20 33
0 1 0
0 13 15
0 3 1
3 0 10
0 1 0
0 32 18
3 0 6
0 20 12
0 1 0
0 38 25
0 7 7
0 23 27
0 1 0
0 32 30
0 37 36
0 26 23
0 1 0
0 14 10
3 0 1
0 29 37
0 1 0
0 32 29
0 17 5
0 18 11
0 1 0
0 30 38
3 0 1
0 35 34
0 1 0
0 29 17
0 32 19
0 18 15
0 1 0
0 3 4
0 5 3
2 0 3
0 1 0
0 39 30
3 0 1
4 0 332
0 1 0
0 28 22
0 25 30
2 0 2
0 1 0
2 0 5
0 29 44
0 6 6
0 1 0
3 0 8
0 38 46
4 0 292
0 1 0
0 8 9
0 37 24
3 0 3
0 1 0
0 10 5
0 21 29
3 0 8
0 1 0
0 13 15
0 13 2
4 0 365
0 1 0
1 6 38
1 50 205
0 43 54
0 1 0
0 22 23
3 0 5
0 48 49
0 1 0
0 29 22
3 0 1
0 29 39
0 1 0
0 15 16
0 17 14
1 1 7
0 1 0
0 4 2
0 16 11
3 0 2
0 1 0
3 0 4
0 26 5
1 28 182
0 1 0
0 38 18
3 0 5
0 18 20
0 1 0
0 12 12
1 46 216
3 0 4
0 1 0
3 0 2
4 0 855
0 30 38
0 1 0
0 4 5
0 27 26
4 0 739
0 1 0
3 0 1
3 0 8
0 19 26
0 1 0
3 0 5
3 0 6
3 0 2
0 1 0
1 34 107
0 30 13
1 40 114
0 1 0
0 5 4
0 24 32
0 46 29
0 1 0
0 31 23
0 48 66
0 48 41
0 1 0
2 0 0
3 0 10
3 0 5
0 1 0
0 13 10
3 0 1
0 17 23
0 1 0
2 0 9
0 23 26
0 1 1
0 1 0
0 26 23
0 7 3
0 37 50
0 1 0
0 28 29
0 46 16
3 0 9
0 1 0
0 29 33
1 18 82
0 29 26
0 1 0
0 6 9
0 46 35
0 39 45
0 1 0
0 15 22
4 0 820
0 43 30
0 1 0
3 0 8
1 1 3
0 44 54
0 1 0
1 14 72
3 0 5
0 18 10
0 1 0
0 5 2
0 20 18
0 8 9
0 1 0
0 40 25
3 0 9
0 44 35
0 1 0
0 18 35
1 46 309
1 46 192
0 1 0
0 39 34
0 42 50
0 25 24
0 1 0
0 33 30
3 0 7
1 22 203
0 1 0
1 46 283
0 49 63
0 26 21
0 1 0
0 42 45
1 37 173
4 0 816
0 1 0
0 48 38
0 41 34
1 36 200
0 1 0
4 0 371
1 1 4
0 26 20
0 1 0
3 0 6
0 38 41
1 43 58
0 1 0
1 35 154
3 0 2
0 18 22
0 1 0
0 49 50
1 27 162
3 0 10
0 1 0
0 26 21
1 20 48
0 4 4
0 1 0
1 24 145
0 7 8
4 0 545
0 1 0
3 0 4
0 40 52
0 17 16
0 1 0
0 22 22
3 0 5
0 21 27
0 1 0
2 0 6
0 18 19
3 0 0
0 1 0
3 0 4
4 0 986
3 0 0
0 1 0
2 0 10
0 26 21
0 37 43
0 1 0
3 0 4
0 39 48
4 0 722
0 1 0
0 11 9
0 38 39
2 0 10
0 1 0
0 46 25
0 10 11
0 38 54
0 1 0
3 0 8
3 0 1
0 39 32
0 1 0
0 50 42
3 0 4
3 0 3
0 1 0
1 35 191
0 33 39
4 0 646
0 1 0
3 0 0
3 0 8
4 0 342
0 1 0
1 19 53
2 0 10
0 14 14
0 1 0
4 0 394
0 26 34
1 6 23
0 1 0
0 19 18
0 37 19
0 35 38
0 1 0
0 19 19
1 35 171
0 22 30
0 1 0
0 30 37
1 40 203
0 16 17
0 1 0
1 22 108
3 0 4
0 37 39
0 1 0
0 46 22
3 0 0
0 20 26
0 1 0
0 22 23
0 45 36
0 8 12
0 1 0
0 32 45
0 34 28
0 36 47
0 1 0
0 41 60
0 35 41
0 50 33
0 1 0
2 0 1
0 42 27
3 0 6
0 1 0
1 41 107
2 0 8
3 0 0
0 1 0
0 14 11
0 20 22
0 19 18
0 1 0
0 11 12
0 36 46
3 0 9
0 1 0
0 10 15
0 45 55
0 24 15
0 1 0
0 29 42
0 50 46
0 22 26
0 1 0
2 0 9
4 0 910
0 43 51
0 1 0
0 50 33
4 0 283
1 30 82
0 1 0
0 36 29
0 23 30
0 34 50
0 1 0
1 3 16
0 5 1
2 0 7
0 1 0
0 4 3
1 12 83
0 30 15
0 1 0
0 43 16
0 7 4
1 11 32
0 1 0
0 10 3
0 40 26
3 0 5
0 1 0
3 0 4
0 3 3
0 23 15
0 1 0
2 0 0
0 20 17
1 22 79
0 1 0
0 7 4
0 27 22
0 5 2
0 1 0
0 4 3
0 45 38
0 49 62
0 1 0
4 0 778
3 0 4
0 33 18
0 1 0
4 0 334
0 5 8
0 36 30
0 1 0
1 14 27
2 0 4
0 12 14
0 1 0
0 8 7
0 46 49
0 23 27
0 1 0
0 15 21
0 20 19
4 0 951
0 1 0
0 40 38
0 4 3
0 21 11
0 1 0
0 39 50
3 0 6
0 11 16
0 1 0
2 0 5
0 35 53
0 13 15
0 1 0
0 47 16
1 31 159
0 41 29
0 1 0
0 47 71
0 9 7
0 15 19
0 1 0
0 19 16
4 0 853
4 0 543
0 1 0
0 29 24
0 31 35
0 12 14
0 1 0
0 38 38
2 0 4
0 47 53
0 1 0
0 40 39
3 0 9
0 6 6
0 1 0
1 31 163
0 33 48
0 44 40
0 1 0
0 11 16
0 2 1
1 39 19
0 1 0
4 0 717
0 34 50
0 25 24
0 1 0
3 0 7
0 38 33
0 44 49
0 1 0
0 26 11
0 37 33
4 0 724
0 1 0
0 31 34
3 0 2
1 39 200
0 1 0
1 41 237
0 7 6
0 20 9
0 1 0
0 18 20
0 1 2
1 18 89
0 1 0
0 44 71
0 3 3
0 22 30
0 1 0
0 40 38
0 20 23
0 38 25
0 1 0
0 3 3
0 13 6
0 40 60
0 1 0
3 0 0
3 0 6
0 10 8
0 1 0
3 0 3
0 43 35
0 38 39
0 1 0
3 0 8
3 0 8
3 0 6
0 1 0
0 33 53
0 23 15
0 23 23
0 1 0
0 36 50
0 36 21
3 0 7
0 1 0
0 7 5
0 22 22
0 46 34
0 1 0
3 0 4
0 3 2
0 36 62
0 1 0
0 48 39
0 32 45
0 20 21
0 1 0
0 35 38
3 0 5
2 0 9
0 1 0
0 21 14
3 0 1
4 0 995
0 1 0
1 9 53
0 12 12
0 12 15
0 1 0
3 0 0
0 48 27
0 45 35
0 1 0
0 23 24
0 10 11
0 16 8
0 1 0
0 46 50
0 17 21
0 36 28
0 1 0
4 0 295
0 28 42
1 31 122
0 1 0
0 50 46
0 33 37
1 2 11
0 1 0
0 13 12
3 0 5
0 11 12
0 1 0
3 0 6
0 25 20
0 26 27
0 1 0
4 0 571
1 48 382
1 21 78
0 1 0
4 0 546
0 29 23
0 19 26
0 1 0
3 0 8
1 31 162
0 39 21
0 1 0
0 13 8
3 0 5
3 0 1
0 1 0
2 0 10
1 19 101
1 13 74
0 1 0
4 0 284
0 18 10
0 1 1
0 1 0
0 3 3
0 15 17
3 0 3
0 1 0
0 7 7
0 4 2
0 27 23
0 1 0
0 30 34
0 45 75
0 36 57
0 1 0
0 38 31
0 38 37
0 42 59
0 1 0
1 28 106
0 42 56
0 6 7
0 1 0
0 48 64
0 22 29
1 46 260
0 1 0
3 0 10
3 0 7
3 0 5
0 1 0
3 0 1
3 0 10
0 9 6
0 1 0
0 18 16
3 0 9
1 16 36
0 1 0
0 29 38
0 10 11
0 17 20
0 1 0
3 0 7
4 0 803
0 43 37
0 1 0
0 33 42
1 43 196
1 43 223
0 1 0
0 44 62
0 21 22
0 8 7
0 1 0
0 30 33
1 44 180
0 16 22
0 1 0
0 41 48
2 0 5
0 13 14
0 1 0
0 22 29
3 0 4
3 0 2
0 1 0
3 0 7
0 13 12
1 5 5
0 1 0
2 0 5
0 33 31
0 1 1
0 1 0
3 0 4
0 43 40
0 29 30
0 1 0
2 0 6
0 23 13
3 0 1
0 1 0
0 14 15
3 0 3
0 23 17
0 1 0
0 4 6
0 34 56
3 0 5
0 1 0
0 30 36
2 0 0
0 43 14
0 1 0
0 1 1
3 0 6
3 0 2
0 1 0
0 50 27
0 47 58
0 29 21
0 1 0
0 12 17
0 6 5
1 1 7
0 1 0
0 40 35
3 0 3
3 0 0
0 1 0
4 0 307
0 27 29
0 15 14
0 1 0
1 39 208
0 35 39
0 50 22
0 1 0
4 0 535
0 12 9
4 0 461
0 1 0
3 0 4
0 36 43
0 17 26
0 1 0
0 25 18
0 32 26
0 33 44
0 1 0
0 9 5
0 39 55
0 7 3
0 1 0
0 12 12
1 22 119
1 3 23
0 1 0
0 47 24
0 16 19
0 40 35
0 1 0
0 17 12
0 49 32
0 9 7
0 1 0
3 0 4
0 45 27
3 0 4
0 1 0
0 46 55
1 26 149
0 13 22
0 1 0
0 20 14
1 43 237
4 0 787
0 1 0
3 0 4
4 0 895
0 22 12
0 1 0
0 48 63
0 7 2
1 11 37
0 1 0
3 0 0
3 0 3
4 0 333
0 1 0
3 0 7
3 0 9
0 42 20
0 1 0
0 23 22
0 27 32
4 0 360
0 1 0
1 35 218
0 1 1
0 25 15
0 1 0
0 19 11
3 0 7
0 42 59
0 1 0
3 0 9
4 0 936
0 7 3
0 1 0
3 0 2
0 32 29
0 4 7
0 1 0
3 0 6
2 0 3
0 31 23
0 1 0
1 2 10
0 48 24
3 0 1
0 1 0
0 12 11
3 0 9
0 23 28
0 1 0
0 41 28
3 0 4
0 45 45
0 1 0
0 19 17
1 43 166
0 9 11
0 1 0
0 37 25
2 0 3
0 20 21
0 1 0
0 34 58
3 0 3
3 0 8
0 1 0
0 39 37
0 28 19
0 28 44
0 1 0
0 36 48
1 12 62
0 11 18
0 1 0
0 33 39
0 4 5
1 45 131
0 1 0
0 20 27
3 0 3
3 0 8
0 1 0
0 26 37
1 21 156
0 50 71
0 1 0
4 0 776
3 0 10
0 42 27
0 1 0
0 9 6
0 3 2
0 14 21
0 1 0
4 0 476
0 4 5
0 46 54
0 1 0
3 0 6
4 0 440
0 43 29
0 1 0
0 7 8
0 39 38
0 24 30
0 1 0
0 47 72
1 2 11
0 27 17
0 1 0
0 41 51
3 0 10
3 0 4
0 1 0
2 0 0
0 34 22
0 8 11
0 1 0
0 31 29
3 0 8
0 45 54
0 1 0
3 0 1
3 0 7
0 44 45
0 1 0
4 0 217
4 0 874
0 15 21
0 1 0
3 0 4
2 0 2
0 36 44
0 1 0
0 7 7
3 0 8
0 9 9
0 1 0
1 36 137
0 34 42
2 0 5
0 1 0
0 2 3
0 36 51
1 31 83
0 1 0
0 24 25
3 0 6
0 9 12
0 1 0
0 37 49
0 29 32
3 0 7
0 1 0
0 25 20
0 29 25
1 11 19
0 1 0
3 0 3
0 14 12
0 34 24
0 1 0
4 0 418
0 25 21
3 0 9
0 1 0
0 49 50
0 30 37
0 21 14
0 1 0
4 0 216
3 0 6
2 0 1
0 1 0
0 20 22
0 32 28
3 0 0
0 1 0
4 0 338
0 36 26
0 33 30
0 1 0
0 3 4
2 0 1
0 41 32
0 1 0
1 4 19
0 35 38
0 22 18
0 1 0
0 5 6
1 32 144
0 24 21
0 1 0
0 39 33
3 0 1
0 38 43
0 1 0
0 45 60
0 24 23
0 14 13
0 1 0
1 8 50
0 23 34
1 19 124
0 1 0
3 0 8
3 0 2
0 28 33
0 1 0
0 36 43
0 29 21
0 48 62
0 1 0
1 12 49
3 0 5
0 27 35
0 1 0
0 2 1
4 0 424
0 39 48
0 1 0
3 0 1
0 39 38
0 3 2
0 1 0
0 30 36
0 8 9
3 0 3
0 1 0
3 0 9
0 25 22
0 33 49
0 1 0
0 33 44
3 0 5
0 10 12
0 1 0
0 5 5
3 0 0
1 34 259
0 1 0
4 0 807
3 0 9
0 18 25
0 1 0
3 0 8
0 49 94
0 12 16
0 1 0
0 38 24
0 35 53
0 44 42
0 1 0
0 35 34
1 34 176
4 0 997
0 1 0
0 50 56
0 18 26
1 24 159
0 1 0
0 50 49
3 0 10
0 29 29
0 1 0
0 30 29
0 30 9
3 0 3
0 1 0
1 3 24
0 2 3
0 8 8
0 1 0
4 0 253
0 16 17
3 0 1
0 1 0
0 2 2
0 31 21
3 0 5
0 1 0
4 0 413
3 0 8
0 48 40
0 1 0
0 19 12
0 7 7
0 30 29
0 1 0
3 0 1
3 0 2
0 46 52
0 1 0
3 0 6
3 0 1
3 0 6
0 1 0
0 34 37
3 0 4
1 49 150
0 1 0
0 16 21
0 43 49
1 41 197
0 1 0
0 45 46
0 5 8
1 32 272
0 1 0
0 38 21
3 0 7
0 25 13
0 1 0
2 0 6
0 4 2
0 33 37
0 1 0
0 45 48
3 0 6
0 14 23
0 1 0
0 7 8
0 34 23
0 35 14
0 1 0
2 0 4
0 15 4
3 0 10
0 1 0
0 26 21
4 0 978
0 22 25
0 1 0
0 8 8
0 30 32
3 0 5
0 1 0
4 0 486
0 26 25
0 45 19
0 1 0
3 0 9
0 2 2
4 0 446
0 1 0
2 0 7
4 0 464
3 0 8
0 1 0
0 24 37
0 12 13
1 32 148
0 1 0
0 49 77
0 23 24
0 30 20
0 1 0
0 3 1
0 23 25
0 20 16
0 1 0
0 34 45
0 38 9
3 0 2
0 1 0
0 36 16
1 35 201
2 0 3
0 1 0
2 0 0
4 0 945
0 1 1
0 1 0
0 37 49
0 23 23
0 46 54
0 1 0
0 42 46
0 8 10
1 14 56
0 1 0
2 0 5
0 37 45
1 10 36
0 1 0
0 49 79
4 0 254
3 0 8
0 1 0
2 0 7
0 25 38
4 0 558
0 1 0
0 45 33
3 0 3
0 50 42
0 1 0
3 0 10
0 41 8
0 14 18
0 1 0
2 0 1
3 0 2
0 42 43
0 1 0
1 15 96
0 27 30
3 0 6
0 1 0
0 23 31
0 8 12
3 0 0
0 1 0
0 9 4
0 41 58
3 0 2
0 1 0
0 7 7
0 13 10
1 6 48
0 1 0
1 35 199
0 16 15
2 0 0
0 1 0
0 48 43
0 41 43
0 38 32
0 1 0
1 8 35
3 0 2
3 0 4
0 1 0
0 39 37
0 25 8
0 8 10
0 1 0
3 0 0
3 0 9
0 7 7
0 1 0
0 8 8
3 0 1
0 39 35
0 1 0
2 0 6
1 35 195
0 37 36
0 1 0
1 32 158
2 0 9
0 8 5
0 1 0
0 41 32
0 2 2
3 0 4
0 1 0
0 10 11
0 13 11
0 10 7
0 1 0
0 38 49
1 19 126
0 29 30
0 1 0
0 23 22
0 3 3
1 12 91
0 1 0
1 33 163
0 8 9
1 6 31
0 1 0
0 37 25
0 20 23
3 0 4
0 1 0
0 36 50
0 16 3
0 22 25
0 1 0
1 2 10
0 26 15
3 0 5
0 1 0
4 0 207
2 0 2
0 28 26
0 1 0
2 0 1
0 31 23
0 24 13
0 1 0
4 0 473
0 42 44
0 5 4
0 1 0
3 0 8
2 0 5
0 43 36
0 1 0
0 31 27
0 35 25
0 17 17
0 1 0
0 4 2
3 0 5
0 11 6
0 1 0
0 18 19
0 2 2
1 17 81
0 1 0
0 11 14
0 32 39
1 16 89
0 1 0
0 22 9
3 0 10
2 0 1
0 1 0
1 18 107
3 0 5
0 18 17
0 1 0
0 2 2
0 6 5
0 4 5
0 1 0
0 28 22
1 45 268
0 28 37
0 1 0
0 11 11
0 21 33
0 3 6
0 1 0
3 0 2
0 2 2
0 30 28
0 1 0
0 17 28
0 24 42
0 39 26
0 1 0
0 12 13
1 13 54
0 47 44
0 1 0
0 41 50
3 0 8
0 15 15
0 1 0
0 50 47
3 0 7
0 5 6
0 1 0
0 13 10
3 0 7
0 6 3
0 1 0
0 9 9
3 0 1
1 22 93
0 1 0
3 0 8
0 8 7
0 6 5
0 1 0
4 0 450
0 25 33
0 47 20
0 1 0
0 3 4
0 7 10
4 0 370
0 1 0
3 0 9
3 0 5
0 7 8
0 1 0
0 20 19
0 40 30
0 39 16
0 1 0
0 36 38
4 0 443
0 37 6
0 1 0
0 46 31
0 17 7
2 0 10
0 1 0
0 17 16
0 15 16
3 0 2
0 1 0
0 16 25
0 7 2
0 3 2
0 1 0
0 18 31
0 1 1
1 23 112
0 1 0
1 22 38
0 36 33
1 1 4
0 1 0
3 0 4
0 16 11
2 0 6
0 1 0
0 42 50
3 0 8
4 0 605
0 1 0
0 30 23
2 0 3
3 0 9
0 1 0
0 47 52
0 2 3
3 0 7
0 1 0
3 0 4
0 35 51
0 11 12
0 1 0
3 0 3
0 22 28
3 0 9
0 1 0
0 50 73
2 0 2
0 8 7
0 1 0
0 18 20
0 40 67
1 48 214
0 1 0
3 0 4
0 4 3
0 28 23
0 1 0
0 11 13
0 20 17
0 6 6
0 1 0
1 16 54
0 27 31
2 0 8
0 1 0
3 0 8
3 0 5
3 0 4
0 1 0
4 0 981
1 46 269
1 19 144
0 1 0
0 32 23
0 19 16
2 0 10
0 1 0
2 0 4
0 20 18
3 0 7
0 1 0
0 49 59
0 26 18
2 0 5
0 1 0
0 13 15
3 0 5
0 20 19
0 1 0
0 30 10
3 0 7
0 49 39
0 1 0
1 42 351
3 0 8
0 47 44
0 1 0
1 36 140
1 50 313
0 47 40
0 1 0
3 0 5
3 0 0
0 33 43
0 1 0
0 28 27
0 10 11
3 0 9
0 1 0
0 32 47
3 0 7
3 0 5
0 1 0
0 33 42
3 0 5
0 17 11
0 1 0
0 49 62
0 26 38
3 0 9
0 1 0
0 40 47
0 48 30
0 43 54
0 1 0
0 8 8
0 23 17
3 0 9
0 1 0
1 7 38
3 0 3
0 43 37
0 1 0
3 0 2
3 0 10
4 0 292
0 1 0
0 46 37
0 44 73
0 41 45
0 1 0
1 23 128
0 17 24
0 9 7
0 1 0
3 0 7
0 16 12
1 7 57
0 1 0
3 0 1
0 46 45
3 0 1
0 1 0
0 15 6
1 36 170
0 2 2
0 1 0
0 44 63
0 40 50
1 41 199
0 1 0
1 9 42
0 44 31
4 0 321
0 1 0
0 46 64
0 22 34
2 0 4
0 1 0
3 0 10
3 0 7
0 12 14
0 1 0
3 0 9
0 21 26
0 1 1
0 1 0
4 0 578
0 44 38
0 5 2
0 1 0
0 18 19
0 46 27
0 17 16
0 1 0
3 0 5
0 22 31
0 39 32
0 1 0
0 6 5
1 11 49
0 7 8
0 1 0
0 6 7
0 42 56
0 42 30
0 1 0
0 42 48
0 44 51
0 50 27
0 1 0
2 0 8
0 15 14
2 0 1
0 1 0
4 0 936
3 0 5
0 9 5
0 1 0
0 39 47
1 30 138
0 26 32
0 1 0
0 31 40
1 38 104
0 1 1
0 1 0
0 34 31
0 39 45
1 22 93
0 1 0
0 23 23
0 11 8
0 30 38
0 1 0
0 50 60
4 0 559
0 47 26
0 1 0
0 42 46
3 0 4
3 0 2
0 1 0
1 46 262
0 2 2
0 20 18
0 1 0
0 45 64
0 30 45
0 41 44
0 1 0
0 26 26
1 41 267
0 18 26
0 1 0
0 15 11
0 37 25
2 0 3
0 1 0
0 13 7
3 0 0
0 23 30
0 1 0
0 2 1
1 38 241
3 0 6
0 1 0
0 1 1
0 15 11
4 0 540
0 1 0
0 44 29
3 0 8
3 0 6
0 1 0
3 0 1
3 0 1
0 30 21
0 1 0
3 0 1
0 6 6
0 16 9
0 1 0
0 24 30
0 50 59
0 45 46
0 1 0
3 0 6
1 15 83
0 44 41
0 1 0
3 0 8
3 0 4
4 0 697
0 1 0
4 0 842
3 0 8
0 49 69
0 1 0
3 0 8
3 0 4
0 37 29
0 1 0
0 5 7
1 9 84
3 0 0
0 1 0
0 15 13
3 0 7
0 21 25
0 1 0
3 0 4
0 22 16
3 0 4
0 1 0
2 0 2
1 4 10
3 0 1
0 1 0
0 18 14
0 30 8
0 18 23
0 1 0
0 23 24
1 38 171
0 40 24
0 1 0
3 0 3
4 0 880
0 18 27
0 1 0
3 0 0
0 10 11
0 37 59
0 1 0
4 0 934
0 46 43
0 39 33
0 1 0
3 0 3
1 24 141
0 35 17
0 1 0
3 0 8
0 40 45
0 22 20
0 1 0
0 36 48
3 0 4
1 38 92
0 1 0
0 32 29
3 0 9
0 15 11
0 1 0
0 18 21
0 13 16
3 0 4
0 1 0
3 0 10
4 0 352
0 50 91
0 1 0
3 0 3
0 20 30
1 38 128
0 1 0
0 49 36
0 15 13
3 0 8
0 1 0
1 21 121
0 39 34
3 0 10
0 1 0
3 0 5
0 34 29
0 36 34
0 1 0
0 5 6
4 0 652
1 11 79
0 1 0
0 20 16
1 12 104
0 12 7
0 1 0
3 0 4
1 37 226
1 33 125
0 1 0
3 0 0
0 48 57
0 41 43
0 1 0
0 48 46
0 35 40
0 3 2
0 1 0
1 14 84
0 19 24
2 0 3
0 1 0
1 24 125
0 26 36
0 46 56
0 1 0
2 0 7
0 37 44
3 0 2
0 1 0
4 0 617
0 38 29
0 30 28
0 1 0
0 6 3
0 25 30
0 23 21
0 1 0
0 32 38
3 0 2
0 3 1
0 1 0
4 0 212
0 46 48
2 0 5
0 1 0
0 10 9
0 42 66
0 37 36
0 1 0
4 0 747
3 0 6
1 41 265
0 1 0
0 9 15
0 25 35
0 33 29
0 1 0
2 0 4
0 50 32
0 17 12
0 1 0
0 31 13
0 16 18
2 0 4
0 1 0
0 38 51
0 42 40
1 39 162
0 1 0
0 14 15
3 0 8
0 17 24
0 1 0
2 0 3
0 12 14
0 17 16
0 1 0
2 0 5
0 28 28
0 48 25
0 1 0
0 25 21
0 42 38
0 39 52
0 1 0
0 23 15
3 0 0
0 13 8
0 1 0
3 0 9
0 20 26
2 0 10
0 1 0
0 11 4
3 0 9
0 42 30
0 1 0
3 0 0
3 0 4
0 5 5
0 1 0
0 29 14
2 0 0
2 0 3
0 1 0
0 31 25
0 23 22
0 32 42
0 1 0
0 40 49
0 14 11
0 30 18
0 1 0
0 16 24
4 0 642
0 41 34
0 1 0
2 0 6
2 0 6
4 0 626
0 1 0
0 8 8
3 0 3
0 31 37
0 1 0
0 44 42
3 0 0
3 0 9
0 1 0
0 50 46
0 10 7
0 43 33
0 1 0
0 41 45
0 1 1
0 2 3
0 1 0
0 47 38
0 12 15
0 10 8
0 1 0
4 0 486
1 11 67
0 32 32
0 1 0
0 29 26
1 14 51
4 0 214
0 1 0
0 25 23
1 31 230
4 0 665
0 1 0
0 34 18
0 2 3
1 7 30
0 1 0
0 36 50
2 0 6
0 15 15
0 1 0
0 20 18
0 46 32
1 3 18
0 1 0
1 21 115
0 24 24
0 18 13
0 1 0
0 1 1
4 0 271
4 0 801
0 1 0
3 0 8
0 29 20
3 0 4
0 1 0
0 10 14
3 0 9
0 24 27
0 1 0
3 0 0
1 17 166
0 29 31
0 1 0
0 42 51
0 1 1
4 0 586
0 1 0
0 32 32
0 4 4
0 30 29
0 1 0
0 16 22
0 39 46
4 0 964
0 1 0
0 17 21
0 44 37
4 0 522
0 1 0
0 42 55
3 0 7
1 43 203
0 1 0
0 22 36
0 8 7
0 25 25
0 1 0
0 13 7
2 0 8
0 40 40
0 1 0
0 42 41
0 21 29
0 6 8
0 1 0
3 0 6
0 13 11
0 24 29
0 1 0
0 44 37
1 35 204
3 0 4
0 1 0
2 0 6
0 36 39
1 16 79
0 1 0
3 0 7
1 26 96
0 29 17
0 1 0
0 17 12
0 18 18
0 32 37
0 1 0
0 47 41
0 49 40
0 33 33
0 1 0
0 10 14
4 0 787
0 18 15
0 1 0
0 5 4
0 3 2
0 14 12
0 1 0
0 13 10
3 0 4
1 35 131
0 1 0
0 6 9
0 13 14
0 14 13
0 1 0
4 0 884
0 50 52
0 11 20
0 1 0
0 5 5
0 11 15
2 0 1
0 1 0
0 18 15
0 47 37
3 0 3
0 1 0
0 5 5
0 41 45
0 18 13
0 1 0
3 0 7
0 26 21
0 3 4
0 1 0
3 0 1
0 20 26
0 23 22
0 1 0
0 13 11
0 27 25
0 21 22
0 1 0
1 11 44
0 12 11
0 2 3
0 1 0
3 0 8
0 30 42
0 6 6
0 1 0
0 8 11
0 22 17
0 19 18
0 1 0
0 18 16
0 47 51
0 4 3
0 1 0
3 0 4
3 0 9
1 27 129
0 1 0
0 18 21
0 34 22
1 47 224
0 1 0
1 49 306
0 16 17
0 25 16
0 1 0
3 0 2
0 45 51
3 0 5
0 1 0
0 21 18
0 36 14
3 0 5
0 1 0
0 9 11
3 0 9
3 0 9
0 1 0
1 36 279
3 0 0
3 0 5
0 1 0
0 16 17
0 15 9
3 0 10
0 1 0
0 38 54
0 17 5
3 0 8
0 1 0
0 30 34
0 34 38
1 23 84
0 1 0
2 0 4
2 0 0
0 48 48
0 1 0
2 0 5
0 28 38
3 0 4
0 1 0
0 20 17
3 0 3
3 0 1
0 1 0
0 23 24
0 24 11
0 5 7
0 1 0
4 0 836
0 49 45
2 0 6
0 1 0
3 0 9
3 0 3
1 10 30
0 1 0
0 50 44
3 0 4
3 0 8
0 1 0
3 0 2
0 11 9
0 36 20
0 1 0
0 37 34
0 6 4
0 18 16
0 1 0
0 45 19
0 9 6
0 44 49
0 1 0
0 5 2
0 27 38
1 17 137
0 1 0
2 0 6
3 0 2
1 21 60
0 1 0
2 0 6
3 0 0
0 10 13
0 1 0
0 17 23
0 39 55
0 6 6
0 1 0
1 47 190
3 0 9
3 0 0
0 1 0
4 0 766
3 0 7
3 0 0
0 1 0
0 34 42
4 0 663
0 48 43
0 1 0
2 0 4
1 16 88
0 32 25
0 1 0
0 26 33
1 11 27
0 24 20
0 1 0
0 26 41
0 39 36
3 0 4
0 1 0
0 37 7
0 48 34
3 0 9
0 1 0
1 4 23
0 30 21
0 26 30
0 1 0
3 0 4
3 0 3
0 2 3
0 1 0
0 19 14
0 11 12
3 0 6
0 1 0
3 0 10
2 0 9
4 0 931
0 1 0
0 5 4
0 32 44
0 33 8
0 1 0
1 37 194
0 1 1
0 3 3
0 1 0
0 29 11
0 27 12
1 21 157
0 1 0
0 29 29
0 43 51
0 44 53
0 1 0
0 23 24
3 0 2
0 40 29
0 1 0
3 0 1
3 0 1
1 47 165
0 1 0
4 0 594
0 50 59
0 6 4
0 1 0
1 22 96
0 43 62
0 36 33
0 1 0
0 14 19
0 9 12
3 0 3
0 1 0
0 49 40
0 10 14
3 0 10
0 1 0
0 12 12
0 23 24
0 40 35
0 1 0
0 49 48
0 13 12
0 6 6
0 1 0
0 23 18
0 34 24
1 36 230
0 1 0
0 50 60
0 31 20
0 42 56
0 1 0
1 16 46
2 0 2
3 0 4
0 1 0
2 0 3
1 9 45
1 6 42
0 1 0
0 23 25
0 1 1
0 43 67
0 1 0
0 14 17
2 0 5
4 0 475
0 1 0
0 40 29
0 36 27
2 0 5
0 1 0
0 8 7
0 26 21
3 0 0
0 1 0
0 37 36
2 0 6
0 23 8
0 1 0
0 46 72
0 29 43
0 26 9
0 1 0
1 40 311
3 0 9
1 42 234
0 1 0
2 0 3
3 0 4
1 45 255
0 1 0
3 0 3
0 23 29
0 38 29
0 1 0
0 24 13
0 8 11
0 2 4
0 1 0
1 15 71
0 7 9
0 31 39
0 1 0
0 18 20
3 0 5
0 13 12
0 1 0
0 10 11
3 0 10
3 0 7
0 1 0
1 18 114
0 44 50
0 20 21
0 1 0
0 18 23
0 37 57
1 30 173
0 1 0
0 44 45
3 0 10
0 4 4
0 1 0
0 16 19
0 33 14
0 6 4
0 1 0
0 49 62
3 0 4
0 10 10
0 1 0
0 5 4
0 31 33
0 2 3
0 1 0
0 9 14
4 0 742
3 0 1
0 1 0
0 29 26
3 0 4
0 33 46
0 1 0
0 18 19
0 47 59
0 11 6
0 1 0
0 33 18
1 21 94
3 0 8
0 1 0
0 40 45
0 18 11
0 18 13
0 1 0
0 47 53
0 32 42
0 28 34
0 1 0
0 43 49
0 23 26
3 0 9
0 1 0
2 0 4
3 0 7
3 0 8
0 1 0
0 5 5
3 0 7
2 0 9
0 1 0
0 2 2
0 50 62
2 0 6
0 1 0
0 22 25
0 1 1
0 29 21
0 1 0
0 45 54
0 34 29
0 7 7
0 1 0
0 15 15
3 0 2
0 46 50
0 1 0
0 49 53
0 34 37
1 19 83
0 1 0
0 26 26
2 0 7
0 4 6
0 1 0
3 0 0
0 26 30
3 0 6
0 1 0
0 2 2
0 40 38
0 10 7
0 1 0
0 19 15
0 9 8
3 0 1
0 1 0
0 3 3
0 8 10
3 0 2
0 1 0
4 0 634
0 25 29
0 10 14
0 1 0
3 0 6
3 0 8
3 0 9
0 1 0
1 32 134
3 0 8
0 19 10
0 1 0
0 23 32
4 0 422
0 29 26
0 1 0
0 20 18
1 11 57
4 0 204
0 1 0
0 44 42
0 10 11
3 0 10
0 1 0
0 21 33
0 37 31
3 0 6
0 1 0
3 0 2
1 17 101
0 7 6
0 1 0
1 39 165
2 0 10
0 50 34
0 1 0
0 24 36
0 16 16
0 48 45
0 1 0
0 20 30
3 0 10
3 0 3
0 1 0
0 13 16
0 38 33
3 0 3
0 1 0
0 35 52
0 10 14
0 10 7
0 1 0
0 15 16
0 43 15
0 6 6
0 1 0
3 0 3
0 8 9
4 0 736
0 1 0
0 44 62
1 28 113
0 49 49
0 1 0
0 16 13
0 44 59
0 43 25
0 1 0
0 41 24
0 32 54
0 47 28
0 1 0
4 0 846
0 22 17
3 0 0
0 1 0
3 0 9
0 26 38
3 0 3
0 1 0
0 21 12
0 26 34
4 0 752
0 1 0
0 25 26
0 26 25
1 8 45
0 1 0
3 0 4
0 23 26
4 0 433
0 1 0
0 3 3
0 18 17
0 18 8
0 1 0
0 14 9
0 45 45
0 24 19
0 1 0
0 25 22
3 0 8
0 2 3
0 1 0
0 3 2
0 23 35
3 0 6
0 1 0
3 0 3
2 0 8
0 15 19
0 1 0
0 5 4
0 33 20
0 48 60
0 1 0
3 0 7
1 17 47
0 37 37
0 1 0
1 15 60
0 20 23
2 0 3
0 1 0
0 28 25
0 19 21
3 0 4
0 1 0
2 0 10
4 0 558
0 11 16
0 1 0
1 27 143
3 0 10
0 47 46
0 1 0
3 0 8
3 0 8
0 11 9
0 1 0
1 50 290
0 9 5
1 37 230
0 1 0
3 0 7
3 0 4
0 32 35
0 1 0
0 44 37
0 30 35
0 2 2
0 1 0
3 0 5
1 16 45
3 0 2
0 1 0
0 32 42
3 0 8
3 0 10
0 1 0
0 40 21
0 49 48
0 48 22
0 1 0
0 42 25
0 1 1
1 15 82
0 1 0
3 0 1
0 45 28
0 2 2
0 1 0
0 31 33
0 40 48
3 0 9
0 1 0
0 7 10
0 43 58
3 0 1
0 1 0
0 41 35
1 17 107
0 15 16
0 1 0
3 0 0
1 8 16
0 20 25
0 1 0
0 25 36
0 29 26
0 37 54
0 1 0
0 7 10
0 9 2
0 10 8
0 1 0
1 45 359
0 32 27
0 16 9
0 1 0
0 2 2
2 0 6
1 3 9
0 1 0
3 0 5
0 49 38
1 45 214
0 1 0
2 0 2
3 0 10
1 36 204
0 1 0
0 27 34
0 11 12
0 5 4
0 1 0
0 48 35
0 4 6
0 45 46
0 1 0
0 2 1
0 11 9
4 0 652
0 1 0
1 31 201
0 17 15
0 36 42
0 1 0
1 29 171
0 9 15
0 12 20
0 1 0
0 36 43
2 0 0
0 4 3
0 1 0
3 0 9
3 0 6
0 19 8
0 1 0
0 19 21
0 24 24
3 0 8
0 1 0
0 40 30
0 10 9
4 0 793
0 1 0
0 9 8
4 0 503
0 16 13
0 1 0
0 4 3
0 7 7
3 0 6
0 1 0
3 0 4
0 50 13
0 20 20
0 1 0
1 5 31
0 14 7
0 43 50
0 1 0
0 48 46
1 16 61
0 30 39
0 1 0
3 0 9
0 40 64
4 0 838
0 1 0
4 0 805
0 36 30
0 38 26
0 1 0
0 15 11
1 14 51
0 42 33
0 1 0
0 42 39
0 49 36
0 20 30
0 1 0
0 21 25
0 18 18
1 8 46
0 1 0
0 21 19
0 1 1
3 0 1
0 1 0
3 0 0
3 0 2
0 30 30
0 1 0
1 30 135
3 0 4
0 19 24
0 1 0
2 0 4
4 0 641
0 32 32
0 1 0
1 44 208
0 31 31
0 4 5
0 1 0
0 25 21
0 24 22
0 4 3
0 1 0
0 8 7
0 12 6
2 0 6
0 1 0
1 36 245
3 0 4
3 0 9
0 1 0
0 37 36
3 0 9
0 3 3
0 1 0
0 32 39
3 0 3
0 35 32
0 1 0
0 34 45
0 35 49
0 8 11
0 1 0
0 26 19
0 6 5
4 0 458
0 1 0
0 6 6
0 18 19
1 19 120
0 1 0
0 11 9
1 28 92
0 43 43
0 1 0
3 0 1
3 0 4
2 0 7
0 1 0
0 7 10
0 26 39
1 38 180
0 1 0
3 0 1
0 26 27
0 25 31
0 1 0
0 37 33
0 35 39
4 0 243
0 1 0
0 22 28
0 30 27
0 17 6
0 1 0
1 45 294
0 28 39
3 0 9
0 1 0
1 45 281
3 0 10
1 6 28
0 1 0
4 0 614
3 0 1
0 39 37
0 1 0
0 19 21
3 0 3
0 15 19
0 1 0
0 47 45
0 37 50
2 0 3
0 1 0
0 29 28
3 0 6
1 6 24
0 1 0
0 46 56
0 23 23
0 12 17
0 1 0
3 0 7
1 6 24
0 38 56
0 1 0
0 8 10
1 14 83
3 0 2
0 1 0
3 0 8
0 8 8
0 39 35
0 1 0
0 42 33
1 13 40
0 19 23
0 1 0
2 0 1
0 30 28
0 44 30
0 1 0
3 0 1
0 30 32
0 48 53
0 1 0
1 2 3
0 10 3
3 0 0
0 1 0
0 13 13
0 18 17
0 36 38
0 1 0
0 33 38
0 47 66
0 18 19
0 1 0
0 2 2
2 0 4
1 45 122
0 1 0
2 0 5
4 0 901
1 13 17
0 1 0
0 3 3
0 10 10
3 0 4
0 1 0
4 0 947
0 44 33
4 0 650
0 1 0
0 12 7
3 0 8
3 0 10
0 1 0
0 3 3
1 43 270
3 0 7
0 1 0
0 15 15
0 31 28
1 20 113
0 1 0
2 0 9
0 10 6
3 0 2
0 1 0
3 0 1
0 7 8
1 4 19
0 1 0
0 8 10
1 48 72
0 42 46
0 1 0
0 42 63
3 0 3
0 10 12
0 1 0
0 34 42
0 32 39
3 0 2
0 1 0
1 17 103
1 30 162
0 28 24
0 1 0
3 0 9
3 0 5
0 5 3
0 1 0
2 0 7
0 8 10
3 0 3
0 1 0
0 48 45
0 24 26
0 18 20
0 1 0
1 13 97
3 0 2
0 31 18
0 1 0
0 27 30
1 37 181
0 28 42
0 1 0
3 0 7
0 48 44
0 23 19
0 1 0
3 0 1
3 0 2
3 0 2
0 1 0
0 48 45
3 0 3
0 49 48
0 1 0
3 0 10
0 32 30
2 0 9
0 1 0
0 43 30
0 16 19
0 2 2
0 1 0
0 1 1
3 0 2
0 11 13
0 1 0
3 0 8
2 0 3
0 15 21
0 1 0
3 0 3
0 33 20
1 34 185
0 1 0
2 0 5
3 0 8
0 32 16
0 1 0
0 28 21
1 47 340
1 16 49
0 1 0
0 22 15
3 0 5
0 47 53
0 1 0
0 41 37
3 0 0
0 17 12
0 1 0
0 46 71
0 31 26
0 34 43
0 1 0
0 35 41
2 0 7
1 10 76
0 1 0
0 25 31
0 11 5
0 21 30
0 1 0
0 46 44
0 35 32
0 22 31
0 1 0
0 29 27
3 0 8
0 30 27
0 1 0
1 14 96
3 0 1
3 0 8
0 1 0
3 0 2
3 0 1
3 0 2
0 1 0
0 38 23
0 27 37
1 49 177
0 1 0
2 0 5
0 8 8
3 0 7
0 1 0
3 0 9
4 0 477
0 46 46
0 1 0
2 0 2
2 0 9
0 37 37
0 1 0
3 0 1
0 20 17
0 6 5
0 1 0
0 3 3
3 0 1
0 43 66
0 1 0
0 37 36
0 20 16
0 17 23
0 1 0
2 0 8
0 3 3
0 45 68
0 1 0
0 5 4
0 42 49
0 32 45
0 1 0
0 25 24
0 2 2
0 22 30
0 1 0
0 8 9
4 0 460
0 40 30
0 1 0
0 9 6
0 47 35
4 0 778
0 1 0
0 29 17
3 0 7
0 34 25
0 1 0
2 0 3
0 19 15
0 41 63
0 1 0
0 37 32
3 0 2
0 41 65
0 1 0
0 18 15
1 18 56
0 46 38
0 1 0
0 17 21
3 0 9
3 0 5
0 1 0
0 39 46
0 1 1
0 47 40
0 1 0
0 2 1
2 0 1
2 0 7
0 1 0
0 32 31
1 25 191
0 26 23
0 1 0
0 14 14
1 41 250
0 47 68
0 1 0
0 31 48
3 0 1
0 10 16
0 1 0
0 34 54
2 0 1
0 46 48
0 1 0
0 40 30
1 38 266
3 0 9
0 1 0
0 46 40
0 28 24
3 0 3
0 1 0
3 0 7
0 4 6
1 35 142
0 1 0
3 0 10
3 0 5
0 49 70
0 1 0
0 42 17
0 29 35
0 23 30
0 1 0
3 0 4
3 0 8
0 21 16
0 1 0
0 4 7
1 16 97
0 30 27
0 1 0
0 29 41
1 40 199
0 28 36
0 1 0
0 36 26
1 4 25
0 38 52
0 1 0
1 22 91
0 24 31
0 25 35
0 1 0
2 0 8
0 32 19
0 20 22
0 1 0
0 41 30
0 41 48
0 46 13
0 1 0
0 15 9
2 0 2
0 32 20
0 1 0
0 40 27
0 5 5
0 37 64
0 1 0
0 11 8
1 21 154
3 0 9
0 1 0
3 0 7
0 25 19
0 46 55
0 1 0
3 0 6
3 0 0
0 2 1
0 1 0
1 28 98
0 39 30
3 0 0
0 1 0
4 0 278
0 6 8
0 25 18
0 1 0
0 14 14
0 32 40
0 35 34
0 1 0
3 0 10
0 19 23
3 0 7
0 1 0
2 0 3
0 18 19
0 21 29
0 1 0
0 41 41
0 41 57
0 12 9
0 1 0
0 26 31
3 0 2
3 0 2
0 1 0
3 0 0
0 43 44
0 31 34
0 1 0
1 25 103
0 37 17
0 13 14
0 1 0
0 13 17
0 3 5
0 46 44
0 1 0
0 26 18
0 15 6
0 4 2
0 1 0
0 42 28
0 47 39
2 0 7
0 1 0
1 15 81
3 0 7
2 0 8
0 1 0
0 37 29
0 48 45
0 38 46
0 1 0
0 36 34
0 50 79
0 36 22
0 1 0
0 42 15
0 35 53
0 29 29
0 1 0
0 31 42
0 5 6
0 13 9
0 1 0
3 0 9
3 0 2
3 0 7
0 1 0
0 32 31
0 31 40
2 0 2
0 1 0
0 46 44
0 20 20
0 46 40
0 1 0
3 0 10
0 37 39
0 7 6
0 1 0
0 50 30
0 34 34
3 0 0
0 1 0
0 28 28
1 45 221
1 12 64
0 1 0
2 0 10
0 35 40
3 0 5
0 1 0
0 35 39
0 38 38
0 38 47
0 1 0
0 28 31
0 10 7
0 42 63
0 1 0
0 10 1
0 47 45
4 0 413
0 1 0
3 0 4
0 31 28
3 0 10
0 1 0
0 45 20
4 0 274
0 45 20
0 1 0
3 0 8
0 10 7
0 17 10
0 1 0
0 26 24
0 9 6
0 34 40
0 1 0
0 36 38
3 0 8
0 36 32
0 1 0
3 0 2
3 0 1
0 36 34
0 1 0
2 0 1
0 18 20
3 0 5
0 1 0
2 0 7
0 12 10
1 15 57
0 1 0
0 17 21
2 0 5
0 15 16
0 1 0
3 0 8
0 12 8
0 30 36
0 1 0
3 0 2
0 9 9
0 4 4
0 1 0
4 0 814
3 0 5
0 17 1
0 1 0
0 10 14
0 37 59
0 28 12
0 1 0
0 31 11
1 1 7
0 36 34
0 1 0
1 47 193
0 22 36
3 0 7
0 1 0
0 49 47
3 0 6
1 39 313
0 1 0
3 0 9
0 25 31
0 27 26
0 1 0
3 0 1
0 41 48
0 4 3
0 1 0
0 5 5
4 0 940
2 0 9
0 1 0
2 0 4
1 42 187
1 21 54
0 1 0
0 35 22
0 50 30
3 0 1
0 1 0
0 48 55
3 0 7
1 25 112
0 1 0
0 29 27
0 39 30
3 0 7
0 1 0
3 0 0
0 49 67
0 22 17
0 1 0
0 13 14
0 17 7
3 0 3
0 1 0
0 15 9
0 8 8
0 2 1
0 1 0
4 0 389
0 16 18
0 23 10
0 1 0
0 22 23
0 23 13
0 14 4
0 1 0
0 43 60
0 21 9
3 0 2
0 1 0
0 30 25
3 0 7
0 15 24
0 1 0
3 0 10
0 2 3
2 0 1
0 1 0
0 34 28
2 0 0
0 28 17
0 1 0
3 0 2
3 0 3
3 0 10
0 1 0
0 8 10
0 44 13
0 32 22
0 1 0
3 0 1
0 38 19
0 22 26
0 1 0
0 15 19
3 0 0
0 49 75
0 1 0
0 28 25
1 26 95
4 0 221
0 1 0
4 0 658
0 4 2
3 0 3
0 1 0
0 48 31
0 15 13
0 22 30
0 1 0
1 10 38
4 0 311
0 27 12
0 1 0
0 34 23
0 4 4
4 0 690
0 1 0
0 9 9
0 16 21
4 0 878
0 1 0
0 2 2
3 0 1
0 16 8
0 1 0
0 33 24
1 40 127
0 45 45
0 1 0
3 0 10
1 4 16
0 4 4
0 1 0
1 29 154
0 28 44
1 35 295
0 1 0
0 16 17
1 43 200
0 12 11
0 1 0
0 44 25
0 22 23
3 0 9
0 1 0
0 27 26
1 10 44
3 0 0
0 1 0
0 7 9
0 49 31
0 48 48
0 1 0
0 15 14
0 37 61
3 0 0
0 1 0
0 36 24
0 35 25
0 41 16
0 1 0
3 0 3
3 0 2
3 0 3
0 1 0
0 3 3
4 0 357
0 39 52
0 1 0
0 35 29
0 5 6
3 0 9
0 1 0
0 46 27
1 34 271
1 2 14
0 1 0
0 28 31
0 20 31
0 46 29
0 1 0
3 0 10
0 24 9
3 0 4
0 1 0
0 40 56
0 10 5
0 27 30
0 1 0
0 7 4
0 38 36
3 0 6
0 1 0
0 15 11
0 19 14
0 21 17
0 1 0
0 40 39
0 4 5
0 21 33
0 1 0
3 0 1
3 0 6
0 40 39
0 1 0
1 15 79
1 32 207
4 0 914
0 1 0
0 1 1
3 0 7
0 9 8
0 1 0
0 5 7
0 20 18
2 0 4
0 1 0
0 16 2
0 19 22
0 9 10
0 1 0
0 38 52
1 45 223
4 0 959
0 1 0
0 17 18
0 20 18
1 35 287
0 1 0
0 38 59
2 0 0
0 49 56
0 1 0
0 44 30
0 1 1
0 3 3
