5 3 4 1000
10 14
143 106
12 25
140 169
141 117
20 20
52 42
5 6
195 144
5 5
15 11
109 133
10 11
141 207
12 11
151 148
81 132
240 93
14 11
61 61
232 213
73 64
5 5
5 6
23 29
11 10
5 6
54 92
7 9
52 78
68 44
5 4
79 98
26 23
34 66
6 6
66 43
8 10
185 108
14 15
23 31
15 10
55 36
16 20
125 149
14 18
19 12
126 272
35 28
25 28
36 34
14 24
105 101
6 7
9 7
41 34
74 56
65 94
251 208
6 3
18 14
30 34
16 26
20 20
8 11
49 58
7 9
7 11
232 155
49 62
200 264
159 194
8 7
23 24
15 12
24 21
7 4
11 12
15 13
19 11
34 38
5 5
28 20
20 25
232 134
22 21
5 5
9 6
12 15
183 215
65 113
229 459
6 8
50 57
99 144
23 11
196 264
24 20
45 51
116 88
27 28
68 79
202 165
64 113
5 3
16 7
195 164
18 9
5 7
101 105
67 83
26 25
199 210
94 67
37 58
6 6
13 16
94 74
93 75
90 61
53 35
185 192
12 13
12 7
17 16
23 19
13 11
38 66
7 4
29 18
119 172
108 129
117 196
13 22
5 5
105 153
12 13
11 10
33 33
4 5
29 30
68 68
36 35
250 250
111 71
85 192
5 7
12 11
10 15
61 56
57 48
39 54
17 28
19 26
115 88
22 31
66 55
41 78
134 131
22 35
87 68
11 9
38 21
8 7
18 23
7 12
50 28
50 62
5 7
9 9
15 16
6 5
12 15
129 194
136 214
29 48
7 8
14 17
9 7
77 111
22 18
162 161
21 16
141 152
46 79
45 49
16 26
8 9
27 25
6 6
32 22
242 198
120 147
18 34
69 154
48 35
64 68
117 66
118 105
13 9
9 14
47 41
128 147
6 7
6 12
18 21
23 22
8 7
6 6
13 20
186 269
250 258
6 3
25 17
11 7
195 259
41 42
21 30
143 97
86 215
60 65
215 187
23 33
52 63
16 9
16 14
35 22
6 7
249 222
12 8
161 170
30 25
212 185
13 14
12 13
8 7
119 154
20 20
6 9
4 3
38 46
22 18
69 83
4 3
7 8
209 140
176 206
37 46
22 23
63 28
32 31
12 7
51 29
11 5
32 26
92 176
96 105
11 7
242 272
73 66
228 162
5 5
14 13
37 47
90 100
14 12
33 28
68 55
5 3
216 336
5 4
16 20
13 12
12 11
15 10
15 14
6 8
5 2
9 12
30 54
66 88
80 119
63 69
5 4
52 43
32 60
57 63
13 9
6 6
11 10
18 29
185 124
60 109
117 138
16 16
10 6
54 55
23 14
122 141
6 5
5 5
49 75
10 14
9 10
57 53
40 27
23 34
12 27
60 71
17 24
147 126
172 151
24 35
16 7
10 7
51 43
50 48
41 59
13 7
42 47
30 19
179 198
150 167
77 111
28 34
188 224
8 6
195 215
37 52
4 3
4 6
92 143
24 23
15 17
139 112
28 38
233 245
24 26
133 100
50 68
38 31
21 17
46 112
155 110
28 29
7 7
61 57
52 72
129 134
13 16
11 10
47 47
137 111
93 59
12 13
19 22
7 6
73 68
88 107
20 15
160 149
58 57
22 18
5 3
41 40
45 56
168 157
22 20
4 4
7 5
10 7
97 143
7 11
30 38
34 27
18 18
31 41
78 117
154 151
7 5
119 84
5 5
10 8
99 101
5 6
87 95
36 36
22 19
5 4
8 10
33 86
17 23
58 40
75 94
178 101
5 5
21 19
10 13
18 13
91 91
23 21
30 28
33 37
49 48
8 6
74 48
223 220
7 7
10 14
50 49
29 25
18 15
197 220
8 9
71 78
16 16
166 218
10 15
63 54
27 37
20 22
10 20
4 5
100 59
33 47
31 22
73 29
40 54
10 13
18 17
82 114
41 44
114 134
86 68
65 42
9 5
64 47
13 20
5 7
51 34
35 26
29 52
8 4
172 154
47 70
17 17
68 111
12 19
32 17
72 46
57 32
16 17
130 96
7 6
7 7
214 274
4 3
49 48
77 129
111 97
21 15
108 83
6 3
39 60
33 56
32 25
71 79
8 19
12 11
62 88
199 272
6 5
10 5
7 7
8 7
4 5
69 55
6 6
224 310
233 202
39 36
17 15
112 46
7 5
13 16
182 154
4 3
34 22
49 51
148 126
7 11
5 4
174 180
137 122
12 7
25 20
50 82
4 6
72 58
27 20
209 296
27 49
168 145
12 12
7 7
122 142
27 27
45 68
7 13
74 60
50 77
5 3
7 6
30 48
52 89
11 10
75 71
19 12
55 77
14 24
79 38
162 131
20 13
6 7
101 118
170 145
144 75
21 9
10 7
9 8
29 26
242 595
151 192
123 111
6 5
91 69
33 29
8 4
56 61
90 115
55 52
224 266
23 16
61 51
106 54
15 6
6 8
106 127
14 12
85 58
10 7
19 15
177 104
23 15
6 5
10 9
74 30
11 14
125 91
76 84
58 95
16 31
8 6
144 91
7 4
93 121
5 4
67 89
14 10
118 104
11 12
4 5
82 82
40 35
8 4
5 4
35 23
134 129
17 12
125 124
5 5
118 84
118 136
7 10
116 108
176 106
83 130
17 18
235 264
37 51
7 10
6 6
9 12
172 206
28 25
5 7
78 80
22 41
56 85
19 33
12 20
135 139
14 14
15 23
23 16
208 159
23 23
83 60
132 159
4 4
106 76
117 116
18 16
17 21
27 23
12 11
7 5
101 164
93 47
116 103
10 11
50 32
55 64
90 53
33 32
5 4
102 110
5 6
133 121
253 125
38 37
9 18
46 42
195 164
6 8
5 6
126 146
105 82
11 11
21 21
7 13
167 139
8 4
22 16
32 31
9 7
39 24
10 11
35 37
255 491
105 85
11 12
36 40
140 144
183 263
7 3
228 179
5 3
16 20
9 11
16 18
163 120
76 90
67 58
8 12
15 11
5 5
94 83
41 42
23 30
24 58
68 58
219 149
142 118
23 11
184 186
14 16
40 23
80 127
71 74
6 5
27 28
20 14
10 9
140 73
229 566
20 15
28 33
59 82
12 15
24 27
10 6
124 96
29 42
5 9
4 7
139 147
35 26
6 4
31 70
46 30
40 57
205 214
22 11
143 105
23 19
4 5
22 38
26 33
7 9
76 47
25 31
4 4
210 209
4 5
224 377
17 22
59 36
92 141
218 328
116 101
8 8
5 8
17 24
67 98
19 27
51 20
15 16
78 104
211 194
17 20
20 24
42 111
133 90
82 82
72 90
11 8
180 207
42 34
8 14
41 29
97 52
46 56
124 102
8 8
113 115
25 32
25 47
18 12
74 63
242 181
19 14
241 333
20 22
17 17
10 14
16 20
4 3
5 5
111 300
54 79
39 36
12 14
20 30
233 353
8 6
15 28
9 12
45 53
29 22
194 241
243 218
244 252
35 47
22 25
15 14
10 11
5 7
86 60
15 26
54 110
120 110
13 15
236 448
147 132
24 27
9 5
11 11
31 25
92 80
29 32
42 41
21 15
10 16
59 72
22 22
27 28
18 31
17 14
13 16
4 6
30 40
5 4
6 6
22 33
27 15
22 16
8 6
199 230
25 25
13 10
51 60
97 71
167 227
11 23
10 8
49 46
5 5
9 4
8 9
220 170
4 3
14 13
185 141
147 131
117 154
54 91
21 35
16 7
8 6
178 260
61 77
6 10
15 11
11 14
245 225
74 80
5 3
149 294
62 45
43 39
9 8
229 259
23 11
32 45
82 58
64 49
12 9
13 37
31 36
165 251
5 3
193 145
4 4
81 55
43 37
20 13
45 55
11 15
85 102
224 219
62 64
18 20
28 35
25 18
108 93
9 9
38 44
59 74
20 16
208 234
5 4
11 8
17 26
12 13
76 65
10 17
256 216
6 7
13 23
101 176
60 54
59 36
4 4
18 22
60 49
124 114
185 301
29 22
6 3
16 9
168 190
11 9
177 171
5 5
23 34
130 106
167 110
62 40
28 27
102 112
8 10
114 157
12 6
112 164
81 47
161 141
212 284
58 32
92 107
11 12
75 98
93 54
15 12
29 27
12 18
19 17
131 118
185 316
49 39
94 103
127 107
21 9
7 4
18 14
69 93
7 6
20 18
5 5
18 12
5 7
21 20
135 160
37 15
4 3
53 47
104 176
6 9
7 7
8 9
153 177
61 65
33 28
9 9
230 273
191 131
4 11
27 33
34 34
112 164
6 5
47 67
66 67
228 287
41 38
24 19
10 8
50 60
11 10
8 6
9 16
91 63
33 27
43 59
19 21
138 79
4 4
124 101
36 40
89 79
82 49
27 21
44 30
27 21
14 15
71 67
14 13
177 132
9 7
28 18
27 20
30 53
116 153
11 15
121 128
10 9
5 6
26 20
17 13
67 63
19 25
21 27
13 11
16 12
25 27
104 100
108 97
89 130
237 230
186 331
104 140
25 34
18 12
8 7
9 9
129 92
101 78
7 10
95 90
11 9
154 148
113 128
41 71
5 7
63 75
21 34
14 12
10 10
60 43
73 65
44 46
71 66
107 252
9 6
10 6
149 104
21 7
41 38
20 17
5 3
11 23
7 4
24 20
12 18
140 119
8 9
74 94
23 22
18 22
6 9
35 42
139 109
57 68
109 132
15 11
232 253
7 7
60 68
12 14
17 12
236 253
244 374
5 5
131 109
48 28
10 11
195 188
23 23
22 25
23 12
16 13
90 83
86 148
178 173
57 67
8 8
5 8
67 46
17 10
74 82
197 142
80 81
92 71
22 25
12 18
227 114
112 100
100 163
233 300
145 232
23 24
25 24
47 23
211 112
4 3
12 8
94 124
73 57
201 148
199 108
4 5
49 66
16 11
23 19
161 117
37 37
6 6
29 23
23 74
59 59
10 9
41 23
243 211
164 297
34 24
5 3
245 160
48 36
108 101
6 6
191 232
134 125
68 90
23 26
5 10
34 43
183 151
58 52
210 172
206 123
108 136
146 170
5 7
16 19
188 109
13 16
172 200
20 10
116 116
126 166
11 12
195 160
18 22
29 25
17 17
17 28
4 4
7 10
192 277
230 139
32 32
116 237
22 15
9 8
239 269
65 49
145 141
252 180
85 103
174 169
87 32
94 190
44 90
35 13
15 16
235 121
82 73
14 14
4 7
8 9
35 43
8 7
6 5
23 44
8 7
4 3
103 128
62 70
166 340
110 55
17 32
5 5
7 7
12 11
98 75
26 32
199 307
105 49
11 12
13 12
22 22
9 7
87 106
181 180
99 82
104 160
63 65
84 105
9 11
5 4
233 320
96 103
13 12
4 8
7 5
218 161
166 203
24 28
7 10
45 43
30 24
11 10
178 170
53 57
149 91
8 5
13 23
16 21
122 142
11 9
76 74
29 40
81 56
19 17
59 83
38 23
35 34
8 9
18 27
17 10
6 11
20 25
80 144
90 79
93 73
13 20
44 49
24 20
35 28
10 17
6 5
44 44
5 7
151 96
20 19
10 8
239 344
8 5
36 41
4 1
73 74
219 253
55 42
106 180
29 28
83 95
97 97
102 140
34 26
182 231
50 94
8 5
6 8
5 3
120 131
5 3
130 173
10 15
97 194
39 39
13 12
4 4
13 10
103 97
58 67
53 70
15 12
56 49
5 3
5 3
148 64
4 4
19 13
46 23
40 43
14 10
91 68
141 81
11 11
20 24
96 62
97 141
33 34
47 30
223 230
10 17
127 94
6 13
43 59
9 8
8 8
34 36
10 9
31 25
6 6
14 13
180 263
36 32
92 106
17 17
32 37
36 46
5 2
17 15
6 6
13 16
11 11
10 9
52 63
118 70
229 146
46 39
8 8
26 25
4 5
7 5
129 141
96 87
21 24
9 13
7 8
89 67
53 52
245 248
203 142
109 59
251 244
39 54
164 166
217 198
235 161
62 39
4 3
5 4
56 33
28 31
28 25
29 25
24 39
86 48
25 49
5 4
5 5
86 129
142 96
5 5
27 29
4 10
38 23
27 19
206 333
111 157
235 170
18 38
141 88
8 8
8 14
34 44
27 25
48 36
7 6
56 45
71 49
24 20
47 37
55 53
10 9
109 102
16 17
119 116
13 17
66 85
5 4
41 82
20 36
182 481
245 151
50 35
87 98
10 5
6 7
4 5
22 28
49 53
5 7
30 29
7 8
22 14
15 16
34 40
17 16
33 46
14 12
12 13
6 5
5 8
44 58
10 10
5 5
73 123
18 34
8 5
15 17
66 101
8 10
12 8
161 258
36 31
20 13
47 55
105 92
27 15
167 171
10 21
193 194
31 23
189 303
8 7
98 86
10 10
62 86
22 19
151 186
43 50
130 107
189 149
6 5
15 13
36 19
78 114
4 3
9 10
63 44
9 15
23 17
13 16
28 30
93 116
71 142
25 15
5 10
13 12
13 18
4 3
36 23
93 78
104 56
50 47
105 93
45 33
61 64
147 95
63 39
23 24
6 3
66 65
204 215
72 74
60 59
10 8
86 77
24 29
41 29
18 10
162 195
124 135
4 4
65 104
33 43
16 15
240 308
126 136
20 40
5 6
63 90
55 39
46 38
31 34
123 150
14 12
21 22
126 156
30 24
36 47
99 170
17 13
170 152
6 3
73 58
20 16
63 57
223 122
207 344
14 10
207 186
86 92
11 9
47 43
91 74
47 40
84 102
101 105
46 42
9 12
66 88
112 80
40 61
8 3
21 29
93 92
23 26
38 34
5 4
27 24
49 57
4 4
49 57
129 144
106 81
137 132
113 144
53 35
29 42
8 7
8 6
50 50
14 12
92 91
235 384
89 122
44 49
152 146
6 8
219 336
97 95
125 241
50 27
30 15
174 173
208 186
46 39
5 7
112 223
6 5
197 135
81 67
168 101
89 50
185 258
6 11
5 5
20 24
7 10
9 7
33 41
34 22
36 36
129 180
161 130
8 8
17 18
9 7
38 87
13 10
101 113
20 26
200 147
49 56
6 6
175 212
5 6
101 70
49 72
6 7
38 33
4 9
43 49
65 68
49 46
34 34
36 48
22 28
34 47
30 11
31 20
194 225
9 14
54 58
12 9
15 14
9 10
17 20
46 48
58 57
6 11
124 83
144 190
4 2
213 212
4 4
125 101
7 10
100 104
9 5
8 4
226 223
140 113
61 67
100 94
153 180
93 73
13 12
176 166
50 27
51 44
4 4
168 154
42 57
53 78
92 89
112 112
4 2
194 139
11 15
89 64
65 51
8 12
109 135
113 191
113 68
5 3
25 20
18 33
14 17
75 86
18 15
42 37
118 84
46 36
49 40
54 45
7 7
179 188
33 44
6 4
13 9
4 4
12 32
58 45
40 44
29 34
14 8
20 11
125 178
111 130
32 20
26 22
11 15
103 129
114 170
45 43
231 188
40 40
23 29
140 104
23 25
65 93
29 27
99 77
19 31
7 7
34 35
40 52
15 20
37 41
19 14
6 4
7 6
28 22
13 14
28 38
20 12
47 45
89 122
7 6
38 20
4 6
45 26
4 4
15 19
39 42
12 11
37 23
61 75
99 71
5 4
230 167
180 257
25 43
9 7
6 4
14 9
160 138
4 2
15 11
7 8
18 23
63 46
204 232
49 42
20 15
6 2
31 65
21 16
15 12
66 49
21 17
35 49
205 250
18 11
25 22
77 52
112 144
16 14
49 18
33 35
191 169
41 93
5 5
134 247
6 6
182 233
61 64
27 29
6 6
192 147
9 6
232 286
9 12
27 35
87 114
212 244
35 36
26 39
5 5
56 55
4 4
8 6
5 6
11 13
15 15
16 13
5 4
33 26
5 9
252 345
64 117
92 111
14 15
21 40
75 68
11 10
4 7
32 34
34 19
17 8
70 64
103 90
10 10
13 23
12 13
15 8
14 24
38 48
5 4
97 110
12 16
232 130
6 6
58 60
78 111
5 6
13 16
130 110
36 34
78 54
17 15
15 16
193 85
5 4
20 6
107 93
20 21
32 30
5 8
8 6
6 6
8 7
4 6
72 61
8 8
12 10
10 9
48 46
29 23
160 106
43 39
147 180
15 16
7 5
30 56
17 24
50 66
39 24
73 66
150 334
81 40
134 120
61 63
5 7
40 36
97 154
92 94
230 260
32 39
169 124
20 29
8 9
18 23
13 9
83 118
66 53
58 64
5 6
161 212
242 137
11 14
14 7
10 6
6 4
165 141
25 15
20 29
5 4
13 11
103 98
10 14
24 18
9 14
30 40
5 11
236 172
28 33
12 13
179 213
22 13
159 171
16 16
142 195
132 120
9 9
12 18
5 6
93 56
14 17
19 22
88 105
4 4
95 122
5 4
237 377
7 12
5 5
9 6
222 163
242 178
17 20
200 154
7 9
212 126
15 16
239 210
68 28
12 10
38 34
19 21
17 29
30 27
82 115
75 26
71 51
62 47
9 12
15 20
26 21
35 37
17 32
57 36
166 115
58 60
71 53
5 3
120 170
61 79
18 26
39 35
194 130
57 46
40 26
79 123
200 219
139 61
85 60
9 9
16 16
38 37
5 4
5 5
216 251
28 33
20 12
13 22
19 13
116 126
62 113
93 133
62 75
217 188
48 49
7 11
37 38
78 76
9 9
6 8
22 14
54 73
133 208
135 100
206 348
5 6
212 165
10 9
7 6
5 4
38 40
225 132
9 5
64 52
22 13
33 42
51 27
78 97
250 207
9 9
19 21
22 18
84 150
77 64
14 12
203 348
27 13
23 24
6 4
27 48
18 10
21 27
8 6
32 21
10 13
5 5
14 9
4 6
16 16
199 155
27 18
30 33
104 103
5 5
12 9
12 7
4 3
8 10
12 7
68 101
24 34
82 50
6 7
97 94
34 43
9 6
33 62
24 25
253 217
5 4
156 72
10 6
45 101
180 292
19 16
140 98
14 16
45 58
27 24
64 65
31 29
99 94
174 150
104 96
51 34
169 201
5 5
5 4
232 162
18 15
18 13
9 8
29 27
184 323
66 69
25 18
48 44
33 34
19 22
10 5
21 14
13 7
246 183
22 18
103 67
6 5
98 131
16 20
63 99
29 35
149 143
28 21
85 87
18 12
21 14
25 24
43 26
185 278
65 49
72 41
67 64
16 19
195 292
62 71
164 158
5 3
132 161
196 269
80 119
32 36
52 52
10 12
165 170
27 20
188 164
49 59
185 102
14 11
14 12
70 45
9 16
227 157
38 78
4 4
74 62
33 57
13 14
6 14
36 68
210 125
4 4
88 61
76 78
14 10
9 5
107 193
18 11
67 68
55 25
29 27
117 53
216 187
190 133
169 234
25 23
145 195
184 249
14 15
10 8
5 7
10 10
20 17
186 281
7 8
69 112
69 74
66 62
55 49
6 2
5 9
4 4
24 29
85 108
8 7
5 3
47 64
40 40
63 64
49 33
109 115
8 10
29 32
67 41
91 62
36 44
80 135
5 7
4 2
100 72
7 7
73 63
27 35
49 64
143 199
19 26
15 25
35 20
16 13
13 16
39 31
17 11
61 67
78 47
69 89
12 11
11 10
105 93
4 4
17 13
11 9
26 18
173 73
105 78
14 8
14 9
75 67
5 6
226 203
44 72
84 212
11 8
153 193
94 84
12 13
153 107
232 316
4 5
12 10
6 7
10 6
61 90
76 64
13 22
57 48
193 160
11 14
234 282
159 70
11 18
24 52
78 102
92 60
21 31
30 19
190 129
11 13
22 48
6 11
19 13
12 9
115 114
90 45
12 16
7 4
12 15
24 21
36 32
36 26
50 31
40 39
12 12
61 61
8 11
239 453
6 5
78 47
11 14
72 35
11 13
6 8
5 8
26 35
25 14
6 4
17 11
60 54
11 17
5 5
36 63
5 6
55 82
149 180
57 52
66 57
123 179
150 155
138 140
51 76
25 19
102 94
18 15
193 161
6 5
54 70
69 80
77 57
10 12
139 201
7 6
35 72
54 58
43 30
23 41
122 199
19 34
226 192
27 22
10 7
24 27
61 63
10 19
66 94
16 24
15 17
23 25
27 59
5 2
10 7
6 9
7 7
201 226
6 11
7 6
6 6
115 158
10 14
45 60
4 4
231 353
36 29
41 48
7 7
78 93
96 123
52 54
11 16
13 9
69 129
27 28
20 13
8 7
9 7
127 136
41 23
121 145
72 126
200 113
7 7
157 119
26 30
5 4
152 69
40 33
18 16
14 10
179 201
7 4
75 64
74 58
96 110
42 69
163 236
80 91
15 17
19 17
133 152
26 27
5 8
45 46
14 16
46 43
4 2
20 15
16 20
26 38
24 30
148 132
72 65
13 19
23 27
18 24
10 15
77 124
230 240
176 300
23 28
97 113
65 46
15 7
8 8
24 30
21 17
8 6
7 5
4 3
49 47
86 55
132 209
40 39
94 74
174 374
7 5
253 171
8 10
6 5
19 15
244 293
13 10
229 238
175 271
22 31
6 5
24 17
8 12
80 75
16 11
12 8
114 111
20 23
9 13
212 315
4 6
6 7
37 35
5 6
88 56
149 111
5 7
112 146
59 51
5 7
29 52
144 90
7 5
39 39
5 9
105 65
125 164
43 36
5 7
7 6
8 8
7 7
99 88
9 9
154 188
36 48
4 6
4 6
19 15
18 21
8 10
86 101
14 12
5 11
11 9
182 267
32 21
7 5
6 8
151 163
16 10
5 5
9 5
91 144
10 17
12 16
206 287
34 35
9 10
85 72
58 45
5 4
156 249
4 4
5 9
63 63
4 4
81 99
139 117
5 4
9 9
187 131
5 7
12 8
221 222
148 101
242 290
16 16
56 40
51 55
128 168
134 171
68 62
14 20
203 146
27 26
48 61
77 69
168 194
137 135
4 7
210 180
28 33
103 97
184 168
16 15
17 11
28 22
65 57
10 10
60 73
82 80
77 126
11 12
203 201
8 11
199 251
86 64
178 239
244 208
4 6
152 192
131 114
6 8
224 174
15 12
5 3
150 119
168 162
14 19
5 4
12 13
20 13
11 7
16 17
92 112
164 215
112 116
11 11
37 25
206 134
74 57
207 223
9 7
15 11
5 7
52 38
10 11
8 5
5 4
4 3
123 155
23 18
28 29
54 44
100 129
20 23
55 42
45 45
35 38
57 95
8 15
4 5
157 168
26 23
154 110
18 11
55 48
8 5
62 39
247 292
235 379
13 15
28 25
36 42
30 21
155 112
34 40
30 34
26 15
116 85
69 38
18 16
54 65
225 145
114 76
9 11
40 46
9 11
42 33
8 6
75 61
149 166
7 6
57 69
103 114
149 176
4 2
69 67
215 186
14 12
203 234
26 20
22 16
42 48
5 6
7 6
4 4
29 29
42 32
6 8
29 20
4 7
56 46
7 5
33 26
44 49
6 9
129 135
38 41
7 8
120 118
230 337
147 208
19 42
15 16
13 6
11 13
76 83
8 10
5 4
8 11
8 10
90 79
30 21
27 21
10 10
39 47
58 61
49 54
10 9
62 38
41 38
11 14
22 26
46 45
81 71
37 26
145 146
51 45
14 13
188 178
98 89
57 41
21 34
9 14
88 82
231 449
111 147
15 13
104 61
16 30
14 10
5 5
81 49
39 69
5 6
30 59
206 101
142 171
53 66
8 4
9 7
44 39
6 3
167 153
119 82
18 19
63 77
23 34
7 6
121 171
131 137
131 98
82 101
7 13
14 21
5 5
233 232
5 5
34 30
6 6
5 6
105 28
5 4
6 6
80 91
103 65
94 77
79 67
98 44
7 10
9 6
89 68
65 114
63 62
7 4
16 18
206 321
188 188
77 81
15 17
28 26
19 13
53 47
6 5
34 27
5 8
108 121
81 88
18 10
18 21
74 81
11 7
11 10
183 148
64 62
125 126
107 216
6 6
38 36
137 164
55 75
18 17
8 7
140 60
12 15
65 51
11 6
17 14
12 15
11 7
123 221
7 9
16 13
21 35
144 272
21 17
23 27
24 31
51 47
171 301
166 134
34 97
15 11
199 241
18 31
72 95
16 17
5 6
50 51
49 49
6 5
19 20
23 20
76 69
4 4
11 13
46 37
5 5
11 6
15 22
28 44
41 54
13 14
7 7
10 13
11 13
36 12
18 19
13 10
8 12
183 328
16 16
76 108
5 4
33 64
15 13
28 39
9 17
6 10
161 173
7 11
196 238
5 9
183 211
5 4
70 91
42 40
43 39
61 40
50 48
76 66
7 6
26 23
130 228
242 210
15 20
201 161
156 113
32 27
49 48
31 34
6 8
34 58
12 16
71 73
26 33
17 17
5 4
225 182
9 5
6 6
74 119
219 279
73 41
28 24
5 3
11 12
23 16
33 34
104 67
15 23
6 6
35 73
38 28
28 35
198 129
180 242
20 34
47 46
106 85
18 22
62 57
153 199
7 8
100 115
220 274
7 7
250 166
30 31
28 19
64 31
83 64
86 116
189 172
5 4
31 24
63 68
186 188
124 206
14 12
67 63
44 39
14 15
87 67
15 14
214 222
21 34
20 17
170 183
161 171
50 62
42 40
16 13
30 24
115 69
187 245
18 31
18 19
7 9
6 3
15 20
125 204
5 7
15 21
29 42
58 31
10 9
7 7
24 19
61 73
14 10
8 9
183 122
60 82
189 283
65 32
256 181
55 91
20 27
7 10
15 19
106 125
19 15
93 98
29 19
81 76
175 96
211 122
5 4
26 22
48 33
9 5
19 20
32 57
55 49
5 3
19 10
12 6
98 216
14 11
23 20
146 119
16 23
4 3
38 30
26 25
92 77
9 12
7 7
174 137
69 81
55 64
22 30
6 6
6 6
12 12
12 11
9 6
14 9
20 24
91 87
12 9
36 75
43 94
75 119
101 122
159 174
6 7
5 4
92 132
154 140
206 272
55 81
115 129
118 193
123 162
9 8
21 18
15 15
54 46
52 35
6 6
20 19
11 6
96 85
173 231
162 238
45 60
108 144
10 18
166 171
84 82
25 22
242 236
113 71
5 4
35 50
35 45
9 10
43 41
4 3
62 46
100 116
35 15
144 106
14 18
55 99
70 71
79 68
143 118
55 49
36 61
30 48
196 351
6 5
199 202
7 6
16 11
172 139
168 225
43 30
31 34
11 12
180 209
87 77
18 22
240 251
100 94
48 45
7 8
23 39
50 76
94 109
215 216
51 56
93 53
13 10
15 12
8 14
54 38
55 53
24 22
20 17
10 9
193 194
15 11
23 24
10 14
22 22
17 14
11 8
10 10
4 7
144 133
82 92
39 68
78 76
55 92
5 4
137 88
42 48
95 106
9 8
172 165
5 3
13 17
29 42
22 30
37 46
112 122
149 163
15 14
18 43
11 15
17 13
8 11
8 7
111 91
27 15
22 29
48 36
185 213
5 4
101 78
11 7
180 179
0 12
0 17
1 22
0 41
1 50
0 1 0
0 40 37
0 5 5
3 0 10
0 1 0
0 21 27
0 5 5
1 36 90
0 1 0
1 1 5
0 13 12
0 19 18
0 1 0
0 47 56
0 12 10
1 40 137
0 1 0
1 35 56
1 26 19
0 49 40
0 1 0
1 44 135
1 34 106
4 0 665
0 1 0
0 19 27
3 0 8
0 38 56
0 1 0
1 31 122
0 5 5
1 39 114
0 1 0
1 5 16
3 0 5
2 0 10
0 1 0
0 1 1
0 11 8
0 47 53
0 1 0
1 1 3
0 44 39
3 0 2
0 1 0
1 48 136
0 45 36
0 31 41
0 1 0
1 8 34
0 3 2
1 50 115
0 1 0
0 36 49
3 0 1
0 37 28
0 1 0
1 26 65
0 13 15
1 35 154
0 1 0
0 41 36
1 1 4
2 0 6
0 1 0
3 0 4
0 25 30
0 24 25
0 1 0
0 42 31
0 9 14
0 1 2
0 1 0
4 0 809
0 34 40
0 41 36
0 1 0
2 0 4
0 23 36
1 41 145
0 1 0
0 6 5
0 45 39
4 0 884
0 1 0
0 8 4
0 13 16
2 0 4
0 1 0
0 21 21
0 18 14
1 14 43
0 1 0
1 7 23
1 33 84
2 0 8
0 1 0
4 0 411
2 0 7
1 17 41
0 1 0
0 34 50
0 26 19
0 18 13
0 1 0
2 0 2
0 41 35
1 34 104
0 1 0
4 0 547
0 10 8
0 35 43
0 1 0
1 17 48
0 46 47
0 4 4
0 1 0
3 0 5
0 43 57
0 15 21
0 1 0
3 0 4
0 28 45
4 0 839
0 1 0
0 48 60
0 26 39
0 34 49
0 1 0
2 0 8
0 33 47
0 24 27
0 1 0
0 23 25
1 16 74
0 36 46
0 1 0
0 47 35
0 22 23
1 46 160
0 1 0
0 47 21
0 42 49
1 5 14
0 1 0
1 44 139
1 25 85
0 17 24
0 1 0
0 38 32
0 41 41
1 50 199
0 1 0
4 0 789
2 0 8
0 11 12
0 1 0
0 39 39
0 34 49
0 40 33
0 1 0
0 34 38
2 0 1
1 32 69
0 1 0
1 50 230
2 0 2
0 32 39
0 1 0
1 17 33
0 33 27
1 21 51
0 1 0
0 37 61
0 8 4
3 0 7
0 1 0
0 49 66
0 10 7
0 12 16
0 1 0
0 35 32
1 23 58
1 10 40
0 1 0
0 8 13
0 43 48
2 0 7
0 1 0
1 44 142
0 11 14
1 36 99
0 1 0
1 28 59
0 41 36
0 33 18
0 1 0
0 39 23
0 11 8
4 0 500
0 1 0
4 0 727
1 9 36
0 1 1
0 1 0
0 11 8
4 0 207
1 13 41
0 1 0
0 47 48
0 35 34
0 5 6
0 1 0
0 20 17
1 40 78
1 9 8
0 1 0
0 35 41
1 47 94
1 50 112
0 1 0
1 21 57
1 9 18
0 17 14
0 1 0
0 25 27
0 40 41
3 0 5
0 1 0
0 40 34
0 29 38
0 4 3
0 1 0
0 13 11
1 46 193
0 45 50
0 1 0
0 24 27
0 5 4
1 31 85
0 1 0
0 43 36
1 47 145
0 12 24
0 1 0
0 26 25
2 0 0
3 0 2
0 1 0
0 38 28
0 50 44
1 45 125
0 1 0
1 32 130
0 29 23
1 11 56
0 1 0
0 42 13
4 0 337
0 9 8
0 1 0
0 9 11
0 26 18
1 20 66
0 1 0
1 1 3
0 43 32
0 18 21
0 1 0
0 15 15
0 16 16
1 22 68
0 1 0
0 32 19
0 24 34
0 13 9
0 1 0
1 15 62
0 43 40
0 47 42
0 1 0
1 15 46
1 4 12
0 32 41
0 1 0
0 31 21
0 49 35
0 5 8
0 1 0
0 7 7
0 1 1
0 13 16
0 1 0
0 49 50
0 39 42
1 38 96
0 1 0
1 22 49
0 26 21
2 0 8
0 1 0
3 0 3
3 0 5
0 32 24
0 1 0
0 30 26
2 0 9
0 1 1
0 1 0
4 0 447
0 50 93
0 3 4
0 1 0
0 26 18
0 8 7
0 45 64
0 1 0
1 23 33
1 11 7
0 26 6
0 1 0
0 19 24
1 2 7
0 11 11
0 1 0
2 0 4
0 38 25
2 0 2
0 1 0
0 35 29
1 14 42
0 27 31
0 1 0
1 15 14
0 36 19
0 20 25
0 1 0
0 45 31
2 0 1
0 2 2
0 1 0
0 22 29
0 14 15
0 18 27
0 1 0
1 10 24
0 48 33
0 39 23
0 1 0
1 20 47
0 40 28
0 38 50
0 1 0
0 25 27
0 50 57
1 42 112
0 1 0
2 0 3
1 17 61
0 11 12
0 1 0
0 49 63
0 33 17
0 14 16
0 1 0
1 22 45
0 49 59
0 27 40
0 1 0
0 23 27
4 0 860
3 0 0
0 1 0
1 22 47
0 28 23
3 0 7
0 1 0
0 40 46
1 3 11
0 36 37
0 1 0
0 3 4
0 41 39
1 23 78
0 1 0
0 40 38
3 0 5
0 27 27
0 1 0
1 11 37
1 16 44
0 20 23
0 1 0
0 33 38
0 21 13
2 0 7
0 1 0
0 28 36
1 48 129
4 0 846
0 1 0
4 0 917
0 40 49
0 23 29
0 1 0
0 28 5
1 39 127
0 33 15
0 1 0
0 17 25
1 13 25
1 19 82
0 1 0
1 16 49
0 14 13
0 24 24
0 1 0
0 29 27
0 12 12
3 0 1
0 1 0
0 24 22
1 40 67
1 1 2
0 1 0
1 20 39
1 8 27
0 26 26
0 1 0
0 28 15
0 44 57
0 48 78
0 1 0
2 0 0
1 14 26
0 37 28
0 1 0
2 0 3
1 18 67
0 30 37
0 1 0
0 16 17
1 12 44
0 40 40
0 1 0
0 44 40
0 38 50
0 35 37
0 1 0
2 0 7
0 29 41
0 36 41
0 1 0
0 26 38
0 13 11
0 41 28
0 1 0
1 6 13
2 0 2
1 9 22
0 1 0
1 15 53
0 2 1
0 3 2
0 1 0
0 11 11
1 40 185
0 46 68
0 1 0
0 39 45
1 31 86
1 7 37
0 1 0
0 17 12
0 30 13
1 3 10
0 1 0
0 46 36
0 16 11
1 14 37
0 1 0
1 46 138
0 8 10
1 35 76
0 1 0
1 17 59
0 9 9
0 7 8
0 1 0
4 0 656
0 3 3
0 7 5
0 1 0
0 37 27
0 3 2
0 48 43
0 1 0
1 48 164
0 49 24
0 43 63
0 1 0
0 46 47
0 43 32
1 21 59
0 1 0
0 27 29
1 44 123
1 26 47
0 1 0
2 0 5
1 42 144
0 42 52
0 1 0
1 22 99
0 9 12
1 8 11
0 1 0
1 1 3
1 31 73
0 20 15
0 1 0
1 18 45
1 50 118
0 18 20
0 1 0
0 11 9
1 15 43
1 47 124
0 1 0
0 33 46
0 21 33
1 4 3
0 1 0
0 3 5
0 47 32
0 13 7
0 1 0
1 29 145
0 41 44
0 36 47
0 1 0
0 4 5
1 28 91
1 44 100
0 1 0
0 25 9
0 9 4
1 35 123
0 1 0
0 2 2
2 0 10
1 20 54
0 1 0
0 48 93
0 17 20
2 0 4
0 1 0
2 0 7
0 37 33
4 0 803
0 1 0
1 13 22
1 15 71
2 0 10
0 1 0
0 49 43
4 0 492
0 12 8
0 1 0
0 37 23
0 1 1
1 26 70
0 1 0
0 14 12
0 9 9
0 33 29
0 1 0
0 17 15
0 38 44
0 43 38
0 1 0
0 31 30
1 44 74
1 30 86
0 1 0
1 11 50
0 35 40
0 6 4
0 1 0
3 0 5
1 38 97
1 42 67
0 1 0
0 18 20
0 25 28
0 34 16
0 1 0
0 23 9
1 47 172
0 44 34
0 1 0
0 41 29
0 32 28
0 3 2
0 1 0
0 22 29
0 20 14
0 43 67
0 1 0
0 18 14
0 1 1
0 10 16
0 1 0
3 0 1
0 33 35
0 32 19
0 1 0
1 49 95
1 5 8
0 28 31
0 1 0
0 18 10
0 24 12
0 19 21
0 1 0
0 47 38
0 16 9
0 49 66
0 1 0
1 5 20
0 28 21
0 22 11
0 1 0
0 38 29
1 46 178
0 47 35
0 1 0
1 7 27
1 41 103
0 11 11
0 1 0
0 50 56
0 47 65
0 18 8
0 1 0
1 31 149
1 17 63
1 30 63
0 1 0
1 48 249
4 0 288
0 23 21
0 1 0
0 21 29
2 0 7
0 40 34
0 1 0
1 19 100
0 50 43
1 41 165
0 1 0
0 9 9
0 26 8
0 25 27
0 1 0
1 7 28
1 24 64
2 0 8
0 1 0
1 24 76
1 23 72
0 32 39
0 1 0
2 0 2
0 31 33
1 8 29
0 1 0
2 0 8
0 7 3
0 32 14
0 1 0
1 27 147
0 46 67
0 45 68
0 1 0
1 27 72
1 47 186
0 45 35
0 1 0
1 17 52
0 18 21
3 0 8
0 1 0
0 23 28
0 20 26
0 21 15
0 1 0
0 34 22
1 15 29
4 0 930
0 1 0
3 0 5
0 43 55
0 15 8
0 1 0
0 6 9
2 0 6
1 36 207
0 1 0
0 11 7
0 23 19
1 1 4
0 1 0
0 41 59
0 42 32
0 13 10
0 1 0
1 21 53
0 11 14
3 0 5
0 1 0
1 13 35
1 42 198
1 24 55
0 1 0
0 13 16
0 17 14
1 19 44
0 1 0
1 39 134
0 42 27
0 18 19
0 1 0
1 25 62
1 48 179
2 0 8
0 1 0
0 3 3
0 6 3
0 24 26
0 1 0
1 14 47
2 0 5
0 2 1
0 1 0
1 36 53
1 36 128
0 31 41
0 1 0
1 28 97
2 0 5
0 23 10
0 1 0
3 0 4
0 2 3
3 0 2
0 1 0
4 0 361
1 28 83
0 48 36
0 1 0
0 20 20
0 50 48
1 3 12
0 1 0
0 13 12
2 0 3
0 29 21
0 1 0
1 48 157
2 0 3
0 8 6
0 1 0
1 2 8
0 7 4
1 13 38
0 1 0
1 46 119
0 6 6
0 34 23
0 1 0
1 4 10
1 4 5
1 22 84
0 1 0
0 15 12
2 0 3
0 39 48
0 1 0
1 2 7
0 30 16
1 32 39
0 1 0
0 1 1
1 14 27
0 21 15
0 1 0
0 26 45
0 49 56
1 5 23
0 1 0
0 36 26
1 26 45
0 21 12
0 1 0
0 31 30
0 6 9
0 4 4
0 1 0
1 21 82
4 0 568
2 0 8
0 1 0
0 19 22
0 30 21
0 44 54
0 1 0
0 47 41
0 27 31
1 25 79
0 1 0
1 41 91
0 16 16
0 9 9
0 1 0
1 15 34
0 42 43
0 3 3
0 1 0
1 15 52
1 28 78
1 39 78
0 1 0
0 45 50
0 49 41
0 38 42
0 1 0
0 15 26
0 16 14
1 48 82
0 1 0
0 41 49
0 7 5
0 25 25
0 1 0
0 34 24
1 27 53
0 13 13
0 1 0
1 14 45
0 7 11
0 12 17
0 1 0
0 8 6
0 31 7
1 40 68
0 1 0
1 14 30
1 41 126
0 38 37
0 1 0
1 17 88
0 6 5
1 21 51
0 1 0
1 25 87
1 3 7
4 0 322
0 1 0
2 0 8
0 35 24
0 10 7
0 1 0
1 11 17
0 16 24
0 42 39
0 1 0
0 7 9
0 44 57
0 32 24
0 1 0
0 31 44
3 0 10
2 0 2
0 1 0
0 16 7
0 5 7
0 45 32
0 1 0
1 18 63
0 19 18
2 0 9
0 1 0
0 46 22
1 35 76
0 3 2
0 1 0
1 31 111
0 26 29
1 25 55
0 1 0
4 0 571
1 29 64
0 7 9
0 1 0
1 40 21
1 25 96
1 1 2
0 1 0
0 21 29
0 45 38
0 7 7
0 1 0
0 5 8
0 44 50
2 0 1
0 1 0
3 0 9
0 17 14
0 23 33
0 1 0
1 37 108
0 31 24
1 37 111
0 1 0
0 29 40
0 46 46
1 39 92
0 1 0
3 0 0
0 8 8
1 20 42
0 1 0
1 33 59
1 47 138
0 22 23
0 1 0
2 0 6
1 19 95
0 20 22
0 1 0
1 16 56
0 34 29
1 1 3
0 1 0
4 0 432
0 33 26
4 0 438
0 1 0
2 0 4
0 45 34
0 18 27
0 1 0
0 2 1
1 19 51
0 14 7
0 1 0
1 11 40
1 17 8
4 0 921
0 1 0
0 42 53
0 9 7
0 15 7
0 1 0
0 4 3
2 0 5
0 36 42
0 1 0
0 11 8
0 11 12
0 24 24
0 1 0
0 26 28
1 20 91
0 36 9
0 1 0
0 29 32
0 19 19
0 19 17
0 1 0
0 21 24
2 0 6
0 46 34
0 1 0
2 0 2
2 0 3
0 32 41
0 1 0
0 45 64
0 33 55
1 20 61
0 1 0
1 45 181
1 9 24
3 0 6
0 1 0
0 30 39
1 41 168
0 13 12
0 1 0
0 45 49
1 5 11
1 27 20
0 1 0
0 42 52
1 36 160
1 46 153
0 1 0
2 0 9
1 18 64
0 45 55
0 1 0
1 33 55
1 43 155
0 12 8
0 1 0
4 0 201
0 16 16
0 11 13
0 1 0
1 9 18
0 41 43
0 16 17
0 1 0
3 0 0
0 46 21
0 10 11
0 1 0
4 0 881
0 49 9
1 5 20
0 1 0
0 46 60
2 0 4
0 17 19
0 1 0
0 44 44
2 0 3
0 49 65
0 1 0
3 0 3
0 36 25
1 34 121
0 1 0
0 9 5
0 27 28
0 13 13
0 1 0
0 36 31
1 24 66
0 48 44
0 1 0
0 20 37
1 42 89
0 26 33
0 1 0
1 29 62
0 41 51
0 24 22
0 1 0
2 0 1
1 7 17
1 47 222
0 1 0
0 8 8
0 9 11
0 39 35
0 1 0
2 0 3
1 8 20
0 37 27
0 1 0
1 23 59
0 29 29
1 4 4
0 1 0
1 31 111
0 21 29
2 0 8
0 1 0
0 7 10
1 26 80
1 8 25
0 1 0
2 0 8
0 25 17
0 38 57
0 1 0
0 5 4
1 35 72
1 40 130
0 1 0
2 0 0
2 0 1
0 42 50
0 1 0
0 32 29
1 46 92
1 39 111
0 1 0
1 41 159
0 16 18
0 34 19
0 1 0
1 41 118
3 0 1
1 24 78
0 1 0
0 6 6
0 18 24
0 6 5
0 1 0
4 0 207
1 24 45
0 21 18
0 1 0
0 44 48
1 16 75
0 14 22
0 1 0
0 40 45
0 3 4
1 28 42
0 1 0
1 8 40
0 12 9
0 5 7
0 1 0
2 0 1
1 49 238
0 8 11
0 1 0
0 48 35
1 39 93
2 0 4
0 1 0
0 48 46
0 27 25
0 14 22
0 1 0
2 0 9
2 0 9
1 5 15
0 1 0
1 20 51
1 50 141
0 29 44
0 1 0
4 0 625
2 0 4
1 40 164
0 1 0
3 0 6
0 42 50
0 24 22
0 1 0
0 19 21
1 4 13
0 20 19
0 1 0
0 29 34
2 0 8
0 18 15
0 1 0
4 0 584
0 46 34
0 24 19
0 1 0
0 42 45
1 3 13
0 34 30
0 1 0
4 0 663
0 10 13
1 27 53
0 1 0
2 0 6
0 37 22
1 31 106
0 1 0
1 38 112
0 38 48
1 49 156
0 1 0
1 29 65
1 49 145
1 16 55
0 1 0
1 38 100
1 19 27
1 9 15
0 1 0
0 25 19
0 19 20
1 17 19
0 1 0
0 19 26
1 31 77
0 42 61
0 1 0
0 49 71
0 12 8
0 49 45
0 1 0
1 25 53
0 7 8
0 16 21
0 1 0
0 1 1
1 30 75
4 0 965
0 1 0
0 42 39
1 45 115
1 28 75
0 1 0
0 13 9
0 44 52
0 50 37
0 1 0
0 7 9
2 0 1
2 0 9
0 1 0
0 11 15
0 38 43
0 14 11
0 1 0
0 49 52
3 0 2
4 0 710
0 1 0
0 49 47
0 32 36
0 6 5
0 1 0
0 6 5
0 37 25
0 38 39
0 1 0
0 14 5
1 23 53
0 40 32
0 1 0
0 50 58
0 3 3
3 0 1
0 1 0
1 40 66
0 32 33
0 50 34
0 1 0
0 46 60
1 31 146
1 10 33
0 1 0
2 0 4
1 40 138
1 38 147
0 1 0
1 9 17
0 36 21
4 0 811
0 1 0
1 44 104
1 9 34
1 41 147
0 1 0
1 45 67
3 0 10
0 41 37
0 1 0
1 34 76
1 39 112
0 29 32
0 1 0
0 2 3
0 18 20
3 0 1
0 1 0
0 48 70
0 10 14
0 10 11
0 1 0
0 43 64
0 38 22
0 41 29
0 1 0
1 47 111
1 44 135
0 16 20
0 1 0
0 22 30
1 9 41
1 30 42
0 1 0
0 32 32
0 18 21
1 9 21
0 1 0
1 33 65
0 23 14
1 4 16
0 1 0
0 41 53
0 8 5
1 38 131
0 1 0
0 9 8
0 10 12
3 0 4
0 1 0
1 23 96
0 36 21
0 44 45
0 1 0
0 14 10
0 48 30
0 50 41
0 1 0
0 37 44
1 2 7
1 44 146
0 1 0
0 11 12
2 0 3
0 20 27
0 1 0
1 9 25
1 46 60
0 29 17
0 1 0
0 44 55
1 13 20
0 31 18
0 1 0
0 28 18
0 34 32
0 3 2
0 1 0
1 3 5
1 24 31
0 4 4
0 1 0
0 33 44
0 28 24
0 5 4
0 1 0
0 6 5
1 39 166
1 24 76
0 1 0
1 33 61
1 2 4
0 37 21
0 1 0
0 25 17
1 7 27
0 39 35
0 1 0
4 0 294
4 0 815
0 9 3
0 1 0
0 48 61
0 47 47
1 37 77
0 1 0
0 8 6
0 37 28
0 23 22
0 1 0
4 0 391
1 9 37
0 6 5
0 1 0
1 20 21
2 0 6
4 0 765
0 1 0
1 27 52
4 0 866
2 0 5
0 1 0
1 33 108
1 43 70
0 40 41
0 1 0
2 0 0
0 10 11
0 28 33
0 1 0
0 42 59
1 26 27
0 19 20
0 1 0
1 40 162
1 8 26
1 33 113
0 1 0
0 23 24
1 49 229
1 34 85
0 1 0
0 50 61
1 19 59
0 36 31
0 1 0
1 42 96
0 49 67
0 31 28
0 1 0
4 0 234
0 21 17
1 45 68
0 1 0
0 31 28
1 2 3
0 28 26
0 1 0
2 0 10
1 15 83
0 5 6
0 1 0
1 1 3
1 34 86
0 24 22
0 1 0
1 42 113
0 38 31
0 20 23
0 1 0
1 40 89
0 3 2
1 29 76
0 1 0
0 19 19
0 9 1
1 32 78
0 1 0
0 25 20
0 35 38
0 50 57
0 1 0
0 19 13
1 44 100
2 0 4
0 1 0
0 40 46
0 29 34
0 28 11
0 1 0
1 26 39
1 46 218
0 43 50
0 1 0
0 39 41
1 11 23
0 29 43
0 1 0
0 19 26
0 9 12
1 21 89
0 1 0
1 10 26
1 40 138
0 20 37
0 1 0
0 37 56
2 0 4
0 24 22
0 1 0
0 9 10
0 43 27
1 6 20
0 1 0
1 20 69
0 18 14
1 38 114
0 1 0
0 4 1
0 36 50
2 0 0
0 1 0
0 22 13
1 38 93
4 0 605
0 1 0
1 23 92
1 43 86
0 38 38
0 1 0
0 13 13
0 40 60
1 30 104
0 1 0
1 38 23
0 33 45
1 45 160
0 1 0
1 48 153
0 7 4
3 0 9
0 1 0
0 44 82
0 45 29
1 9 34
0 1 0
0 6 6
0 48 49
1 9 17
0 1 0
0 17 18
0 47 52
1 9 27
0 1 0
1 36 141
1 47 157
0 23 25
0 1 0
0 1 1
0 48 73
0 50 34
0 1 0
1 42 100
4 0 591
0 39 69
0 1 0
0 46 42
0 1 1
0 32 32
0 1 0
0 31 23
0 3 5
0 24 28
0 1 0
0 30 32
0 21 25
0 41 49
0 1 0
0 27 38
0 16 16
0 4 4
0 1 0
0 4 4
0 25 8
0 31 37
0 1 0
2 0 8
0 21 26
0 1 1
0 1 0
0 36 34
0 10 11
0 20 16
0 1 0
0 6 3
0 16 15
0 43 45
0 1 0
2 0 1
1 33 75
4 0 438
0 1 0
0 16 26
0 29 43
0 22 22
0 1 0
0 6 4
0 36 41
0 46 47
0 1 0
0 1 1
0 23 28
0 45 46
0 1 0
0 26 21
1 40 140
3 0 10
0 1 0
1 21 59
0 16 7
1 9 4
0 1 0
1 24 70
0 29 23
1 9 22
0 1 0
0 26 9
1 2 7
3 0 3
0 1 0
0 29 44
0 4 4
0 4 3
0 1 0
0 46 57
1 2 5
1 46 261
0 1 0
1 25 73
0 27 26
0 32 48
0 1 0
0 49 49
4 0 268
1 11 41
0 1 0
1 10 28
0 28 14
0 43 40
0 1 0
0 29 13
0 34 41
0 32 42
0 1 0
0 12 3
1 44 158
2 0 9
0 1 0
0 35 30
1 27 42
1 10 25
0 1 0
1 10 32
1 33 85
1 16 48
0 1 0
2 0 9
1 42 181
1 4 22
0 1 0
2 0 10
0 47 58
1 12 55
0 1 0
0 21 18
1 17 29
1 50 130
0 1 0
0 40 45
0 49 65
0 15 16
0 1 0
1 41 78
0 20 12
0 47 17
0 1 0
2 0 6
1 39 102
0 30 21
0 1 0
0 32 30
0 17 14
0 23 30
0 1 0
2 0 4
0 8 12
1 13 52
0 1 0
0 12 12
0 40 44
0 34 41
0 1 0
0 44 34
1 3 7
0 50 47
0 1 0
2 0 6
2 0 7
1 34 170
0 1 0
1 34 104
0 17 10
0 5 4
0 1 0
0 29 39
0 12 13
1 42 183
0 1 0
0 2 4
0 2 3
2 0 3
0 1 0
0 9 6
0 34 37
4 0 332
0 1 0
0 16 8
0 30 19
0 32 21
0 1 0
0 30 43
1 45 145
0 19 15
0 1 0
3 0 2
4 0 735
1 42 134
0 1 0
3 0 5
1 16 69
0 28 16
0 1 0
0 40 37
1 44 79
0 8 7
0 1 0
1 5 12
1 23 58
3 0 3
0 1 0
0 29 25
1 10 32
0 12 7
0 1 0
0 42 37
0 8 9
0 1 1
0 1 0
1 11 24
0 32 33
1 47 178
0 1 0
1 20 60
1 13 68
0 36 59
0 1 0
1 34 114
0 19 14
0 8 10
0 1 0
0 38 40
0 30 24
1 39 116
0 1 0
0 43 46
0 30 16
0 44 60
0 1 0
0 29 52
0 27 17
4 0 325
0 1 0
1 16 31
0 31 19
0 1 1
0 1 0
0 30 36
0 49 46
1 2 8
0 1 0
0 36 42
1 49 102
0 16 11
0 1 0
0 28 32
0 26 31
0 38 45
0 1 0
2 0 4
0 14 20
0 13 18
0 1 0
0 44 38
0 47 50
0 1 1
0 1 0
0 26 30
1 16 47
0 42 51
0 1 0
0 48 46
0 35 36
0 15 29
0 1 0
0 41 41
1 35 98
0 11 8
0 1 0
0 2 2
0 13 15
0 39 52
0 1 0
1 11 32
0 31 31
0 17 17
0 1 0
0 2 1
0 14 23
0 4 2
0 1 0
0 35 41
0 1 1
0 22 30
0 1 0
0 23 28
1 1 4
0 31 34
0 1 0
2 0 4
1 28 87
0 43 60
0 1 0
0 11 10
0 25 37
0 29 30
0 1 0
0 19 7
0 27 36
0 44 44
0 1 0
1 22 34
1 30 73
0 11 13
0 1 0
0 10 14
0 26 26
0 49 54
0 1 0
0 24 34
0 41 38
1 48 30
0 1 0
2 0 8
1 8 19
0 21 19
0 1 0
2 0 6
0 25 23
0 24 23
0 1 0
1 16 37
0 14 16
1 48 82
0 1 0
0 41 54
0 37 35
1 2 3
0 1 0
2 0 8
1 1 2
0 41 41
0 1 0
0 13 15
2 0 2
0 33 44
0 1 0
0 17 15
0 44 57
0 33 30
0 1 0
1 2 5
0 8 7
1 20 95
0 1 0
0 34 34
0 17 12
1 14 46
0 1 0
0 21 29
0 45 43
0 29 9
0 1 0
0 34 35
1 17 65
0 34 47
0 1 0
2 0 3
1 45 115
0 12 11
0 1 0
0 27 27
1 16 60
0 33 23
0 1 0
2 0 1
0 33 38
3 0 7
0 1 0
0 22 16
1 46 102
1 18 53
0 1 0
0 29 31
2 0 8
0 48 52
0 1 0
2 0 8
2 0 4
2 0 7
0 1 0
0 37 35
0 18 18
2 0 2
0 1 0
1 45 198
1 37 150
2 0 5
0 1 0
1 17 45
1 27 36
0 1 1
0 1 0
1 5 14
1 13 58
0 46 38
0 1 0
0 1 1
0 9 5
0 33 22
0 1 0
0 16 8
1 16 43
1 47 224
0 1 0
0 36 33
0 37 27
0 28 23
0 1 0
0 3 3
0 13 12
0 6 3
0 1 0
1 29 131
2 0 1
0 10 9
0 1 0
1 9 11
0 48 62
1 5 16
0 1 0
0 17 1
0 29 39
4 0 927
0 1 0
0 13 12
0 14 22
0 2 2
0 1 0
0 35 59
0 4 3
0 12 3
0 1 0
4 0 635
0 32 17
0 45 48
0 1 0
0 34 28
1 46 110
2 0 9
0 1 0
4 0 842
1 44 132
0 13 11
0 1 0
0 40 32
1 18 57
1 8 20
0 1 0
0 13 14
1 45 120
0 48 32
0 1 0
0 49 54
0 40 44
2 0 1
0 1 0
0 7 4
1 16 44
0 32 48
0 1 0
0 26 34
1 36 155
1 22 36
0 1 0
1 41 103
1 35 162
3 0 9
0 1 0
1 25 58
0 23 12
0 32 39
0 1 0
0 19 13
1 50 116
0 14 13
0 1 0
3 0 9
1 26 116
0 5 7
0 1 0
1 12 32
1 45 171
0 30 44
0 1 0
1 21 116
1 50 255
2 0 8
0 1 0
0 49 59
0 25 22
2 0 9
0 1 0
0 25 19
0 37 38
0 44 19
0 1 0
0 2 2
0 33 33
0 9 7
0 1 0
0 47 46
1 45 108
0 1 1
0 1 0
1 20 30
3 0 0
1 36 134
0 1 0
2 0 2
0 20 7
0 29 18
0 1 0
0 18 28
0 33 47
0 12 14
0 1 0
3 0 7
3 0 2
1 13 29
0 1 0
1 24 63
1 32 59
0 18 14
0 1 0
0 38 34
0 44 59
0 27 25
0 1 0
0 18 19
0 36 32
1 9 11
0 1 0
0 36 18
0 45 9
0 2 2
0 1 0
1 20 42
0 48 68
1 17 31
0 1 0
1 40 58
1 33 120
1 6 19
0 1 0
0 19 17
0 32 39
0 5 6
0 1 0
1 37 34
0 18 12
1 7 2
0 1 0
0 11 14
0 43 44
0 26 36
0 1 0
1 8 27
0 12 11
1 2 4
0 1 0
1 17 50
0 14 18
3 0 4
0 1 0
2 0 4
0 37 20
2 0 6
0 1 0
0 2 3
1 45 200
3 0 6
0 1 0
0 28 26
1 48 157
0 28 27
0 1 0
0 1 1
0 46 20
0 23 27
0 1 0
1 20 55
0 26 24
4 0 292
0 1 0
0 19 21
1 16 30
1 44 86
0 1 0
0 40 61
0 32 27
0 33 31
0 1 0
0 1 1
0 2 2
0 30 37
0 1 0
1 48 197
2 0 4
4 0 975
0 1 0
0 46 49
0 21 26
0 30 22
0 1 0
2 0 9
4 0 922
0 5 3
0 1 0
0 10 10
1 19 34
0 37 52
0 1 0
0 14 16
0 44 33
1 47 127
0 1 0
1 23 62
0 29 37
0 46 63
0 1 0
0 47 43
0 27 28
0 39 45
0 1 0
1 42 166
4 0 431
0 46 45
0 1 0
0 4 4
0 32 22
1 16 31
0 1 0
0 30 35
0 28 27
0 49 73
0 1 0
3 0 0
0 7 4
1 16 52
0 1 0
1 25 94
0 5 4
0 36 40
0 1 0
1 41 117
2 0 10
0 22 30
0 1 0
0 47 5
0 6 4
0 47 47
0 1 0
1 10 21
0 13 9
0 15 1
0 1 0
1 32 78
1 7 17
0 31 39
0 1 0
0 24 31
1 41 154
0 8 12
0 1 0
1 20 47
1 44 120
0 38 47
0 1 0
2 0 7
0 5 7
0 37 41
0 1 0
0 49 45
2 0 6
1 8 29
0 1 0
0 24 29
0 17 30
0 19 15
0 1 0
4 0 378
0 44 36
0 41 51
0 1 0
0 28 34
0 36 13
0 20 19
0 1 0
4 0 951
1 11 18
0 15 16
0 1 0
0 16 22
0 35 36
0 3 4
0 1 0
0 31 9
0 17 23
0 3 2
0 1 0
1 42 55
0 50 70
1 18 56
0 1 0
0 8 8
1 49 227
1 50 214
0 1 0
1 22 73
1 26 76
0 16 23
0 1 0
0 1 1
1 38 129
0 43 41
0 1 0
1 43 154
0 16 27
1 4 10
0 1 0
0 7 7
0 35 26
0 44 30
0 1 0
0 44 36
0 38 39
0 9 10
0 1 0
3 0 8
0 3 3
1 11 43
0 1 0
0 13 6
0 14 7
0 31 27
0 1 0
0 29 32
0 28 33
1 48 156
0 1 0
0 43 46
0 18 11
0 2 1
0 1 0
0 1 2
1 38 96
0 41 25
0 1 0
0 48 45
0 6 7
2 0 3
0 1 0
0 27 25
1 42 121
2 0 3
0 1 0
0 11 12
0 7 6
2 0 3
0 1 0
1 7 18
1 34 103
0 2 2
0 1 0
0 40 33
1 10 20
1 28 123
0 1 0
1 44 144
1 2 2
1 4 14
0 1 0
0 21 34
1 5 10
0 36 15
0 1 0
0 46 21
0 45 36
0 9 11
0 1 0
1 24 48
3 0 0
0 2 2
0 1 0
2 0 4
0 12 13
1 45 86
0 1 0
0 35 44
0 8 7
0 39 26
0 1 0
0 19 21
0 11 13
1 38 104
0 1 0
0 19 13
1 38 147
2 0 8
0 1 0
0 50 55
1 39 188
1 24 64
0 1 0
1 46 125
0 33 38
0 47 50
0 1 0
0 6 7
0 14 17
2 0 9
0 1 0
0 43 55
1 35 138
0 13 19
0 1 0
1 37 92
0 5 5
0 32 21
0 1 0
1 41 173
0 43 67
1 48 163
0 1 0
0 28 28
1 49 122
0 44 33
0 1 0
0 21 28
1 20 103
1 34 108
0 1 0
0 3 3
1 45 51
0 39 34
0 1 0
2 0 9
1 27 76
3 0 1
0 1 0
0 39 61
2 0 6
0 38 49
0 1 0
0 1 1
3 0 1
1 1 2
0 1 0
0 7 6
1 16 36
0 38 40
0 1 0
0 43 57
0 15 24
0 12 13
0 1 0
1 31 87
0 48 35
0 39 43
0 1 0
1 35 61
1 45 178
1 32 42
0 1 0
0 29 24
3 0 8
0 31 43
0 1 0
0 5 4
0 38 40
1 15 38
0 1 0
2 0 9
1 17 39
0 34 32
0 1 0
3 0 2
0 17 18
1 15 74
0 1 0
0 8 7
1 6 17
1 16 75
0 1 0
1 47 220
0 5 4
0 9 9
0 1 0
0 13 14
1 9 21
1 41 167
0 1 0
0 7 7
0 35 31
0 48 23
0 1 0
0 16 14
1 38 101
1 12 25
0 1 0
0 34 56
0 25 32
0 33 28
0 1 0
1 44 105
1 6 12
1 31 64
0 1 0
0 17 14
1 30 75
0 23 29
0 1 0
1 39 80
0 21 19
1 27 85
0 1 0
0 31 40
1 31 94
0 14 23
0 1 0
1 43 155
1 22 63
0 48 15
0 1 0
0 29 27
1 35 75
2 0 1
0 1 0
1 50 195
0 32 22
1 6 6
0 1 0
1 31 123
1 19 63
0 8 9
0 1 0
2 0 4
1 14 15
0 5 6
0 1 0
0 44 45
1 50 171
1 10 25
0 1 0
3 0 3
1 49 135
0 8 8
0 1 0
0 13 13
2 0 9
0 14 20
0 1 0
0 1 1
0 41 45
1 17 41
0 1 0
0 16 7
0 19 27
1 11 42
0 1 0
0 14 10
1 7 24
1 39 93
0 1 0
0 33 38
0 15 19
4 0 926
0 1 0
0 29 23
1 38 85
0 35 36
0 1 0
0 35 28
1 17 54
1 42 136
0 1 0
2 0 5
0 24 21
1 7 18
0 1 0
0 7 11
0 46 42
0 45 42
0 1 0
1 2 8
2 0 9
1 26 55
0 1 0
2 0 5
1 44 132
0 11 9
0 1 0
0 15 16
1 44 109
3 0 3
0 1 0
4 0 529
0 4 4
1 6 18
0 1 0
1 23 62
0 38 60
0 31 33
0 1 0
0 48 42
4 0 452
1 10 30
0 1 0
0 12 16
0 22 30
4 0 559
0 1 0
0 2 1
0 3 4
0 15 10
0 1 0
1 17 28
0 34 32
0 45 60
0 1 0
0 32 32
1 46 129
0 32 33
0 1 0
0 6 2
4 0 907
2 0 4
0 1 0
1 50 132
0 41 59
1 19 117
0 1 0
4 0 693
0 19 28
1 12 27
0 1 0
3 0 9
0 37 25
4 0 669
0 1 0
0 25 20
0 11 7
0 6 6
0 1 0
0 27 22
1 17 116
0 1 1
0 1 0
0 49 29
1 44 215
0 20 32
0 1 0
1 21 53
0 27 31
1 3 13
0 1 0
3 0 0
0 16 24
0 22 19
0 1 0
3 0 3
0 8 13
0 31 16
0 1 0
1 6 16
0 22 20
2 0 3
0 1 0
1 42 159
3 0 5
0 34 25
0 1 0
0 21 14
1 6 22
4 0 368
0 1 0
0 46 60
0 30 14
1 10 37
0 1 0
1 24 100
0 23 24
1 40 114
0 1 0
2 0 5
2 0 1
1 6 20
0 1 0
1 8 33
1 47 231
1 34 162
0 1 0
1 20 45
1 45 164
1 49 179
0 1 0
1 49 209
0 33 18
0 7 8
0 1 0
0 28 36
1 27 46
0 13 11
0 1 0
0 12 13
0 38 29
0 8 10
0 1 0
0 4 3
1 19 42
0 30 31
0 1 0
0 27 22
1 11 54
1 27 137
0 1 0
2 0 9
0 49 35
0 22 29
0 1 0
0 25 34
0 41 70
0 32 39
0 1 0
0 31 26
0 40 20
1 34 94
0 1 0
0 8 8
0 26 22
4 0 366
0 1 0
0 32 36
0 31 29
1 42 154
0 1 0
0 6 4
0 10 12
0 49 22
0 1 0
0 19 24
4 0 715
0 29 35
0 1 0
2 0 2
4 0 346
1 8 17
0 1 0
3 0 1
0 13 14
1 37 163
0 1 0
1 38 76
0 33 30
1 35 55
0 1 0
1 12 39
1 3 13
1 2 8
0 1 0
0 9 10
0 30 39
0 9 1
0 1 0
1 19 52
0 10 10
0 10 11
0 1 0
0 13 6
1 10 40
0 1 1
0 1 0
4 0 992
0 30 31
3 0 5
0 1 0
0 21 22
0 11 17
0 3 4
0 1 0
0 44 41
0 7 6
2 0 4
0 1 0
1 45 120
2 0 6
0 39 14
0 1 0
3 0 9
0 36 23
0 31 49
0 1 0
0 31 29
1 34 103
0 5 3
0 1 0
0 1 1
2 0 1
2 0 4
0 1 0
0 21 20
0 6 9
0 40 41
0 1 0
1 20 41
0 26 29
1 30 74
0 1 0
0 11 13
1 43 118
1 12 45
0 1 0
0 31 41
0 9 11
1 22 60
0 1 0
1 3 12
1 6 25
0 18 6
0 1 0
1 33 93
0 40 48
1 7 24
0 1 0
1 8 14
4 0 287
0 20 28
0 1 0
1 43 184
3 0 7
1 10 25
0 1 0
0 4 5
0 10 7
3 0 4
0 1 0
4 0 220
0 50 37
0 12 14
0 1 0
0 31 46
0 28 17
1 29 51
0 1 0
0 28 18
0 20 16
0 17 31
0 1 0
0 27 22
0 31 28
4 0 853
0 1 0
0 9 11
1 10 52
0 41 53
0 1 0
1 5 14
1 39 114
0 34 31
0 1 0
1 38 47
1 17 47
0 30 24
0 1 0
0 18 24
0 20 17
1 18 54
0 1 0
2 0 0
1 44 168
2 0 0
0 1 0
1 18 68
1 21 38
1 2 8
0 1 0
1 40 97
0 25 45
1 31 126
0 1 0
0 25 26
0 34 17
0 13 20
0 1 0
0 15 17
1 5 9
0 42 46
0 1 0
1 1 3
1 11 31
1 12 46
0 1 0
0 19 20
0 42 20
0 49 9
0 1 0
0 34 43
0 43 30
0 15 13
0 1 0
1 15 65
0 38 41
1 15 23
0 1 0
0 17 16
1 27 18
0 22 10
0 1 0
2 0 6
0 25 25
0 9 6
0 1 0
1 33 146
0 5 6
1 31 92
0 1 0
0 45 40
0 23 15
3 0 4
0 1 0
1 32 139
1 36 62
2 0 9
0 1 0
0 29 28
1 42 79
0 44 63
0 1 0
1 22 81
0 28 40
0 5 5
0 1 0
0 35 21
1 28 106
0 29 31
0 1 0
0 15 15
1 6 15
0 29 46
0 1 0
0 36 55
0 8 10
0 17 18
0 1 0
1 40 154
0 20 31
1 23 81
0 1 0
0 37 37
1 8 36
1 29 149
0 1 0
0 1 1
1 15 35
1 20 1
0 1 0
0 33 25
0 23 39
0 35 28
0 1 0
1 13 27
1 25 79
1 34 59
0 1 0
1 36 41
3 0 8
0 34 39
0 1 0
0 48 69
4 0 663
0 44 36
0 1 0
0 2 3
2 0 9
1 43 195
0 1 0
0 6 8
1 28 63
1 14 60
0 1 0
0 42 48
1 14 50
0 19 17
0 1 0
0 42 42
1 37 151
1 19 33
0 1 0
1 29 123
0 40 53
1 1 5
0 1 0
0 35 32
0 13 10
1 8 44
0 1 0
4 0 276
0 27 22
2 0 6
0 1 0
0 47 53
0 8 10
1 37 95
0 1 0
1 19 47
0 6 7
1 13 29
0 1 0
0 8 7
0 36 46
1 17 42
0 1 0
1 25 74
0 38 27
0 17 15
0 1 0
0 14 16
1 48 203
1 16 49
0 1 0
4 0 581
1 34 160
0 38 28
0 1 0
0 2 2
4 0 790
3 0 1
0 1 0
3 0 8
0 48 39
0 3 2
0 1 0
0 2 1
1 12 34
0 30 12
0 1 0
2 0 6
1 19 65
1 10 34
0 1 0
1 18 39
0 39 31
0 3 2
0 1 0
0 37 29
4 0 699
4 0 330
0 1 0
1 28 83
0 50 57
0 45 53
0 1 0
3 0 3
1 14 31
1 29 80
0 1 0
1 12 15
0 47 57
1 18 34
0 1 0
0 36 29
0 36 29
0 10 12
0 1 0
1 31 75
1 47 98
0 41 19
0 1 0
0 7 11
3 0 9
1 30 95
0 1 0
0 2 1
0 16 16
0 15 22
0 1 0
0 24 32
2 0 4
0 39 10
0 1 0
0 34 21
0 8 6
1 35 94
0 1 0
4 0 524
2 0 5
2 0 8
0 1 0
1 43 115
1 39 104
1 31 173
0 1 0
0 5 3
0 44 19
1 18 53
0 1 0
0 3 2
1 49 175
0 31 19
0 1 0
0 16 15
0 17 23
1 30 83
0 1 0
0 41 25
2 0 10
1 4 7
0 1 0
0 8 9
2 0 8
1 11 40
0 1 0
1 10 36
1 29 118
0 42 67
0 1 0
1 21 87
0 25 16
1 43 144
0 1 0
0 35 44
0 38 34
1 18 34
0 1 0
0 29 39
1 22 79
0 35 1
0 1 0
1 30 103
0 29 22
3 0 6
0 1 0
2 0 5
1 28 85
0 6 7
0 1 0
0 30 32
0 15 13
2 0 2
0 1 0
1 25 85
0 1 1
0 14 11
0 1 0
0 21 20
1 37 40
0 40 43
0 1 0
1 4 12
1 9 28
0 43 3
0 1 0
0 26 18
0 17 23
0 37 34
0 1 0
0 18 26
1 24 70
0 35 39
0 1 0
4 0 462
0 10 7
1 23 94
0 1 0
0 33 20
0 37 35
0 20 17
0 1 0
0 33 40
0 33 23
1 23 66
0 1 0
0 16 6
1 34 99
0 42 59
0 1 0
0 13 19
1 9 46
0 17 20
0 1 0
4 0 341
3 0 4
1 48 132
0 1 0
1 5 16
3 0 9
0 23 32
0 1 0
0 8 6
0 24 32
0 6 5
0 1 0
0 8 9
1 50 136
1 49 63
0 1 0
1 24 93
2 0 6
0 44 32
0 1 0
0 37 49
0 48 56
1 29 48
0 1 0
4 0 567
0 29 10
0 48 43
0 1 0
0 40 73
0 26 28
0 39 40
0 1 0
2 0 9
3 0 5
0 22 22
0 1 0
0 3 3
1 25 109
0 30 26
0 1 0
1 24 99
0 22 22
0 47 50
0 1 0
1 33 103
1 19 39
1 9 26
0 1 0
1 36 136
0 7 6
0 1 1
0 1 0
2 0 1
0 3 4
0 33 18
0 1 0
1 35 133
0 28 29
1 30 41
0 1 0
1 19 63
0 46 21
0 46 49
0 1 0
2 0 8
0 1 1
1 18 45
0 1 0
2 0 9
0 36 51
0 48 43
0 1 0
1 29 98
0 35 27
0 25 28
0 1 0
0 39 51
0 24 27
0 28 28
0 1 0
4 0 878
1 34 139
1 10 27
0 1 0
1 33 91
4 0 632
0 14 13
0 1 0
1 37 90
0 36 16
0 28 37
0 1 0
0 20 3
0 16 18
1 42 187
0 1 0
0 46 58
0 5 6
0 41 49
0 1 0
4 0 569
2 0 5
0 49 46
0 1 0
0 11 12
0 17 17
0 4 3
0 1 0
0 41 39
2 0 7
1 44 83
0 1 0
3 0 1
0 14 12
1 48 150
0 1 0
0 17 8
0 35 37
1 47 139
0 1 0
1 33 102
1 40 144
1 28 81
0 1 0
0 15 7
1 7 31
1 3 8
0 1 0
0 36 30
0 30 30
1 28 59
0 1 0
0 17 15
0 48 19
0 23 10
0 1 0
0 19 30
1 49 100
2 0 3
0 1 0
0 28 40
2 0 5
0 3 2
0 1 0
0 13 18
0 25 18
0 40 72
0 1 0
0 39 56
0 9 9
0 17 22
0 1 0
0 14 6
0 5 6
0 26 24
0 1 0
0 13 8
0 43 67
0 11 21
0 1 0
1 19 43
0 8 6
0 32 45
0 1 0
1 48 129
0 31 52
0 13 12
0 1 0
0 38 35
1 11 31
0 17 12
0 1 0
2 0 3
4 0 465
0 45 42
0 1 0
1 13 40
0 18 23
1 35 104
0 1 0
0 46 25
0 43 46
0 42 7
0 1 0
0 18 17
1 39 127
1 11 46
0 1 0
0 50 76
1 28 119
4 0 651
0 1 0
0 14 14
0 38 42
0 38 23
0 1 0
1 1 1
0 19 22
0 12 20
0 1 0
1 21 81
0 26 36
1 23 79
0 1 0
0 26 17
1 11 21
2 0 3
0 1 0
0 13 19
0 40 33
0 46 76
0 1 0
0 20 15
0 5 4
2 0 4
0 1 0
1 45 128
0 13 7
0 46 44
0 1 0
0 46 5
0 3 2
2 0 9
0 1 0
0 50 73
1 17 68
1 11 29
0 1 0
0 17 14
4 0 996
1 7 21
0 1 0
0 6 8
1 29 56
0 26 24
0 1 0
1 42 131
0 28 28
1 29 105
0 1 0
0 8 8
0 36 56
0 5 6
0 1 0
0 42 29
1 15 44
0 12 18
0 1 0
1 37 77
0 14 10
0 32 25
0 1 0
1 20 54
1 19 68
0 42 60
0 1 0
0 38 41
0 7 6
1 49 117
0 1 0
1 6 20
0 25 26
0 26 9
0 1 0
2 0 5
4 0 474
1 2 11
0 1 0
1 49 195
0 49 55
0 47 19
0 1 0
0 15 26
0 47 59
0 37 45
0 1 0
0 36 8
0 7 5
0 49 11
0 1 0
1 46 125
0 33 36
0 17 27
0 1 0
0 5 6
2 0 3
0 36 27
0 1 0
0 22 29
0 16 22
0 46 29
0 1 0
0 17 26
2 0 0
4 0 899
0 1 0
4 0 718
0 13 10
0 45 67
0 1 0
0 37 40
0 34 36
2 0 10
0 1 0
0 45 60
0 15 17
0 7 5
0 1 0
0 22 36
0 28 30
0 41 10
0 1 0
1 1 2
0 19 23
0 27 16
0 1 0
0 10 14
2 0 0
0 11 13
0 1 0
1 23 76
0 34 42
0 42 43
0 1 0
0 9 8
0 28 44
0 9 11
0 1 0
0 48 36
0 16 1
0 23 25
0 1 0
3 0 1
3 0 5
1 9 20
0 1 0
0 40 34
0 13 14
0 38 43
0 1 0
1 21 53
1 44 131
0 16 6
0 1 0
1 2 5
2 0 3
0 34 28
0 1 0
0 21 16
1 50 75
0 44 43
0 1 0
0 27 26
4 0 652
0 39 31
0 1 0
0 4 4
0 12 16
1 45 115
0 1 0
3 0 3
2 0 9
0 27 17
0 1 0
0 13 14
0 23 27
0 45 51
0 1 0
0 12 16
1 40 119
1 18 74
0 1 0
0 22 29
3 0 3
0 1 1
0 1 0
0 46 32
1 19 72
1 19 45
0 1 0
1 27 82
0 31 31
0 46 46
0 1 0
0 22 21
0 35 25
0 34 27
0 1 0
0 3 3
1 8 27
1 42 127
0 1 0
0 35 39
1 21 76
0 42 45
0 1 0
1 5 25
1 28 83
1 23 31
0 1 0
0 39 44
1 27 85
0 13 7
0 1 0
1 13 70
4 0 713
0 9 9
0 1 0
1 46 207
0 25 19
0 34 30
0 1 0
1 35 155
0 4 4
4 0 955
0 1 0
1 37 104
0 37 39
0 8 14
0 1 0
0 4 4
0 30 22
0 18 27
0 1 0
1 9 31
1 12 34
0 29 19
0 1 0
0 38 48
0 2 2
1 33 116
0 1 0
0 6 5
3 0 9
1 43 105
0 1 0
1 11 46
0 37 35
0 15 26
0 1 0
1 15 56
0 39 41
0 4 4
0 1 0
0 12 13
2 0 5
0 11 11
0 1 0
0 42 53
0 50 54
0 7 9
0 1 0
0 7 8
0 23 26
0 44 45
0 1 0
0 16 16
0 32 36
0 47 34
0 1 0
0 47 76
1 30 52
3 0 1
0 1 0
0 22 33
2 0 2
1 44 154
0 1 0
0 40 57
0 31 22
1 40 149
0 1 0
0 23 17
1 48 189
2 0 6
0 1 0
0 29 31
1 12 34
0 34 31
0 1 0
1 10 28
0 41 51
0 18 21
0 1 0
0 42 44
0 3 2
1 5 18
0 1 0
3 0 7
0 42 48
1 25 53
0 1 0
0 27 30
0 28 31
0 44 28
0 1 0
3 0 4
0 9 13
0 35 31
0 1 0
0 12 12
2 0 8
0 41 39
0 1 0
0 26 31
0 21 27
0 49 26
0 1 0
1 3 10
0 44 22
1 11 25
0 1 0
0 2 2
2 0 7
1 17 24
0 1 0
0 5 6
3 0 1
4 0 886
0 1 0
1 19 42
0 39 56
1 36 76
0 1 0
0 42 27
1 10 41
1 34 37
0 1 0
0 22 24
0 3 3
0 1 1
0 1 0
4 0 206
0 13 14
1 33 117
0 1 0
0 45 37
0 14 16
0 6 2
0 1 0
3 0 7
1 28 129
1 39 166
0 1 0
1 47 135
0 39 36
1 31 50
0 1 0
1 38 159
0 31 9
0 9 7
0 1 0
1 23 113
2 0 4
0 39 41
0 1 0
1 38 129
0 45 28
0 31 27
0 1 0
0 18 26
2 0 0
0 12 14
0 1 0
1 24 137
1 38 155
2 0 1
0 1 0
0 24 21
1 15 29
0 4 4
0 1 0
0 42 10
1 16 45
0 22 14
0 1 0
0 16 14
4 0 307
0 34 34
0 1 0
1 47 87
0 46 41
0 42 45
0 1 0
0 2 3
0 23 33
1 13 31
0 1 0
1 12 31
0 50 44
1 6 8
0 1 0
4 0 458
0 7 6
2 0 7
0 1 0
1 26 106
0 40 27
1 14 51
0 1 0
1 22 125
0 24 35
0 50 32
0 1 0
0 1 1
0 44 61
1 38 84
0 1 0
0 25 10
0 16 17
0 24 19
0 1 0
0 15 14
0 38 28
0 6 10
0 1 0
4 0 536
1 40 138
2 0 1
0 1 0
1 24 111
1 40 153
0 22 16
0 1 0
2 0 6
3 0 10
0 7 11
0 1 0
1 26 62
1 17 52
0 25 26
0 1 0
0 30 28
0 49 71
0 49 20
0 1 0
1 35 148
1 7 21
1 29 134
0 1 0
1 6 4
0 47 47
0 41 61
0 1 0
0 34 46
0 7 6
1 4 5
0 1 0
1 22 66
0 48 53
0 6 4
0 1 0
0 9 9
0 19 15
0 22 24
0 1 0
0 42 44
0 23 19
1 47 201
0 1 0
4 0 325
1 11 35
1 11 28
0 1 0
0 20 18
1 26 21
1 27 104
0 1 0
0 33 50
1 33 93
0 47 11
0 1 0
1 12 38
1 12 42
0 30 26
0 1 0
0 31 17
0 32 17
1 31 48
0 1 0
0 5 4
0 42 33
0 20 14
0 1 0
0 40 42
0 6 9
0 39 75
0 1 0
0 42 50
0 45 60
0 45 37
0 1 0
4 0 620
0 2 1
1 46 171
0 1 0
1 26 57
1 40 204
0 21 23
0 1 0
0 36 28
0 11 5
0 16 23
0 1 0
1 6 10
0 24 30
4 0 381
0 1 0
0 12 6
0 16 13
0 38 34
0 1 0
0 27 23
4 0 423
0 33 22
0 1 0
0 11 18
0 12 11
4 0 789
0 1 0
0 40 46
3 0 3
4 0 845
0 1 0
0 1 1
0 28 24
0 22 29
0 1 0
1 2 3
1 22 43
1 5 9
0 1 0
1 47 191
3 0 1
0 27 8
0 1 0
4 0 453
0 10 12
0 7 6
0 1 0
0 24 21
0 32 28
0 34 11
0 1 0
0 28 41
1 37 136
1 47 153
0 1 0
3 0 10
0 1 1
1 35 144
0 1 0
1 30 114
0 24 38
0 3 3
0 1 0
2 0 9
0 8 5
0 35 40
0 1 0
4 0 602
0 10 7
3 0 10
0 1 0
0 14 10
1 9 29
2 0 10
0 1 0
1 23 75
0 27 17
1 35 114
0 1 0
1 20 94
0 9 19
0 45 45
0 1 0
4 0 530
1 1 4
2 0 8
0 1 0
3 0 7
0 1 1
0 35 32
0 1 0
0 34 48
1 30 86
0 14 17
0 1 0
1 18 51
1 17 70
0 43 49
0 1 0
0 46 60
0 44 45
0 3 3
0 1 0
0 46 30
0 39 28
0 32 25
0 1 0
2 0 1
0 48 31
0 50 58
0 1 0
1 27 82
0 33 23
1 45 181
0 1 0
3 0 4
0 15 15
0 40 45
0 1 0
1 35 132
0 11 13
0 14 11
0 1 0
3 0 6
1 31 105
0 41 41
0 1 0
3 0 1
2 0 0
0 14 12
0 1 0
1 7 30
1 40 112
0 6 2
0 1 0
0 43 52
0 15 23
1 30 71
0 1 0
0 35 45
3 0 7
1 45 160
0 1 0
1 46 87
1 43 135
1 30 86
0 1 0
0 32 31
0 19 25
2 0 3
0 1 0
0 48 46
1 46 64
1 31 110
0 1 0
2 0 7
1 29 121
0 34 43
0 1 0
1 45 157
1 1 5
1 9 21
0 1 0
2 0 6
0 33 37
0 13 17
0 1 0
0 19 5
1 50 206
1 2 9
0 1 0
4 0 405
1 46 86
0 32 45
0 1 0
0 10 18
1 11 39
0 48 28
0 1 0
1 30 97
1 23 80
0 25 25
0 1 0
0 39 47
0 7 5
0 49 27
0 1 0
1 3 4
0 22 29
3 0 1
0 1 0
0 29 36
1 33 78
0 5 8
0 1 0
0 45 22
0 16 22
1 32 143
0 1 0
0 29 43
0 43 38
0 21 37
0 1 0
1 2 5
1 26 79
0 37 41
0 1 0
0 50 51
4 0 306
0 10 8
0 1 0
1 13 48
1 46 221
1 37 122
