4 8 4 1000
175 133
29 42
26 20
27 22
26 33
207 409
13 6
29 43
76 72
20 21
94 80
228 136
83 147
74 103
21 34
14 13
229 233
249 237
212 247
27 43
211 327
47 62
8 6
16 15
41 34
64 97
10 11
8 8
11 10
22 21
15 14
4 7
42 34
22 35
60 93
24 20
8 8
141 145
138 197
5 7
235 244
87 56
13 12
11 6
11 15
29 37
241 414
25 28
49 33
15 15
18 28
124 175
96 90
23 37
50 55
219 135
23 14
167 199
19 30
91 205
145 130
6 5
41 35
216 277
153 103
20 28
25 22
6 6
87 82
7 11
50 47
39 37
213 197
35 50
184 160
119 195
163 147
7 5
195 144
6 5
8 11
27 22
35 40
55 42
17 19
52 36
7 5
9 11
239 776
13 15
8 8
190 327
26 23
101 135
12 15
107 161
91 138
5 7
154 113
7 9
102 93
209 521
241 232
143 125
37 66
76 116
30 40
166 194
18 17
16 14
14 18
134 296
47 25
176 238
59 55
8 18
12 6
174 102
159 261
26 26
68 98
31 29
7 12
8 9
5 7
36 31
4 6
122 112
173 196
132 137
7 6
18 28
13 11
8 7
22 42
28 37
35 63
7 6
118 178
11 16
14 12
34 62
13 13
177 144
76 73
6 9
15 13
62 77
20 31
13 14
240 247
124 93
233 208
12 15
25 16
37 43
6 6
8 11
18 23
124 98
30 40
8 11
84 98
37 50
98 94
56 41
81 85
103 116
63 72
236 253
9 11
90 96
20 18
7 8
58 50
73 104
14 18
25 31
18 34
48 86
37 26
6 4
4 3
196 161
14 18
5 5
143 141
9 7
202 358
55 109
10 9
12 12
61 68
6 6
41 45
75 42
7 4
45 44
41 54
215 223
12 16
31 46
103 68
29 22
172 142
9 7
89 110
127 91
75 71
10 7
8 7
106 85
139 239
177 207
35 30
39 31
22 15
42 26
22 27
21 21
7 7
15 9
14 7
66 77
48 42
12 16
32 42
4 4
48 47
51 41
34 58
13 23
5 5
38 36
26 17
237 115
22 23
99 65
227 143
71 86
4 4
156 97
90 131
94 122
45 48
143 128
94 87
5 6
21 17
22 32
5 5
115 108
226 182
19 15
13 7
51 119
10 6
28 24
40 41
12 15
14 12
176 113
124 251
92 79
64 88
60 60
233 132
35 36
39 48
36 87
66 98
68 92
5 3
42 58
45 49
19 12
34 28
19 17
5 8
49 61
82 51
19 36
5 5
18 16
45 33
21 30
186 170
80 127
11 9
182 147
42 35
5 4
59 53
50 52
17 16
7 8
14 16
13 10
163 91
165 306
11 9
13 10
214 205
14 16
15 14
133 180
240 227
146 79
154 123
92 84
21 20
8 11
30 36
141 250
34 30
15 23
15 11
5 5
203 143
25 28
20 13
4 3
85 64
62 63
53 63
244 396
6 7
29 22
23 30
136 103
7 8
178 210
112 182
5 6
25 17
33 36
9 13
4 2
27 21
17 15
7 6
15 25
27 46
251 217
15 9
176 106
4 5
14 12
63 67
78 109
75 78
27 13
51 44
12 11
230 246
6 4
11 16
7 6
24 30
230 302
96 76
16 13
52 78
63 56
79 91
32 28
251 348
12 16
68 103
65 44
188 330
74 51
15 18
42 26
112 64
28 20
161 153
76 105
32 12
7 6
27 21
8 6
14 12
21 20
155 284
10 5
234 113
113 172
80 90
124 103
10 8
6 7
37 35
212 136
191 349
24 23
129 120
5 5
9 7
255 136
205 242
34 32
34 53
56 72
95 103
29 31
6 7
63 22
134 118
202 221
59 64
11 10
74 50
52 45
4 5
142 198
57 36
9 8
113 82
15 28
77 50
199 174
57 52
19 14
117 123
17 17
5 5
84 109
23 30
17 18
91 56
4 4
75 88
5 8
40 51
36 30
65 47
182 248
24 38
175 119
13 14
242 128
68 46
34 50
12 20
92 63
190 183
8 15
24 37
57 48
225 269
162 246
164 182
35 35
68 65
19 20
14 12
12 10
9 7
49 62
131 142
144 108
197 136
192 133
26 46
59 65
81 130
5 5
23 26
29 24
10 18
4 3
44 40
27 31
5 8
4 3
7 6
13 10
122 173
42 48
219 341
28 21
5 8
249 177
13 8
7 9
7 8
15 25
43 80
161 181
60 70
18 14
81 88
9 4
9 9
48 49
7 11
125 190
96 81
6 6
180 180
224 338
6 6
50 57
5 7
71 63
28 30
95 110
8 12
8 10
31 52
8 6
198 243
113 219
149 174
25 32
15 8
136 190
76 156
35 14
160 182
58 64
10 5
40 25
130 148
5 8
21 20
80 76
36 40
90 104
7 5
33 37
13 18
133 182
22 16
5 4
49 30
5 8
26 25
10 13
93 129
6 3
18 23
105 211
25 36
106 102
248 280
11 10
17 11
5 3
33 28
197 161
46 51
21 14
24 28
71 62
12 18
6 2
6 7
225 267
45 31
10 13
5 6
9 9
49 55
20 16
165 130
17 25
8 8
26 35
4 4
6 7
252 187
18 19
144 88
58 60
62 79
107 83
14 20
53 47
18 21
89 110
37 27
70 46
63 72
19 14
9 12
30 22
72 112
141 81
6 5
10 12
11 13
167 167
41 64
32 21
18 31
16 16
17 27
5 3
121 105
5 8
6 6
234 220
111 72
60 63
29 36
23 12
7 13
14 23
24 13
28 47
16 10
14 19
26 23
91 91
35 29
30 24
84 96
189 260
144 162
94 68
47 34
171 210
24 24
38 46
8 13
41 50
11 32
39 25
205 108
11 9
28 32
42 17
28 39
59 81
123 141
15 14
38 35
26 30
30 51
4 5
248 351
22 29
39 64
170 115
37 40
16 9
5 4
35 22
40 58
10 9
150 164
96 54
11 6
6 4
8 13
200 91
16 12
146 132
9 25
80 20
12 23
86 50
165 146
8 9
15 23
119 117
37 32
6 11
16 14
19 27
106 92
72 30
185 133
46 37
25 25
8 7
8 4
51 57
8 5
47 25
26 25
83 71
6 12
36 76
155 263
194 324
25 23
7 8
5 5
73 77
4 7
76 82
5 6
187 122
113 140
38 43
45 30
23 10
13 11
54 92
47 47
88 116
17 28
63 105
9 4
5 5
15 20
4 4
48 57
51 72
6 8
9 6
9 7
72 62
8 5
120 133
6 6
6 3
173 286
50 67
160 379
195 202
233 240
80 61
130 123
14 17
46 32
6 5
5 5
31 49
10 9
130 78
118 180
44 30
11 10
23 21
4 5
197 176
5 4
12 11
53 66
15 22
43 32
78 141
16 15
9 10
10 11
51 118
24 18
135 132
70 79
65 57
130 187
99 161
30 30
83 58
68 61
27 58
22 26
19 17
13 20
62 78
21 27
173 214
11 8
16 10
79 96
17 14
58 51
231 207
16 17
10 10
17 16
194 352
56 66
7 5
44 36
32 57
246 361
7 8
15 21
69 65
5 5
68 67
138 128
5 5
13 7
19 14
4 5
39 37
15 15
8 10
5 8
9 7
85 69
6 5
110 94
11 12
56 162
59 39
73 47
30 27
8 11
243 304
6 5
27 19
24 23
29 63
5 4
8 3
32 36
59 54
24 16
152 171
20 37
40 31
73 70
24 24
184 132
5 9
41 42
11 7
32 34
6 9
74 57
5 6
95 106
152 249
55 52
9 6
91 92
44 51
64 48
8 10
19 23
8 14
134 190
99 110
20 20
4 3
55 39
30 38
13 17
88 104
100 140
7 5
37 73
171 231
18 16
5 6
5 4
63 51
24 22
21 16
148 92
11 12
10 6
35 48
101 74
82 142
18 12
195 148
61 68
135 127
8 7
47 56
16 14
61 53
5 5
243 157
158 120
65 111
41 51
5 3
85 125
165 89
16 9
57 53
21 14
167 116
13 15
110 121
5 6
190 257
4 3
44 39
53 64
87 61
40 42
86 123
23 20
5 7
6 10
9 9
140 99
101 147
158 164
8 12
87 80
19 10
12 12
13 13
37 23
75 63
5 8
115 102
11 12
24 33
24 15
137 212
10 8
29 45
195 118
90 140
9 6
44 82
12 10
19 17
35 35
102 108
9 14
85 144
105 64
11 14
103 75
129 121
31 30
25 22
47 34
19 21
255 335
28 23
94 121
16 14
219 300
212 190
49 50
6 5
52 25
13 17
23 35
51 49
5 7
70 68
31 28
57 88
19 15
81 97
70 67
12 18
13 8
7 9
33 41
79 66
62 60
235 111
119 108
21 33
12 12
24 21
55 51
6 10
68 71
19 20
70 57
16 10
42 37
16 14
10 6
33 47
9 8
88 77
10 8
5 4
23 22
17 10
11 10
64 44
6 5
118 113
6 8
230 213
13 12
255 137
129 147
9 19
91 96
166 91
76 62
13 21
27 29
73 59
67 74
21 14
4 6
33 13
7 4
19 16
126 82
94 72
5 5
31 64
24 25
22 15
73 42
49 26
14 14
4 3
30 26
25 13
10 7
127 142
41 55
17 21
40 44
92 175
14 16
94 76
23 22
58 69
9 4
76 67
9 11
8 11
76 97
7 7
12 22
163 176
20 12
27 33
8 9
11 10
12 16
12 13
171 95
109 61
201 237
38 54
24 23
126 130
14 17
7 5
7 6
74 132
9 11
18 37
17 13
185 143
8 6
143 174
10 16
24 23
4 6
24 21
130 95
9 11
51 23
23 25
7 11
76 59
9 9
208 148
22 26
143 83
24 24
14 9
150 212
7 8
65 125
175 114
12 13
110 44
200 363
57 40
53 56
6 10
41 39
69 64
91 152
23 19
215 178
8 10
77 90
12 16
7 9
19 25
7 10
107 67
9 13
171 159
178 96
49 86
250 204
103 122
21 26
84 83
20 24
115 114
109 63
7 6
76 96
9 10
74 115
110 96
47 36
8 11
5 5
5 7
148 154
50 67
79 51
183 159
180 163
36 33
24 24
6 5
174 338
9 12
12 7
49 20
145 105
21 18
58 81
219 190
31 23
29 21
77 75
12 17
37 31
29 24
115 153
220 170
17 16
62 78
4 4
4 7
39 22
105 108
59 60
12 17
38 59
224 148
4 5
141 180
8 7
4 8
5 4
110 83
51 69
221 161
24 11
144 110
6 5
12 9
8 5
15 15
4 5
38 14
121 101
154 119
45 47
76 54
115 80
98 60
17 12
86 74
50 32
15 10
91 68
256 167
8 6
109 247
47 28
33 19
228 148
7 8
13 13
9 10
27 16
140 118
4 5
193 242
7 6
7 9
6 9
5 7
17 20
5 9
19 22
20 22
18 15
67 103
12 11
6 7
15 12
29 32
39 31
47 74
18 12
173 262
81 75
98 78
242 202
54 47
33 55
239 227
43 28
6 5
22 22
29 43
142 235
132 148
6 5
45 42
199 348
167 226
70 53
240 380
16 25
124 97
46 32
185 189
51 50
50 66
6 6
14 13
7 9
12 10
30 22
6 6
8 7
25 27
132 115
54 50
158 184
24 38
91 140
50 75
218 274
48 65
9 11
45 24
11 8
10 15
144 253
228 278
15 10
43 47
4 4
14 12
10 9
156 208
50 25
56 41
87 114
60 64
147 198
6 3
15 16
31 44
189 228
45 36
6 4
5 3
7 6
23 38
189 226
67 114
21 21
41 49
52 55
47 37
198 236
252 139
8 11
12 7
52 86
8 5
5 4
64 59
82 76
4 3
10 6
30 45
175 162
5 5
69 42
10 9
170 241
9 9
74 68
11 14
5 3
5 4
159 113
171 155
4 7
68 26
248 451
45 35
113 69
4 5
33 23
32 33
6 8
5 8
14 15
9 11
65 93
10 7
37 78
95 79
49 37
7 7
11 8
127 146
6 5
4 3
42 36
69 42
9 19
64 144
155 81
48 24
4 5
19 11
21 22
59 57
5 6
25 21
65 30
4 3
43 33
51 42
20 28
6 10
150 143
84 111
4 5
7 9
85 96
96 53
87 53
11 20
13 16
24 23
16 15
15 12
37 56
50 64
9 9
93 100
43 68
107 83
33 22
114 150
38 35
4 7
250 491
210 151
70 71
25 28
33 23
19 14
99 165
206 331
6 6
112 151
14 23
13 18
24 17
79 69
22 19
107 94
16 26
45 33
11 10
69 118
19 12
17 14
161 215
229 404
14 9
23 25
15 13
32 44
8 21
70 33
101 128
5 4
6 7
29 58
74 94
58 129
5 5
73 41
12 6
28 24
8 11
21 29
56 82
13 14
236 420
20 13
8 10
26 15
93 88
8 12
8 9
8 10
4 6
142 173
180 183
234 141
57 82
22 16
254 218
192 313
8 9
161 109
11 8
175 160
30 45
235 295
226 161
215 201
148 116
120 95
78 62
8 8
57 45
54 63
228 182
65 48
74 34
144 164
7 4
27 54
29 27
35 30
18 10
4 6
19 39
13 13
129 114
15 11
234 422
6 6
40 44
4 5
11 7
18 28
85 84
166 225
28 36
219 165
16 13
5 4
171 125
19 17
237 156
35 35
63 58
14 11
14 11
87 48
112 96
48 91
226 473
41 57
83 216
26 25
4 4
18 17
178 220
6 7
42 65
135 78
18 17
247 94
16 17
10 7
10 7
208 147
80 122
116 162
27 25
22 28
13 12
5 5
45 73
42 38
19 18
28 23
93 96
9 9
103 64
221 261
9 16
5 4
39 44
4 4
121 118
17 11
70 75
91 86
42 30
120 109
96 106
15 19
9 11
32 29
4 4
179 123
4 6
14 23
26 35
16 31
36 43
19 31
39 55
4 4
25 42
20 37
166 141
36 43
4 4
76 69
150 110
21 22
17 18
5 5
35 81
13 8
9 7
53 63
18 16
12 13
163 91
155 204
53 43
64 79
20 18
199 252
60 99
37 31
15 21
6 3
106 125
23 21
113 153
46 46
7 9
7 9
8 8
199 143
187 286
17 20
15 21
7 6
41 37
46 59
4 5
9 8
63 67
6 6
12 12
12 11
28 27
36 17
56 39
15 12
221 338
10 10
54 63
19 14
133 77
63 69
42 73
71 38
7 5
93 82
58 58
11 14
8 12
40 32
81 77
5 5
17 17
28 33
14 11
4 6
12 10
15 11
29 39
57 71
50 30
4 5
10 6
66 64
189 258
99 167
35 45
81 74
64 62
20 23
11 5
8 5
10 10
117 99
130 154
5 5
14 12
110 116
21 13
14 11
34 32
7 8
36 63
6 7
136 127
196 177
96 65
14 12
81 72
210 172
13 17
68 57
33 43
28 20
12 14
9 8
135 160
10 16
71 89
5 7
84 98
89 152
114 164
19 22
236 312
11 9
5 6
6 8
16 17
10 9
19 14
84 136
28 25
67 114
41 70
32 77
41 24
151 93
6 9
13 9
49 48
80 113
6 6
13 14
211 154
64 41
16 14
84 132
6 3
31 43
171 239
70 86
6 9
11 12
14 11
78 47
12 12
159 104
6 6
211 249
152 140
28 21
8 11
71 86
73 85
25 15
75 83
18 15
32 29
96 94
4 5
83 132
73 100
45 31
21 17
57 56
196 167
13 10
6 9
204 155
173 99
168 160
95 70
10 8
24 24
111 179
68 85
8 6
73 89
108 62
70 75
16 10
49 55
14 9
16 19
141 89
146 205
28 23
23 14
40 45
24 16
18 17
12 9
5 8
19 28
254 224
91 95
11 7
12 6
8 15
136 93
5 9
13 12
67 84
144 106
109 88
13 17
174 160
34 20
89 105
6 7
29 20
73 65
86 83
4 2
204 402
120 111
73 119
47 61
163 222
66 57
9 6
18 34
5 6
91 85
8 8
238 133
205 287
61 49
56 53
23 27
120 94
11 7
192 257
90 87
6 4
29 44
76 71
11 16
10 13
67 101
190 361
30 45
27 23
66 35
15 19
15 13
157 135
15 19
49 64
29 39
206 219
4 6
71 125
8 7
36 44
129 111
123 186
170 119
24 11
26 43
32 25
21 25
63 90
28 16
6 6
7 7
65 92
60 45
146 86
18 16
102 157
34 64
5 2
10 7
125 149
68 169
21 12
134 183
191 249
16 11
20 19
63 103
75 113
7 4
38 28
144 197
211 317
55 59
6 5
187 166
6 6
49 111
184 197
20 26
32 28
232 246
6 11
13 9
12 11
150 134
26 19
8 9
118 108
7 7
5 3
148 81
6 7
14 18
23 22
14 11
114 89
92 80
8 8
7 16
141 102
11 17
107 101
120 81
23 22
73 75
86 67
40 36
16 20
123 120
13 5
39 48
229 150
48 19
14 16
5 5
124 93
34 34
113 120
11 19
5 6
20 17
43 40
22 15
14 12
248 273
5 7
8 10
142 203
169 295
85 87
102 225
38 44
13 19
5 9
6 9
165 263
33 26
19 11
170 129
16 11
18 24
9 8
18 10
255 174
14 12
194 252
6 4
7 11
13 10
52 47
67 102
57 40
40 34
49 40
43 41
16 20
7 5
6 6
48 40
202 246
6 8
13 10
228 140
189 159
4 4
5 2
136 231
160 179
181 216
69 81
17 19
244 346
184 200
32 39
48 27
18 19
160 118
118 73
121 184
203 379
24 14
105 114
167 159
4 6
6 3
6 8
4 5
128 121
76 85
54 56
14 6
20 23
9 9
34 25
108 82
4 6
110 102
161 176
71 54
201 121
64 112
7 11
14 18
19 15
4 6
25 34
45 40
9 8
192 137
5 5
31 27
11 14
4 7
223 229
32 26
19 16
9 10
155 49
144 158
60 66
17 25
10 5
13 17
24 34
139 110
86 90
25 35
71 112
10 7
109 61
31 19
12 9
156 105
119 163
32 43
21 20
31 29
11 19
218 168
69 92
52 57
58 47
63 69
38 44
14 14
121 152
12 14
8 7
168 208
8 10
115 129
136 159
4 4
174 183
53 80
82 45
48 67
5 3
113 195
64 61
28 21
9 12
139 140
19 30
6 4
5 5
30 43
81 181
18 12
7 4
177 93
41 41
4 6
19 20
103 43
110 151
33 23
26 21
228 264
160 101
27 12
86 81
60 53
6 11
8 7
6 4
4 7
5 8
15 17
18 23
7 8
14 13
216 285
8 9
10 12
79 89
96 151
4 5
112 144
39 55
134 113
44 48
67 99
4 4
37 21
53 74
45 29
6 6
5 6
25 28
6 11
14 11
10 7
94 70
72 59
12 12
4 5
10 12
10 7
58 23
19 10
137 260
69 91
43 99
34 61
6 7
4 3
37 36
16 7
9 18
8 16
223 292
54 66
31 38
27 47
7 9
21 22
71 48
76 62
11 11
29 32
15 37
5 5
6 14
19 21
4 5
8 5
54 161
31 58
52 53
15 13
248 300
45 31
28 35
5 4
21 33
11 10
7 6
4 5
32 23
7 12
17 36
25 21
38 22
5 5
10 9
38 48
12 13
19 19
8 12
49 43
66 105
16 14
5 3
167 328
15 19
176 295
28 30
99 84
8 16
244 324
45 52
13 15
135 176
19 23
41 55
14 14
38 32
13 17
32 26
18 28
252 247
105 70
75 115
103 96
23 49
43 40
66 96
106 119
192 167
139 117
5 10
185 185
26 18
71 92
4 2
26 32
6 5
5 2
4 5
189 399
60 64
202 248
102 96
6 5
9 9
12 13
5 5
9 6
28 26
14 10
15 16
75 51
19 30
10 11
27 37
82 162
4 4
124 194
14 22
28 14
7 12
230 596
30 27
123 149
42 30
14 16
65 50
16 18
175 257
154 157
5 4
5 3
28 38
33 53
163 144
132 141
11 15
31 32
7 7
149 335
6 7
23 27
5 6
54 46
150 175
6 5
193 104
157 214
4 4
71 29
90 62
16 19
63 105
40 52
61 49
118 90
18 12
51 122
210 118
60 55
78 31
41 28
37 58
117 97
67 96
12 12
32 27
20 17
19 27
17 26
36 40
5 4
41 37
13 23
6 10
8 11
51 52
118 258
115 229
6 4
214 242
13 17
64 74
183 118
5 5
39 95
56 62
11 13
6 5
100 88
138 114
7 5
9 6
34 63
39 55
85 71
24 22
186 216
4 3
13 17
14 9
6 8
12 8
159 71
34 27
66 72
39 32
64 53
44 24
16 23
16 11
16 14
59 30
63 55
60 63
192 81
153 244
97 125
13 15
136 127
4 3
112 109
130 120
85 105
13 11
12 10
27 29
34 43
134 75
23 29
29 38
75 163
32 20
14 13
8 6
160 151
5 3
9 10
21 16
19 26
6 5
165 131
109 124
49 28
9 9
4 5
29 28
56 33
30 18
61 27
200 186
54 78
40 84
23 22
252 192
19 17
49 67
14 23
73 77
175 147
34 44
12 20
59 72
7 11
28 28
66 49
19 15
27 36
17 12
12 27
12 14
62 57
69 106
79 60
43 53
24 14
7 17
137 73
73 122
44 26
18 16
178 191
42 34
7 5
36 38
85 45
100 100
17 19
7 11
59 45
236 189
4 4
6 9
207 108
238 206
4 3
38 88
177 182
13 11
5 4
234 250
35 40
9 10
9 10
114 152
26 40
19 25
8 10
102 112
38 48
82 41
64 55
15 11
245 182
34 27
22 26
49 63
16 21
17 19
8 12
19 43
7 15
11 15
5 3
100 106
52 44
8 11
5 5
69 45
236 282
6 21
8 12
140 137
24 36
63 59
109 114
16 26
111 76
53 43
136 149
44 48
9 11
18 19
179 141
22 19
123 198
57 70
171 104
6 7
17 14
30 21
250 144
8 8
13 7
140 252
24 20
126 179
21 15
58 102
87 143
9 16
7 6
5 7
31 20
11 20
180 133
43 22
5 3
26 26
58 63
9 9
19 14
230 307
73 86
161 183
6 7
10 10
9 12
27 22
22 19
12 12
89 90
134 203
108 69
13 20
13 14
125 327
52 35
5 5
5 11
14 11
90 117
6 5
25 31
63 27
17 24
19 11
46 43
11 22
12 11
13 13
47 51
141 127
21 12
6 7
5 4
33 31
7 7
69 57
12 6
9 6
24 40
7 6
10 14
32 60
97 123
5 5
12 15
25 28
17 9
253 528
250 163
240 243
131 183
5 5
24 41
71 88
5 5
14 18
109 185
33 42
7 5
227 206
22 19
206 234
33 42
222 260
11 10
80 80
87 86
10 10
228 407
7 7
69 60
16 16
174 245
8 12
4 2
39 36
10 14
144 127
19 24
193 170
40 50
10 7
101 63
18 33
216 209
5 9
15 18
56 86
29 21
31 18
13 24
146 149
192 198
189 136
5 5
161 98
229 192
15 12
11 14
51 84
173 156
9 9
5 6
12 21
6 8
14 12
44 54
173 103
89 40
216 163
38 29
10 10
94 113
7 4
96 192
37 53
133 85
113 143
8 7
177 149
18 16
124 139
5 4
194 263
143 122
124 126
151 97
23 34
108 122
38 43
6 12
123 120
5 6
117 138
41 42
11 10
9 10
21 18
122 124
110 105
124 100
8 11
150 90
94 73
255 403
196 192
57 97
50 68
7 4
37 29
10 7
29 21
62 63
12 8
32 15
6 12
4 6
7 9
103 81
168 172
12 6
6 13
43 39
23 24
169 93
23 29
11 11
126 135
195 170
6 5
80 59
54 67
69 120
4 5
11 8
26 25
25 20
10 13
151 299
23 20
5 5
4 3
5 5
150 91
4 4
16 15
7 7
9 17
246 254
7 4
6 11
22 26
9 13
14 15
14 15
33 39
40 48
158 193
25 36
5 4
7 8
53 79
6 5
75 59
9 14
250 190
36 43
9 12
34 29
33 34
11 13
43 47
6 5
41 47
9 11
15 14
7 15
79 123
7 5
56 38
25 24
5 11
53 44
8 5
14 19
132 105
61 79
11 12
20 20
5 4
156 170
43 52
35 44
163 128
191 247
99 173
7 7
6 12
198 205
37 39
30 19
7 6
38 97
72 78
4 5
64 67
31 15
5 3
23 21
6 6
4 3
24 20
174 211
6 5
13 16
221 221
23 33
13 17
74 122
24 29
6 5
24 37
168 96
44 60
9 11
164 294
4 3
37 34
92 117
11 9
7 7
21 30
16 16
70 74
147 206
104 77
31 45
84 69
33 35
4 2
211 177
55 54
169 123
4 6
11 8
16 13
61 58
5 3
6 12
29 31
198 115
7 5
62 59
5 12
6 5
30 37
7 5
169 214
230 333
10 11
7 4
189 206
36 15
76 120
32 11
6 7
5 7
41 48
112 102
7 7
70 57
182 156
157 193
10 12
55 28
5 9
5 5
49 78
48 85
5 4
218 184
12 8
20 19
24 29
34 35
236 252
114 117
63 46
32 48
68 41
67 95
6 8
255 388
212 286
11 14
137 173
47 31
106 77
6 6
5 5
5 10
117 115
23 20
149 90
18 21
235 103
28 15
171 222
29 49
10 7
5 4
20 19
8 5
5 4
13 8
4 3
5 5
42 33
29 39
67 76
13 17
123 127
7 6
140 112
130 100
54 109
234 193
174 118
42 36
216 126
25 38
10 10
5 9
56 88
171 133
33 21
247 155
190 267
87 74
8 7
45 85
21 20
140 79
4 3
59 52
27 25
7 4
28 33
33 36
83 63
24 32
94 147
6 7
12 9
5 4
5 2
85 112
8 7
27 46
39 33
84 138
120 123
6 3
24 13
35 55
14 11
144 148
81 78
44 28
87 79
208 173
10 8
7 5
22 21
6 7
36 76
25 23
5 3
6 5
22 23
14 14
21 19
47 43
91 119
164 194
10 8
10 8
5 3
6 6
146 131
6 7
14 12
7 10
7 4
55 47
15 26
74 58
67 93
172 182
19 18
18 21
23 22
25 29
9 5
37 45
31 44
17 21
40 27
5 5
114 98
6 5
5 10
45 41
8 7
21 17
135 54
184 204
8 9
42 59
33 31
5 3
9 11
4 4
207 144
21 19
160 285
219 263
114 128
9 4
224 148
11 12
12 10
44 30
18 23
4 2
70 45
45 60
10 10
16 11
201 193
240 367
125 125
8 8
63 85
49 29
71 118
9 6
8 6
92 140
134 83
22 36
9 9
242 450
11 11
200 236
5 3
30 31
137 116
238 141
49 47
14 17
224 310
16 16
199 332
20 39
99 46
6 7
12 11
109 111
17 21
8 7
86 85
37 46
9 9
16 17
25 27
49 49
49 74
27 17
85 74
5 3
10 20
111 119
198 247
6 9
126 133
232 286
10 10
4 8
5 4
25 31
11 6
150 122
23 22
6 6
247 322
5 8
38 54
151 191
32 50
84 54
106 73
62 55
80 40
18 22
28 25
225 245
16 22
14 9
210 189
190 134
5 8
14 9
17 19
4 8
12 10
10 6
224 491
36 33
190 106
4 5
68 49
155 259
166 120
226 291
4 3
17 15
55 46
11 10
29 37
79 155
16 11
84 87
87 84
106 124
87 90
92 75
76 71
152 230
26 26
16 17
16 15
134 168
36 46
16 13
5 7
245 210
19 21
8 10
78 76
10 14
50 44
91 41
23 20
100 96
24 28
65 58
15 23
113 89
17 19
11 11
5 6
11 10
224 256
10 17
61 41
29 32
6 9
32 32
104 130
56 59
8 5
44 42
140 178
5 4
12 15
13 19
189 133
136 138
61 52
36 50
11 12
24 37
44 63
4 6
147 75
33 38
54 77
19 13
8 9
34 27
7 9
60 63
53 31
196 246
6 11
185 80
24 33
7 5
12 7
140 136
8 7
15 27
99 223
4 5
4 7
69 86
32 52
30 35
74 90
13 11
12 20
15 16
44 45
76 63
28 18
162 227
203 281
12 24
25 13
22 20
36 44
149 111
162 261
249 265
67 48
247 437
22 21
14 12
33 36
233 207
11 10
76 85
14 15
13 16
63 96
6 14
44 59
5 7
5 3
161 187
117 199
17 21
6 6
142 291
28 37
11 16
7 4
5 4
47 58
250 166
17 32
38 42
87 108
35 37
150 139
153 115
41 61
8 9
6 7
148 252
37 36
43 37
38 50
26 25
237 257
66 106
9 6
8 6
4 2
9 10
5 6
55 76
75 33
7 8
35 28
31 16
10 9
251 542
125 142
11 10
182 268
5 5
246 166
6 6
5 10
11 8
15 19
19 14
14 16
197 189
54 106
13 8
5 6
52 59
103 87
14 14
174 184
15 11
36 28
98 122
73 127
10 8
44 46
5 4
35 32
24 25
11 5
256 307
7 5
15 26
16 22
28 29
51 59
39 59
8 8
82 94
12 12
57 75
4 4
39 41
23 46
4 3
27 56
13 17
8 8
4 6
250 284
220 242
11 8
36 28
57 43
8 8
235 472
101 94
120 82
8 10
6 8
5 3
104 242
5 3
5 4
14 18
6 8
29 27
70 60
9 7
13 27
19 21
48 56
46 74
31 44
22 23
30 38
12 11
29 15
11 11
65 39
8 10
47 38
47 44
171 222
37 48
30 28
41 32
12 19
197 537
51 47
44 34
11 13
45 57
10 8
6 5
36 35
23 19
26 39
4 6
14 17
233 188
24 25
239 164
8 10
125 83
216 297
7 5
44 48
154 179
240 275
237 226
9 9
201 210
100 91
20 18
25 34
28 29
115 135
179 88
30 41
66 106
7 6
70 65
5 7
129 218
6 9
161 258
11 11
8 4
61 58
25 26
6 6
28 22
162 73
28 24
18 13
5 4
13 12
64 63
26 41
136 123
86 64
7 5
101 95
11 8
23 25
32 35
28 25
4 3
200 219
34 41
90 51
28 19
135 143
168 86
10 21
14 21
40 51
24 32
214 164
31 27
26 46
62 57
25 42
91 83
101 89
214 247
76 102
5 5
6 4
14 22
26 28
8 7
11 15
17 15
44 58
10 12
200 166
68 50
7 7
16 20
13 19
13 14
18 8
58 60
33 36
14 9
243 427
22 23
13 9
22 22
5 7
6 5
6 6
19 12
63 127
34 33
209 298
103 143
49 41
126 104
10 7
8 8
54 67
117 133
54 54
6 4
82 61
34 46
153 93
24 20
5 3
14 9
26 25
11 15
5 4
8 7
133 193
78 147
13 9
24 14
42 37
96 99
21 15
253 235
109 107
36 38
5 3
61 59
6 8
121 94
8 7
14 14
43 26
6 5
81 49
9 11
172 165
77 58
7 7
14 13
70 92
45 46
12 10
17 24
11 13
49 61
34 34
5 5
7 6
23 20
248 194
22 20
14 9
60 101
11 7
47 55
120 123
128 254
34 30
52 45
6 5
182 178
117 178
146 212
196 272
36 32
4 4
32 28
5 5
55 81
6 6
74 34
15 16
4 2
11 12
22 37
12 13
36 37
39 26
131 109
50 36
134 136
225 356
108 228
117 89
135 84
160 162
36 51
9 9
4 11
22 16
79 91
115 59
10 6
18 36
5 4
6 6
66 74
13 16
23 30
17 19
4 5
14 13
14 13
125 114
5 4
26 18
6 6
106 93
49 61
5 6
110 125
25 23
137 141
31 24
7 11
46 56
78 78
7 9
43 46
14 17
34 52
9 7
74 71
9 10
4 6
11 8
14 6
15 11
18 24
134 168
139 102
20 27
8 12
5 6
11 8
46 51
7 7
57 55
18 11
43 44
15 11
47 30
34 44
10 8
109 99
22 13
15 11
48 39
69 75
204 215
133 116
84 75
4 4
44 46
18 24
8 7
9 14
34 30
13 20
130 128
17 17
94 134
213 203
16 21
220 455
10 13
6 7
9 17
13 16
18 22
20 10
15 18
122 81
5 5
21 35
30 24
46 63
14 8
7 7
68 48
5 4
64 56
124 59
10 12
40 29
116 86
6 4
6 5
95 160
15 6
66 44
8 9
137 90
5 4
21 14
6 4
115 229
4 3
83 66
9 15
9 10
9 6
11 13
16 17
60 60
5 5
70 95
195 457
21 13
18 12
46 45
10 15
176 141
133 84
117 84
68 57
14 33
6 6
138 187
44 49
7 6
154 136
15 11
85 91
5 4
20 19
6 4
254 273
6 4
222 92
8 13
9 11
13 10
23 15
175 197
8 9
108 127
5 2
162 122
5 7
6 7
10 9
8 7
46 26
5 6
99 128
26 13
155 152
220 487
5 4
21 27
4 5
48 44
60 52
47 43
126 100
44 60
20 23
127 66
38 44
11 8
88 96
9 13
6 7
70 83
12 13
16 18
46 36
238 217
20 36
4 5
78 127
14 23
19 20
40 65
135 394
6 10
12 14
23 29
85 103
171 146
117 186
18 32
127 113
30 20
7 6
14 17
7 7
10 13
179 277
15 15
99 59
17 15
32 40
10 15
29 29
131 80
8 8
27 23
34 33
82 89
119 73
225 286
15 15
107 96
132 85
76 68
106 112
14 10
29 45
30 30
13 18
26 18
182 152
11 7
24 27
8 7
16 11
6 8
84 141
118 124
143 212
12 13
256 400
15 12
24 20
74 110
77 85
65 68
5 5
179 129
53 45
6 3
66 81
132 149
120 95
24 17
118 168
77 87
14 19
25 17
9 7
108 92
32 23
12 10
18 16
23 22
6 5
21 31
4 6
9 8
47 80
86 88
216 179
31 29
10 8
6 8
28 13
29 37
5 3
202 204
126 182
35 31
18 30
14 12
113 75
146 98
19 25
13 17
114 82
4 2
15 19
92 64
20 28
27 27
59 45
7 15
20 20
117 101
29 29
46 51
183 137
7 15
119 168
19 19
88 99
67 55
9 10
64 61
25 29
56 60
40 61
8 10
190 219
232 174
145 76
30 12
6 8
7 10
75 111
81 82
81 70
9 14
15 13
79 116
5 2
119 167
43 54
37 55
87 88
15 17
41 44
8 14
227 229
147 192
22 15
22 20
5 5
126 56
12 13
4 4
9 7
5 4
35 35
133 104
23 22
26 26
4 3
116 80
59 52
123 148
87 95
56 51
39 23
194 198
18 13
21 17
86 123
21 21
26 27
15 17
101 170
15 32
5 5
29 20
208 322
11 17
70 100
24 19
23 21
17 19
137 131
19 28
236 280
24 21
98 71
24 30
32 53
4 4
5 6
21 20
8 16
138 162
5 7
126 158
43 49
127 143
182 162
10 17
255 157
20 31
50 48
6 7
22 23
8 7
5 6
206 138
64 42
27 37
22 15
81 82
4 6
41 39
10 8
16 24
36 47
35 23
9 8
39 42
207 204
21 26
13 17
234 153
201 314
111 95
59 83
25 37
7 5
8 8
19 20
9 14
105 122
22 26
44 44
109 178
50 52
49 54
20 15
33 26
6 7
15 12
5 6
145 170
7 6
13 7
9 11
11 8
69 61
63 83
8 14
131 92
8 5
13 14
33 39
234 228
182 241
10 13
32 41
7 8
34 34
9 12
17 15
5 5
39 27
220 326
40 31
30 36
21 15
164 285
62 99
16 19
168 94
216 242
194 129
66 102
4 8
60 29
9 11
189 143
5 3
67 85
115 150
77 95
20 24
195 168
15 20
6 6
68 81
18 18
12 9
4 6
111 127
54 40
153 119
127 76
6 4
5 8
134 107
20 24
42 51
41 52
16 26
15 11
47 109
146 336
207 403
31 50
25 18
254 288
52 69
75 67
43 25
25 20
7 6
29 46
47 45
33 31
105 73
33 26
55 119
14 21
53 105
5 6
29 33
100 80
118 70
27 49
59 44
36 28
5 4
107 324
13 12
5 4
66 81
241 229
5 8
108 108
31 63
254 171
8 10
12 14
51 115
91 81
62 62
78 57
178 195
166 180
6 6
114 78
15 14
9 8
25 56
8 8
50 88
37 24
82 91
42 42
177 105
39 35
8 5
65 65
202 128
5 7
36 45
57 40
15 18
105 74
120 122
9 12
5 4
42 57
189 199
40 26
72 130
5 4
19 27
193 268
62 63
41 32
34 27
80 61
44 32
18 22
5 6
15 15
63 114
10 10
164 101
5 7
6 7
13 8
105 62
35 21
44 47
114 116
6 3
6 6
45 39
5 5
139 94
41 30
56 63
53 31
18 23
25 35
29 70
99 60
81 78
31 20
47 53
26 30
66 102
52 40
9 10
64 33
55 34
143 167
30 28
165 137
37 46
26 18
103 127
20 15
41 45
27 14
42 37
6 2
7 7
12 13
80 151
40 33
5 3
11 16
159 198
237 365
4 7
28 18
24 17
223 254
80 59
147 205
5 7
130 60
11 9
102 124
22 24
26 32
22 15
10 14
17 19
130 182
27 26
20 24
21 23
65 48
86 107
127 173
26 26
28 27
91 139
94 266
7 6
10 11
14 21
44 52
134 132
14 20
251 306
6 6
87 59
11 6
68 77
32 29
76 56
114 60
4 5
76 125
8 11
8 12
5 8
37 47
13 15
32 29
4 4
73 50
19 15
4 6
153 183
186 139
232 91
23 45
27 22
6 7
94 50
21 17
10 11
138 162
20 22
10 10
165 93
54 60
52 37
18 12
12 5
17 27
69 66
41 38
23 18
19 22
12 11
10 14
39 54
66 28
17 19
241 445
7 6
15 19
94 81
39 51
31 45
151 177
19 7
22 36
6 5
9 9
142 154
36 28
5 5
34 44
255 236
250 287
197 167
83 53
111 85
165 231
27 41
215 273
30 35
26 32
100 88
18 16
12 15
5 8
8 6
206 288
9 12
168 86
38 76
10 11
5 5
100 90
6 4
9 7
137 135
8 9
216 489
221 130
72 76
82 103
7 11
64 63
6 6
18 11
5 8
8 10
11 16
20 22
16 30
4 4
123 122
107 146
220 155
134 102
23 14
8 5
16 15
7 8
112 93
44 50
76 89
50 57
27 39
86 61
19 27
95 203
213 162
189 178
12 20
8 11
248 309
6 5
22 30
8 11
98 134
49 44
25 22
17 17
38 94
50 62
35 27
91 115
111 310
162 266
185 159
16 24
5 9
53 38
156 195
159 163
5 7
227 414
49 57
95 94
111 122
8 8
60 83
30 66
7 5
26 23
29 21
31 20
52 50
199 180
61 145
87 108
6 9
93 140
181 153
196 373
58 38
88 83
26 21
29 24
121 118
14 41
12 14
13 16
20 31
36 25
5 2
66 83
15 10
37 31
44 69
20 15
44 25
13 13
115 124
31 26
21 19
6 11
21 18
10 9
127 185
14 16
23 19
182 182
7 9
80 127
18 24
35 38
6 6
95 47
43 42
11 12
46 59
16 18
22 14
67 56
10 4
107 86
14 11
16 12
71 30
84 74
11 8
138 91
47 40
15 16
13 17
9 16
196 140
29 25
35 35
8 9
77 83
5 7
38 41
244 164
7 9
58 54
53 28
49 23
39 45
4 3
26 29
5 5
55 52
16 9
69 40
101 104
8 20
113 89
42 34
25 30
5 4
33 40
48 47
80 184
16 17
5 5
34 20
17 19
35 43
8 9
109 65
110 143
24 20
162 174
241 377
111 91
16 21
110 107
8 7
18 21
65 51
210 172
19 21
22 21
152 180
65 70
225 131
25 24
21 30
10 11
51 77
50 54
5 4
232 251
217 130
22 22
6 4
10 7
191 157
19 20
230 139
206 254
11 10
116 67
5 4
26 22
132 137
51 62
238 228
9 9
33 48
177 359
5 7
52 56
45 72
184 111
24 23
57 50
10 4
17 18
6 5
24 32
80 61
5 3
8 11
14 13
41 51
214 329
64 32
12 9
27 41
28 65
98 73
23 20
9 16
10 21
35 23
66 67
30 47
169 162
23 17
66 28
107 122
11 9
147 195
30 42
5 5
13 12
12 12
14 18
59 97
132 191
49 27
29 34
34 44
13 9
109 137
66 47
138 159
148 84
13 15
6 7
117 125
115 82
70 52
43 44
30 44
14 9
32 45
51 74
170 141
69 51
253 265
14 23
8 8
133 145
11 13
62 41
10 7
215 244
4 7
240 172
10 10
117 78
11 9
70 49
36 30
13 18
38 44
35 13
46 42
5 5
70 43
33 60
66 55
5 7
8 12
149 149
71 94
5 3
7 8
242 362
10 9
162 162
17 16
5 5
30 45
29 34
6 9
4 3
16 14
179 239
73 108
10 13
18 35
4 3
6 11
60 91
49 44
21 17
10 8
193 199
26 25
113 127
29 32
219 317
5 7
73 58
113 72
5 4
85 66
240 307
31 24
167 155
162 341
13 19
9 9
5 7
210 349
237 165
10 13
21 26
13 27
203 201
97 48
207 375
149 79
16 18
11 8
19 29
5 4
18 34
237 244
177 153
62 68
93 137
11 11
131 73
52 40
171 138
102 100
4 7
6 7
10 9
5 5
121 153
33 38
46 60
44 79
83 75
39 24
13 13
53 42
144 242
209 254
28 52
17 19
25 16
91 93
36 45
15 16
218 290
114 58
255 174
34 28
190 364
55 41
22 18
10 11
33 30
8 6
102 167
26 18
55 55
6 8
177 169
67 48
14 11
14 6
215 246
8 6
5 4
4 3
4 4
9 9
7 6
11 11
46 72
138 170
6 7
8 13
11 12
29 31
250 365
20 33
209 150
22 15
10 12
24 29
128 102
61 114
5 3
7 11
10 9
69 87
8 8
17 22
6 4
18 17
33 48
177 152
10 4
36 52
13 14
41 39
4 5
57 46
166 145
16 12
73 68
60 91
7 9
13 8
44 48
6 6
108 160
18 17
66 81
8 6
30 35
9 11
15 14
161 186
22 22
52 80
16 17
9 9
5 4
64 37
16 12
10 10
64 45
7 4
16 20
73 91
8 13
50 33
154 245
90 68
146 143
5 5
16 17
36 25
13 12
20 15
14 12
113 141
27 20
249 166
61 36
57 31
115 120
140 82
30 28
12 9
247 228
151 176
15 12
15 17
180 132
9 5
16 24
7 6
14 10
191 229
46 62
58 72
7 13
35 19
9 18
165 156
54 74
30 26
42 33
91 53
11 11
68 58
19 19
4 4
5 5
16 18
16 14
85 77
221 198
36 43
18 18
34 44
46 44
71 70
5 4
14 9
99 211
55 67
103 90
228 147
16 21
8 7
42 24
14 14
6 6
27 33
80 86
7 8
8 6
9 7
5 8
7 9
99 174
36 31
110 113
25 35
53 68
24 19
30 22
27 18
61 59
15 16
7 7
21 18
31 33
243 316
116 64
14 13
53 65
176 225
6 6
9 7
237 247
11 16
10 7
22 27
8 8
4 3
36 42
56 92
24 48
102 111
131 165
7 6
120 188
47 44
206 264
6 4
29 22
68 87
231 287
51 41
7 6
12 10
214 353
41 36
65 52
15 23
104 105
17 17
37 60
10 10
5 4
70 56
13 8
150 74
19 24
33 48
61 55
27 42
9 16
96 135
157 167
57 44
138 145
124 91
168 106
6 6
95 118
40 49
33 29
6 5
85 52
12 9
197 189
11 11
21 37
139 142
94 159
6 8
73 124
5 5
21 20
11 9
156 133
135 94
107 89
30 32
38 65
9 9
33 47
96 91
10 12
120 184
52 56
85 46
35 57
168 166
56 65
121 83
6 4
31 43
118 173
5 4
52 52
35 25
4 4
192 363
11 8
24 37
135 181
45 74
163 113
39 39
24 26
8 10
168 138
135 129
196 203
188 195
49 43
33 51
52 52
7 9
31 38
72 64
123 133
33 24
49 61
6 6
223 342
95 114
42 62
5 7
10 10
9 12
60 25
20 15
162 153
26 23
73 88
52 33
6 6
45 55
181 173
36 35
9 4
36 44
37 64
13 19
93 75
110 142
82 60
7 7
12 15
24 20
80 73
24 20
111 135
6 10
14 14
8 9
144 115
12 9
11 13
25 24
68 100
15 13
55 44
4 6
221 158
47 31
31 33
5 5
22 12
5 6
7 9
44 25
52 37
7 6
44 44
5 5
69 99
22 23
92 63
170 117
44 46
38 21
80 70
14 9
11 19
6 15
85 95
17 24
51 29
18 16
5 6
5 6
84 66
18 26
197 328
23 21
38 30
44 49
65 66
6 6
43 56
34 36
49 28
8 8
9 12
129 112
194 165
6 5
43 38
29 28
24 17
17 16
172 165
229 193
219 171
10 14
15 20
6 6
165 214
14 18
45 38
15 23
11 19
6 8
26 30
10 10
40 59
119 97
51 48
52 51
31 39
5 4
13 9
7 5
28 23
11 8
32 60
13 10
11 8
16 12
54 63
4 5
46 52
103 102
18 27
4 4
112 102
58 70
8 7
9 12
10 7
122 115
8 5
11 12
32 41
85 96
5 8
50 89
79 59
6 10
25 19
108 126
148 123
8 6
218 204
17 16
109 150
44 46
133 127
169 200
23 21
4 4
176 100
40 42
41 27
17 27
4 5
7 8
21 19
9 7
23 39
11 19
4 6
187 204
125 144
17 24
246 244
71 60
89 60
97 74
183 145
10 9
68 80
77 57
12 10
54 54
84 52
47 32
21 12
53 105
25 13
4 5
161 187
94 122
38 30
10 11
150 262
233 159
6 5
91 128
8 9
43 45
18 20
9 8
159 138
237 116
39 29
7 8
25 22
5 10
13 8
91 126
8 17
70 50
21 26
205 257
6 6
17 18
8 6
183 277
168 190
100 122
4 3
79 82
191 104
6 12
18 11
135 273
9 6
34 39
244 201
21 20
35 35
9 9
142 139
105 81
13 11
228 272
5 6
155 103
16 21
117 73
57 71
97 107
33 42
13 16
8 6
18 12
148 126
73 70
139 208
40 76
18 30
34 39
4 4
79 122
241 331
14 12
10 17
19 13
110 135
16 16
7 7
23 31
4 3
146 142
4 5
144 126
13 19
91 93
130 143
16 9
59 102
95 139
18 25
12 11
74 106
4 4
6 7
57 40
11 15
4 3
61 49
29 29
59 47
43 49
140 195
97 134
24 19
6 5
46 46
10 17
44 51
22 27
154 116
107 109
79 37
255 288
51 65
24 17
5 7
34 37
116 81
21 25
16 23
40 53
8 11
8 11
110 108
150 111
22 17
6 10
9 17
5 12
37 53
4 4
27 30
6 7
6 6
101 159
13 21
21 21
94 42
40 35
78 92
4 5
30 21
6 8
91 78
23 19
135 190
88 61
6 6
9 10
61 47
117 121
7 9
7 8
34 34
224 221
78 66
59 55
165 174
48 89
185 239
49 61
11 11
9 11
13 15
39 43
6 6
16 12
68 82
24 14
8 9
63 80
58 50
33 25
17 14
9 13
78 75
118 156
24 24
46 41
41 36
43 29
70 57
9 7
9 20
15 15
236 260
5 5
9 9
60 37
46 67
15 30
156 139
198 305
72 79
156 96
12 11
12 9
222 198
34 39
113 168
28 52
26 30
7 5
197 235
20 26
6 6
72 91
50 48
35 44
34 35
13 9
40 30
6 6
98 70
69 88
21 19
46 42
67 85
70 40
36 13
252 233
26 42
50 47
16 13
18 16
5 6
5 4
10 15
9 10
10 14
54 75
6 6
254 361
34 39
74 69
66 59
18 20
6 4
35 32
96 124
14 20
4 2
243 166
14 8
181 252
18 30
83 89
13 18
34 21
7 8
4 6
111 70
5 3
13 18
15 17
22 31
12 8
39 61
57 77
20 35
16 11
108 94
158 229
16 13
125 80
176 142
8 6
13 19
53 48
122 193
170 158
11 19
5 7
64 127
183 142
6 6
15 16
55 74
23 14
171 153
9 21
57 89
5 6
40 37
12 12
15 11
116 84
6 6
40 35
6 5
13 9
60 33
211 177
254 334
61 116
143 167
153 130
195 208
48 40
248 264
65 71
37 36
34 25
204 295
35 27
111 154
7 4
145 136
56 27
7 10
15 6
67 83
44 28
29 15
22 23
87 66
8 11
4 4
86 144
20 17
254 371
62 48
229 253
96 85
30 12
50 56
63 73
46 57
10 12
11 10
179 218
23 28
12 11
46 42
8 8
123 91
6 6
11 15
11 13
99 124
54 58
13 8
199 189
10 7
32 71
7 7
68 77
25 21
117 121
73 37
8 9
5 7
31 14
48 57
56 52
141 101
167 165
32 41
5 6
5 3
19 23
214 191
11 11
12 9
12 18
112 87
4 3
25 37
22 16
8 14
77 97
18 21
7 7
7 5
18 39
7 12
30 43
39 41
32 52
45 34
98 88
54 40
4 3
60 70
50 57
7 4
34 21
9 16
151 162
45 53
155 138
30 28
25 35
48 55
23 21
182 208
5 6
40 52
14 18
110 118
11 13
8 5
18 25
99 130
63 65
38 31
83 66
56 84
8 12
61 82
13 26
17 19
9 9
8 10
45 48
120 124
9 11
59 47
4 5
212 242
46 34
25 30
73 47
17 7
17 29
20 21
235 103
124 106
15 14
40 52
39 38
47 40
8 15
20 20
99 91
44 43
81 92
32 54
12 8
13 16
6 10
97 104
18 21
19 36
142 79
249 169
226 355
169 215
30 43
19 13
22 20
13 10
5 7
16 12
6 6
7 5
13 19
22 18
5 6
8 5
15 13
23 12
23 22
97 133
106 55
56 20
4 6
5 4
9 6
223 132
64 25
9 11
11 7
21 15
11 9
131 120
7 7
12 13
25 22
82 52
68 94
94 108
199 176
4 6
52 80
86 97
84 95
81 93
22 11
41 33
4 4
5 9
136 132
29 19
217 238
160 172
145 141
8 12
5 10
38 54
8 5
94 37
37 33
50 52
7 7
9 10
40 50
152 148
6 8
53 41
36 30
27 39
19 20
33 29
101 78
5 4
13 17
104 127
103 79
73 65
76 50
128 124
89 73
8 7
116 125
41 30
16 12
77 65
66 152
80 52
37 29
9 9
10 9
72 108
121 92
61 60
10 10
232 209
88 138
4 4
65 98
7 6
54 50
21 24
183 257
94 78
16 20
61 83
36 43
63 51
227 145
185 140
6 8
13 4
19 22
34 45
78 53
62 38
100 182
12 14
9 5
39 37
49 61
16 17
41 60
48 48
111 54
164 141
7 8
68 81
84 69
49 34
25 23
12 8
184 146
70 107
19 23
95 38
17 21
25 39
6 5
5 4
92 90
73 52
196 110
142 129
15 14
74 55
43 30
33 36
6 6
15 8
24 18
4 6
7 6
6 7
191 267
13 8
158 396
11 17
8 6
31 20
5 5
10 6
112 134
114 77
4 5
65 94
61 83
63 100
6 5
184 290
12 10
50 41
146 159
158 184
5 7
49 37
46 51
74 131
8 8
126 83
35 41
86 54
66 91
151 123
56 94
13 6
191 167
11 8
211 289
90 50
15 22
6 13
49 52
10 6
60 79
4 3
4 2
6 6
5 3
35 34
64 56
9 7
18 31
78 83
113 97
164 187
130 129
5 6
7 4
33 21
23 16
38 41
41 28
13 10
64 50
23 21
79 74
19 19
5 4
225 307
75 131
101 87
110 77
16 29
69 58
175 185
116 134
221 359
44 49
7 6
26 24
122 89
4 3
43 47
17 22
7 8
233 142
18 18
215 331
44 34
40 31
65 46
8 6
10 8
146 184
16 20
45 103
107 172
50 108
162 142
6 4
41 46
97 109
169 199
62 57
7 8
5 7
5 6
81 68
149 142
20 8
24 28
65 118
5 8
6 7
11 11
9 8
74 62
184 188
7 7
206 113
5 3
219 222
45 36
54 65
6 8
5 6
75 83
28 34
22 29
34 44
90 41
27 28
25 29
8 7
67 74
8 9
6 6
10 10
77 138
79 67
161 116
11 8
21 22
69 104
11 7
70 78
58 28
62 127
113 105
15 16
162 148
10 16
21 22
5 2
99 69
34 27
14 17
79 68
6 5
5 7
7 8
17 11
224 613
10 7
27 13
33 24
74 149
13 21
18 17
17 26
79 88
8 6
33 33
9 13
22 19
6 8
44 49
130 79
132 141
6 3
10 15
6 7
14 18
36 36
131 160
49 49
13 12
5 4
71 40
80 73
7 8
7 9
6 6
26 22
134 123
9 10
71 46
7 11
15 7
86 43
25 27
13 16
57 39
211 174
12 15
217 162
127 159
4 6
48 42
10 7
104 63
20 21
47 43
7 9
60 60
148 170
9 7
183 267
18 22
27 38
152 122
4 6
122 157
89 173
4 3
167 116
19 19
54 53
53 40
4 5
85 65
10 6
20 20
89 80
11 6
8 6
206 245
203 236
120 163
20 19
4 8
58 52
57 35
216 185
7 7
15 13
9 8
29 32
112 140
54 70
145 118
24 23
9 15
9 12
26 35
5 3
142 171
153 153
164 102
21 20
25 13
15 17
26 33
109 111
86 178
27 22
66 119
27 31
168 138
16 23
55 55
106 62
167 285
95 96
33 41
25 21
58 32
100 104
82 92
13 12
99 151
108 70
41 32
29 41
25 27
22 29
104 118
11 12
97 62
107 113
9 8
235 407
197 325
92 72
71 74
90 112
46 56
95 296
181 172
45 13
67 77
135 141
17 22
8 7
28 28
118 87
132 186
4 5
75 83
104 145
209 269
31 50
86 61
233 159
47 29
132 94
134 124
64 73
8 7
80 101
13 17
82 133
6 8
13 18
39 58
13 15
7 6
4 2
50 30
79 112
223 245
65 82
16 10
43 67
7 8
53 60
57 96
173 91
153 116
173 130
22 12
143 236
5 2
8 12
34 15
56 55
27 27
222 269
50 62
180 181
135 161
81 69
4 5
12 10
56 61
28 20
19 25
5 3
27 19
178 182
74 133
64 61
32 31
4 5
22 23
86 72
39 42
36 74
128 98
132 156
21 33
7 8
190 132
79 93
59 37
8 5
15 15
72 58
74 56
104 122
165 264
42 33
15 14
14 15
15 18
28 34
12 10
13 14
10 9
29 30
15 19
4 4
39 40
110 98
26 28
68 71
15 15
149 138
152 268
27 44
5 4
72 186
85 76
63 56
116 82
4 6
8 11
104 177
96 139
122 132
6 8
63 24
213 232
7 6
218 164
16 13
133 211
140 127
49 71
8 8
87 160
5 6
5 5
26 29
83 64
75 72
148 90
137 146
127 96
6 6
243 270
70 53
82 92
13 21
26 20
112 82
13 18
79 103
31 28
17 16
8 12
12 19
15 24
22 24
40 28
20 18
33 41
8 8
5 4
21 22
28 37
39 40
89 59
100 157
36 33
15 8
70 84
189 162
13 21
17 21
181 238
12 11
30 47
25 24
45 28
9 7
33 29
64 51
32 23
13 7
49 93
192 141
125 129
153 194
8 9
28 32
20 37
91 68
7 8
7 7
9 9
6 6
13 12
65 56
24 23
109 78
24 21
22 21
5 5
236 253
89 85
13 10
7 14
4 3
8 6
24 18
18 16
5 5
10 7
25 24
5 3
99 110
53 35
5 4
215 302
8 7
46 43
123 200
221 215
5 2
8 10
22 48
54 56
75 89
15 21
74 75
110 91
7 6
84 118
98 118
170 285
7 6
5 6
6 6
197 190
36 24
42 43
129 118
16 14
54 47
34 25
6 7
52 34
7 9
37 37
23 31
5 4
76 126
4 3
5 3
14 12
4 2
16 17
6 5
39 50
40 48
128 114
18 13
55 51
6 6
162 161
21 22
74 96
6 6
7 6
112 99
82 113
50 35
6 3
86 108
14 17
89 53
8 7
61 78
5 5
8 9
9 8
163 134
13 15
31 25
6 6
88 76
16 7
4 3
34 20
37 26
20 30
112 71
28 13
154 129
6 5
39 52
11 12
5 10
28 23
226 112
123 173
217 175
10 11
5 4
135 151
12 20
36 35
86 97
92 72
244 193
23 32
134 119
32 35
89 78
103 159
53 58
251 270
14 17
174 239
4 5
208 244
99 116
4 1
94 89
181 145
28 27
6 8
203 215
12 18
28 39
5 4
135 74
16 13
100 71
31 26
5 6
32 25
7 5
146 165
29 23
20 21
4 3
49 31
23 25
6 12
165 214
7 9
197 177
11 9
171 255
77 103
47 48
76 71
8 7
195 169
233 343
24 20
202 282
10 12
4 6
13 15
34 28
5 6
117 70
75 88
54 46
56 101
35 50
72 93
102 86
10 6
12 12
105 121
4 4
142 125
69 80
56 82
76 78
58 138
194 142
186 186
26 24
252 291
31 46
4 3
25 17
14 11
95 95
6 4
58 46
35 68
6 7
189 105
62 61
7 8
10 9
9 8
73 74
24 20
15 11
93 247
76 42
56 35
19 44
9 7
22 22
57 38
23 21
169 87
4 5
40 37
82 62
25 28
17 14
43 48
5 9
12 10
104 95
5 4
6 10
6 4
64 89
45 30
64 129
88 119
8 20
106 81
167 196
8 11
23 22
8 7
5 4
53 59
34 25
5 2
25 18
17 11
109 99
9 12
149 166
33 23
51 35
7 10
38 40
91 149
218 383
34 40
228 132
36 29
11 11
31 17
16 20
10 7
7 7
29 43
13 16
9 5
4 5
5 7
8 10
227 190
49 62
62 71
14 14
8 12
38 22
16 16
25 25
15 12
36 31
5 3
56 59
53 60
59 47
115 143
67 154
7 12
94 87
14 15
164 163
5 7
58 69
138 85
10 6
198 230
54 50
24 30
193 132
77 68
20 22
112 145
197 175
8 8
30 20
4 5
63 68
94 101
81 23
58 84
8 8
21 24
39 27
22 19
11 6
9 5
4 6
12 18
4 4
49 42
6 5
96 109
7 5
83 67
23 24
63 81
8 11
44 37
5 4
14 18
54 62
8 4
43 27
5 6
44 31
13 12
11 14
11 14
250 236
84 88
5 8
5 4
8 9
197 148
143 212
12 11
94 121
92 194
7 9
6 9
94 79
109 90
21 17
6 6
8 6
5 4
67 55
25 24
21 28
72 53
136 362
62 54
4 6
4 3
7 5
6 5
68 80
198 252
236 202
18 19
81 29
126 60
16 9
9 20
21 35
72 40
20 16
122 157
13 11
26 17
239 437
4 5
82 86
66 97
12 15
10 14
13 20
6 3
43 54
11 16
237 153
65 55
9 9
12 12
216 250
5 6
199 170
126 140
145 140
234 265
17 11
10 9
7 10
10 6
188 178
9 5
161 168
96 160
94 91
45 32
14 6
22 25
53 82
9 14
39 78
227 262
7 8
72 120
12 32
133 185
18 21
105 63
6 7
219 206
226 212
154 210
169 139
28 32
4 5
59 122
10 14
149 132
78 145
19 12
200 188
9 11
45 50
12 11
15 21
37 36
5 3
29 38
10 8
40 34
30 49
4 5
79 73
179 162
110 66
132 139
16 23
7 7
22 25
160 204
228 193
189 185
77 64
10 6
226 524
127 133
207 303
21 30
29 48
231 217
33 42
6 7
44 40
8 13
26 15
51 41
67 64
72 88
10 14
7 8
137 217
31 32
11 9
218 199
221 222
4 5
148 108
16 20
104 108
12 11
34 35
50 48
134 118
56 49
30 18
127 214
13 7
36 38
25 29
20 35
8 5
192 172
139 152
6 10
4 4
5 7
39 61
18 15
64 58
141 113
109 106
52 50
27 32
67 57
99 211
21 13
20 17
152 73
5 7
6 9
154 143
11 8
62 42
147 152
10 8
12 10
88 93
22 14
18 35
24 23
23 15
41 20
7 7
8 9
210 289
6 12
20 27
78 103
36 35
23 37
5 3
14 19
143 109
5 3
40 49
10 13
14 22
88 88
160 290
4 3
19 31
26 24
14 12
217 138
197 153
28 24
9 8
62 74
23 14
19 28
73 94
10 9
101 200
31 38
83 64
134 219
11 12
19 16
82 51
13 15
4 3
6 6
21 20
4 7
6 6
118 176
49 40
51 64
31 16
14 9
23 26
29 30
244 223
7 5
13 15
21 15
5 10
5 7
67 67
6 5
19 15
23 25
24 26
104 133
17 15
162 124
45 28
4 9
17 12
175 133
8 13
11 10
78 80
33 46
8 7
5 3
10 21
6 5
18 16
175 166
188 194
168 192
28 30
15 12
46 55
51 25
156 135
7 9
83 79
90 85
193 227
204 315
14 10
56 48
6 13
162 120
16 13
81 87
8 11
47 48
233 329
200 261
7 6
96 112
149 315
62 65
14 10
52 98
47 113
72 78
5 4
32 72
28 30
74 105
20 25
93 115
119 134
159 104
90 113
34 16
19 11
142 223
7 12
31 40
10 10
17 19
21 16
205 269
16 9
9 11
17 20
8 6
13 18
47 28
19 17
193 252
68 92
29 49
35 36
14 26
23 22
46 36
179 168
5 4
102 157
13 11
39 29
189 162
5 7
30 29
34 60
23 32
185 115
125 71
27 26
4 2
127 110
87 68
14 18
19 25
82 136
241 247
127 115
119 89
35 23
141 107
19 24
172 153
38 52
105 72
8 12
183 230
26 25
9 6
44 51
15 8
5 6
33 41
10 6
13 13
12 8
195 256
12 13
15 14
10 7
22 26
15 13
121 50
18 20
6 4
66 27
6 12
247 152
48 38
104 87
235 220
65 51
189 140
6 4
4 2
4 4
14 19
12 9
62 72
27 30
39 31
119 122
118 125
25 14
15 10
145 177
13 12
37 28
35 40
5 3
5 4
41 74
194 159
12 11
216 158
109 86
7 6
89 45
13 9
22 23
16 22
72 42
10 9
16 11
191 219
13 14
9 17
68 51
180 205
109 86
169 127
12 6
5 5
17 15
6 5
63 84
81 114
32 46
14 15
64 50
66 46
106 175
87 68
190 216
96 86
61 48
8 8
180 220
52 44
129 120
9 7
54 42
8 4
142 129
19 12
6 3
67 43
16 15
176 194
40 25
7 8
9 9
61 73
186 136
16 13
82 95
23 16
90 141
12 12
18 12
6 6
26 22
7 7
12 17
5 6
31 62
44 61
20 19
9 5
70 153
21 31
15 21
135 113
112 86
43 44
15 12
15 14
7 8
57 102
4 6
230 183
46 51
127 114
7 11
6 7
53 82
117 119
13 21
19 29
11 9
83 100
5 9
5 3
11 10
59 89
82 137
20 21
11 10
5 7
9 12
19 26
237 176
62 81
83 135
6 7
5 6
10 15
81 107
12 7
6 12
101 109
149 160
102 130
173 207
122 101
28 27
21 18
62 96
11 10
7 8
28 45
5 5
155 229
13 13
131 272
6 6
62 48
19 15
161 167
139 122
6 9
5 5
126 57
4 5
54 80
6 4
6 9
87 133
238 207
16 20
9 5
78 61
12 11
5 5
142 115
5 4
7 8
18 17
12 10
12 11
8 6
12 8
252 245
9 6
140 215
215 207
243 343
243 198
7 9
24 26
88 73
11 11
95 52
55 54
6 7
12 8
9 8
26 14
18 18
16 11
59 31
4 4
14 16
30 28
188 256
8 8
5 6
20 20
40 63
16 13
193 148
180 297
34 32
90 164
26 32
125 105
71 53
15 9
26 17
31 43
16 10
138 89
19 14
4 5
11 13
16 14
80 94
51 42
32 33
84 56
19 34
32 33
20 17
162 279
11 19
46 42
9 6
5 6
5 7
91 140
210 351
98 103
70 80
11 11
115 78
168 214
39 52
7 4
155 154
182 191
87 110
30 32
5 8
96 82
111 100
42 35
217 278
37 29
35 52
111 135
149 107
22 30
36 28
124 119
8 6
16 13
52 54
105 150
26 23
29 35
51 35
229 238
15 12
73 74
77 123
156 140
168 219
23 23
125 177
19 20
183 293
14 10
50 40
6 4
5 8
8 11
18 13
7 8
13 18
213 127
46 32
223 147
7 9
16 26
7 12
116 146
4 4
104 214
12 7
14 11
19 19
92 51
7 6
111 136
221 279
67 49
29 59
88 52
229 193
7 7
18 30
26 14
57 28
24 20
222 191
4 4
9 9
128 84
9 5
80 93
7 7
157 138
125 155
17 11
155 165
105 93
229 183
90 89
8 8
7 4
6 6
60 64
44 67
25 27
12 7
113 91
21 27
23 27
50 97
29 25
12 12
7 9
117 152
144 88
149 243
6 5
11 7
5 3
26 19
21 17
64 49
37 42
10 11
41 47
4 4
24 25
155 162
229 207
134 122
233 119
4 5
89 45
27 21
140 118
11 26
7 5
44 71
128 160
108 86
250 166
12 9
9 7
15 24
8 5
17 19
32 53
108 255
5 5
138 125
10 10
79 102
14 16
37 46
101 178
63 138
205 186
30 23
5 3
42 56
5 4
5 6
14 11
56 55
70 56
179 284
26 19
22 12
65 61
36 34
7 4
13 15
123 106
49 79
8 4
21 21
186 252
41 27
32 29
223 330
221 318
97 100
55 45
58 103
178 159
9 8
41 42
230 214
13 9
128 114
241 158
55 35
5 5
4 5
36 57
27 42
47 54
57 41
7 5
36 46
4 3
220 258
17 32
5 4
49 26
97 96
248 338
67 33
141 132
12 20
224 262
18 17
18 14
192 127
5 7
7 7
19 24
4 5
33 22
145 194
217 134
24 30
7 4
6 5
31 46
7 6
8 10
12 13
221 128
95 109
28 31
13 18
21 32
56 131
12 9
122 95
6 7
13 10
8 10
231 225
208 314
238 247
15 23
230 688
10 11
86 67
21 16
17 17
21 20
9 11
12 9
12 15
69 51
20 17
69 55
21 21
5 6
243 271
8 7
111 160
91 81
186 325
4 4
15 12
83 77
10 9
252 140
209 123
8 4
190 153
29 22
30 15
53 49
121 144
55 71
15 16
5 6
35 32
6 3
34 18
37 31
72 54
9 9
6 5
8 9
40 24
43 38
7 5
17 26
16 15
125 120
12 10
6 6
21 28
59 67
17 12
10 7
32 29
43 46
4 4
39 42
53 25
7 8
12 10
11 9
5 5
98 132
7 8
17 24
44 49
5 4
8 20
6 6
18 15
51 40
12 7
8 8
230 266
108 93
5 4
4 6
40 37
7 4
39 26
32 49
7 6
34 18
115 143
141 176
33 19
34 37
37 43
22 34
10 8
237 286
7 5
38 27
37 36
35 25
22 15
35 31
9 7
29 44
217 357
5 6
47 45
222 255
17 15
8 10
5 4
6 4
74 48
226 167
59 95
25 19
10 14
8 15
22 18
57 58
220 251
27 18
9 4
14 12
65 69
152 159
34 39
163 149
15 9
50 16
15 23
19 42
34 43
143 220
102 104
73 100
98 66
12 10
7 12
38 24
78 87
202 156
32 42
158 167
4 4
131 124
7 9
48 29
110 160
6 6
182 181
102 99
113 98
11 17
6 8
114 201
35 40
241 194
6 7
184 237
4 8
94 136
92 89
34 41
19 46
5 3
4 2
10 11
127 273
5 5
118 121
54 67
6 5
18 14
53 35
9 7
29 35
253 191
22 66
9 11
32 31
4 3
129 129
15 20
43 40
44 62
17 33
31 26
74 94
15 15
39 29
185 165
13 18
35 35
5 5
5 5
16 26
94 110
4 3
130 88
6 5
96 86
9 11
79 74
18 31
6 7
55 88
60 87
58 92
15 12
80 77
192 205
80 83
25 21
188 158
185 143
234 385
6 8
118 167
94 92
116 148
6 6
5 6
17 13
17 18
203 157
6 5
105 95
15 15
9 9
8 7
38 39
52 53
4 5
17 17
13 10
122 121
12 14
40 38
10 5
76 94
6 9
55 99
39 44
147 148
30 44
19 18
58 24
17 34
17 11
120 146
183 299
50 50
5 8
7 3
105 96
20 22
38 21
151 114
15 7
9 5
88 90
20 11
6 11
9 8
64 63
58 72
36 56
151 204
5 5
4 3
6 9
9 7
5 7
47 46
163 158
27 13
10 15
118 163
37 49
141 142
19 26
11 8
4 5
6 5
109 198
230 324
12 13
5 4
15 17
158 249
18 13
32 66
97 56
69 84
97 92
6 8
4 3
24 15
183 155
137 124
47 70
27 24
4 4
13 21
102 100
142 159
10 17
17 12
102 76
174 114
12 14
155 174
8 5
73 116
238 467
5 7
151 248
29 41
7 8
24 29
23 29
6 8
86 129
12 13
5 5
23 35
51 42
121 182
9 9
8 17
49 44
16 13
15 9
10 10
38 20
223 197
15 25
31 35
7 8
18 17
32 41
6 8
116 108
91 56
15 10
8 11
49 24
99 63
194 139
17 24
31 19
75 52
25 26
59 54
12 13
47 88
116 157
81 46
30 57
192 231
93 130
157 141
57 63
88 105
7 9
7 6
7 4
22 23
131 130
33 62
8 9
75 60
36 44
123 105
154 175
27 39
21 15
251 408
169 92
236 249
116 82
4 2
24 30
190 169
5 4
4 3
38 35
48 78
99 109
11 19
7 7
23 39
53 89
31 49
18 12
23 21
19 17
43 49
186 227
5 5
168 187
236 307
16 10
47 34
12 8
30 39
4 4
150 132
118 90
28 23
23 13
59 73
28 24
8 7
187 179
11 18
6 10
8 13
63 109
48 51
211 260
5 5
11 8
34 34
69 35
11 8
12 11
113 146
131 109
252 228
25 18
185 111
231 133
124 141
24 24
58 64
168 105
72 57
7 5
56 30
4 4
232 151
19 12
9 6
20 25
113 137
57 38
5 4
31 26
147 211
10 7
256 311
21 15
216 338
113 81
22 30
23 32
10 10
16 16
42 48
33 23
125 187
49 63
186 303
27 28
43 58
142 171
22 34
14 20
8 9
84 96
62 46
11 14
17 20
35 32
48 78
167 159
8 9
7 4
13 6
49 64
153 111
77 137
9 19
11 21
15 17
10 10
91 64
137 147
10 18
198 274
7 7
111 111
7 5
8 12
23 23
8 6
15 16
42 32
7 12
79 60
85 57
154 162
163 148
32 22
8 11
33 42
34 34
16 21
10 6
4 4
10 9
131 71
39 36
49 84
28 53
70 59
32 19
30 42
8 6
118 80
121 87
26 34
4 4
235 117
12 7
48 92
95 86
8 6
19 31
9 13
7 7
5 7
158 98
31 46
10 12
54 70
41 44
8 8
9 12
46 67
12 15
48 76
40 65
167 108
13 18
201 102
5 7
167 133
4 4
44 39
87 118
37 40
27 30
110 140
16 13
81 83
231 401
7 6
20 38
22 24
70 41
14 6
5 5
10 7
25 20
44 47
57 91
8 7
43 32
61 56
251 195
246 221
82 64
9 5
126 170
20 14
4 8
8 7
6 6
8 12
6 6
31 19
38 35
15 14
58 58
74 37
150 116
29 26
167 145
30 25
63 46
129 100
7 10
8 15
143 116
7 5
67 54
170 118
182 83
34 21
70 135
12 15
8 4
204 168
30 45
13 14
25 30
7 4
19 17
24 30
59 60
6 5
109 114
100 128
126 168
5 4
5 6
138 284
21 15
159 252
61 76
226 187
15 8
27 45
20 14
145 130
87 103
78 79
219 199
167 223
151 61
131 165
27 21
31 25
31 42
10 12
219 224
117 100
112 197
10 20
15 11
35 36
137 118
207 224
25 23
24 40
56 113
238 159
5 3
179 187
109 123
7 8
69 71
5 5
62 97
9 9
96 80
15 11
14 14
5 3
89 118
184 128
216 370
31 23
251 157
177 177
5 9
34 24
7 4
37 45
7 5
22 22
26 55
17 22
11 16
148 402
4 4
86 111
217 129
8 8
6 5
229 229
6 3
4 4
17 16
6 4
159 127
8 7
91 97
10 9
188 139
11 9
33 50
5 2
27 32
50 31
253 184
49 67
31 27
5 3
22 26
46 41
4 5
69 113
5 2
5 4
99 116
16 8
28 28
52 40
60 79
6 8
32 55
171 232
94 86
63 61
12 15
7 6
156 237
37 38
7 7
21 15
5 8
7 7
63 55
50 49
28 46
143 115
202 258
16 20
51 40
4 6
17 18
6 6
120 153
142 191
13 15
10 13
13 13
19 10
9 6
16 28
179 205
11 13
42 53
177 122
41 33
25 53
50 53
53 46
73 70
27 25
12 13
44 64
150 121
198 244
85 113
7 6
40 39
32 21
58 68
106 211
1 22
0 13
0 45
1 26
0 1 0
2 0 2
2 0 4
1 40 270
0 1 0
0 37 45
1 44 466
1 44 263
0 1 0
0 45 72
1 17 139
4 0 803
0 1 0
1 47 552
2 0 6
2 0 3
0 1 0
1 49 244
0 40 31
1 49 327
0 1 0
1 31 275
0 2 3
0 46 48
0 1 0
1 36 210
1 17 112
4 0 975
0 1 0
2 0 10
0 45 29
1 12 116
0 1 0
0 45 48
1 30 227
2 0 6
0 1 0
2 0 2
1 45 388
2 0 5
0 1 0
1 11 101
0 32 40
0 36 33
0 1 0
2 0 1
1 1 7
2 0 2
0 1 0
2 0 2
0 31 30
1 34 370
0 1 0
4 0 210
0 29 15
2 0 1
0 1 0
1 12 67
2 0 10
1 20 143
0 1 0
2 0 10
0 21 12
0 40 14
0 1 0
0 15 12
1 35 359
1 14 96
0 1 0
1 37 276
2 0 6
0 38 16
0 1 0
4 0 770
1 1 8
0 36 13
0 1 0
2 0 6
2 0 3
1 5 29
0 1 0
2 0 4
2 0 5
2 0 3
0 1 0
2 0 8
1 21 197
2 0 5
0 1 0
0 24 34
2 0 5
1 29 228
0 1 0
2 0 6
2 0 3
1 17 88
0 1 0
2 0 10
1 45 187
1 43 490
0 1 0
2 0 6
2 0 6
1 38 148
0 1 0
1 9 94
1 31 231
2 0 0
0 1 0
1 10 41
2 0 9
2 0 4
0 1 0
0 10 6
4 0 761
1 11 99
0 1 0
2 0 1
0 11 9
1 50 587
0 1 0
1 20 134
2 0 0
0 26 23
0 1 0
1 25 214
2 0 2
2 0 7
0 1 0
2 0 2
0 3 5
1 9 72
0 1 0
1 19 193
2 0 6
2 0 3
0 1 0
1 38 368
0 30 28
2 0 8
0 1 0
0 24 22
1 2 10
1 10 47
0 1 0
0 2 3
2 0 4
2 0 7
0 1 0
1 19 174
3 0 7
3 0 10
0 1 0
0 5 8
1 50 461
2 0 5
0 1 0
2 0 8
1 48 459
2 0 5
0 1 0
2 0 10
0 44 49
1 32 266
0 1 0
1 6 56
1 17 190
1 50 245
0 1 0
0 47 47
1 30 174
1 19 144
0 1 0
1 33 429
1 24 118
1 50 446
0 1 0
1 11 139
2 0 10
1 13 93
0 1 0
2 0 10
1 24 175
1 5 28
0 1 0
0 39 31
4 0 803
1 40 334
0 1 0
0 11 8
4 0 428
1 46 371
0 1 0
1 46 466
0 20 24
0 3 1
0 1 0
2 0 2
0 45 74
1 15 117
0 1 0
2 0 3
2 0 7
1 12 122
0 1 0
2 0 3
2 0 2
0 28 29
0 1 0
0 44 62
1 22 234
2 0 1
0 1 0
1 19 132
0 3 4
2 0 7
0 1 0
0 12 18
3 0 3
2 0 6
0 1 0
0 47 33
0 14 19
1 33 308
0 1 0
0 12 11
0 45 61
0 5 5
0 1 0
2 0 7
0 40 34
0 47 46
0 1 0
1 7 56
0 17 20
2 0 7
0 1 0
1 17 134
1 46 400
1 44 435
0 1 0
1 34 474
1 27 193
1 18 138
0 1 0
1 16 113
0 22 18
0 29 27
0 1 0
2 0 3
1 31 189
1 34 174
0 1 0
0 15 15
0 40 62
1 14 95
0 1 0
1 34 151
2 0 2
2 0 3
0 1 0
1 1 9
1 42 458
2 0 1
0 1 0
0 6 1
1 40 213
0 25 32
0 1 0
2 0 8
1 38 364
0 18 22
0 1 0
1 18 218
1 12 121
2 0 4
0 1 0
1 50 619
2 0 0
2 0 2
0 1 0
2 0 8
0 9 9
2 0 8
0 1 0
2 0 0
0 26 24
0 12 9
0 1 0
2 0 10
1 2 8
0 19 15
0 1 0
1 49 132
2 0 10
1 19 88
0 1 0
1 25 257
0 50 75
2 0 2
0 1 0
3 0 4
1 3 35
2 0 6
0 1 0
1 46 297
1 20 118
1 14 132
0 1 0
2 0 4
1 36 303
2 0 8
0 1 0
4 0 866
0 39 37
2 0 3
0 1 0
0 13 16
2 0 5
2 0 0
0 1 0
1 21 212
1 16 87
1 10 33
0 1 0
1 8 117
0 17 22
0 40 63
0 1 0
2 0 8
1 21 267
2 0 3
0 1 0
1 45 359
1 38 263
1 42 277
0 1 0
0 32 37
1 45 359
0 10 10
0 1 0
1 3 20
1 2 18
2 0 10
0 1 0
0 7 8
1 50 239
0 11 9
0 1 0
1 33 324
2 0 5
3 0 3
0 1 0
0 43 64
1 29 216
1 32 68
0 1 0
0 23 18
2 0 0
1 3 13
0 1 0
1 46 457
1 13 191
0 42 38
0 1 0
2 0 9
1 28 149
0 17 15
0 1 0
1 12 41
1 34 279
1 44 458
0 1 0
2 0 9
1 43 507
1 2 13
0 1 0
2 0 10
2 0 1
0 43 38
0 1 0
1 8 48
0 21 14
2 0 4
0 1 0
2 0 8
0 26 24
2 0 1
0 1 0
1 48 343
2 0 7
0 41 44
0 1 0
3 0 4
2 0 1
0 45 26
0 1 0
2 0 2
1 8 118
2 0 3
0 1 0
1 40 239
1 27 289
1 37 275
0 1 0
4 0 307
1 35 311
2 0 2
0 1 0
2 0 8
2 0 7
2 0 6
0 1 0
2 0 6
0 3 4
1 19 157
0 1 0
2 0 6
4 0 803
1 23 144
0 1 0
1 33 105
0 13 20
0 1 1
0 1 0
1 20 53
2 0 4
1 2 19
0 1 0
2 0 0
0 48 50
1 30 138
0 1 0
0 40 26
4 0 1000
1 45 317
0 1 0
0 33 15
1 34 212
1 11 76
0 1 0
1 10 96
0 10 11
2 0 3
0 1 0
1 27 338
1 31 243
1 34 351
0 1 0
0 23 24
2 0 6
0 36 70
0 1 0
1 48 295
2 0 0
1 19 144
0 1 0
1 12 123
2 0 9
3 0 4
0 1 0
3 0 7
1 15 94
1 19 204
0 1 0
2 0 7
2 0 4
2 0 0
0 1 0
2 0 5
1 14 118
2 0 1
0 1 0
0 48 41
2 0 5
0 15 16
0 1 0
2 0 8
1 23 198
1 46 627
0 1 0
1 38 263
1 39 386
1 38 412
0 1 0
2 0 5
2 0 8
0 7 13
0 1 0
1 17 122
1 8 34
2 0 7
0 1 0
2 0 2
1 18 119
0 35 28
0 1 0
1 22 220
2 0 3
0 44 62
0 1 0
0 2 2
1 33 253
1 18 149
0 1 0
0 24 24
4 0 232
0 49 55
0 1 0
0 27 29
2 0 5
1 50 173
0 1 0
1 3 15
4 0 973
1 34 321
0 1 0
0 43 51
0 47 49
1 28 341
0 1 0
1 43 420
1 48 325
0 23 35
0 1 0
1 5 60
4 0 943
4 0 409
0 1 0
1 19 99
1 24 164
2 0 7
0 1 0
2 0 4
0 23 15
0 41 24
0 1 0
4 0 499
1 31 399
2 0 7
0 1 0
1 45 208
1 40 441
2 0 9
0 1 0
2 0 2
2 0 8
4 0 848
0 1 0
1 6 46
2 0 1
1 26 239
0 1 0
2 0 6
1 40 267
0 10 16
0 1 0
3 0 0
0 25 22
1 10 96
0 1 0
2 0 5
2 0 5
1 17 168
0 1 0
3 0 8
1 44 442
0 42 58
0 1 0
2 0 8
1 24 219
0 49 63
0 1 0
1 7 79
1 14 121
1 34 154
0 1 0
3 0 10
2 0 9
2 0 8
0 1 0
1 17 140
1 31 309
1 11 81
0 1 0
2 0 1
2 0 8
1 7 91
0 1 0
1 18 168
0 2 2
1 44 302
0 1 0
1 49 384
1 40 283
1 13 121
0 1 0
0 34 30
1 50 303
2 0 1
0 1 0
1 24 306
1 16 160
2 0 6
0 1 0
0 20 21
1 26 299
2 0 0
0 1 0
1 41 337
0 17 15
3 0 6
0 1 0
2 0 1
1 24 104
1 43 257
0 1 0
1 46 284
0 36 44
4 0 744
0 1 0
2 0 1
2 0 2
0 41 47
0 1 0
3 0 2
0 42 51
1 15 163
0 1 0
2 0 6
1 4 52
2 0 8
0 1 0
4 0 408
1 31 186
3 0 10
0 1 0
0 29 26
1 20 173
1 6 42
0 1 0
1 10 64
1 16 121
1 19 187
0 1 0
3 0 9
2 0 6
0 36 12
0 1 0
0 3 2
2 0 7
0 36 42
0 1 0
0 16 20
2 0 6
1 35 387
0 1 0
1 9 81
2 0 10
2 0 8
0 1 0
0 11 6
1 49 178
2 0 7
0 1 0
2 0 2
2 0 10
1 40 174
0 1 0
1 25 263
1 29 433
2 0 3
0 1 0
1 48 365
2 0 0
1 27 201
0 1 0
1 29 220
1 23 92
2 0 5
0 1 0
0 38 29
2 0 9
1 38 300
0 1 0
2 0 0
2 0 7
1 3 25
0 1 0
1 37 251
2 0 6
2 0 8
0 1 0
2 0 3
2 0 1
1 11 111
0 1 0
2 0 5
1 42 342
1 35 215
0 1 0
0 15 12
2 0 7
4 0 500
0 1 0
1 10 70
0 17 13
1 27 333
0 1 0
1 33 350
1 22 190
1 5 52
0 1 0
0 38 16
1 33 373
0 28 38
0 1 0
1 47 359
2 0 8
0 24 15
0 1 0
1 12 62
2 0 3
1 41 508
0 1 0
0 30 44
0 3 4
1 44 423
0 1 0
2 0 6
2 0 0
2 0 7
0 1 0
1 19 153
1 34 184
1 36 221
0 1 0
4 0 867
0 35 54
0 4 7
0 1 0
3 0 1
0 10 15
1 19 155
0 1 0
1 27 85
1 3 7
2 0 9
0 1 0
1 16 80
1 41 257
0 46 24
0 1 0
2 0 1
3 0 6
1 26 235
0 1 0
0 24 15
1 26 374
3 0 8
0 1 0
1 20 114
0 16 9
1 10 88
0 1 0
2 0 2
2 0 4
1 9 132
0 1 0
1 43 423
0 46 81
4 0 878
0 1 0
2 0 2
0 9 11
1 3 27
0 1 0
1 15 215
1 9 91
1 5 24
0 1 0
2 0 10
0 26 28
3 0 2
0 1 0
2 0 10
0 32 41
2 0 3
0 1 0
0 16 21
2 0 4
1 23 266
0 1 0
1 46 273
1 45 412
2 0 7
0 1 0
0 30 12
1 4 35
0 13 3
0 1 0
0 36 20
1 44 351
2 0 6
0 1 0
4 0 744
2 0 7
0 29 22
0 1 0
2 0 10
0 6 7
0 1 1
0 1 0
0 44 37
2 0 1
0 15 5
0 1 0
1 34 291
1 25 152
0 34 36
0 1 0
0 37 16
1 23 121
1 14 125
0 1 0
4 0 795
0 21 18
2 0 9
0 1 0
1 44 486
2 0 3
1 18 235
0 1 0
3 0 6
0 14 10
4 0 290
0 1 0
2 0 8
2 0 8
2 0 7
0 1 0
2 0 0
1 14 152
2 0 5
0 1 0
0 17 18
0 18 9
1 13 67
0 1 0
2 0 3
2 0 3
1 21 102
0 1 0
3 0 4
0 23 25
2 0 3
0 1 0
2 0 5
1 4 45
1 36 370
0 1 0
0 27 40
2 0 6
2 0 8
0 1 0
2 0 8
0 18 3
4 0 670
0 1 0
2 0 1
1 45 562
0 30 42
0 1 0
1 18 134
1 45 375
1 3 14
0 1 0
1 26 257
0 7 6
0 46 60
0 1 0
1 3 22
2 0 6
2 0 2
0 1 0
1 18 125
2 0 8
3 0 2
0 1 0
2 0 5
1 4 40
1 36 154
0 1 0
0 46 44
0 26 29
1 13 92
0 1 0
1 30 151
0 14 8
1 45 287
0 1 0
2 0 9
1 14 127
1 39 300
0 1 0
3 0 9
1 41 292
1 24 199
0 1 0
3 0 6
2 0 8
1 32 276
0 1 0
2 0 1
4 0 589
2 0 10
0 1 0
2 0 1
2 0 2
1 1 6
0 1 0
2 0 8
1 49 354
2 0 0
0 1 0
1 31 288
1 39 395
2 0 2
0 1 0
1 30 236
1 32 177
2 0 3
0 1 0
2 0 0
1 14 173
1 6 51
0 1 0
0 38 57
1 37 335
2 0 7
0 1 0
4 0 506
2 0 9
2 0 0
0 1 0
2 0 0
1 22 191
2 0 1
0 1 0
1 43 568
1 1 5
0 44 29
0 1 0
0 40 45
0 21 15
2 0 5
0 1 0
0 40 39
1 40 405
2 0 7
0 1 0
2 0 2
2 0 10
1 37 236
0 1 0
1 15 106
1 8 71
3 0 2
0 1 0
2 0 10
0 23 12
1 7 100
0 1 0
1 48 243
2 0 4
1 10 86
0 1 0
0 31 34
0 21 33
1 16 8
0 1 0
2 0 6
2 0 10
1 31 206
0 1 0
2 0 10
2 0 9
0 33 14
0 1 0
1 29 129
0 39 35
1 24 281
0 1 0
1 9 56
1 32 172
1 31 173
0 1 0
2 0 3
2 0 9
0 43 35
0 1 0
0 15 22
1 46 464
1 17 179
0 1 0
2 0 5
1 23 275
1 46 345
0 1 0
0 3 3
2 0 10
0 20 17
0 1 0
2 0 9
0 16 15
0 23 30
0 1 0
1 8 72
2 0 3
2 0 10
0 1 0
0 16 18
2 0 2
0 42 37
0 1 0
0 9 11
0 4 5
2 0 1
0 1 0
1 47 388
2 0 7
1 49 217
0 1 0
1 34 131
2 0 3
1 19 139
0 1 0
0 43 21
0 48 70
1 9 79
0 1 0
4 0 508
1 49 572
1 35 282
0 1 0
1 3 18
2 0 6
1 20 112
0 1 0
0 22 26
4 0 716
0 10 7
0 1 0
0 34 37
0 25 16
0 42 59
0 1 0
1 35 361
1 18 131
1 30 267
0 1 0
1 7 43
1 47 472
1 47 310
0 1 0
4 0 635
1 26 228
2 0 6
0 1 0
2 0 6
0 49 53
1 27 289
0 1 0
0 2 2
1 5 17
2 0 2
0 1 0
1 47 396
2 0 7
0 32 29
0 1 0
3 0 1
2 0 2
1 38 289
0 1 0
2 0 7
0 27 37
4 0 564
0 1 0
1 18 115
2 0 2
2 0 6
0 1 0
0 22 13
2 0 8
1 32 274
0 1 0
2 0 3
1 50 519
1 9 41
0 1 0
2 0 2
0 11 12
1 49 513
0 1 0
1 48 554
2 0 7
2 0 6
0 1 0
1 38 342
1 38 309
2 0 1
0 1 0
1 44 394
2 0 4
1 32 338
0 1 0
2 0 3
1 34 255
2 0 10
0 1 0
4 0 595
4 0 556
0 4 4
0 1 0
4 0 916
0 19 29
0 8 8
0 1 0
1 35 337
1 27 239
2 0 7
0 1 0
1 48 416
0 18 22
2 0 5
0 1 0
1 49 179
0 27 41
2 0 1
0 1 0
1 43 556
2 0 4
2 0 8
0 1 0
2 0 6
2 0 10
1 34 316
0 1 0
0 21 22
1 16 105
1 50 204
0 1 0
2 0 5
0 39 19
2 0 9
0 1 0
2 0 10
1 48 322
2 0 3
0 1 0
1 43 346
1 36 193
2 0 7
0 1 0
1 22 169
0 8 9
1 44 208
0 1 0
2 0 4
3 0 10
1 12 156
0 1 0
1 14 95
1 31 211
0 36 25
0 1 0
2 0 0
0 29 30
2 0 5
0 1 0
1 20 86
0 2 2
2 0 10
0 1 0
1 34 176
1 45 216
1 40 484
0 1 0
0 38 47
2 0 10
2 0 6
0 1 0
1 36 312
0 35 54
2 0 2
0 1 0
0 24 14
3 0 10
1 45 203
0 1 0
4 0 667
1 2 11
1 37 240
0 1 0
0 45 39
1 17 87
1 1 10
0 1 0
1 3 45
2 0 6
2 0 3
0 1 0
1 46 349
2 0 6
2 0 2
0 1 0
0 39 35
4 0 718
2 0 6
0 1 0
2 0 9
2 0 6
1 17 127
0 1 0
1 40 379
2 0 4
2 0 5
0 1 0
0 35 40
1 1 6
2 0 2
0 1 0
2 0 6
1 32 141
2 0 0
0 1 0
1 6 62
0 4 5
1 16 101
0 1 0
0 8 2
0 26 16
2 0 1
0 1 0
1 10 7
2 0 10
1 11 105
0 1 0
1 44 470
1 27 225
1 10 81
0 1 0
0 42 50
3 0 6
2 0 5
0 1 0
1 2 20
1 45 503
1 21 185
0 1 0
0 50 62
1 46 486
4 0 567
0 1 0
0 38 25
1 12 58
1 45 226
0 1 0
1 17 110
2 0 4
1 9 45
0 1 0
2 0 2
0 17 14
2 0 10
0 1 0
1 12 109
1 2 10
2 0 3
0 1 0
2 0 6
1 43 484
0 25 26
0 1 0
1 22 121
1 4 19
1 20 183
0 1 0
1 4 39
2 0 8
0 3 4
0 1 0
1 14 134
2 0 7
2 0 10
0 1 0
1 36 242
0 28 10
1 6 49
0 1 0
0 14 15
4 0 615
1 39 365
0 1 0
2 0 3
1 22 234
1 36 132
0 1 0
1 9 52
4 0 794
4 0 931
0 1 0
2 0 10
0 26 29
2 0 9
0 1 0
1 21 121
0 38 54
1 31 314
0 1 0
2 0 3
2 0 7
1 20 176
0 1 0
2 0 4
1 46 361
1 35 263
0 1 0
2 0 3
0 34 18
2 0 4
0 1 0
0 39 55
3 0 0
1 29 180
0 1 0
1 48 359
1 2 4
0 12 11
0 1 0
1 8 40
2 0 7
0 12 17
0 1 0
1 48 549
1 16 127
1 9 60
0 1 0
0 23 15
1 44 454
2 0 8
0 1 0
1 30 200
2 0 1
1 2 10
0 1 0
0 7 8
1 45 509
0 36 32
0 1 0
2 0 4
0 40 48
0 27 37
0 1 0
2 0 2
1 17 200
0 42 64
0 1 0
2 0 5
0 16 6
0 3 3
0 1 0
2 0 1
1 36 251
2 0 9
0 1 0
1 18 157
1 33 206
2 0 5
0 1 0
1 24 81
1 16 117
1 7 49
0 1 0
1 9 34
1 31 401
1 33 243
0 1 0
0 3 4
3 0 7
1 46 457
0 1 0
2 0 7
1 17 162
2 0 0
0 1 0
1 43 415
2 0 5
2 0 10
0 1 0
0 2 2
1 26 180
0 29 40
0 1 0
1 9 56
1 17 183
2 0 7
0 1 0
2 0 2
2 0 10
0 17 22
0 1 0
0 7 7
1 30 419
1 1 11
0 1 0
1 47 249
2 0 4
1 1 2
0 1 0
2 0 4
2 0 6
2 0 8
0 1 0
0 3 3
2 0 1
2 0 7
0 1 0
1 21 71
1 9 91
1 31 122
0 1 0
2 0 2
1 24 127
2 0 1
0 1 0
1 1 5
0 43 22
4 0 390
0 1 0
1 27 246
2 0 10
2 0 8
0 1 0
1 43 331
0 16 15
1 2 25
0 1 0
0 35 42
0 13 13
1 15 110
0 1 0
2 0 10
0 20 22
2 0 8
0 1 0
2 0 7
3 0 0
2 0 2
0 1 0
0 47 47
0 30 17
0 6 5
0 1 0
1 1 5
0 26 21
3 0 1
0 1 0
3 0 5
1 30 171
2 0 5
0 1 0
0 40 45
2 0 4
1 3 28
0 1 0
1 12 66
2 0 4
1 37 338
0 1 0
1 45 648
1 5 54
0 8 7
0 1 0
1 4 47
0 37 44
0 23 40
0 1 0
1 18 145
2 0 9
1 36 335
0 1 0
2 0 8
1 6 58
1 40 227
0 1 0
2 0 8
1 27 235
1 49 321
0 1 0
0 14 13
1 30 265
1 9 104
0 1 0
0 48 63
2 0 7
2 0 5
0 1 0
2 0 0
1 19 146
0 46 34
0 1 0
1 49 455
0 19 14
0 9 10
0 1 0
0 7 7
3 0 6
4 0 596
0 1 0
2 0 6
0 8 9
1 12 116
0 1 0
2 0 3
0 50 50
0 11 15
0 1 0
1 2 12
4 0 850
0 44 50
0 1 0
2 0 7
2 0 1
4 0 642
0 1 0
2 0 1
1 14 80
1 34 425
0 1 0
1 30 197
2 0 7
1 6 40
0 1 0
4 0 688
2 0 9
3 0 1
0 1 0
2 0 5
2 0 0
2 0 2
0 1 0
1 30 198
0 35 49
0 39 13
0 1 0
2 0 4
1 14 114
1 19 195
0 1 0
1 35 165
1 49 343
4 0 593
0 1 0
1 45 391
0 38 45
2 0 2
0 1 0
2 0 10
1 49 518
1 8 41
0 1 0
0 28 14
1 33 290
2 0 5
0 1 0
0 5 4
2 0 4
0 10 16
0 1 0
1 7 36
4 0 827
0 2 1
0 1 0
2 0 0
1 32 465
2 0 2
0 1 0
1 22 167
1 43 375
1 31 401
0 1 0
4 0 499
0 46 41
1 17 130
0 1 0
1 14 177
2 0 9
2 0 7
0 1 0
0 36 49
1 27 215
1 24 276
0 1 0
1 24 164
1 17 149
0 7 8
0 1 0
0 36 28
1 16 153
2 0 3
0 1 0
2 0 5
1 38 364
0 19 34
0 1 0
0 19 19
1 25 231
2 0 5
0 1 0
0 50 63
2 0 4
0 32 25
0 1 0
1 37 480
0 7 6
1 2 17
0 1 0
0 21 16
1 20 89
2 0 4
0 1 0
0 16 6
4 0 346
0 29 20
0 1 0
1 37 445
1 44 289
2 0 4
0 1 0
1 26 230
0 1 1
1 18 45
0 1 0
1 43 227
1 48 275
0 40 37
0 1 0
1 25 170
0 45 70
1 5 52
0 1 0
2 0 8
1 20 165
2 0 1
0 1 0
1 1 5
0 49 48
2 0 3
0 1 0
1 46 350
1 23 281
2 0 3
0 1 0
2 0 9
2 0 4
0 26 31
0 1 0
1 9 60
2 0 6
0 31 46
0 1 0
1 10 81
1 44 430
2 0 0
0 1 0
0 16 17
0 31 55
0 32 8
0 1 0
0 38 44
1 36 146
0 8 8
0 1 0
1 19 138
1 17 139
2 0 9
0 1 0
4 0 990
2 0 2
2 0 1
0 1 0
1 27 154
1 12 41
1 20 120
0 1 0
0 40 31
2 0 4
1 48 533
0 1 0
1 23 168
1 18 163
1 18 196
0 1 0
1 4 31
1 43 411
0 46 65
0 1 0
4 0 382
2 0 7
1 36 462
0 1 0
2 0 2
0 6 4
1 47 499
0 1 0
1 9 28
0 2 2
1 23 237
0 1 0
0 42 46
1 5 47
0 43 52
0 1 0
1 21 93
0 27 26
1 1 12
0 1 0
0 32 25
3 0 5
3 0 7
0 1 0
1 42 366
1 6 56
4 0 502
0 1 0
2 0 6
0 39 29
3 0 6
0 1 0
3 0 7
1 17 101
1 39 374
0 1 0
0 47 43
2 0 0
0 36 25
0 1 0
3 0 5
3 0 8
1 33 307
0 1 0
0 1 1
2 0 3
0 45 59
0 1 0
2 0 5
0 43 66
0 10 6
0 1 0
2 0 8
1 4 10
0 30 19
0 1 0
1 25 140
2 0 5
4 0 449
0 1 0
2 0 9
3 0 5
1 49 459
0 1 0
2 0 1
0 21 29
0 20 16
0 1 0
0 48 35
1 47 501
1 1 8
0 1 0
0 15 14
2 0 0
1 42 263
0 1 0
1 10 117
3 0 0
0 27 35
0 1 0
2 0 8
1 15 107
2 0 5
0 1 0
2 0 10
0 44 19
1 42 156
0 1 0
1 41 390
2 0 10
2 0 6
0 1 0
1 35 322
1 45 427
2 0 8
0 1 0
1 6 31
1 26 291
2 0 4
0 1 0
1 10 72
0 21 11
0 36 14
0 1 0
2 0 1
2 0 9
1 3 22
0 1 0
2 0 1
0 50 60
0 12 18
0 1 0
2 0 8
2 0 4
1 2 10
0 1 0
0 44 48
1 31 344
1 2 17
0 1 0
2 0 9
2 0 9
2 0 10
0 1 0
1 25 106
1 23 231
2 0 4
0 1 0
1 12 93
0 31 26
0 39 72
0 1 0
2 0 10
1 1 10
1 38 368
0 1 0
1 35 298
2 0 1
1 34 313
0 1 0
0 20 16
1 37 104
3 0 0
0 1 0
1 32 319
1 1 11
1 19 144
0 1 0
2 0 10
2 0 0
2 0 10
0 1 0
2 0 5
0 28 24
1 11 106
0 1 0
3 0 2
0 11 11
2 0 3
0 1 0
2 0 10
2 0 3
0 29 18
0 1 0
2 0 8
1 33 230
2 0 10
0 1 0
2 0 7
1 31 241
0 45 66
0 1 0
1 50 483
0 19 21
4 0 859
0 1 0
0 20 21
2 0 8
0 35 19
0 1 0
1 29 196
2 0 0
1 46 235
0 1 0
3 0 10
2 0 6
1 22 190
0 1 0
0 13 13
2 0 3
2 0 1
0 1 0
1 27 209
1 4 26
1 16 98
0 1 0
0 37 37
1 35 502
1 42 212
0 1 0
1 37 189
0 25 29
1 14 97
0 1 0
0 40 33
0 2 1
2 0 10
0 1 0
1 10 105
2 0 8
2 0 10
0 1 0
1 11 144
1 49 470
1 6 55
0 1 0
0 27 26
1 1 12
4 0 503
0 1 0
2 0 0
0 39 43
2 0 5
0 1 0
2 0 5
2 0 5
0 3 3
0 1 0
0 29 17
4 0 642
2 0 4
0 1 0
1 20 104
2 0 1
0 5 8
0 1 0
2 0 10
0 31 31
0 40 39
0 1 0
1 40 337
0 9 10
1 2 19
0 1 0
2 0 3
0 43 47
2 0 6
0 1 0
2 0 4
2 0 6
0 46 36
0 1 0
0 36 14
2 0 2
2 0 1
0 1 0
1 18 127
1 6 30
2 0 10
0 1 0
1 21 228
2 0 1
0 49 36
0 1 0
0 29 20
1 37 109
2 0 10
0 1 0
1 41 258
1 35 353
1 38 276
0 1 0
1 50 396
2 0 0
2 0 9
0 1 0
3 0 6
2 0 0
1 49 436
0 1 0
1 47 402
1 1 9
2 0 5
0 1 0
1 43 221
1 13 106
4 0 588
0 1 0
4 0 762
2 0 10
0 32 25
0 1 0
2 0 3
0 4 3
1 22 228
0 1 0
4 0 318
1 6 60
1 24 211
0 1 0
2 0 4
0 26 33
2 0 3
0 1 0
2 0 7
2 0 4
0 21 18
0 1 0
2 0 1
0 45 65
4 0 844
0 1 0
1 26 172
2 0 10
2 0 10
0 1 0
1 2 16
1 7 48
2 0 10
0 1 0
2 0 10
1 21 183
1 28 311
0 1 0
1 14 62
2 0 1
1 23 108
0 1 0
0 39 31
2 0 0
0 43 45
0 1 0
0 20 15
0 25 36
2 0 7
0 1 0
0 36 20
4 0 351
2 0 0
0 1 0
2 0 4
1 38 268
2 0 7
0 1 0
1 20 174
3 0 9
2 0 9
0 1 0
2 0 3
2 0 7
2 0 6
0 1 0
1 13 98
1 2 19
1 10 33
0 1 0
0 25 23
1 12 93
2 0 1
0 1 0
1 1 7
1 27 180
0 49 40
0 1 0
2 0 2
1 48 464
1 27 248
0 1 0
0 9 7
1 35 293
0 46 40
0 1 0
2 0 1
2 0 0
1 3 20
0 1 0
1 3 31
1 17 95
0 31 45
0 1 0
2 0 6
1 32 105
3 0 1
0 1 0
1 46 165
1 33 403
1 29 185
0 1 0
4 0 490
1 50 496
1 47 229
0 1 0
2 0 4
2 0 4
2 0 0
0 1 0
1 29 238
0 36 33
1 25 243
0 1 0
2 0 6
2 0 2
0 32 25
0 1 0
1 45 309
2 0 10
1 9 80
0 1 0
1 48 316
2 0 8
0 9 3
0 1 0
1 49 392
1 6 59
0 41 25
0 1 0
1 14 136
3 0 4
1 15 68
0 1 0
1 18 172
1 46 262
1 46 464
0 1 0
1 10 105
0 35 29
3 0 7
0 1 0
0 42 26
1 7 36
2 0 9
0 1 0
2 0 4
2 0 2
2 0 0
0 1 0
1 15 127
1 41 279
1 4 44
0 1 0
0 8 7
2 0 5
1 13 129
0 1 0
1 26 159
3 0 8
1 33 290
0 1 0
2 0 9
1 6 41
2 0 3
0 1 0
1 2 19
2 0 7
1 9 119
0 1 0
1 16 44
1 17 85
0 35 26
0 1 0
4 0 676
3 0 1
2 0 6
0 1 0
2 0 3
1 40 332
2 0 9
0 1 0
0 41 26
2 0 2
4 0 915
0 1 0
2 0 3
1 3 33
0 8 6
0 1 0
2 0 1
4 0 891
4 0 941
0 1 0
0 31 19
2 0 4
1 43 525
0 1 0
1 5 56
3 0 6
0 26 20
0 1 0
0 50 38
0 5 5
0 49 13
0 1 0
1 18 108
1 13 118
2 0 3
0 1 0
3 0 4
1 43 414
1 43 378
0 1 0
2 0 0
1 44 237
1 19 191
0 1 0
2 0 6
1 49 541
1 43 380
0 1 0
0 16 15
1 40 373
2 0 4
0 1 0
2 0 2
0 38 40
0 29 36
0 1 0
3 0 3
2 0 4
1 15 76
0 1 0
1 36 350
0 48 24
1 9 58
0 1 0
3 0 5
2 0 3
1 31 250
0 1 0
0 50 32
2 0 10
0 37 36
0 1 0
1 5 33
2 0 1
0 39 58
0 1 0
3 0 7
1 8 70
2 0 4
0 1 0
0 7 8
2 0 7
0 3 3
0 1 0
2 0 10
1 17 114
1 32 266
0 1 0
1 4 40
2 0 9
0 7 9
0 1 0
0 22 20
1 38 338
2 0 10
0 1 0
1 44 407
2 0 8
2 0 6
0 1 0
0 48 32
0 3 3
1 2 7
0 1 0
1 10 127
2 0 1
1 12 58
0 1 0
0 17 15
1 32 209
1 4 24
0 1 0
0 22 21
0 45 32
2 0 10
0 1 0
2 0 6
2 0 5
2 0 4
0 1 0
2 0 0
1 44 144
2 0 7
0 1 0
1 49 304
4 0 950
1 15 170
0 1 0
2 0 1
2 0 8
1 39 404
0 1 0
4 0 286
2 0 0
1 16 110
0 1 0
3 0 10
1 36 315
0 12 22
0 1 0
1 45 425
1 6 38
2 0 1
0 1 0
1 13 146
2 0 8
1 3 25
0 1 0
1 27 214
1 6 32
1 24 276
0 1 0
2 0 5
2 0 10
1 17 126
0 1 0
2 0 8
2 0 9
0 9 9
0 1 0
1 38 505
2 0 6
1 15 176
0 1 0
1 35 524
2 0 4
2 0 5
0 1 0
0 32 33
1 29 209
1 15 123
0 1 0
1 43 317
1 2 9
0 33 63
0 1 0
1 27 234
2 0 7
4 0 926
0 1 0
2 0 9
0 7 8
2 0 3
0 1 0
1 17 58
0 34 23
0 43 42
0 1 0
2 0 1
0 44 25
0 47 59
0 1 0
2 0 7
3 0 6
1 15 83
0 1 0
0 5 6
1 9 65
1 24 215
0 1 0
0 11 8
1 31 318
1 35 417
0 1 0
0 32 41
0 49 62
0 8 5
0 1 0
2 0 1
4 0 997
0 26 32
0 1 0
2 0 1
1 48 326
2 0 3
0 1 0
1 26 160
3 0 4
3 0 7
0 1 0
3 0 8
2 0 2
1 46 332
0 1 0
2 0 4
2 0 4
2 0 6
0 1 0
1 22 36
0 30 41
1 48 437
0 1 0
1 38 294
1 6 44
1 27 326
0 1 0
2 0 1
1 32 139
1 31 210
0 1 0
0 42 53
0 2 2
0 6 8
0 1 0
4 0 508
2 0 1
1 20 160
0 1 0
4 0 808
4 0 662
1 27 152
0 1 0
2 0 9
0 42 40
2 0 7
0 1 0
1 12 59
1 46 285
0 15 14
0 1 0
1 40 286
1 12 124
2 0 3
0 1 0
1 19 56
0 22 15
0 40 32
0 1 0
1 42 359
1 22 291
4 0 748
0 1 0
1 10 64
1 46 355
1 21 170
0 1 0
2 0 5
0 35 48
0 3 4
0 1 0
2 0 2
1 34 403
1 7 95
0 1 0
4 0 417
4 0 789
0 15 24
0 1 0
1 8 48
1 33 261
0 43 19
0 1 0
2 0 4
3 0 7
1 1 6
0 1 0
2 0 9
1 12 102
2 0 8
0 1 0
0 23 26
1 3 12
1 13 85
0 1 0
1 11 104
1 25 177
1 6 49
0 1 0
1 34 289
2 0 9
2 0 9
0 1 0
1 47 296
1 43 451
1 27 276
0 1 0
2 0 2
1 49 478
1 29 246
0 1 0
2 0 4
2 0 1
2 0 4
0 1 0
1 20 238
1 49 176
1 30 140
0 1 0
1 36 198
4 0 704
0 22 21
0 1 0
1 37 330
1 47 445
2 0 5
0 1 0
2 0 3
0 33 45
0 48 22
0 1 0
1 28 301
0 31 22
2 0 1
0 1 0
2 0 8
3 0 9
0 11 10
0 1 0
1 50 446
4 0 602
0 14 12
0 1 0
0 9 6
1 37 369
2 0 6
0 1 0
1 31 310
1 24 154
2 0 0
0 1 0
1 45 396
2 0 6
1 47 411
0 1 0
2 0 1
1 26 152
2 0 1
0 1 0
2 0 6
0 9 10
2 0 7
0 1 0
2 0 0
0 19 9
1 42 333
0 1 0
0 18 23
1 45 287
2 0 1
0 1 0
0 8 8
1 46 405
1 29 309
0 1 0
1 42 282
2 0 2
2 0 3
0 1 0
0 16 15
1 27 223
1 2 22
0 1 0
0 19 9
4 0 942
1 43 286
0 1 0
1 25 225
2 0 3
2 0 8
0 1 0
1 42 256
1 8 55
1 49 328
0 1 0
1 39 316
1 16 127
2 0 10
0 1 0
2 0 1
1 1 9
1 46 270
0 1 0
2 0 5
2 0 2
3 0 9
0 1 0
1 5 40
1 9 40
2 0 6
0 1 0
2 0 5
1 36 262
3 0 8
0 1 0
0 48 64
2 0 3
2 0 8
0 1 0
1 44 361
4 0 647
2 0 1
0 1 0
0 17 20
0 33 26
2 0 2
0 1 0
2 0 2
3 0 5
1 4 37
0 1 0
1 12 84
1 39 290
2 0 3
0 1 0
0 11 13
0 23 22
0 33 20
0 1 0
0 49 55
0 46 72
1 47 470
0 1 0
1 27 331
2 0 1
2 0 6
0 1 0
1 21 82
3 0 9
0 41 52
0 1 0
0 25 29
1 31 133
1 7 54
0 1 0
2 0 7
1 19 146
0 8 9
0 1 0
3 0 4
2 0 9
1 19 241
0 1 0
1 1 7
1 36 294
1 2 11
0 1 0
0 48 38
1 7 34
0 4 2
0 1 0
0 21 9
2 0 4
1 20 222
0 1 0
2 0 2
1 34 177
0 3 3
0 1 0
0 8 2
0 35 50
4 0 736
0 1 0
1 9 90
2 0 6
1 21 177
0 1 0
0 28 28
1 26 128
0 7 8
0 1 0
4 0 868
0 8 12
2 0 8
0 1 0
2 0 3
2 0 8
1 14 142
0 1 0
3 0 5
4 0 251
0 15 11
0 1 0
1 39 271
2 0 7
0 14 14
0 1 0
2 0 2
1 11 73
2 0 5
0 1 0
0 28 15
1 16 180
0 31 25
0 1 0
2 0 2
1 19 171
2 0 2
0 1 0
2 0 8
1 44 323
2 0 3
0 1 0
0 19 15
1 19 265
2 0 0
0 1 0
1 1 9
1 48 433
1 12 89
0 1 0
1 40 250
0 21 31
1 32 364
0 1 0
2 0 7
0 31 19
0 48 82
0 1 0
2 0 0
0 19 24
0 45 59
0 1 0
2 0 5
2 0 10
1 27 208
0 1 0
1 33 347
0 1 1
1 5 35
0 1 0
1 12 105
1 8 76
0 25 27
0 1 0
0 20 21
1 24 265
0 9 4
0 1 0
2 0 6
1 17 132
1 4 43
0 1 0
2 0 9
2 0 6
0 3 4
0 1 0
2 0 10
2 0 1
1 21 125
0 1 0
2 0 5
1 48 423
2 0 6
0 1 0
2 0 5
0 16 31
2 0 0
0 1 0
1 1 8
2 0 6
0 34 56
0 1 0
2 0 9
2 0 0
1 48 424
0 1 0
1 7 64
1 9 67
0 47 17
0 1 0
1 44 321
1 14 107
1 10 68
0 1 0
2 0 0
1 32 54
1 32 327
0 1 0
2 0 5
0 30 49
1 5 34
0 1 0
0 39 35
1 10 92
2 0 3
0 1 0
4 0 330
0 13 11
2 0 0
0 1 0
2 0 2
2 0 0
1 24 218
0 1 0
1 30 223
1 20 189
2 0 1
0 1 0
0 17 20
1 29 126
0 11 11
0 1 0
1 38 279
1 32 257
0 39 30
0 1 0
1 21 127
0 41 31
1 20 212
0 1 0
0 37 36
2 0 7
2 0 7
0 1 0
0 9 8
2 0 0
0 17 20
0 1 0
1 14 77
2 0 6
2 0 9
0 1 0
1 24 126
1 14 112
2 0 1
0 1 0
2 0 1
1 46 470
3 0 5
0 1 0
2 0 0
0 39 39
0 34 26
0 1 0
0 16 13
2 0 0
4 0 791
0 1 0
3 0 10
1 28 274
2 0 8
0 1 0
2 0 6
0 31 35
0 34 35
0 1 0
2 0 10
1 30 176
1 37 201
0 1 0
3 0 2
2 0 2
0 42 32
0 1 0
1 30 241
1 43 324
2 0 9
0 1 0
2 0 1
1 21 135
0 20 16
0 1 0
0 20 22
0 50 46
0 45 31
0 1 0
2 0 2
0 35 39
2 0 10
0 1 0
0 21 22
0 19 22
1 42 305
0 1 0
0 12 7
2 0 5
0 25 23
0 1 0
0 23 23
2 0 3
2 0 1
0 1 0
0 27 29
0 24 26
1 11 81
0 1 0
2 0 6
2 0 4
1 5 15
0 1 0
1 38 301
0 15 15
0 4 3
0 1 0
2 0 9
1 48 558
2 0 9
0 1 0
2 0 10
4 0 497
0 5 5
0 1 0
1 47 205
1 42 588
2 0 3
0 1 0
2 0 1
0 6 6
1 20 175
0 1 0
0 42 45
1 26 270
2 0 0
0 1 0
4 0 963
1 22 172
1 20 236
0 1 0
1 13 50
2 0 3
0 32 12
0 1 0
2 0 8
1 5 40
3 0 2
0 1 0
0 38 45
1 34 125
1 7 52
0 1 0
2 0 4
0 49 33
2 0 6
0 1 0
1 44 274
1 26 155
1 18 37
0 1 0
4 0 433
1 12 91
0 21 28
0 1 0
1 37 187
1 46 584
0 27 30
0 1 0
1 23 157
0 28 36
0 39 42
0 1 0
1 15 143
2 0 3
0 30 44
0 1 0
2 0 3
2 0 0
1 1 10
0 1 0
2 0 1
0 30 35
2 0 7
0 1 0
2 0 1
2 0 10
0 40 40
0 1 0
1 4 20
0 22 15
2 0 1
0 1 0
1 1 8
2 0 2
2 0 5
0 1 0
2 0 7
1 38 346
1 20 143
0 1 0
1 18 215
1 5 36
2 0 7
0 1 0
0 29 28
1 6 40
1 15 150
0 1 0
0 28 27
2 0 0
4 0 530
0 1 0
4 0 500
1 44 455
1 36 306
0 1 0
2 0 2
1 14 97
2 0 6
0 1 0
1 6 55
2 0 0
0 37 37
0 1 0
1 22 198
2 0 2
2 0 1
0 1 0
2 0 0
1 17 195
1 2 9
0 1 0
0 5 6
1 29 199
1 10 109
0 1 0
1 1 9
1 31 352
1 41 259
0 1 0
4 0 852
3 0 1
0 24 31
0 1 0
4 0 323
1 34 182
1 35 185
0 1 0
0 26 30
2 0 9
2 0 6
0 1 0
2 0 3
1 29 230
2 0 7
0 1 0
2 0 4
1 14 75
1 2 11
0 1 0
2 0 8
2 0 4
1 6 44
0 1 0
0 22 20
1 38 385
1 26 105
0 1 0
2 0 3
2 0 10
1 27 204
0 1 0
1 43 336
0 48 56
2 0 4
0 1 0
2 0 8
0 4 4
3 0 7
0 1 0
2 0 4
2 0 8
1 41 250
0 1 0
1 30 243
1 22 151
2 0 2
0 1 0
2 0 4
2 0 2
3 0 7
0 1 0
1 24 238
1 27 77
2 0 10
0 1 0
3 0 8
1 4 42
0 6 6
0 1 0
1 32 289
1 44 306
1 49 410
0 1 0
1 31 112
0 21 15
2 0 3
0 1 0
1 21 165
0 40 56
0 47 59
0 1 0
0 44 52
0 26 17
2 0 4
0 1 0
2 0 6
0 30 25
1 9 67
0 1 0
2 0 10
2 0 1
2 0 7
0 1 0
0 6 5
1 29 192
1 14 154
0 1 0
1 21 220
1 22 243
0 3 2
0 1 0
0 28 29
1 13 77
3 0 1
0 1 0
2 0 5
1 33 334
0 18 5
0 1 0
0 41 20
1 48 241
2 0 6
0 1 0
1 30 217
1 23 279
3 0 4
0 1 0
1 13 125
4 0 368
1 50 406
0 1 0
1 35 309
1 19 149
0 4 4
0 1 0
1 12 132
2 0 7
2 0 1
0 1 0
0 26 28
1 45 398
0 22 23
0 1 0
1 38 327
1 49 383
2 0 5
0 1 0
2 0 8
0 9 4
2 0 9
0 1 0
1 34 197
1 31 260
1 24 80
0 1 0
0 18 13
2 0 3
2 0 9
0 1 0
4 0 926
2 0 4
2 0 2
0 1 0
0 36 48
2 0 0
3 0 0
0 1 0
1 10 115
1 42 28
4 0 507
0 1 0
2 0 10
2 0 0
1 5 38
0 1 0
2 0 1
0 37 40
1 41 459
0 1 0
0 3 3
1 20 174
1 39 404
0 1 0
0 40 33
1 4 27
2 0 8
0 1 0
1 11 113
2 0 6
3 0 1
0 1 0
2 0 2
2 0 6
1 29 312
0 1 0
2 0 9
1 33 108
1 36 237
0 1 0
1 27 213
1 12 119
0 18 14
0 1 0
2 0 1
2 0 0
1 14 152
0 1 0
2 0 8
1 49 216
2 0 0
0 1 0
0 4 6
1 43 214
3 0 4
0 1 0
1 17 231
2 0 3
0 25 33
0 1 0
0 19 22
0 12 15
1 39 388
0 1 0
1 38 262
2 0 10
2 0 10
0 1 0
1 42 481
1 47 442
2 0 7
0 1 0
1 3 22
2 0 3
2 0 2
0 1 0
0 14 16
1 9 44
1 21 189
0 1 0
0 26 31
2 0 5
0 27 36
0 1 0
3 0 2
0 43 43
0 43 39
0 1 0
1 50 256
1 15 133
1 19 205
0 1 0
1 21 284
2 0 8
4 0 822
0 1 0
1 28 165
1 18 220
2 0 4
0 1 0
1 28 242
1 40 449
0 46 69
0 1 0
1 42 283
1 9 73
0 30 20
0 1 0
0 23 13
2 0 1
2 0 0
0 1 0
1 17 221
0 26 15
0 2 3
0 1 0
0 43 59
3 0 5
1 30 274
0 1 0
3 0 10
2 0 0
0 26 9
0 1 0
2 0 1
0 15 20
2 0 0
0 1 0
2 0 0
2 0 7
1 21 232
0 1 0
2 0 8
1 32 329
1 21 260
0 1 0
0 8 14
2 0 4
1 29 309
0 1 0
2 0 9
0 28 38
1 43 310
0 1 0
0 32 28
1 42 458
1 4 35
0 1 0
0 26 32
1 47 398
0 20 30
0 1 0
2 0 10
0 29 24
1 22 155
0 1 0
2 0 2
2 0 7
2 0 0
0 1 0
0 17 19
4 0 698
1 48 483
0 1 0
1 9 100
2 0 7
2 0 0
0 1 0
2 0 0
1 40 303
0 32 34
0 1 0
2 0 5
3 0 6
1 39 415
0 1 0
1 34 216
3 0 5
2 0 0
0 1 0
4 0 637
1 45 480
0 1 1
0 1 0
1 31 221
1 45 341
2 0 4
0 1 0
1 41 212
0 29 39
3 0 9
0 1 0
4 0 545
1 22 184
1 23 213
0 1 0
1 6 33
1 16 23
1 35 333
0 1 0
1 16 137
1 20 170
0 2 3
0 1 0
1 18 110
2 0 7
2 0 5
0 1 0
2 0 4
3 0 9
1 36 366
0 1 0
1 32 315
1 32 343
1 19 104
0 1 0
0 5 5
1 11 92
2 0 5
0 1 0
1 17 138
0 48 45
1 20 129
0 1 0
4 0 664
1 31 296
0 11 11
0 1 0
0 12 12
1 46 451
2 0 8
0 1 0
3 0 9
2 0 2
1 43 483
0 1 0
2 0 1
0 49 13
0 11 10
0 1 0
1 20 218
1 15 192
2 0 3
0 1 0
1 22 91
1 27 204
2 0 10
0 1 0
2 0 2
0 5 6
0 16 23
0 1 0
2 0 2
0 5 4
0 20 8
0 1 0
1 16 100
2 0 8
1 48 333
0 1 0
1 34 203
2 0 7
2 0 2
0 1 0
0 11 17
2 0 4
0 41 48
0 1 0
1 14 105
2 0 9
2 0 8
0 1 0
2 0 3
0 18 24
2 0 1
0 1 0
1 34 283
1 26 203
2 0 2
0 1 0
0 16 13
0 8 11
2 0 3
0 1 0
1 37 242
1 26 336
2 0 2
0 1 0
1 12 103
2 0 1
1 1 8
0 1 0
0 27 18
0 27 21
0 31 17
0 1 0
2 0 6
2 0 8
1 13 104
0 1 0
2 0 10
0 12 12
1 23 177
0 1 0
1 16 154
1 41 187
3 0 7
0 1 0
1 23 114
0 43 1
1 39 330
0 1 0
1 23 211
0 16 18
2 0 1
0 1 0
1 2 23
1 43 453
1 10 108
0 1 0
2 0 6
0 25 22
2 0 1
0 1 0
2 0 8
1 19 3
0 3 3
0 1 0
1 10 107
1 44 235
2 0 5
0 1 0
1 14 112
2 0 8
3 0 1
0 1 0
1 9 41
2 0 4
3 0 6
0 1 0
1 33 58
1 15 128
1 11 87
0 1 0
0 19 29
0 39 35
2 0 9
0 1 0
0 34 41
0 8 9
1 29 206
0 1 0
4 0 270
0 2 2
1 45 401
0 1 0
1 26 135
0 48 30
3 0 6
0 1 0
1 13 100
1 32 296
1 4 26
0 1 0
2 0 2
2 0 9
4 0 383
0 1 0
2 0 2
2 0 8
0 2 2
0 1 0
2 0 10
3 0 8
1 2 17
0 1 0
0 38 37
2 0 3
2 0 4
0 1 0
1 27 107
0 21 19
2 0 3
0 1 0
1 16 46
2 0 5
2 0 9
0 1 0
1 30 171
1 35 183
1 16 158
0 1 0
1 41 164
2 0 2
2 0 6
0 1 0
2 0 2
1 23 236
0 9 10
0 1 0
1 20 224
0 33 38
1 50 391
0 1 0
2 0 4
1 27 177
0 45 38
0 1 0
1 17 149
2 0 6
0 35 33
0 1 0
2 0 0
0 20 17
2 0 2
0 1 0
1 11 123
2 0 2
4 0 446
0 1 0
3 0 8
2 0 1
0 20 14
0 1 0
0 9 7
2 0 0
1 44 496
0 1 0
2 0 3
1 34 113
0 33 19
0 1 0
0 39 40
2 0 9
2 0 10
0 1 0
0 31 38
1 29 215
1 41 384
0 1 0
0 31 36
2 0 2
1 11 108
0 1 0
2 0 1
1 37 391
0 6 6
0 1 0
1 10 66
1 2 15
1 6 58
0 1 0
1 34 376
1 42 409
0 19 32
0 1 0
2 0 9
0 20 27
4 0 884
0 1 0
1 40 242
1 39 144
2 0 5
0 1 0
1 36 388
2 0 7
0 2 1
0 1 0
2 0 8
1 37 319
1 3 18
0 1 0
0 40 32
2 0 2
0 45 43
0 1 0
2 0 3
0 36 23
2 0 10
0 1 0
2 0 4
1 16 199
4 0 912
0 1 0
0 7 7
0 33 13
1 29 165
0 1 0
4 0 542
2 0 10
0 6 6
0 1 0
1 15 144
2 0 1
0 45 43
0 1 0
1 43 342
1 6 57
0 3 2
0 1 0
1 18 91
1 4 18
1 32 210
0 1 0
1 38 335
1 29 259
1 31 243
0 1 0
1 18 63
0 26 35
0 41 41
0 1 0
1 32 91
3 0 1
0 38 36
0 1 0
1 11 64
2 0 10
0 38 29
0 1 0
1 9 82
0 24 31
2 0 10
0 1 0
2 0 2
0 16 17
2 0 9
0 1 0
0 43 35
1 39 292
1 32 312
0 1 0
1 31 104
1 27 186
1 14 159
0 1 0
1 10 103
0 9 16
2 0 0
0 1 0
2 0 8
2 0 1
0 37 46
0 1 0
4 0 737
1 47 366
1 30 238
0 1 0
0 36 39
0 38 59
1 30 235
0 1 0
2 0 0
1 43 552
1 6 35
0 1 0
2 0 5
1 44 301
3 0 4
0 1 0
2 0 1
2 0 0
0 32 30
0 1 0
1 40 517
1 23 119
0 3 4
0 1 0
0 28 12
1 17 170
0 42 55
0 1 0
0 1 1
0 2 1
2 0 2
0 1 0
1 30 228
1 7 25
2 0 4
0 1 0
0 7 3
1 32 316
2 0 10
0 1 0
2 0 8
2 0 8
2 0 10
0 1 0
0 22 31
4 0 653
4 0 500
0 1 0
1 44 430
2 0 3
0 11 13
0 1 0
4 0 424
2 0 1
0 37 44
0 1 0
1 16 186
2 0 9
1 21 216
0 1 0
2 0 4
2 0 5
0 19 19
0 1 0
1 24 45
1 39 81
1 23 308
0 1 0
0 8 5
1 1 10
1 12 55
0 1 0
0 8 8
2 0 0
0 12 16
0 1 0
2 0 7
2 0 4
1 22 98
0 1 0
1 22 129
1 26 253
1 34 275
0 1 0
0 8 7
2 0 10
2 0 0
0 1 0
2 0 3
2 0 3
2 0 1
0 1 0
1 30 195
1 31 310
0 9 6
0 1 0
1 8 75
2 0 10
2 0 2
0 1 0
0 15 20
4 0 374
3 0 1
0 1 0
2 0 2
2 0 5
0 48 39
0 1 0
0 50 40
1 1 9
2 0 1
0 1 0
0 41 37
0 25 27
0 30 32
0 1 0
2 0 10
1 30 224
0 42 40
0 1 0
0 22 16
1 15 145
4 0 758
0 1 0
1 50 296
1 27 297
2 0 10
0 1 0
2 0 3
1 9 70
1 44 463
0 1 0
0 26 9
2 0 10
2 0 5
0 1 0
1 43 538
1 14 168
1 18 152
0 1 0
1 29 294
1 28 81
1 50 474
0 1 0
1 23 197
2 0 10
0 13 11
0 1 0
2 0 0
3 0 1
0 33 47
0 1 0
1 49 329
0 39 28
2 0 10
0 1 0
0 6 3
0 21 18
2 0 7
0 1 0
1 24 96
1 41 365
4 0 932
0 1 0
1 30 161
2 0 0
2 0 6
0 1 0
2 0 8
0 27 19
1 8 109
0 1 0
1 34 281
2 0 4
2 0 9
0 1 0
4 0 954
2 0 0
3 0 6
0 1 0
0 38 34
0 6 9
1 36 190
0 1 0
2 0 5
0 45 56
0 34 42
0 1 0
1 6 49
1 26 122
0 5 3
0 1 0
1 15 185
1 41 393
2 0 6
0 1 0
4 0 891
2 0 1
0 36 59
0 1 0
1 24 34
2 0 8
1 29 171
0 1 0
1 19 179
1 6 38
1 12 97
0 1 0
2 0 8
1 20 156
2 0 1
0 1 0
0 1 1
0 29 36
1 39 338
0 1 0
1 43 456
0 47 49
1 29 261
0 1 0
0 20 24
0 17 27
0 28 27
0 1 0
4 0 208
0 26 41
2 0 7
0 1 0
1 43 469
1 40 281
2 0 1
0 1 0
1 38 301
1 50 344
1 15 108
0 1 0
0 46 1
0 15 10
2 0 5
0 1 0
1 49 309
0 29 14
0 22 24
0 1 0
0 44 44
0 24 28
1 23 350
0 1 0
1 49 296
0 41 43
0 24 31
0 1 0
1 15 55
2 0 6
0 9 5
0 1 0
2 0 1
1 36 187
1 37 249
0 1 0
1 10 95
2 0 1
0 31 37
0 1 0
2 0 4
1 21 114
4 0 568
0 1 0
0 29 33
1 1 8
0 35 36
0 1 0
0 1 1
2 0 8
2 0 2
0 1 0
1 40 267
2 0 1
1 23 300
0 1 0
2 0 3
2 0 10
1 41 160
0 1 0
1 17 166
0 49 69
2 0 2
0 1 0
2 0 7
2 0 7
1 18 95
0 1 0
1 37 304
0 6 5
1 38 280
0 1 0
0 29 25
1 13 63
2 0 10
