6 7 3 1000
10 8
14 12
119 174
53 35
100 114
11 11
6 7
4 4
166 105
7 7
25 17
73 68
166 135
57 52
19 11
61 55
146 124
65 45
250 152
146 159
4 3
34 31
20 32
28 50
22 34
13 13
23 20
68 40
53 51
21 13
35 39
236 241
82 86
8 9
7 6
7 7
188 210
5 4
6 6
8 6
45 43
67 96
121 99
77 81
47 29
38 22
232 144
6 8
7 7
6 5
167 112
68 52
139 231
101 118
182 102
196 165
58 86
22 18
96 144
18 21
164 83
65 121
6 5
53 57
6 10
43 41
14 13
83 50
10 10
238 188
16 13
21 11
55 38
129 119
5 7
144 122
213 182
50 31
25 35
211 202
30 16
10 18
254 339
205 127
220 235
48 32
138 161
7 9
16 12
9 8
12 12
20 19
184 138
74 52
15 38
63 72
48 64
15 15
7 6
22 16
81 70
19 12
25 34
27 36
145 176
7 4
8 13
36 24
5 4
76 80
200 275
8 13
29 35
14 20
5 3
11 10
112 53
9 10
9 7
7 6
175 150
91 69
8 6
10 10
50 32
44 46
159 198
6 7
38 23
12 11
18 20
11 17
7 11
33 36
159 175
63 56
67 78
113 92
59 49
206 189
158 65
181 99
83 111
69 64
50 25
17 31
6 7
13 12
85 69
21 22
91 86
85 128
27 25
97 95
10 11
10 9
66 51
4 5
62 86
10 7
186 169
13 10
104 110
18 16
197 180
64 63
216 171
20 25
9 10
4 5
30 18
113 138
12 11
20 26
41 38
13 9
17 28
60 76
38 43
101 118
33 32
32 39
182 187
57 48
86 115
11 12
39 34
18 21
11 9
36 36
8 6
183 451
20 14
74 64
14 11
8 10
11 12
25 36
46 52
14 13
48 37
23 19
10 9
11 7
9 10
64 64
8 10
13 14
5 4
4 5
17 13
13 32
22 25
211 307
5 6
101 159
92 86
91 216
151 210
82 43
22 21
7 10
21 12
54 48
5 7
6 5
137 110
9 10
29 26
88 88
49 73
60 53
84 66
10 9
13 10
5 3
5 4
9 17
25 20
46 47
99 206
25 18
6 4
179 280
4 7
85 105
6 10
137 139
14 20
249 238
75 66
136 156
19 9
15 14
8 14
91 73
248 364
134 237
46 31
34 32
64 54
46 29
95 120
6 7
5 5
220 788
28 19
19 21
35 39
16 25
6 4
9 11
43 40
157 83
5 3
5 5
68 126
13 18
38 53
9 12
58 47
151 135
7 5
118 131
101 143
9 8
58 129
167 247
151 145
179 181
17 20
171 136
18 19
38 25
13 25
10 8
44 30
83 89
149 111
32 25
202 238
126 68
77 76
26 26
11 10
26 19
9 5
225 276
104 91
8 13
12 10
103 64
54 83
89 130
111 93
7 4
10 7
9 12
35 21
160 134
7 8
119 126
38 23
235 582
167 240
161 167
64 55
112 116
155 200
21 20
74 50
5 6
126 104
61 68
8 7
80 71
42 24
14 19
63 86
5 4
40 20
24 18
33 35
17 16
124 188
167 332
58 107
6 6
6 8
91 98
20 25
10 14
253 282
12 18
29 47
12 11
9 8
29 15
26 22
22 20
14 16
198 152
45 37
83 101
134 86
27 26
33 43
9 7
9 8
12 10
192 163
5 7
25 24
52 25
16 19
11 16
8 7
256 200
226 354
13 10
19 17
158 235
48 55
178 148
26 13
44 43
37 31
6 6
29 43
18 15
192 182
53 87
21 26
42 31
232 137
10 11
95 113
7 6
76 71
119 59
8 6
5 8
133 175
220 169
6 5
4 5
33 67
68 75
175 202
72 51
6 4
4 4
159 142
25 17
38 42
8 6
49 47
89 105
10 8
78 79
7 6
6 12
109 171
69 62
70 49
153 171
185 440
136 172
28 24
87 100
9 7
30 20
30 43
142 122
19 18
25 22
167 160
12 6
26 52
4 5
100 68
22 22
28 19
78 80
5 5
19 28
6 3
10 16
85 58
5 5
34 25
73 91
58 76
78 69
82 102
11 9
5 3
7 6
6 4
81 60
45 64
169 375
197 70
27 34
20 18
39 25
8 6
48 46
52 46
44 58
35 34
62 146
21 42
57 48
5 3
234 350
121 137
60 30
230 176
149 198
39 68
5 7
10 10
43 18
186 105
5 6
22 20
28 24
80 82
23 14
16 13
40 96
13 8
8 12
15 29
6 3
4 3
42 37
232 191
60 57
9 10
54 60
10 12
218 469
69 64
22 16
43 33
10 12
38 52
143 198
66 76
11 8
217 154
229 235
155 108
8 9
140 313
30 84
63 52
6 5
8 5
73 82
5 3
9 10
9 7
16 23
5 10
8 8
45 36
242 318
15 15
88 69
159 158
5 5
47 61
237 201
96 183
45 32
8 7
68 55
6 3
9 11
81 91
13 14
160 77
11 13
83 123
23 39
127 91
191 267
165 202
6 4
13 9
90 150
53 60
143 218
9 10
237 166
191 237
34 22
117 119
56 53
127 127
150 152
42 58
232 202
6 9
6 3
25 30
252 271
108 286
10 5
13 9
237 205
5 4
9 7
34 33
207 237
107 108
20 27
48 29
215 203
35 60
41 31
14 12
40 41
6 9
45 25
17 19
15 6
24 20
152 95
142 116
42 57
66 48
6 6
58 87
142 217
8 8
124 156
4 7
32 26
57 39
89 84
7 10
14 17
59 59
5 7
122 138
134 153
65 62
30 27
6 4
103 124
34 21
5 7
105 86
39 23
4 5
4 5
18 16
19 22
187 326
6 6
68 88
91 92
11 11
17 14
201 182
21 18
59 124
52 61
33 30
27 18
8 15
10 8
14 16
58 44
36 32
252 414
220 164
4 4
6 7
5 3
7 4
200 211
8 12
169 129
9 8
47 60
8 4
244 216
38 32
4 3
10 6
6 10
38 35
57 46
5 6
131 211
235 150
7 7
66 97
18 17
120 159
101 88
34 52
14 19
8 8
141 225
8 10
47 41
36 51
5 6
5 6
5 7
8 3
202 271
204 276
44 36
135 144
25 20
24 22
5 4
13 16
121 183
9 11
15 18
11 8
10 11
38 31
23 14
9 9
31 27
33 36
221 170
106 61
15 23
188 152
5 9
14 21
13 13
9 5
6 5
34 16
94 72
4 5
8 8
87 52
146 101
26 33
15 26
51 61
47 50
157 293
28 29
7 9
32 24
74 65
26 18
5 6
14 12
233 196
13 12
6 5
6 6
21 12
11 22
66 70
34 57
14 7
19 21
17 25
153 141
5 3
5 5
8 13
37 28
137 76
240 222
21 23
59 83
10 13
33 25
30 25
23 16
8 12
138 95
33 36
6 5
8 6
124 138
71 76
39 53
35 47
14 21
14 12
20 19
5 6
83 113
23 15
84 86
15 26
15 15
12 10
5 6
51 83
26 33
4 4
49 57
49 34
104 151
189 181
119 119
17 26
29 43
52 43
17 10
4 4
11 17
223 291
81 102
30 35
52 50
6 5
19 17
17 13
12 17
102 102
5 4
164 141
38 29
242 312
206 345
8 10
9 4
17 14
4 4
9 8
16 9
6 5
22 20
11 8
39 25
217 186
11 18
8 7
200 310
42 24
10 11
176 181
211 218
6 13
5 10
9 13
7 9
17 17
57 31
74 94
7 9
97 80
6 9
66 42
136 200
75 99
15 15
6 3
31 40
9 9
21 13
11 8
12 12
24 41
37 46
86 96
201 179
64 54
112 155
11 9
17 11
130 76
109 170
27 32
108 71
73 74
71 69
11 6
5 5
5 5
39 35
14 26
94 53
236 339
42 46
65 114
196 243
25 29
51 50
23 37
5 10
28 24
11 7
48 89
119 106
4 8
28 25
172 211
26 11
197 127
147 69
33 29
136 166
85 96
205 259
11 14
156 157
55 83
15 9
15 11
72 84
74 105
17 8
22 14
24 26
23 41
49 50
141 137
20 30
33 31
113 158
52 86
9 9
67 81
5 5
19 14
36 20
21 27
7 5
13 17
9 15
49 78
18 33
52 36
34 34
16 14
14 12
19 23
6 5
10 10
41 25
30 32
7 5
76 97
209 311
6 7
75 49
6 6
79 98
69 84
9 6
134 190
44 26
24 20
5 4
27 19
28 24
8 5
33 34
37 50
5 5
8 4
11 14
4 5
29 18
43 52
8 6
192 139
120 128
110 97
142 170
63 72
5 5
13 16
130 126
6 3
11 13
29 44
6 7
52 104
88 105
20 22
5 3
19 20
184 193
26 17
6 10
43 56
6 6
98 40
93 100
8 8
50 81
37 27
5 7
28 25
6 4
17 18
187 173
15 12
7 4
216 183
6 8
5 6
111 120
76 92
97 60
76 61
11 7
5 4
33 20
96 123
7 5
230 289
10 5
44 54
48 37
145 247
68 69
113 125
52 85
99 214
15 12
10 8
5 7
6 5
116 125
85 83
8 5
4 7
60 53
12 7
37 35
94 42
31 24
5 4
38 30
230 174
12 9
115 113
112 116
126 160
34 62
151 80
6 4
150 90
57 37
224 212
5 5
16 21
76 55
13 38
90 55
76 59
7 6
21 11
121 97
49 39
7 8
17 17
47 24
13 12
15 17
15 18
9 22
22 11
55 37
198 161
169 295
17 21
23 16
74 131
12 14
78 81
80 68
15 15
10 10
80 61
48 32
20 18
20 12
137 177
130 206
197 470
64 56
19 16
10 8
52 36
202 186
6 8
13 17
209 149
23 21
20 15
112 132
128 149
112 64
78 67
181 169
15 16
8 5
191 254
18 15
5 8
10 10
11 12
6 7
30 21
6 4
5 4
5 5
18 21
15 18
41 23
189 270
192 191
163 134
36 48
11 11
25 37
235 137
5 4
24 27
15 15
128 118
21 57
17 14
6 5
149 117
5 5
5 4
36 33
14 9
101 72
18 29
47 58
17 20
33 37
6 7
28 32
52 57
24 22
31 18
8 7
64 84
36 47
144 133
25 24
27 30
27 16
43 28
31 24
229 170
10 11
172 189
8 7
25 16
20 20
94 109
122 137
12 8
70 61
17 16
124 117
49 60
61 94
6 8
6 5
30 32
17 20
26 24
143 115
28 43
66 111
11 10
26 44
126 105
6 10
5 4
22 26
12 11
32 36
7 6
96 64
94 58
15 11
6 5
19 24
28 22
6 8
171 185
207 163
23 17
24 26
10 8
44 43
18 11
6 9
18 21
24 37
5 8
17 18
22 19
6 4
115 138
6 4
114 135
15 23
22 16
138 137
7 7
10 8
73 54
111 99
73 49
9 8
12 9
8 7
28 15
140 83
22 28
9 19
5 2
173 178
48 55
10 6
42 18
95 61
40 29
28 22
18 14
33 81
17 15
8 10
182 151
8 7
162 89
6 6
148 142
108 47
24 30
25 23
62 37
34 57
198 238
21 14
25 31
219 293
49 56
19 23
210 184
42 31
16 18
5 8
28 25
33 23
51 27
12 16
37 43
78 99
19 27
8 15
84 45
56 49
5 9
148 174
112 176
20 11
27 19
184 187
93 87
20 14
7 8
151 131
10 7
10 7
10 12
27 50
32 28
23 21
65 37
72 66
5 8
122 197
253 331
12 14
186 124
79 56
4 4
210 185
4 3
4 4
22 30
71 70
73 54
96 110
8 17
234 257
223 159
157 161
24 15
6 4
25 24
104 116
153 168
35 46
6 2
44 75
16 16
50 49
30 20
36 18
152 358
32 43
57 74
141 150
7 6
112 112
5 5
42 108
43 64
27 32
24 35
162 142
17 12
5 5
13 19
36 35
26 25
47 40
11 16
53 49
28 21
180 206
14 10
9 7
214 244
159 220
7 7
156 134
123 111
22 14
9 13
15 11
17 43
16 22
133 124
19 24
25 30
9 9
18 24
47 52
37 25
38 36
207 194
13 13
8 9
34 65
38 51
12 12
34 39
43 78
201 143
218 153
21 32
7 7
184 321
68 80
22 15
117 69
124 132
199 204
11 6
75 92
168 235
141 130
6 7
179 200
22 21
25 16
11 24
8 11
125 61
16 23
93 111
24 27
5 5
22 23
7 7
153 245
111 148
14 24
13 9
51 31
200 172
90 55
208 313
234 287
120 170
12 8
186 143
16 13
13 12
5 2
13 16
43 51
44 42
4 8
28 22
65 61
4 8
15 15
6 7
36 24
15 21
128 118
5 5
7 6
148 81
48 40
5 5
58 52
193 154
22 18
65 73
47 45
12 11
111 89
86 70
147 270
14 15
15 6
12 11
203 199
147 187
13 20
18 17
32 43
62 83
86 61
32 28
6 4
17 22
256 182
57 64
65 48
6 4
203 167
5 7
4 4
12 4
194 220
6 6
16 20
103 103
43 43
163 160
13 21
174 208
5 6
121 99
72 86
202 211
232 250
21 14
38 35
107 162
16 21
40 48
26 18
5 4
21 40
6 5
16 11
127 81
5 3
22 28
6 6
225 107
6 6
44 77
57 80
21 39
5 5
25 23
20 19
18 26
138 105
10 14
71 107
241 332
18 20
18 19
34 50
11 19
142 240
7 6
18 20
6 6
245 261
154 113
208 224
41 30
8 7
12 8
12 11
90 50
193 196
82 120
162 156
30 28
47 76
137 130
31 75
14 20
18 13
13 12
16 25
19 13
78 110
45 42
12 8
9 7
28 22
152 130
49 27
52 31
22 13
31 31
16 28
80 82
247 413
12 11
11 9
29 34
4 6
78 87
32 26
110 216
115 176
16 13
121 81
44 49
134 130
101 85
183 300
63 47
229 381
81 80
212 284
19 24
21 15
24 30
4 7
217 191
23 30
9 8
38 29
10 9
21 27
37 30
40 60
20 20
93 117
76 84
39 50
93 69
41 35
121 143
232 369
49 58
24 34
5 8
8 7
16 17
14 12
10 5
25 45
113 95
16 15
9 8
22 25
4 4
5 3
43 42
7 15
58 57
112 78
7 10
72 83
100 84
20 30
137 148
7 4
11 15
65 32
8 7
38 61
61 82
153 175
53 80
7 5
144 126
56 75
46 80
79 96
9 5
15 15
129 133
32 54
117 141
194 99
29 22
5 6
73 46
133 106
19 22
18 11
117 98
155 170
12 19
238 202
246 408
11 8
22 18
29 23
7 6
40 32
6 6
6 10
60 87
26 24
119 254
27 23
83 148
5 4
13 11
72 65
250 226
8 8
239 242
14 22
16 19
18 20
63 113
16 15
21 24
63 50
19 15
41 54
57 47
17 22
6 7
36 33
214 182
43 27
98 157
15 15
7 5
118 65
20 24
11 6
125 131
35 64
10 10
15 16
6 6
96 128
15 25
65 79
29 22
86 85
5 9
133 123
28 26
8 10
5 5
14 12
7 9
7 9
50 42
150 167
22 21
201 222
6 5
52 74
13 10
24 32
57 80
96 171
7 6
97 85
27 28
6 4
68 44
110 98
170 143
48 82
175 114
28 38
27 32
212 137
6 7
8 10
4 5
215 226
10 10
60 59
41 17
10 9
4 7
15 22
15 18
5 3
12 12
173 118
10 5
22 40
28 27
15 15
16 12
12 19
43 31
84 53
28 18
66 111
192 230
5 4
29 25
18 15
62 44
35 46
5 5
26 37
53 53
115 88
19 15
28 22
7 9
9 10
5 11
67 89
40 52
7 5
31 23
206 169
10 7
133 95
113 115
40 37
6 6
32 28
17 10
246 353
145 107
5 5
23 25
5 8
179 104
13 8
9 16
9 11
19 20
8 7
74 93
5 6
6 5
132 100
59 57
113 81
11 10
33 31
51 75
7 7
16 24
7 6
56 99
16 20
51 54
8 7
38 34
9 9
223 352
6 4
201 113
176 241
240 431
174 145
86 152
16 24
132 123
62 97
108 179
123 188
10 17
162 227
8 10
11 14
4 5
170 204
6 4
5 9
241 230
4 4
5 3
166 209
44 50
227 282
88 110
33 23
234 142
18 19
39 34
62 54
15 12
202 210
4 4
58 30
93 143
184 136
126 80
12 10
83 122
4 4
5 3
53 43
10 8
208 231
7 13
9 7
4 4
9 8
10 8
4 4
27 23
8 10
4 10
83 61
11 23
153 233
43 30
6 2
84 120
45 62
205 227
66 108
13 4
6 8
98 88
49 40
36 34
37 29
14 13
165 242
6 2
12 9
76 53
11 8
254 219
7 6
5 6
51 48
19 50
227 287
17 20
27 26
13 26
11 16
114 143
19 8
5 6
12 8
22 23
68 41
26 34
126 100
110 166
218 169
192 158
122 138
6 9
33 50
73 93
53 58
82 100
24 30
39 30
10 12
147 153
96 113
102 119
169 118
176 202
179 142
35 18
90 82
61 43
24 17
12 5
19 25
5 4
111 259
42 47
16 13
28 16
7 5
29 36
32 31
252 169
25 40
95 63
20 31
6 7
49 25
101 95
46 54
8 10
24 27
13 17
10 19
33 28
6 5
225 377
51 38
21 24
198 229
8 4
27 31
202 247
8 6
41 39
17 32
57 49
14 13
8 6
78 49
118 124
5 6
62 51
133 258
68 80
143 236
44 40
18 13
87 121
9 7
9 8
7 5
36 57
58 54
18 19
247 276
99 217
8 18
64 93
5 3
206 251
18 21
11 18
20 17
8 11
48 44
44 26
7 7
11 23
121 194
6 8
6 5
29 26
24 37
6 3
40 59
29 39
14 18
256 219
138 141
32 26
22 18
16 23
122 84
87 83
130 196
7 7
38 39
10 13
157 121
15 17
142 226
89 99
30 17
101 158
145 136
25 29
6 16
151 110
22 14
37 88
25 24
75 35
108 165
28 30
62 59
252 255
7 13
78 84
91 52
7 9
45 90
53 81
12 9
28 43
54 51
19 26
29 35
139 145
22 20
7 12
30 32
7 6
9 7
12 10
222 246
5 4
59 72
9 6
185 236
15 21
12 8
9 12
13 23
14 20
4 6
28 42
11 13
6 9
28 15
77 96
12 11
35 35
73 113
100 123
14 24
9 11
102 115
6 8
38 55
7 6
169 181
27 34
7 6
5 4
22 23
6 4
72 79
22 23
24 22
20 18
183 219
80 65
81 82
15 9
6 4
138 267
37 69
30 19
42 45
39 38
78 64
38 47
117 128
163 163
29 48
4 5
12 7
24 11
55 43
49 50
210 255
21 37
5 5
13 15
48 71
151 179
251 215
13 10
6 5
193 621
62 61
7 7
10 18
6 8
8 8
37 78
91 93
7 8
216 186
20 26
24 21
113 127
69 57
60 50
66 54
231 215
25 14
4 6
12 10
71 80
250 184
162 248
23 15
6 6
159 193
152 240
30 13
161 137
18 8
41 37
5 5
5 5
162 108
61 85
63 60
7 10
202 130
7 8
5 8
5 5
19 16
78 60
15 23
6 7
13 16
9 12
98 79
40 30
27 26
5 6
5 7
23 13
23 21
22 23
77 89
5 3
9 15
256 139
50 63
44 40
13 9
76 51
13 5
12 13
18 23
237 435
38 29
8 12
17 16
70 93
5 3
30 36
37 33
86 47
24 70
71 63
7 4
212 143
206 187
15 14
31 31
212 157
9 10
165 246
7 5
6 6
58 39
94 94
5 6
76 49
95 114
6 8
63 54
45 25
28 29
6 4
6 6
4 8
14 26
126 139
14 11
6 8
27 27
142 71
101 84
6 4
19 23
44 25
138 121
8 7
11 5
42 60
246 138
64 59
22 27
8 7
58 84
48 188
57 63
23 34
7 8
12 22
62 59
42 55
55 97
50 55
160 133
12 17
16 14
14 16
25 20
16 18
22 44
203 120
19 14
83 94
59 30
38 28
176 328
7 12
4 2
30 40
31 15
14 12
126 104
5 4
10 10
7 4
165 112
121 179
108 101
30 28
107 77
22 12
28 29
122 65
174 176
64 56
5 4
178 186
31 24
70 76
14 9
7 6
12 8
125 117
13 27
41 68
5 6
4 4
6 6
129 90
19 11
49 54
31 46
37 18
81 157
46 79
4 5
36 50
228 261
41 30
11 15
14 19
72 74
40 38
98 129
151 191
41 32
190 256
6 5
13 15
181 82
222 140
13 12
15 15
108 103
25 11
12 16
251 338
201 223
18 20
124 159
8 6
5 7
96 99
5 6
24 15
44 60
5 5
113 105
23 23
118 173
107 69
34 68
12 13
25 21
8 11
55 66
12 10
7 8
7 7
209 112
7 5
18 31
61 31
26 25
7 6
61 60
6 7
15 23
160 107
27 20
20 22
72 78
6 4
101 157
8 10
31 40
15 10
90 98
8 7
19 15
66 81
38 65
197 134
25 15
52 105
15 11
14 12
7 6
44 32
6 8
57 51
124 130
22 25
57 91
102 111
66 65
39 55
5 5
119 99
13 10
95 71
99 106
98 128
167 182
6 4
5 6
4 7
35 27
9 4
76 131
16 22
22 33
15 16
10 10
63 94
13 10
161 214
66 99
189 244
150 175
20 36
29 25
96 282
13 16
40 57
24 36
6 5
113 167
6 3
66 22
5 8
8 10
7 5
72 60
13 12
13 17
157 103
20 26
37 23
9 10
198 144
7 5
82 95
162 151
44 62
172 273
160 172
7 11
60 85
18 19
239 257
41 44
12 10
16 13
44 32
4 5
245 151
60 72
140 110
80 96
192 151
19 14
147 122
9 6
6 9
42 36
21 19
17 17
27 33
15 9
42 56
16 14
68 115
11 12
20 39
53 49
20 20
36 57
8 12
91 107
162 165
119 98
10 18
229 185
84 80
29 33
6 6
13 24
19 13
204 193
30 19
7 7
20 15
149 160
24 12
38 52
213 208
84 92
24 19
6 8
7 11
160 176
107 155
53 76
11 18
27 36
184 310
22 12
44 53
6 5
107 119
199 240
102 87
49 58
126 56
17 8
53 69
14 17
44 48
40 31
15 9
12 13
29 31
9 11
79 57
17 25
29 29
187 191
28 26
70 84
29 37
16 20
49 40
15 11
152 155
54 54
8 10
9 6
109 129
38 25
4 3
34 26
71 80
8 4
67 56
132 144
19 21
58 42
66 51
39 20
39 48
64 69
222 228
13 16
14 23
13 14
6 11
88 96
10 12
191 172
51 44
82 95
17 21
36 27
12 21
6 4
18 20
20 19
27 21
177 225
5 4
11 18
75 93
76 87
161 120
221 247
37 70
5 5
27 24
13 9
10 11
10 9
18 17
80 109
10 9
22 20
38 34
85 95
12 11
24 30
6 5
45 56
10 14
5 5
9 11
24 22
38 38
29 27
9 7
33 36
240 315
51 63
53 52
135 109
34 28
112 73
31 37
36 39
63 68
48 38
4 6
7 6
20 31
94 91
33 32
16 18
82 98
8 4
16 9
136 161
17 9
6 9
20 22
5 6
44 29
6 3
240 349
249 371
16 20
38 36
30 35
5 5
97 140
4 3
10 7
7 8
197 162
183 173
4 5
118 102
30 35
6 4
8 10
40 35
27 42
7 6
23 27
28 19
145 132
68 95
38 30
67 136
29 19
149 97
40 61
60 94
11 12
15 12
36 44
41 31
44 34
4 4
85 108
120 125
6 6
5 3
30 22
16 15
12 15
194 318
93 50
25 35
5 2
18 22
44 47
7 6
4 2
37 35
70 83
79 200
46 38
219 127
11 6
15 33
5 7
5 4
83 105
231 309
34 57
22 16
5 3
12 11
7 5
26 18
16 14
9 13
6 6
97 65
26 36
25 13
52 42
127 100
48 63
32 25
12 15
18 20
63 31
119 278
5 6
23 27
16 12
4 3
171 153
5 4
35 37
56 58
46 41
154 239
26 23
8 5
87 53
35 41
110 93
54 47
84 101
38 35
23 18
20 18
7 6
57 39
10 9
13 14
145 179
197 142
251 361
57 72
38 38
33 46
6 8
85 70
4 5
216 302
61 65
174 304
33 23
24 25
100 177
180 171
19 14
4 4
22 16
34 55
52 37
175 166
5 5
13 7
64 67
56 74
13 17
13 19
161 209
44 36
95 57
168 237
147 156
58 28
35 34
131 93
18 13
8 10
10 8
118 83
49 75
44 56
23 38
6 7
16 15
54 35
177 138
110 114
156 272
87 132
24 54
15 13
72 65
93 93
4 6
4 6
48 39
6 9
6 5
12 9
152 141
9 4
6 5
9 8
62 81
253 166
14 10
5 6
254 245
46 31
13 11
114 65
11 11
64 48
24 31
12 24
97 163
152 114
135 190
7 14
7 5
54 60
109 60
238 138
13 17
119 108
165 162
32 34
46 34
127 119
71 120
28 16
5 9
6 3
57 37
89 67
21 20
6 5
165 158
20 24
9 8
7 11
96 61
29 41
116 102
18 22
156 258
14 13
5 6
52 69
195 373
8 18
14 15
145 159
177 175
5 6
15 21
49 36
57 53
6 3
14 9
156 212
10 6
20 16
8 9
29 21
74 44
12 15
206 173
74 66
42 31
244 175
31 22
84 81
106 121
73 50
256 267
10 8
34 31
13 14
240 346
49 32
15 10
158 76
20 21
81 81
35 27
7 6
11 6
232 174
5 5
152 206
40 42
25 32
11 10
90 61
22 25
17 26
142 134
200 265
10 11
6 8
17 14
5 3
98 75
6 5
67 53
105 83
55 77
27 52
33 30
17 9
8 5
84 145
28 27
136 139
38 60
54 70
49 66
17 19
28 35
169 162
46 66
45 35
169 121
12 11
94 149
14 20
22 33
7 10
4 3
24 48
41 44
111 187
217 126
168 159
49 88
85 44
24 15
133 110
55 86
198 64
36 60
23 23
178 116
21 31
15 19
138 115
26 25
82 56
9 5
155 120
8 11
217 267
40 36
66 49
18 16
149 83
128 81
129 109
39 66
40 30
242 180
5 5
24 27
76 34
9 6
22 51
97 66
23 30
7 8
214 159
18 21
13 16
29 38
12 8
89 51
184 157
18 27
7 7
119 207
23 20
180 205
211 208
4 4
28 26
15 12
101 158
75 81
108 53
11 12
33 39
40 43
90 131
65 69
36 31
7 8
218 189
177 288
126 90
138 153
25 17
212 195
7 9
206 201
8 6
29 19
5 7
60 36
11 6
7 3
77 91
72 137
244 156
245 193
132 122
6 7
5 4
33 38
42 19
12 11
45 45
21 26
163 150
17 31
60 47
17 25
161 154
115 98
25 32
12 23
7 11
84 78
11 9
16 21
165 133
18 17
46 35
90 69
130 93
93 47
74 84
43 44
228 284
5 6
24 22
18 12
74 53
90 45
9 11
12 10
106 73
197 131
46 59
20 16
71 75
42 37
23 20
228 279
7 8
19 24
87 129
7 7
10 15
5 3
9 7
46 36
9 10
57 91
226 157
10 8
9 7
6 5
131 117
30 29
23 52
79 110
218 388
5 8
14 20
26 30
195 126
28 23
27 35
202 419
58 53
20 19
222 151
16 11
194 246
5 9
85 160
11 9
16 13
92 99
7 8
10 11
50 47
6 7
33 31
12 11
41 49
42 39
6 5
18 21
11 10
12 12
84 70
129 191
4 7
22 17
33 30
9 5
26 28
7 7
24 30
33 30
19 13
56 73
24 25
15 24
29 21
25 26
196 145
7 4
5 10
143 146
168 107
7 7
22 26
120 370
16 17
14 14
6 7
8 10
88 140
183 123
9 9
22 34
4 5
101 64
159 106
168 153
5 8
64 111
41 33
80 55
224 337
163 305
61 97
43 62
72 74
11 12
12 12
196 277
195 203
6 5
79 59
146 142
60 85
212 276
99 125
83 73
139 144
16 20
13 13
31 14
25 22
12 9
11 15
120 156
251 202
19 20
178 82
6 5
18 19
152 155
51 39
166 387
14 16
6 5
7 7
6 10
127 170
108 63
5 7
242 196
24 32
14 8
26 30
171 77
173 147
235 255
29 20
218 373
14 13
17 10
8 11
137 186
26 27
94 203
23 21
58 70
4 4
28 32
13 9
27 26
6 6
140 125
141 175
34 44
6 6
8 4
33 50
113 115
93 92
45 46
44 29
4 5
33 35
25 24
60 51
43 46
124 116
30 36
5 6
10 12
24 33
6 6
12 10
51 75
15 18
14 10
6 8
194 245
96 79
225 111
64 72
4 4
91 47
4 3
20 30
232 168
26 40
8 11
29 26
5 4
21 30
94 76
109 95
9 9
6 8
197 202
29 22
226 208
98 82
20 19
9 14
63 71
35 29
7 4
34 19
6 4
34 28
17 10
22 27
19 23
14 20
9 6
184 171
7 13
241 243
132 143
17 15
6 10
69 45
86 59
136 71
53 39
16 11
59 62
21 20
23 34
34 18
14 21
26 27
10 9
40 55
7 5
168 173
13 5
5 4
17 11
52 57
23 22
68 113
78 70
14 29
37 39
11 7
4 6
34 26
19 13
14 10
146 98
15 19
9 12
219 232
28 27
62 51
5 8
5 2
5 3
12 12
9 7
254 189
17 16
97 100
108 118
4 2
81 104
69 52
6 7
92 90
79 52
11 11
4 4
15 26
210 159
91 64
4 2
56 70
181 218
7 6
77 52
15 15
11 5
34 27
24 25
50 43
10 20
102 66
100 143
25 23
192 280
96 75
96 64
11 7
16 17
8 7
141 55
5 6
6 2
96 126
4 5
61 36
12 12
14 10
38 25
23 22
8 13
4 3
40 29
4 6
7 7
118 67
38 47
215 210
155 162
49 38
39 98
91 102
4 3
27 34
96 81
56 46
86 95
8 8
70 57
109 186
20 32
152 149
120 155
116 101
12 8
20 25
77 86
32 17
214 305
86 52
4 4
59 45
5 4
22 12
11 11
6 13
4 4
131 115
32 47
40 48
42 25
53 59
8 9
101 143
5 7
81 64
9 6
13 10
50 43
97 190
64 63
6 6
101 190
6 5
23 24
33 27
93 72
60 32
8 7
40 45
5 6
125 183
53 97
14 27
58 59
84 58
6 3
4 4
9 9
45 30
20 15
247 220
16 13
27 42
23 17
10 11
25 17
7 7
83 51
34 74
8 8
92 87
58 48
10 6
29 26
35 29
40 34
173 120
52 60
57 51
62 68
6 12
9 6
11 10
84 79
19 17
33 32
5 9
14 20
157 204
164 165
74 46
5 6
17 15
28 23
62 91
44 39
171 237
124 168
47 22
160 232
6 4
21 23
4 9
15 14
6 4
116 80
13 16
59 60
61 57
38 30
8 6
4 4
83 118
137 136
127 89
205 169
4 4
26 24
28 30
18 14
195 191
42 37
55 66
147 100
12 16
4 4
7 8
8 8
213 264
163 274
15 19
17 25
138 109
19 17
45 77
60 43
11 14
8 5
147 123
9 7
5 5
14 12
21 28
31 43
7 7
228 316
91 91
190 246
7 9
146 130
19 24
15 23
5 3
11 6
148 95
25 31
4 4
7 9
68 63
137 114
123 91
133 83
46 74
34 28
28 23
84 162
7 4
15 19
5 5
156 95
58 50
33 28
18 20
7 10
5 7
37 42
36 39
7 6
124 122
45 57
16 24
47 24
4 3
60 46
8 14
4 8
92 71
122 141
7 6
25 25
46 48
46 37
17 11
31 37
6 2
210 199
70 45
78 57
200 217
26 24
4 3
26 35
8 9
63 52
98 169
90 76
44 71
62 47
65 98
15 12
26 40
4 5
70 61
61 52
54 63
181 179
6 7
7 5
17 18
25 35
20 30
23 20
76 59
254 161
198 191
21 62
94 172
6 4
104 119
113 71
6 4
34 31
12 7
53 21
56 58
20 25
112 101
8 12
122 107
18 22
119 108
17 18
4 5
37 54
8 13
152 151
27 22
5 3
39 34
194 160
235 275
107 86
170 167
14 13
43 44
19 20
10 10
25 23
252 257
4 5
38 63
194 178
211 157
15 15
43 59
4 5
107 105
53 60
26 27
66 111
25 17
77 73
46 59
15 12
8 11
97 79
6 4
35 43
11 8
15 11
41 21
30 17
90 144
49 30
102 125
35 51
7 8
22 12
24 25
18 30
25 17
187 141
35 26
53 39
131 96
6 5
237 133
5 5
19 25
8 6
106 173
22 17
8 10
10 5
48 74
38 29
67 62
21 16
5 5
234 347
177 242
11 10
162 183
139 141
45 32
95 94
87 126
15 13
135 56
95 180
24 13
11 34
124 264
28 30
4 4
5 6
7 5
8 20
206 230
205 348
133 132
30 31
11 9
27 28
21 17
34 30
15 10
6 7
49 54
21 24
5 4
53 46
127 109
145 72
141 66
7 4
11 11
86 63
13 10
186 191
133 92
8 18
18 15
25 17
32 21
139 199
118 116
64 40
186 169
6 8
75 46
41 51
6 9
73 77
21 16
9 8
17 14
5 5
56 68
77 88
7 7
94 126
218 439
6 12
22 19
25 36
13 10
155 98
10 13
73 82
6 5
19 23
10 19
9 7
21 31
181 222
58 117
87 138
14 19
17 11
5 3
115 178
109 142
36 50
5 6
4 4
172 170
79 69
11 18
91 121
6 5
167 194
226 290
46 45
7 14
22 19
7 9
35 32
82 102
21 15
47 64
87 101
10 8
9 10
7 7
98 134
164 163
18 15
6 6
37 41
96 86
131 66
87 32
214 437
29 30
5 7
11 10
34 17
220 209
105 112
5 5
46 68
16 26
14 10
52 54
111 83
10 7
5 5
25 24
7 6
44 55
15 12
30 37
26 19
253 216
95 117
7 12
78 125
135 107
174 168
38 17
10 20
32 69
104 74
39 26
152 215
5 11
56 68
148 221
35 77
137 112
11 11
6 8
67 70
9 7
37 66
242 364
58 70
50 47
10 7
23 29
74 62
30 44
146 70
78 66
46 64
71 58
41 41
9 11
16 16
9 10
58 67
32 16
17 23
115 135
136 111
52 34
12 16
13 10
153 191
10 12
248 211
52 37
7 9
27 30
131 92
5 9
202 185
142 122
8 4
21 31
239 89
31 40
206 311
47 23
27 41
21 23
17 15
39 57
6 8
57 69
24 23
8 9
40 30
92 99
9 6
83 104
13 16
56 76
234 168
95 62
104 135
201 340
72 67
28 28
84 76
8 5
52 77
16 18
25 18
30 33
10 13
44 94
143 136
5 5
12 10
5 5
8 9
5 5
239 225
183 228
17 10
5 8
92 46
5 4
115 107
17 20
131 158
85 68
6 6
90 65
4 6
110 133
11 9
6 10
5 5
177 194
18 15
24 24
21 16
5 4
19 26
11 14
11 9
144 178
40 33
38 54
56 48
23 47
91 89
6 4
38 29
159 191
9 10
6 5
60 60
35 32
42 26
30 50
67 34
16 11
5 5
6 9
10 9
168 126
9 9
6 4
43 45
194 169
11 13
96 130
117 131
65 58
91 94
29 26
10 6
63 77
19 17
58 81
13 17
29 26
11 10
19 15
13 10
7 7
12 11
79 162
8 10
10 12
34 32
54 95
4 3
47 51
31 23
7 8
22 34
80 120
11 11
34 34
14 10
5 6
4 7
70 101
13 11
8 7
30 37
11 11
26 23
30 45
30 27
129 78
5 7
107 111
23 16
16 30
11 8
4 4
16 21
122 57
42 66
63 41
256 514
6 8
23 26
246 154
21 35
194 135
4 5
131 101
188 153
6 6
32 55
106 70
6 4
34 47
49 27
135 190
128 101
10 5
4 5
5 6
12 10
16 21
24 23
6 7
16 15
32 37
70 98
6 4
41 30
5 4
25 27
49 45
173 206
10 11
24 22
57 68
12 9
26 25
67 66
133 175
115 82
129 123
83 57
177 163
44 39
11 10
8 9
19 19
18 25
177 187
8 10
21 36
30 19
10 11
18 30
151 117
89 97
155 121
18 20
26 35
6 9
55 86
5 7
83 60
52 53
226 207
45 85
146 86
18 28
85 238
14 15
18 18
5 8
138 170
38 72
34 22
28 36
123 83
26 23
93 111
5 10
78 67
255 373
7 7
141 130
45 35
6 4
212 210
66 68
57 85
115 74
95 116
17 17
12 11
178 209
35 28
11 12
18 21
7 4
187 227
173 242
15 18
117 227
6 5
104 64
250 357
7 9
12 15
57 95
14 12
161 149
237 236
13 19
4 3
6 6
10 18
73 82
71 126
6 3
66 74
69 63
113 47
58 57
12 19
28 32
5 5
5 5
12 12
21 14
145 138
38 59
23 19
252 267
24 24
195 275
14 9
6 7
68 85
4 5
5 8
6 5
8 5
15 11
9 10
39 49
169 105
105 96
6 4
249 118
11 11
10 12
6 5
45 24
251 218
12 16
46 60
10 5
16 27
4 5
253 222
44 48
58 46
125 94
5 8
25 18
65 51
18 27
14 15
43 42
84 102
182 175
127 156
95 151
20 28
76 79
6 10
6 4
20 29
229 215
100 100
5 5
63 80
160 252
72 57
58 67
23 32
20 14
127 121
87 74
11 10
7 7
17 14
243 239
49 62
89 103
97 129
19 24
28 14
54 40
152 276
13 12
87 127
65 48
19 22
88 61
245 197
133 208
47 38
168 242
11 14
100 123
21 26
213 264
28 20
4 3
134 100
174 163
9 11
209 171
29 29
173 184
132 121
11 13
61 62
8 8
123 75
5 7
8 14
18 15
65 61
251 312
84 178
18 24
193 98
14 27
98 273
25 24
141 139
10 9
39 25
5 4
142 137
40 39
34 22
13 9
11 12
58 42
5 5
6 5
78 56
40 29
15 12
5 4
4 4
18 42
5 3
147 228
188 348
4 5
219 309
208 233
7 8
17 17
69 70
6 3
6 4
38 44
5 6
58 60
6 5
28 43
50 34
36 35
162 352
34 39
50 43
61 45
27 18
34 46
22 11
14 9
16 19
196 229
4 4
24 25
5 5
16 12
33 33
31 21
15 11
21 13
15 11
44 61
84 94
18 24
25 18
5 4
77 148
12 18
255 313
191 134
7 8
43 39
11 15
25 13
82 56
89 70
198 201
57 47
41 60
8 5
51 119
119 150
27 32
10 9
14 13
79 62
143 154
130 217
6 5
103 106
117 118
254 322
60 55
5 4
26 34
31 35
5 7
145 157
66 73
177 154
56 74
17 21
8 7
36 21
14 13
97 114
15 19
180 206
10 11
7 12
55 39
24 26
52 30
78 77
93 127
4 6
243 303
94 121
34 27
106 155
17 23
16 26
14 23
202 132
202 121
132 108
240 351
15 18
10 7
7 7
5 4
213 136
96 146
153 140
13 14
221 244
50 33
46 64
8 10
9 14
231 151
8 10
4 2
250 182
28 21
29 27
11 17
41 56
86 97
6 4
61 104
45 55
74 52
59 41
47 105
189 129
5 3
7 6
17 17
56 46
13 16
16 25
160 184
35 39
19 24
18 23
145 128
8 12
14 17
168 249
7 8
5 3
187 253
19 15
42 43
89 172
196 164
35 42
90 79
5 7
82 139
17 16
75 95
136 79
99 109
42 51
159 118
8 12
193 193
18 18
103 119
14 15
21 12
49 40
70 74
19 22
6 4
58 37
211 199
89 66
54 128
52 37
197 193
71 71
104 109
5 4
7 9
12 11
37 48
10 14
125 226
11 9
50 44
224 206
18 13
217 217
30 59
5 5
108 181
26 25
66 59
20 18
13 11
20 30
73 100
211 137
31 38
16 13
6 5
6 8
39 43
139 239
5 3
27 30
47 23
138 184
64 47
38 39
9 11
15 19
22 22
7 10
54 57
209 225
26 23
118 165
44 32
13 13
36 52
71 141
30 14
239 191
77 62
37 58
126 133
28 24
114 95
21 10
95 123
226 154
38 29
62 56
38 34
9 10
9 14
157 164
82 73
9 7
8 7
40 40
44 31
12 10
7 6
19 19
7 9
128 85
4 7
6 10
234 252
11 9
88 52
211 160
39 34
83 54
5 6
10 13
232 138
35 38
43 51
164 52
11 8
33 17
38 52
156 142
9 10
38 66
43 47
202 191
17 12
19 12
10 11
15 20
97 92
9 6
5 8
18 22
31 34
25 31
12 11
104 112
13 11
83 61
70 95
15 10
39 46
88 117
45 47
221 381
79 125
23 14
13 17
12 4
22 19
47 47
10 15
235 299
203 188
175 170
34 31
146 192
100 83
12 14
51 32
175 131
49 71
54 33
29 28
81 47
212 263
38 28
99 123
223 197
129 200
9 10
30 38
44 40
11 9
16 11
65 122
60 51
10 13
83 75
46 26
29 37
12 7
9 12
253 350
16 11
6 7
148 75
50 43
57 80
7 7
10 10
16 11
4 6
5 5
70 76
247 564
11 15
4 4
42 42
10 10
116 142
241 534
4 3
7 4
131 70
6 8
63 71
14 10
75 88
46 72
59 51
82 116
56 87
89 115
14 11
5 5
110 53
7 6
20 23
235 216
34 33
52 143
17 14
56 51
5 6
105 151
146 237
5 6
24 14
8 5
27 32
135 137
11 8
30 22
6 6
108 148
187 126
11 19
7 6
60 53
40 42
13 10
76 75
43 42
36 41
86 70
8 7
142 95
81 98
46 42
190 123
71 80
30 15
5 5
6 3
5 3
194 216
33 28
73 100
11 14
11 9
60 44
98 255
17 21
64 49
127 210
8 9
150 256
15 10
5 5
234 301
10 18
109 116
6 4
84 60
5 7
57 84
54 46
6 5
148 149
9 10
19 34
16 16
6 5
85 41
30 17
10 11
5 5
214 200
37 35
32 36
25 23
155 165
38 46
117 199
9 9
10 13
19 14
125 185
166 178
87 97
20 19
189 276
16 21
5 4
30 24
11 16
5 5
79 80
233 304
216 146
53 42
64 47
240 612
35 24
4 4
22 29
39 62
31 19
6 5
65 52
4 6
222 160
6 11
87 72
179 125
17 17
16 12
32 30
10 9
80 106
8 9
12 11
110 97
27 22
31 55
15 19
10 18
6 6
24 20
102 173
116 100
122 71
61 83
160 138
10 6
50 63
6 5
149 176
125 117
10 13
246 383
10 15
5 5
188 214
188 135
5 6
238 174
6 6
241 219
33 34
73 177
52 62
22 29
98 96
25 21
235 251
53 79
8 5
34 37
62 73
11 9
17 16
90 132
51 64
163 131
19 31
7 5
133 234
25 29
8 4
162 174
13 25
44 38
4 3
14 30
10 7
4 3
77 90
93 92
172 316
11 5
17 18
48 42
17 24
95 92
89 57
77 167
192 132
5 4
59 104
152 247
69 51
30 36
114 55
6 4
19 15
13 8
31 47
7 4
130 153
146 223
77 89
10 8
231 168
204 321
6 4
123 117
196 225
44 39
4 4
19 33
7 10
45 45
31 35
4 3
237 326
7 7
197 263
47 66
18 11
164 249
17 13
74 53
174 136
41 65
191 179
182 134
7 6
36 25
10 15
56 41
4 3
13 16
157 124
7 8
7 9
207 177
11 19
11 11
21 25
20 16
67 75
5 5
224 142
8 7
9 8
6 7
7 6
236 183
65 52
51 66
70 68
114 104
6 7
108 111
53 67
64 60
23 24
186 162
246 315
24 38
7 8
24 33
66 130
56 54
52 50
7 7
6 7
246 267
5 6
61 89
20 22
41 36
4 6
18 17
35 22
11 7
5 6
4 4
108 142
205 197
220 333
175 135
8 11
4 3
7 16
9 10
116 134
41 77
5 5
5 5
194 178
11 5
24 21
47 58
13 8
46 40
14 8
14 12
25 29
131 162
4 5
149 133
211 181
20 34
8 12
45 40
128 88
4 10
14 13
9 9
29 31
144 192
103 121
75 76
29 19
8 6
19 19
26 24
16 19
33 39
20 18
124 137
95 87
29 72
36 32
156 164
5 6
30 50
130 109
11 15
130 134
186 177
13 12
109 170
9 10
170 212
87 69
30 31
45 46
16 16
72 37
38 34
8 8
12 12
6 5
246 294
14 7
24 32
98 138
10 14
10 9
96 98
147 143
247 226
39 26
123 98
61 42
6 11
94 55
33 31
7 8
7 4
209 147
7 10
121 65
32 42
20 25
58 41
45 58
35 26
6 4
4 3
74 97
14 18
10 8
39 25
90 96
48 50
15 9
11 7
18 18
242 209
182 155
17 11
101 148
102 191
20 22
8 7
8 11
131 76
164 131
117 134
8 4
212 209
5 3
4 5
16 21
4 5
144 170
19 23
17 14
5 4
45 39
6 3
40 60
36 43
53 66
31 55
27 49
58 42
46 34
104 191
8 7
5 5
231 197
154 242
18 13
4 6
8 5
9 12
77 84
126 111
16 23
138 131
207 318
58 58
10 13
4 5
42 29
10 7
56 33
7 7
25 26
24 51
11 16
24 62
35 21
54 42
100 56
76 51
30 22
156 236
35 27
83 114
96 63
5 7
16 12
68 74
5 6
12 19
225 151
37 32
128 165
44 48
74 58
256 295
241 223
13 15
14 6
8 5
6 7
6 4
65 67
49 87
10 8
188 209
83 70
4 4
9 7
143 96
4 8
10 15
67 90
188 227
169 190
33 39
62 54
18 46
6 3
10 8
25 28
20 26
32 28
174 213
125 76
5 2
49 58
241 286
11 9
114 86
17 19
26 48
5 6
237 84
4 3
57 72
120 188
17 23
14 23
8 12
11 19
143 220
77 75
88 82
75 47
72 64
32 17
112 117
10 7
45 83
4 5
83 57
9 14
14 15
62 51
47 73
203 191
129 175
82 39
6 5
94 40
207 202
200 210
52 51
10 13
40 28
5 5
40 59
12 17
6 5
8 8
87 145
118 110
4 5
23 30
12 15
38 27
48 58
8 11
10 10
76 83
109 166
221 197
9 6
13 15
26 23
11 13
11 9
23 31
16 15
9 4
112 77
105 109
71 114
117 71
62 72
246 285
98 62
113 58
6 5
229 176
50 43
12 10
124 144
4 5
25 26
203 252
234 238
20 10
4 7
57 54
12 17
14 10
13 9
4 5
6 5
127 147
4 3
74 79
38 32
19 27
9 9
32 62
75 60
10 5
22 21
59 67
239 250
39 47
219 188
26 17
18 13
225 163
52 44
192 215
10 16
41 29
148 141
94 168
5 4
79 59
33 29
42 57
8 5
6 5
4 3
39 29
5 7
14 13
77 45
204 193
4 6
50 58
6 4
176 128
8 16
34 24
6 8
16 8
8 11
22 18
6 6
4 7
26 13
5 9
37 44
14 17
71 103
124 173
13 11
202 416
38 72
7 8
8 9
14 6
63 32
93 118
25 26
112 144
23 18
60 50
196 222
77 106
5 5
53 72
13 16
18 15
27 25
26 33
5 3
204 225
5 5
183 286
41 39
13 14
100 220
50 43
18 25
138 225
10 11
17 20
22 18
24 34
57 55
43 33
137 164
13 19
6 9
7 7
27 15
49 50
22 19
94 65
20 21
10 6
10 7
43 52
18 22
83 71
45 37
19 20
85 74
9 8
55 42
15 14
9 27
7 6
9 12
4 4
9 15
61 48
151 143
10 8
212 287
17 18
190 314
5 3
73 97
19 26
12 16
43 56
161 132
12 12
39 55
228 126
9 13
21 23
16 14
10 11
99 216
68 67
66 50
7 8
14 20
6 9
11 14
67 40
82 64
5 5
50 34
218 230
15 12
173 210
178 358
32 22
43 81
38 53
14 10
22 36
154 180
34 31
49 40
36 36
212 253
6 6
51 52
44 38
31 26
13 17
7 6
78 125
11 12
23 26
9 8
175 170
131 136
4 3
7 11
52 54
49 77
37 42
8 8
50 46
67 99
12 13
48 76
67 72
16 14
64 73
4 11
54 55
74 59
156 274
8 7
45 34
58 83
22 19
159 233
26 23
158 118
5 3
88 108
72 94
82 50
10 8
212 167
173 333
13 14
85 93
31 21
7 11
14 15
15 12
21 25
7 14
80 163
79 37
58 70
4 5
74 26
57 52
11 7
39 33
14 9
18 52
10 19
216 168
17 16
44 42
26 30
19 17
14 9
8 10
8 9
158 154
78 39
178 172
44 54
214 321
208 161
93 83
63 33
103 114
4 7
95 125
47 38
56 96
217 97
55 34
9 10
45 38
152 107
12 7
113 99
6 5
13 11
6 5
17 16
78 107
49 97
80 90
50 50
4 3
246 180
16 20
11 10
67 67
28 29
24 21
153 126
63 86
8 16
15 12
10 9
6 6
85 80
25 28
77 38
73 120
8 9
39 47
16 9
66 52
6 7
206 353
101 87
81 102
24 19
107 291
5 7
10 9
4 8
52 43
62 50
62 71
150 158
13 15
81 158
59 47
230 210
28 17
28 34
37 42
10 11
21 24
14 19
16 27
6 5
13 16
74 60
5 8
23 15
5 5
8 7
5 5
7 10
200 178
215 158
12 10
117 127
90 98
64 101
6 5
14 14
13 24
14 22
57 95
5 3
57 71
51 59
95 126
6 6
5 3
133 123
55 63
223 190
189 159
74 70
15 18
15 12
16 19
164 196
34 25
51 42
5 5
30 41
34 20
5 8
8 6
46 72
5 10
193 143
33 35
121 104
38 36
246 255
15 12
41 40
25 27
101 156
5 3
10 11
55 65
5 7
7 8
55 46
27 22
76 66
105 107
127 61
7 7
9 10
139 186
9 17
228 269
12 4
9 7
87 89
22 20
106 76
6 7
59 66
137 358
46 41
240 275
73 149
5 6
14 14
151 107
13 19
155 80
55 32
21 21
34 45
7 11
101 104
91 116
5 6
242 221
4 5
10 12
77 54
6 4
4 3
12 22
5 4
12 10
109 74
147 103
40 68
11 12
25 30
16 13
64 98
113 192
51 80
33 17
71 75
139 110
35 42
8 10
11 20
185 202
95 82
47 61
7 6
52 58
20 11
20 43
46 28
5 5
19 19
14 19
52 40
133 126
80 113
4 3
201 119
23 18
11 8
204 203
11 12
7 9
72 64
92 111
19 16
56 118
51 70
91 165
74 129
50 46
24 23
6 4
163 171
152 256
225 293
80 64
7 6
33 33
97 128
5 5
28 24
21 15
137 143
39 61
102 93
105 124
13 13
127 96
35 44
7 6
54 74
5 4
37 33
84 67
11 9
48 47
153 99
33 36
26 30
48 62
22 33
197 159
34 47
4 4
14 16
9 13
14 15
23 19
56 45
23 26
125 64
27 23
10 10
50 49
10 8
9 5
5 4
24 9
91 80
26 10
6 8
7 8
16 21
84 94
10 5
129 175
163 142
125 234
129 198
7 3
8 8
99 44
25 23
29 24
84 79
21 23
4 6
4 2
127 74
6 8
52 66
114 131
9 11
19 17
58 55
18 21
20 34
91 123
16 23
8 12
17 15
65 54
29 27
15 16
63 50
40 47
27 31
6 7
91 80
44 28
17 9
6 9
16 13
189 145
43 85
16 14
121 104
88 62
27 50
7 8
182 362
17 23
17 18
210 185
13 13
12 10
48 102
50 54
9 11
34 18
105 85
9 10
75 96
11 12
80 69
4 6
99 98
17 16
11 9
22 12
65 57
67 57
12 12
128 178
224 225
33 38
76 75
76 122
11 26
7 4
5 4
10 10
90 80
33 35
111 189
4 4
241 191
9 10
38 33
115 104
91 78
47 47
113 102
240 316
165 106
83 158
156 185
12 8
20 32
4 4
28 35
8 8
19 20
40 38
7 13
23 27
21 21
170 144
10 6
7 5
7 7
66 62
6 5
32 35
137 141
67 58
13 11
11 8
5 4
63 73
89 130
106 91
245 292
6 4
234 193
8 7
116 216
54 77
12 10
6 4
65 76
25 14
91 99
89 120
13 12
7 7
29 33
7 10
84 92
183 225
4 3
175 191
15 8
221 189
7 6
15 12
19 15
150 144
158 83
140 102
142 107
53 75
72 74
246 224
28 9
6 4
26 19
146 127
44 56
50 34
8 10
19 21
243 324
12 10
115 82
164 173
220 148
109 76
31 34
143 96
9 6
9 11
46 68
9 5
163 326
44 79
7 4
38 35
94 141
92 79
8 12
11 22
192 118
4 2
4 3
182 149
15 23
38 42
142 203
223 178
31 14
69 73
9 7
179 244
134 119
41 45
5 5
207 219
252 192
91 54
17 22
142 148
173 139
65 58
102 157
25 25
14 28
28 37
109 86
5 6
14 19
127 132
11 9
20 26
5 5
24 34
50 75
30 18
48 48
38 40
9 6
38 29
16 13
6 10
60 55
238 676
148 120
7 6
74 92
11 15
84 98
23 31
6 7
42 26
65 42
11 6
205 179
88 74
6 6
20 20
13 14
18 9
210 300
20 28
28 27
124 72
36 27
5 4
6 6
30 13
123 124
156 186
18 11
129 125
13 14
29 29
47 40
10 9
30 21
31 55
208 204
7 10
56 61
81 61
14 9
6 5
5 9
33 80
138 122
35 37
28 33
17 12
165 224
168 150
14 18
224 313
95 64
68 70
9 17
22 25
53 64
181 218
17 13
6 7
9 11
131 190
62 105
121 30
108 120
32 35
34 38
197 251
50 35
34 46
14 7
85 98
44 39
68 72
31 24
209 209
7 5
18 14
64 32
101 121
6 8
185 148
17 16
126 66
30 18
80 61
56 35
21 28
16 12
26 44
41 36
13 19
11 8
128 106
109 79
40 57
21 26
86 96
5 4
4 3
23 17
232 360
11 15
144 201
28 22
55 60
96 96
11 15
208 177
145 164
195 176
22 41
6 4
54 43
6 8
59 38
8 6
4 4
157 120
7 5
42 40
17 12
15 23
72 67
210 225
5 7
6 4
80 61
24 24
5 7
71 53
59 41
6 5
197 198
136 103
26 25
70 53
245 272
9 11
82 127
170 229
15 26
174 277
68 66
240 296
35 23
5 3
163 169
55 60
4 5
8 8
78 159
8 5
36 39
57 49
29 25
16 18
9 10
29 28
73 66
192 141
10 7
11 9
9 7
19 25
66 91
9 4
173 330
62 47
16 16
24 20
225 153
25 32
7 6
26 22
162 178
72 75
4 4
144 136
181 136
13 20
90 66
45 27
49 46
39 68
49 52
209 260
27 28
9 5
168 159
4 4
12 11
11 12
6 7
42 53
7 5
68 48
23 35
12 14
9 9
254 390
132 152
186 236
50 62
27 48
27 50
37 37
47 73
252 254
138 99
197 183
136 147
232 199
14 17
99 103
43 62
126 116
79 98
4 3
51 30
118 91
6 8
202 270
7 7
95 72
14 8
32 59
31 22
20 20
6 8
17 17
22 28
15 15
36 49
35 28
14 11
7 7
9 14
13 12
59 57
48 41
71 58
18 15
133 137
29 30
27 32
12 7
204 155
74 44
26 20
54 92
17 19
6 11
118 113
7 18
22 29
121 100
7 5
75 58
4 4
46 68
67 112
8 6
74 54
18 21
28 30
44 48
18 31
52 92
35 29
161 281
8 8
9 17
51 72
19 23
23 17
56 51
12 10
15 15
9 5
118 132
160 193
4 7
63 70
23 17
26 30
12 8
152 157
181 277
72 63
118 86
5 5
63 65
75 26
4 5
25 25
104 103
111 122
8 7
14 15
105 125
7 10
29 15
108 119
31 25
27 34
9 4
21 19
13 19
39 32
44 41
81 71
6 6
72 87
23 28
84 81
6 8
26 35
142 214
66 75
83 112
234 428
75 52
5 2
8 5
9 5
34 75
16 13
81 78
160 95
31 17
191 233
44 47
51 69
26 31
11 4
11 8
40 40
12 10
60 60
39 28
14 11
4 3
9 5
29 23
74 108
18 28
60 49
6 7
104 66
42 32
8 5
26 27
114 91
11 12
6 6
4 2
206 302
34 38
22 14
80 57
5 3
12 7
133 96
206 171
56 68
36 33
5 4
7 5
123 100
7 6
16 10
24 24
35 24
8 8
5 5
12 14
216 157
5 6
12 13
42 62
37 44
44 55
7 4
168 223
30 31
40 45
79 48
156 107
230 288
71 89
59 66
93 80
37 30
7 9
122 148
53 36
4 4
17 18
18 18
149 198
59 60
104 106
95 63
19 28
22 17
54 52
93 46
11 9
72 107
37 39
22 19
228 256
40 40
8 10
176 308
97 108
125 69
176 373
104 125
11 12
160 262
9 8
5 5
186 176
134 146
105 49
6 8
142 167
227 194
115 104
207 367
34 31
43 49
84 44
6 12
6 13
47 28
5 5
18 24
49 43
145 251
210 298
122 114
6 6
49 71
22 37
26 24
133 96
9 17
92 54
126 165
10 11
14 14
6 13
180 186
11 12
169 144
121 83
82 46
19 19
203 273
107 81
162 170
8 8
26 22
6 9
36 43
109 141
35 28
110 101
11 11
111 123
53 53
51 49
10 7
6 6
4 4
15 16
76 147
14 14
28 26
9 11
8 9
6 5
249 227
158 341
59 72
49 36
16 24
118 112
26 34
47 32
7 4
25 22
12 24
18 28
17 24
8 11
92 84
5 7
124 132
7 8
249 182
7 9
176 226
8 11
228 150
64 33
66 87
37 39
12 11
4 5
14 7
63 76
58 68
4 3
6 5
203 319
110 70
23 24
14 10
52 61
136 160
20 45
9 10
18 23
40 30
22 16
64 52
205 251
128 128
16 11
8 12
5 6
99 68
19 18
61 73
13 8
107 106
184 164
51 83
17 27
95 162
9 10
32 44
42 71
18 23
92 91
31 31
110 222
46 25
232 232
234 340
8 12
232 244
22 22
30 31
5 5
8 14
174 123
5 7
18 13
253 261
4 7
142 138
137 149
90 108
5 7
217 129
28 22
10 7
18 13
20 31
43 66
15 21
142 165
11 7
8 6
8 5
158 152
150 128
207 210
83 116
24 20
26 23
122 149
18 23
7 9
187 336
45 31
76 46
165 254
16 15
5 5
234 234
5 4
14 11
13 20
26 22
141 178
43 55
113 79
41 55
199 250
40 74
14 16
5 7
27 22
76 168
12 9
9 6
16 22
118 122
131 72
19 8
109 156
69 98
5 5
6 7
68 88
14 11
13 16
50 38
61 113
16 22
12 9
7 5
74 108
187 276
5 5
101 118
29 24
10 12
8 8
51 39
9 6
24 34
20 28
69 96
5 6
54 57
66 178
99 104
15 14
10 13
6 5
28 43
71 96
42 50
147 252
248 418
14 10
13 6
42 45
84 84
92 53
115 136
86 161
43 46
159 236
178 256
163 142
27 32
69 66
13 20
102 104
4 7
19 12
7 6
129 161
79 95
12 12
57 113
34 34
125 127
106 172
96 62
7 6
23 26
102 93
139 112
36 36
243 218
207 232
130 129
159 157
112 115
152 113
41 51
28 25
50 38
121 213
9 8
27 39
30 22
171 239
9 5
81 50
155 146
66 95
12 12
5 3
35 33
25 23
124 87
153 248
82 54
30 26
160 152
123 69
29 20
11 17
6 9
161 144
50 61
26 17
36 36
15 6
23 27
5 3
7 9
216 301
40 32
7 7
110 174
57 50
51 48
43 30
34 28
6 6
37 15
38 40
22 15
13 18
5 7
29 31
85 101
241 236
8 4
9 7
35 19
20 18
144 133
14 8
14 12
16 17
7 7
52 76
60 52
42 51
11 14
66 43
21 25
6 7
52 29
19 48
109 64
83 100
18 18
43 58
16 14
5 5
24 57
16 9
27 25
51 56
100 183
7 7
16 9
123 176
5 4
14 7
16 21
24 26
232 310
131 123
118 101
79 128
112 74
22 22
115 87
244 197
8 18
9 8
6 5
105 53
22 23
107 114
86 106
5 4
192 199
16 7
7 5
19 14
93 98
46 67
14 9
174 185
123 72
227 147
26 22
9 13
49 34
200 300
40 19
15 20
137 99
197 199
12 19
5 5
7 10
7 6
182 144
42 41
6 5
4 4
17 24
163 170
160 251
48 35
46 54
219 195
67 82
26 49
6 5
23 22
9 12
111 93
10 6
33 29
106 252
78 66
202 172
59 28
86 108
6 6
22 20
20 42
106 190
90 211
137 241
28 12
134 265
18 27
120 189
165 173
72 74
5 5
10 6
5 7
13 10
169 119
58 73
9 6
75 68
29 33
107 100
13 13
17 15
117 84
33 30
30 30
6 3
13 19
52 48
4 5
31 27
126 88
157 157
9 6
6 3
220 132
38 32
73 109
44 31
13 18
10 7
25 22
35 39
7 5
14 17
9 10
29 14
6 5
22 22
41 67
86 83
15 24
70 75
5 3
4 4
9 8
20 34
31 16
112 176
50 46
26 32
15 24
26 49
179 125
4 4
112 70
96 65
27 18
6 14
16 19
10 7
9 9
175 91
52 32
82 156
9 9
13 13
181 214
69 38
104 103
33 35
8 10
60 64
38 52
28 23
196 237
75 39
77 94
143 184
11 9
41 50
125 144
54 43
9 11
50 39
7 7
100 159
155 177
74 126
41 29
13 15
194 230
21 24
5 6
108 83
227 200
237 398
9 8
18 15
45 40
6 5
38 78
10 10
4 4
14 24
35 33
121 116
55 36
47 39
21 25
180 287
36 25
5 7
5 4
5 6
54 90
45 64
87 63
60 38
100 133
10 15
10 12
137 179
59 49
8 4
17 27
41 43
5 7
133 273
30 33
18 23
151 129
25 19
127 99
7 4
11 12
26 28
33 30
4 4
109 45
16 12
18 24
17 18
148 92
112 128
215 376
239 451
6 11
62 80
115 130
40 51
153 111
7 8
8 10
40 52
88 102
17 17
10 9
25 26
42 36
8 6
124 163
12 13
248 238
26 62
252 175
54 66
13 12
5 5
37 23
14 10
73 118
9 15
32 35
7 7
9 8
15 35
101 91
23 30
25 15
9 8
120 76
44 19
14 17
6 10
26 34
37 43
222 216
17 16
24 29
11 10
36 35
29 20
159 89
38 29
46 37
32 45
10 7
101 162
28 20
33 31
20 39
25 15
152 177
30 52
73 106
18 28
32 60
18 17
11 13
61 70
8 6
32 36
55 80
8 9
58 81
8 7
70 85
165 128
6 5
27 27
51 51
48 47
10 11
6 4
11 8
5 5
26 37
83 90
83 58
6 10
17 17
5 6
193 203
30 31
59 28
225 198
5 3
37 47
187 156
10 7
146 156
44 87
11 9
17 16
164 151
122 59
111 48
88 110
24 21
40 59
25 36
5 5
91 68
6 7
105 63
30 44
49 46
14 10
13 15
30 59
149 136
5 4
210 113
108 68
16 17
188 120
72 102
15 22
126 118
18 19
64 50
27 35
116 87
181 176
207 222
69 80
7 5
84 85
7 8
149 180
13 10
12 6
5 4
228 253
31 28
6 7
175 212
77 89
14 10
118 87
77 87
134 144
16 22
26 48
16 21
92 125
56 52
85 90
29 26
20 22
188 257
155 208
10 9
59 30
110 41
17 12
5 4
248 188
45 28
111 84
144 86
150 80
46 86
159 157
39 60
5 5
167 124
51 42
15 14
97 90
221 126
32 32
67 86
16 17
11 13
0 46
0 25
4 0
0 37
0 3
2 0
0 1 0
3 0 8
0 42 64
0 1 0
4 0 288
1 5 43
0 1 0
0 7 6
3 0 0
0 1 0
4 0 638
3 0 0
0 1 0
0 50 69
0 26 25
0 1 0
4 0 237
1 16 129
0 1 0
4 0 805
0 4 2
0 1 0
2 0 5
1 45 288
0 1 0
0 48 53
2 0 0
0 1 0
0 29 21
0 13 8
0 1 0
0 48 42
0 41 30
0 1 0
3 0 9
0 45 49
0 1 0
0 10 7
4 0 975
0 1 0
0 36 23
0 45 43
0 1 0
0 8 7
2 0 5
0 1 0
0 45 48
3 0 1
0 1 0
2 0 2
0 29 24
0 1 0
0 36 39
0 48 62
0 1 0
1 43 253
2 0 3
0 1 0
0 28 24
2 0 5
0 1 0
2 0 5
0 15 16
0 1 0
4 0 728
0 25 20
0 1 0
0 47 70
2 0 6
0 1 0
0 29 9
0 44 56
0 1 0
0 45 35
2 0 9
0 1 0
1 16 210
1 13 123
0 1 0
2 0 7
0 26 31
0 1 0
0 42 41
0 46 30
0 1 0
0 42 51
2 0 2
0 1 0
0 28 42
0 14 15
0 1 0
0 21 26
0 22 27
0 1 0
0 16 20
2 0 7
0 1 0
4 0 476
0 14 17
0 1 0
1 10 36
2 0 9
0 1 0
0 15 15
0 42 23
0 1 0
4 0 200
0 34 34
0 1 0
0 36 26
4 0 521
0 1 0
4 0 908
4 0 645
0 1 0
0 3 2
0 31 58
0 1 0
2 0 8
2 0 7
0 1 0
2 0 0
2 0 7
0 1 0
1 9 69
0 36 36
0 1 0
2 0 6
2 0 7
0 1 0
0 19 18
0 31 18
0 1 0
0 19 10
0 24 24
0 1 0
0 23 30
2 0 6
0 1 0
0 16 19
0 11 6
0 1 0
1 21 160
2 0 8
0 1 0
2 0 5
0 49 58
0 1 0
0 44 39
0 33 28
0 1 0
2 0 9
0 3 5
0 1 0
0 4 4
0 13 7
0 1 0
0 36 45
4 0 738
0 1 0
0 45 58
0 50 66
0 1 0
0 32 41
0 15 9
0 1 0
0 41 41
2 0 9
0 1 0
0 48 62
0 47 32
0 1 0
0 36 19
0 6 3
0 1 0
0 1 2
0 15 13
0 1 0
0 21 30
0 1 2
0 1 0
0 23 27
2 0 9
0 1 0
4 0 212
4 0 993
0 1 0
0 5 5
2 0 10
0 1 0
0 7 5
0 5 3
0 1 0
0 39 46
2 0 5
0 1 0
2 0 8
0 7 14
0 1 0
2 0 10
4 0 365
0 1 0
4 0 803
0 23 20
0 1 0
4 0 589
1 2 8
0 1 0
0 6 4
0 23 24
0 1 0
1 31 261
0 49 48
0 1 0
0 18 21
0 30 40
0 1 0
0 45 43
0 35 34
0 1 0
0 38 32
2 0 8
0 1 0
2 0 0
0 45 52
0 1 0
0 32 32
0 27 13
0 1 0
0 36 44
0 34 29
0 1 0
0 33 37
0 8 8
0 1 0
1 22 108
2 0 6
0 1 0
0 16 13
2 0 0
0 1 0
2 0 6
2 0 10
0 1 0
2 0 0
2 0 2
0 1 0
3 0 2
2 0 4
0 1 0
2 0 8
0 45 53
0 1 0
2 0 7
3 0 4
0 1 0
0 8 12
0 23 10
0 1 0
2 0 0
2 0 1
0 1 0
0 40 37
2 0 9
0 1 0
0 3 4
3 0 4
0 1 0
0 32 36
0 19 19
0 1 0
2 0 2
3 0 1
0 1 0
0 22 21
0 41 67
0 1 0
1 17 1
4 0 488
0 1 0
2 0 10
0 48 47
0 1 0
0 50 1
4 0 873
0 1 0
2 0 7
0 19 11
0 1 0
0 9 9
0 42 46
0 1 0
4 0 254
0 2 3
0 1 0
4 0 751
0 9 8
0 1 0
0 42 46
2 0 9
0 1 0
0 50 36
0 12 12
0 1 0
2 0 3
0 22 17
0 1 0
0 19 9
0 19 24
0 1 0
2 0 2
1 33 144
0 1 0
0 18 17
0 11 11
0 1 0
4 0 732
0 39 22
0 1 0
0 21 26
0 35 35
0 1 0
0 13 15
0 48 62
0 1 0
0 24 27
3 0 0
0 1 0
0 2 2
1 20 170
0 1 0
0 34 31
2 0 5
0 1 0
0 39 53
2 0 6
0 1 0
0 44 34
2 0 2
0 1 0
2 0 3
2 0 10
0 1 0
4 0 516
1 26 166
0 1 0
0 6 5
0 42 21
0 1 0
0 6 5
2 0 7
0 1 0
0 47 43
3 0 10
0 1 0
0 49 60
2 0 10
0 1 0
0 29 47
2 0 4
0 1 0
4 0 969
0 16 13
0 1 0
2 0 1
2 0 7
0 1 0
0 19 28
0 6 6
0 1 0
0 14 11
2 0 1
0 1 0
2 0 3
0 43 10
0 1 0
2 0 10
0 49 52
0 1 0
0 20 37
2 0 10
0 1 0
1 15 89
0 34 22
0 1 0
0 45 70
0 25 29
0 1 0
2 0 5
0 42 8
0 1 0
0 35 41
0 38 44
0 1 0
0 23 32
2 0 6
0 1 0
0 16 30
0 8 5
0 1 0
0 24 32
2 0 6
0 1 0
2 0 3
1 38 266
0 1 0
4 0 988
2 0 6
0 1 0
0 41 66
0 9 5
0 1 0
0 41 46
0 6 10
0 1 0
2 0 8
0 9 11
0 1 0
0 42 35
0 25 31
0 1 0
0 11 11
0 28 22
0 1 0
0 39 24
2 0 9
0 1 0
0 5 5
0 20 12
0 1 0
0 32 25
2 0 0
0 1 0
1 5 40
0 33 23
0 1 0
2 0 8
2 0 4
0 1 0
2 0 10
3 0 3
0 1 0
2 0 1
3 0 2
0 1 0
2 0 6
0 49 60
0 1 0
2 0 8
0 12 7
0 1 0
1 36 305
0 49 14
0 1 0
2 0 8
0 25 26
0 1 0
0 29 28
0 9 7
0 1 0
3 0 1
3 0 0
0 1 0
0 29 41
2 0 6
0 1 0
0 6 7
0 8 7
0 1 0
0 31 19
0 21 29
0 1 0
0 20 23
2 0 1
0 1 0
0 14 22
2 0 1
0 1 0
2 0 10
2 0 6
0 1 0
1 16 113
0 22 17
0 1 0
1 12 29
0 30 22
0 1 0
0 17 11
4 0 874
0 1 0
1 3 25
3 0 8
0 1 0
1 49 269
0 20 14
0 1 0
0 8 8
0 49 62
0 1 0
0 11 15
2 0 5
0 1 0
0 10 10
0 9 12
0 1 0
0 31 21
0 1 1
0 1 0
1 3 25
0 17 16
0 1 0
2 0 0
2 0 9
0 1 0
0 41 43
1 6 12
0 1 0
0 30 9
4 0 859
0 1 0
0 46 50
0 42 29
0 1 0
0 28 13
1 11 86
0 1 0
0 18 20
2 0 5
0 1 0
1 45 270
0 32 33
0 1 0
4 0 936
2 0 10
0 1 0
3 0 6
4 0 978
0 1 0
0 17 17
4 0 929
0 1 0
3 0 3
4 0 391
0 1 0
0 1 1
0 1 1
0 1 0
2 0 1
2 0 4
0 1 0
0 11 14
2 0 7
0 1 0
4 0 432
4 0 994
0 1 0
4 0 759
0 29 11
0 1 0
0 45 25
1 28 253
0 1 0
0 20 21
2 0 4
0 1 0
1 2 14
2 0 9
0 1 0
4 0 603
2 0 4
0 1 0
0 31 22
2 0 5
0 1 0
0 33 31
2 0 7
0 1 0
0 29 28
0 31 18
0 1 0
2 0 2
0 31 46
0 1 0
2 0 3
0 13 11
0 1 0
0 39 34
4 0 274
0 1 0
0 45 40
2 0 4
0 1 0
2 0 8
2 0 6
0 1 0
0 20 10
4 0 277
0 1 0
0 19 19
4 0 479
0 1 0
2 0 1
4 0 896
0 1 0
1 49 511
2 0 6
0 1 0
0 6 10
0 27 15
0 1 0
1 5 41
0 19 14
0 1 0
0 19 16
2 0 3
0 1 0
3 0 5
4 0 325
0 1 0
0 16 18
2 0 2
0 1 0
0 33 46
2 0 9
0 1 0
3 0 7
4 0 743
0 1 0
0 2 2
0 36 22
0 1 0
0 38 60
0 6 11
0 1 0
0 12 10
0 38 49
0 1 0
1 7 54
0 23 35
0 1 0
0 26 26
2 0 6
0 1 0
2 0 8
0 42 40
0 1 0
0 15 7
4 0 575
0 1 0
2 0 2
2 0 0
0 1 0
3 0 5
2 0 4
0 1 0
0 3 3
1 29 242
0 1 0
0 3 1
0 36 27
0 1 0
0 1 1
0 25 21
0 1 0
0 43 26
0 37 31
0 1 0
2 0 0
0 21 23
0 1 0
0 9 10
1 38 416
0 1 0
2 0 10
0 9 9
0 1 0
2 0 2
0 13 18
0 1 0
0 21 24
0 33 33
0 1 0
2 0 10
2 0 1
0 1 0
0 3 3
2 0 0
0 1 0
0 9 14
2 0 2
0 1 0
0 21 15
4 0 989
0 1 0
0 2 2
3 0 5
0 1 0
0 2 1
1 20 159
0 1 0
4 0 698
0 47 67
0 1 0
0 14 13
0 26 5
0 1 0
0 32 32
0 47 39
0 1 0
1 2 5
3 0 5
0 1 0
2 0 0
0 22 27
0 1 0
1 16 172
2 0 7
0 1 0
0 46 24
3 0 9
0 1 0
2 0 2
2 0 2
0 1 0
4 0 875
4 0 264
0 1 0
2 0 7
2 0 5
0 1 0
1 49 246
1 45 317
0 1 0
2 0 2
2 0 1
0 1 0
0 10 15
2 0 5
0 1 0
0 6 6
0 13 11
0 1 0
0 11 14
2 0 3
0 1 0
4 0 309
0 40 16
0 1 0
3 0 9
2 0 4
0 1 0
0 26 32
4 0 201
0 1 0
4 0 878
2 0 4
0 1 0
0 38 39
0 23 16
0 1 0
0 2 1
0 38 39
0 1 0
4 0 956
0 48 49
0 1 0
2 0 3
0 31 22
0 1 0
2 0 1
2 0 4
0 1 0
0 6 8
3 0 5
0 1 0
0 12 8
0 39 19
0 1 0
0 11 13
2 0 0
0 1 0
0 41 51
0 40 27
0 1 0
0 6 9
0 25 18
0 1 0
0 47 66
4 0 378
0 1 0
0 37 40
2 0 9
0 1 0
2 0 7
2 0 9
0 1 0
0 35 32
2 0 3
0 1 0
1 40 278
0 2 2
0 1 0
0 36 35
0 26 29
0 1 0
0 31 37
0 22 22
0 1 0
0 36 28
2 0 6
0 1 0
1 50 354
0 25 32
0 1 0
0 10 12
2 0 4
0 1 0
0 10 7
3 0 2
0 1 0
2 0 3
4 0 306
0 1 0
0 16 20
0 8 6
0 1 0
3 0 6
0 44 43
0 1 0
0 23 32
4 0 346
0 1 0
2 0 3
0 5 8
0 1 0
2 0 10
2 0 5
0 1 0
3 0 4
0 47 52
0 1 0
4 0 739
2 0 7
0 1 0
4 0 774
0 13 12
0 1 0
0 6 6
0 21 16
0 1 0
0 19 20
1 13 79
0 1 0
0 12 13
0 42 67
0 1 0
0 17 15
4 0 999
0 1 0
3 0 6
0 7 7
0 1 0
0 5 6
2 0 6
0 1 0
1 44 451
2 0 3
0 1 0
0 48 63
1 13 78
0 1 0
0 33 26
0 3 5
0 1 0
0 22 25
0 45 46
0 1 0
0 22 7
3 0 1
0 1 0
0 1 1
0 1 1
0 1 0
0 30 50
0 29 18
0 1 0
2 0 4
0 14 11
0 1 0
2 0 10
2 0 9
0 1 0
0 9 14
2 0 3
0 1 0
0 8 6
0 22 19
0 1 0
0 21 24
2 0 1
0 1 0
1 36 121
0 10 9
0 1 0
0 23 30
0 28 9
0 1 0
0 21 31
4 0 848
0 1 0
0 36 29
0 29 15
0 1 0
0 10 17
2 0 7
0 1 0
0 29 30
0 47 20
0 1 0
0 41 38
0 20 28
0 1 0
0 42 27
1 41 302
0 1 0
0 32 34
0 44 26
0 1 0
0 49 44
0 48 65
0 1 0
0 3 4
0 32 34
0 1 0
1 26 134
4 0 678
0 1 0
0 9 6
2 0 0
0 1 0
0 16 13
0 36 36
0 1 0
0 22 29
2 0 7
0 1 0
4 0 806
0 34 41
0 1 0
3 0 1
0 24 25
0 1 0
0 14 17
0 46 24
0 1 0
0 32 40
0 44 48
0 1 0
2 0 6
0 10 11
0 1 0
0 15 15
1 37 229
0 1 0
3 0 10
4 0 623
0 1 0
0 32 35
2 0 5
0 1 0
0 15 13
0 17 18
0 1 0
2 0 10
0 39 47
0 1 0
0 27 43
3 0 6
0 1 0
2 0 3
0 42 48
0 1 0
2 0 2
0 14 17
0 1 0
0 38 40
0 9 6
0 1 0
0 30 23
1 37 113
0 1 0
4 0 353
0 29 24
0 1 0
0 31 26
0 10 7
0 1 0
0 32 16
0 32 13
0 1 0
4 0 988
0 21 15
0 1 0
0 44 52
2 0 0
0 1 0
2 0 8
0 35 34
0 1 0
4 0 397
0 16 32
0 1 0
4 0 268
0 4 2
0 1 0
0 5 5
4 0 485
0 1 0
0 17 32
0 2 2
0 1 0
0 21 14
0 29 40
0 1 0
0 20 22
2 0 7
0 1 0
2 0 9
2 0 2
0 1 0
0 32 25
0 12 6
0 1 0
0 47 52
0 22 25
0 1 0
4 0 414
2 0 0
0 1 0
2 0 6
2 0 5
0 1 0
0 21 27
2 0 9
0 1 0
0 17 11
0 13 14
0 1 0
0 12 13
3 0 10
0 1 0
0 45 72
2 0 7
0 1 0
0 13 8
2 0 0
0 1 0
0 1 1
0 21 7
0 1 0
2 0 3
0 5 5
0 1 0
1 10 56
0 19 26
0 1 0
2 0 9
0 18 11
0 1 0
2 0 3
0 21 19
0 1 0
2 0 2
0 48 27
0 1 0
2 0 9
0 13 12
0 1 0
3 0 4
1 3 20
0 1 0
0 23 22
0 14 17
0 1 0
4 0 481
1 10 115
0 1 0
2 0 8
2 0 0
0 1 0
0 50 36
1 1 2
0 1 0
0 25 13
0 27 37
0 1 0
4 0 224
2 0 1
0 1 0
0 39 28
0 46 47
0 1 0
0 47 62
2 0 7
0 1 0
0 27 40
0 8 9
0 1 0
3 0 8
0 40 34
0 1 0
0 4 4
4 0 364
0 1 0
0 50 45
2 0 6
0 1 0
2 0 10
0 38 15
0 1 0
0 24 35
0 20 31
0 1 0
0 28 12
3 0 7
0 1 0
2 0 4
1 28 187
0 1 0
1 22 177
3 0 4
0 1 0
0 30 29
0 3 2
0 1 0
0 42 44
0 19 12
0 1 0
2 0 6
0 23 39
0 1 0
0 47 58
4 0 435
0 1 0
3 0 10
2 0 4
0 1 0
0 50 56
3 0 9
0 1 0
1 4 43
4 0 889
0 1 0
0 41 48
1 45 426
0 1 0
3 0 4
0 44 52
0 1 0
2 0 8
0 21 36
0 1 0
2 0 0
2 0 10
0 1 0
2 0 0
1 23 228
0 1 0
2 0 9
1 36 219
0 1 0
0 7 6
4 0 797
0 1 0
0 12 12
0 7 9
0 1 0
4 0 737
0 5 6
0 1 0
4 0 658
2 0 1
0 1 0
2 0 0
0 37 18
0 1 0
0 30 43
0 30 48
0 1 0
2 0 8
1 43 361
0 1 0
2 0 4
0 25 27
0 1 0
0 25 17
1 38 393
0 1 0
0 6 9
4 0 489
0 1 0
0 43 67
2 0 9
0 1 0
2 0 9
0 37 66
0 1 0
0 31 30
2 0 10
0 1 0
2 0 9
2 0 10
0 1 0
0 49 69
2 0 0
0 1 0
0 31 42
0 32 32
0 1 0
2 0 7
1 45 174
0 1 0
0 37 32
4 0 964
0 1 0
0 49 78
2 0 3
0 1 0
0 22 21
0 42 42
0 1 0
0 45 43
2 0 8
0 1 0
0 21 17
2 0 5
0 1 0
2 0 3
0 34 54
0 1 0
0 6 4
4 0 851
0 1 0
1 30 292
2 0 4
0 1 0
0 31 23
0 5 7
0 1 0
1 45 262
1 30 204
0 1 0
1 41 293
0 9 9
0 1 0
3 0 10
0 11 15
0 1 0
0 12 14
1 8 24
0 1 0
2 0 1
0 8 3
0 1 0
2 0 10
3 0 3
0 1 0
0 30 22
0 45 46
0 1 0
0 15 12
2 0 5
0 1 0
2 0 4
0 49 68
0 1 0
2 0 2
0 36 24
0 1 0
2 0 7
3 0 3
0 1 0
1 14 147
0 27 17
0 1 0
2 0 5
0 25 32
0 1 0
0 14 12
0 39 46
0 1 0
1 9 50
2 0 1
0 1 0
0 40 56
4 0 271
0 1 0
4 0 956
0 12 8
0 1 0
2 0 1
2 0 8
0 1 0
0 19 25
3 0 9
0 1 0
4 0 856
0 19 22
0 1 0
3 0 9
2 0 2
0 1 0
2 0 5
1 16 146
0 1 0
0 48 47
4 0 656
0 1 0
2 0 0
4 0 345
0 1 0
3 0 10
0 31 32
0 1 0
2 0 10
0 17 17
0 1 0
0 35 25
0 26 39
0 1 0
0 11 14
0 14 14
0 1 0
0 2 2
2 0 1
0 1 0
3 0 1
2 0 2
0 1 0
0 30 33
0 14 14
0 1 0
0 44 61
2 0 2
0 1 0
4 0 379
1 15 108
0 1 0
0 48 25
0 2 2
0 1 0
0 13 15
0 22 27
0 1 0
0 19 25
2 0 10
0 1 0
0 19 16
3 0 8
0 1 0
0 36 37
0 32 51
0 1 0
2 0 2
2 0 7
0 1 0
2 0 1
0 13 11
0 1 0
0 24 9
3 0 6
0 1 0
0 37 30
2 0 10
0 1 0
0 42 28
2 0 7
0 1 0
0 30 24
0 37 31
0 1 0
2 0 6
2 0 1
0 1 0
0 28 38
4 0 241
0 1 0
0 40 12
2 0 1
0 1 0
0 40 50
2 0 9
0 1 0
1 2 11
0 46 68
0 1 0
0 33 49
0 13 16
0 1 0
1 34 246
1 29 255
0 1 0
0 46 25
0 13 15
0 1 0
0 26 21
1 30 92
0 1 0
2 0 1
2 0 0
0 1 0
2 0 9
0 12 14
0 1 0
2 0 8
0 15 14
0 1 0
0 3 4
0 29 30
0 1 0
0 21 25
0 34 41
0 1 0
4 0 338
1 30 216
0 1 0
4 0 216
0 33 29
0 1 0
0 8 7
0 9 10
0 1 0
0 46 60
0 37 63
0 1 0
2 0 9
0 40 18
0 1 0
0 8 7
4 0 323
0 1 0
1 17 149
0 8 9
0 1 0
2 0 3
4 0 663
0 1 0
3 0 7
0 27 36
0 1 0
0 8 7
0 30 21
0 1 0
2 0 3
0 1 2
0 1 0
0 45 27
2 0 6
0 1 0
1 8 71
0 36 32
0 1 0
4 0 526
4 0 415
0 1 0
0 18 28
2 0 4
0 1 0
0 25 33
0 49 53
0 1 0
0 13 16
0 45 48
0 1 0
0 3 3
3 0 1
0 1 0
2 0 3
0 9 9
0 1 0
2 0 8
0 45 23
0 1 0
4 0 663
4 0 350
0 1 0
0 24 19
0 36 18
0 1 0
0 29 15
0 28 17
0 1 0
0 32 13
4 0 210
0 1 0
0 24 14
2 0 1
0 1 0
0 14 14
2 0 3
0 1 0
3 0 3
0 37 46
0 1 0
3 0 2
0 11 8
0 1 0
2 0 3
0 10 9
0 1 0
1 36 148
4 0 376
0 1 0
0 9 8
0 5 5
0 1 0
0 4 2
2 0 4
0 1 0
0 11 10
3 0 10
0 1 0
0 41 31
2 0 1
0 1 0
2 0 1
0 25 12
0 1 0
0 30 40
0 1 1
0 1 0
0 14 9
2 0 1
0 1 0
2 0 9
0 47 49
0 1 0
2 0 3
1 34 226
0 1 0
0 40 23
0 11 11
0 1 0
1 34 275
4 0 671
0 1 0
2 0 5
0 15 17
0 1 0
0 42 27
2 0 6
0 1 0
2 0 4
0 15 8
0 1 0
0 1 1
2 0 2
0 1 0
2 0 7
2 0 5
0 1 0
0 24 25
0 39 45
0 1 0
0 27 27
0 27 20
0 1 0
0 14 12
0 1 1
0 1 0
2 0 8
1 9 53
0 1 0
3 0 1
3 0 9
0 1 0
2 0 1
0 30 11
0 1 0
2 0 2
0 39 22
0 1 0
4 0 799
0 44 52
0 1 0
1 43 196
0 12 19
0 1 0
0 17 12
2 0 3
0 1 0
0 18 22
2 0 6
0 1 0
0 41 40
0 29 13
0 1 0
0 22 24
0 18 21
0 1 0
0 39 54
2 0 5
0 1 0
2 0 0
0 14 12
0 1 0
0 15 14
0 32 22
0 1 0
3 0 3
3 0 7
0 1 0
4 0 558
2 0 0
0 1 0
2 0 1
0 10 13
0 1 0
0 14 10
0 1 1
0 1 0
0 42 53
0 10 15
0 1 0
2 0 2
0 47 49
0 1 0
2 0 9
0 6 4
0 1 0
2 0 8
2 0 1
0 1 0
0 42 31
2 0 1
0 1 0
4 0 216
4 0 746
0 1 0
0 50 51
0 15 16
0 1 0
0 40 44
2 0 3
0 1 0
2 0 7
1 28 291
0 1 0
1 42 163
1 30 141
0 1 0
0 15 4
2 0 1
0 1 0
0 46 40
0 28 31
0 1 0
0 9 7
4 0 281
0 1 0
2 0 6
2 0 1
0 1 0
0 1 1
0 22 23
0 1 0
0 31 29
0 25 7
0 1 0
2 0 4
4 0 265
0 1 0
2 0 8
0 11 10
0 1 0
2 0 6
2 0 6
0 1 0
0 3 5
0 17 16
0 1 0
0 47 43
1 45 27
0 1 0
0 48 40
3 0 1
0 1 0
0 18 10
2 0 0
0 1 0
3 0 5
0 37 72
0 1 0
4 0 303
0 39 38
0 1 0
0 39 42
0 3 4
0 1 0
0 27 39
0 42 45
0 1 0
2 0 2
3 0 3
0 1 0
0 4 4
2 0 8
0 1 0
2 0 10
0 3 2
0 1 0
0 41 54
2 0 10
0 1 0
0 1 1
0 44 59
0 1 0
1 14 73
0 31 36
0 1 0
3 0 0
0 14 12
0 1 0
2 0 1
0 2 2
0 1 0
0 11 9
0 16 11
0 1 0
2 0 4
0 2 2
0 1 0
0 21 11
0 46 40
0 1 0
0 7 6
0 20 16
0 1 0
2 0 5
2 0 8
0 1 0
0 11 10
4 0 355
0 1 0
2 0 1
0 33 46
0 1 0
0 17 9
2 0 0
0 1 0
2 0 5
2 0 8
0 1 0
0 20 10
0 11 14
0 1 0
2 0 1
0 41 35
0 1 0
4 0 490
2 0 2
0 1 0
2 0 0
0 2 2
0 1 0
0 39 28
4 0 715
0 1 0
0 26 27
1 16 116
0 1 0
1 9 97
0 6 6
0 1 0
1 24 208
0 4 6
0 1 0
0 8 6
2 0 6
0 1 0
1 22 95
4 0 201
0 1 0
0 49 32
0 41 44
0 1 0
0 41 68
0 24 19
0 1 0
1 17 145
0 19 23
0 1 0
2 0 5
0 3 1
0 1 0
0 30 22
0 25 24
0 1 0
1 36 322
1 44 272
0 1 0
2 0 3
2 0 3
0 1 0
2 0 2
0 16 12
0 1 0
2 0 4
0 10 8
0 1 0
1 11 35
0 21 15
0 1 0
4 0 657
0 43 36
0 1 0
0 32 23
1 7 73
0 1 0
0 8 9
0 2 1
0 1 0
0 1 1
0 47 35
0 1 0
0 37 18
4 0 320
0 1 0
2 0 3
0 31 27
0 1 0
2 0 7
2 0 7
0 1 0
0 35 34
0 50 23
0 1 0
0 37 40
0 21 19
0 1 0
0 23 32
2 0 6
0 1 0
0 10 14
0 31 39
0 1 0
4 0 823
0 28 18
0 1 0
0 1 1
2 0 7
0 1 0
0 9 11
4 0 517
0 1 0
2 0 4
0 27 29
0 1 0
4 0 568
0 23 21
0 1 0
4 0 436
0 1 1
0 1 0
0 1 1
0 41 55
0 1 0
0 41 17
0 9 9
0 1 0
0 6 5
3 0 2
0 1 0
2 0 10
2 0 8
0 1 0
0 9 11
0 15 17
0 1 0
0 3 4
0 46 45
0 1 0
0 26 45
0 35 22
0 1 0
4 0 714
0 1 1
0 1 0
0 29 29
0 28 37
0 1 0
0 9 10
0 27 29
0 1 0
2 0 2
0 40 52
0 1 0
0 19 19
0 47 62
0 1 0
0 31 36
0 7 8
0 1 0
0 22 14
2 0 8
0 1 0
0 44 36
0 50 63
0 1 0
4 0 972
0 31 34
0 1 0
0 40 53
2 0 2
0 1 0
0 36 47
2 0 7
0 1 0
4 0 321
0 27 21
0 1 0
0 41 46
2 0 10
0 1 0
0 47 57
3 0 1
0 1 0
0 6 4
1 30 322
0 1 0
1 28 251
4 0 790
0 1 0
3 0 10
4 0 609
0 1 0
2 0 0
4 0 420
0 1 0
2 0 4
0 28 10
0 1 0
2 0 6
0 44 36
0 1 0
2 0 3
4 0 516
0 1 0
2 0 1
2 0 8
0 1 0
1 25 111
0 5 3
0 1 0
2 0 3
0 11 13
0 1 0
1 45 262
2 0 0
0 1 0
0 26 18
0 6 3
0 1 0
0 35 38
0 9 11
0 1 0
0 32 5
0 29 40
0 1 0
2 0 5
0 22 12
0 1 0
0 48 71
4 0 677
0 1 0
2 0 8
0 5 4
0 1 0
0 49 47
2 0 6
0 1 0
2 0 9
1 19 106
0 1 0
0 41 36
0 26 6
0 1 0
0 12 12
0 17 15
0 1 0
2 0 4
1 16 115
0 1 0
0 12 14
0 46 50
0 1 0
0 26 44
0 40 38
0 1 0
0 1 1
2 0 3
0 1 0
0 42 25
1 32 230
0 1 0
0 43 55
0 32 33
0 1 0
0 33 16
2 0 6
0 1 0
4 0 321
2 0 2
0 1 0
0 21 24
0 3 2
0 1 0
0 16 28
0 27 14
0 1 0
3 0 7
2 0 9
0 1 0
4 0 405
2 0 5
0 1 0
0 6 7
2 0 7
0 1 0
0 6 5
0 26 16
0 1 0
1 19 180
2 0 3
0 1 0
0 18 14
0 17 27
0 1 0
0 7 6
1 41 113
0 1 0
0 31 26
3 0 6
0 1 0
0 18 26
0 22 41
0 1 0
0 4 3
0 45 69
0 1 0
0 8 10
3 0 3
0 1 0
3 0 3
2 0 1
0 1 0
0 29 27
0 43 50
0 1 0
2 0 8
2 0 6
0 1 0
0 6 9
1 49 221
0 1 0
0 23 28
4 0 447
0 1 0
1 32 236
0 12 12
0 1 0
2 0 9
1 10 78
0 1 0
2 0 2
0 17 21
0 1 0
0 12 14
0 20 10
0 1 0
1 25 144
0 34 32
0 1 0
0 28 29
0 29 27
0 1 0
0 47 64
0 47 58
0 1 0
4 0 815
0 11 16
0 1 0
0 11 14
0 32 34
0 1 0
0 2 2
3 0 3
0 1 0
0 16 15
0 36 29
0 1 0
2 0 2
0 45 51
0 1 0
0 1 1
2 0 0
0 1 0
0 18 16
0 39 33
0 1 0
0 20 23
0 9 8
0 1 0
0 47 43
0 44 31
0 1 0
0 35 40
2 0 10
0 1 0
0 18 28
1 1 5
0 1 0
0 21 21
0 13 17
0 1 0
2 0 9
2 0 6
0 1 0
1 48 369
4 0 369
0 1 0
0 11 11
2 0 1
0 1 0
1 6 44
0 22 36
0 1 0
0 25 19
0 14 14
0 1 0
0 9 8
0 21 8
0 1 0
2 0 0
2 0 5
0 1 0
3 0 3
2 0 6
0 1 0
0 21 21
0 15 26
0 1 0
2 0 2
0 14 10
0 1 0
2 0 10
0 17 11
0 1 0
0 39 62
0 13 2
0 1 0
0 35 33
2 0 6
0 1 0
2 0 10
0 50 76
0 1 0
0 4 4
0 35 61
0 1 0
4 0 537
2 0 0
0 1 0
1 26 190
2 0 8
0 1 0
0 46 26
0 36 44
0 1 0
1 13 92
0 2 1
0 1 0
2 0 1
4 0 217
0 1 0
4 0 759
2 0 0
0 1 0
3 0 9
0 6 5
0 1 0
1 14 86
4 0 602
0 1 0
0 2 2
0 49 57
0 1 0
1 9 79
0 16 1
0 1 0
0 15 16
4 0 572
0 1 0
2 0 9
2 0 0
0 1 0
0 48 38
2 0 0
0 1 0
4 0 767
0 32 27
0 1 0
0 20 14
0 36 37
0 1 0
3 0 5
0 42 24
0 1 0
0 30 25
0 44 52
0 1 0
0 45 15
1 21 114
0 1 0
1 40 108
0 33 39
0 1 0
0 41 22
1 27 287
0 1 0
0 35 15
0 21 25
0 1 0
4 0 497
2 0 1
0 1 0
0 5 7
0 24 25
0 1 0
2 0 7
4 0 889
0 1 0
0 42 20
0 1 1
0 1 0
0 45 20
1 9 55
0 1 0
1 22 50
4 0 978
0 1 0
0 33 41
0 42 30
0 1 0
4 0 836
0 30 36
0 1 0
0 11 11
4 0 831
0 1 0
0 28 16
0 33 36
0 1 0
0 13 10
4 0 867
0 1 0
4 0 513
0 31 31
0 1 0
0 38 39
0 33 32
0 1 0
0 24 55
2 0 7
0 1 0
4 0 442
0 49 70
0 1 0
0 47 41
0 48 29
0 1 0
0 28 28
0 3 4
0 1 0
4 0 532
0 31 26
0 1 0
1 43 258
0 13 18
0 1 0
0 8 7
0 44 1
0 1 0
1 1 6
0 46 30
0 1 0
1 43 382
0 18 25
0 1 0
0 31 45
2 0 8
0 1 0
0 31 22
0 30 49
0 1 0
0 16 18
4 0 896
0 1 0
3 0 5
0 1 1
0 1 0
0 1 1
2 0 7
0 1 0
2 0 0
0 46 41
0 1 0
0 45 36
0 4 4
0 1 0
0 44 47
2 0 2
0 1 0
0 45 40
0 25 27
0 1 0
0 33 32
2 0 3
0 1 0
0 3 4
0 14 9
0 1 0
0 41 35
2 0 7
0 1 0
0 18 22
2 0 9
0 1 0
0 37 35
0 49 82
0 1 0
0 14 22
1 32 243
0 1 0
4 0 563
0 11 18
0 1 0
0 3 4
2 0 0
0 1 0
0 48 52
2 0 0
0 1 0
0 26 35
2 0 3
0 1 0
0 41 37
1 23 139
0 1 0
3 0 9
0 20 19
0 1 0
1 12 98
0 40 33
0 1 0
1 13 106
1 8 49
0 1 0
3 0 0
4 0 306
0 1 0
3 0 2
0 43 28
0 1 0
2 0 7
1 48 323
0 1 0
0 36 45
1 27 142
0 1 0
4 0 631
1 45 274
0 1 0
4 0 891
0 31 29
0 1 0
0 13 9
4 0 845
0 1 0
2 0 5
4 0 806
0 1 0
0 41 44
2 0 1
0 1 0
4 0 509
0 11 5
0 1 0
0 25 26
1 24 193
0 1 0
0 49 54
0 47 53
0 1 0
4 0 217
0 9 7
0 1 0
0 29 34
0 30 45
0 1 0
0 26 25
0 32 42
0 1 0
0 42 13
2 0 8
0 1 0
2 0 0
1 20 89
0 1 0
0 2 2
1 6 40
0 1 0
0 13 9
0 28 15
0 1 0
0 45 47
0 10 10
0 1 0
0 3 3
0 23 19
0 1 0
2 0 0
3 0 8
0 1 0
2 0 9
1 42 249
0 1 0
0 29 21
2 0 4
0 1 0
3 0 0
2 0 0
0 1 0
2 0 8
1 10 30
0 1 0
0 10 3
2 0 5
0 1 0
0 46 33
0 10 11
0 1 0
1 9 44
0 11 11
0 1 0
0 44 30
3 0 2
0 1 0
0 2 2
1 16 75
0 1 0
4 0 885
2 0 1
0 1 0
0 23 23
0 16 17
0 1 0
1 37 173
0 25 22
0 1 0
1 28 218
0 9 8
0 1 0
0 44 48
2 0 7
0 1 0
0 41 33
2 0 8
0 1 0
2 0 8
0 22 23
0 1 0
3 0 4
0 50 56
0 1 0
4 0 879
3 0 2
0 1 0
0 28 30
0 45 72
0 1 0
0 20 33
2 0 10
0 1 0
1 31 224
0 34 28
0 1 0
4 0 682
0 24 34
0 1 0
0 50 38
1 31 198
0 1 0
3 0 10
0 39 55
0 1 0
1 4 42
0 33 39
0 1 0
0 7 9
0 45 28
0 1 0
1 43 357
0 42 32
0 1 0
2 0 10
2 0 9
0 1 0
0 50 20
2 0 9
0 1 0
3 0 9
2 0 4
0 1 0
0 14 8
2 0 9
0 1 0
0 30 19
0 9 2
0 1 0
1 33 206
0 34 27
0 1 0
0 5 4
0 30 32
0 1 0
2 0 7
2 0 7
0 1 0
0 11 13
0 8 10
0 1 0
2 0 3
4 0 622
0 1 0
0 34 36
2 0 1
0 1 0
0 16 11
0 18 21
0 1 0
2 0 1
0 20 22
0 1 0
0 42 46
3 0 0
0 1 0
3 0 5
3 0 0
0 1 0
0 14 21
3 0 0
0 1 0
0 45 8
0 21 18
0 1 0
4 0 228
1 39 451
0 1 0
1 25 101
0 17 21
0 1 0
0 5 4
0 4 3
0 1 0
0 49 36
2 0 2
0 1 0
0 5 2
3 0 0
0 1 0
0 20 11
1 30 354
0 1 0
0 12 12
0 11 11
0 1 0
0 33 33
2 0 6
0 1 0
2 0 2
0 15 18
0 1 0
2 0 8
4 0 962
0 1 0
2 0 10
2 0 0
0 1 0
0 11 13
4 0 365
0 1 0
2 0 8
2 0 9
0 1 0
0 2 2
0 49 50
0 1 0
2 0 1
4 0 354
0 1 0
1 29 111
0 36 24
0 1 0
2 0 5
3 0 6
0 1 0
0 41 32
2 0 5
0 1 0
3 0 2
0 31 18
0 1 0
2 0 0
0 44 63
0 1 0
0 16 18
0 45 34
0 1 0
0 3 3
2 0 2
0 1 0
0 26 10
1 20 219
0 1 0
2 0 7
3 0 0
0 1 0
0 11 11
0 41 21
0 1 0
0 3 3
2 0 0
0 1 0
0 5 3
0 27 36
0 1 0
0 9 8
0 44 53
0 1 0
2 0 1
1 37 208
0 1 0
2 0 0
2 0 1
0 1 0
0 37 13
2 0 1
0 1 0
0 48 31
0 18 18
0 1 0
0 45 25
0 19 5
0 1 0
2 0 7
0 6 9
0 1 0
0 48 30
0 17 10
0 1 0
0 33 41
0 47 43
0 1 0
2 0 8
0 33 20
0 1 0
2 0 0
0 27 32
0 1 0
0 18 37
2 0 6
0 1 0
3 0 7
0 20 22
0 1 0
0 9 7
2 0 10
0 1 0
2 0 2
3 0 6
0 1 0
1 31 214
0 22 21
0 1 0
2 0 8
0 24 36
0 1 0
0 39 34
0 10 15
0 1 0
0 50 57
0 45 55
0 1 0
0 50 67
0 32 37
0 1 0
0 7 8
3 0 5
0 1 0
0 14 3
0 13 9
0 1 0
0 10 9
2 0 4
0 1 0
0 4 6
2 0 1
0 1 0
2 0 6
2 0 2
0 1 0
0 30 25
0 37 38
0 1 0
3 0 5
0 22 17
0 1 0
0 31 23
0 35 23
0 1 0
0 37 41
2 0 3
0 1 0
0 14 11
0 47 38
0 1 0
2 0 3
2 0 8
0 1 0
1 34 186
2 0 7
0 1 0
2 0 0
0 46 41
0 1 0
3 0 3
0 10 14
0 1 0
2 0 10
2 0 5
0 1 0
0 7 8
0 33 46
0 1 0
2 0 8
2 0 4
0 1 0
0 18 14
2 0 1
0 1 0
2 0 6
0 5 4
0 1 0
0 19 12
1 4 10
0 1 0
0 24 17
2 0 0
0 1 0
2 0 9
2 0 4
0 1 0
2 0 7
4 0 335
0 1 0
0 7 7
2 0 5
0 1 0
1 48 122
1 38 188
0 1 0
0 3 2
2 0 5
0 1 0
1 33 178
2 0 7
0 1 0
1 6 22
0 3 3
0 1 0
0 45 29
0 2 1
0 1 0
1 10 50
2 0 3
0 1 0
0 3 2
0 32 38
0 1 0
0 21 28
2 0 2
0 1 0
1 10 100
0 22 18
0 1 0
2 0 9
2 0 10
0 1 0
0 49 66
0 40 48
0 1 0
0 8 11
0 15 16
0 1 0
2 0 3
1 27 206
0 1 0
0 35 48
4 0 628
0 1 0
1 11 93
0 41 29
0 1 0
0 1 1
2 0 0
0 1 0
2 0 1
2 0 9
0 1 0
1 38 106
2 0 1
0 1 0
0 31 15
0 11 12
0 1 0
0 15 17
0 15 14
0 1 0
0 15 13
2 0 1
0 1 0
2 0 1
0 4 4
0 1 0
0 8 9
0 39 53
0 1 0
0 23 20
0 41 35
0 1 0
4 0 407
0 15 17
0 1 0
3 0 6
0 10 11
0 1 0
4 0 446
2 0 9
0 1 0
0 23 23
0 16 3
0 1 0
2 0 5
0 43 50
0 1 0
2 0 6
2 0 9
0 1 0
0 29 29
0 22 14
0 1 0
0 15 17
0 9 12
0 1 0
1 29 183
2 0 5
0 1 0
1 13 60
0 46 26
0 1 0
0 35 42
0 21 18
0 1 0
1 44 316
2 0 10
0 1 0
2 0 4
4 0 849
0 1 0
0 27 24
1 48 266
0 1 0
1 42 258
0 5 4
0 1 0
3 0 0
0 19 31
0 1 0
0 20 17
0 7 9
0 1 0
4 0 617
0 21 19
0 1 0
0 3 4
0 17 7
0 1 0
0 29 54
2 0 3
0 1 0
3 0 9
0 15 17
0 1 0
2 0 8
3 0 0
0 1 0
0 42 42
2 0 7
0 1 0
2 0 3
0 16 20
0 1 0
0 34 23
0 18 8
0 1 0
0 14 12
0 29 29
0 1 0
0 46 51
3 0 2
0 1 0
2 0 0
0 19 23
0 1 0
2 0 6
1 39 221
0 1 0
2 0 4
2 0 1
0 1 0
0 43 71
0 29 25
0 1 0
0 48 38
4 0 534
0 1 0
2 0 9
0 22 11
0 1 0
0 24 28
2 0 1
0 1 0
0 42 30
0 32 35
0 1 0
2 0 9
1 23 173
0 1 0
0 30 12
3 0 2
0 1 0
0 30 27
0 1 1
0 1 0
3 0 0
0 7 9
0 1 0
1 15 89
0 1 1
0 1 0
0 47 34
1 23 98
0 1 0
4 0 467
4 0 570
0 1 0
0 40 20
0 24 15
0 1 0
0 1 1
0 32 43
0 1 0
0 20 16
0 39 57
0 1 0
0 21 30
0 28 18
0 1 0
0 49 71
0 10 3
0 1 0
2 0 9
3 0 4
0 1 0
2 0 10
3 0 9
0 1 0
0 32 26
0 19 10
