622 622 533 558 517 496 622 498 490 502 521 539 538 522 470 438 470 444 438 441 451 471 508 532 378 480 507 533 622 547 569 622 555 480 504 463 422 378 470 580 605 604 598 
378 469 378 622 519 466 378 501 510 512 527 551 583 622 496 432 378 378 418 437 453 477 522 622 378 488 473 521 581 622 586 565 499 378 622 506 469 475 547 622 622 591 547 
518 500 451 378 473 474 491 622 536 510 522 556 622 554 461 418 400 403 421 436 448 463 483 502 470 622 378 499 560 590 587 553 499 445 479 470 472 507 622 559 538 593 622 
572 561 551 622 520 466 491 530 501 471 497 531 556 510 378 378 401 414 428 436 441 443 445 436 378 500 509 538 569 592 622 560 500 425 378 425 443 460 479 457 378 622 589 
622 622 571 573 523 378 479 504 469 378 463 516 562 555 622 447 413 426 439 442 435 425 417 420 426 493 622 574 588 589 592 567 517 378 397 410 416 412 378 411 417 489 540 
507 511 540 576 622 530 542 540 494 451 464 506 622 525 492 378 378 438 462 456 435 404 378 401 413 425 378 549 622 583 591 600 622 473 423 402 398 396 388 394 392 378 463 
434 378 500 572 590 578 622 622 514 471 434 424 378 431 445 478 622 488 514 485 446 378 396 394 400 418 470 622 570 530 591 622 547 469 421 378 378 386 386 386 378 395 426 
424 436 512 622 587 572 554 506 470 485 378 378 439 378 378 470 482 378 622 524 486 456 436 378 378 378 462 534 508 378 622 549 477 434 415 378 389 384 383 387 389 399 414 
413 429 490 549 567 569 517 378 378 622 474 462 622 378 622 543 458 430 483 504 517 527 513 495 468 378 469 544 551 622 524 474 378 378 427 427 418 378 378 388 394 400 406 
392 378 472 517 562 622 568 513 484 507 434 378 378 471 622 622 378 403 378 493 553 622 594 622 622 499 492 622 531 499 378 449 460 487 489 484 480 471 406 397 398 399 399 
378 439 504 485 542 601 622 622 539 489 378 622 471 510 622 576 439 427 452 536 579 607 622 597 525 506 378 378 452 464 449 483 528 622 557 540 548 622 378 396 400 402 399 
435 497 622 378 520 622 378 545 560 535 470 485 378 474 545 622 378 415 466 622 622 605 610 622 378 622 462 414 437 457 473 506 546 583 579 573 551 537 454 408 406 410 417 
449 491 542 520 539 557 524 622 622 622 485 469 447 465 461 378 387 389 378 502 521 584 590 579 484 480 437 378 426 454 481 521 569 586 602 622 547 520 493 378 406 415 426 
442 478 535 622 559 544 539 573 592 553 378 460 478 477 459 422 404 378 622 488 378 622 587 622 500 378 428 424 436 451 478 530 622 591 622 553 495 503 622 465 425 418 424 
418 444 500 543 533 520 517 538 622 622 513 515 530 504 476 448 431 425 469 450 428 485 515 535 516 497 475 454 442 438 448 499 547 534 501 473 378 378 461 435 411 408 411 
378 378 480 519 510 488 470 441 378 519 539 559 622 535 492 464 445 425 378 417 400 378 451 490 530 622 520 474 443 409 378 471 534 497 378 462 378 385 409 403 378 391 393 
412 451 523 541 503 450 435 378 449 539 564 560 556 521 493 473 460 451 441 440 378 412 421 446 493 531 508 480 446 378 426 474 622 544 530 622 489 378 389 391 384 386 392 
427 490 622 622 508 378 441 459 504 622 622 559 523 501 485 475 472 479 496 526 622 473 378 378 467 501 502 494 484 474 475 378 378 530 575 622 580 622 378 387 381 378 378 
429 462 552 582 532 479 492 515 488 554 582 532 477 475 473 470 475 496 540 545 546 481 429 481 497 504 505 509 523 560 622 512 533 622 622 611 589 565 430 399 378 622 451 
378 378 543 622 560 516 534 622 378 526 622 510 378 450 461 456 463 489 622 568 538 477 378 622 537 512 506 512 540 622 553 516 622 622 612 611 600 622 378 404 413 460 378 
420 510 622 603 569 492 506 622 543 551 515 511 500 488 465 432 430 378 528 569 560 512 480 530 516 503 496 496 501 505 453 378 378 518 593 622 580 545 457 426 411 428 414 
378 622 608 602 622 378 378 561 622 622 378 518 622 539 478 378 449 477 542 622 622 532 500 502 496 487 480 474 465 443 378 388 406 481 622 622 551 522 481 431 378 427 432 
507 573 585 578 541 378 490 622 616 600 540 562 590 570 529 494 512 539 544 543 509 494 486 483 478 470 462 454 443 424 398 389 378 378 474 489 483 513 513 439 434 472 508 
571 577 583 584 586 622 584 622 622 622 622 600 608 622 576 556 567 622 553 497 378 450 467 468 462 455 446 437 427 415 401 395 390 389 410 378 378 533 622 378 447 521 622 
580 581 586 591 598 608 604 614 619 617 617 607 622 610 599 589 579 579 551 515 465 464 463 458 450 440 429 422 415 406 396 400 400 378 398 429 478 622 578 447 454 545 585 
584 583 589 596 606 609 610 614 622 612 622 592 590 596 622 622 582 565 555 549 503 477 463 452 439 425 410 407 405 400 378 410 432 452 378 462 485 378 622 378 378 622 593 
579 580 590 600 622 613 612 612 611 589 569 550 551 563 584 598 563 543 556 622 523 477 460 448 429 413 378 393 396 410 416 431 465 622 526 558 622 494 477 414 425 532 581 
572 566 593 594 604 610 613 612 622 564 517 486 500 523 555 622 530 489 505 526 490 449 454 449 419 419 412 390 378 429 447 433 378 510 547 622 622 502 378 378 378 499 622 
520 521 622 578 593 608 622 600 576 527 450 378 443 472 492 499 446 378 450 486 461 378 456 476 378 435 461 378 378 484 507 478 458 496 531 572 582 514 438 399 405 467 523 
467 378 480 504 581 608 622 591 556 520 378 403 423 429 444 436 378 393 432 508 493 473 517 622 490 481 622 474 478 622 622 513 479 485 509 555 622 534 462 378 378 440 484 
485 436 418 378 622 622 607 589 536 622 488 437 416 378 420 423 399 387 378 622 529 505 519 538 479 378 378 417 440 489 491 475 462 456 465 517 556 539 500 378 408 433 506 
533 465 378 459 573 590 597 622 378 520 517 439 426 420 434 439 410 378 622 529 497 498 516 531 514 482 464 378 378 405 378 435 437 412 378 493 546 567 622 490 443 378 622 
561 514 479 510 622 570 569 572 533 562 622 378 429 441 460 486 426 428 469 378 432 475 518 558 562 572 622 496 468 378 414 449 441 378 455 534 566 564 562 520 497 496 575 
622 550 515 481 378 498 538 565 622 574 565 509 471 457 479 622 378 441 449 378 378 452 522 622 607 622 571 517 622 378 452 506 502 493 532 622 622 560 544 533 528 535 622 
482 551 552 520 485 507 521 530 551 549 555 622 489 437 378 378 472 510 508 449 420 436 496 559 622 537 527 378 486 459 512 622 567 560 558 579 583 510 520 542 547 496 378 
378 622 622 564 535 526 510 481 506 516 484 378 428 425 424 469 622 622 622 494 417 378 467 496 495 378 622 378 486 459 515 586 587 622 563 555 622 378 485 567 622 525 434 
471 562 596 581 564 550 515 378 475 525 488 434 422 412 423 453 502 516 561 487 378 440 498 464 486 484 550 543 622 378 505 622 572 550 518 457 378 423 477 622 585 547 457 
487 560 622 600 592 596 622 499 493 622 510 447 415 378 405 419 419 378 622 514 468 506 622 378 501 521 554 622 571 519 506 622 530 490 501 378 422 461 378 622 551 622 378 
539 571 598 604 610 622 622 505 378 622 485 430 412 397 398 399 378 415 487 480 474 496 540 540 622 547 522 526 524 622 378 465 438 378 622 473 473 622 622 500 378 622 479 
622 585 595 611 622 597 591 524 378 454 378 378 408 399 394 401 406 418 432 445 452 465 501 622 576 521 464 436 378 494 479 425 378 378 449 419 378 622 561 378 622 545 378 
511 554 587 622 378 554 622 622 378 439 451 473 441 399 378 405 427 419 378 418 424 411 378 519 540 499 378 378 422 499 622 378 404 384 378 378 378 500 622 378 622 559 491 
378 533 579 622 529 622 622 519 456 474 516 622 487 378 399 415 479 454 426 424 416 378 450 539 565 559 622 479 434 459 526 500 476 378 401 396 382 378 475 524 622 580 517 
561 622 574 562 497 378 622 378 452 487 517 546 507 458 426 378 622 492 448 438 438 448 507 622 622 550 540 482 378 378 523 622 622 483 452 422 378 378 378 622 617 622 622 
70 -1 -2
70 0 -3
70 3 0
70 -1 2
70 1 -1
70 -3 0
70 1 0
69 -1 -2
69 0 -3
69 3 0
69 -1 2
69 1 -1
69 -3 0
69 1 0
68 -1 -2
68 0 -3
68 3 0
68 -1 2
68 1 -1
68 -3 0
68 1 0
67 -1 -2
67 0 -3
67 3 0
67 -1 2
67 1 -1
67 -3 0
67 1 0
66 -1 -2
66 0 -3
66 3 0
66 -1 2
66 1 -1
66 -3 0
66 1 0
65 -1 -2
65 0 -3
65 3 0
65 -1 2
65 1 -1
65 -3 0
65 1 0
64 -1 -2
64 0 -3
64 3 0
64 -1 2
64 1 -1
64 -3 0
64 1 0
63 -1 -2
63 0 -3
63 3 0
63 -1 2
63 1 -1
63 -3 0
63 1 0
62 -1 -2
62 0 -3
62 3 0
62 -1 2
62 1 -1
62 -3 0
62 1 0
61 -1 -2
61 0 -3
61 3 0
61 -1 2
61 1 -1
61 -3 0
61 1 0
60 -1 -2
60 0 -3
60 3 0
60 -1 2
60 1 -1
60 -3 0
60 1 0
59 -1 -2
59 0 -3
59 3 0
59 -1 2
59 1 -1
59 -3 0
59 1 0
58 -1 -2
58 0 -3
58 3 0
58 -1 2
58 1 -1
58 -3 0
58 1 0
57 -1 -2
57 0 -3
57 3 0
57 -1 2
57 1 -1
57 -3 0
57 1 0
56 -1 -2
56 0 -3
56 3 0
56 -1 2
56 1 -1
56 -3 0
56 1 0
55 -1 -2
55 0 -3
55 3 0
55 -1 2
55 1 -1
55 -3 0
55 1 0
54 -1 -2
54 0 -3
54 3 0
54 -1 2
54 1 -1
54 -3 0
54 1 0
53 -1 -2
53 0 -3
53 3 0
53 -1 2
53 1 -1
53 -3 0
53 1 0
52 -1 -2
52 0 -3
52 3 0
52 -1 2
52 1 -1
52 -3 0
52 1 0
51 -1 -2
51 0 -3
51 3 0
51 -1 2
51 1 -1
51 -3 0
51 1 0
50 -1 -2
50 0 -3
50 3 0
50 -1 2
50 1 -1
50 -3 0
50 1 0
49 -1 -2
49 0 -3
49 3 0
49 -1 2
49 1 -1
49 -3 0
49 1 0
48 -1 -2
48 0 -3
48 3 0
48 -1 2
48 1 -1
48 -3 0
48 1 0
47 -1 -2
47 0 -3
47 3 0
47 -1 2
47 1 -1
47 -3 0
47 1 0
46 -1 -2
46 0 -3
46 3 0
46 -1 2
46 1 -1
46 -3 0
46 1 0
45 -1 -2
45 0 -3
45 3 0
45 -1 2
45 1 -1
45 -3 0
45 1 0
44 -1 -2
44 0 -3
44 3 0
44 -1 2
44 1 -1
44 -3 0
44 1 0
43 -1 -2
43 0 -3
43 3 0
43 -1 2
43 1 -1
43 -3 0
43 1 0
42 -1 -2
42 0 -3
42 3 0
42 -1 2
42 1 -1
42 -3 0
42 1 0
41 -1 -2
41 0 -3
41 3 0
41 -1 2
41 1 -1
41 -3 0
41 1 0
40 -1 -2
40 0 -3
40 3 0
40 -1 2
40 1 -1
40 -3 0
40 1 0
39 -1 -2
39 0 -3
39 3 0
39 -1 2
39 1 -1
39 -3 0
39 1 0
38 -1 -2
38 0 -3
38 3 0
38 -1 2
38 1 -1
38 -3 0
38 1 0
37 -1 -2
37 0 -3
37 3 0
37 -1 2
37 1 -1
37 -3 0
37 1 0
36 -1 -2
36 0 -3
36 3 0
36 -1 2
36 1 -1
36 -3 0
36 1 0
35 -1 -2
35 0 -3
35 3 0
35 -1 2
35 1 -1
35 -3 0
35 1 0
34 -1 -2
34 0 -3
34 3 0
34 -1 2
34 1 -1
34 -3 0
34 1 0
33 -1 -2
33 0 -3
33 3 0
33 -1 2
33 1 -1
33 -3 0
33 1 0
32 -1 -2
32 0 -3
32 3 0
32 -1 2
32 1 -1
32 -3 0
32 1 0
31 -1 -2
31 0 -3
31 3 0
31 -1 2
31 1 -1
31 -3 0
31 1 0
30 -1 -2
30 0 -3
30 3 0
30 -1 2
30 1 -1
30 -3 0
30 1 0
29 -1 -2
29 0 -3
29 3 0
29 -1 2
29 1 -1
29 -3 0
29 1 0
28 -1 -2
28 0 -3
28 3 0
28 -1 2
28 1 -1
28 -3 0
28 1 0
27 -1 -2
27 0 -3
27 3 0
27 -1 2
27 1 -1
27 -3 0
27 1 0
26 -1 -2
26 0 -3
26 3 0
26 -1 2
26 1 -1
26 -3 0
26 1 0
25 -1 -2
25 0 -3
25 3 0
25 -1 2
25 1 -1
25 -3 0
25 1 0
24 -1 -2
24 0 -3
24 3 0
24 -1 2
24 1 -1
24 -3 0
24 1 0
23 -1 -2
23 0 -3
23 3 0
23 -1 2
23 1 -1
23 -3 0
23 1 0
22 -1 -2
22 0 -3
22 3 0
22 -1 2
22 1 -1
22 -3 0
22 1 0
21 -1 -2
21 0 -3
21 3 0
21 -1 2
21 1 -1
21 -3 0
21 1 0
20 -1 -2
20 0 -3
20 3 0
20 -1 2
20 1 -1
20 -3 0
20 1 0
19 -1 -2
19 0 -3
19 3 0
19 -1 2
19 1 -1
19 -3 0
19 1 0
18 -1 -2
18 0 -3
18 3 0
18 -1 2
18 1 -1
18 -3 0
18 1 0
17 -1 -2
17 0 -3
17 3 0
17 -1 2
17 1 -1
17 -3 0
17 1 0
16 -1 -2
16 0 -3
16 3 0
16 -1 2
16 1 -1
16 -3 0
16 1 0
15 -1 -2
15 0 -3
15 3 0
15 -1 2
15 1 -1
15 -3 0
15 1 0
14 -1 -2
14 0 -3
14 3 0
14 -1 2
14 1 -1
14 -3 0
14 1 0
13 -1 -2
13 0 -3
13 3 0
13 -1 2
13 1 -1
13 -3 0
13 1 0
12 -1 -2
12 0 -3
12 3 0
12 -1 2
12 1 -1
12 -3 0
12 1 0
11 -1 -2
11 0 -3
11 3 0
11 -1 2
11 1 -1
11 -3 0
11 1 0
10 -1 -2
10 0 -3
10 3 0
10 -1 2
10 1 -1
10 -3 0
10 1 0
9 -1 -2
9 0 -3
9 3 0
9 -1 2
9 1 -1
9 -3 0
9 1 0
8 -1 -2
8 0 -3
8 3 0
8 -1 2
8 1 -1
8 -3 0
8 1 0
7 -1 -2
7 0 -3
7 3 0
7 -1 2
7 1 -1
7 -3 0
7 1 0
6 -1 -2
6 0 -3
6 3 0
6 -1 2
6 1 -1
6 -3 0
6 1 0
5 -1 -2
5 0 -3
5 3 0
5 -1 2
5 1 -1
5 -3 0
5 1 0
4 -1 -2
4 0 -3
4 3 0
4 -1 2
4 1 -1
4 -3 0
4 1 0
3 -1 -2
3 0 -3
3 3 0
3 -1 2
3 1 -1
3 -3 0
3 1 0
2 -1 -2
2 0 -3
2 3 0
2 -1 2
2 1 -1
2 -3 0
2 1 0
1 -1 -2
1 0 -3
1 3 0
1 -1 2
1 1 -1
1 -3 0
1 1 0
0 -1 -2
0 0 -3
0 3 0
0 -1 2
0 1 -1
0 -3 0
0 1 0
7 1 0
57 -1 -2
35 3 0
38 3 0
52 -1 2
22 1 -1
23 1 0
7 1 0
6 1 0
43 1 0
41 3 0
55 -1 -2
42 -1 2
42 0 -3
34 0 -3
45 -3 0
3 0 -3
65 1 0
32 1 -1
19 1 -1
28 0 -3
15 0 -3
15 3 0
66 -1 2
32 0 -3
39 3 0
68 -1 2
68 -3 0
58 -1 -2
36 3 0
5 -3 0
52 1 -1
19 3 0
53 -1 2
47 -1 -2
30 1 0
15 1 -1
18 -1 -2
64 1 0
37 0 -3
13 1 0
31 1 -1
25 -1 -2
0 -1 -2
68 1 0
58 -1 2
38 -3 0
32 1 -1
13 1 0
9 -1 -2
56 3 0
22 -3 0
28 0 -3
26 -1 2
62 -1 -2
62 -1 -2
25 1 -1
23 3 0
69 -1 -2
62 -3 0
62 -3 0
22 -1 2
5 -1 2
53 1 -1
63 -3 0
54 3 0
43 3 0
70 0 -3
70 0 -3
44 3 0
34 3 0
26 1 0
3 1 0
43 -1 2
43 -1 2
44 1 -1
22 1 -1
57 1 -1
69 -3 0
27 0 -3
21 0 -3
8 3 0
28 -1 2
22 -1 -2
20 0 -3
39 3 0
33 3 0
7 3 0
41 -1 -2
30 -1 2
27 1 0
28 0 -3
20 -3 0
62 -1 2
60 1 -1
19 1 -1
45 -1 2
7 1 0
66 -1 2
58 3 0
12 0 -3
12 0 -3
66 1 -1
48 -1 2
7 3 0
37 3 0
37 3 0
37 3 0
22 1 0
68 1 -1
55 1 0
10 3 0
10 3 0
4 1 -1
4 1 -1
68 -1 -2
57 -3 0
64 0 -3
64 0 -3
5 0 -3
54 -1 -2
54 -1 -2
53 -1 2
4 0 -3
2 1 -1
25 -1 2
9 0 -3
9 0 -3
63 -1 2
62 3 0
64 -1 2
63 1 0
49 3 0
49 3 0
43 1 -1
53 1 0
53 1 0
46 3 0
24 -3 0
66 3 0
54 3 0
54 3 0
54 3 0
54 3 0
54 3 0
63 0 -3
63 0 -3
40 1 -1
26 -3 0
9 -1 2
18 -1 -2
18 -1 -2
6 0 -3
70 1 0
70 1 0
63 3 0
63 3 0
25 -1 -2
61 -3 0
21 1 0
18 -3 0
18 -3 0
35 3 0
10 0 -3
19 -1 2
19 -1 2
4 0 -3
4 0 -3
13 3 0
1 -1 2
52 -3 0
44 -1 2
64 1 0
19 -1 -2
27 -3 0
27 -3 0
23 -3 0
28 1 0
28 1 0
14 0 -3
14 0 -3
0 1 -1
38 1 0
20 -1 -2
20 -1 -2
3 -1 -2
32 1 0
18 1 -1
0 -1 2
68 3 0
5 1 0
65 1 0
65 1 0
24 -3 0
57 -3 0
41 -1 -2
15 -1 2
70 1 -1
52 1 0
19 -1 2
19 -1 2
19 -1 2
19 -1 2
8 0 -3
59 1 0
59 1 0
48 1 -1
35 3 0
35 3 0
35 3 0
34 -3 0
34 -3 0
34 -3 0
66 -1 -2
65 0 -3
65 0 -3
65 0 -3
65 0 -3
6 -1 -2
41 3 0
35 -1 -2
59 1 -1
35 -3 0
2 -1 -2
52 3 0
40 1 0
40 1 0
10 -3 0
57 1 -1
50 3 0
27 -1 -2
60 -1 -2
52 -1 -2
52 -1 -2
43 1 0
34 0 -3
22 1 0
12 -1 -2
12 -1 -2
12 -1 -2
9 1 0
46 3 0
52 -1 2
57 3 0
57 3 0
51 1 -1
42 1 0
42 1 0
42 1 0
42 1 0
32 1 0
32 1 -1
7 -1 -2
7 -1 -2
7 -1 -2
7 -1 -2
1 3 0
32 3 0
32 3 0
32 3 0
58 0 -3
58 0 -3
52 1 0
67 -1 -2
11 1 -1
11 1 -1
11 1 -1
11 1 -1
11 1 -1
11 1 -1
7 0 -3
70 -1 -2
67 0 -3
67 0 -3
38 -1 -2
53 0 -3
53 0 -3
53 0 -3
53 0 -3
30 1 -1
30 1 -1
23 -1 2
5 1 -1
64 -1 -2
42 -1 -2
40 1 -1
8 1 0
6 1 -1
6 1 -1
6 1 0
32 -1 2
32 -1 2
6 -3 0
51 0 -3
51 0 -3
45 -3 0
45 -3 0
4 1 0
4 1 0
6 1 0
6 1 0
3 1 0
45 -1 2
45 1 -1
17 3 0
17 -3 0
2 -3 0
51 -3 0
26 0 -3
3 0 -3
58 3 0
58 3 0
32 1 -1
32 1 -1
10 -1 -2
57 -1 2
39 -3 0
33 0 -3
31 1 -1
31 1 -1
31 1 -1
20 0 -3
25 0 -3
4 1 0
3 -3 0
70 -3 0
57 -3 0
25 -3 0
15 -1 -2
15 -1 -2
33 -3 0
23 3 0
23 3 0
23 3 0
23 3 0
69 1 0
69 1 0
34 -1 -2
22 1 -1
34 -1 2
34 -1 2
0 0 -3
18 0 -3
60 1 -1
29 3 0
29 0 -3
66 3 0
66 3 0
34 1 0
61 1 -1
24 -1 -2
24 -1 -2
24 -1 -2
60 -1 -2
5 -1 2
5 -1 2
37 3 0
59 1 -1
67 -1 -2
44 -3 0
44 -3 0
36 3 0
26 -1 2
68 -1 2
68 -1 2
49 -3 0
59 0 -3
59 0 -3
40 1 0
40 1 0
16 1 0
56 -3 0
23 -3 0
16 1 -1
35 -3 0
34 -3 0
13 3 0
0 -1 -2
0 1 -1
5 -1 2
23 1 0
58 3 0
41 1 0
41 1 0
1 -3 0
67 3 0
51 0 -3
35 1 0
30 1 0
42 1 -1
20 -1 -2
20 -1 -2
56 -3 0
40 -1 -2
40 -1 -2
15 -3 0
15 -3 0
15 -3 0
62 3 0
62 3 0
19 1 -1
53 0 -3
53 0 -3
53 0 -3
68 3 0
61 0 -3
61 0 -3
61 0 -3
61 0 -3
55 0 -3
55 1 -1
55 1 -1
51 1 0
51 1 0
9 1 0
38 -3 0
31 0 -3
60 1 0
60 1 0
60 1 0
60 1 0
44 1 0
30 0 -3
30 0 -3
26 0 -3
17 1 0
36 1 0
32 0 -3
50 1 0
48 1 -1
48 1 -1
10 0 -3
52 -1 -2
52 -1 -2
52 -1 -2
47 -3 0
32 -1 -2
23 0 -3
51 1 -1
51 1 -1
51 1 -1
33 -1 -2
33 -1 -2
33 -1 -2
33 -1 -2
44 -1 2
33 1 -1
33 1 -1
33 1 -1
33 1 -1
33 1 -1
66 0 -3
37 1 0
37 1 0
34 -1 -2
21 -1 -2
21 -1 -2
31 1 0
31 1 0
31 1 0
31 1 0
18 -1 -2
18 -1 -2
20 -1 -2
17 1 -1
17 1 -1
11 -1 -2
11 -1 -2
11 -1 -2
11 -1 -2
62 -1 -2
62 -1 -2
62 3 0
56 1 0
40 1 0
15 1 0
48 1 0
48 1 0
48 1 0
45 -1 -2
22 -1 2
70 1 0
70 1 0
58 1 -1
52 1 0
34 1 -1
36 1 0
36 1 0
70 0 -3
41 3 0
19 3 0
19 3 0
18 -1 2
18 -1 2
18 -1 2
69 -1 -2
69 -1 -2
2 0 -3
2 0 -3
54 -1 -2
54 -1 -2
54 -1 -2
27 1 0
53 0 -3
45 1 0
26 1 -1
11 1 -1
11 1 -1
8 -3 0
60 -3 0
41 1 -1
41 1 -1
41 1 -1
41 1 -1
36 1 0
11 1 0
64 1 0
64 1 0
64 1 0
49 1 0
16 0 -3
16 0 -3
16 0 -3
16 0 -3
64 1 -1
41 1 -1
7 1 0
7 1 0
7 1 0
7 1 0
26 0 -3
66 1 -1
65 1 -1
38 -1 -2
21 0 -3
21 0 -3
65 1 0
42 1 -1
42 1 -1
42 1 -1
42 1 -1
42 1 -1
42 1 -1
42 1 -1
42 1 -1
42 1 -1
28 -3 0
28 -3 0
18 -3 0
61 -3 0
56 -3 0
56 -3 0
56 -3 0
23 -1 2
46 3 0
41 1 -1
41 1 -1
64 -1 2
35 -3 0
60 0 -3
60 0 -3
51 0 -3
29 -3 0
29 -3 0
28 -1 2
54 -1 2
57 1 -1
54 -3 0
54 -3 0
36 -3 0
36 -3 0
61 3 0
59 -1 2
3 -1 -2
3 -1 -2
15 -1 2
40 0 -3
40 0 -3
23 -1 2
23 -1 2
23 -1 2
23 -1 2
23 -1 2
23 -1 2
23 -1 2
53 -1 2
32 -1 -2
32 -1 -2
32 -1 -2
32 -1 -2
32 -1 -2
32 -1 -2
32 -1 -2
32 -1 -2
32 -1 -2
32 -1 -2
32 -1 -2
32 -1 -2
62 1 0
13 0 -3
37 -1 2
37 -1 2
32 1 -1
32 1 -1
32 1 -1
11 0 -3
1 -1 -2
56 -1 2
0 1 0
67 -3 0
58 0 -3
30 -1 -2
36 1 -1
29 -1 2
29 -1 2
29 -1 2
14 1 -1
36 0 -3
6 1 -1
57 -1 2
57 -1 2
14 3 0
56 3 0
56 3 0
32 1 -1
32 1 -1
43 -1 2
24 -1 2
24 -1 2
24 -1 2
63 -1 -2
63 -1 -2
31 1 -1
31 1 -1
13 -1 -2
5 3 0
5 3 0
5 3 0
5 3 0
1 -1 2
1 -1 2
67 1 -1
67 1 -1
43 1 0
4 -1 2
47 3 0
47 3 0
47 3 0
32 -3 0
66 -3 0
66 -3 0
64 -1 -2
64 -1 -2
55 -1 2
8 0 -3
2 3 0
2 3 0
2 3 0
2 3 0
2 3 0
63 0 -3
63 0 -3
53 -1 2
40 1 -1
40 1 -1
13 -1 2
39 3 0
10 1 -1
8 -1 2
8 -1 2
65 -1 -2
62 -3 0
62 -3 0
62 -3 0
62 -3 0
52 -1 -2
52 -1 -2
52 -1 -2
38 0 -3
38 0 -3
69 1 -1
51 -1 -2
51 -1 -2
47 1 -1
47 1 -1
22 1 -1
22 1 -1
22 1 -1
20 1 -1
53 1 -1
48 3 0
17 -1 2
70 -3 0
70 -3 0
69 -3 0
30 -3 0
28 -1 -2
28 -1 -2
28 -1 -2
25 1 0
69 -1 2
69 -1 2
69 -1 2
66 3 0
66 3 0
66 3 0
66 3 0
66 3 0
42 3 0
37 -3 0
37 -3 0
67 -1 -2
59 -1 2
59 -1 2
59 -1 2
22 -1 2
0 -1 -2
13 1 0
18 0 -3
22 3 0
67 -1 2
29 -1 2
29 -1 2
18 3 0
18 3 0
18 3 0
16 1 0
1 0 -3
1 0 -3
40 -3 0
40 -3 0
40 -3 0
37 -3 0
37 -3 0
27 -1 -2
20 3 0
58 -1 2
67 0 -3
62 -1 2
53 -3 0
53 -3 0
53 -3 0
53 -3 0
53 -3 0
53 -3 0
53 -3 0
53 -3 0
53 -3 0
19 0 -3
54 1 0
44 -1 2
39 -1 -2
39 -1 -2
53 -1 2
34 -1 -2
23 -1 -2
26 3 0
43 0 -3
43 0 -3
6 -1 -2
24 3 0
64 -3 0
55 -3 0
55 -3 0
55 -3 0
55 -3 0
26 -3 0
24 -3 0
24 -3 0
69 -3 0
69 -3 0
69 -3 0
69 -3 0
69 -3 0
61 1 -1
52 3 0
25 3 0
57 1 -1
64 1 0
38 -1 2
7 3 0
69 -1 -2
34 -1 2
34 -1 2
0 -1 2
53 -1 -2
70 -1 -2
68 1 0
68 1 0
68 1 0
46 -1 -2
46 -1 -2
46 -1 -2
46 -1 -2
46 -1 -2
46 -1 -2
46 -1 -2
46 -1 -2
46 -1 -2
46 -1 -2
16 1 -1
15 1 -1
15 1 -1
57 1 -1
31 -3 0
28 3 0
28 3 0
13 3 0
13 3 0
13 3 0
43 1 0
29 -3 0
29 -3 0
17 1 -1
17 1 -1
17 1 -1
17 1 -1
17 1 -1
17 1 -1
59 1 0
59 1 0
59 1 0
59 1 0
56 -3 0
56 -3 0
56 -3 0
56 -3 0
56 -3 0
56 -3 0
15 -3 0
35 -3 0
6 -3 0
6 -3 0
47 -3 0
47 -3 0
47 -3 0
39 3 0
56 0 -3
52 0 -3
52 0 -3
52 0 -3
52 0 -3
9 -3 0
30 -3 0
30 -3 0
30 -3 0
30 -3 0
34 -3 0
8 -1 -2
59 -1 2
59 -1 2
27 0 -3
27 0 -3
27 0 -3
59 3 0
59 3 0
59 3 0
36 -1 2
49 1 0
49 1 0
26 -1 -2
26 -1 -2
33 -1 -2
33 -1 -2
68 -1 2
68 -1 2
68 -1 2
58 1 -1
57 -1 2
57 -1 2
57 -1 2
40 0 -3
22 1 0
35 -1 2
20 -1 -2
20 -1 -2
11 -1 -2
57 -1 2
6 1 0
3 -1 2
61 0 -3
55 0 -3
44 -1 -2
44 -1 -2
33 -3 0
7 1 -1
7 1 -1
7 1 -1
7 1 -1
7 1 -1
7 1 -1
7 1 -1
7 1 -1
7 1 -1
7 1 -1
7 1 -1
7 1 -1
7 1 -1
63 1 0
63 1 0
50 3 0
50 3 0
30 3 0
30 3 0
13 -3 0
13 -3 0
13 -3 0
66 3 0
37 1 0
16 1 -1
60 -3 0
17 1 0
3 1 0
55 3 0
51 -1 2
35 1 -1
24 1 -1
24 1 -1
24 1 -1
24 1 -1
16 -3 0
16 -3 0
55 -1 -2
48 -3 0
48 -3 0
48 -3 0
48 -3 0
48 -3 0
48 -3 0
48 -3 0
48 -3 0
48 -3 0
48 -3 0
48 -3 0
48 -3 0
25 -1 2
25 -1 2
60 -1 2
44 -1 -2
44 -1 -2
44 -1 -2
40 3 0
23 0 -3
5 -3 0
1 -3 0
7 3 0
0 -1 -2
62 1 0
55 3 0
36 -3 0
68 -3 0
46 -1 2
44 1 0
44 1 0
44 1 0
0 3 0
0 3 0
47 -1 2
45 1 0
33 -1 -2
68 -1 -2
68 1 0
68 1 0
11 1 0
45 1 -1
10 -3 0
68 0 -3
49 -1 2
16 -3 0
2 -3 0
66 0 -3
3 3 0
51 -1 -2
51 -1 -2
51 -1 -2
51 -1 -2
40 1 -1
49 1 0
47 -1 -2
47 -1 -2
47 -1 -2
47 -1 -2
47 -1 -2
47 -1 -2
47 -1 -2
47 -1 -2
31 1 0
31 1 0
11 1 -1
7 3 0
7 3 0
7 3 0
7 3 0
7 3 0
69 -3 0
48 -1 -2
46 1 -1
44 0 -3
37 3 0
16 1 0
16 1 0
11 0 -3
5 3 0
59 -1 -2
55 1 -1
55 1 -1
50 -1 -2
30 -3 0
23 -1 -2
22 1 -1
59 -1 2
59 -1 2
59 -1 2
59 -1 2
54 -3 0
54 -3 0
12 -1 -2
48 -3 0
38 0 -3
31 -1 2
1 1 0
36 0 -3
16 -3 0
14 -3 0
67 1 0
46 0 -3
17 1 0
64 3 0
55 1 0
44 -3 0
44 1 0
44 1 0
59 -3 0
50 1 -1
6 3 0
64 0 -3
64 0 -3
64 0 -3
56 -3 0
59 0 -3
59 0 -3
63 3 0
63 3 0
63 3 0
63 3 0
69 3 0
63 0 -3
26 -1 -2
34 3 0
34 3 0
34 3 0
34 3 0
34 3 0
14 -3 0
21 -1 2
59 -1 2
59 -1 2
39 -1 -2
1 -1 2
70 3 0
70 3 0
70 3 0
70 3 0
53 0 -3
21 3 0
21 3 0
21 3 0
63 1 -1
63 1 -1
63 1 -1
63 1 -1
63 1 -1
63 1 -1
51 -1 -2
51 -1 -2
51 -1 -2
51 -1 -2
47 -3 0
47 -3 0
47 -3 0
40 1 -1
40 1 -1
36 -1 -2
65 -3 0
54 -1 -2
5 1 0
47 1 0
47 1 0
39 -1 2
19 -1 2
0 0 -3
58 -1 -2
48 1 -1
25 1 -1
65 -1 2
64 1 0
64 1 0
64 1 0
10 -1 -2
10 -1 -2
46 -3 0
22 -3 0
54 0 -3
52 3 0
48 1 0
5 -1 -2
5 -1 -2
5 -1 -2
61 -1 2
53 -3 0
53 -3 0
53 -3 0
53 -3 0
62 -3 0
4 0 -3
31 3 0
31 3 0
31 3 0
31 3 0
31 3 0
31 3 0
31 3 0
40 -1 2
40 -1 2
40 -1 2
40 -1 2
35 3 0
35 3 0
35 3 0
35 3 0
4 0 -3
0 3 0
14 -1 -2
14 -1 -2
14 -1 -2
14 -1 -2
62 -1 -2
62 -1 -2
58 1 0
51 -1 -2
51 -1 -2
34 1 0
11 -3 0
11 -3 0
3 0 -3
2 1 -1
62 0 -3
62 0 -3
62 0 -3
32 -3 0
27 -1 2
8 1 0
8 1 0
1 0 -3
1 0 -3
47 -1 -2
69 1 -1
69 1 -1
69 1 -1
69 1 -1
42 1 0
39 -3 0
39 -3 0
39 -3 0
55 -3 0
44 -1 -2
7 -1 2
7 -1 2
7 -1 2
7 -1 2
7 -1 2
7 -1 2
59 1 -1
59 1 -1
43 -1 -2
43 -1 -2
43 -1 -2
43 -1 -2
43 -1 -2
24 1 0
16 -1 2
53 0 -3
53 0 -3
53 0 -3
53 0 -3
53 0 -3
53 0 -3
41 3 0
22 1 0
16 3 0
16 3 0
9 0 -3
66 1 0
66 1 0
66 1 0
66 1 0
33 -1 2
5 0 -3
48 1 0
48 1 0
48 1 0
48 1 0
48 1 0
34 0 -3
34 0 -3
34 0 -3
33 1 0
33 1 0
67 -1 -2
67 -1 -2
53 -1 2
39 -3 0
39 -3 0
21 1 0
21 1 0
12 1 0
65 1 -1
61 -1 -2
61 -1 -2
61 -1 -2
61 -1 -2
61 -1 -2
61 -1 -2
61 -1 -2
61 -1 -2
61 -1 -2
61 -1 -2
14 1 0
41 1 0
41 1 0
24 1 -1
57 0 -3
41 1 0
41 1 0
6 0 -3
6 -1 2
67 -3 0
21 -1 -2
21 -1 -2
21 -1 -2
5 -1 -2
47 1 0
47 1 0
47 1 0
47 1 0
47 1 0
25 -3 0
6 1 -1
67 1 -1
69 3 0
69 1 -1
68 1 0
50 -3 0
50 -3 0
50 -3 0
50 -3 0
50 -3 0
47 -3 0
61 1 0
31 -3 0
28 0 -3
56 -1 2
44 0 -3
44 0 -3
44 0 -3
44 0 -3
21 -3 0
68 -1 -2
19 3 0
20 -3 0
19 -1 2
19 -1 2
19 -1 2
19 -1 2
19 -1 2
19 -1 2
19 -1 2
13 1 -1
10 1 0
10 1 0
10 1 0
10 1 0
10 1 0
10 1 0
41 -1 -2
41 -1 -2
41 -1 -2
41 -1 -2
41 -1 -2
41 -1 -2
2 -1 -2
2 -1 -2
2 -1 -2
2 -1 -2
2 -1 -2
2 -1 -2
2 -1 -2
2 -1 -2
51 1 -1
70 1 0
39 -1 -2
39 -1 -2
0 1 0
66 -3 0
1 -3 0
41 1 -1
38 1 0
45 0 -3
45 0 -3
45 0 -3
45 0 -3
45 0 -3
45 0 -3
45 0 -3
7 -1 -2
7 -1 -2
1 1 -1
65 -1 -2
65 -1 -2
65 -1 -2
58 -3 0
58 -3 0
58 -3 0
19 -1 -2
19 -1 -2
55 1 -1
55 1 -1
40 -3 0
29 -3 0
62 -1 2
62 -1 2
62 -1 2
62 -1 2
62 -1 2
62 -1 2
37 1 -1
9 3 0
9 3 0
9 3 0
9 3 0
9 3 0
9 3 0
59 -3 0
59 -3 0
49 3 0
49 3 0
10 -3 0
33 1 -1
33 1 -1
33 1 -1
33 1 -1
33 1 -1
33 1 -1
31 3 0
43 -1 -2
54 1 0
54 1 0
54 1 0
54 1 0
54 1 0
54 1 0
54 1 0
54 1 0
54 1 0
54 1 0
50 1 0
47 0 -3
37 0 -3
37 0 -3
26 0 -3
19 -1 -2
9 1 -1
0 0 -3
23 1 -1
55 -1 -2
46 3 0
56 1 -1
56 1 -1
51 0 -3
49 -3 0
49 -3 0
64 1 -1
47 -3 0
47 -3 0
22 0 -3
16 -1 2
38 1 -1
20 -3 0
20 -3 0
20 -3 0
64 -1 -2
64 -1 -2
64 -1 -2
63 0 -3
50 0 -3
44 3 0
44 3 0
38 1 -1
16 -3 0
70 1 0
55 -1 2
48 -3 0
19 -1 2
19 -1 2
19 -1 2
19 -1 2
19 -1 2
19 -1 2
19 -1 2
19 -1 2
58 -3 0
44 -1 -2
14 -1 -2
14 -1 -2
41 -3 0
26 3 0
26 3 0
48 -1 -2
30 1 0
30 1 0
30 1 0
26 1 0
22 -1 2
69 1 0
64 -3 0
59 0 -3
53 3 0
43 3 0
43 3 0
0 -1 2
38 -3 0
38 -3 0
38 -3 0
38 -3 0
14 -3 0
70 3 0
70 3 0
54 1 -1
54 1 -1
18 -1 -2
10 3 0
10 3 0
10 3 0
10 3 0
10 3 0
10 3 0
10 3 0
10 3 0
10 3 0
64 0 -3
52 0 -3
52 0 -3
52 0 -3
52 0 -3
52 0 -3
27 -1 2
27 -1 2
39 1 -1
24 -1 2
64 3 0
64 3 0
64 3 0
64 3 0
48 1 0
4 0 -3
4 0 -3
40 1 0
40 1 0
40 1 0
40 1 0
40 1 0
28 -3 0
16 -1 -2
65 0 -3
65 0 -3
65 0 -3
4 1 0
66 1 0
66 1 0
15 3 0
15 3 0
10 3 0
10 3 0
10 3 0
10 3 0
10 3 0
10 3 0
10 3 0
40 -1 -2
35 -1 2
35 -1 2
35 -1 2
35 -1 2
70 0 -3
70 0 -3
50 0 -3
14 3 0
14 3 0
14 3 0
14 3 0
14 3 0
14 3 0
14 3 0
14 3 0
14 3 0
14 3 0
58 -1 -2
58 -1 -2
56 0 -3
56 0 -3
27 3 0
15 0 -3
15 0 -3
26 -3 0
59 -1 2
35 -3 0
33 3 0
0 1 0
42 -3 0
22 -1 -2
49 0 -3
49 0 -3
49 0 -3
49 0 -3
49 0 -3
49 0 -3
49 0 -3
49 0 -3
49 0 -3
49 0 -3
49 0 -3
43 0 -3
14 1 0
14 1 0
14 1 0
14 1 0
14 1 0
28 3 0
11 3 0
6 -1 2
44 1 -1
15 -1 -2
15 -1 -2
15 -1 -2
15 -1 -2
15 -1 -2
7 -1 -2
70 3 0
70 3 0
61 -3 0
12 3 0
64 1 0
21 -1 2
38 -3 0
38 -3 0
38 -3 0
38 -3 0
38 -3 0
26 1 0
23 -1 2
23 -1 2
23 -1 2
5 1 -1
54 -1 -2
52 0 -3
52 0 -3
52 0 -3
52 0 -3
52 0 -3
11 3 0
11 3 0
11 3 0
42 1 -1
26 -3 0
17 -1 -2
21 3 0
5 -1 2
5 -1 2
70 1 -1
61 -3 0
36 0 -3
34 0 -3
34 0 -3
17 -3 0
17 -3 0
9 -1 -2
34 -3 0
34 -3 0
24 -1 -2
24 -1 -2
24 -1 -2
24 -1 -2
24 -1 -2
24 -1 -2
24 -1 -2
24 -1 -2
24 -1 -2
24 -1 -2
24 -1 -2
24 -1 -2
66 0 -3
65 -1 -2
65 -1 -2
65 -1 -2
53 1 -1
53 1 -1
53 1 -1
53 1 -1
53 1 -1
53 1 -1
53 1 -1
53 1 -1
53 1 -1
34 1 -1
34 1 -1
34 1 -1
34 1 -1
34 1 -1
34 1 -1
34 1 -1
34 1 -1
34 1 -1
32 -3 0
29 -1 -2
23 1 -1
23 1 -1
23 1 -1
35 1 -1
57 1 0
53 1 0
29 1 -1
29 1 -1
46 1 -1
26 -3 0
26 -3 0
12 1 -1
30 0 -3
0 -3 0
61 0 -3
28 -1 2
28 -1 2
28 -1 2
23 -1 2
23 -1 2
23 -1 2
7 0 -3
50 1 -1
30 -1 2
37 -1 2
68 0 -3
68 0 -3
68 0 -3
68 0 -3
68 0 -3
68 0 -3
68 0 -3
68 0 -3
68 0 -3
28 -1 -2
28 -1 -2
28 -1 -2
28 -1 -2
28 -1 -2
28 -1 -2
28 -1 -2
28 -1 -2
28 -1 -2
2 1 0
2 1 0
2 1 0
2 1 0
2 1 0
2 1 0
14 1 -1
10 -3 0
33 1 0
8 -1 -2
69 -3 0
40 -3 0
23 1 0
9 -1 -2
3 -3 0
62 1 0
62 1 0
13 3 0
9 0 -3
59 0 -3
27 0 -3
19 -3 0
19 -3 0
19 -3 0
19 -3 0
19 -3 0
16 1 0
10 -1 2
6 0 -3
33 -3 0
12 0 -3
68 -1 2
64 -1 -2
59 1 -1
22 -1 2
22 -1 2
28 1 0
28 1 0
28 1 0
28 1 0
28 1 0
28 1 0
45 -3 0
45 -3 0
49 0 -3
49 0 -3
49 0 -3
23 -1 -2
23 -3 0
16 0 -3
70 -1 -2
30 1 -1
18 -1 -2
18 -1 -2
18 -1 -2
18 -1 -2
18 -1 -2
18 -1 -2
18 -1 -2
18 -1 -2
18 -1 -2
11 -1 -2
4 3 0
32 -1 -2
25 0 -3
69 1 -1
69 1 -1
69 1 -1
69 1 -1
69 1 -1
69 1 -1
65 -3 0
65 -3 0
65 -3 0
65 -3 0
65 -3 0
65 -3 0
65 -3 0
60 -3 0
42 0 -3
32 3 0
32 3 0
11 1 -1
11 1 -1
11 1 -1
11 1 -1
11 1 -1
11 1 -1
11 1 -1
6 0 -3
6 0 -3
6 0 -3
6 0 -3
51 -1 2
51 -1 2
43 1 -1
69 1 -1
62 -1 -2
62 -3 0
62 -3 0
51 0 -3
51 0 -3
51 0 -3
51 0 -3
51 0 -3
51 0 -3
51 0 -3
18 3 0
55 1 0
11 3 0
11 3 0
55 1 0
55 1 0
29 1 0
29 1 0
29 1 0
29 1 0
29 1 0
29 1 0
7 3 0
12 -3 0
12 -3 0
12 -3 0
8 -3 0
1 3 0
1 3 0
1 3 0
1 3 0
1 3 0
1 3 0
1 3 0
1 3 0
1 3 0
27 1 -1
27 1 -1
27 1 -1
27 1 -1
43 1 0
37 1 0
37 1 0
37 1 0
37 1 0
37 1 0
37 1 0
68 -1 -2
68 -1 -2
21 0 -3
21 0 -3
21 0 -3
21 0 -3
21 0 -3
21 0 -3
21 0 -3
70 -1 2
69 0 -3
65 3 0
62 1 -1
60 3 0
56 -1 -2
51 3 0
50 -1 2
49 -1 -2
49 -1 -2
49 1 -1
48 0 -3
48 0 -3
46 1 0
45 3 0
43 -3 0
41 0 -3
41 0 -3
41 0 -3
41 0 -3
41 0 -3
41 -1 2
41 -1 2
41 -1 2
41 -1 2
41 -1 2
41 -1 2
39 0 -3
39 0 -3
39 0 -3
39 0 -3
39 0 -3
39 0 -3
39 0 -3
39 0 -3
39 1 0
39 1 0
37 -1 -2
35 0 -3
35 0 -3
35 0 -3
35 0 -3
35 0 -3
35 0 -3
35 0 -3
35 0 -3
31 -1 -2
28 1 -1
28 1 -1
24 0 -3
21 1 -1
20 -1 2
20 1 0
19 1 0
18 1 0
17 0 -3
17 0 -3
14 -1 2
14 -1 2
12 -1 2
11 -1 2
8 1 -1
8 1 -1
8 1 -1
8 1 -1
8 1 -1
7 -3 0
4 -1 -2
4 -3 0
3 1 -1
3 1 -1
3 1 -1
3 1 -1
3 1 -1
3 1 -1
3 1 -1
3 1 -1
3 1 -1
3 1 -1
3 1 -1
3 1 -1
3 1 -1
3 1 -1
3 1 -1
3 1 -1
3 1 -1
2 -1 2
68 1 -1
63 -1 2
69 -3 0
59 -3 0
59 -3 0
59 -3 0
59 -3 0
59 -3 0
59 -3 0
59 -3 0
59 -3 0
59 -3 0
58 -1 -2
57 -1 -2
42 3 0
28 -1 -2
8 1 -1
8 1 -1
8 1 -1
8 1 -1
8 1 -1
63 -1 -2
57 -3 0
38 3 0
38 3 0
38 3 0
38 3 0
38 3 0
38 3 0
38 3 0
38 3 0
38 3 0
38 3 0
38 3 0
38 3 0
26 3 0
26 3 0
7 -1 2
7 -1 2
7 -1 2
7 -1 2
7 -1 2
7 -1 2
7 -1 2
7 -1 2
6 -3 0
6 -3 0
6 -3 0
68 -1 2
36 3 0
31 1 0
31 1 0
31 1 0
31 1 0
31 1 0
42 -1 2
38 0 -3
38 0 -3
34 1 0
14 1 0
65 -3 0
54 3 0
54 3 0
37 3 0
25 -1 -2
25 -1 -2
25 -1 -2
25 -1 -2
25 -1 -2
25 -1 -2
25 -1 -2
17 1 0
17 1 0
17 1 0
17 1 0
17 1 0
66 3 0
17 -1 2
17 -1 2
17 -1 2
17 -1 2
17 -1 2
17 -1 2
17 -1 2
24 -3 0
19 1 -1
5 1 -1
2 1 0
41 1 -1
41 1 -1
37 0 -3
37 0 -3
37 0 -3
37 0 -3
37 0 -3
37 0 -3
37 0 -3
37 0 -3
37 0 -3
37 0 -3
37 3 0
37 3 0
37 3 0
37 3 0
37 3 0
28 -1 2
28 -1 2
6 1 0
6 1 0
6 1 0
6 1 0
6 1 0
6 1 0
6 1 0
6 1 0
6 1 0
49 -1 -2
27 -3 0
27 -3 0
23 -1 -2
8 0 -3
56 -3 0
29 0 -3
28 -1 2
12 3 0
60 1 0
46 -1 -2
11 -3 0
16 -1 -2
51 0 -3
51 0 -3
51 0 -3
51 0 -3
51 0 -3
51 0 -3
51 0 -3
62 -1 2
57 3 0
52 1 -1
52 1 -1
52 1 -1
52 1 -1
52 1 -1
52 1 -1
52 1 -1
52 1 -1
52 1 -1
52 1 -1
51 -3 0
36 -1 -2
27 -1 2
57 1 -1
56 3 0
56 3 0
56 3 0
56 3 0
56 3 0
56 3 0
56 3 0
56 3 0
56 3 0
56 3 0
56 3 0
36 -3 0
43 0 -3
43 0 -3
35 -1 -2
11 -1 -2
11 -1 -2
11 -1 -2
11 -1 -2
39 -3 0
11 -1 2
59 1 0
49 0 -3
37 3 0
4 1 -1
44 -1 2
44 -1 2
34 1 -1
24 1 -1
24 1 -1
16 1 0
45 0 -3
45 0 -3
1 3 0
65 3 0
65 3 0
38 1 -1
27 1 -1
66 -3 0
38 -3 0
37 -1 2
8 0 -3
69 -1 -2
69 -1 -2
27 1 -1
6 -1 -2
68 -1 -2
48 -1 -2
46 -1 2
46 -1 2
41 -1 -2
53 -1 -2
11 -1 2
5 1 0
5 1 0
5 1 0
5 1 0
5 1 0
5 1 0
68 1 0
65 1 -1
51 1 -1
51 1 -1
51 1 -1
51 1 -1
51 1 -1
51 1 -1
44 3 0
13 -1 2
13 -1 2
13 -1 2
13 -1 2
13 -1 2
13 -1 2
13 -1 2
13 -1 2
13 -1 2
13 -1 2
13 -1 2
13 -1 2
13 -1 2
13 -1 2
13 -1 2
13 -1 2
13 -1 2
13 -1 2
5 -1 2
35 -1 2
34 3 0
34 3 0
15 1 0
15 1 0
15 1 0
15 1 0
15 1 0
15 1 0
67 -1 -2
67 -1 -2
62 0 -3
33 0 -3
14 0 -3
45 1 0
63 -3 0
58 -3 0
64 0 -3
4 -1 2
60 0 -3
69 -3 0
69 -3 0
58 1 -1
58 1 -1
58 -3 0
46 -1 2
3 -1 -2
68 1 0
11 1 -1
11 1 -1
11 1 -1
11 1 -1
11 1 -1
11 1 -1
11 1 -1
11 1 -1
11 1 -1
11 1 -1
11 1 -1
11 1 -1
11 1 -1
68 0 -3
68 0 -3
68 0 -3
68 0 -3
68 0 -3
68 0 -3
68 0 -3
68 0 -3
68 0 -3
68 0 -3
68 0 -3
68 0 -3
68 0 -3
68 0 -3
68 0 -3
36 3 0
15 1 0
14 -3 0
14 -3 0
14 -3 0
13 -3 0
13 -3 0
13 -3 0
13 -3 0
13 -3 0
13 -3 0
13 -3 0
13 -3 0
8 3 0
8 3 0
8 3 0
8 3 0
8 3 0
8 3 0
8 3 0
58 1 -1
70 3 0
30 -3 0
58 -1 -2
58 -1 -2
58 -1 -2
58 -1 -2
58 -1 -2
58 -1 -2
54 0 -3
54 0 -3
54 0 -3
54 0 -3
54 0 -3
51 0 -3
35 0 -3
70 -3 0
55 1 0
47 -1 2
47 -1 2
59 -3 0
59 -3 0
59 -3 0
59 -3 0
51 1 -1
43 1 0
29 1 -1
10 1 0
10 1 0
52 0 -3
51 1 0
3 3 0
3 3 0
3 3 0
3 3 0
3 3 0
66 -1 2
66 -1 2
66 -1 2
66 -1 2
66 -1 2
66 -1 2
19 1 0
48 -1 2
48 -1 2
48 -1 2
48 -1 2
48 -1 2
48 -1 2
48 -1 2
48 -1 2
53 1 -1
53 1 -1
26 -1 2
57 3 0
57 3 0
57 1 0
57 1 0
57 1 0
57 1 0
23 0 -3
23 0 -3
23 0 -3
23 0 -3
23 0 -3
23 0 -3
67 1 -1
67 1 -1
67 1 -1
67 1 -1
67 1 -1
45 -1 2
1 0 -3
67 1 -1
67 1 -1
67 1 -1
67 1 -1
67 1 -1
67 1 -1
67 1 -1
67 1 -1
67 1 -1
67 1 -1
67 1 -1
67 1 -1
67 1 -1
67 1 -1
67 1 -1
67 1 -1
67 1 -1
67 1 -1
67 1 -1
67 1 -1
67 1 -1
67 1 -1
55 1 -1
29 -3 0
20 0 -3
66 3 0
48 0 -3
24 1 0
8 -1 -2
40 3 0
34 1 -1
36 -1 -2
36 -1 -2
36 -1 -2
35 3 0
15 3 0
13 1 0
0 -1 2
53 -1 2
45 0 -3
17 1 0
17 1 0
17 1 0
17 1 0
17 1 0
17 1 0
17 1 0
64 1 -1
64 1 -1
62 1 -1
45 1 -1
55 1 0
55 1 0
25 -1 2
20 -3 0
2 1 -1
32 0 -3
28 0 -3
8 -1 2
8 -1 2
6 3 0
49 -3 0
49 -3 0
26 1 -1
24 -1 -2
9 -1 2
8 1 -1
8 1 -1
47 -3 0
26 3 0
23 -1 -2
0 -3 0
59 1 -1
54 0 -3
54 0 -3
23 0 -3
18 -3 0
18 -3 0
18 -3 0
18 -3 0
18 -3 0
18 -3 0
18 -3 0
18 -3 0
18 -3 0
18 -3 0
18 -3 0
18 -3 0
18 -3 0
18 -3 0
18 -3 0
18 -3 0
48 -1 2
48 -1 2
48 -1 2
6 -3 0
6 -3 0
1 0 -3
1 -1 2
1 -1 2
1 -1 2
41 -3 0
27 1 0
19 -3 0
17 -1 2
51 0 -3
51 0 -3
51 0 -3
51 0 -3
51 0 -3
51 0 -3
70 1 -1
51 -1 2
45 3 0
24 3 0
17 -1 -2
17 -1 -2
10 3 0
52 -3 0
52 -3 0
52 -3 0
52 -3 0
52 -3 0
52 -3 0
42 1 -1
42 1 -1
42 1 -1
42 1 -1
42 1 -1
42 1 -1
42 1 -1
42 1 -1
42 1 -1
42 1 -1
42 1 -1
42 1 -1
42 1 -1
42 1 -1
32 -1 2
5 1 0
34 -1 2
34 -1 2
34 -1 2
64 1 -1
42 -3 0
60 1 -1
44 1 -1
20 -3 0
10 0 -3
53 -3 0
47 3 0
47 3 0
26 3 0
18 3 0
40 -3 0
29 3 0
18 1 -1
67 -1 -2
42 -1 -2
36 0 -3
36 0 -3
43 -1 2
43 -1 2
43 -1 2
43 -1 2
43 -1 2
43 -1 2
43 -1 2
43 -1 2
43 -1 2
43 -1 2
43 -1 2
43 -1 2
26 -1 2
56 -3 0
56 -3 0
56 -3 0
56 -3 0
56 -3 0
56 -3 0
56 -3 0
56 -3 0
56 -3 0
56 -3 0
56 -3 0
56 -3 0
56 -3 0
48 -1 2
51 0 -3
51 0 -3
51 0 -3
38 -1 -2
38 3 0
38 3 0
38 3 0
21 -3 0
11 -1 2
66 -1 -2
46 1 -1
16 -3 0
2 0 -3
2 0 -3
2 0 -3
22 -3 0
14 1 -1
25 1 0
40 1 0
29 -1 -2
29 -1 -2
22 1 -1
18 -3 0
18 -3 0
69 1 0
67 -3 0
67 -3 0
58 3 0
39 -1 2
39 -1 2
33 -1 -2
33 -1 -2
61 0 -3
61 0 -3
59 -1 2
59 -1 2
59 -1 2
56 -1 -2
56 -1 -2
56 -1 -2
56 -1 -2
37 -1 -2
37 -1 -2
37 -1 -2
37 -1 -2
37 -1 -2
37 -1 -2
37 -1 -2
37 -1 -2
63 3 0
52 -1 2
6 1 -1
14 -1 -2
14 -1 -2
65 -1 -2
63 1 -1
63 1 -1
32 1 0
32 1 0
26 0 -3
31 -1 -2
2 3 0
67 3 0
9 -1 -2
30 1 0
20 0 -3
19 1 -1
62 -1 2
62 -1 2
40 1 -1
30 1 0
65 1 0
23 3 0
6 -3 0
6 -3 0
54 1 -1
14 -3 0
9 3 0
8 -1 -2
6 -1 2
43 3 0
43 3 0
35 -3 0
35 -3 0
28 -1 -2
17 1 -1
57 3 0
57 3 0
57 3 0
57 3 0
57 3 0
57 3 0
57 3 0
57 3 0
57 3 0
31 1 -1
26 0 -3
26 0 -3
25 1 -1
25 1 -1
62 -3 0
62 -3 0
60 1 0
50 -3 0
68 -1 -2
68 -1 -2
42 1 0
42 1 0
42 1 0
36 1 0
35 -1 2
33 1 0
33 1 0
48 -3 0
43 -1 -2
26 -3 0
13 -1 -2
2 -1 -2
44 -3 0
10 0 -3
10 1 -1
56 -1 2
52 -3 0
47 3 0
44 -3 0
22 -1 2
17 3 0
17 0 -3
17 0 -3
17 0 -3
17 0 -3
17 0 -3
17 0 -3
17 0 -3
17 0 -3
17 0 -3
17 0 -3
14 -1 -2
10 1 0
10 1 0
10 1 0
10 1 0
10 1 0
10 1 0
10 1 0
10 1 0
10 1 0
10 1 0
62 3 0
49 0 -3
37 -3 0
37 -3 0
36 1 -1
36 1 -1
36 1 -1
22 -1 -2
22 -1 -2
4 0 -3
4 0 -3
64 0 -3
55 3 0
22 -1 -2
1 -1 -2
68 0 -3
68 0 -3
68 0 -3
68 0 -3
68 0 -3
68 0 -3
68 0 -3
68 0 -3
68 0 -3
33 3 0
57 -3 0
36 0 -3
7 1 0
66 -1 2
66 -1 2
66 -1 2
66 -1 2
66 -1 2
66 -1 2
66 -1 2
66 -1 2
66 -1 2
66 -1 2
66 -1 2
66 -1 2
66 -1 2
66 -1 2
66 -1 2
66 -1 2
44 1 0
44 1 0
45 1 0
45 1 0
45 1 0
45 1 0
23 1 -1
22 1 -1
22 1 -1
22 1 -1
22 1 -1
62 1 -1
39 3 0
39 3 0
33 -1 2
21 1 0
17 -3 0
17 -3 0
29 -1 2
29 -1 2
16 0 -3
16 0 -3
53 3 0
53 3 0
53 3 0
53 3 0
53 3 0
53 3 0
53 3 0
14 1 -1
6 1 0
6 1 0
38 -1 2
18 -1 -2
18 -1 -2
18 -1 2
10 -1 2
10 -1 2
41 1 0
32 0 -3
61 -1 2
60 -1 -2
60 -1 -2
60 -1 -2
60 -1 -2
60 -1 -2
60 -1 -2
60 -1 -2
60 -1 -2
60 -1 -2
60 -1 -2
60 -1 -2
58 -1 2
55 -1 2
53 1 0
34 1 -1
12 3 0
12 3 0
32 3 0
20 -1 -2
29 -3 0
29 -3 0
29 -3 0
52 1 0
48 1 -1
27 1 0
49 3 0
49 3 0
40 -1 2
40 -1 2
40 -1 2
40 -1 2
40 -1 2
40 -1 2
40 -1 2
40 -1 2
40 -1 2
40 -1 2
40 -1 2
40 -1 2
40 -1 2
40 -1 2
40 -1 2
40 -1 2
40 -1 2
40 -1 2
40 -1 2
40 -1 2
40 -1 2
40 -1 2
40 -1 2
15 1 -1
15 1 -1
15 1 -1
15 1 -1
15 1 -1
15 1 -1
15 1 -1
15 1 -1
15 1 -1
65 0 -3
63 1 0
61 1 -1
61 1 -1
22 1 -1
22 1 -1
22 1 -1
52 -1 -2
52 -1 -2
52 -1 -2
52 -1 -2
52 -1 -2
52 -1 -2
25 -1 2
25 -1 2
7 -1 2
55 -1 -2
22 1 -1
19 1 0
9 -1 2
9 -1 2
9 -1 2
0 1 -1
31 0 -3
28 1 -1
49 -3 0
49 -3 0
49 -3 0
49 -3 0
49 -3 0
49 -3 0
49 -3 0
49 -3 0
49 -3 0
49 -3 0
49 -3 0
49 -3 0
49 -3 0
49 -3 0
49 -3 0
49 -3 0
3 0 -3
3 0 -3
31 -1 2
11 1 0
18 1 -1
36 1 -1
35 1 0
30 3 0
1 0 -3
1 0 -3
1 0 -3
1 0 -3
66 -1 -2
66 -1 -2
64 -3 0
44 -1 -2
37 -1 -2
37 -1 -2
32 1 -1
19 0 -3
19 0 -3
19 0 -3
19 0 -3
19 0 -3
54 3 0
44 0 -3
44 0 -3
22 -3 0
22 -3 0
11 3 0
68 1 0
68 1 0
59 1 -1
59 1 -1
39 -1 -2
39 -1 -2
39 -1 -2
39 -1 -2
39 -1 -2
55 3 0
25 0 -3
16 1 -1
16 1 -1
38 0 -3
38 0 -3
38 0 -3
36 1 0
9 3 0
9 3 0
68 3 0
68 3 0
68 3 0
9 1 0
9 1 0
9 1 0
9 1 0
9 1 0
9 1 0
61 0 -3
18 -1 2
70 1 0
0 1 0
63 3 0
57 3 0
6 -1 -2
48 1 -1
34 -1 -2
29 3 0
27 3 0
67 -3 0
67 -3 0
67 -3 0
67 -3 0
23 1 -1
23 1 -1
6 0 -3
31 3 0
1 0 -3
1 0 -3
62 -1 -2
49 1 -1
39 1 0
30 -1 -2
47 1 -1
47 1 -1
47 1 -1
47 1 -1
47 1 -1
18 -1 -2
29 3 0
12 -1 -2
18 0 -3
63 1 -1
22 3 0
17 -1 2
3 1 -1
1 -3 0
56 0 -3
22 1 -1
22 1 -1
22 1 -1
52 3 0
52 3 0
52 3 0
52 3 0
52 3 0
52 3 0
52 3 0
43 1 -1
37 1 0
20 1 -1
51 1 -1
51 1 -1
49 1 -1
48 0 -3
48 0 -3
48 0 -3
13 3 0
13 1 -1
9 0 -3
9 0 -3
50 3 0
56 1 0
56 1 0
56 1 0
56 1 0
56 1 0
56 1 0
56 1 0
56 1 0
56 1 0
56 1 0
56 1 0
56 1 0
56 1 0
56 1 0
56 1 0
56 1 0
56 1 0
56 1 0
65 1 -1
65 1 -1
65 1 -1
45 -1 -2
34 3 0
17 -3 0
3 1 -1
49 -1 2
2 1 0
65 -1 -2
55 0 -3
22 1 -1
8 -3 0
22 -1 -2
22 -1 -2
70 0 -3
69 3 0
69 3 0
69 3 0
69 -1 2
29 1 0
29 1 0
29 1 0
29 1 0
29 1 0
29 1 0
29 1 0
27 -1 -2
27 -1 -2
27 -1 -2
27 -1 -2
27 -1 -2
27 -1 -2
27 -1 -2
2 -1 -2
47 3 0
24 1 0
60 -1 -2
60 -1 -2
60 -1 -2
56 -3 0
33 -1 -2
33 -1 -2
68 3 0
45 1 0
45 1 0
45 1 0
45 1 0
45 1 0
45 1 0
2 -3 0
2 -3 0
54 -1 -2
54 -1 -2
54 -1 -2
7 1 -1
7 1 -1
7 1 -1
7 1 -1
56 3 0
45 1 0
27 -1 2
19 0 -3
16 1 0
19 3 0
66 1 -1
66 1 -1
40 1 0
27 -3 0
33 -3 0
39 3 0
17 1 0
17 1 0
43 3 0
61 1 0
48 1 0
48 1 0
48 1 0
0 -1 -2
0 -1 -2
0 -1 -2
0 -1 -2
64 -1 2
54 1 0
10 1 0
10 1 0
0 0 -3
0 0 -3
18 1 0
56 -1 -2
48 3 0
48 3 0
48 3 0
42 0 -3
42 0 -3
42 0 -3
42 0 -3
23 -3 0
5 0 -3
5 0 -3
5 0 -3
54 -1 2
35 1 0
62 1 0
61 3 0
30 0 -3
8 1 -1
1 1 0
1 1 0
1 1 0
1 1 0
1 1 0
1 1 0
1 1 0
1 1 0
15 -1 2
50 -1 -2
19 -1 2
59 -3 0
47 -1 -2
47 -1 -2
47 -1 -2
47 -1 -2
47 -1 -2
20 -1 2
70 0 -3
70 0 -3
70 0 -3
70 0 -3
32 0 -3
32 0 -3
32 0 -3
32 0 -3
32 0 -3
32 0 -3
32 0 -3
32 0 -3
32 0 -3
32 0 -3
32 0 -3
32 0 -3
32 0 -3
32 0 -3
32 0 -3
32 0 -3
32 0 -3
32 0 -3
32 0 -3
32 0 -3
70 -1 2
57 1 0
43 0 -3
14 1 -1
13 0 -3
13 0 -3
5 3 0
62 3 0
5 -3 0
44 -3 0
29 1 -1
3 -3 0
3 -3 0
54 3 0
54 3 0
54 3 0
6 -3 0
6 -3 0
6 -3 0
6 -3 0
6 -3 0
6 -3 0
6 -3 0
6 -3 0
6 -3 0
6 -3 0
6 -3 0
5 -1 2
4 1 -1
4 1 -1
4 1 -1
58 0 -3
26 -1 2
67 1 0
38 0 -3
38 0 -3
38 0 -3
38 0 -3
38 0 -3
38 0 -3
38 0 -3
38 0 -3
38 0 -3
23 3 0
67 1 -1
67 1 -1
67 1 -1
67 1 -1
67 1 -1
67 1 -1
67 1 -1
67 1 -1
67 1 -1
67 1 -1
67 1 -1
40 1 0
40 1 0
40 1 0
40 1 0
33 1 -1
33 1 -1
15 -1 -2
43 1 0
22 0 -3
22 0 -3
50 -3 0
49 1 -1
9 -1 -2
68 -3 0
68 -3 0
68 -3 0
68 -3 0
68 -3 0
68 -3 0
68 -3 0
68 -3 0
68 -3 0
68 -3 0
68 -3 0
68 -3 0
68 -3 0
64 -1 -2
64 -1 -2
16 1 0
16 1 0
16 1 0
16 1 0
16 1 0
16 1 0
16 1 0
16 1 0
16 1 0
16 1 0
16 1 0
16 1 0
16 1 0
16 1 0
16 1 0
16 1 0
16 1 0
16 1 0
16 1 0
16 1 0
16 1 0
16 1 0
9 -3 0
64 -1 -2
55 3 0
51 -3 0
51 -3 0
51 -3 0
51 -3 0
51 -3 0
51 -3 0
51 -3 0
51 -3 0
51 -3 0
51 -3 0
51 -3 0
51 -3 0
51 -3 0
51 -3 0
51 -3 0
51 -3 0
51 -3 0
63 1 0
61 1 -1
43 -1 -2
43 -1 2
66 0 -3
55 -3 0
31 -3 0
31 1 0
29 0 -3
17 -1 -2
9 1 0
67 1 -1
54 -3 0
52 1 0
29 -1 2
21 0 -3
1 -1 -2
67 -1 2
67 -1 2
58 -1 -2
58 -1 -2
7 0 -3
68 -1 -2
31 1 0
31 1 0
51 -3 0
21 -3 0
50 3 0
5 -1 2
53 3 0
53 3 0
8 3 0
8 3 0
62 1 -1
13 1 -1
13 1 -1
10 -1 -2
10 -1 -2
10 -1 -2
10 -1 -2
10 -1 -2
10 -1 -2
10 -1 -2
10 -1 -2
60 -1 2
60 -1 2
60 -1 2
60 -1 2
60 -1 2
60 -1 2
60 -1 2
60 -1 2
60 -1 2
60 -1 2
60 -1 2
60 -1 2
60 -1 2
60 -1 2
46 1 0
46 1 0
46 1 0
46 1 0
46 1 0
46 1 0
46 1 0
46 1 0
43 -3 0
41 1 0
41 1 0
41 1 0
41 1 0
41 1 0
41 1 0
41 1 0
41 1 0
41 1 0
41 1 0
41 1 0
41 1 0
41 1 0
41 1 0
41 1 0
41 1 0
32 -1 2
10 -1 -2
57 0 -3
20 3 0
66 3 0
61 -3 0
21 1 -1
21 1 -1
67 0 -3
67 0 -3
52 -1 2
67 -1 -2
67 3 0
67 3 0
67 3 0
63 1 0
29 -1 -2
26 -3 0
20 1 0
20 1 0
20 1 0
20 1 0
20 1 0
51 -1 -2
41 3 0
23 1 -1
59 1 -1
59 1 -1
59 1 -1
59 1 -1
57 -1 2
28 1 0
23 -3 0
40 1 -1
40 1 -1
40 1 -1
40 1 -1
40 1 -1
40 1 -1
40 1 -1
40 1 -1
40 1 -1
58 3 0
33 1 -1
33 1 -1
33 1 -1
33 1 -1
33 1 -1
38 1 0
30 1 -1
2 -1 -2
2 -1 -2
41 1 -1
40 3 0
25 3 0
25 -1 2
11 3 0
57 -3 0
66 1 0
58 -1 -2
58 -1 -2
58 -1 -2
58 -1 -2
58 -1 -2
58 -1 -2
50 1 0
35 1 -1
35 1 -1
28 3 0
15 -3 0
13 3 0
13 1 -1
50 0 -3
36 1 0
36 1 0
36 1 0
36 1 0
28 -1 -2
12 0 -3
12 0 -3
12 0 -3
12 0 -3
55 -3 0
60 3 0
54 3 0
54 3 0
54 3 0
54 3 0
54 3 0
54 3 0
54 3 0
54 3 0
54 3 0
54 3 0
54 3 0
54 3 0
54 3 0
54 3 0
54 3 0
47 -3 0
26 1 -1
14 1 -1
14 1 -1
14 1 -1
14 1 -1
14 1 -1
59 3 0
54 1 -1
50 -1 -2
69 1 0
30 -1 2
14 3 0
22 1 0
0 -1 -2
56 -1 -2
13 -3 0
1 0 -3
67 1 -1
65 1 -1
65 1 -1
53 0 -3
34 0 -3
7 1 -1
52 3 0
32 0 -3
0 -3 0
0 -3 0
0 -3 0
0 -3 0
0 -3 0
0 -3 0
0 -3 0
37 0 -3
19 0 -3
19 0 -3
41 0 -3
38 3 0
36 1 -1
24 1 -1
23 -1 2
10 1 0
19 0 -3
11 1 -1
69 3 0
46 -1 -2
46 -1 -2
46 -1 -2
46 -1 -2
46 -1 -2
46 -1 -2
46 -1 -2
46 -1 -2
46 -1 -2
52 -3 0
48 -1 -2
36 -1 2
36 -1 2
4 1 0
4 1 0
36 3 0
31 0 -3
31 0 -3
31 0 -3
31 0 -3
31 0 -3
31 0 -3
31 0 -3
31 0 -3
31 0 -3
31 0 -3
26 3 0
40 0 -3
40 0 -3
40 0 -3
40 0 -3
40 0 -3
40 0 -3
40 0 -3
40 0 -3
30 -3 0
30 -3 0
15 0 -3
13 -1 -2
24 3 0
18 -1 -2
5 -1 2
37 -3 0
37 -3 0
37 -3 0
37 -3 0
37 -3 0
37 -3 0
37 -3 0
37 -3 0
3 -1 2
29 1 0
17 1 -1
31 0 -3
57 1 -1
57 1 -1
57 1 -1
57 1 -1
57 1 -1
57 1 -1
57 1 -1
57 1 -1
57 1 -1
57 1 -1
57 1 -1
42 0 -3
63 -1 2
63 -1 2
3 1 0
56 3 0
38 0 -3
29 -1 2
29 -1 2
66 1 -1
35 1 -1
61 -1 -2
61 -1 -2
61 -1 -2
61 -1 -2
43 1 -1
43 1 -1
34 -3 0
34 -3 0
8 3 0
5 0 -3
9 -1 2
41 -1 2
25 -1 -2
18 -3 0
66 -3 0
54 -1 -2
13 1 0
44 -1 2
33 1 -1
23 -3 0
7 -1 2
7 -1 2
7 -1 2
70 -1 2
70 -1 2
70 -1 2
70 -1 2
67 -1 2
33 -1 -2
27 -1 -2
1 1 0
9 0 -3
9 0 -3
9 0 -3
5 -1 2
56 0 -3
56 0 -3
4 3 0
21 1 -1
1 -3 0
66 -1 2
66 -1 2
66 -1 2
66 -1 2
66 -1 2
66 -1 2
66 -1 2
11 -3 0
66 -1 2
50 1 0
50 1 0
14 0 -3
14 0 -3
14 0 -3
10 3 0
10 3 0
10 3 0
10 3 0
56 1 -1
34 -1 2
34 -1 2
34 -1 2
34 -1 2
34 -1 2
34 -1 2
34 -1 2
23 1 0
11 0 -3
62 -1 -2
62 -1 -2
62 3 0
60 -1 -2
65 1 -1
55 1 0
20 3 0
19 -1 2
49 1 0
42 1 0
42 1 0
42 1 0
42 1 0
42 1 0
42 1 0
36 -3 0
35 0 -3
35 0 -3
35 0 -3
35 -3 0
62 -1 -2
21 3 0
21 -1 2
5 -1 -2
49 1 -1
35 -1 -2
35 -1 -2
31 -1 2
31 -1 2
31 -1 2
31 -1 2
31 -1 2
31 -1 2
59 -1 -2
52 -1 2
17 1 0
55 1 -1
53 -3 0
11 1 -1
11 1 -1
11 1 -1
11 1 -1
40 -1 -2
40 -1 -2
40 -1 -2
40 -1 -2
40 -1 -2
40 -1 -2
40 -1 -2
28 -3 0
5 1 -1
5 1 -1
5 1 -1
4 1 0
60 -3 0
60 -3 0
60 -3 0
60 -3 0
60 -3 0
60 -3 0
60 -3 0
60 -3 0
60 -3 0
49 0 -3
49 0 -3
49 0 -3
49 0 -3
39 3 0
39 3 0
21 -1 -2
19 0 -3
19 0 -3
19 0 -3
62 0 -3
45 3 0
45 1 0
45 1 0
11 -1 2
11 -1 2
46 0 -3
46 0 -3
46 0 -3
65 3 0
47 1 -1
4 -3 0
67 0 -3
67 0 -3
48 1 -1
37 1 -1
35 0 -3
24 0 -3
24 0 -3
15 -1 2
59 -3 0
12 1 0
69 -1 2
56 -3 0
26 -1 -2
26 0 -3
40 1 0
31 3 0
63 -1 2
63 -1 2
14 -1 2
14 -1 2
14 -1 2
52 1 -1
52 1 -1
52 1 -1
52 1 -1
52 1 -1
52 1 -1
52 1 -1
52 1 -1
52 1 -1
52 1 -1
52 1 -1
52 1 -1
52 1 -1
52 1 -1
52 1 -1
52 1 -1
19 -1 -2
19 -1 -2
19 -1 -2
19 -1 -2
19 -1 -2
19 -1 -2
19 -1 -2
19 -1 -2
19 -1 -2
19 -1 -2
19 -1 -2
19 -1 -2
19 -1 -2
19 -1 -2
8 -1 2
6 0 -3
6 0 -3
58 1 -1
58 1 -1
58 1 -1
31 -1 2
12 1 -1
1 3 0
68 -1 -2
68 -1 -2
49 -1 -2
38 -3 0
38 -3 0
33 -3 0
33 -3 0
33 -3 0
33 -3 0
33 -3 0
33 -3 0
68 0 -3
50 1 -1
50 1 -1
37 -1 2
37 -1 2
16 -1 2
8 1 0
63 1 -1
63 1 -1
26 -1 2
6 -1 -2
6 -1 -2
51 0 -3
51 0 -3
51 0 -3
51 0 -3
51 0 -3
51 0 -3
51 0 -3
51 0 -3
51 0 -3
42 1 -1
22 -1 -2
7 1 -1
7 1 -1
21 1 -1
57 0 -3
57 0 -3
39 -3 0
15 -1 2
65 -1 2
51 3 0
46 -3 0
39 0 -3
21 1 0
21 1 0
21 1 0
21 1 0
21 1 0
21 1 0
21 1 0
21 1 0
21 1 0
21 1 0
21 1 0
21 1 0
70 0 -3
70 0 -3
70 0 -3
50 -1 2
34 1 0
64 3 0
64 3 0
64 3 0
64 3 0
64 3 0
64 3 0
64 3 0
64 3 0
64 3 0
64 3 0
64 3 0
64 3 0
64 3 0
64 3 0
64 3 0
64 3 0
64 3 0
64 3 0
16 -1 2
4 0 -3
37 -1 2
15 1 0
15 1 0
15 1 0
5 1 0
5 1 0
5 1 0
31 1 0
30 1 0
30 1 0
30 1 0
18 0 -3
36 1 -1
32 -1 -2
6 -3 0
53 -3 0
49 -3 0
0 3 0
45 -3 0
58 1 0
42 1 -1
52 1 -1
52 1 -1
52 1 -1
52 1 -1
7 -1 2
7 -1 2
11 1 -1
11 1 -1
33 -1 -2
12 -3 0
60 1 0
60 1 0
52 -1 -2
42 -1 -2
42 -1 -2
24 0 -3
12 3 0
1 -1 2
1 -1 2
1 -1 2
1 -1 2
1 -1 2
6 3 0
19 1 -1
66 3 0
66 3 0
66 3 0
66 3 0
48 1 -1
48 1 -1
16 3 0
69 -3 0
62 -1 -2
62 -1 -2
62 -1 -2
47 1 0
16 -1 -2
39 1 0
19 -1 -2
5 0 -3
49 1 0
40 -1 2
1 3 0
0 -3 0
42 -3 0
13 1 -1
13 1 -1
49 -1 2
50 1 -1
50 1 -1
42 1 -1
42 1 -1
60 -3 0
60 -3 0
60 -3 0
33 -1 2
51 -1 2
58 1 0
48 -3 0
34 -1 -2
25 -3 0
64 0 -3
64 0 -3
45 0 -3
6 0 -3
42 1 -1
37 3 0
37 3 0
64 -1 2
22 -1 -2
17 0 -3
56 3 0
50 -1 2
50 -1 2
50 -1 2
50 -1 2
50 -1 2
50 -1 2
50 -1 2
50 -1 2
50 -1 2
50 -1 2
50 -1 2
50 -1 2
44 -3 0
44 -3 0
40 0 -3
40 0 -3
40 0 -3
40 0 -3
40 0 -3
40 0 -3
40 0 -3
40 0 -3
40 0 -3
40 0 -3
40 0 -3
40 0 -3
40 0 -3
40 0 -3
19 -3 0
19 -3 0
19 -3 0
19 -3 0
19 -3 0
19 -3 0
19 -3 0
19 -3 0
19 -3 0
19 -3 0
65 -3 0
52 3 0
4 -3 0
34 -1 2
16 1 -1
25 1 -1
25 1 -1
25 1 -1
63 0 -3
63 0 -3
43 -1 2
43 -1 2
43 -1 2
7 -1 -2
7 -1 -2
7 -1 -2
7 -1 -2
7 -1 -2
7 -1 -2
7 -1 -2
7 -1 -2
7 -1 -2
7 -1 -2
7 -1 -2
64 1 -1
59 1 0
59 1 0
59 1 0
51 1 0
51 1 0
22 3 0
18 1 0
18 1 0
18 1 0
18 1 0
18 1 0
18 1 0
18 1 0
18 1 0
18 1 0
18 1 0
18 1 0
18 1 0
18 1 0
70 0 -3
70 0 -3
70 0 -3
57 -1 -2
13 1 -1
43 1 -1
43 1 -1
43 1 -1
43 1 -1
16 -3 0
35 1 0
35 1 0
29 1 -1
63 -1 -2
25 -1 2
39 -1 2
35 -1 2
35 -1 2
35 -1 2
26 -1 2
26 -1 2
44 1 0
44 1 0
44 1 0
44 1 0
44 1 0
44 1 0
44 1 0
44 1 0
44 1 0
44 1 0
44 1 0
44 1 0
44 1 0
44 1 0
44 1 0
44 1 0
44 1 0
13 -1 2
13 -1 2
13 -1 2
13 -1 2
13 -1 2
13 -1 2
57 1 -1
57 1 -1
57 1 -1
57 1 -1
57 1 -1
57 1 -1
57 1 -1
57 1 -1
57 1 -1
57 1 -1
57 1 -1
57 1 -1
57 1 -1
57 1 -1
57 1 -1
57 1 -1
1 1 -1
40 -1 -2
36 1 0
64 -1 2
64 -1 2
64 -1 2
64 -1 2
64 -1 2
64 -1 2
64 -1 2
64 -1 2
64 -1 2
64 -1 2
64 -1 2
64 -1 2
64 -1 2
64 -1 2
64 -1 2
64 -1 2
64 -1 2
64 -1 2
64 -1 2
64 -1 2
33 -3 0
1 1 0
69 1 -1
64 1 -1
47 -1 2
13 1 0
38 -1 -2
35 0 -3
11 1 0
50 -1 2
50 -1 2
50 -1 2
50 -1 2
47 0 -3
40 -1 -2
40 -1 -2
22 -1 2
18 3 0
9 1 -1
46 3 0
35 -1 2
64 -3 0
64 -3 0
64 -3 0
67 -1 -2
41 -3 0
32 -3 0
32 -3 0
32 -3 0
32 -3 0
32 -3 0
32 -3 0
32 -3 0
32 -3 0
32 -3 0
32 -3 0
32 -3 0
32 -3 0
32 -3 0
32 -3 0
32 -3 0
32 -3 0
32 -3 0
5 -1 2
5 -1 2
0 3 0
49 -3 0
49 -3 0
15 -1 -2
15 -1 -2
15 -1 -2
15 -1 -2
15 -1 -2
61 1 0
61 1 0
31 -1 -2
7 3 0
53 1 0
53 1 0
53 1 0
53 1 0
53 1 0
11 -1 -2
11 -1 -2
11 -1 -2
11 -1 -2
11 -1 -2
2 1 -1
1 0 -3
44 3 0
44 3 0
44 3 0
44 3 0
28 3 0
27 1 0
27 1 0
21 1 -1
17 -3 0
17 -3 0
17 -3 0
61 0 -3
56 1 0
42 -1 2
24 0 -3
24 0 -3
57 -1 2
46 -1 2
27 -1 -2
27 -1 -2
27 -1 -2
27 -1 -2
27 -1 -2
27 -1 -2
39 1 -1
24 -1 2
19 -3 0
28 0 -3
27 -1 2
24 -1 -2
49 1 0
49 1 0
49 1 0
41 -1 2
41 -1 2
23 -1 2
20 -1 -2
20 -1 -2
44 1 0
44 1 0
44 1 0
19 1 -1
19 1 -1
5 0 -3
2 -1 -2
2 -1 -2
64 -1 2
62 -1 2
16 0 -3
5 1 -1
43 -3 0
43 -3 0
66 -1 -2
24 -1 -2
11 0 -3
11 0 -3
68 -3 0
70 0 -3
70 0 -3
60 0 -3
60 0 -3
43 -1 2
43 -1 2
43 -1 2
43 -1 2
19 -1 2
32 1 0
23 1 0
21 1 0
21 1 0
21 1 0
21 1 0
21 1 0
14 -1 -2
14 -1 -2
5 -1 -2
5 -1 -2
5 -1 -2
5 -1 -2
5 -1 -2
5 -1 -2
5 -1 -2
5 -1 -2
5 -1 -2
42 3 0
64 1 0
64 1 0
64 1 0
45 1 0
38 3 0
38 3 0
38 3 0
26 1 0
26 1 0
26 1 0
26 1 0
9 3 0
9 3 0
9 3 0
62 -1 2
5 1 0
5 1 0
12 -3 0
53 -1 -2
53 -1 -2
52 1 -1
52 1 -1
25 -3 0
25 -3 0
18 -3 0
8 1 0
8 1 0
8 1 0
6 -1 2
41 3 0
6 -3 0
30 1 0
26 -1 -2
26 -1 -2
23 -1 -2
23 -1 -2
23 -1 -2
23 -1 -2
23 -1 -2
14 0 -3
14 0 -3
14 0 -3
14 0 -3
14 0 -3
14 0 -3
14 0 -3
2 0 -3
65 -1 2
59 1 0
49 3 0
36 3 0
5 -3 0
63 3 0
35 3 0
32 -1 2
12 1 0
12 1 0
3 3 0
6 1 -1
47 -1 2
47 -1 2
47 -1 2
47 -1 2
27 0 -3
38 1 0
36 -1 -2
22 1 -1
66 -3 0
54 1 -1
53 -3 0
45 -1 -2
8 -3 0
18 -1 2
69 -3 0
23 1 -1
23 1 -1
23 1 -1
12 -1 2
12 -1 2
4 -1 2
4 -1 2
3 -1 -2
55 -1 -2
52 3 0
52 3 0
52 3 0
52 3 0
52 3 0
22 1 0
4 -1 2
65 0 -3
60 3 0
57 1 -1
50 1 -1
50 1 -1
50 1 -1
50 1 -1
37 3 0
37 3 0
10 -3 0
69 -1 -2
40 -1 -2
49 1 -1
53 0 -3
53 0 -3
32 3 0
14 1 -1
53 1 0
53 1 0
53 1 0
53 1 0
53 1 0
53 1 0
37 3 0
37 3 0
61 3 0
59 0 -3
50 3 0
16 -3 0
16 -3 0
16 -3 0
14 -3 0
14 -3 0
65 3 0
54 0 -3
33 3 0
33 3 0
64 3 0
64 -3 0
51 1 -1
51 1 -1
13 -1 2
70 -1 -2
45 -1 2
48 3 0
48 3 0
46 -3 0
46 -3 0
8 -1 2
8 -1 2
8 -1 2
8 -1 2
36 3 0
36 3 0
18 -1 -2
34 1 -1
18 1 -1
70 0 -3
61 0 -3
27 1 -1
27 1 -1
27 1 -1
27 1 -1
27 1 -1
20 -3 0
20 -3 0
20 -3 0
20 -3 0
68 3 0
3 -1 2
3 -1 2
3 -1 2
3 -1 2
3 -1 2
3 -1 2
3 -1 2
3 -1 2
3 -1 2
3 -1 2
3 -1 2
3 -1 2
3 -1 2
48 -1 2
20 0 -3
20 0 -3
35 -3 0
26 -1 -2
18 3 0
9 3 0
5 -1 -2
58 -1 2
16 1 0
16 1 0
16 1 0
16 1 0
16 1 0
16 1 0
16 1 0
16 1 0
16 1 0
39 1 0
37 1 -1
29 -3 0
54 -1 2
69 0 -3
40 1 -1
40 1 -1
35 3 0
16 1 0
7 -3 0
4 -1 -2
2 -1 2
68 1 -1
54 1 0
54 1 0
54 1 0
52 1 -1
52 1 -1
35 -1 -2
35 -1 -2
35 -1 -2
35 -1 -2
35 -1 -2
1 -1 -2
39 -1 -2
24 3 0
18 3 0
9 1 0
58 3 0
58 3 0
58 3 0
58 3 0
50 1 0
50 1 0
50 1 0
50 1 0
40 -3 0
40 -3 0
40 -3 0
40 -3 0
8 1 -1
64 -3 0
45 1 -1
45 1 -1
45 1 -1
45 1 -1
45 1 -1
45 1 -1
45 1 -1
12 -3 0
67 0 -3
53 1 -1
21 -1 -2
68 -1 2
23 -1 2
13 1 -1
10 1 -1
59 -1 2
51 1 -1
16 1 -1
13 3 0
70 -3 0
70 -3 0
10 -3 0
9 0 -3
40 -1 2
30 -1 -2
14 1 0
55 -1 2
55 -1 2
46 -1 -2
10 1 -1
33 1 0
33 1 0
44 0 -3
44 0 -3
31 3 0
31 3 0
31 3 0
31 3 0
31 3 0
31 3 0
31 3 0
31 3 0
35 3 0
25 1 0
24 -3 0
33 1 0
20 -1 2
60 1 0
28 -1 2
28 -1 2
28 -1 2
15 1 -1
62 1 -1
38 -1 2
38 -1 2
38 -1 2
38 -1 2
38 -1 2
38 -1 2
38 -1 2
38 -1 2
38 -1 2
38 -1 2
38 -1 2
38 -1 2
38 -1 2
38 -1 2
38 -1 2
38 -1 2
38 -1 2
38 -1 2
38 -1 2
10 0 -3
67 -1 -2
67 -1 -2
61 -1 -2
39 1 -1
39 1 -1
39 1 -1
39 1 -1
39 1 -1
39 1 -1
39 1 -1
39 1 -1
39 1 -1
39 1 -1
26 0 -3
6 -1 -2
58 -1 -2
43 3 0
43 3 0
43 3 0
43 3 0
43 3 0
43 3 0
43 3 0
43 3 0
7 1 0
31 1 -1
31 1 -1
31 1 -1
31 1 -1
31 1 -1
31 1 -1
27 0 -3
27 0 -3
27 0 -3
27 0 -3
27 0 -3
27 0 -3
24 -1 -2
20 -3 0
20 -3 0
20 -3 0
20 -3 0
20 -3 0
20 -3 0
20 -3 0
20 -3 0
14 3 0
48 -3 0
48 -3 0
47 -1 -2
47 -1 -2
47 -1 -2
27 0 -3
27 0 -3
27 0 -3
27 0 -3
27 0 -3
27 0 -3
68 0 -3
52 1 -1
46 1 -1
21 -1 2
70 1 -1
56 -1 2
25 3 0
64 -1 2
5 -3 0
38 1 -1
12 -1 -2
12 -1 -2
33 1 0
13 -1 -2
8 0 -3
8 0 -3
8 0 -3
59 -3 0
59 -3 0
54 -1 2
54 -1 2
54 -1 2
54 -1 2
54 -1 2
54 -1 2
54 -1 2
48 1 0
41 -1 -2
41 -1 -2
41 -1 -2
32 -3 0
10 1 0
39 3 0
62 -1 2
60 -1 2
60 -1 2
60 -1 2
60 -1 2
60 -1 2
60 -1 2
60 -1 2
60 -1 2
60 -1 2
8 1 0
67 0 -3
12 1 -1
2 -3 0
33 0 -3
33 0 -3
33 0 -3
33 0 -3
33 0 -3
4 1 0
4 1 0
51 -3 0
51 -3 0
21 0 -3
21 0 -3
50 -3 0
50 -3 0
4 3 0
4 3 0
3 -1 -2
63 -3 0
44 -1 2
56 -1 -2
56 -1 -2
56 -1 -2
42 -3 0
29 -1 -2
12 -3 0
12 -3 0
12 -3 0
12 -3 0
12 -3 0
60 1 -1
56 -1 2
19 1 0
63 -1 2
53 3 0
66 -1 -2
66 -1 -2
64 -1 -2
64 -1 -2
61 3 0
53 1 0
53 1 0
53 1 0
26 1 0
26 1 0
26 1 0
26 1 0
0 1 0
58 -3 0
22 -1 -2
31 3 0
31 3 0
31 3 0
31 3 0
31 3 0
31 3 0
31 3 0
31 3 0
31 3 0
31 3 0
31 3 0
31 3 0
31 3 0
31 3 0
31 3 0
31 3 0
31 3 0
31 3 0
31 3 0
31 3 0
31 3 0
31 3 0
30 1 -1
30 1 -1
30 1 -1
30 1 -1
18 1 0
18 1 0
18 1 0
70 3 0
70 3 0
62 -3 0
6 1 0
29 3 0
29 3 0
29 3 0
29 3 0
5 -1 2
31 3 0
31 3 0
31 3 0
31 3 0
31 3 0
46 -1 -2
45 -3 0
30 3 0
18 1 0
52 0 -3
27 1 0
27 1 0
2 -1 -2
2 -1 -2
27 1 0
69 -1 2
38 -1 2
36 3 0
28 -1 -2
24 0 -3
58 1 -1
58 1 -1
54 0 -3
52 -1 -2
43 3 0
34 0 -3
34 0 -3
34 0 -3
34 0 -3
65 1 -1
65 1 -1
65 1 -1
65 1 -1
63 1 0
60 -3 0
60 -3 0
60 -3 0
60 -3 0
60 -3 0
2 3 0
47 3 0
30 1 0
30 1 0
30 1 0
30 1 0
30 1 0
30 1 0
30 1 0
30 1 0
21 -3 0
19 1 -1
19 1 -1
1 -3 0
59 -1 -2
59 -1 -2
15 3 0
15 3 0
15 3 0
15 3 0
15 3 0
3 0 -3
60 -3 0
49 1 -1
41 1 0
21 0 -3
0 -1 2
0 -1 2
66 1 -1
66 1 -1
66 1 -1
54 3 0
53 -1 2
39 1 0
11 0 -3
11 0 -3
39 -3 0
39 -3 0
23 1 0
23 1 0
23 1 0
23 1 0
23 1 0
23 1 0
23 1 0
16 1 -1
16 1 -1
16 1 -1
16 1 -1
16 1 -1
16 1 -1
16 1 -1
15 -3 0
23 3 0
51 -1 2
33 0 -3
33 0 -3
33 0 -3
33 0 -3
33 0 -3
33 0 -3
33 0 -3
33 0 -3
31 3 0
31 3 0
61 1 0
56 0 -3
56 0 -3
0 -1 -2
60 1 -1
52 3 0
52 3 0
52 3 0
52 3 0
52 3 0
52 3 0
48 -1 -2
48 -1 -2
48 -1 -2
48 -1 -2
23 0 -3
23 0 -3
8 3 0
56 -1 -2
56 -1 -2
56 -1 -2
56 -1 -2
56 -1 -2
56 -1 -2
39 -1 2
36 3 0
23 1 -1
23 1 -1
16 1 0
57 1 0
55 3 0
39 -1 2
23 -1 -2
65 1 -1
41 -3 0
41 -3 0
41 -3 0
41 -3 0
41 -3 0
41 -3 0
41 -3 0
41 -3 0
41 -3 0
41 -3 0
41 -3 0
41 -3 0
41 -3 0
41 -3 0
41 -3 0
17 -3 0
17 -3 0
12 1 -1
12 1 -1
12 1 -1
60 -1 2
50 1 0
50 1 0
7 -1 -2
40 -1 2
40 -1 2
16 -1 -2
16 -1 -2
16 -1 -2
16 -1 -2
16 -1 -2
16 -1 -2
39 -3 0
39 -3 0
33 1 0
33 1 0
33 1 0
33 1 0
33 1 0
33 1 0
33 1 0
25 0 -3
25 0 -3
12 0 -3
9 1 0
9 1 0
9 1 0
39 3 0
4 1 -1
44 1 -1
44 1 -1
44 1 -1
44 1 -1
44 1 -1
44 1 -1
42 -1 -2
42 -1 -2
42 -1 -2
42 -1 -2
33 -1 2
33 -1 2
3 -3 0
50 1 0
18 -1 -2
9 -1 -2
58 -1 -2
12 3 0
12 3 0
12 3 0
12 3 0
34 1 -1
3 1 -1
3 1 -1
64 -1 -2
10 -1 2
10 -1 2
10 -1 2
10 -1 2
10 -1 2
10 -1 2
11 1 0
34 -1 -2
27 1 -1
25 0 -3
10 -1 -2
10 -1 -2
10 -1 -2
10 -1 -2
67 1 0
52 1 0
69 3 0
62 -1 -2
22 0 -3
22 0 -3
22 0 -3
22 0 -3
22 0 -3
22 0 -3
31 -1 2
21 3 0
51 1 -1
51 1 -1
33 -1 2
22 -1 2
13 1 -1
2 1 -1
63 0 -3
57 -1 -2
42 1 0
67 3 0
47 -3 0
5 1 0
22 -3 0
42 -3 0
17 -1 -2
17 -1 -2
7 1 -1
11 -1 -2
11 -1 -2
11 -1 -2
2 0 -3
4 -3 0
36 0 -3
36 0 -3
15 0 -3
15 0 -3
15 0 -3
14 0 -3
14 0 -3
7 -1 -2
7 -1 -2
7 -1 -2
7 -1 -2
41 -1 2
25 1 -1
56 -1 -2
56 -1 -2
56 -1 -2
56 -1 -2
56 -1 -2
56 -1 -2
40 -3 0
64 0 -3
42 -1 -2
22 -1 2
69 -1 2
35 1 -1
35 1 -1
35 1 -1
35 1 -1
35 1 -1
35 1 -1
35 1 -1
68 -1 -2
68 -1 -2
23 1 0
18 1 -1
68 1 0
65 -1 -2
55 -1 2
63 1 -1
63 1 -1
53 3 0
22 -3 0
22 -3 0
22 -3 0
22 -3 0
22 -3 0
19 -1 -2
17 -3 0
17 -3 0
17 -3 0
17 -3 0
17 -3 0
65 1 0
54 -1 -2
54 -1 -2
54 -1 -2
54 -1 -2
54 -1 -2
54 -1 -2
54 -1 -2
54 -1 -2
54 -1 -2
54 -1 -2
37 -1 -2
34 1 -1
36 -1 2
35 -1 2
8 -1 -2
8 -1 -2
8 -1 -2
8 -1 -2
2 1 -1
39 1 -1
39 1 -1
39 1 -1
39 1 -1
39 1 -1
39 1 -1
34 -1 2
34 -1 2
32 1 -1
32 1 -1
32 1 -1
32 1 -1
32 1 -1
15 0 -3
6 -1 2
34 1 0
12 -3 0
12 -3 0
7 -1 2
56 3 0
56 3 0
56 3 0
56 3 0
37 1 -1
65 -1 -2
65 -1 -2
65 -1 -2
65 -1 -2
65 -1 -2
65 -1 -2
65 1 0
65 1 0
65 1 0
65 1 0
55 -3 0
49 0 -3
34 0 -3
34 0 -3
12 3 0
67 -3 0
65 0 -3
47 -3 0
47 -3 0
47 -3 0
47 -3 0
0 -1 -2
0 -1 -2
58 3 0
58 3 0
43 -3 0
43 -3 0
43 -3 0
5 -1 2
5 -1 2
5 -1 2
5 -1 2
5 -1 2
5 -1 2
51 -3 0
51 -3 0
51 -3 0
17 3 0
55 -3 0
41 -1 -2
66 -1 2
66 -1 2
66 -1 2
55 3 0
31 1 -1
20 1 -1
3 1 -1
19 3 0
49 3 0
70 -1 2
67 1 -1
37 1 0
37 1 0
37 1 0
37 1 0
37 1 0
37 1 0
37 1 0
37 1 0
37 1 0
37 1 0
34 -3 0
17 -3 0
43 -1 -2
15 3 0
15 3 0
52 -1 2
9 1 0
28 1 -1
51 -1 2
34 -3 0
34 -3 0
34 -3 0
34 -3 0
39 -1 -2
60 -1 -2
60 -1 -2
60 -1 -2
21 1 0
13 1 -1
13 1 -1
30 -3 0
30 -3 0
16 3 0
16 3 0
16 3 0
33 0 -3
33 0 -3
33 0 -3
29 -1 2
59 1 -1
59 1 -1
59 1 -1
34 3 0
24 1 -1
24 1 -1
24 1 -1
24 1 -1
24 1 -1
8 -1 -2
66 -1 -2
66 -1 -2
61 -1 2
38 -1 -2
38 -1 -2
38 -1 -2
0 0 -3
60 1 -1
44 -1 -2
30 -3 0
30 -3 0
7 1 -1
4 0 -3
1 -1 2
43 1 -1
43 1 -1
6 0 -3
25 -3 0
54 -3 0
54 -3 0
3 3 0
55 1 -1
55 1 -1
40 3 0
55 -1 -2
27 3 0
0 1 -1
61 -3 0
22 3 0
22 3 0
70 -1 -2
70 -1 -2
70 -1 -2
70 -1 -2
70 -1 -2
23 -3 0
60 1 -1
60 1 -1
60 1 -1
60 1 -1
60 1 -1
60 1 -1
60 1 -1
60 1 -1
60 1 -1
60 1 -1
60 1 -1
57 0 -3
48 0 -3
12 1 -1
4 -1 -2
4 -1 -2
70 -3 0
70 -3 0
64 1 0
39 -3 0
39 -3 0
39 -3 0
39 -3 0
39 -3 0
39 -3 0
8 -1 -2
53 0 -3
44 0 -3
35 3 0
61 -1 -2
61 -1 -2
61 -1 -2
61 -1 -2
61 -1 -2
61 -1 -2
61 -1 -2
51 1 0
48 1 0
46 1 0
46 1 0
44 3 0
44 3 0
44 3 0
44 3 0
44 3 0
44 3 0
44 3 0
43 0 -3
35 0 -3
24 -1 -2
24 -1 -2
70 1 0
36 1 -1
36 1 -1
36 1 -1
25 -3 0
25 -3 0
14 -1 -2
57 3 0
33 -1 -2
58 1 -1
44 3 0
38 -3 0
32 1 0
20 -3 0
7 3 0
7 3 0
7 3 0
7 3 0
7 3 0
7 3 0
7 3 0
23 -3 0
59 1 -1
32 3 0
31 -3 0
68 3 0
68 3 0
60 1 -1
28 -3 0
28 -3 0
24 3 0
23 -1 -2
32 -3 0
8 0 -3
52 3 0
52 3 0
52 3 0
38 -3 0
38 -3 0
17 -1 2
17 -1 2
17 -1 2
15 1 0
13 -3 0
68 -3 0
68 -3 0
30 0 -3
18 -3 0
48 1 0
5 -1 2
68 3 0
47 -1 2
19 -3 0
28 -1 2
44 -1 2
48 1 -1
48 1 -1
20 1 0
20 1 0
20 1 0
5 -1 -2
2 1 0
2 1 0
2 1 0
56 1 0
55 0 -3
18 -1 2
7 -1 2
7 -1 2
21 1 0
21 1 0
16 3 0
46 -1 2
20 0 -3
10 3 0
10 3 0
5 3 0
25 1 0
24 -1 2
24 -1 2
24 1 0
21 1 -1
21 1 -1
55 1 0
47 -1 -2
13 0 -3
52 -1 -2
52 -1 -2
34 1 0
34 1 0
27 0 -3
62 -1 -2
62 -1 -2
62 -1 -2
57 -3 0
37 -1 -2
24 -1 -2
11 3 0
44 1 0
44 1 0
44 1 0
36 -3 0
26 0 -3
26 0 -3
26 0 -3
26 0 -3
26 0 -3
26 0 -3
26 0 -3
26 0 -3
26 0 -3
26 0 -3
26 0 -3
26 0 -3
26 0 -3
26 0 -3
26 0 -3
26 0 -3
26 0 -3
26 0 -3
26 0 -3
26 0 -3
26 0 -3
26 0 -3
26 0 -3
26 0 -3
26 0 -3
13 -1 2
13 -1 2
58 3 0
58 3 0
58 3 0
58 3 0
58 3 0
58 3 0
58 3 0
11 0 -3
11 0 -3
11 0 -3
11 -3 0
27 -3 0
27 -3 0
17 -3 0
17 -3 0
12 -1 2
47 -3 0
10 -1 -2
34 -1 2
31 -3 0
58 3 0
58 3 0
58 3 0
38 -3 0
28 1 0
35 -1 2
11 1 -1
70 3 0
70 3 0
70 3 0
57 -1 -2
17 3 0
64 1 0
64 1 0
57 1 0
47 0 -3
33 1 -1
70 1 -1
64 0 -3
19 1 -1
7 -1 -2
6 -1 2
3 1 0
14 3 0
14 3 0
14 3 0
14 3 0
14 3 0
62 1 0
48 -3 0
48 -3 0
48 -3 0
48 -3 0
50 -1 2
50 -1 2
50 -1 2
50 -1 2
50 -1 2
50 -1 2
50 -1 2
50 -1 2
50 -1 2
50 -1 2
50 -1 2
50 -1 2
49 -3 0
49 -3 0
17 -1 -2
17 -1 -2
63 3 0
58 0 -3
58 0 -3
51 3 0
50 -1 -2
9 -1 -2
7 -3 0
7 1 0
64 -3 0
64 -3 0
63 1 0
30 3 0
10 1 0
10 1 0
67 -1 2
56 1 -1
33 -3 0
15 0 -3
15 0 -3
15 0 -3
15 0 -3
15 1 0
4 3 0
4 3 0
40 1 0
26 -1 2
50 0 -3
4 -1 -2
0 -1 2
26 -3 0
16 0 -3
6 1 0
6 1 0
62 0 -3
26 1 -1
19 0 -3
19 0 -3
19 0 -3
19 0 -3
19 0 -3
19 0 -3
19 0 -3
19 0 -3
19 0 -3
19 0 -3
19 0 -3
19 0 -3
19 0 -3
19 0 -3
14 -1 2
14 -1 2
14 -1 2
14 -1 2
49 -3 0
49 -3 0
49 -3 0
0 3 0
35 -3 0
6 0 -3
33 3 0
13 1 -1
9 0 -3
41 -3 0
2 0 -3
2 0 -3
51 -1 -2
43 1 0
43 1 0
43 1 0
36 -3 0
8 0 -3
37 -3 0
32 1 -1
32 1 -1
32 1 -1
32 1 -1
32 1 -1
32 1 -1
3 0 -3
3 0 -3
3 0 -3
48 -1 2
48 -1 2
9 -3 0
9 -3 0
9 -3 0
4 -1 2
59 1 0
17 1 -1
15 -3 0
15 -3 0
4 1 0
69 -1 -2
61 1 -1
61 1 -1
10 3 0
10 3 0
10 3 0
57 3 0
57 3 0
51 -1 2
66 0 -3
8 3 0
2 -1 2
68 0 -3
68 0 -3
46 -3 0
29 0 -3
29 0 -3
12 1 -1
12 1 -1
12 1 -1
12 1 -1
63 -1 -2
63 -1 -2
63 -1 -2
30 1 -1
7 0 -3
46 1 -1
45 -1 2
54 1 0
47 1 -1
33 1 0
31 3 0
65 1 -1
31 -1 -2
30 -1 2
26 3 0
29 -3 0
5 1 -1
60 0 -3
6 1 -1
6 1 -1
63 0 -3
63 0 -3
12 0 -3
3 -1 2
64 1 0
45 1 0
69 3 0
69 3 0
37 0 -3
37 0 -3
37 0 -3
37 0 -3
60 -3 0
60 -3 0
60 -3 0
60 -3 0
60 -3 0
60 -3 0
60 -3 0
60 -3 0
60 -3 0
60 -3 0
60 -3 0
60 -3 0
60 -3 0
60 -3 0
60 -3 0
60 -3 0
60 -3 0
60 -3 0
60 -3 0
60 -3 0
45 -3 0
44 1 -1
44 1 -1
44 1 -1
4 -3 0
69 0 -3
51 0 -3
51 0 -3
51 0 -3
41 1 0
11 -1 2
54 0 -3
8 -1 2
68 -3 0
68 -3 0
66 -1 -2
66 -1 -2
66 -1 -2
66 -1 -2
66 -1 -2
42 -3 0
37 3 0
68 0 -3
68 0 -3
55 1 -1
55 1 -1
51 3 0
5 -1 -2
18 -1 -2
38 3 0
15 -1 -2
33 0 -3
19 -1 2
19 -1 2
19 -1 2
19 -1 2
12 1 0
56 1 0
44 -1 -2
33 -1 2
6 -3 0
4 -1 -2
23 -1 2
23 -1 2
23 -1 2
8 1 0
69 -1 2
53 -1 -2
40 -3 0
15 -1 -2
41 1 -1
41 1 -1
41 1 -1
41 1 -1
41 1 -1
41 1 -1
41 1 -1
41 1 -1
41 1 -1
23 -3 0
70 3 0
70 3 0
46 -3 0
66 1 0
66 1 0
66 1 0
66 1 0
66 1 0
66 1 0
66 1 0
66 1 0
65 0 -3
48 0 -3
44 -3 0
44 -3 0
17 0 -3
17 0 -3
2 0 -3
46 -1 -2
28 1 -1
68 -1 -2
61 0 -3
61 0 -3
25 1 0
66 3 0
23 1 -1
23 1 -1
11 -1 2
59 3 0
69 1 0
54 -1 2
47 -1 -2
37 -1 2
37 -1 2
37 -1 2
37 -1 2
27 0 -3
18 0 -3
17 1 0
17 1 0
22 -3 0
21 3 0
21 3 0
12 1 0
8 0 -3
61 1 -1
61 1 -1
32 0 -3
22 1 0
19 1 0
69 1 -1
69 1 -1
69 1 -1
22 1 -1
18 -1 -2
41 0 -3
11 1 0
61 -1 -2
61 -1 -2
61 -1 -2
61 -1 -2
61 -1 -2
61 -1 -2
61 -1 -2
61 -1 -2
61 -1 -2
61 -1 -2
61 -1 -2
61 -1 -2
50 3 0
50 3 0
50 3 0
16 -1 -2
16 -1 -2
66 -1 -2
3 0 -3
3 0 -3
3 0 -3
3 0 -3
3 0 -3
3 0 -3
3 0 -3
3 0 -3
3 0 -3
3 0 -3
3 0 -3
3 0 -3
3 0 -3
3 0 -3
3 0 -3
3 0 -3
1 1 0
20 -1 -2
12 -1 -2
63 -1 2
52 -3 0
46 -1 2
46 -1 2
46 -1 2
46 -1 2
7 -3 0
2 -1 2
2 -1 2
2 -1 2
2 -1 2
2 -1 2
2 -1 2
2 -1 2
2 -1 2
48 -1 -2
48 -1 -2
48 -1 -2
48 -1 -2
48 -1 -2
48 -1 -2
48 -1 -2
48 -1 -2
48 -1 -2
35 1 0
35 1 0
23 1 0
49 1 0
10 1 -1
10 1 -1
69 1 -1
27 -1 2
3 0 -3
62 1 -1
62 1 -1
47 -3 0
31 -1 -2
45 3 0
32 0 -3
32 0 -3
32 0 -3
32 0 -3
30 1 0
29 1 0
16 3 0
16 3 0
16 3 0
13 -1 -2
38 -1 -2
31 0 -3
31 0 -3
31 0 -3
42 0 -3
65 -3 0
28 -1 -2
38 0 -3
20 1 0
17 1 0
17 1 0
17 1 0
17 1 0
17 1 0
17 1 0
17 1 0
17 1 0
17 1 0
17 1 0
17 1 0
55 -1 -2
46 1 0
36 1 -1
50 3 0
20 3 0
20 3 0
20 3 0
20 3 0
20 3 0
20 3 0
16 -1 2
16 -1 2
5 -3 0
40 -1 -2
28 3 0
28 3 0
35 1 0
35 1 0
35 1 0
35 1 0
26 1 0
16 -3 0
16 -3 0
16 -3 0
16 -3 0
16 -3 0
16 -3 0
16 -3 0
9 -1 2
54 -1 2
33 1 -1
33 1 -1
33 1 -1
33 1 -1
33 1 -1
33 1 -1
33 1 -1
33 1 -1
33 1 -1
33 1 -1
25 -1 -2
25 1 -1
25 1 -1
41 -1 2
7 -1 -2
22 -3 0
63 1 -1
52 0 -3
52 0 -3
52 0 -3
16 0 -3
57 0 -3
57 0 -3
57 0 -3
29 1 -1
46 0 -3
46 0 -3
4 1 0
28 -1 -2
28 -1 -2
28 -1 -2
28 -1 -2
16 1 -1
10 -1 -2
10 -1 -2
8 0 -3
65 -1 2
34 1 -1
57 1 -1
57 1 -1
57 1 -1
57 1 -1
62 3 0
10 -1 2
10 -1 2
47 3 0
36 0 -3
34 0 -3
60 -1 -2
44 -1 2
38 -3 0
38 -3 0
38 -3 0
25 3 0
25 3 0
25 3 0
25 3 0
41 -1 -2
41 -1 -2
36 1 0
15 3 0
37 1 -1
21 -1 2
21 -1 2
55 1 -1
33 -3 0
0 -1 2
17 1 -1
17 1 -1
17 1 -1
15 -3 0
0 1 -1
39 -3 0
55 -1 2
42 -1 -2
42 -1 -2
27 -1 -2
27 -1 -2
27 -1 -2
27 -1 -2
27 -1 -2
27 -1 -2
27 -1 -2
27 -1 -2
18 -1 -2
44 -1 -2
44 -1 -2
44 -1 -2
70 -1 -2
15 -1 -2
67 -1 -2
67 -1 -2
67 -1 -2
67 -1 -2
67 -1 -2
67 -1 -2
67 -1 -2
67 -1 -2
67 -1 -2
67 -1 -2
67 -1 -2
66 1 -1
66 1 -1
9 1 0
9 1 0
9 1 0
67 -3 0
67 -3 0
67 -3 0
67 -3 0
67 -3 0
67 -3 0
67 -3 0
67 -3 0
67 -3 0
67 -3 0
67 -3 0
67 -3 0
67 -3 0
45 -3 0
45 -3 0
45 -3 0
35 -1 -2
31 1 -1
49 3 0
49 3 0
49 3 0
67 1 -1
65 3 0
56 -3 0
56 -3 0
57 -1 -2
53 1 0
43 -1 2
43 -1 2
43 -1 2
43 -1 2
43 -1 2
43 -1 2
43 -1 2
43 -1 2
40 0 -3
40 0 -3
40 0 -3
40 0 -3
40 0 -3
40 0 -3
22 0 -3
66 -1 2
66 -1 2
66 -1 2
6 -1 -2
57 -1 2
36 -1 -2
36 -1 -2
11 -1 -2
49 -1 -2
9 0 -3
9 0 -3
9 0 -3
9 0 -3
9 0 -3
68 0 -3
65 -1 -2
70 0 -3
56 3 0
56 3 0
56 3 0
34 1 -1
35 1 0
15 -1 2
45 -3 0
36 -1 -2
14 -1 -2
14 -1 -2
39 0 -3
39 0 -3
39 0 -3
32 0 -3
32 0 -3
32 0 -3
32 0 -3
32 0 -3
32 0 -3
32 0 -3
9 3 0
2 3 0
46 -1 -2
46 -1 -2
68 3 0
45 0 -3
41 0 -3
39 0 -3
38 -1 2
38 -1 2
27 1 -1
27 1 -1
27 1 -1
1 0 -3
44 -1 -2
35 -1 -2
21 1 0
7 3 0
7 3 0
7 3 0
7 3 0
7 3 0
7 3 0
7 3 0
5 0 -3
53 0 -3
31 1 0
31 1 0
23 -3 0
23 -3 0
43 -1 -2
32 -1 -2
43 1 0
5 3 0
64 1 0
56 -3 0
56 -3 0
37 1 0
21 0 -3
66 -1 2
62 -1 2
62 -1 2
62 -1 2
62 -1 2
27 -1 2
19 -1 -2
19 -1 -2
5 -1 2
42 1 0
20 -1 -2
43 0 -3
37 -1 2
37 -1 2
24 -1 -2
6 3 0
31 1 -1
19 0 -3
59 -3 0
59 -3 0
41 -1 2
2 -1 -2
2 -1 -2
52 1 -1
24 -3 0
28 0 -3
14 1 0
12 -3 0
12 -3 0
12 -3 0
12 -3 0
12 -3 0
12 -3 0
12 -3 0
12 -3 0
12 -3 0
12 -3 0
12 -3 0
12 -3 0
12 -3 0
12 -3 0
12 -3 0
65 1 -1
65 1 -1
65 1 -1
47 1 0
24 -1 -2
6 1 0
60 -3 0
12 -1 -2
61 -1 -2
1 3 0
0 -3 0
65 1 0
65 1 0
65 1 0
45 1 0
68 1 -1
59 1 0
59 1 0
49 -1 2
25 -1 2
20 3 0
20 3 0
20 3 0
20 3 0
20 3 0
13 -1 2
62 1 0
38 0 -3
30 3 0
30 3 0
30 3 0
30 3 0
30 3 0
30 3 0
30 3 0
30 3 0
28 0 -3
24 0 -3
24 0 -3
24 0 -3
24 0 -3
24 0 -3
24 0 -3
24 0 -3
24 0 -3
24 0 -3
24 0 -3
27 -1 2
46 0 -3
41 0 -3
41 0 -3
58 1 0
58 1 0
20 0 -3
7 -1 2
7 -1 2
27 1 0
27 1 0
42 1 -1
41 -3 0
41 -3 0
41 -3 0
34 -3 0
33 -1 2
53 0 -3
70 -3 0
38 3 0
38 3 0
59 1 -1
44 1 0
44 -3 0
44 -3 0
63 1 0
63 1 0
42 -1 2
59 3 0
32 0 -3
64 1 -1
64 1 -1
64 1 -1
48 -3 0
40 1 -1
40 1 -1
6 0 -3
4 0 -3
4 -3 0
1 -1 2
68 3 0
2 1 0
61 -1 -2
30 -3 0
30 -3 0
30 -3 0
30 -3 0
30 -3 0
30 -3 0
67 1 -1
48 -1 -2
48 -1 -2
48 -1 -2
48 -1 -2
48 -1 -2
48 -1 -2
48 -1 -2
48 -1 -2
48 -1 -2
48 -1 -2
48 -1 -2
48 -1 -2
48 -1 -2
48 -1 -2
48 -1 -2
10 3 0
14 3 0
11 -1 2
11 -1 2
1 1 -1
61 1 -1
61 1 -1
23 0 -3
8 -1 2
38 -1 2
15 1 -1
56 0 -3
34 1 0
13 1 0
13 1 0
13 1 0
13 1 0
7 3 0
53 1 0
48 1 0
41 -3 0
41 -3 0
5 0 -3
5 0 -3
9 1 -1
61 1 -1
46 3 0
16 -3 0
55 3 0
42 -1 2
14 -3 0
7 -1 2
7 -1 2
7 -1 2
7 -1 2
7 -1 2
7 -1 2
29 1 0
45 -1 -2
38 1 0
38 1 0
32 1 0
32 1 0
32 1 0
32 1 0
32 1 0
26 3 0
60 -3 0
53 -1 2
53 -1 2
53 -1 2
53 -1 2
53 -1 2
45 1 -1
43 -3 0
21 3 0
15 1 -1
57 1 0
48 3 0
48 3 0
48 3 0
48 3 0
48 3 0
16 0 -3
3 3 0
63 -3 0
57 0 -3
25 -3 0
25 -3 0
25 -3 0
25 -3 0
25 -3 0
56 -3 0
0 -3 0
35 -1 2
65 1 0
37 1 0
37 1 0
37 1 0
8 1 0
31 0 -3
51 3 0
48 -1 2
32 -1 2
31 3 0
31 3 0
31 3 0
31 3 0
31 3 0
31 3 0
31 3 0
31 3 0
31 3 0
31 3 0
54 0 -3
44 1 0
44 1 0
18 3 0
18 -3 0
35 1 0
16 -3 0
61 1 0
60 1 -1
55 -1 2
24 1 0
64 -1 -2
60 1 -1
60 1 -1
60 1 -1
40 1 -1
14 1 -1
14 1 -1
30 -3 0
69 -3 0
36 0 -3
36 0 -3
29 3 0
58 -1 2
7 1 -1
7 1 -1
7 1 -1
7 1 -1
7 1 -1
7 1 -1
7 1 -1
7 1 -1
7 1 -1
7 1 -1
7 1 -1
7 1 -1
7 1 -1
65 1 -1
57 -1 2
57 -1 2
57 -1 2
57 -1 2
57 -1 2
57 -1 2
43 -3 0
14 -1 -2
22 -3 0
70 -3 0
62 -3 0
14 -1 2
66 0 -3
66 0 -3
65 0 -3
65 0 -3
60 -1 -2
21 0 -3
21 0 -3
69 -1 2
56 1 0
22 1 0
8 0 -3
66 0 -3
66 0 -3
61 -1 2
61 -1 2
61 -1 2
61 -1 2
61 -1 2
61 -1 2
61 -1 2
61 -1 2
61 -1 2
57 1 -1
27 1 -1
27 1 -1
23 0 -3
22 -1 2
22 -1 2
22 -1 2
22 -1 2
22 -1 2
9 -3 0
70 1 -1
70 1 -1
66 -1 2
66 -1 2
66 -1 2
66 -1 2
66 -1 2
66 -1 2
66 -1 2
66 -1 2
66 -1 2
66 -1 2
62 1 -1
62 1 -1
57 -3 0
43 -1 2
35 1 -1
35 1 -1
19 1 -1
18 3 0
18 3 0
61 -3 0
61 -3 0
61 -3 0
61 -3 0
61 -3 0
61 -3 0
61 -3 0
61 -3 0
61 -3 0
61 -3 0
61 -3 0
61 -3 0
61 -3 0
61 -3 0
61 -3 0
61 -3 0
61 -3 0
26 -1 -2
70 -3 0
70 -3 0
70 -3 0
70 -3 0
70 -3 0
70 -3 0
42 3 0
42 3 0
42 3 0
42 3 0
42 3 0
42 3 0
42 3 0
42 3 0
42 3 0
42 3 0
42 3 0
8 -1 -2
0 0 -3
63 -1 2
23 3 0
48 1 -1
17 1 0
10 1 -1
50 -1 2
21 1 0
13 1 -1
65 1 0
58 -3 0
58 -3 0
58 -3 0
58 -3 0
58 -3 0
58 -3 0
58 -3 0
0 0 -3
37 1 0
45 0 -3
45 0 -3
41 3 0
33 -1 2
1 0 -3
26 0 -3
24 -1 -2
20 -1 2
62 -1 -2
62 -1 -2
44 1 -1
44 1 -1
44 1 -1
44 1 -1
44 1 -1
44 1 -1
44 1 -1
44 1 -1
44 1 -1
44 1 -1
44 1 -1
44 1 -1
44 1 -1
19 3 0
17 -1 -2
22 -1 2
20 1 0
0 -1 2
22 0 -3
39 -1 -2
18 0 -3
10 -3 0
64 1 -1
47 0 -3
18 1 -1
59 0 -3
58 -1 -2
58 -1 -2
58 -1 -2
58 -1 -2
58 -1 -2
58 -1 -2
58 -1 -2
58 -1 -2
58 -1 -2
58 -1 -2
58 -1 -2
58 -1 -2
58 -1 -2
58 -1 -2
58 -1 -2
58 -1 -2
58 -1 -2
58 -1 -2
58 -1 -2
58 -1 -2
58 -1 -2
58 -1 -2
58 -1 -2
58 -1 -2
58 -1 -2
58 -1 -2
7 -1 2
53 3 0
66 -3 0
54 1 -1
53 -3 0
50 1 -1
39 0 -3
39 0 -3
39 0 -3
39 0 -3
39 0 -3
39 0 -3
26 -3 0
26 -3 0
26 -3 0
26 -3 0
26 -3 0
18 -3 0
18 -3 0
18 -3 0
8 -3 0
8 -3 0
40 3 0
60 3 0
60 3 0
50 -3 0
42 -1 -2
62 1 -1
50 -1 -2
48 3 0
48 3 0
12 -3 0
59 -3 0
41 1 0
11 0 -3
11 3 0
62 1 -1
51 1 -1
37 3 0
55 1 0
55 1 0
42 0 -3
42 0 -3
42 0 -3
31 -1 2
20 -1 2
52 0 -3
20 3 0
20 3 0
20 3 0
20 3 0
17 -1 2
64 1 0
43 -1 -2
35 -3 0
32 1 0
2 3 0
2 3 0
9 -1 -2
0 1 -1
67 1 -1
67 1 -1
67 1 -1
67 1 -1
67 1 -1
67 1 -1
67 1 -1
50 1 -1
50 1 -1
24 -3 0
24 -3 0
18 3 0
13 0 -3
64 3 0
43 0 -3
43 0 -3
21 -1 2
12 1 0
12 1 0
12 1 0
12 1 0
12 1 0
12 1 0
12 1 0
12 1 0
41 -1 -2
20 1 0
15 0 -3
15 0 -3
69 -1 -2
54 1 0
3 1 0
3 1 0
3 1 0
3 1 0
3 1 0
3 1 0
3 1 0
3 1 0
3 1 0
66 1 0
66 1 0
26 0 -3
26 0 -3
18 0 -3
11 -3 0
11 -3 0
11 -3 0
68 1 0
51 -3 0
44 -3 0
44 -3 0
44 -3 0
44 -3 0
44 -3 0
44 -3 0
44 -3 0
44 -3 0
44 -3 0
44 -3 0
44 -3 0
44 -3 0
44 -3 0
44 -3 0
44 -3 0
44 -3 0
44 -3 0
44 -3 0
44 -3 0
44 -3 0
44 -3 0
40 1 0
60 -1 2
60 -1 2
60 -1 2
60 -1 2
60 -1 2
60 -1 2
60 1 0
60 1 0
60 1 0
60 1 0
60 1 0
60 1 0
60 1 0
60 1 0
60 1 0
48 0 -3
29 -1 -2
1 -1 -2
67 3 0
42 -1 2
36 3 0
40 -1 2
40 -1 2
9 0 -3
50 1 0
35 -1 -2
34 -1 2
34 -1 2
34 -1 2
34 -1 2
34 -1 2
34 -1 2
32 3 0
42 0 -3
30 -1 -2
21 1 -1
2 -3 0
43 3 0
0 3 0
0 3 0
0 3 0
0 3 0
0 3 0
0 3 0
0 3 0
0 3 0
0 3 0
0 3 0
27 -1 2
60 -1 2
58 -3 0
8 1 -1
53 1 -1
31 3 0
31 3 0
31 3 0
31 3 0
31 3 0
21 -1 -2
21 -1 -2
21 -1 -2
21 -1 -2
21 -1 -2
21 -1 -2
21 -1 -2
21 -1 -2
21 -1 -2
68 -1 2
4 -3 0
60 -1 -2
59 -1 2
59 -1 2
59 -1 2
40 3 0
16 1 0
13 3 0
6 3 0
5 -1 2
22 3 0
12 1 0
9 -1 -2
9 -1 -2
9 -1 -2
9 -1 -2
9 -1 -2
9 -1 -2
9 -1 -2
9 -1 -2
9 -1 -2
9 -1 -2
3 -1 -2
26 1 0
26 1 0
26 1 0
26 1 0
26 1 0
26 1 0
17 0 -3
14 0 -3
62 -1 2
62 -1 2
52 1 -1
43 1 0
43 1 0
19 1 0
69 3 0
51 0 -3
48 -1 2
48 -1 2
16 0 -3
34 1 0
28 0 -3
19 -3 0
65 -1 2
8 1 -1
8 1 -1
8 1 -1
1 1 -1
69 3 0
69 3 0
24 0 -3
50 1 0
39 -1 2
39 -1 2
30 1 0
15 3 0
10 0 -3
10 0 -3
56 -1 2
33 1 0
33 1 0
12 0 -3
12 3 0
60 0 -3
56 1 -1
56 1 -1
56 1 -1
56 1 -1
25 0 -3
58 0 -3
38 -1 -2
37 0 -3
43 -3 0
39 -1 -2
12 1 -1
8 1 -1
8 1 -1
62 1 -1
57 0 -3
60 1 0
64 -1 2
4 3 0
38 1 -1
47 1 -1
3 3 0
3 3 0
3 3 0
3 3 0
3 3 0
53 0 -3
53 0 -3
53 0 -3
53 0 -3
53 0 -3
53 0 -3
53 0 -3
53 0 -3
53 0 -3
53 0 -3
53 0 -3
53 0 -3
7 1 0
36 -1 -2
36 -1 -2
36 -1 -2
23 1 -1
10 1 0
9 -1 -2
6 -3 0
37 1 -1
37 1 -1
37 1 -1
37 1 -1
37 1 -1
37 1 -1
37 1 -1
10 -3 0
10 -3 0
10 -3 0
10 -3 0
10 -3 0
10 -3 0
10 -3 0
10 -3 0
10 -3 0
10 -3 0
65 3 0
65 3 0
58 -1 -2
29 3 0
33 3 0
16 1 -1
16 1 -1
16 1 -1
16 1 -1
16 1 -1
16 1 -1
16 1 -1
16 1 -1
16 1 -1
67 0 -3
67 0 -3
31 1 -1
39 -3 0
13 -1 2
58 1 0
58 1 0
58 1 0
58 1 0
58 1 0
52 -1 -2
51 1 0
51 1 0
31 3 0
31 3 0
10 0 -3
16 -3 0
49 -3 0
62 3 0
40 0 -3
40 0 -3
6 1 0
60 1 -1
60 1 -1
1 -3 0
1 -3 0
1 -3 0
1 -3 0
1 -3 0
1 -3 0
1 -3 0
1 -3 0
69 1 -1
69 1 -1
69 1 -1
69 1 -1
69 1 -1
69 1 -1
69 1 -1
69 1 -1
69 1 -1
69 1 -1
69 1 -1
69 1 -1
69 1 -1
69 1 -1
53 1 0
39 1 -1
4 3 0
3 -3 0
63 -1 2
52 -3 0
52 -3 0
48 -1 -2
48 -1 -2
29 -1 2
17 3 0
65 1 -1
61 3 0
0 1 0
36 -1 2
36 -1 2
19 -1 2
19 -1 2
11 1 0
11 1 0
5 -3 0
5 -3 0
70 -1 2
45 0 -3
45 0 -3
22 -1 -2
0 -1 -2
48 -1 -2
48 -1 -2
43 -1 2
43 -1 2
5 -3 0
5 -3 0
5 -3 0
5 -3 0
25 3 0
25 3 0
25 3 0
41 0 -3
41 0 -3
65 -3 0
65 -3 0
65 -3 0
52 -1 2
68 -1 -2
41 -3 0
14 -3 0
62 -3 0
35 0 -3
35 0 -3
35 0 -3
35 0 -3
35 0 -3
28 0 -3
19 -1 2
19 -1 2
18 1 0
11 0 -3
64 -1 -2
57 -3 0
33 1 -1
14 -1 2
12 -3 0
12 -3 0
12 -3 0
12 -3 0
44 0 -3
45 3 0
44 1 -1
59 3 0
59 3 0
38 3 0
59 -1 -2
46 1 -1
46 1 -1
46 1 -1
46 1 -1
46 1 -1
46 1 -1
46 1 -1
46 1 -1
46 1 -1
42 0 -3
42 0 -3
12 1 0
12 1 0
12 1 0
12 1 0
62 1 0
43 -3 0
43 -3 0
7 1 -1
7 1 -1
7 1 -1
7 1 -1
68 1 -1
68 1 -1
68 1 -1
68 1 -1
63 0 -3
50 1 -1
70 3 0
23 3 0
65 -1 -2
48 1 0
43 -3 0
26 -1 2
18 -1 -2
18 -1 -2
18 -1 -2
43 0 -3
18 1 0
7 1 -1
7 1 -1
7 1 -1
7 1 -1
7 1 -1
7 1 -1
7 1 -1
7 1 -1
27 3 0
27 3 0
27 3 0
27 3 0
27 3 0
27 3 0
27 3 0
27 3 0
27 3 0
27 3 0
27 3 0
27 3 0
27 3 0
21 -3 0
46 1 0
2 -1 2
66 -1 2
63 -1 -2
49 1 -1
49 1 -1
49 1 -1
15 -3 0
15 -3 0
15 -3 0
65 -1 2
54 3 0
53 -1 -2
53 -1 -2
53 -1 -2
53 -1 -2
42 3 0
54 3 0
54 3 0
54 3 0
54 3 0
49 -3 0
49 -3 0
46 -1 2
39 1 0
40 0 -3
34 -3 0
28 1 -1
19 0 -3
29 0 -3
62 -1 2
62 -1 2
62 -1 2
41 1 0
41 1 0
22 -3 0
9 -1 -2
60 1 0
39 3 0
10 -3 0
33 -1 -2
9 3 0
9 3 0
9 3 0
56 -1 -2
55 1 -1
55 1 -1
55 1 -1
55 1 -1
12 0 -3
5 -1 2
44 -1 -2
44 -1 -2
24 -3 0
65 0 -3
22 -1 -2
2 1 -1
55 -1 -2
52 -1 -2
52 -1 -2
47 1 0
21 3 0
21 3 0
43 1 -1
22 1 0
19 -1 -2
19 -1 -2
19 -1 -2
19 -1 -2
10 -1 2
4 1 -1
68 0 -3
36 0 -3
36 0 -3
57 1 0
61 -1 -2
54 1 -1
16 -1 -2
33 1 0
31 1 0
19 3 0
32 -3 0
32 -3 0
32 -3 0
32 -3 0
11 1 -1
11 1 -1
24 -1 -2
1 3 0
52 1 0
34 -1 -2
34 -1 -2
67 1 0
67 1 0
67 1 0
67 1 0
67 1 0
69 1 -1
12 -3 0
12 -3 0
68 1 0
61 3 0
42 -1 2
15 -1 2
57 3 0
10 3 0
60 3 0
60 3 0
60 3 0
27 1 -1
27 1 -1
13 3 0
54 -1 -2
52 3 0
67 -3 0
67 -3 0
58 3 0
58 3 0
4 -1 2
4 -1 2
61 -3 0
59 0 -3
35 0 -3
5 1 0
5 1 0
5 1 0
5 1 0
5 1 0
5 1 0
5 1 0
5 1 0
5 1 0
5 1 0
5 1 0
54 0 -3
25 -3 0
25 -3 0
16 -1 -2
16 -1 -2
43 0 -3
63 -3 0
61 0 -3
8 3 0
8 3 0
-1 -1 -1
1
52
26
69
3
4
46
49
48
11
28
59
55
17
10
27
62
13
50
35
36
15
63
14
24
25
2
45
21
34
57
12
32
33
51
66
22
30
31
18
58
41
40
20
9
68
7
29
67
0
5
38
39
43
54
42
6
16
8
65
37
64
56
61
23
70
53
44
47
19
60
