9 20 81
745199511 407651684 147249521 671281587 895896617 61406905 91887454 329832380 469395922
335802389 786164035 533810517 12523018 755186071 355533272 48596347 754646686 127277617
164612776 533334989 975399094 883615780 563190676 689319116 905581312 993903733 474544473
630932262 186468950 518222387 536256877 739656457 9219197 487717942 224095027 738456355
120688869 359192992 36661764 603091402 396940456 838274154 408442937 563457095 775331406
918134683 842730191 688615598 949304242 964223688 697156818 746097581 569142483 933896432
821622510 502645244 510837426 243519308 248070462 730951062 160892758 80711841 839995400
436345970 26013533 724544089 336506852 212481261 379916712 323018217 797932361 715191477
445376690 87925340 796700572 588943202 817999472 982713844 252480519 621934593 522079301
729993990 593908988 873639830
655985273 404028887 309763328
48090180 784981886 524865500
699790990 397898963 233513470
878269579 869792703 663612135
774152921 242634981 168459083
321730199 23184936 236977577
586549579 979182674 506868474
622140145 210268086 615775099
519712418 886589978 816770073
742061901 227702855 740296730
425009059 866299342 35904273
77128779 97521605 754175394
27026660 653500977 870111901
231908671 416405762 559748532
678379031 545103475 299416898
336271705 710473019 775817295
681649285 628594935 620209146
553315239 827201803 5619951
57450437 626790823 469489853
788388426 926849416 895864810
9943052 956267431 828249388
968481685 704069141 428282523
509717752 37147286 495211708
427085332 223125894 933417628
396879072 192770361 338040954
606292657 296761712 361795412
772589649 466528278 889577297
286646341 729864495 829837663
954411934 527444567 958025220
5712200 563615438 75242429
955873823 87078334 480196760
773819885 542691712 774362218
200901275 755630649 861194770
878734377 294212482 563243958
193394531 706485089 19017432
802746390 258139922 937158678
429945851 163568442 498289614
215238675 503101843 902806821
553928481 187809665 649932393
121146275 26347741 69160385
151638860 161909460 119617188
293601598 983723461 4968486
81093370 347392197 981127647
684676724 98202840 900263947
809589400 477744353 919377332
845575882 609368307 773746866
924587589 556716026 322684728
105521196 548413292 63368609
185614455 142340850 500320523
431852262 37376099 971325750
697326038 579756729 996691668
370806233 568006871 785224113
6262770 745753018 426398634
828770230 625527919 993336666
67064365 295216934 311718875
208753571 267977437 932384600
302289024 834760649 232422863
187642863 760111567 346299845
507696521 109222131 925083311
