9 20 81
189836233 413353755 842784379 317441393 471588756 684902065 684752724 500193773 851703089
217012587 517945285 443694746 922675417 426588493 64581552 711562597 799123304 201934609
582733560 921844360 105951693 851211517 856141403 750362171 22955823 976668211 631006496
618104357 339413532 481188295 825544389 482897029 475146353 958860943 695904750 692050515
177975620 770964489 109681240 623377378 259445738 258166003 143938820 167396573 872720134
11207729 112049541 687375334 97229383 465945912 406828623 550463055 267165886 834256991
524866884 373042396 316893094 714001256 738213375 915826245 311983373 868570765 694499962
566073814 626411099 666184456 866173148 697465558 696082301 598743905 215121794 51840896
506537518 50522182 606526045 681787125 430603726 297966057 376035179 771935209 416443304
435315737 129290397 324775956
249329793 156556632 392251334
197911289 961447931 249521398
870666106 852212886 485825739
18210467 224770879 590351217
69661604 100272620 941434378
496197886 85426272 163151809
710732953 837832389 563410372
853507721 39620496 654885393
569879925 230936419 294894109
953505173 183021508 916742399
646730115 115560557 572826308
881653834 569315777 677357105
995205518 76054400 578350830
644552836 37815668 339877224
331440478 103119105 390526879
654974762 266690722 381205066
978437917 170703842 122175474
342410863 658583817 720495930
186874391 571199507 799663673
357453616 66311910 126572229
279379114 575258335 675783458
599970833 584616699 40505988
201979351 123664679 447798661
689311691 73097526 844400477
514200734 751881491 496481194
646086729 669370830 947539331
577888891 697043569 357906625
996295470 106868991 814882048
895202870 358803908 17690494
785720494 717379875 73880781
601635003 875356994 751059003
117382536 712653966 177475215
855150369 460818021 293905834
762573094 997394803 429022619
502401494 62980551 984485784
37860718 856997323 50140800
678604143 776966270 917265101
853647640 315247194 426892508
761456386 826609875 864135134
946977871 180444891 969405706
857093117 275966047 395539785
819304128 165266706 782424619
506603755 109069379 991510832
216941743 210544411 685617322
645102852 566714744 12260816
10502918 490973872 810952401
143039910 520224361 267087978
99115692 936163115 970561853
599585195 811108321 382913577
276944396 942449511 354794036
874204549 571152120 683581082
210272773 126662474 176320446
12277655 531569932 902806169
815382273 885341733 3544881
397865910 217443562 480234135
664355292 872862423 244041808
103369263 648503792 471646822
945764878 493052079 325656702
666040929 609400665 55425757
