9 20 81
687483414 938350403 127418840 666174981 488590209 593849910 551115989 676042606 691209953
39664499 990794973 791109457 559781963 375425907 715654661 386829147 242068405 290571171
107890606 215875800 378103489 72874689 874026443 934051990 541336667 913138920 570894504
518318917 514163842 447523133 303021231 115229827 238413426 70760803 639278086 545949329
784670480 176676998 518137515 746391885 804412707 247931651 455587305 540629839 991375992
686604067 541131411 315911757 255550972 116820775 928992539 175093555 884601784 590538006
654929548 505401312 6240778 573899811 33667311 854453561 261383082 758656391 949621538
768342212 947932666 418033470 362569902 603217558 781932096 112660326 445082755 712273904
410595557 252421262 492057969 273646760 211155211 766405104 650396810 568147127 173047575
827945485 272923397 503501199
864182877 803590041 412085751
492644928 449042328 926903266
855198928 829912844 126079470
480231420 196160131 161138985
485340897 323866127 807469021
495629353 475529334 971140299
763434426 704782193 887528552
150560873 130166552 95867623
866309455 28378898 338775245
390455796 101268618 571239976
611399940 250165025 273935750
893948594 754904827 181402847
154081813 121324752 49122669
675209709 830425805 784676490
384576152 291900338 143258092
781569651 66310639 454242671
202422860 593033484 283959105
942568684 881695152 534626930
384650601 384683341 644891466
949386567 680824303 866644433
732334314 103706469 611096845
87692107 476257989 463629683
782109960 382020871 700626676
663210901 630207457 702275352
760994500 250753409 652685292
694450725 471774454 440528695
113276917 844994023 1185346
591160360 815378982 611951117
8122675 849238228 511027888
773728074 515523148 146681674
168292446 640475103 403197630
516268989 489298719 707627529
186156465 352630440 507214946
793530146 125940381 725748638
787121845 103417642 651112029
785890360 530803188 932228945
813832189 459536580 98563624
504388383 332520217 81287625
140236974 565594789 237211200
652380590 958161346 332950691
443316429 690026544 385573417
771415610 963583400 935350590
820124267 146082725 885760669
579814454 923983205 655340234
300425230 43663625 578669018
287696930 146714307 762243352
394172199 212071689 783475624
314878387 40652734 822549110
734756114 331039652 104962777
618115931 913480413 847389648
217776017 350818599 855845081
186645784 748387937 642569724
477335818 27806546 318144724
771753229 976079336 835430167
684921291 591777849 991211549
626918870 196636588 938737697
253161513 279582862 658639526
473894516 988457125 638906973
688432469 100340587 640092704
