9 20 81
223369847 352196365 327230404 881145589 297304435 641514422 608703981 623324825 580745240
247600964 68006180 62756627 619699657 507447272 33572647 593130873 29049082 854356883
882400363 416917874 377406605 200374816 308865610 721440020 349505931 376484516 652190632
552537807 10277189 241734564 235679552 466592867 851900263 407468907 859302510 148132513
202912816 771270156 251851594 411232982 558804478 763837490 669313200 42318724 191561879
470295886 874299939 209635805 61721169 967055612 967510043 640482731 993905318 348962524
402069892 155833646 498819293 451083656 860912844 128132150 35298101 839273063 769587049
770962667 518487190 860114161 508449150 164969280 243073549 228540028 547827716 883028672
296074857 910343661 506258373 676847003 935785124 324396086 740049018 318070253 130177823
636965748 878671384 104911038
122473888 337967797 316079509
905879482 976539307 206136095
837849027 821396817 664548583
632700233 203999141 598836543
668097923 921174185 204812241
877373729 555631129 949316944
612178453 294951117 446081102
37793574 121990183 834539287
884923998 676147127 303612450
796118905 927581542 994070220
582181361 767106617 353317657
928521232 5418248 916896602
319699549 979413994 29973064
898766265 164496187 785551513
893495503 471810420 780181539
878184164 837847058 517660350
972579852 454722590 398432346
770065620 549064238 100357987
442636904 684615344 260989428
548835281 298190255 901841000
561652123 818636921 462295296
464048819 369687408 939393400
840486623 386033873 518730856
436791427 536424170 991763099
595188860 307292950 212659764
692020518 119581940 573423463
987335205 860832094 560445598
128826654 284060197 772907840
531025123 584391500 630362021
574678899 24972851 38360067
571396572 13476189 703924644
28613992 819891671 283466379
431036901 21736056 528559862
164457544 384993944 445985696
624910206 974417519 803980523
514745940 167682519 547682384
863378989 887385403 459407179
662480176 193837406 141469696
881376016 865080041 22105766
479353938 667036023 992202408
895027839 590475044 528996308
131668730 849171453 93723005
510019443 596155583 666904973
638777428 66410391 587678949
402217148 377615187 714359047
320664565 737283558 264666437
559202058 357290669 511892470
914658263 493104334 402237192
364922321 718899380 632481318
498011283 886964560 516427181
100820993 622613175 149270546
786989779 358250489 3056865
377674562 337167909 548162028
22566780 942256589 23021457
760360517 608499798 176963680
730059806 674344584 222785695
856331718 145292241 244055858
555700733 856236095 499918169
101884939 465285164 980026529
