9 20 81
203210854 58466158 474968443 294583387 747051804 160168839 788333404 177105934 499160047
54160732 262515673 658500075 143668889 706223049 47704074 9144723 200754974 287532197
246584010 909091084 31574250 586869475 388803160 182934044 986415026 889371699 834432938
822419847 999701 339603904 338706009 594595787 964786177 396987684 277852724 481876297
111656808 745475779 359834431 664687244 374785488 755126687 966027986 477209667 799068091
865776540 636520216 54050493 112405650 403252401 820166594 677626601 307054123 920533678
532367596 84847464 552397124 861293907 743702031 907813347 633939653 50861850 902757483
972609036 443084168 229459456 871090179 191796113 153261228 382652893 456388825 381824910
746792468 759588302 449605172 759146849 700240333 28108143 107364428 552729642 453780213
404642678 249557441 262062441
780321107 172380355 409696282
142693928 545218215 523614910
996193209 342818073 203655680
619203768 867654266 228408976
192667758 483948573 113546422
372957147 616592345 63568140
849672917 897326238 300872901
310115323 57510286 808207257
254587510 710217479 122871090
252181891 555843788 219751281
230269 61287804 272253184
264145565 582855281 103137554
57689219 736338921 198142127
776686775 785290615 284781230
658636695 134424803 792909734
587384453 600682328 827206850
52927587 345930978 34064147
435545076 677108408 393190743
235598216 962753749 569181163
627104169 564940307 224317000
980970599 507962262 563402146
642126646 973183133 813468909
14747601 573853575 794852212
867129793 810790844 854772010
814958757 742151234 23436637
647029951 518279976 207305910
605936931 95361174 422957841
437447744 640085339 38243438
339489386 690268908 632811034
896117778 996094467 376250916
443993735 833839864 105615684
956935514 583789403 41798298
674523080 919824215 549383776
829333664 248461022 7817044
41258741 49998442 142936833
664041223 849144702 733541189
827294834 960753191 916593863
56274757 441672137 351911035
139146678 205779581 550074091
166647410 117965269 665767286
701499144 867024775 326277829
243421174 731896272 137941419
193731561 61343427 279805499
814324210 760910667 90125521
943922621 729910549 197584281
229043742 139463766 642773731
994916683 505470086 406169939
635663029 561279104 621570169
881636990 821484138 118070379
964411020 581743691 952389147
773983661 613010728 111062097
485344822 758491537 887787248
242534499 866532118 288047587
587696443 405864521 619267803
619198759 603728910 241041058
611435503 669410438 343994783
829286721 523118408 830184508
685875194 688132993 904255849
338681490 761988692 131189455
