9 20 81
942432100 638901093 14611648 941368853 921792632 847312525 728563243 798030467 431880310
709012733 781968711 858407480 274403589 272603997 367721309 633859516 884509698 258140040
108966430 73436123 917902017 690462163 153158677 568811343 894869611 607260534 668897386
709726457 742940812 184028158 421967060 241532636 149562599 209085706 513544079 218828194
684314111 679031545 420255269 434270104 887887638 337183665 572921025 358074699 956251733
912175342 171831967 182041777 203326094 656402958 976694137 771140970 693568171 370478498
147005022 542975045 853515750 639873401 42406075 818508500 215828895 478468268 41118108
376370480 756793819 427513299 449925255 397311020 535459747 227851868 38418697 446203653
274548301 299045418 468058226 646331716 31143271 301057585 563498038 495282311 838017141
778145690 864302708 968617692
650342215 93484628 453446094
905764557 685789391 135084667
843508604 618521649 502452221
398632055 470959091 11734142
618165341 45648552 217788318
285184981 691072770 693900206
690038946 310606828 900411338
745583631 485123629 421003512
772315303 636234138 331993911
236519956 518167900 257879674
826708329 491725398 175412905
119986347 224120767 665141770
322448667 264847090 988818953
490899601 207731727 984980262
375012508 518766255 854855466
68764850 410357782 481954569
75937301 55979136 920297872
72240964 531437067 811339289
990647535 719109383 444221663
489779219 769333798 15580836
260890880 278778796 975992113
366992967 656047160 631254976
474975329 441870233 730685457
562964906 159940776 330776472
218697890 383020745 244514737
293248002 651723864 616637124
604176786 275063685 304952021
498771437 813869960 800054076
944444299 72191699 541534283
445415803 365319911 50606964
84194953 93307792 33677015
443152438 748872739 495319977
254844973 871448838 463211801
936423732 951790149 968590571
767196558 849482260 307283114
32606277 522729703 42426584
241772062 441068860 761922566
860612792 456837990 349608259
179180386 425546581 878242625
902093325 403547027 75705198
385574497 384869498 316281252
305247123 461926603 996050883
112886643 354356109 979502211
819089993 276974517 439790195
857383377 168542886 145519622
605128227 898210340 614473251
892718222 764732235 671575216
571310210 250806859 464805857
166777304 697365541 944979957
256608330 209264709 583325172
73970756 765401940 202513969
826436060 862791763 135260282
298352688 23291666 859564206
268562768 352248442 181786237
966322324 348152370 370350381
226493835 779704879 669778997
951337496 96738425 772668212
381914243 254928294 464534791
493817661 937997938 185143753
