9 20 81
397824952 770085544 423761494 660252818 357021256 77928818 877331027 654711122 482549422
520772017 472225240 661322726 610562966 64214743 274723405 69664769 273874198 211151778
263275396 979226111 676673570 758214016 263263350 20851108 811351408 10351719 642651826
940491839 739401404 767697490 977071478 68170522 956800987 912261259 165432115 901119534
445449391 129440968 847018962 131579503 262332751 707492915 37652508 822499002 706177984
407429047 118744588 420737171 664788681 700208012 17599759 234302006 452537918 390633691
708725329 570668916 242314896 263044726 419905508 144767947 439857115 947595022 259998094
949012750 11991001 397190635 947643103 209450618 841403213 827532909 600475813 464758051
964782227 575962465 9916339 156124081 312886073 982910186 20331042 614567512 114341341
582127572 923812612 968087963
467141586 542274361 532692885
120519289 739234867 56231860
590827520 496707105 647627558
543973321 232319195 680397550
517081796 528510842 519302805
745813696 49352377 828350693
89553321 544494131 652134211
908652466 822271344 349861040
112796545 890382691 86651173
234585200 951914264 867357754
347831728 266877772 918977981
111036093 371542028 599512642
408313593 368178889 955786660
808340958 835375875 682008951
136212334 845585423 755870246
757263010 375289773 196839002
619390869 2864922 31890368
65757012 236173921 417851863
771183519 874619196 119724051
618957466 754965188 532187465
54269377 363881015 572173263
735985623 98658951 840146433
927337505 759481273 696654941
439746680 412391689 812952760
265704626 303841883 363303139
988453861 207502128 541021755
657520800 157679822 937578801
414414527 322643276 718957050
670973480 839130126 919332799
124505713 417000228 535494094
617519390 572278402 134956977
706501962 250239166 688790445
487401907 441488625 412846757
843241213 851406006 330450235
769675702 313574817 113231252
75295600 743912815 932194042
292513632 779135617 766459758
313988068 436914853 458712015
24897246 276000347 458732253
368556139 47597776 141892973
318388032 852420631 1998176
506959415 21954694 772019291
568447194 166086645 600545420
52726992 118951607 981525433
213914732 783521727 721270216
36092858 851254249 236506902
784001642 758551609 248628129
406009559 990829882 865980447
570381328 52028867 293621022
435521023 529662842 391372344
24004203 837995787 838176655
465401825 871563293 271960097
283579909 710646606 798093545
290003293 677641998 802825581
510646936 587047685 313112790
685484533 303349220 481365823
439267951 844960005 839814625
196760398 325728168 837412806
532589845 302037650 664776287
