9 20 81
175009046 470427520 42395297 47065813 361558123 574435217 247803970 486765473 732160400
563530716 301339218 925093303 536607067 956959933 807883437 651576894 861787053 146004694
414379315 584472065 447604052 227808992 345300498 935672490 267493733 916228369 698129758
205944209 342037108 176816440 474347492 974268865 576117597 556070167 124064759 950272125
427084612 144261381 918230156 67828924 337716727 987291621 432425677 454954875 744022676
388910510 88533842 20675546 590150448 664503091 621637460 549287942 87223407 412150818
934610590 705563951 34762815 411263740 621917225 423886281 304926692 748631491 452878793
345103622 616537241 965000813 849231879 344455890 534035312 698722073 929947474 520820762
614491858 623331458 394933656 643796088 197970588 558224129 12292792 138880039 859788481
102830303 297911761 563703988
443183387 735810722 702618921
660723508 786122753 365211277
477083534 281946376 136440547
383657931 659567438 993859541
47424717 72924395 399282000
302277110 633486076 565298439
164890466 50733497 50551674
240474748 81258237 625216152
466763439 19828961 249173373
664684038 46782441 701973688
276459495 222602666 220996401
305755752 906724266 226242225
517178602 842397385 149482210
691815372 518768978 439071287
779815384 784736258 124108677
761929683 863995093 381791673
742442654 234726058 631045214
55341309 11642930 605364431
545889482 33848404 411429785
469857445 300472849 191504791
575501132 261581398 992272314
852326848 170687833 430277826
345413517 272000719 765975453
595955497 578217340 655401059
126145285 244459738 605430607
608859139 192481243 736104226
695692474 84983778 13083549
494812003 42481723 322503553
26523965 693018282 909463414
160440148 417052633 765204969
821912831 571179924 450793719
358400856 749905401 972351826
575420885 68716128 692608802
249679317 290856558 732826969
820590080 634996849 44688952
717842866 499495458 225437617
4235831 147803189 119018538
103966209 161860071 678558953
627221645 436768314 723403648
925268498 481565532 60029510
477501997 131954611 532486765
829987120 195906221 689941610
47190 883516743 734463760
397317959 422709821 769199592
430751289 790475062 268862091
368311580 390185405 377349464
985778811 164644958 956443729
136517773 919001346 805029136
582164270 907570444 648293051
859988615 109096580 423955065
436698442 605562663 719075769
875966483 505092754 468765313
824115400 827496017 424529136
674102978 579289006 265623169
479576084 789763646 286682409
884994021 548690663 630611411
923367709 492596671 690053688
648304033 687406708 769675200
850085502 870085529 471340603
