9 20 81
815725931 896371318 987723846 995981579 453521205 574788853 892871572 388888870 692250570
579510718 4227154 833200142 806499995 674673512 327302515 20991288 923004876 240395775
916753221 508513559 847465939 572962230 607851630 529985163 648826417 166625327 981341943
112096651 323187537 521025009 917290957 259520509 539525698 487286062 293630533 483663515
989015564 881666601 861552019 671256914 358829824 948578270 582388134 130677560 89115643
623093347 412441702 351302512 215096269 26580586 817202183 262138725 553952985 354419918
914561835 406926902 938396851 871618643 899491972 427161608 987329749 586463230 827725358
487630836 640956199 760179548 334686276 678666090 163832996 26690240 936487039 49263563
397213407 910434336 58914947 650744354 977113410 162774869 168351896 560000682 614968826
59170025 413708224 752623351
758882991 126325668 989228251
537024751 52656625 572040990
919825805 895710261 65348013
600801735 29520640 478976561
144166714 421310456 966163694
791240088 135642899 30081643
193875248 816411545 378630399
279804206 20303435 492164546
28796835 174985715 61021101
917489546 995296736 31897024
195880897 288346464 694127521
435309459 327142304 602726856
996138288 765108845 561804986
126922974 801115627 618531917
909577354 901878116 304551012
652783809 67305021 470463573
315637221 896012385 131766333
694108645 920073742 920515980
62717020 247169898 158245473
235014367 11700073 362375555
306622453 541165914 902846722
884114994 425829526 607741939
510753960 59191526 156750891
665341399 314263790 212273413
131019242 456089390 18574873
433471718 150862011 203118304
689217654 995505164 761016862
774150871 494078456 760932776
935967296 280589936 196555291
653976488 980203814 642814994
756027302 995017878 913699831
696248750 417442832 861075564
628807951 908095678 32853251
661953272 525334733 652723686
586535824 904930082 624074063
979304838 920290466 145335500
405562472 29136289 307129386
622911026 955855483 961488347
110954498 843869720 179809258
741768984 543402054 839772450
378720020 875347369 12573733
661122704 834020870 700080924
289542604 2546132 952830004
830435917 190419142 326513649
240098758 534378799 886083642
427313073 333831781 985345036
53635165 976405264 328033459
303129170 903128057 457961682
451802609 378468373 813107119
920242237 938381232 392131125
553335826 109540172 933191430
625070153 19593705 993415078
724316249 96655426 242218108
615622887 732888471 751164561
542501282 734517709 585200473
621789514 982140154 939237416
397784184 127834881 553181143
675417618 598499397 176745000
492656909 824027530 729334255
