9 20 81
137051275 849643011 261931739 630604158 410662941 154297835 407614255 282667853 653920153
807342699 206954568 856004042 382044982 582579693 157299419 642654315 16244001 543289782
885513709 149320103 185615010 513657325 14026524 484086701 85386236 381377516 965917569
769709114 467897747 234296087 108801281 23929148 190935600 807571991 234847105 406298289
523804533 219214098 375546439 668523917 950409817 197676225 997704136 641749111 493379050
855306066 861854313 113312401 741787733 208170656 568371428 394164009 757490983 540461297
201968224 968891481 817307050 387927141 39477829 394003146 150751719 60170203 746372370
656611729 206538823 849404573 49683779 549950943 167641982 990684087 853856479 83414916
422938002 269606056 47184112 365425970 193029847 318291200 772797521 896853386 22415673
241785834 274664191 988274105
820422778 269276044 106562230
304085802 326567980 438606752
152103024 525818837 965726356
959285369 656166621 636069469
724756423 416445676 32054737
724648968 220797360 757502716
723136384 984871489 866729165
203539224 868143869 33353721
432464934 140013496 351513502
648223099 109694680 706536524
278415475 607274407 150235001
554409560 70404106 901188183
432663302 680430545 719463206
163731862 713521395 470527049
989374721 136104965 848641791
602119877 659620519 811992542
67616622 459104623 383729297
394821332 375300730 673971713
620654351 660120456 594102759
122318322 952132102 90540017
448989158 145548883 801441498
630175306 222313567 617674706
405602277 895818887 200713352
557070063 921639045 235696696
159030154 227370879 151433976
871996103 216071635 231541386
858605567 275613342 451618387
803706993 762298831 140174085
364960208 254097696 653894004
784941483 682167854 275910340
77922625 37743761 199233814
916441041 588907861 189432776
545449903 325799172 645140575
566491681 827514192 741524018
332024602 945424133 596683015
469284626 205561992 535239202
909978700 639954893 670531419
852928060 485302498 509808972
775817287 778533970 746297854
778107939 924309504 504194434
515502814 270380170 193481011
414914037 877695656 61456231
64241801 692289419 270382657
571662926 358993064 662195286
559301907 538159000 791792095
9020908 320909133 502357792
342898546 415117727 906755990
988766819 521140552 231636787
371651431 591144179 859011324
872712542 537620803 186690895
673860664 96170035 913409376
788996571 33135267 795784739
353890105 521681933 619356453
342982429 168046235 125994741
841948332 313920973 143325508
980160280 265060456 852074005
591461392 101565505 737209135
842508361 397804665 149367072
648584258 874504772 728008453
