9 20 81
721854177 983864879 543691093 155730856 395435657 887112635 693861402 110819163 797866035
991263642 554567826 309549829 312239040 88919491 913043991 183374136 387247781 332916373
191832619 658464090 759687768 782944601 153121958 70650253 99266240 786517398 62281878
795386113 572834264 924308281 24948583 322316102 311010311 826025673 32181390 447141866
972291646 346438600 913010647 698493701 32624320 493608357 552693658 499841872 696182909
249456053 828397836 722124880 809750019 487808717 811295938 810426658 588582760 210543714
807523135 893764294 588888449 182467692 29308453 807436183 808416458 67318713 311804421
185660190 867900188 983934249 275465374 425158795 956063047 343094649 437322943 7761413
784386816 702124402 580313392 438080550 555973767 274611835 136268443 633671280 95716582
156394645 252217255 370227675
586518059 277304814 612528770
415922495 431550949 879047081
344707552 808600477 43202243
882858587 440168988 207879539
542711304 668544074 898506272
397219241 809709079 343209585
372080707 19139604 761918664
218775577 155086977 70588547
119545921 272779920 452413981
148635745 144782002 328119652
314601674 785868319 773173741
829620095 41987687 125614325
617373793 309572722 367638706
62861454 986245063 948111981
875876218 365073431 982472722
412028081 560211411 685449477
64435919 389011499 931140011
459927975 479385080 760629642
453832129 637928224 371399694
71049677 762203544 199271508
476470385 777176701 293935253
269510925 336520806 476150251
7855106 380620934 579890823
227552284 488885021 81187467
93670259 926475899 638445933
523960280 418038815 949219720
276755553 573395355 564359905
224519410 455074919 29964606
615552063 226799449 345981448
696772867 352686450 224857096
742973777 253021969 406793913
178868811 989129537 527933900
322438705 381453100 235742822
217978400 291368410 80960989
143861526 197870653 222189022
74330032 148651041 468435498
112625893 955635149 794376312
108431103 898925232 202010178
492159442 837263995 534649430
356840215 75837898 761632708
518561770 219666301 876115099
282943306 872961500 994156929
565301655 686058760 764243211
41044309 952568011 590378360
640750984 524157684 538469615
875746716 589169254 404938135
129136368 552605223 739272494
412585364 837211232 289419629
440102275 995419895 654847378
169329758 14076052 912273125
258857866 324604888 418664014
292771622 706873560 301871794
889328735 351373293 409273012
423013048 284474530 93233978
417989150 854500192 280751844
190355573 730049946 703727021
24826728 869998630 635522897
623337901 85212393 888868075
530372881 972772798 193276666
