9 20 81
522782036 436263903 75273789 891478130 750250785 664092786 399254977 950275376 15648375
87444199 497845480 417683469 650498416 851841669 607743984 864841153 892062703 126365118
205356025 594118532 833091429 592333215 897753395 379176290 935714950 196606901 53717370
491048287 638617053 895527587 471557135 546390812 40059882 78231412 139603874 346189747
699470585 614542480 321987008 664440816 328723292 966374250 100372092 136359892 40443442
782757108 526835554 777924245 890863016 61863261 165168774 140587947 156202039 972016049
439695999 446457136 316841380 729944164 401592374 294960551 296443084 204475935 318912723
204538751 551792970 105456068 627589556 467945123 385056187 219072494 549397225 643354204
177692724 800545619 964940977 586101439 351881636 519188634 106840486 318561313 904917492
447441772 832611076 376083221
908652955 264881594 88800209
446547722 122733936 222896118
189542729 18155710 128365953
652508362 173319559 461987853
357907559 373160437 365500249
386201347 33034075 543247484
726354680 802659315 400543921
416677227 339059002 524810325
652960983 243929242 578329045
718948506 648139396 906494777
557409702 16644985 358085916
634187235 384498608 731206515
538712704 166247560 245821570
604188407 587215909 771594838
539802806 754770875 981166423
703134372 921152226 598985735
11368053 19305099 572927249
161484963 901018328 792142935
283931366 72477477 439717403
898450431 604004180 347579980
114087551 116593518 831606937
13054270 809994156 465674267
600060473 160775398 2778113
536384385 248052976 973323675
448577610 469902553 371714470
608915294 256421950 288512559
496876919 398906298 127898857
816638037 847826644 367396401
381856099 838834404 484443392
175466975 46424518 446681240
578326153 412315166 275554779
857651044 228612533 862143277
238773649 628381937 450508442
363931286 826899001 234818389
652656856 195930824 287034472
336788316 211568291 311998038
869284474 220473360 234061113
531784430 816888587 241979684
624274954 796930974 4259038
976971655 85056017 421273667
262371186 771418587 333666291
807272570 721844459 960594520
428020694 836639752 294660035
657100758 672069202 551097555
669172928 69539306 832329752
533175966 20066752 506928766
690172397 577979025 678930641
797787596 545907636 905155389
597204677 411710489 795526460
719160985 712265252 601296702
551201395 291794039 165717109
989126663 994079971 763288045
292450224 820456607 256579858
776016943 292619667 732359482
62067650 925923800 567744594
26320813 246977406 811965389
618412162 399704251 173877848
859940417 109332786 986223584
317167686 248631579 60340623
