774 2254 6 633
372 413 22361
394 529 32249
101 265 35355
249 448 26907
265 310 13342
36 343 33541
14 469 18601
44 224 20616
589 670 47434
381 550 26173
402 449 21932
164 333 33734
645 707 63253
83 661 180560
90 565 44822
353 624 21095
409 592 27295
299 400 21401
130 469 32202
396 700 36346
247 346 58523
159 284 84723
184 427 31623
108 305 44654
44 106 30871
168 313 36056
221 750 21587
232 296 14422
15 468 15264
309 331 14142
104 351 36497
119 752 31385
98 388 31623
135 408 40706
307 601 46400
406 597 22825
359 451 12042
408 602 14560
465 545 34525
49 420 34482
581 771 47434
400 702 55570
29 715 49092
139 572 53151
57 631 51662
278 508 19416
494 746 40608
1 32 46819
36 145 36878
482 743 49578
137 254 45310
123 634 55218
500 742 17493
581 730 64070
9 686 86023
417 757 29833
370 557 39205
666 667 50596
132 369 29017
23 493 37216
54 770 47096
128 723 22804
715 724 59034
92 362 78237
131 277 17720
615 740 48703
447 473 12649
174 240 12083
114 622 44102
125 453 56303
132 366 16031
241 545 27459
174 216 33601
125 337 32016
198 209 36359
225 762 47096
407 534 44045
132 352 41593
436 457 34059
371 485 18028
102 760 30364
160 549 61717
210 258 24021
28 518 18439
113 176 38079
41 393 58728
104 349 26926
276 722 25554
327 436 68593
471 603 22561
314 335 18111
429 743 15652
242 281 45967
55 476 46519
371 765 38833
183 222 65192
41 538 35171
234 501 83006
272 480 14000
179 695 17464
257 460 37802
3 553 26077
169 750 50010
275 411 30083
317 711 22472
29 699 36139
145 316 44553
389 748 31064
6 309 18385
328 660 25554
81 362 227379
86 585 34655
414 423 20616
388 551 29069
45 304 30083
146 720 11402
190 620 23854
42 682 20616
20 156 64622
162 681 18974
531 533 30806
404 643 23259
157 686 81123
136 263 52173
356 393 21024
117 583 56648
22 283 72007
618 769 19416
572 719 46065
87 369 30414
546 734 23601
116 195 25179
549 727 45310
412 759 30083
729 741 42755
462 643 39115
208 354 38210
290 601 44385
43 604 53000
21 131 17029
699 713 90973
44 544 30067
76 218 51971
628 757 20248
243 321 51078
179 526 13342
340 580 20591
522 736 61660
283 430 21587
347 592 33971
411 593 19209
345 368 42579
121 769 27803
506 616 32650
18 438 41049
392 439 26571
114 700 74169
31 676 26926
31 421 17263
413 470 40719
125 744 11662
158 326 32558
182 530 29614
445 589 53535
297 491 55154
39 89 32802
163 556 34525
521 678 52355
136 342 60374
136 717 52811
70 360 61741
597 674 24083
203 592 31623
196 292 27731
261 462 14036
171 688 38419
175 302 31401
284 762 39812
382 451 26077
190 264 22204
233 668 23022
348 372 19647
120 332 45277
8 387 13342
257 744 36235
568 738 21095
61 442 20616
351 709 42202
348 487 59414
549 773 38328
291 636 52802
12 377 32558
133 153 21932
328 359 17029
231 453 50448
119 428 26173
576 645 31145
120 564 54644
381 519 38484
5 619 14318
8 24 19235
348 360 54562
137 649 57489
10 458 23345
76 196 46400
599 703 15652
45 627 39294
474 546 41437
288 473 71281
444 620 62073
116 157 54083
420 609 33541
121 228 60539
95 466 41012
456 719 35114
488 767 31765
46 608 12369
554 577 36401
329 717 29206
201 693 39825
480 578 56321
116 274 51088
382 392 46325
205 665 19416
292 450 21095
325 741 57983
251 597 13342
380 605 31241
67 231 34132
141 445 34366
354 657 25000
580 612 13342
350 495 19105
114 565 48415
249 261 60374
251 647 38601
389 522 39000
291 336 40112
285 540 87824
203 645 15264
54 683 50220
277 574 31575
199 556 45188
271 407 12369
270 734 47885
226 648 25942
173 531 35805
183 445 34525
608 643 29206
140 244 21095
28 419 58249
20 323 50210
410 687 24187
100 293 33838
198 499 70214
468 538 13342
341 385 26249
290 507 28425
16 706 17889
35 457 29155
68 278 31401
296 371 41000
614 707 71344
548 630 12806
58 75 11000
719 743 28653
104 339 42579
307 478 15000
135 628 71400
422 702 58249
135 397 20616
353 605 39217
243 470 65069
35 625 16643
170 741 13038
200 655 46174
68 358 45880
447 677 23409
164 432 38484
331 513 42544
606 664 27166
18 466 23770
205 509 50040
138 616 30676
176 579 35468
490 732 20025
235 561 21954
41 468 37216
81 349 17889
483 589 30017
4 17 41049
665 739 18111
194 724 29732
166 567 27785
99 502 39812
12 437 31780
118 193 34205
352 603 32757
619 629 36125
512 684 23022
126 373 29120
610 636 52393
266 360 30017
130 347 61465
338 491 34132
112 764 60033
425 563 60166
151 675 22361
542 644 40804
430 774 19105
305 739 38288
88 615 49163
234 752 24083
125 460 45188
107 716 32558
34 617 86833
401 746 44777
380 624 43600
225 497 21954
18 275 75710
494 596 14560
118 211 53712
542 609 41593
40 633 41231
108 301 31048
173 458 37577
182 434 27203
452 706 30806
94 243 18868
18 556 60308
190 535 18028
80 175 13454
153 528 13342
244 664 57201
203 502 11180
71 171 22825
270 708 51157
257 494 39812
163 579 62169
672 737 21587
230 513 25612
29 54 28443
391 556 23770
379 563 51078
557 570 46690
160 341 69340
115 686 48301
652 769 25239
24 620 72201
178 743 57070
238 435 28284
308 557 16971
43 756 26926
468 653 37162
377 681 34928
214 714 54708
243 532 53712
270 412 29069
91 139 55109
445 654 72139
103 297 36620
153 158 36359
537 702 40608
85 767 48374
547 623 64140
642 683 44181
91 585 20248
649 706 26249
464 687 36770
104 362 193871
456 754 31780
564 729 64761
139 178 11000
409 671 57070
103 306 33061
292 376 44911
120 569 48083
192 639 25020
24 444 58189
152 456 45177
260 662 41617
20 604 101789
229 426 36056
145 537 38079
614 645 39661
19 63 20100
543 698 11045
169 641 29000
276 591 44822
256 615 37121
72 774 30871
303 445 29000
460 744 47854
88 338 39205
613 620 30610
724 730 30871
239 651 13601
474 734 29967
291 639 71197
300 531 28636
513 688 25554
416 435 13000
73 415 57489
733 747 25807
217 302 12649
150 330 19416
450 527 16031
566 748 26077
157 274 39000
285 384 38210
6 331 25807
80 534 11180
17 595 39357
325 729 39623
367 549 32650
280 543 22804
16 349 38949
152 427 38897
373 474 37643
599 697 32573
426 519 20248
323 440 36674
205 680 40522
509 558 14036
405 408 23854
373 492 33971
361 742 33541
65 101 31780
356 512 20025
269 507 50931
3 109 29017
626 671 38328
60 652 14866
97 471 25807
99 559 15033
425 507 58822
260 749 47634
220 741 20396
16 81 38328
288 677 71449
178 572 45453
21 722 30414
264 535 10296
358 413 34000
73 408 23537
262 383 36056
292 527 26907
111 646 36674
82 581 44294
102 284 28018
177 439 20616
87 97 75954
635 771 43829
625 674 51624
39 576 65000
89 588 55902
112 259 64444
281 607 41000
433 689 58138
283 323 57201
324 744 29275
427 493 26926
113 617 176148
504 725 34828
24 402 46690
166 475 29017
414 575 58600
15 238 27857
484 615 44045
389 673 54918
172 566 30150
653 677 44553
284 760 25710
285 654 78090
539 713 34132
288 538 17692
298 355 53759
171 600 35847
194 664 42379
610 685 43863
338 513 30083
86 91 31575
77 546 22091
49 733 31016
544 666 53535
370 446 42190
47 762 47381
70 486 66483
165 595 11045
92 104 116297
631 655 41012
195 672 34132
72 179 14318
160 754 49980
89 332 62936
150 419 32249
143 598 24331
67 660 48662
758 766 16279
536 704 59228
221 684 22361
253 306 53935
36 752 21932
335 753 24739
322 358 35014
301 433 78409
68 644 45804
368 581 36056
10 563 42802
628 705 47854
29 642 32016
65 718 36359
110 163 48662
184 493 20616
222 662 59481
511 714 22847
294 751 12207
175 351 17029
244 730 47381
20 22 49739
19 735 33422
160 212 42107
60 92 28231
640 764 16031
209 557 36069
123 227 31780
76 398 30017
162 437 29967
396 614 52345
602 661 96167
64 228 13000
587 604 46325
495 537 24042
174 391 51088
86 139 52000
186 519 42202
67 661 150950
58 631 61188
292 569 51624
249 462 67007
378 757 27000
142 640 23087
151 500 10198
342 726 28443
148 514 42012
500 501 31241
162 338 32062
286 455 30806
68 430 29120
346 442 31257
14 130 37162
130 530 30806
204 441 18868
487 558 42048
482 546 26571
421 605 43139
56 303 57315
120 472 17493
30 625 72732
594 717 39850
503 588 30676
62 188 43566
679 713 36620
156 587 20025
130 576 71868
425 623 68877
357 554 22847
605 671 44822
375 679 38601
308 684 61855
78 375 40224
146 405 78294
477 490 31145
71 142 25000
526 772 60745
93 646 34713
747 772 38833
2 45 48508
547 715 30000
65 634 32802
310 697 25942
198 570 48010
184 698 19209
108 344 42720
126 412 49244
82 484 22361
408 655 54562
428 496 19416
322 323 23854
250 664 15524
85 301 25298
128 183 58009
14 555 31828
107 390 20518
88 297 59414
604 756 49739
466 651 36235
9 364 20616
96 759 42953
415 661 169838
708 734 21024
45 169 21587
9 62 55462
358 520 30871
122 683 23259
413 461 32450
136 480 49679
554 635 10770
527 555 12083
378 720 20616
421 722 16401
379 387 32757
280 773 15652
439 693 11402
161 684 41000
315 668 43012
75 503 37802
634 721 45486
316 361 59034
392 650 38601
198 225 37577
480 717 57871
115 274 45310
414 697 47518
89 202 46043
236 539 20518
32 346 51088
583 585 34986
431 657 42720
519 550 37577
546 708 38328
93 598 33734
20 463 53460
242 748 38833
246 632 63702
344 704 43105
541 739 37121
285 589 39446
204 226 23195
395 744 10630
420 508 22561
59 582 12083
560 721 33242
446 616 12083
188 597 39000
25 630 28443
17 49 11180
93 143 42450
459 665 11705
419 586 41110
345 683 39205
126 492 31145
378 628 14866
79 471 21000
148 746 18385
276 421 28636
344 767 46615
235 619 26420
719 725 25554
50 321 36139
6 560 46065
700 707 80529
387 481 48836
34 659 24331
419 686 44922
234 675 53759
618 709 14142
255 383 23087
427 490 23770
35 48 34015
279 639 62968
364 518 30067
395 523 18974
38 276 19313
565 700 55000
429 546 57140
89 434 48765
48 745 25080
6 768 32450
275 651 73756
362 479 20396
704 725 28792
575 766 21932
622 631 80131
68 283 35468
441 476 21190
86 482 14000
389 564 43290
67 720 136605
67 83 31241
70 509 70114
337 453 35341
105 181 56303
467 589 41725
164 612 24083
31 626 27514
36 361 51245
271 339 25807
599 625 68264
600 688 18358
133 326 41773
357 771 31575
7 690 27313
222 670 43290
402 638 22091
149 367 35228
241 575 49649
62 668 32985
475 606 25080
90 164 19416
202 576 21000
469 671 42154
138 506 25000
228 638 32650
527 755 41110
429 708 53460
656 764 53600
633 740 33106
478 765 15620
154 273 12530
327 568 33734
48 674 41049
60 362 50990
400 590 43829
622 707 38328
167 623 58258
650 693 47518
253 578 13153
320 522 36797
331 643 27203
394 436 20100
383 735 37336
64 289 55227
224 394 35903
347 576 53824
108 689 19698
333 749 19000
475 601 45100
322 440 25612
190 699 62626
204 476 25080
117 594 19105
190 713 73007
126 270 32558
741 746 41437
622 712 62008
248 362 36688
110 525 34986
574 740 29833
403 557 29069
305 689 38079
368 462 79630
76 269 44654
66 113 10440
200 303 61131
553 756 33377
7 418 63702
111 180 22204
101 211 39560
229 760 30017
343 496 33838
484 608 36497
559 711 38833
110 579 35903
243 360 45222
663 682 15133
462 608 51039
217 449 32757
204 374 28320
74 198 72897
5 235 38949
40 253 37443
296 577 14142
174 579 41617
262 320 40311
383 663 47011
186 195 44553
7 447 48166
353 409 14213
233 597 50249
279 338 50804
472 555 25554
101 193 41593
168 774 54589
261 447 58000
76 763 13454
1 648 42942
215 459 29732
279 377 52393
377 761 18358
185 502 30083
240 621 29275
445 467 59908
12 640 24597
21 277 28425
46 615 32016
3 188 49406
434 530 20616
294 601 44181
305 694 28425
690 731 31953
27 710 47434
121 652 38833
177 231 22361
222 749 17804
300 458 29017
215 536 17263
673 763 19799
360 487 79000
227 657 25080
58 257 35777
476 571 27313
363 466 26926
74 506 67469
342 400 27166
65 298 33838
112 656 17000
458 556 33941
192 636 33601
127 317 17000
62 233 21954
88 404 30083
647 674 34409
173 300 17720
22 587 26173
332 564 63151
57 154 16553
384 589 42048
296 676 38210
172 262 15297
111 370 71176
237 500 19698
88 331 42755
64 93 29833
99 624 29732
80 302 26627
135 405 23022
381 399 49041
588 712 53600
508 747 40000
575 758 30232
229 570 33106
45 770 41012
92 351 81835
93 505 22361
127 624 49031
53 443 52773
52 281 37336
3 573 27295
281 753 32280
198 229 46011
102 497 28636
553 573 41725
38 317 39699
239 320 19925
634 696 38210
70 558 73246
301 344 25080
93 312 27857
179 545 38079
250 577 59908
299 342 14142
226 441 18385
592 645 31828
340 548 40200
319 358 13038
32 648 36497
450 569 50040
76 498 17464
34 443 23259
402 444 24698
347 469 52202
696 721 10050
27 111 66272
34 53 63151
301 689 24166
326 515 12649
22 156 17029
18 651 47707
211 637 47424
9 668 24083
218 507 50289
370 489 30594
42 105 42802
365 641 18111
551 718 34366
38 591 43174
166 724 50210
177 693 29069
228 598 34015
74 499 12166
316 702 55803
64 180 14866
12 681 20000
450 472 23022
262 735 16553
5 370 80523
277 740 33242
260 422 22627
183 589 36688
270 732 47202
339 351 56080
43 545 48083
432 702 64761
381 678 45607
197 713 76420
54 627 35440
463 470 41304
282 498 12530
254 649 54037
330 394 21633
196 376 35777
188 573 36056
282 736 34670
74 524 68007
415 654 15811
95 562 28601
141 252 37202
460 494 17493
327 666 10630
278 747 43738
206 621 42485
574 633 27459
245 710 33242
63 242 25962
235 616 34015
374 509 20100
4 733 32985
232 577 26683
297 615 47676
683 730 18028
526 758 49244
377 640 47297
281 325 31623
38 633 41012
312 613 41146
130 182 32558
70 694 67119
53 66 40608
295 524 22672
216 254 42521
431 637 11000
417 705 39825
183 723 67357
50 433 46487
85 488 58592
479 561 20396
13 150 18974
23 96 26401
347 409 19105
498 736 42059
263 726 10198
4 165 13928
134 213 31305
661 720 21840
227 600 35171
436 529 30265
74 362 121198
201 231 45222
352 382 52631
286 299 37216
32 226 14318
196 294 34713
190 623 45607
256 771 33971
412 590 20224
246 247 26401
11 610 55444
338 761 38949
194 606 21401
337 395 36056
570 678 50249
225 499 49578
363 651 26571
367 543 34785
665 680 38897
133 158 22023
181 369 25495
64 111 31906
418 658 33242
60 629 14318
87 132 51313
211 265 19105
106 672 36125
334 597 29530
168 587 20616
189 259 21190
7 696 50249
152 160 55902
211 431 43932
462 484 58898
101 118 41231
417 628 40792
193 634 14000
58 503 32311
98 568 15232
433 486 32016
185 386 21633
11 91 63953
376 564 34438
73 516 35355
269 411 54378
293 540 47265
147 269 46325
244 250 64537
177 201 33242
198 524 53000
113 153 56939
213 671 17720
189 208 24739
4 107 25318
564 673 52631
731 768 13153
128 510 44643
751 755 13000
277 615 44777
578 717 53075
279 761 40817
643 691 27203
159 762 81099
481 563 53413
105 268 49518
590 759 32280
257 503 24413
117 685 49000
2 653 17889
241 553 54378
588 622 72180
339 349 28320
37 690 43046
123 193 48466
287 385 48384
144 210 10198
198 760 46690
258 719 29155
167 715 34409
243 266 22000
191 514 16553
19 663 39962
582 639 56462
454 518 22825
171 437 14422
26 340 29000
164 749 35114
45 552 20000
243 433 133462
260 495 25962
123 637 36674
7 288 67119
236 713 34928
614 700 41049
483 687 29682
65 193 26683
134 671 23195
363 383 17464
345 448 31780
56 510 45100
67 757 115434
7 658 60208
503 596 25239
23 412 46615
564 569 11402
245 308 20591
372 520 36125
137 387 25020
412 492 49244
32 442 35057
11 55 51000
207 485 38833
452 515 16401
186 544 44721
27 245 19313
544 550 30414
697 703 24042
41 98 68469
252 516 38601
446 489 15620
647 697 31145
598 638 21932
374 648 14036
54 197 21378
202 622 59405
609 644 32016
209 295 23345
27 308 13601
78 236 23087
20 440 28000
390 431 57697
207 765 44598
21 574 15000
198 497 30887
312 679 16553
140 730 33615
196 218 54589
95 383 57983
121 629 48104
47 499 50090
116 186 52010
14 182 40804
152 477 37736
147 593 33377
69 459 18788
96 184 43738
342 492 38275
92 618 30000
56 183 58241
260 350 25942
341 754 41976
219 342 51400
114 200 79310
431 575 64900
704 767 44011
558 648 18111
172 748 36235
175 407 49820
55 632 54589
288 658 17889
343 350 22804
124 131 24083
370 403 37336
18 525 19105
377 639 55227
71 208 33242
84 129 38079
287 424 55758
365 653 21633
136 726 49010
210 287 24083
399 611 49204
201 453 18439
36 675 46011
680 694 48918
449 692 17889
160 311 37202
34 562 23345
275 736 47265
270 474 39000
310 575 41049
118 637 31906
214 663 22561
590 702 48836
405 661 88074
263 373 17029
25 51 41677
221 512 17493
40 306 52010
337 757 50160
178 482 53226
634 718 46325
333 723 34132
141 654 57871
218 601 27803
17 733 27514
637 657 40200
490 493 23022
73 602 28460
14 134 27295
217 534 28844
461 470 36401
702 759 61098
320 736 50912
213 676 33242
429 719 39623
24 407 48083
2 552 37216
12 71 32388
107 733 43278
239 736 45310
567 715 32062
49 259 32558
108 536 50567
119 496 24207
541 665 35014
438 562 23022
611 666 32985
112 609 40162
96 149 19313
59 103 28844
48 454 23707
115 157 33015
399 666 47043
539 627 17720
10 556 40608
122 770 11705
44 672 38601
470 532 29682
137 379 30083
174 621 37162
183 670 50636
147 425 16492
182 555 38910
393 416 37014
345 677 46872
279 582 21840
258 725 41485
690 768 36878
44 394 28320
42 95 44272
100 540 23601
268 369 38000
354 716 11402
150 586 35355
261 690 28320
478 751 17804
425 593 38601
152 773 57801
274 419 45695
423 697 49930
252 408 41976
563 623 52345
571 632 44385
457 529 26306
50 486 20000
55 205 47170
75 622 41231
319 520 21095
87 714 70036
196 601 47634
584 692 14765
78 713 39812
487 542 41012
110 443 18385
290 567 11402
55 215 13000
663 735 42755
438 443 33015
175 339 55973
81 326 61620
203 614 26571
511 650 43105
490 708 43105
554 771 42720
401 453 24166
35 529 33971
314 753 35384
580 700 28160
492 726 26306
478 601 48826
271 701 50249
592 624 18000
420 644 48021
25 155 17889
510 723 50249
418 551 28636
26 432 22361
155 396 19105
330 737 21024
586 672 13601
52 325 21401
501 742 40522
283 358 55471
311 385 85563
161 570 34015
708 732 47885
259 595 31780
583 594 64203
505 646 33541
340 700 20125
234 293 49336
297 740 24021
188 233 26306
235 248 16000
96 361 40311
355 599 23854
41 416 64537
171 513 43046
406 423 18868
14 207 36878
423 597 30414
107 772 30414
517 747 44553
227 560 43324
140 194 24187
332 434 31064
562 659 22472
82 368 54424
373 594 62008
642 715 56080
698 773 20809
250 765 35609
392 603 53263
205 459 20000
422 537 27203
282 763 21840
61 346 27459
30 599 17029
220 332 41785
399 667 18028
347 645 47000
15 653 31145
309 643 24739
636 685 31953
360 532 27459
38 480 61911
393 521 29069
286 548 26306
137 701 33971
457 738 69570
38 253 48083
2 677 42720
669 738 51614
435 641 33377
336 717 27785
185 559 32802
109 318 28018
91 685 34409
177 660 37802
410 540 29833
299 630 48508
375 710 55660
393 667 39115
542 656 30463
33 750 13454
389 566 37643
320 566 40050
136 272 42048
617 659 66603
551 658 23601
273 631 32985
254 531 25807
97 511 45100
52 741 54406
481 620 39446
555 755 47413
544 611 39217
207 555 50010
407 584 42720
423 647 39205
379 481 53235
416 512 18248
429 456 48260
161 678 57219
148 335 51430
267 346 30083
388 718 26833
209 570 26249
257 596 35511
386 614 42048
16 452 27514
690 721 41231
77 585 25080
10 425 52802
339 706 35847
57 705 18682
199 525 17029
427 773 34059
40 297 13000
149 361 29833
291 306 19849
170 746 40608
313 545 26000
170 588 33106
169 552 14213
55 204 52086
362 561 22627
6 691 19235
256 277 19105
71 437 12042
246 442 44147
210 754 36688
468 677 64885
122 345 33615
681 761 34655
23 732 40249
388 669 35000
143 312 39319
456 477 61000
51 386 48332
208 600 61685
113 133 78772
388 738 42297
57 58 60440
353 380 40719
608 615 29120
251 423 28160
196 398 38053
212 727 10440
273 655 46669
267 764 17205
26 548 47170
94 321 37216
100 464 47011
68 223 43290
38 578 48010
394 737 32280
508 644 46098
392 693 22627
180 646 21954
261 731 31321
5 629 34000
160 727 46840
154 705 32016
335 514 50695
268 617 17692
354 431 55227
437 681 21024
166 194 26926
227 637 47802
695 774 33242
10 187 11402
95 363 54120
90 723 20248
213 626 32757
37 721 12369
517 774 23087
8 481 56613
492 590 45891
101 355 23770
373 583 41485
252 303 38079
322 463 23537
503 622 66098
145 343 30414
263 492 24739
255 363 17493
148 741 49244
422 749 54818
100 428 43278
585 685 35014
396 548 28425
149 543 42059
368 683 59666
141 415 55471
63 607 24042
138 446 34015
514 746 41000
2 345 64031
591 605 24166
165 208 25942
146 661 20518
26 580 14866
421 591 41000
519 760 32202
376 398 15232
505 679 31145
264 620 10198
400 455 15811
271 649 41881
68 508 31321
265 697 32016
315 454 13038
418 634 40804
448 462 76538
176 206 44407
62 109 83672
11 139 23770
244 577 65970
170 220 27019
643 731 39294
446 524 26249
117 585 61033
129 556 39217
662 670 33526
317 624 47170
94 266 11662
79 97 15000
350 464 40804
375 505 39446
143 444 32016
127 711 11402
224 327 50931
438 525 32249
149 184 44407
31 722 17464
486 694 14318
159 186 65765
191 335 56036
337 417 30887
349 706 38328
59 291 30806
158 254 82855
24 692 44911
208 595 17692
90 612 35000
39 530 18788
368 730 60539
29 197 11402
413 532 35114
238 365 16553
674 745 32062
43 313 32558
217 709 25000
30 669 53451
173 379 30594
162 761 31575
627 770 48270
120 182 23854
248 561 19647
144 754 33015
149 742 34713
97 132 51225
108 541 19235
210 456 28425
375 713 44011
597 668 54083
487 644 62201
214 682 22361
168 179 45541
202 712 38626
13 529 37483
114 631 88837
66 176 31321
305 541 46690
61 247 40112
217 769 36770
336 636 45706
1 346 56089
368 448 14318
382 603 23345
302 534 23324
521 684 28284
124 256 21000
121 289 38833
304 539 14036
243 463 106301
356 521 13000
85 433 100419
78 169 35468
267 640 16155
299 455 12166
328 382 21190
18 199 27074
125 401 64637
236 304 14000
424 488 18385
280 549 30265
610 632 46872
160 773 45891
131 232 53038
106 195 22136
98 551 50448
253 633 22672
457 669 73430
172 735 14422
390 772 13038
398 673 22804
502 592 28018
43 168 44721
397 408 49092
72 168 43829
523 705 28071
285 467 11180
88 513 53235
205 374 51264
74 446 62482
162 230 10630
452 649 42048
216 533 46141
163 391 16279
51 559 34986
32 571 22804
504 767 18358
62 604 157305
481 623 40706
269 498 35228
450 555 23259
314 693 47854
1 656 19026
339 407 35114
392 660 27203
449 638 35847
165 716 10630
527 751 34015
329 336 10817
286 702 49041
258 456 23770
83 359 30150
112 542 20224
625 647 54708
25 219 43863
507 547 25962
176 621 14318
647 703 24413
444 638 15033
136 373 57306
147 507 60033
33 78 40249
69 536 19723
6 688 40311
255 320 28460
565 723 47297
145 495 32802
6 513 44944
43 587 48010
23 270 56569
83 660 42521
323 358 19209
309 691 10198
289 629 42544
169 304 36401
232 357 42154
222 260 54424
347 671 58549
187 458 14318
57 523 36674
134 469 24839
56 200 39825
151 742 12083
298 718 23854
298 669 11402
362 506 54083
361 675 16279
572 743 53339
575 697 50990
249 447 20518
47 225 38275
143 620 40719
23 759 32650
421 626 30083
13 518 45310
425 547 63388
44 737 29732
459 541 33242
272 711 46325
24 701 13416
89 712 12166
248 616 37162
597 745 40497
438 466 40817
35 518 54406
13 419 34059
8 620 71868
244 554 41725
218 290 42012
84 556 26907
53 176 23537
317 591 25612
216 240 29682
183 333 67941
497 760 29833
370 616 49336
114 510 47518
185 614 34000
228 289 60407
114 707 29017
69 215 21190
129 300 18868
231 337 67052
33 684 32450
534 584 13601
247 639 10198
224 436 43278
646 710 11000
170 494 19698
197 627 43139
331 404 20616
328 392 39051
560 768 41437
210 341 20881
186 284 44598
489 524 11180
298 388 33838
694 739 47096
327 667 56719
200 252 60308
642 730 38949
134 207 20025
415 516 39051
364 686 69318
367 501 54129
307 765 22204
432 548 40311
496 752 10440
276 574 39962
691 731 25060
334 406 16155
12 142 23324
346 656 61774
218 269 22825
85 344 20518
19 242 26420
33 245 64475
229 519 41593
57 324 42107
414 573 43324
538 551 47518
158 206 54203
354 600 56613
241 573 61400
40 103 31048
206 216 77492
205 215 41037
238 641 28178
239 255 23259
670 687 28636
191 693 38601
276 633 37643
79 603 27203
194 244 32558
19 714 29069
362 499 133360
536 728 53535
95 438 22804
526 695 21932
409 605 36878
287 488 55543
324 523 21024
695 747 55000
2 641 31305
89 220 59304
235 370 67209
11 632 26173
322 461 13601
17 259 24597
259 764 52811
70 94 51078
71 189 30017
449 584 23537
16 515 23022
217 584 31385
376 569 28284
76 282 18601
485 765 38328
262 566 29547
673 736 57940
88 491 24166
284 519 25020
224 544 20518
169 236 34015
51 711 50636
211 575 45541
80 407 42953
567 601 45651
352 451 73007
142 189 24207
200 510 46043
501 727 84646
371 577 42297
500 675 27785
401 514 13038
224 666 52431
565 580 52345
61 246 30000
229 678 42059
704 728 21401
405 602 10817
26 164 30017
252 655 32388
187 563 37014
725 728 25080
230 338 25632
462 731 31401
221 435 25060
401 460 57271
359 660 35057
167 699 25060
395 417 24207
154 397 31401
158 515 33287
208 259 31064
440 463 25962
3 62 77233
536 541 37216
30 298 54231
426 678 35000
322 413 34670
70 266 50804
126 474 21378
766 772 42048
383 682 41437
381 611 11314
41 238 47011
510 565 24698
116 159 27857
278 517 15033
418 718 30414
223 644 32558
93 180 34713
10 275 37336
306 717 40804
65 355 42720
47 159 118600
123 721 57428
100 119 30067
477 708 29732
442 571 23345
7 473 44721
282 673 35903
552 641 20125
280 698 19235
207 755 49649
572 725 28018
49 112 55109
572 728 12083
360 372 49041
46 643 23707
28 364 30529
455 702 54571
330 529 29732
680 739 30676
135 705 65513
407 701 45651
607 753 20125
59 279 31064
31 131 49820
684 750 31906
454 745 13601
442 632 57000
295 370 34482
150 529 33242
311 341 76942
366 451 117085
121 449 56939
152 754 28160
204 205 45804
501 549 55172
433 694 32650
238 416 38588
1 542 41110
192 247 29155
523 744 16401
62 318 108757
167 547 10770
346 764 43046
502 624 32757
106 544 31064
69 541 24413
307 475 26249
435 750 37121
546 583 41725
231 757 92195
15 365 33377
755 765 13038
39 130 19849
202 707 43105
281 748 41437
145 350 28018
422 432 69778
170 596 22804
16 326 32280
436 738 59464
314 650 14560
364 454 29069
144 341 12806
356 684 21190
222 333 12083
41 568 65788
103 491 46957
95 682 55036
98 538 72422
264 613 23770
48 518 32573
136 594 31385
662 687 25612
161 308 45354
2 770 59641
223 348 21932
92 652 15033
221 416 15000
124 277 26870
517 695 26000
207 213 27659
317 380 17205
479 629 26249
663 714 47265
390 766 42450
51 219 12530
67 177 45486
70 487 77104
72 695 10770
60 479 36770
111 710 42638
33 375 41110
250 371 25612
79 511 48466
526 545 34234
283 774 12042
258 504 42048
150 737 31765
216 531 47518
28 686 46271
600 657 46690
293 501 130752
55 139 63906
250 307 25710
220 729 39850
89 530 34132
87 214 31016
120 434 29069
13 35 49041
191 201 15232
255 262 37054
95 659 40853
8 137 30463
42 181 48847
135 154 45354
43 553 37802
119 234 45398
106 186 39560
81 133 103392
650 753 43909
124 232 55543
59 306 27803
86 178 48836
399 678 29069
84 533 39205
163 174 55543
105 617 52393
113 528 44407
265 599 30594
304 627 20125
502 614 27074
103 279 42202
368 484 68600
84 391 12369
179 313 30887
398 763 21541
691 768 24021
169 435 47381
102 225 41110
213 485 38328
379 531 36139
141 303 19849
211 310 19416
247 267 67897
82 771 21633
287 504 33242
30 355 12369
10 593 34785
51 272 39825
550 611 28792
219 299 55154
198 295 39000
316 537 40311
287 341 39294
171 230 32450
115 419 35000
474 583 36688
509 680 53759
81 104 33541
173 563 31064
311 424 120104
99 127 39699
410 483 23409
420 747 30676
340 396 22804
484 771 36770
40 740 27785
493 732 14036
25 299 57009
146 378 23345
157 159 68007
312 505 18868
295 403 15524
141 516 33734
576 707 46615
265 355 31064
561 619 24331
395 705 37577
212 311 27731
428 464 38949
353 592 19313
248 506 23601
400 492 29614
27 370 35014
369 617 52393
127 559 31016
465 758 13601
142 764 30000
161 521 22825
87 181 11180
158 216 79756
188 334 19105
411 736 42720
613 679 44102
197 539 53712
163 199 14765
329 594 16155
124 771 23345
83 451 40522
13 28 46011
286 630 20000
291 582 39357
430 517 15620
306 578 51088
237 501 28636
626 676 16000
522 566 32650
302 709 16279
120 450 35777
97 714 43267
46 88 41012
316 759 33242
118 123 25632
629 652 25962
408 516 41037
439 660 25179
173 187 40112
41 667 46011
27 557 23345
586 737 10440
145 361 60745
574 722 36056
96 316 44944
433 488 157433
48 625 29155
99 185 21954
117 636 48415
208 716 31401
424 433 175206
146 628 36249
247 377 53235
79 650 54120
286 432 55471
19 172 37590
511 607 32140
2 122 63640
5 289 22847
34 66 94895
135 146 72691
273 397 25710
690 696 43829
55 536 26627
733 772 47011
90 333 31385
407 692 44147
325 389 61984
37 560 23324
124 357 38910
107 431 55172
56 445 64560
560 688 59203
52 148 21378
232 676 28636
300 533 19416
42 214 23345
254 452 71218
457 625 39560
334 573 26627
26 612 13153
256 484 38079
625 703 61522
429 477 43932
444 598 16031
109 756 32558
607 650 49406
258 287 16155
275 593 16492
274 672 12207
191 401 17088
155 548 20224
483 670 43966
201 401 23409
190 481 47000
162 171 31401
137 531 46615
422 495 12728
241 758 34655
406 573 34000
386 396 34234
581 635 16643
166 715 50990
281 389 56727
129 458 17029
234 237 55227
636 639 53000
100 410 39051
195 274 36878
479 619 25612
49 609 28844
244 635 38588
113 206 36797
4 595 20000
36 234 38639
77 86 27019
1 558 52345
73 661 115004
429 482 46141
123 560 38013
117 336 23087
143 613 13153
249 677 37483
105 659 23087
255 651 20591
720 757 44922
175 709 35000
137 271 60671
464 662 14142
54 642 25179
181 268 25495
84 174 45000
38 711 42579
296 485 41976
535 613 27000
151 361 27586
219 272 36892
380 591 10198
280 367 29155
63 714 25000
478 755 11045
288 468 26926
245 684 67007
683 770 32558
166 601 52839
393 512 22825
70 680 48104
39 202 55027
110 438 34059
242 607 25298
274 586 21024
432 749 54129
381 426 28018
376 673 34409
319 413 29833
418 696 52469
2 365 26306
140 724 19416
318 604 48549
110 199 41304
97 352 34205
370 524 29682
315 597 47802
5 111 50695
384 483 24352
161 557 39408
171 208 45607
651 736 53759
68 520 30529
77 482 29967
278 430 11402
121 638 67030
226 374 22091
166 606 10817
257 324 21213
568 667 67417
31 232 35847
343 428 21587
237 675 35777
8 701 11402
197 699 42000
522 673 30806
420 733 34015
155 386 35341
217 618 30414
29 167 48765
307 664 29698
93 228 30610
485 676 47011
206 240 63781
507 715 31780
158 452 31765
366 369 32757
605 626 38053
535 679 53254
623 699 54129
397 655 39812
475 664 13601
56 128 15133
147 411 23259
351 618 54781
509 648 22472
441 571 18682
318 756 23345
70 321 46239
32 441 19000
158 528 46690
461 463 16155
92 769 20025
443 579 42953
288 551 35511
25 386 28018
267 377 52154
84 216 56321
244 581 42426
66 617 167108
100 687 48104
191 314 56321
406 414 31953
357 577 25554
348 520 32388
384 540 49649
95 105 40792
136 219 59439
352 471 13416
386 559 40497
30 457 81394
220 588 32280
206 528 11045
77 583 28862
172 242 32573
15 41 33615
119 293 21095
7 261 46690
328 451 21095
431 766 65000
384 410 33541
91 610 50160
79 392 61327
327 738 44822
505 710 37121
241 414 51000
366 617 79158
117 329 18385
223 487 62169
78 750 38897
260 464 37363
189 764 43105
57 273 27659
294 478 24331
319 372 29155
545 553 49649
241 465 23707
504 704 32000
102 762 17889
642 724 32558
4 716 20224
275 556 46098
467 654 67476
251 674 12083
21 31 40497
125 395 13153
156 604 40311
192 246 27659
152 490 44385
9 315 29155
372 532 39408
168 283 59775
186 550 26926
427 698 26627
460 746 38013
182 472 22561
536 572 56569
109 553 38184
155 630 17692
588 596 25298
287 767 41785
480 711 40522
758 772 47127
36 496 25495
315 745 15000
22 168 41110
385 424 35777
343 464 39051
37 768 32202
292 751 33838
184 543 13601
315 364 23770
74 138 43324
58 324 35355
245 375 63789
279 491 37736
443 562 26306
560 600 57689
393 678 54203
129 533 15000
535 713 65000
393 399 45177
52 753 51108
200 631 52479
291 717 37483
411 498 51865
290 715 31780
22 323 78772
565 612 49497
565 184
304 489
274 108
438 221
85 639
438 357
358 410
232 749
173 164
354 775
690 238
521 275
150 255
575 637
273 452
179 854
472 198
407 854
535 876
430 11
541 486
387 36
853 384
215 740
730 508
791 553
140 560
149 209
346 613
282 271
555 524
609 200
217 541
392 935
199 257
929 460
385 356
602 488
624 665
557 421
244 435
473 915
330 83
139 329
297 537
472 409
10 463
198 223
477 188
671 41
694 487
616 808
330 923
341 585
690 187
840 641
781 771
734 733
581 367
66 683
599 254
197 114
555 878
161 643
309 314
298 948
713 937
464 106
702 155
619 75
489 270
394 114
899 761
15 525
734 722
468 731
733 322
253 559
587 938
142 756
142 844
459 479
693 961
343 835
787 126
732 295
497 950
501 380
650 685
821 587
701 301
77 709
190 636
599 28
431 901
877 395
572 938
236 367
677 532
963 528
316 283
59 437
565 391
127 814
439 941
111 342
413 217
733 126
273 79
375 897
134 626
531 177
288 951
748 645
81 257
65 338
673 370
356 293
961 498
574 696
114 686
349 534
380 302
500 487
729 807
765 382
647 506
838 626
324 802
609 652
524 485
540 978
219 913
571 610
840 775
687 418
244 777
29 566
712 247
414 571
897 693
509 255
221 665
854 225
893 468
830 847
392 731
637 812
895 388
144 273
934 392
847 285
239 922
796 764
746 516
370 35
62 284
220 891
39 348
902 275
159 505
503 309
367 849
817 568
443 234
433 618
359 660
374 75
276 532
661 765
478 290
517 843
303 775
316 871
132 765
307 918
688 899
723 247
381 120
156 629
492 960
587 676
896 625
869 352
696 543
97 379
343 778
234 137
490 240
278 669
670 860
623 305
335 320
426 592
90 335
496 694
337 606
80 492
380 856
821 676
684 866
676 647
687 582
638 184
665 147
263 924
551 609
466 246
111 511
844 223
330 246
944 278
557 582
496 919
695 175
289 851
131 722
442 686
700 476
644 744
221 510
861 570
507 101
152 345
46 476
615 187
411 295
166 655
114 461
496 317
710 903
522 538
208 133
967 453
59 610
275 566
962 398
263 478
455 817
305 876
329 152
548 853
589 12
432 560
158 567
617 278
596 294
43 610
377 472
481 602
237 189
867 715
588 442
261 819
465 838
500 466
718 765
820 222
483 220
880 519
404 418
502 840
738 407
256 672
311 248
589 34
547 247
473 977
431 706
797 376
184 786
669 456
802 753
98 299
391 780
584 495
519 468
439 125
555 350
900 334
581 821
457 746
431 93
82 421
965 634
770 487
826 207
291 414
106 648
416 653
611 374
521 682
982 500
503 660
95 528
510 546
544 421
277 325
751 455
308 792
763 118
127 734
882 680
289 566
708 89
598 389
487 627
148 549
445 374
314 235
932 253
216 626
354 105
616 876
188 189
861 437
632 514
289 56
488 69
474 811
636 32
478 27
465 47
739 768
599 795
188 885
189 380
652 951
660 383
148 292
459 372
605 729
850 575
248 150
614 858
651 377
730 839
505 341
169 807
762 553
864 217
741 445
914 490
773 141
366 505
576 239
632 595
522 85
150 828
892 496
121 778
581 971
639 565
428 250
294 274
192 494
483 522
477 62
663 964
563 49
914 411
32 645
456 853
165 183
278 485
539 994
915 359
408 498
511 977
105 561
501 586
517 66
737 390
617 165
220 582
512 726
543 299
807 843
273 769
622 528
142 404
632 958
472 860
969 596
872 192
714 531
245 752
266 357
538 784
398 203
355 838
643 913
201 475
160 310
742 805
748 535
827 759
498 732
180 435
768 442
676 844
183 706
110 524
472 388
863 776
254 165
181 774
876 756
630 576
954 566
402 752
810 402
507 46
284 176
943 724
230 498
757 824
311 367
116 257
460 158
572 521
864 503
264 181
856 160
376 727
126 427
859 322
935 495
786 272
436 114
373 255
801 533
715 56
603 698
243 498
180 312
490 282
409 895
668 904
458 11
628 200
607 235
382 914
196 685
902 659
63 565
362 458
395 492
163 715
542 680
654 972
205 863
698 854
187 202
763 457
826 245
202 286
337 791
685 147
688 788
489 19
418 419
483 4
916 529
350 163
430 860
960 644
281 439
590 626
524 9
587 959
565 681
350 454
761 361
462 619
648 207
815 305
499 636
52 649
655 456
278 716
746 295
946 588
463 457
519 587
683 57
563 128
839 153
75 555
836 328
523 370
762 413
849 347
679 773
873 494
946 479
65 465
451 735
13 513
944 390
968 370
685 571
704 745
802 184
200 616
29 591
394 671
455 136
615 145
795 638
569 893
212 495
476 333
663 845
192 873
904 726
424 124
167 213
107 420
490 90
179 494
499 784
748 787
80 545
393 867
378 133
541 664
252 925
176 282
616 682
282 804
540 34
312 811
147 746
261 663
712 172
856 477
278 426
290 580
977 547
716 135
534 157
882 348
137 359
344 129
755 320
369 664
766 513
930 330
123 386
285 379
285 521
300 106
462 531
552 659
361 815
136 537
601 146
676 517
397 336
48 629
408 918
320 749
543 741
786 615
514 813
419 642
222 373
540 730
128 491
623 218
752 212
270 135
550 474
337 201
676 626
496 544
601 440
340 905
780 563
438 518
576 356
726 350
158 738
708 320
119 298
369 55
675 735
931 614
807 422
612 530
657 572
387 764
675 389
454 233
683 759
234 176
197 669
281 254
445 304
459 664
872 770
609 954
330 30
602 552
439 609
572 861
469 421
493 164
655 281
150 396
793 566
234 663
712 573
497 429
58 576
460 989
101 727
72 633
258 682
301 905
724 682
314 697
657 554
213 248
564 550
307 575
797 832
69 669
758 503
794 721
664 235
573 459
335 334
452 527
643 332
373 266
181 684
598 304
532 253
276 503
366 588
451 398
501 133
679 595
167 610
260 220
603 164
207 821
612 890
447 828
76 694
296 473
952 711
835 720
546 185
413 270
299 398
416 939
665 929
844 862
914 543
501 897
466 606
681 136
182 388
198 436
189 146
266 322
904 575
574 587
108 306
492 754
232 200
930 414
548 550
340 466
154 448
231 619
654 108
509 291
486 899
370 544
199 514
673 321
103 214
930 563
454 320
741 108
383 399
435 376
171 731
659 897
686 71
398 124
363 360
291 223
881 337
337 648
753 571
221 752
816 470
274 240
770 184
776 789
187 838
719 644
793 325
111 737
167 599
644 495
662 683
261 598
548 902
387 640
435 241
637 401
290 345
793 233
823 856
373 359
562 508
832 604
398 582
780 211
736 417
947 288
757 201
606 756
385 554
413 388
835 348
446 189
774 334
509 855
438 775
129 301
224 352
683 118
543 445
648 764
929 381
779 258
735 797
200 198
654 805
431 168
540 815
850 556
226 531
510 650
949 469
590 852
855 258
510 637
305 73
780 843
354 176
838 413
88 446
534 315
43 429
478 740
533 237
509 624
357 192
811 168
411 375
97 708
338 538
477 491
399 190
893 320
422 101
