629 1641 29 109
57 302 64351
32 292 32696
220 302 22136
432 558 73736
214 539 27019
46 590 39925
290 582 32757
358 413 38013
17 55 28844
476 518 27659
47 590 38053
51 137 40200
9 516 35228
504 607 39000
48 480 41773
302 350 51196
597 629 46819
439 509 17720
241 437 53814
352 411 25495
536 591 39051
66 203 42544
211 460 38275
36 277 29411
64 611 35057
140 541 54037
37 241 72062
257 436 41231
54 281 29206
103 555 37643
294 403 19647
40 112 30414
30 186 36892
225 566 19416
126 552 37736
434 583 82377
150 242 37443
58 491 57428
197 574 40200
67 221 26683
467 572 76896
356 536 54120
334 619 75928
19 147 14036
230 464 66129
162 315 30364
282 351 31828
78 209 22825
280 598 73817
512 601 68154
119 452 44045
26 294 33242
273 275 49497
365 578 77233
46 47 45277
60 359 26249
84 128 25298
48 88 46519
305 521 60407
117 619 30017
197 629 25080
270 477 58523
303 550 37643
179 579 54083
391 478 40853
313 450 17720
99 621 52154
36 39 72007
62 541 70880
158 299 50000
404 462 12530
41 66 30806
152 352 57315
253 395 30414
49 281 34540
367 420 53075
52 592 61205
55 78 72173
1 310 21213
286 570 46648
344 376 10050
410 447 29017
164 606 37202
210 215 29547
214 284 56648
52 362 40311
306 488 26476
218 400 139714
22 436 27586
320 356 39294
27 129 49041
113 391 70214
177 546 37590
52 407 52393
67 477 50695
363 443 51662
368 465 38118
77 436 61814
76 411 50120
160 328 29411
181 228 54083
30 140 46400
284 438 63063
51 136 25080
321 535 47381
319 323 21401
277 425 62370
76 362 57801
242 349 44147
378 470 29967
59 197 32249
140 230 36674
59 599 42107
344 594 18682
183 287 63127
311 434 49092
424 591 21260
292 302 13601
299 533 63151
274 325 34655
67 329 48508
308 501 39962
551 612 15264
473 580 22847
112 118 52240
318 552 46390
97 196 24166
179 185 24021
412 524 10296
172 195 37643
64 160 40162
21 352 32249
46 358 32016
192 608 12083
183 520 27893
264 553 33838
39 224 43600
568 573 27019
232 493 64622
372 413 36249
472 575 49244
33 286 20100
90 538 22023
286 452 31780
251 297 14318
408 481 41183
421 478 48847
189 551 55036
309 579 30480
10 520 71063
461 553 44721
382 569 47127
289 549 22825
50 564 36878
89 226 58258
384 415 29206
158 533 61057
161 577 25495
359 385 29000
217 529 45453
66 543 35847
126 280 43932
174 437 48000
369 494 56303
156 219 51923
121 193 10050
155 199 67742
567 593 33242
12 258 25612
40 481 44654
27 69 44688
75 204 55579
350 599 31828
243 255 47434
241 395 11314
280 460 50359
34 153 33287
23 366 37590
164 432 35693
128 390 34015
182 258 40497
190 387 22023
419 541 83451
512 556 42059
116 203 37483
410 560 77621
133 603 17000
134 325 32140
201 470 54745
41 607 50329
572 616 33242
296 345 22561
20 539 31145
40 118 49679
43 408 25962
465 540 55362
124 137 55036
251 621 21260
211 318 49729
204 310 92201
101 434 56824
133 497 44045
313 353 43324
466 628 38118
216 512 52154
73 85 20616
33 149 15620
426 429 24698
134 621 49649
218 627 111221
243 329 61855
358 495 37216
25 141 26077
120 386 75611
8 61 76896
389 427 31828
114 625 15524
329 477 65307
142 497 42720
126 365 70385
311 583 66121
205 509 38275
170 171 46174
39 285 50010
281 497 42438
146 456 41183
410 438 31145
182 247 22825
159 324 38833
309 449 96519
135 166 20518
168 226 29155
152 393 24207
86 101 16553
168 393 46861
127 421 41437
19 504 35805
76 534 36770
236 471 49649
309 628 45967
541 588 74216
10 287 69635
161 330 76792
247 289 16763
121 616 38118
66 378 80604
233 467 84481
12 194 19698
314 553 25942
97 489 37121
100 295 25080
229 530 23022
115 233 13454
62 459 57315
77 495 45793
341 472 74216
236 278 23770
32 557 19026
155 375 18000
47 93 43932
17 78 59135
59 205 53235
82 204 30000
251 483 41231
83 156 26476
63 425 35355
135 303 15232
5 481 49497
264 291 65391
77 275 44294
321 475 37802
461 502 49820
187 401 31257
211 227 37014
584 594 44102
49 374 39925
45 240 65123
175 204 86371
148 343 12649
73 547 16125
153 218 64846
21 359 33941
202 379 32757
5 232 49396
244 394 24187
131 443 63127
112 621 29155
516 547 67052
208 501 27019
399 549 36056
92 116 15133
276 513 29069
228 463 54120
29 49 37202
400 501 47518
77 81 63977
104 386 55036
397 413 30364
367 490 16763
327 519 25179
439 527 28178
164 219 56921
577 604 31623
365 387 62968
144 315 23000
171 256 29206
80 379 25000
150 186 28071
48 310 58009
291 476 21024
103 418 26173
591 614 34366
358 397 40608
219 432 49980
261 525 11314
290 387 10198
300 457 16155
240 330 56639
153 333 38013
164 188 62169
6 53 24083
277 512 73007
301 468 62968
48 215 26476
59 629 29069
190 365 51478
117 334 60083
470 609 42579
212 576 10050
399 595 46840
408 419 21000
291 416 22472
324 345 13000
357 486 46098
7 105 64444
97 219 36000
49 603 35114
104 175 77524
229 383 29206
258 348 34540
53 403 50010
132 375 38897
33 559 56400
217 555 43966
98 266 37736
83 219 56294
373 429 50329
18 74 16125
169 475 37336
70 537 23022
151 562 21378
430 564 140246
135 265 15232
372 394 74000
160 430 42202
309 466 35355
457 506 34059
319 482 42720
13 325 14142
70 129 51923
61 231 48270
557 589 58873
78 489 67897
194 483 43174
439 574 21190
126 213 37855
88 563 38013
159 388 42579
188 571 23345
31 526 61587
100 592 28018
139 555 32802
419 545 28601
378 627 30887
181 415 27074
157 549 36014
139 320 38079
335 391 13601
236 609 17088
312 354 28160
208 538 39812
67 445 21190
322 577 79906
71 375 32280
373 624 23537
35 372 12806
78 266 37643
505 572 35000
425 517 48270
338 517 54120
94 592 49092
3 587 69857
152 269 25080
284 402 28018
279 620 82037
297 455 32202
26 250 39560
460 583 52802
26 594 44102
20 72 15652
158 598 55036
172 453 33971
414 613 28231
58 169 38275
245 287 58830
321 508 54708
61 521 65970
180 491 36715
172 580 38601
198 341 16031
312 584 58592
14 174 15033
48 524 27000
382 626 48052
162 226 67476
184 303 34015
300 303 16643
93 275 27586
249 577 83522
515 529 72471
187 466 33838
47 615 38079
226 516 87618
136 542 37336
303 457 20881
363 583 39115
380 463 21378
361 455 27459
216 556 41195
301 459 62968
217 320 62968
220 599 24698
71 221 57009
125 539 15652
268 454 62514
243 355 19647
288 311 41593
37 167 28792
98 586 54009
26 145 78892
383 491 40361
379 571 26627
408 485 17000
62 518 39925
414 431 12649
305 317 53759
414 600 23000
152 453 45967
71 287 96768
467 505 65115
383 539 40853
128 604 89051
145 342 12530
235 323 52000
180 265 74061
224 285 38626
90 406 29017
258 347 34015
54 374 13928
146 369 39661
201 609 57428
30 230 21587
440 613 34059
88 310 26401
365 598 59641
121 335 39357
74 204 53151
100 433 40706
22 313 24698
323 623 28071
350 629 42012
122 208 28160
366 578 49649
9 581 18248
228 396 34000
415 463 36125
201 471 65276
416 476 21932
159 582 36069
213 365 44822
272 577 75591
24 506 49010
141 206 48083
339 586 30414
11 467 34655
106 140 54120
57 176 37855
366 520 29411
386 505 46573
157 399 33121
178 504 52154
565 622 38288
184 427 49031
153 627 52202
96 340 34409
183 357 29000
205 599 47170
43 232 19698
263 371 15033
105 576 12083
271 583 65947
422 579 43324
6 145 74953
167 561 34828
379 606 21378
400 459 15232
263 524 23537
329 573 33838
278 470 36878
419 502 27166
163 183 67424
75 137 24739
275 313 47854
47 526 20248
408 588 42579
38 553 29000
99 194 52154
60 411 43046
309 422 64281
63 98 54406
44 70 25495
73 581 19647
5 444 38013
106 342 61814
214 332 18028
195 407 41231
11 540 40311
21 411 27459
326 380 23707
234 597 27857
19 510 18358
280 363 31780
368 399 22023
44 218 68066
274 369 36401
455 483 32558
115 121 61620
189 522 20248
138 437 25080
255 329 66753
344 593 15652
89 523 62434
182 451 13892
10 132 29120
238 372 69635
277 601 17464
86 564 83006
88 412 35114
332 539 23345
33 181 41000
423 526 43105
136 292 50990
237 500 52154
76 283 43174
192 344 26926
132 155 53000
392 590 22472
229 613 22627
240 386 61294
141 448 51856
163 287 63695
147 239 12083
267 390 27313
91 427 53038
326 511 76792
136 554 31113
243 544 37336
458 522 42544
60 252 26249
56 75 57009
187 628 24166
89 113 127988
280 583 28071
265 364 61855
178 510 50010
320 529 72835
20 584 53151
215 616 37643
331 403 56036
182 549 31385
131 199 44102
156 272 59034
213 346 17464
487 522 38210
146 585 16000
119 248 50090
497 603 46487
74 75 30887
482 623 45486
232 481 41881
57 589 33121
100 283 30806
475 535 64777
418 555 33615
1 223 84172
23 578 39825
481 485 36125
329 441 46098
169 432 33541
233 572 37947
80 250 51788
405 518 26907
120 595 46098
190 576 15232
95 257 40311
142 557 29069
136 220 39051
178 268 20616
421 523 14213
116 244 87235
7 345 35511
355 544 34928
274 575 22472
582 610 54009
225 349 35847
28 131 26420
211 469 28284
238 394 20616
261 360 11705
277 374 32558
94 511 59481
201 378 34828
314 341 38833
180 336 55036
399 587 50010
257 288 56303
346 552 22136
254 471 12042
145 541 25942
157 258 48600
594 624 36878
221 441 13038
84 249 68542
41 92 38275
18 205 43139
62 405 19647
320 614 42953
46 495 26833
91 276 33541
341 409 43324
14 141 53712
28 79 31401
181 286 43829
184 503 19647
244 615 150801
138 241 51662
352 534 47854
291 541 62682
15 86 28231
125 605 13601
262 478 36346
586 626 23409
331 379 42012
6 588 27295
34 333 19723
79 280 63246
62 122 43267
242 354 62968
123 514 55902
12 348 12369
194 348 29000
285 492 41049
511 592 54626
176 629 65620
250 331 59464
130 305 52631
239 276 17088
50 271 31780
381 547 33956
435 438 20248
159 576 52202
503 506 23854
61 217 53712
282 537 40162
328 498 11705
88 417 24352
44 537 44944
15 101 41195
9 85 20591
342 479 78262
208 400 21541
161 259 36125
261 295 14142
467 540 25612
299 366 25495
82 330 84119
14 233 92574
42 490 10296
404 607 60216
260 321 15133
189 487 50695
3 157 51865
472 500 186810
301 398 19105
428 471 18000
65 447 37121
288 434 20000
31 238 22361
85 547 12530
54 486 24000
63 266 35777
55 196 33242
58 440 34438
307 310 29698
10 299 53339
243 568 58009
66 201 52345
472 494 27074
401 499 41049
283 592 24042
82 175 75153
127 524 20248
247 549 16492
398 476 37202
438 447 23409
73 534 13038
76 261 22361
129 566 23345
382 528 41012
139 356 29833
134 274 23409
369 621 65391
117 316 38288
43 53 41110
470 627 28000
376 594 17720
185 253 36715
464 566 16031
300 503 33015
316 334 28636
221 375 65970
287 317 64195
254 428 13454
107 446 17720
479 584 35355
406 538 36235
246 420 61327
106 143 53151
230 406 10198
88 507 50488
364 513 42426
137 492 56939
608 624 17720
252 411 20100
27 351 36674
119 234 25554
14 467 50010
244 562 67897
269 393 39051
190 212 13601
46 392 32450
21 252 32650
110 284 23087
454 503 37947
1 473 51478
278 351 53600
164 548 29547
180 560 52010
102 421 50774
301 500 68680
40 297 45188
154 269 34986
340 396 58000
77 612 80231
369 456 59439
397 551 70576
481 502 44911
517 586 36401
484 514 62650
271 443 31623
161 618 24739
461 481 66400
375 474 39623
6 403 40460
154 516 14765
102 371 19313
50 583 59808
111 404 17205
246 249 94578
339 382 50695
416 500 66851
51 542 43829
20 383 38484
171 272 35355
238 423 65765
445 477 37483
228 370 58215
330 386 68066
72 530 24352
166 457 25000
245 317 29530
396 614 44777
191 563 12369
45 87 12207
56 82 22825
195 385 17263
28 107 23854
159 345 38328
28 443 53488
269 516 37336
115 442 23087
9 154 24597
149 452 39319
29 285 54562
317 589 51865
264 500 66408
27 402 20025
11 14 36770
487 551 76557
5 455 36892
489 558 27295
120 540 55027
31 615 114110
292 554 42521
409 500 104139
138 395 46957
195 439 70235
427 503 43932
108 193 20224
271 363 66219
19 239 21471
142 163 55973
111 462 20025
31 423 55902
176 234 48765
218 308 57871
164 426 40804
173 381 62290
41 543 52173
182 628 28425
81 495 36056
58 535 65490
190 213 50448
409 472 82735
130 317 37736
79 598 25632
166 303 21000
42 202 29411
122 459 27659
24 166 46573
219 249 79931
282 337 36125
141 167 54009
69 402 34205
446 598 28425
10 366 66219
310 417 29833
113 514 24515
45 330 46615
35 423 40000
82 259 46690
413 487 56939
89 262 29547
449 617 47096
515 614 31016
321 569 44385
459 518 60108
198 314 31575
359 453 34928
109 257 17029
223 527 34540
109 227 38949
2 163 54083
295 525 11662
170 492 42544
187 565 43909
333 627 20000
250 403 13416
315 453 41881
75 542 26401
295 433 38471
215 480 26077
227 318 40706
68 113 44822
6 294 26926
533 598 34132
427 510 19849
197 597 51740
38 237 32311
526 615 54037
212 388 17000
86 343 137873
319 623 18601
144 453 25942
20 530 30594
309 617 77318
184 300 22000
261 283 24413
4 366 18111
69 349 29069
289 628 42048
102 478 30000
85 516 54818
49 285 27659
63 532 33971
113 496 82134
110 242 36878
307 417 16125
35 238 71589
50 101 43081
525 602 34015
188 219 89471
295 602 29411
437 448 33615
28 363 20000
398 416 32573
519 597 54818
396 515 55758
155 270 39661
170 256 26926
100 511 46615
339 517 37336
600 613 11402
284 435 51624
376 593 15297
169 429 29155
320 591 53235
154 352 67897
534 581 19698
292 488 42379
236 438 41012
327 407 42942
168 516 58796
249 604 79649
305 377 15264
91 184 30083
342 541 29017
214 560 31953
339 623 33838
433 602 18028
159 323 59034
23 625 20396
396 452 46669
199 446 55946
3 348 14318
224 272 37855
249 322 39408
185 579 44407
123 484 16125
80 373 44721
224 492 49729
228 591 66000
54 277 30364
454 506 39408
16 234 49729
544 619 140064
235 319 50931
262 496 41976
165 264 47265
13 118 30676
428 504 41881
399 617 27313
162 523 39357
106 150 12530
20 593 32000
175 480 65734
480 616 37162
99 369 56321
293 361 27295
77 450 64327
348 483 38013
343 353 91236
254 504 47127
144 507 47634
253 422 38949
315 393 43463
171 207 32280
30 298 41110
207 256 19105
190 290 21932
253 579 16971
151 546 10630
14 25 33242
382 623 54708
81 397 44654
186 349 23770
267 595 82152
291 405 30871
274 494 55973
559 597 50220
291 545 82079
52 94 72801
542 599 60440
193 335 34928
326 370 30414
16 340 13416
4 23 25000
265 531 18028
220 350 44147
380 511 55000
405 476 13892
13 341 29614
105 345 54589
62 291 45967
394 562 51430
133 554 37216
17 196 21932
141 304 44102
284 354 48662
418 620 34438
422 449 86579
222 604 87092
151 394 42048
393 453 54708
54 601 20616
248 452 34886
192 431 22023
429 431 40025
278 609 16155
32 142 13892
94 384 48166
279 356 51923
81 612 46065
80 331 54129
217 568 44688
206 233 50448
546 562 28284
231 305 60836
64 131 64031
113 484 73593
343 436 33015
18 223 14036
347 565 21471
162 507 50990
145 588 72670
208 459 26683
11 174 29155
276 510 33615
78 98 56719
338 582 41617
266 532 12728
31 244 38079
128 222 91810
368 617 12530
410 513 37162
301 518 12806
402 435 36878
71 130 84504
304 437 27166
2 287 68877
140 298 51196
205 542 55082
230 501 67720
147 254 43174
87 604 12042
336 491 30480
166 531 30529
420 490 63135
341 461 52010
250 373 31016
214 312 29732
272 322 24597
102 121 33302
442 514 38897
44 308 72139
127 507 48374
15 288 43012
172 359 11402
451 565 35057
84 390 36069
462 546 34438
534 602 45618
305 589 53814
331 493 48877
116 177 27731
60 407 24331
379 548 21260
192 414 29069
117 270 72945
56 137 59076
227 311 39205
339 626 29000
506 522 50010
56 170 59682
498 564 101242
108 391 33015
235 596 36497
327 559 36401
193 391 36620
412 507 46043
231 377 61074
21 453 12806
77 95 29732
24 457 36797
23 114 19416
273 615 18028
519 574 30529
2 245 36892
535 569 23770
255 334 29206
258 565 48332
129 464 35777
53 232 53310
525 534 42379
501 538 44283
142 488 17493
175 310 72918
254 447 34928
65 254 44385
275 450 49396
563 580 33015
84 420 44654
27 278 63655
194 565 57723
145 294 80505
65 410 16492
519 559 25318
382 535 54589
245 589 38601
104 480 34828
38 314 28601
65 513 30017
456 494 65795
58 475 18028
226 523 70456
142 306 11705
59 509 35735
94 415 33302
585 622 37162
195 574 70214
250 294 30232
431 600 22472
353 615 17889
230 308 87298
520 625 33971
105 159 52697
143 541 39217
87 577 35171
284 410 79404
29 39 64078
355 619 105802
95 318 57385
73 602 40608
186 225 28460
191 580 26627
159 551 63246
119 149 23537
148 257 51478
384 511 31401
140 406 35511
361 444 10198
61 529 20125
129 351 54037
102 127 33061
95 296 67067
99 622 39217
89 496 46228
41 203 22472
19 276 29069
344 567 31623
488 497 33422
8 573 68359
326 463 15000
114 512 17000
229 414 28792
255 316 13000
388 582 24083
4 520 12207
87 161 51740
2 589 51624
49 492 57306
320 515 65215
398 500 52345
311 469 26019
228 570 18974
22 343 23854
369 585 33541
3 483 34928
232 293 66483
180 364 61847
401 466 23195
136 599 52393
456 472 91706
281 374 28443
69 110 22847
22 353 67624
177 462 22204
15 434 24698
66 627 110440
209 277 31401
267 587 68964
396 591 39395
1 307 18000
390 420 11000
281 603 28284
63 586 15133
383 530 22561
103 568 40311
264 545 57801
99 585 30414
32 302 42802
370 536 72801
141 561 41231
323 610 43417
380 415 28636
5 361 36674
314 461 29000
47 273 22023
43 588 47424
21 152 46530
9 352 63977
309 499 39205
205 223 34000
372 546 70007
279 544 101533
226 393 58873
250 624 36056
36 78 25020
106 479 28844
96 176 64815
104 505 17205
27 236 59237
307 473 35805
110 402 38419
103 620 49163
34 470 22561
276 427 44181
8 441 32140
3 420 93771
380 384 24515
195 527 75928
44 464 13928
121 210 19209
486 512 65299
74 223 29411
259 618 15000
236 435 39446
8 71 59304
235 551 58009
68 442 24187
268 546 17692
115 335 60017
13 575 26420
389 503 25239
56 204 13153
37 185 129877
17 489 28862
323 582 49578
111 178 15000
175 386 91417
29 36 29069
117 611 80654
328 443 69289
36 209 23601
531 596 63640
513 550 50606
126 598 82079
396 570 24083
388 576 25962
209 425 48703
64 328 42544
72 593 19313
246 367 24413
283 360 13454
100 360 25612
98 260 44045
260 475 47202
386 540 47927
137 170 29120
199 611 57983
202 493 43417
127 412 21260
123 561 20518
104 572 39357
324 612 30017
195 473 38949
356 424 43105
368 449 41773
83 249 43105
270 611 92704
1 204 84172
155 533 77162
232 331 74706
494 575 45100
146 200 59135
327 574 19026
56 259 46573
279 555 25020
15 343 110318
513 560 58138
568 620 62225
125 383 42450
446 533 36674
149 286 14422
333 470 16971
38 198 32202
97 432 50695
243 334 39661
517 556 44643
509 527 36056
179 499 38013
278 282 33106
239 513 29206
328 564 92612
102 193 28636
461 545 53235
200 401 83217
320 555 59008
122 538 20000
376 584 32757
162 421 38949
163 557 52498
324 551 39850
49 124 61294
200 472 135192
445 474 34132
202 331 19026
2 557 13601
162 393 33242
194 251 44944
389 454 23770
7 318 15000
454 458 42190
102 108 24352
53 331 58523
152 154 53600
169 613 45310
37 448 24515
406 501 63640
381 602 21213
59 350 28284
120 240 57567
114 216 53600
185 395 55073
33 597 45177
191 417 22825
264 461 60008
96 231 36056
23 520 27459
287 520 73682
33 94 47424
397 487 40000
196 219 50990
8 521 43738
73 381 33302
51 554 32016
220 292 32016
11 449 45122
370 463 31623
279 418 50478
205 527 23345
221 474 55444
210 616 24698
118 134 38833
110 349 42485
401 565 62968
90 122 37162
218 337 57454
471 609 52010
118 341 45277
15 148 99247
141 233 71589
25 304 24597
332 605 11180
275 495 45000
292 306 23601
70 464 34986
293 420 73389
337 537 19799
30 464 49649
98 508 32802
242 479 26173
139 279 27459
468 500 126909
29 374 21213
357 512 35114
176 350 72007
90 140 42720
178 454 55109
192 567 32140
237 409 53263
200 499 112161
339 610 38910
340 515 31953
171 492 41400
64 443 45880
237 264 52555
125 560 28601
392 413 37000
577 618 34670
417 563 23022
173 433 32016
124 133 41195
197 509 36620
167 484 54129
362 411 75505
316 477 23022
300 506 32757
108 478 16763
52 327 42202
132 299 64846
30 225 29275
200 622 58941
158 365 30529
507 563 34670
130 287 88233
214 410 84865
478 496 53339
336 531 74706
419 588 44272
424 536 22561
192 594 28284
183 625 30067
61 573 34234
490 571 29275
22 450 18439
234 248 41593
91 550 16401
488 554 42755
118 461 49406
222 267 94021
420 483 96649
228 415 57271
207 577 53235
293 444 18028
163 357 68096
227 469 25495
587 595 23345
198 409 29155
430 544 189169
184 550 38053
7 346 63789
413 423 43012
27 435 37000
216 578 42521
48 263 31828
35 413 25495
191 473 24021
95 436 54083
64 199 47170
69 129 34438
270 474 13601
188 367 28160
338 610 44598
153 337 14422
275 353 45967
24 596 55471
43 485 10630
209 532 31623
87 222 80062
116 562 31623
273 353 31064
458 506 28792
103 217 24739
386 467 60008
611 619 76236
222 240 16492
16 248 12530
106 298 14142
358 392 10770
373 608 28425
160 498 28636
391 496 42755
166 596 63891
158 578 64195
169 426 41231
508 626 26476
109 311 53235
200 456 43829
168 269 39051
223 473 86977
548 571 38013
471 543 62241
408 502 36125
173 511 26249
124 492 33422
449 465 11402
39 55 21024
490 493 31241
165 237 14142
210 263 33541
296 324 27893
258 549 38639
115 616 49092
145 479 83054
508 528 14765
172 385 29547
178 427 41049
268 372 65803
76 352 40817
19 254 49244
548 606 18682
395 422 31016
452 570 32280
539 605 18974
248 340 18028
179 200 132004
170 259 41437
112 134 33601
293 483 64257
329 568 36674
26 479 77936
24 522 11000
268 462 32450
351 537 38079
157 348 52086
157 587 38079
112 297 28160
115 572 33422
440 491 32062
165 553 21932
320 424 52631
426 432 51430
174 449 66287
48 412 33242
293 490 57723
150 349 30414
271 328 83024
231 521 81154
82 161 37216
65 147 27019
109 288 54037
430 619 49204
544 620 20616
413 458 60729
150 298 21932
83 322 28231
143 342 16125
217 573 51624
74 542 37643
53 588 29614
340 452 41400
124 554 35609
233 442 20000
219 246 92358
79 446 14318
332 560 15033
92 404 51478
173 326 101045
451 628 26926
218 537 56223
610 623 36674
99 565 43681
281 486 47885
93 273 38949
491 535 44777
404 504 34015
421 507 50922
48 175 72236
222 595 53600
70 351 32249
97 558 54231
251 455 32000
84 246 69318
486 497 60729
129 225 28000
362 592 30017
187 451 20224
199 270 76942
105 346 31305
381 433 30414
478 523 46861
62 90 39051
45 161 55946
42 493 21954
146 622 34015
526 590 37443
414 567 11662
347 451 20000
104 616 43681
175 330 59228
118 325 19000
65 239 25060
24 189 26173
528 569 21932
431 608 27731
319 596 29017
68 514 30265
20 312 14422
140 143 21587
206 442 37216
334 355 30414
371 524 24166
430 498 40112
387 578 62129
45 222 71840
234 629 54037
126 460 38910
473 527 80411
155 474 30364
458 487 14213
482 596 37483
77 296 73553
373 426 44598
176 377 48836
209 266 36139
92 177 23195
114 578 45618
180 383 45044
96 515 40262
584 593 35903
126 211 30017
148 436 31780
127 371 17493
236 447 39115
541 545 92574
293 493 32558
123 141 43463
502 545 14560
504 510 38328
79 107 13601
71 132 37216
137 542 42720
449 540 57454
182 347 23000
252 359 10296
30 566 41761
528 626 26173
214 354 13000
594 608 33734
308 400 82201
352 581 55731
120 222 51010
218 468 155756
207 272 42379
81 358 46487
283 362 20616
120 368 55172
18 542 37537
148 288 73348
216 338 33242
336 535 18111
486 601 15264
297 621 19000
228 286 54037
290 388 12042
247 628 33061
118 481 70214
101 564 68469
135 364 55227
63 517 36056
238 244 25495
7 95 60465
94 181 20100
98 489 58694
51 124 28792
60 385 13928
370 591 84172
202 490 32202
425 556 19925
120 399 60836
260 649
324 392
579 799
431 297
676 765
739 656
602 171
265 244
36 654
369 262
399 864
585 825
748 856
373 890
544 20
164 380
530 497
288 567
834 343
749 491
122 643
673 50
451 312
700 291
350 914
744 599
880 477
435 121
460 453
886 583
837 160
329 424
122 458
955 445
782 210
486 440
352 976
822 835
485 512
700 795
932 299
631 680
720 715
927 537
425 686
727 143
766 120
262 728
430 475
463 32
349 514
137 522
723 674
440 425
506 513
350 613
257 413
651 495
233 489
154 594
193 271
892 682
551 380
372 84
836 384
957 317
263 197
250 858
851 511
932 512
324 238
742 505
34 617
302 575
329 560
73 592
664 131
511 441
430 152
656 604
691 189
361 633
506 575
530 681
26 636
518 9
432 676
242 686
131 803
894 643
775 350
911 267
723 129
79 478
636 121
180 354
561 527
567 432
631 877
53 543
503 16
218 768
140 221
320 778
554 214
833 572
422 141
210 791
603 97
830 502
850 278
686 822
222 893
462 328
281 839
913 252
260 106
738 827
155 441
446 806
240 793
928 658
284 929
376 504
745 446
515 145
216 735
522 705
882 526
270 303
412 134
361 234
380 463
706 849
727 350
326 504
353 554
411 929
84 258
858 620
324 912
341 431
837 625
155 663
812 639
652 915
835 357
641 41
132 446
827 561
862 238
100 684
973 473
47 676
333 189
511 549
530 816
462 226
598 243
334 71
398 637
146 715
378 389
615 581
838 821
712 336
325 966
79 733
638 531
381 562
427 558
155 626
18 530
388 891
329 701
220 405
888 264
835 278
504 999
716 430
81 458
547 879
417 334
764 322
480 998
855 563
551 911
603 642
681 273
535 231
214 652
719 551
230 794
603 833
184 602
539 517
201 493
793 849
368 131
633 971
951 369
648 656
940 278
337 615
258 536
278 898
418 589
955 650
500 421
255 781
545 146
548 235
523 182
779 459
267 754
514 315
146 245
995 534
561 563
296 479
269 223
445 755
274 566
450 538
882 554
94 758
574 123
78 404
696 498
891 604
182 318
702 723
290 849
177 428
657 281
902 422
852 823
847 180
824 362
429 751
424 979
806 530
181 158
872 175
304 361
592 650
527 868
158 391
503 618
707 613
645 817
137 614
462 966
877 367
226 143
404 576
616 86
569 845
395 601
595 466
69 570
158 791
240 751
833 774
713 356
535 412
531 717
843 259
77 694
300 167
434 45
458 575
752 103
714 871
703 110
808 356
469 416
924 431
79 231
482 116
417 443
938 461
83 550
832 479
436 502
120 438
354 330
569 55
511 863
544 251
859 714
316 454
636 731
732 630
55 568
613 184
659 814
847 570
422 256
742 322
915 729
303 458
733 336
361 936
237 344
330 435
242 649
977 589
497 934
263 670
550 92
757 479
694 63
799 818
155 686
231 131
290 335
593 159
622 318
103 291
610 464
480 586
609 301
620 211
738 846
15 429
178 532
351 47
216 209
387 713
667 657
769 444
972 435
203 125
222 828
661 428
965 485
538 292
588 357
152 374
777 850
823 633
653 37
742 537
608 206
540 186
570 879
582 813
849 540
253 469
916 484
94 627
735 77
784 471
176 139
65 281
437 355
735 174
146 619
73 559
640 758
102 542
451 109
764 391
488 210
433 279
606 670
484 846
685 893
20 399
225 750
790 220
696 584
445 438
333 207
752 538
229 357
973 396
641 624
26 450
12 592
635 376
714 475
31 474
167 599
375 780
534 253
556 250
790 289
556 706
209 824
745 170
115 703
860 196
432 971
94 374
728 214
902 743
501 832
963 670
555 942
860 478
713 625
864 288
887 701
893 614
158 570
745 722
818 864
840 400
117 616
230 719
757 205
706 525
54 456
871 733
234 663
121 203
766 722
567 706
175 741
433 940
782 170
62 324
516 375
654 569
812 312
886 357
663 546
300 46
702 537
608 546
17 562
553 43
868 442
654 70
388 939
861 423
217 540
682 480
262 212
274 861
416 71
642 748
270 177
417 158
869 401
357 952
443 854
677 68
554 891
127 407
132 651
781 267
645 785
672 951
727 316
739 263
949 676
532 110
778 798
870 277
30 429
914 542
446 843
532 939
374 840
961 686
549 118
960 423
886 375
759 922
213 628
304 180
633 494
880 713
244 150
194 786
809 556
293 756
725 758
645 354
613 791
276 943
728 722
440 401
728 254
356 440
558 490
622 675
684 448
402 525
642 699
732 924
703 155
167 832
382 419
340 43
521 965
896 795
956 623
769 749
769 303
863 322
330 792
749 290
192 693
593 412
222 523
825 327
26 505
470 343
806 385
246 888
141 344
40 689
553 344
907 719
181 507
424 307
257 287
700 280
164 750
235 728
61 578
785 127
242 553
606 405
175 280
719 497
696 362
526 403
410 194
47 618
643 430
40 329
951 499
916 642
752 460
394 824
824 662
313 539
943 350
144 153
783 745
855 246
20 625
627 608
531 852
762 360
658 223
547 165
822 806
348 482
104 232
510 356
328 405
582 477
156 503
768 429
298 944
883 242
211 664
435 8
589 889
898 543
716 519
180 216
621 421
96 398
626 646
302 813
197 237
197 533
735 879
549 225
423 642
482 287
474 954
192 637
39 636
572 268
484 88
784 531
652 899
566 378
511 783
752 680
273 384
764 158
78 338
76 527
749 523
747 555
488 787
651 317
167 454
439 176
275 492
683 525
453 409
27 577
397 463
441 668
758 442
645 603
899 337
714 562
918 416
571 322
337 82
650 210
680 514
112 333
751 85
278 790
490 857
404 613
261 76
136 172
659 833
618 914
607 329
719 579
447 332
588 386
988 423
529 901
211 470
