553 941 17 104
149 445 42154
21 471 86279
44 311 50249
143 184 37696
226 319 34015
326 348 69405
266 527 51614
437 546 54424
198 422 94921
205 480 16553
182 432 60308
20 181 41049
409 505 56223
214 229 12000
44 470 23770
60 119 30414
115 127 53814
202 454 32802
76 292 55227
23 229 44598
215 354 31241
107 271 34713
187 375 10296
142 477 55227
203 345 49497
124 164 34015
305 469 33601
29 189 65253
87 439 36715
80 464 97417
303 463 101193
417 525 14866
185 514 35128
21 243 26907
35 297 61847
123 344 19416
3 440 47011
46 53 38601
176 239 82735
115 547 15524
215 470 15000
353 460 18974
130 545 57689
70 351 28231
220 234 61465
94 256 57219
317 493 51420
149 222 44011
199 340 25239
229 489 49193
221 356 33015
109 122 61131
17 248 60877
22 233 17263
296 378 20616
25 551 22847
361 454 37577
132 471 12166
41 52 14422
443 526 45804
113 308 17205
178 502 18868
2 183 18868
30 206 52887
182 529 45607
365 457 102357
163 244 23707
247 321 43324
98 113 90686
289 358 29682
343 407 27203
160 322 51225
90 439 66189
15 126 40804
220 244 20224
126 362 59481
219 490 67231
405 433 23537
161 206 56859
128 141 68949
65 417 34000
46 396 29069
4 533 21095
425 460 32757
332 402 67209
213 216 44407
88 258 26401
153 525 27659
27 378 78294
265 446 65192
177 194 27000
85 329 10817
416 513 14318
213 334 58600
268 421 36797
92 355 37590
448 461 14142
91 499 58600
58 176 55946
60 500 43841
201 443 41976
365 549 74000
95 377 31780
324 498 27586
71 205 44045
125 347 60415
256 321 64195
311 354 20616
92 408 49041
294 396 35440
377 517 99020
360 396 46390
403 408 15000
18 84 46615
24 513 24207
206 346 79000
235 550 31623
1 145 43278
134 231 18868
41 125 38949
155 472 17493
304 455 58669
310 436 38079
293 543 28636
384 518 44643
172 467 38471
375 551 49406
45 94 15232
365 548 26077
129 142 27857
142 456 41049
365 477 73007
287 419 52000
291 345 38079
24 481 39623
151 177 41677
172 500 23345
2 530 62801
382 542 24207
120 156 15232
304 481 30364
448 465 34670
7 321 89471
380 436 32202
154 235 19105
482 504 24352
147 220 49820
179 200 69029
324 339 38471
137 436 24042
380 522 52154
74 480 80231
172 237 16125
373 514 26401
67 384 34928
219 347 18028
299 537 72780
64 337 37802
183 536 55973
291 418 45804
221 407 45486
150 539 23854
83 319 30676
258 543 25020
379 439 54083
317 374 51010
223 300 14213
29 371 44418
356 387 55946
206 423 46530
344 521 37108
73 493 57070
9 265 52202
80 168 40447
78 460 25554
71 337 10050
219 236 24000
162 476 23345
278 442 45100
144 304 11180
131 227 10817
26 38 13342
459 538 25179
54 325 48166
137 535 28792
200 313 32696
93 494 17493
238 303 35847
20 173 74733
65 278 41012
87 544 46271
105 194 17263
66 137 63127
65 270 15524
54 385 61814
312 358 54120
340 517 13454
377 454 26926
194 393 28018
150 423 46819
37 52 28071
32 82 47707
210 530 13892
168 489 28601
275 341 33287
259 339 60208
153 270 12530
498 545 51788
169 250 37054
421 499 75432
264 550 57035
7 441 76688
12 240 58052
190 258 44294
50 277 22804
172 316 33106
36 90 24021
116 224 33015
159 553 20248
14 102 10050
161 504 19000
36 357 16492
325 385 33302
386 469 15524
474 499 27074
35 352 61741
351 383 18028
507 544 49729
145 154 20000
148 301 14213
172 323 52802
269 521 20248
333 425 56921
227 345 11402
317 362 17029
106 444 116456
218 219 66483
226 447 21541
342 348 46957
312 495 41000
257 480 64661
83 222 67912
203 332 52887
90 369 55444
188 231 47096
240 362 65947
85 484 14765
354 449 23195
285 377 89811
207 323 46325
24 112 25239
277 315 47854
268 420 26420
224 260 10630
99 521 39217
37 254 27459
244 264 63632
438 530 53852
26 534 50090
397 528 31623
85 263 27586
36 369 62266
211 510 32696
313 487 26926
83 383 70725
402 418 80623
76 432 24042
202 377 34132
90 192 37483
144 149 39357
199 424 64078
324 456 23022
294 538 54129
122 245 10198
281 519 19799
112 504 37014
39 401 26401
309 492 69260
52 534 24331
167 516 16031
165 478 42438
242 392 39850
368 412 49729
112 195 49396
1 376 15652
159 440 40311
216 532 47539
113 343 72560
81 401 47000
47 219 24759
282 496 51740
427 463 87144
186 312 55000
72 102 18028
71 480 53310
218 490 18439
100 242 28460
67 241 76551
294 459 57723
31 305 14142
265 308 59414
254 534 37014
63 253 42544
22 194 99825
31 469 38328
89 407 21190
319 429 35468
251 257 71113
3 473 36401
283 540 21190
6 363 72201
254 271 14213
96 546 39812
62 547 29833
59 305 17088
410 472 26926
10 242 65803
413 432 111803
346 531 41049
130 332 29614
69 364 57801
290 295 39408
147 326 21471
406 428 92849
246 406 35171
64 205 15620
494 524 68411
57 364 35014
61 287 58669
70 428 43324
279 338 37577
118 495 66851
491 552 47074
273 299 46615
184 364 73082
10 100 94255
285 366 24597
127 441 42485
255 341 17205
232 475 60539
84 405 29275
136 361 44944
49 228 25456
68 276 34482
61 400 41110
54 169 23854
297 352 53263
143 411 59439
225 457 40719
148 238 25807
75 126 14866
402 485 34059
7 91 62290
22 105 101020
275 353 29614
156 175 38118
64 305 17804
21 429 73171
108 400 37054
249 463 24083
179 313 100130
408 466 17205
301 350 22361
385 509 42720
99 495 65069
291 402 87098
231 538 25554
279 506 34366
284 331 82873
389 418 80056
266 455 15811
236 533 56859
371 437 57315
48 162 15264
364 437 51010
197 447 89022
78 333 49518
118 123 22472
116 497 53263
63 261 54120
42 496 53413
120 175 25632
130 189 36125
166 302 47202
4 490 65803
207 500 14318
80 274 39623
327 536 13454
156 288 49092
416 429 67417
434 510 44045
177 381 16401
230 539 23195
122 223 69893
114 216 36125
143 334 58421
160 306 15811
171 211 25080
183 530 67201
73 290 19026
221 350 35228
86 299 102078
57 437 63246
166 376 55543
83 117 42202
34 445 58138
310 406 167299
45 321 13454
241 384 56569
209 282 35384
89 387 65192
4 274 102801
104 307 75505
76 516 26926
237 467 45651
99 174 29833
1 104 41400
275 294 49820
19 546 45398
13 255 38910
167 404 22361
185 274 65054
241 399 87144
150 206 59169
228 508 23195
204 395 27659
364 411 67179
209 508 29428
155 410 19416
77 180 61555
456 477 18248
102 148 33121
138 181 29017
363 529 26000
26 392 43417
166 307 46098
475 518 38484
5 420 48662
330 523 39812
403 466 23087
390 451 60415
442 485 26926
22 116 36878
312 398 30017
59 205 26249
11 135 33971
191 374 38013
33 334 49163
66 117 19313
427 483 35511
8 13 48166
395 448 19105
147 517 156924
40 119 22804
55 75 30265
21 457 103846
14 72 21954
3 495 23195
139 339 46065
409 524 57940
107 241 74411
224 320 36249
97 252 20616
134 424 35228
40 101 61205
32 357 55036
119 198 34132
118 328 26000
446 536 18974
12 452 34986
17 471 20248
116 260 32202
88 228 22561
343 524 66851
368 513 38210
270 417 26019
339 537 16000
233 349 100125
1 550 48021
172 207 33615
81 299 73335
31 217 46530
138 413 38328
43 506 48301
169 286 42426
158 201 39661
336 398 46690
176 342 20616
233 331 90050
511 521 34000
262 512 17464
42 379 35355
295 493 39825
106 315 39850
341 425 58138
178 311 94154
191 362 49244
256 358 59615
324 477 10050
68 251 36346
453 540 19925
138 173 78409
303 426 43909
181 314 33377
8 403 19799
278 405 38897
114 213 29000
34 478 68029
67 475 22361
32 110 68447
54 372 66528
298 542 28000
206 527 20616
458 463 47011
110 435 52498
94 336 43566
103 342 21932
9 90 59666
38 133 20518
35 487 27803
21 412 28443
106 147 145231
95 199 31064
157 227 74947
58 444 18385
302 307 47170
512 542 70767
220 326 35511
103 239 76217
34 145 69311
195 482 48260
249 397 54148
330 397 24413
153 437 32000
69 171 10770
157 195 42012
239 466 71561
280 366 19416
25 109 20100
139 498 18788
93 388 11045
43 279 28460
77 486 16000
362 520 38210
483 544 31780
61 263 35384
41 392 13416
335 483 11705
92 531 37000
155 290 41593
395 432 75000
179 487 126495
72 301 21024
30 523 13892
359 428 10770
489 514 15297
200 488 46011
42 192 19416
117 447 48052
203 548 26000
53 188 66843
402 421 46615
111 195 14765
51 291 50010
243 513 29428
235 478 35735
25 334 62241
267 530 26571
277 353 46519
271 465 36222
193 346 36125
33 109 41773
323 467 36497
136 280 60638
328 511 30610
335 544 35228
74 314 49659
309 441 19416
108 473 12207
234 406 35355
384 461 36139
121 334 75505
302 462 35847
251 480 61774
261 273 204167
203 450 15232
299 453 46098
176 348 58549
205 337 37590
131 450 28160
140 547 61465
179 285 111400
193 355 17029
306 415 54120
166 445 46098
382 391 68710
15 240 47854
349 381 32280
128 355 19209
131 549 27514
372 502 39699
188 252 53712
391 512 55471
279 366 32650
28 507 53226
263 331 27514
151 298 41773
19 57 24187
66 535 61400
15 492 27203
178 472 21213
357 491 31780
273 296 29069
77 415 48094
389 421 30529
272 532 46271
385 472 62201
373 490 65734
194 497 93263
48 413 81025
68 314 89107
152 289 24597
269 421 38910
29 139 11045
27 253 50804
146 273 126827
268 485 31257
280 394 41976
322 328 10050
82 357 47802
124 552 31321
308 541 44181
184 272 44283
62 191 33287
135 438 25060
204 465 11402
10 347 46011
101 110 40012
7 524 53852
260 284 24698
210 267 18248
474 524 51971
170 518 19647
96 187 38275
132 225 11045
501 539 15133
129 468 20125
165 239 62801
5 211 29120
293 386 35228
151 393 64382
234 246 14036
179 338 74411
265 387 56569
405 417 13601
204 432 68411
19 187 51157
120 284 66008
243 368 46669
18 420 42059
15 422 34655
317 520 41110
236 490 62032
374 509 54818
2 267 53235
295 317 41593
212 322 36497
97 276 15232
133 292 58856
159 419 41304
123 495 61612
47 533 73593
186 495 60959
286 497 204167
63 273 150336
66 431 72007
197 261 36878
9 439 58181
127 309 49092
247 512 23854
161 455 15232
24 416 13000
389 426 19235
417 433 16155
84 171 27659
121 551 43278
286 393 116778
18 442 42720
16 481 38588
103 550 52355
86 375 81271
388 541 71120
352 390 24515
361 394 30150
60 316 64288
23 503 94414
248 253 24352
152 186 25495
141 430 50567
10 41 54644
390 488 57871
71 164 82710
6 133 13416
435 446 68949
281 426 29000
474 505 54342
367 451 51088
292 465 27893
89 343 15524
28 430 58856
33 245 26077
140 509 45343
325 479 35228
76 404 49659
12 503 54562
180 400 34409
81 453 28160
283 401 29428
310 522 38328
124 491 24839
114 288 45618
201 526 36222
154 478 36878
44 215 11402
14 87 15524
380 431 26173
196 414 19105
125 316 84599
162 413 84404
287 349 42953
129 378 24839
311 502 106231
182 516 39925
250 298 30887
56 225 18439
306 370 30000
364 510 63032
190 408 62129
20 276 80362
4 47 94366
163 234 21932
141 528 27459
199 315 46098
157 208 38639
38 534 48052
338 366 43012
371 546 25710
110 399 33838
327 438 32062
307 376 65192
15 75 34670
125 218 81394
11 530 55082
212 532 43417
58 425 80281
93 98 12166
149 266 52479
330 528 40050
170 384 38639
11 388 66370
27 146 27514
121 411 60671
135 541 45310
106 517 11705
223 245 66641
230 249 44011
450 549 38471
282 508 19235
412 549 21024
217 293 19026
104 264 14036
39 81 43267
175 415 31257
74 257 38079
329 486 21095
134 136 39812
190 293 19799
163 246 17029
214 489 45122
107 125 25612
166 462 42297
484 486 28601
59 480 24515
333 444 60141
434 511 39000
350 409 40792
151 287 55362
140 542 51088
216 272 61294
373 467 25000
55 127 23087
237 490 22847
111 501 20518
208 513 33302
173 451 56321
318 372 16643
180 486 51971
158 503 30017
79 449 139843
83 226 38419
51 303 96177
49 209 37577
142 537 54342
73 410 35171
253 457 49244
5 434 13601
8 239 44045
252 506 37483
164 357 22804
197 535 84812
165 466 73682
414 553 52038
29 339 52802
70 431 32757
37 125 36674
45 414 30017
422 452 51662
8 255 53085
54 250 22672
168 185 40224
223 320 91214
189 498 59203
406 522 131529
16 144 29732
40 399 77162
193 531 10770
329 484 19105
95 340 55172
62 115 27295
192 369 35228
179 488 49679
269 420 25807
335 463 102577
96 515 24083
281 499 54083
202 394 22825
370 532 12042
156 320 56321
56 457 39825
79 464 52802
105 349 24083
222 383 24042
91 524 18439
360 459 26000
150 523 38897
230 458 47634
364 525 36125
423 482 18385
496 507 34205
30 346 82620
76 167 33971
51 458 47202
385 479 42190
78 353 34886
464 503 28653
53 360 62426
440 553 33601
29 259 46400
299 468 53075
297 432 89202
128 430 47927
351 462 36401
196 336 31016
158 526 39560
238 519 22091
152 174 27166
35 529 43463
13 408 59304
170 413 88006
479 509 37216
98 494 13342
359 406 93408
410 443 89889
230 501 30806
311 449 43738
79 470 120221
427 507 50359
48 384 43600
6 100 28425
379 544 26000
88 128 55946
262 391 55082
174 499 37336
16 24 49366
56 132 11402
187 515 34132
247 262 13342
81 540 31113
225 248 42450
505 519 12207
43 367 32527
344 511 29000
382 419 66030
196 398 61074
15 210 51624
195 208 41761
20 97 83487
346 527 76655
70 359 44102
283 339 47202
214 467 34234
63 146 23707
28 88 33242
288 300 36770
49 469 37014
101 435 18028
461 476 13000
17 447 31064
363 404 21378
201 520 41976
296 468 20518
5 511 42521
318 385 46043
545 548 24042
50 294 58796
327 446 17000
212 370 41012
46 217 17029
111 150 26926
50 424 30414
91 289 54083
69 433 45804
245 300 64815
232 552 67543
55 492 62241
448 476 17804
23 80 23601
241 271 47413
39 259 53310
121 187 21024
287 381 39661
356 439 25495
88 92 20881
198 452 109604
318 472 35228
86 515 53666
386 543 14036
118 473 77795
108 160 93338
252 367 72443
82 232 12042
874 493
329 311
313 648
158 148
450 729
392 46
344 515
770 361
461 413
280 56
294 416
148 378
738 325
534 488
252 398
813 647
803 758
479 701
494 870
586 162
722 705
165 841
144 271
764 641
420 964
358 41
765 866
647 407
602 847
705 512
651 306
437 349
391 956
791 513
516 20
508 351
335 123
371 44
553 933
307 293
325 87
549 413
700 109
38 432
253 562
696 282
230 87
450 195
638 372
800 240
614 601
337 95
665 259
101 651
229 457
775 774
506 849
923 321
635 300
275 252
229 725
164 512
812 864
630 330
551 760
883 713
401 253
646 215
478 764
933 621
590 354
515 499
88 518
537 274
233 427
425 69
318 767
865 248
52 292
125 257
577 969
463 309
851 697
506 739
272 771
548 972
530 473
678 395
443 484
507 375
386 561
698 401
339 474
267 568
847 159
522 900
669 171
351 476
401 654
370 28
368 288
533 498
874 406
907 468
163 740
899 219
319 132
293 692
422 984
408 287
715 581
750 620
419 416
348 843
191 516
173 877
876 731
374 706
289 279
281 843
469 922
363 968
386 687
524 302
299 116
219 422
231 480
701 446
677 919
582 748
649 700
786 777
386 58
770 214
319 393
762 175
946 717
562 167
613 848
164 588
678 511
687 893
402 849
833 625
841 465
791 875
955 353
517 527
851 590
705 556
125 680
393 634
558 781
825 453
70 538
287 857
682 627
73 369
235 655
359 758
779 578
442 182
972 443
510 333
824 421
880 561
450 46
119 217
81 664
453 214
488 760
228 204
570 89
420 631
290 819
896 370
146 716
40 556
662 28
276 722
563 196
488 47
345 321
437 835
142 184
382 611
490 921
707 207
585 784
710 332
182 484
533 402
729 423
146 743
708 594
273 590
884 811
255 282
864 185
593 26
95 402
800 127
627 733
400 140
618 320
756 526
241 235
720 634
604 388
279 354
478 737
393 762
348 872
186 244
29 425
384 846
697 299
239 171
247 105
964 402
488 479
867 631
305 929
200 858
787 788
821 721
643 691
656 390
186 256
682 592
754 204
454 301
182 838
987 459
823 434
223 105
230 188
496 542
814 359
205 389
375 181
343 37
740 685
961 422
365 958
973 460
222 567
818 817
641 576
118 666
641 251
685 158
795 825
362 128
773 308
324 573
570 255
689 371
574 884
192 851
860 839
225 580
253 751
906 454
446 363
806 563
282 336
465 668
457 660
547 775
353 139
418 795
688 949
96 230
805 270
663 185
814 222
522 731
727 118
748 116
484 578
630 412
606 927
215 842
763 75
39 658
178 696
328 884
404 612
107 519
615 651
396 116
696 318
756 279
130 487
701 923
531 80
133 639
650 976
314 918
506 518
918 589
527 560
822 623
641 316
346 767
922 542
405 406
280 483
972 661
4 469
327 611
563 13
558 229
861 231
258 190
149 450
65 588
822 687
233 873
263 553
399 726
196 246
640 851
133 615
945 372
373 383
398 716
281 765
657 536
227 760
576 719
899 284
395 907
572 503
304 591
600 353
711 84
634 889
885 199
787 298
883 386
428 488
402 676
634 684
756 447
246 87
904 428
187 738
484 514
907 632
572 46
834 264
9 449
716 434
487 446
492 347
379 596
957 584
716 223
786 137
162 439
450 3
507 814
651 779
752 97
677 86
707 652
562 382
364 791
564 870
56 602
166 203
148 501
481 926
867 507
834 130
696 903
566 444
934 668
156 729
176 658
890 638
415 221
111 590
676 347
438 419
328 473
508 617
567 70
240 633
331 75
118 744
789 107
421 158
722 269
637 522
312 637
380 268
256 694
577 922
530 670
756 375
446 24
510 768
982 494
450 504
744 384
444 522
54 527
460 862
694 700
524 162
254 592
321 815
759 653
521 776
588 614
230 696
442 681
492 643
228 373
749 572
805 210
845 302
505 598
618 505
947 580
795 710
657 465
916 649
442 86
515 791
437 733
358 303
953 694
558 813
341 381
512 441
272 671
269 499
519 686
86 443
940 328
835 551
381 368
829 741
408 172
12 426
641 727
626 83
178 360
605 966
820 153
793 572
653 870
750 805
652 629
742 223
852 270
406 186
885 603
623 592
74 340
389 143
754 398
190 210
686 937
661 343
29 410
784 765
61 553
300 682
435 569
423 249
419 186
650 852
789 445
153 586
611 305
793 614
756 589
583 499
279 784
496 672
302 767
538 3
624 60
142 234
221 167
505 318
274 414
99 462
348 489
336 651
591 446
139 836
621 831
433 596
244 221
700 567
30 572
99 354
779 597
488 557
722 152
624 455
633 393
134 554
465 767
422 697
209 587
745 656
145 219
524 924
451 62
895 208
458 233
498 564
136 411
438 667
962 624
693 519
390 543
531 787
59 406
776 521
655 496
476 3
291 361
733 413
372 800
176 137
361 91
936 744
363 374
634 905
767 226
685 569
599 947
361 410
161 639
690 346
576 468
630 780
539 864
187 531
637 757
675 709
849 452
441 955
515 272
252 644
