557 1364 26 92
271 504 25495
345 501 93862
10 133 28862
32 310 68250
116 440 19313
275 393 32016
297 408 38275
176 395 27019
64 177 70576
308 533 62169
83 391 22472
465 502 71610
202 295 40000
194 283 27514
253 299 35511
331 414 62032
140 537 30083
91 156 26870
281 331 46141
31 166 62241
180 385 20000
166 449 88204
33 549 39115
370 378 19723
177 394 35693
241 280 32558
303 503 85000
327 444 13038
130 178 28636
68 195 37202
293 438 36346
269 345 40608
132 188 29000
134 499 20248
64 488 36125
11 108 39459
131 369 33838
392 519 25179
78 415 46098
196 531 49041
330 343 72090
485 517 31953
475 547 49820
292 552 75717
350 502 77104
84 480 48332
203 388 64537
66 510 46239
300 381 40608
234 325 57385
78 468 32016
49 157 55902
372 521 24166
4 253 12207
76 415 53009
149 267 54083
319 380 32202
58 286 60415
84 406 24839
199 336 72801
180 217 23770
71 360 20000
10 282 26683
322 362 57559
269 307 20591
168 211 36359
34 244 12166
5 162 48094
19 394 65192
80 187 32985
104 352 35847
70 535 22091
20 345 24083
125 329 23707
117 417 42190
402 415 27514
335 401 33242
210 383 50990
472 525 40447
110 316 69857
334 522 18028
85 233 61294
79 506 70937
183 241 68096
256 291 118423
375 380 64630
188 299 44385
144 261 36069
94 231 41110
314 537 61392
252 297 31016
3 118 16763
32 250 33941
235 532 45188
364 552 63789
135 386 73000
161 229 23854
315 498 24187
157 393 40311
262 268 70711
415 477 58796
3 347 68411
2 413 27893
69 139 25060
59 172 84433
114 327 30887
61 324 138062
6 346 91679
128 182 79511
37 488 35341
318 374 41049
78 480 60083
272 547 52498
451 543 31048
434 529 63695
236 369 33377
44 265 31780
278 410 41617
68 418 64382
122 224 21541
271 398 36249
354 363 52345
327 448 34205
302 351 51478
25 351 50606
258 403 38079
439 506 11402
168 379 80225
4 299 45011
87 438 50774
144 239 16279
205 418 43863
160 538 43863
77 212 44553
87 98 39560
241 518 30480
202 414 63285
384 418 90200
259 279 28018
78 402 55803
164 191 72422
21 128 23345
8 533 74686
67 90 85615
337 383 25020
247 426 55317
417 478 56365
272 333 59464
179 517 41617
271 355 29411
437 494 86035
94 333 51624
66 186 32202
174 202 70456
36 263 13000
178 285 26627
449 471 21541
51 185 31145
55 221 31145
150 432 29069
317 326 33015
280 518 20809
47 452 28636
109 255 66731
343 348 29411
129 284 37216
65 513 34205
33 304 51923
222 274 63032
145 463 16763
87 293 32757
154 241 47676
204 282 17464
469 505 46098
10 555 32894
263 440 118423
76 477 13601
236 334 51614
290 549 45310
400 444 29428
159 387 25000
168 328 89894
39 476 29411
58 276 38626
127 139 55172
153 492 54120
83 338 42450
75 290 53824
107 244 36688
266 404 55570
190 517 26926
281 543 29155
172 223 26000
173 544 27019
68 246 44777
232 301 83863
187 278 59034
29 86 65788
242 351 18028
300 362 30414
503 551 23195
13 371 27166
148 457 48083
179 434 40817
167 183 110436
284 312 18028
211 434 34713
315 382 17804
256 536 44102
413 456 42048
329 452 68029
252 427 25020
129 258 70093
164 449 16643
145 512 50488
9 48 36056
101 110 49649
277 388 25080
220 338 53000
11 538 48260
369 476 50804
43 308 32450
182 323 15524
80 178 20100
167 514 119202
120 306 23022
132 509 21932
191 556 37855
399 517 59908
25 286 41593
246 388 43658
164 341 60216
174 375 53254
187 410 30083
352 397 31401
252 529 24839
321 460 16125
200 326 53310
24 257 43046
280 436 24597
26 381 23601
136 434 68264
396 493 54342
214 218 28320
373 374 21471
314 459 29206
50 468 11000
44 339 50804
45 271 52773
6 121 32894
48 343 67897
90 96 28862
478 503 21471
208 268 28792
279 526 44385
98 258 15811
250 310 56727
11 453 35114
327 357 21587
106 436 34670
51 251 65069
45 516 55902
377 404 11402
21 182 70774
100 551 56080
206 468 65307
447 542 62298
191 283 42190
266 461 44598
53 451 27166
129 404 24207
277 333 42544
432 478 54918
13 364 38626
147 453 68949
162 377 98489
211 517 46228
117 476 68352
95 112 57983
203 239 10296
358 522 42638
42 325 57271
358 369 41340
133 520 34000
98 154 50990
44 144 25080
69 271 45607
3 214 16125
228 356 18028
407 509 25962
43 51 19849
103 347 63702
114 444 26077
378 500 45880
121 435 16279
294 373 20125
247 466 45122
226 425 38013
401 512 43863
430 433 21541
276 302 56436
79 199 57280
86 223 29682
33 553 30364
225 372 47011
457 523 149013
73 201 46043
48 540 16279
8 395 26401
118 214 12042
164 166 89828
56 127 53038
267 460 55317
86 542 19026
345 376 47011
233 443 41110
404 522 53759
121 423 32140
461 498 37216
268 463 48301
236 358 27074
40 357 26077
418 494 69289
222 263 15033
34 372 25060
438 521 30414
255 378 50249
16 329 19925
90 538 31890
70 140 48836
43 533 88204
49 103 54129
62 218 17088
127 188 55660
16 193 14866
215 525 26019
136 529 41049
76 101 40361
420 461 24698
194 264 29732
105 122 30676
405 549 41231
57 502 91000
335 371 36497
56 458 34438
63 123 17889
361 512 26173
341 515 109768
31 60 49336
120 175 36797
28 279 29411
325 546 31241
93 527 34482
139 489 27019
12 493 62032
269 516 20518
109 316 70235
120 467 33000
223 455 11402
58 394 12042
104 412 28160
458 542 28160
277 550 17464
101 477 35355
235 421 62801
328 434 87920
200 207 13601
332 519 24187
146 318 24597
443 456 39115
109 257 48104
114 183 29069
209 273 55317
97 294 52173
110 212 44385
219 535 35228
476 486 23195
75 237 42012
309 441 31780
173 545 16763
55 514 154159
296 541 38484
355 508 14142
26 386 32573
82 148 38053
37 528 33971
340 486 32249
67 160 83385
115 402 65215
139 210 26926
203 246 57559
423 435 31780
181 273 54406
83 224 31064
224 391 32527
496 540 26173
112 119 42485
384 494 96938
452 510 14000
357 444 23409
143 453 40804
73 397 25318
85 449 18682
431 539 64031
59 271 35014
127 489 42450
169 448 13000
261 476 33615
149 296 45607
113 494 22000
28 389 36359
46 284 43417
159 187 48094
274 348 12042
45 237 64070
347 547 30265
32 405 46325
156 545 43863
214 246 38013
181 386 49659
379 392 29411
41 195 53151
236 379 26401
58 177 43046
7 317 23345
79 477 28284
155 337 70228
245 315 25495
231 466 26571
243 523 83952
473 545 39051
61 163 127028
335 512 34015
140 375 38079
133 531 25080
37 484 36000
17 301 70214
158 165 19235
259 389 31016
135 138 39000
208 413 112058
301 346 37363
284 522 39962
294 382 44045
135 530 47096
221 554 33242
23 503 20616
42 546 52154
41 159 41146
64 391 63285
27 429 28284
420 434 77006
112 349 20809
255 500 58822
311 480 20591
473 497 36401
153 491 49336
115 401 15811
13 361 34409
73 352 23000
80 527 63530
325 533 64008
162 539 55866
264 469 25179
163 421 112588
66 100 47634
39 464 14142
69 445 37014
137 461 21024
115 416 34000
296 322 24698
133 423 23022
91 439 21840
192 426 38275
185 349 31780
137 420 22091
24 359 64327
230 262 29530
128 146 84024
124 466 72007
65 488 17088
157 275 15811
122 391 31145
4 201 56080
42 123 24187
44 340 22361
337 457 66212
28 259 34176
319 454 22361
216 443 51400
106 293 45100
373 382 55362
84 126 29411
179 427 39013
95 143 53413
20 30 24739
105 147 63071
19 526 41437
186 189 37483
172 178 31780
389 499 33971
92 202 62650
206 402 36497
234 273 34234
12 23 46872
35 200 12000
173 462 70264
215 524 29833
124 426 70605
233 406 49041
411 442 113296
32 38 65299
270 544 50249
359 483 50249
219 427 43105
76 402 43463
49 472 39051
150 340 75073
104 175 20616
87 258 38897
80 130 15232
219 252 50478
320 490 55027
295 331 36235
168 334 95483
5 343 77156
63 248 15652
56 69 68622
79 101 51088
40 436 29069
51 367 118343
147 509 26926
140 270 21095
64 65 46615
209 234 38053
244 372 17205
55 554 22472
19 442 114070
164 471 29614
318 342 42202
21 166 22672
215 421 59506
97 425 55946
403 521 73878
61 421 46174
238 348 44911
228 541 25000
109 481 63348
348 440 50596
306 397 39319
370 495 17493
57 350 92347
7 156 28071
60 540 56036
273 424 58523
101 316 47170
94 339 26907
44 203 36797
159 527 61131
106 518 13928
150 417 38910
47 225 12207
333 550 44283
52 53 29967
260 456 77253
174 331 49366
156 173 39560
125 514 43658
5 154 36249
136 420 41593
304 324 100265
235 524 39560
251 548 29732
197 539 32388
172 410 31575
264 365 62290
204 230 47381
271 310 35735
140 454 44922
242 321 20809
15 361 36359
117 486 61008
52 351 50249
81 189 67602
97 197 51264
8 308 61717
238 343 39825
298 548 36770
251 298 38626
313 431 25554
287 392 56321
124 475 44204
332 464 58078
84 507 45000
297 462 45310
99 396 41785
85 471 13153
332 392 15524
432 493 50488
17 530 47760
265 350 62626
129 186 61847
190 305 37014
139 445 33971
162 313 53235
71 247 21260
346 520 85802
439 545 57871
103 187 53935
47 510 34409
31 283 38601
266 498 64405
89 287 24352
77 110 43417
103 157 50448
484 528 28178
107 225 34176
259 356 40497
426 511 48754
127 354 44944
169 474 20025
30 289 33302
35 207 11705
175 412 28601
430 533 37336
25 302 27586
130 410 29206
249 500 37363
255 316 66121
368 429 45541
436 444 31257
102 184 60440
399 412 56462
42 424 38601
232 268 181025
11 363 40817
171 364 49649
2 492 34132
259 276 26173
209 433 24042
229 338 62241
257 481 34482
367 430 26249
126 166 30806
297 534 19235
289 376 39560
178 455 35384
288 528 40162
366 508 15000
53 446 12530
176 248 24413
40 293 13454
231 350 80306
82 457 14422
359 435 63151
248 419 25807
497 537 34000
148 227 48166
269 501 76059
1 132 29732
473 506 58822
412 517 51624
228 296 29120
132 407 31385
94 265 32757
360 557 35000
338 414 34655
195 246 18788
268 491 56303
40 448 20000
272 277 38910
223 542 42438
405 490 47074
319 375 47202
15 309 53226
191 341 43417
264 283 24839
116 238 13038
48 197 70711
300 450 20000
219 462 74813
39 131 31765
216 311 32802
87 106 51662
6 135 86683
314 500 21190
342 425 46690
402 416 42485
276 286 67365
27 93 29530
136 245 62370
86 455 23601
409 493 55227
41 347 73790
100 189 32140
366 458 11705
236 428 12207
112 288 45398
339 388 28636
241 330 27295
108 453 18974
59 310 42438
170 476 27203
174 281 42802
304 549 55227
475 524 19235
3 195 44721
321 370 53759
127 447 61392
239 479 23022
54 460 54037
216 456 74673
81 158 46011
130 172 21401
381 499 19698
64 286 79196
79 480 75166
427 517 38079
74 413 63506
11 354 57079
177 442 72801
381 386 26833
347 475 49659
123 248 23770
154 518 36878
38 45 40817
243 251 40000
336 506 64195
360 466 11662
92 174 65856
111 313 23324
231 333 24187
207 318 33302
45 398 33242
401 491 77130
350 409 71400
235 475 46098
119 288 25962
158 369 37014
334 379 64537
29 368 72471
265 340 30887
9 222 21190
184 411 103392
328 420 48166
89 392 56080
67 523 38079
144 170 35228
446 543 20616
391 513 34000
50 492 22561
241 400 30364
408 462 10770
296 460 68066
59 366 22804
138 530 50448
295 414 46872
285 527 44643
267 321 54626
77 335 41304
30 376 18601
456 492 47424
353 487 12649
23 329 59034
86 368 37577
383 457 59076
42 63 20616
174 380 62968
394 526 51546
7 336 62177
332 379 28071
59 250 79076
126 507 36878
362 450 46530
254 352 65115
164 283 92071
187 387 52802
120 437 64140
289 307 16125
380 485 55317
325 433 58796
459 500 41231
210 445 47297
33 75 41110
143 160 53000
77 171 37108
318 425 66611
56 447 33971
249 351 34000
173 535 44777
153 401 88459
69 504 41110
423 483 35341
252 462 55471
436 518 34525
143 484 39205
83 220 16279
60 323 34205
148 501 40162
39 369 49980
34 169 17029
137 245 48826
68 384 61620
127 132 50329
35 326 49820
182 342 36056
190 485 18439
70 544 25554
305 412 39013
133 282 29069
37 65 49041
171 292 18028
320 421 95341
114 474 62626
247 360 37577
47 521 43463
97 111 54644
109 212 22204
274 440 56436
276 279 22361
377 498 69354
418 464 50990
128 342 83678
30 345 28425
63 176 30871
20 269 30017
107 514 67417
12 329 24207
375 459 38897
4 229 35735
232 555 17889
136 297 36878
208 217 47297
314 375 33106
85 260 38118
15 441 35511
233 449 67082
407 453 64661
104 397 50488
4 368 82389
8 325 34132
224 338 29069
72 284 28601
64 220 64413
151 270 49244
55 193 85446
70 454 21190
96 538 28284
128 507 14142
220 391 33941
61 532 113217
29 299 41593
220 286 86006
433 533 51478
114 400 41110
506 545 57940
275 278 24021
170 261 30364
210 489 13601
50 216 81413
48 222 51662
60 469 39962
49 525 50329
240 463 26173
113 467 15524
321 500 43267
156 462 50636
158 476 61685
22 331 52631
46 129 53235
468 492 27203
394 442 94032
219 319 55172
10 204 34482
257 552 53488
267 370 21401
151 545 22825
219 485 35000
84 199 30414
353 492 40804
179 211 13000
149 359 12530
245 534 68411
192 536 28601
22 220 39115
156 317 17804
74 487 13892
362 541 19849
104 305 46228
111 431 12207
409 432 44911
46 186 29275
365 515 35114
32 393 35511
57 465 47885
29 188 35384
74 385 18439
103 387 65765
256 465 95005
57 291 38949
401 416 28178
437 482 67624
336 507 62290
1 152 35341
46 72 45354
142 181 41725
141 531 14765
9 36 35355
254 305 34000
357 436 15000
260 341 119269
89 412 59666
336 439 58694
256 502 79310
229 390 19416
2 353 31623
70 270 49336
142 422 37054
231 502 51884
285 455 41049
134 381 29155
79 336 92849
29 447 17464
52 286 31016
363 383 61847
144 479 30017
126 128 27857
98 162 64195
146 342 23195
218 388 39962
356 541 27313
78 206 51088
240 262 30594
427 485 28302
153 416 83241
198 501 12083
272 475 43932
76 110 46239
65 147 66851
312 358 50000
117 158 42297
148 198 33061
199 480 65031
364 423 72835
113 175 35805
196 346 66272
278 393 26306
313 315 54708
288 484 45486
28 499 42426
280 400 15297
33 289 34059
510 521 49244
340 417 70214
155 516 41049
359 552 32280
326 336 60308
6 149 73824
66 189 40050
105 152 43738
482 494 30871
20 307 16279
108 160 18111
45 69 62936
61 235 86556
165 358 41049
229 414 69921
225 514 45177
107 167 52345
255 481 53535
216 233 18111
201 397 42012
1 105 48826
117 478 66641
249 281 38275
255 537 27313
216 406 44011
406 449 89694
313 382 55317
48 274 69311
39 261 17804
147 407 23431
364 371 14213
8 411 35468
49 320 56080
72 158 59414
131 379 38471
17 142 103310
23 478 28460
24 267 21213
53 351 43046
231 360 26870
504 508 15000
37 143 50448
161 253 15652
89 494 45651
316 473 36401
54 296 40460
33 376 42720
145 441 39051
365 469 51865
6 520 41773
43 102 36401
43 411 63906
122 513 36249
302 356 40792
37 344 31623
205 261 21932
184 344 36674
48 496 21213
502 557 22023
161 299 24698
291 465 25495
520 531 14866
8 19 33971
74 353 11000
38 398 28231
136 137 25807
21 31 59397
331 543 51157
111 382 52802
249 459 34409
282 423 48466
88 549 83006
417 486 53759
11 407 62514
494 519 52697
112 185 34482
328 522 26926
67 548 62241
303 329 66910
193 221 60308
172 542 61033
55 125 113899
22 451 12207
133 141 28018
205 464 20881
26 42 43081
153 180 23259
259 362 44407
357 448 26683
415 480 40853
372 438 31000
166 283 54589
89 113 40000
256 511 37216
232 262 110318
106 154 34785
308 411 42297
242 460 25080
126 406 33377
99 554 37802
40 438 29530
306 429 58549
125 452 73335
88 490 51478
95 288 35228
28 526 33838
14 523 92574
180 487 14318
369 428 25942
81 100 62008
45 155 40000
103 275 44102
535 544 40311
381 450 32388
36 222 19209
131 428 23324
186 403 29428
421 472 47434
321 378 52924
26 181 34015
344 488 50090
105 390 33121
343 539 67683
237 516 47011
146 336 64900
46 189 31145
290 405 33242
18 347 41110
334 358 31765
210 354 33242
171 335 58830
71 511 32202
32 320 76538
184 288 35014
177 286 32573
78 216 70214
483 552 34366
116 183 81394
116 330 58523
150 265 71176
230 441 37108
170 486 25962
354 407 76694
25 52 20881
99 291 66483
243 367 189169
216 480 41231
58 526 48021
168 399 34205
213 326 59682
141 196 39962
12 221 59405
362 389 37336
354 383 65460
162 431 45486
365 505 19105
65 143 70456
161 390 17088
327 474 36056
261 464 21378
257 292 44721
14 363 45607
318 373 35355
176 546 20396
165 369 20881
151 544 11662
153 206 79712
27 437 38210
396 409 33121
89 399 27785
91 545 52173
73 202 60745
11 96 36014
452 514 67231
247 511 15133
81 117 27203
65 391 52173
62 470 25495
50 78 36359
1 188 41049
218 470 35468
326 373 77936
131 464 30806
60 496 58181
212 292 22472
475 532 55109
287 399 18358
120 482 23854
319 535 42297
24 495 11045
260 471 37363
72 189 63032
341 556 43174
249 543 47170
72 312 17000
55 99 53160
284 404 41629
303 510 19723
262 441 52811
57 99 44147
272 470 36878
174 295 49679
48 348 69893
152 188 42802
100 503 71281
326 408 65795
388 550 17088
198 345 101843
146 507 82873
1 509 13000
496 505 32388
34 438 15000
441 463 47539
145 491 32650
240 268 40200
138 301 57706
13 15 14213
82 523 157318
146 207 33136
351 543 42202
61 192 137641
417 432 54231
18 118 26249
119 184 49396
333 466 12042
6 450 99328
328 334 27313
184 442 49092
215 472 43829
142 273 25554
95 160 46519
313 377 77936
282 309 34015
35 213 20591
64 442 39661
67 298 32280
26 424 22672
153 217 16971
16 55 97949
355 366 19105
300 499 40608
56 508 36688
221 493 53339
265 339 48010
18 547 12728
5 330 31305
31 264 40804
549 553 12649
101 506 73389
421 490 114202
276 356 42720
16 125 17000
88 304 72250
230 309 30480
201 429 47297
54 302 24042
31 182 26926
26 123 33838
422 530 39000
155 445 37696
181 422 31780
395 546 25179
36 365 59414
97 374 45188
300 389 21932
84 311 34059
231 557 47043
304 345 90604
194 556 47265
408 534 29069
28 419 18248
9 505 39661
51 349 51108
426 532 60216
131 332 45651
478 551 36674
51 243 97949
426 536 13601
34 167 28460
122 390 41110
72 358 52811
227 501 23770
109 292 25020
317 408 48384
188 447 30806
255 314 62008
186 258 59464
183 440 88566
250 410 64195
200 336 26926
71 557 22472
108 538 36056
419 499 45793
167 244 25179
88 163 36878
351 460 30529
347 387 79429
22 338 66189
256 557 65765
21 126 25554
153 353 38626
170 340 23195
304 376 43600
154 330 47011
226 540 62032
79 415 66761
100 303 43566
18 62 30265
213 373 34525
227 269 69642
94 550 42755
167 169 24413
1 147 33971
272 466 63632
180 208 38601
221 396 39623
66 303 53000
418 479 50804
151 497 44011
193 329 25298
224 229 45222
320 472 68411
141 555 36056
113 412 46043
281 459 33956
245 408 79404
388 470 24187
3 18 41110
114 167 81541
337 445 49041
201 368 77104
255 497 51478
378 481 23601
93 368 47434
478 493 37216
95 548 64351
447 458 56569
7 91 19235
17 422 71063
135 450 88544
92 485 51225
5 539 38079
217 491 35128
250 278 39560
110 115 61400
192 532 87801
197 343 63325
257 359 64661
14 90 21213
163 490 48847
328 404 58694
266 420 29614
157 320 42048
208 385 31145
107 372 25179
329 503 72498
181 424 16279
53 286 52154
8 546 25239
262 463 41869
121 133 36892
50 456 48042
134 248 32016
404 498 66121
302 460 45188
6 435 34366
339 550 24166
3 41 15000
102 119 21378
47 514 52345
115 335 31828
24 149 61847
81 551 39825
441 512 57689
323 342 26476
344 442 13601
88 324 28302
98 106 49010
147 513 65307
176 526 29698
197 226 39205
245 326 93381
238 330 57140
311 406 27659
27 306 47202
102 411 73110
218 246 27586
347 524 42048
260 443 51245
386 530 52010
6 322 79624
204 555 48754
169 438 25080
38 310 44654
190 254 45541
175 467 25710
67 538 76609
162 258 75186
135 346 37483
192 291 179279
245 382 30150
22 286 73355
270 497 31906
515 556 66731
257 495 34713
154 162 44598
66 521 66129
75 553 36056
159 384 59237
396 554 21932
446 451 25239
467 482 18385
744 509
211 892
586 244
658 478
118 413
536 877
311 589
771 793
42 552
481 936
844 524
244 134
407 870
923 515
398 881
219 130
634 974
589 203
748 768
916 276
177 670
621 623
283 160
501 747
618 707
682 867
601 383
677 793
722 442
922 252
135 628
775 254
871 252
118 257
246 581
7 557
767 620
825 296
420 277
116 292
595 256
722 851
844 738
450 218
846 331
257 301
169 205
72 532
682 184
234 841
859 725
624 687
611 660
592 750
282 55
762 413
376 50
684 741
764 356
120 581
703 54
559 199
717 831
711 632
729 589
214 268
929 613
512 274
827 391
419 605
503 92
301 312
572 475
241 913
840 279
315 737
369 796
253 810
291 704
653 322
313 237
974 441
657 586
214 709
117 777
700 380
157 309
837 148
452 408
908 530
320 606
482 552
627 369
471 170
832 623
880 523
170 500
171 346
333 40
251 238
342 707
831 704
671 237
518 457
704 537
122 347
127 210
850 563
419 752
358 754
201 455
873 664
492 408
46 316
351 815
35 419
339 229
581 228
835 683
540 412
505 888
675 547
701 839
580 110
204 138
190 692
799 451
200 666
252 354
667 316
405 305
766 489
474 908
690 842
603 932
340 467
319 452
618 968
839 413
452 641
490 931
726 927
799 581
460 241
353 918
202 582
767 534
976 403
525 804
378 158
391 628
712 494
277 888
133 380
878 355
339 587
720 225
344 271
613 293
852 581
682 492
166 410
809 124
98 750
353 288
160 685
91 248
405 423
105 268
425 237
405 787
684 329
376 601
531 596
513 437
730 803
686 698
655 342
419 466
267 909
696 898
149 605
27 338
793 657
856 694
228 297
661 290
746 468
254 270
460 516
76 681
574 6
233 125
86 668
542 252
511 965
122 482
974 370
236 688
246 593
610 449
539 526
477 243
448 946
450 281
304 813
235 585
278 946
790 878
853 436
424 454
401 765
236 563
572 236
645 125
196 769
289 900
553 215
421 548
654 602
279 86
22 545
684 355
655 555
159 198
146 513
940 371
589 768
669 512
401 952
484 131
484 983
178 771
752 880
637 110
378 327
882 278
42 430
472 252
345 960
86 372
556 683
946 680
116 245
279 480
534 235
519 78
710 817
544 666
751 278
906 680
393 506
668 485
505 523
452 694
513 26
464 769
184 337
645 781
114 815
434 266
375 966
7 544
96 640
443 187
315 401
522 750
305 956
915 306
434 652
799 355
564 154
748 914
24 482
715 240
648 755
529 171
714 264
668 765
92 340
557 630
455 930
112 659
284 335
640 364
655 688
429 416
828 658
897 274
796 248
395 16
420 777
125 302
221 511
563 558
561 776
364 495
920 644
703 479
631 828
567 995
599 727
214 215
885 202
489 493
563 411
905 288
826 765
421 929
788 321
216 743
301 329
213 435
501 656
260 463
386 690
328 573
213 560
459 588
738 187
544 700
552 799
153 590
822 124
774 827
295 572
73 301
325 382
225 149
90 399
580 590
427 345
508 134
336 357
374 837
256 618
902 421
626 557
491 188
428 214
49 715
179 585
61 465
757 650
940 274
577 959
628 190
33 474
885 681
404 138
574 682
549 475
241 902
841 467
771 364
607 767
94 306
351 329
514 810
503 112
379 850
609 807
879 503
421 834
50 598
758 378
850 843
666 396
373 294
505 737
410 843
130 235
230 529
211 519
487 626
911 237
256 370
495 720
399 343
478 562
663 853
249 477
903 446
558 315
255 925
651 877
613 268
519 194
646 812
688 508
678 578
423 360
740 260
693 733
747 782
318 79
568 450
814 322
438 432
77 343
342 828
298 777
199 302
267 373
800 215
195 725
782 516
343 527
347 95
690 298
784 760
490 454
184 885
602 532
272 768
317 815
361 193
468 321
695 796
321 430
699 100
689 929
473 885
699 882
147 551
561 42
418 505
385 317
621 403
833 863
191 448
356 139
813 871
398 431
502 872
103 318
573 357
130 266
314 627
17 426
392 916
744 654
165 810
72 314
864 390
600 654
739 438
100 280
112 759
631 848
614 633
197 211
832 557
439 598
681 366
186 843
962 449
747 382
524 638
558 708
300 443
347 537
348 934
430 287
418 27
509 122
507 412
245 841
99 615
540 182
104 779
684 145
373 656
85 267
607 145
403 253
311 724
310 169
459 271
234 753
481 739
520 399
488 853
803 620
442 520
400 230
253 906
735 605
840 440
790 169
324 903
229 863
306 132
492 386
490 746
69 553
407 669
263 439
671 835
508 676
963 365
460 85
291 179
788 378
64 585
317 638
214 664
773 378
757 509
197 225
517 63
360 868
708 562
163 153
17 610
901 321
453 490
109 352
448 357
508 908
152 245
318 356
964 598
626 148
644 151
709 782
597 352
790 645
374 490
650 929
497 918
596 91
838 826
345 498
417 583
557 29
441 669
884 551
127 450
88 535
596 792
719 379
584 641
397 618
371 617
750 807
598 194
886 658
838 231
513 178
294 202
483 819
842 243
303 63
492 967
39 673
482 84
