912 1653 11 296
806 808 28601
72 776 19723
168 555 19416
696 715 18358
46 73 12166
540 558 33734
179 577 36000
70 381 33734
66 233 43186
595 821 36235
46 293 18439
278 439 33061
171 818 39051
19 59 28178
69 248 18385
97 158 33615
152 694 55731
304 538 52498
855 892 42190
588 720 21471
271 609 44598
457 597 31385
167 312 27586
42 166 41773
269 728 20809
347 641 53600
677 742 16763
603 878 30414
239 710 25710
203 444 33015
352 599 19849
356 497 54009
612 747 24083
212 814 21000
371 581 33242
289 703 53339
146 571 37656
705 737 38013
432 722 16401
247 641 64938
676 801 25495
335 687 30529
673 785 22804
217 524 10050
512 694 45277
94 775 39459
54 440 47381
62 227 48094
97 329 59464
207 440 19647
117 268 47413
509 685 21024
189 225 20591
70 132 32249
13 558 23854
761 849 24083
218 415 30594
688 835 13601
586 911 28636
178 214 18788
75 881 16763
589 659 25962
37 882 30806
138 578 50961
24 211 39115
168 318 62650
182 860 40608
99 628 21024
507 536 12728
708 900 47043
386 478 27019
664 689 25554
161 527 27074
353 798 12042
56 908 52173
457 526 26173
68 389 32202
244 909 28160
84 445 48918
455 531 18682
115 515 40792
243 388 56604
133 653 26077
150 298 13038
681 820 29155
123 832 34482
463 906 47854
384 432 30414
490 868 50120
52 335 31145
148 318 71021
568 718 30871
448 902 34205
317 458 13892
28 354 44822
83 210 51624
133 598 24021
151 469 22561
153 887 38910
467 718 27857
759 836 30017
96 665 23854
217 686 51225
681 692 35355
793 864 29069
418 526 26683
462 591 13416
439 764 39395
22 32 10817
227 559 13038
345 799 40853
18 170 19647
438 490 61294
756 788 35128
834 898 35128
379 853 25080
467 568 23087
398 613 27803
181 734 12042
34 340 40000
747 832 29155
59 823 52202
209 414 41629
116 521 15000
273 901 23087
725 815 32140
138 859 33015
689 876 38471
243 626 30083
55 791 30806
653 666 11180
7 699 20616
478 546 31048
718 783 51352
56 795 30017
405 755 48765
285 440 25000
622 819 26019
377 830 42059
473 652 53451
437 700 19235
341 677 40000
355 469 48508
765 909 53666
359 764 23195
527 619 12649
370 550 29411
478 867 30594
542 711 22361
488 670 25060
508 699 55218
223 495 43417
31 627 37483
41 465 34366
726 877 46325
879 906 48508
527 736 35847
669 684 33015
175 524 102460
203 613 33956
136 231 44553
155 460 12530
453 569 34540
234 758 34713
616 618 21840
95 517 30150
192 780 30000
50 657 16125
42 638 49254
64 526 41000
83 358 35805
35 53 25495
144 622 32016
62 847 48166
180 333 31016
1 241 29155
540 840 16000
94 571 21095
491 586 13454
104 798 22472
258 822 39459
45 326 67882
430 589 49820
473 806 28018
534 912 11402
601 726 45967
456 477 41773
303 480 23324
403 483 23345
415 851 37590
282 770 21213
595 609 45343
529 636 16643
53 667 46098
128 652 20616
217 646 39925
318 463 47127
624 875 24187
498 601 23431
465 874 25060
152 797 22825
408 691 39850
433 566 14142
214 642 32016
127 170 24187
352 522 35014
729 753 28284
387 653 46174
312 800 17464
449 899 20616
3 508 56036
339 589 36125
226 477 26173
620 644 29732
122 244 34000
202 712 55902
240 291 16155
246 667 42485
790 831 23770
219 608 24839
86 669 22136
116 694 44688
426 507 22561
246 870 61327
371 534 23000
37 410 55362
424 493 17117
210 358 36620
306 520 32757
661 675 32311
391 871 61074
417 875 15811
58 312 10770
257 772 73027
34 360 13454
253 436 36770
205 301 13892
66 474 37656
164 624 14866
440 482 53151
125 822 30463
829 860 22136
186 867 27295
748 811 14765
612 745 12530
67 731 41231
511 637 36346
165 266 26926
83 445 50606
522 906 24759
161 617 38897
187 515 67067
752 893 62626
140 351 14560
141 656 20248
257 814 29682
297 430 17493
599 857 67602
704 715 21024
324 731 28071
56 555 10817
237 793 21840
545 771 11045
447 678 49477
264 374 21541
472 556 51624
208 751 66212
137 603 12166
622 767 33615
351 858 52839
21 504 37443
58 823 11402
47 472 35355
562 904 35128
468 735 45000
278 498 29411
474 607 24042
148 307 46840
304 499 41593
655 721 11662
245 400 41773
507 711 25495
211 749 38079
40 661 19416
846 852 24698
342 849 42107
376 731 21024
688 877 42544
429 703 19209
240 878 60407
404 714 57983
181 562 11705
350 651 32202
415 736 38328
419 504 35114
112 482 52631
551 884 26420
225 406 36056
664 810 63600
41 80 21954
528 821 33377
246 367 35735
521 797 14318
256 592 33422
460 878 40000
67 419 81394
128 405 57271
93 760 25179
247 305 64661
85 365 33121
173 359 14318
185 502 47707
354 499 26926
63 754 18248
752 845 30083
205 231 35341
75 515 20591
152 746 45793
233 607 44553
93 588 17692
380 600 66843
107 209 69289
247 543 48765
358 832 34409
24 125 21633
301 558 13000
463 510 43417
491 911 26401
60 530 20000
44 593 14560
350 735 20224
164 474 15000
276 753 55326
138 215 39000
786 850 21260
647 909 21095
314 453 22204
64 597 24352
198 260 45891
322 414 43863
32 490 25554
110 114 15232
421 792 26683
192 587 14866
195 604 64498
77 870 41012
429 801 33377
543 553 37643
522 857 45891
617 873 31321
102 817 38013
587 658 22023
253 648 13892
85 842 41677
401 530 70214
618 799 20000
125 753 54129
250 780 18358
149 554 33838
157 530 45177
235 643 41012
387 883 20518
717 785 50010
436 643 58000
172 561 30887
741 774 27893
772 905 124278
624 890 32650
248 287 46043
212 719 20518
25 510 21401
313 912 35511
532 563 26173
307 908 30676
250 669 17692
500 844 31953
387 598 42953
521 841 24352
758 883 37577
268 488 19313
794 828 37696
432 459 64133
272 684 24597
366 838 11000
36 738 50606
629 854 35440
267 777 26683
396 532 25962
129 313 47518
746 907 28071
646 686 47096
220 465 32249
136 423 43012
429 676 35609
8 784 19723
194 368 26019
236 888 17029
417 539 32249
72 623 21471
415 486 32650
141 621 30364
574 650 35355
194 571 25632
492 708 39962
559 817 22847
253 654 21095
32 670 63032
86 505 37483
772 814 61465
584 875 15133
327 349 22847
265 694 26926
180 286 19416
578 859 32696
399 653 14000
525 575 14000
597 749 41869
156 367 16492
198 748 52345
595 803 23770
348 689 32249
410 604 50249
637 833 39395
352 701 44822
149 459 57306
209 625 53339
181 219 10630
165 345 45277
80 465 26926
365 394 29017
129 251 62968
485 783 12042
598 653 36069
99 461 13601
63 572 14142
524 667 38184
119 416 17029
522 701 34713
168 908 38210
298 698 29547
660 687 23087
224 854 47539
425 477 11402
279 512 24083
130 317 53740
6 61 19723
357 691 57201
305 347 16401
257 866 17720
480 611 38897
152 576 31016
458 580 42638
161 343 48094
224 386 55444
37 331 15620
409 659 24042
629 730 13892
154 260 10440
19 789 32573
87 631 28231
532 649 26173
338 414 34986
76 503 25060
504 905 40112
25 631 39115
360 411 25318
364 862 48765
199 390 36401
272 575 28160
343 818 37643
106 812 28018
175 320 34670
586 788 40497
770 788 43658
383 605 40112
66 334 20248
340 411 27785
322 832 47011
382 735 32202
574 721 32202
82 245 14318
450 619 20248
210 441 30871
261 794 33015
536 542 10198
262 285 24413
232 248 36139
57 413 14036
263 812 29069
103 242 39560
177 869 17000
222 273 24413
62 651 47885
69 197 61847
226 602 15297
30 631 29017
92 563 105095
429 547 15232
160 378 33136
78 827 21840
626 715 43658
191 242 17464
224 590 33422
188 861 26571
167 874 16971
126 782 21190
13 379 50329
3 762 65803
122 191 51662
487 887 22361
254 764 26627
322 612 57585
401 492 110055
112 426 10296
613 756 24083
494 828 29275
75 869 45804
615 621 29155
236 316 20881
311 666 16125
458 782 36125
288 509 21471
234 399 15232
163 835 17263
14 95 17029
37 269 23770
451 891 17029
300 353 31780
62 382 23022
212 866 12806
115 274 44045
500 862 19105
72 910 19925
702 888 20248
535 623 56824
28 81 31048
724 725 10198
208 524 95802
286 786 11705
147 361 29069
154 211 21954
200 271 14000
111 613 28844
344 588 24597
319 495 23022
48 84 37108
177 497 20616
364 781 53339
79 657 48754
120 700 39459
317 787 10770
261 332 16125
780 790 39051
686 690 40804
203 370 37121
45 632 30887
295 605 23259
369 393 11180
441 832 21213
454 491 31780
405 473 28636
267 395 23345
30 810 20125
180 786 16553
403 456 19925
102 272 33242
55 264 21095
176 901 42438
397 441 32249
106 430 37000
228 300 18385
9 809 38275
679 719 34234
461 628 13454
599 672 104307
21 487 54203
31 860 29547
502 557 15297
551 855 16643
707 819 14036
143 643 37121
33 153 40853
235 453 47096
854 886 59203
723 895 20616
336 640 60208
241 583 25554
4 812 17692
154 597 33838
259 445 65192
184 818 37216
190 862 49649
42 720 49769
650 871 38184
475 477 21024
386 590 32202
356 662 20100
392 536 19925
210 397 19209
120 854 27659
12 823 37643
712 799 16155
439 554 41231
221 251 18385
572 726 36878
157 708 41012
16 528 38897
824 877 29017
44 232 15652
256 528 39459
155 390 29017
391 419 14213
157 902 13601
21 489 41725
838 848 31906
67 376 24042
586 770 26870
103 600 30150
250 658 28653
304 863 29967
315 876 28443
42 206 35384
385 698 40162
36 355 33422
332 396 16279
132 262 63891
11 820 29275
262 361 20000
136 626 26571
64 397 12649
899 907 20881
663 683 43829
302 711 46530
845 893 61000
618 813 32802
103 609 49041
185 437 14318
574 655 35228
116 797 15811
341 902 30083
145 450 31385
733 886 18111
44 625 18974
296 659 16401
745 846 35468
164 417 31048
544 725 15264
533 844 31064
626 704 32249
212 679 27586
671 819 14318
748 805 11402
308 481 62370
42 479 52773
32 372 19235
733 762 55317
111 203 36235
70 207 40608
89 255 12042
452 455 28443
70 426 25807
730 854 27074
166 620 38275
195 611 33526
113 652 42638
274 302 34015
129 826 14560
36 151 24597
27 300 25179
34 734 29833
188 472 28425
197 277 24597
292 535 45618
224 276 30610
186 590 43382
442 757 26077
375 804 12806
503 903 10296
622 707 29967
359 554 14765
158 371 21260
10 645 15524
176 893 67978
50 196 36056
191 570 34928
4 351 57245
369 402 40112
534 826 29206
127 820 28862
65 208 83487
92 362 61984
377 908 22847
142 267 38328
456 602 31048
40 851 42202
348 640 51662
337 896 32388
336 709 79310
69 277 61400
76 903 27166
259 825 31257
512 523 60033
594 849 42953
231 628 28460
374 404 88645
356 531 46840
313 420 51430
358 634 58215
422 476 32016
279 295 29155
557 700 42059
330 466 24042
169 363 23345
582 603 51352
447 635 33136
468 565 42720
282 586 16125
537 543 43105
499 516 58052
550 742 36222
167 800 26306
629 886 50329
357 904 10817
298 416 31321
754 880 17000
244 888 34015
389 885 38000
354 769 35777
29 160 15811
22 632 19416
798 841 19849
609 682 29206
400 859 23087
212 802 23537
45 306 65788
279 605 16155
384 389 13928
571 775 43658
20 790 63008
131 198 17493
496 894 30364
252 357 43417
288 440 50160
170 692 52000
55 255 26926
567 830 28160
135 214 10440
476 499 53666
125 437 31780
28 865 33541
156 288 32249
362 508 37947
297 693 50606
345 569 34886
39 154 21840
421 736 30414
251 680 23022
497 662 59808
274 398 44553
191 645 20248
182 804 20881
115 201 54406
284 645 14036
118 823 41304
144 464 36715
137 329 27857
42 573 48826
318 522 44721
754 824 14866
357 737 16643
184 316 56515
111 518 18439
356 392 41593
215 306 33136
289 713 45277
339 591 13601
483 537 26627
727 874 15620
351 693 55973
110 171 33377
425 475 22091
145 592 37483
556 674 37736
138 620 39812
424 545 15033
46 801 25807
501 846 37121
134 383 20616
164 607 14866
560 785 42544
260 633 15811
546 823 32985
374 579 22091
40 792 15297
802 866 21213
52 98 58189
475 787 25456
339 693 50040
1 583 24839
5 580 26249
630 809 23259
37 895 10198
514 615 39699
230 290 32894
223 473 38013
255 550 27203
323 340 51225
716 804 34525
7 19 45188
134 295 22561
626 628 46011
91 814 35847
145 293 21541
216 639 22023
231 423 33242
848 910 13000
27 472 28653
359 722 28018
272 831 31828
344 573 26249
594 738 55714
22 372 13454
456 577 42450
150 639 22204
334 444 33956
38 473 32388
584 890 26077
380 732 70349
458 787 18788
146 864 39051
5 566 47676
489 565 38419
26 576 28844
71 135 29732
92 427 12042
46 676 26077
204 444 37014
279 841 38118
126 458 34234
17 408 34828
641 673 62682
227 831 33601
270 553 26000
429 796 17117
124 533 29732
473 808 24597
336 689 17263
370 742 56648
147 549 13601
187 351 30000
323 465 24698
118 167 26173
269 795 44721
662 725 38588
724 878 23601
251 420 67365
233 500 23345
61 664 72180
460 544 22627
201 515 64622
14 853 24597
110 661 39962
159 891 22627
108 404 126846
107 375 24083
231 461 18028
529 560 22804
535 802 48260
705 740 25710
676 736 77897
13 369 13000
686 737 23259
122 888 47381
130 394 65765
499 865 37802
41 175 35000
165 314 19313
591 837 20616
81 393 36125
481 725 31575
674 767 19235
23 26 30067
497 531 15000
65 435 13000
404 657 48836
288 685 21095
340 904 52154
778 895 26249
285 361 20881
219 827 30887
220 874 26907
94 194 11402
573 588 28071
41 320 33121
413 558 38288
355 881 15000
69 378 56223
108 615 66098
50 656 61612
275 776 32527
299 861 10630
72 610 21095
176 614 43267
418 786 43012
270 337 25239
779 839 15000
57 717 18439
410 778 32894
191 496 45706
97 308 10440
318 908 51624
440 549 22472
121 547 12042
395 777 34482
675 792 33838
650 774 16553
280 310 11402
6 857 45177
230 443 41049
326 513 18439
91 487 36401
342 591 19647
204 334 15524
129 519 22804
698 816 29155
396 563 10050
557 854 23345
168 522 64537
53 686 37336
418 850 32650
90 683 20616
668 738 50249
17 691 14866
391 741 31048
351 447 59682
140 469 21471
8 664 29428
3 427 50961
120 805 11045
39 597 25962
486 851 21095
83 633 49244
635 858 10198
139 142 38639
192 596 38275
13 393 15556
278 726 44777
803 873 21190
71 113 37014
452 711 18028
42 245 34015
162 443 45044
238 707 18111
442 833 13000
158 329 44385
71 178 31401
88 663 55785
143 799 32202
106 836 74243
469 515 53824
425 816 15811
363 783 16763
1 343 49163
49 775 46043
660 706 32650
14 484 23087
68 459 25000
435 471 47127
89 550 24759
342 837 28653
131 211 14318
404 579 67720
258 422 31016
434 665 16279
105 341 36878
102 438 25060
366 776 25060
174 732 45706
50 781 46098
428 520 33838
601 877 25554
506 860 22472
679 887 22804
54 77 19723
254 671 34713
592 703 50990
472 663 29206
5 433 45398
281 845 87207
373 408 28443
641 785 59641
774 871 46519
474 624 23022
477 816 25612
443 580 41037
15 128 42059
269 882 24083
696 853 32311
485 835 29069
410 614 34482
121 659 31064
561 695 35511
436 813 54672
405 745 18028
272 817 27785
190 330 20248
11 142 52173
438 868 58421
730 805 20100
587 780 19416
139 732 12042
644 716 35609
30 309 27459
52 309 33615
105 132 25020
188 299 24759
376 750 37014
159 756 30000
325 654 23087
123 397 28160
166 638 37590
228 353 23324
664 672 88102
374 401 52154
105 381 21541
205 540 31623
18 150 37736
341 448 47927
26 152 18385
55 89 26077
402 517 17720
48 548 40497
116 152 36069
95 296 41012
449 907 30017
75 177 38328
31 495 37202
127 216 24021
85 394 32696
175 646 53488
843 909 38949
579 714 20000
296 589 16155
189 249 25495
182 412 24083
717 744 12369
281 616 59414
282 890 14213
169 718 34713
362 789 13000
187 697 21000
183 654 32450
134 775 34928
570 645 24698
417 743 42048
9 630 27459
132 207 59808
184 446 59682
412 884 36674
188 552 47634
449 718 51865
98 647 48042
348 876 20591
132 341 23195
785 865 35847
301 540 33541
692 704 18028
197 209 56080
172 772 77473
407 706 15620
153 350 31113
884 898 36139
227 651 51478
310 847 30265
135 642 41881
373 870 39395
78 608 21401
91 809 30676
16 424 38910
304 313 43046
371 807 35468
3 84 22472
179 896 34059
236 294 48042
215 847 47011
620 638 18439
95 121 29428
585 877 18358
642 779 54203
183 325 25495
476 758 37121
114 453 56859
503 566 45122
193 380 53339
118 220 32450
655 750 38471
357 562 42720
202 235 19416
325 417 20809
6 672 31385
247 525 54918
60 742 13038
462 589 21401
398 518 16155
291 311 16553
325 648 21378
76 566 31113
25 87 19105
222 614 53160
144 600 52010
349 570 59775
186 739 52000
118 312 22804
517 897 54342
519 534 33838
11 416 40497
112 507 27295
465 740 32650
574 872 21213
99 231 28636
454 911 15264
449 746 17117
137 581 18028
176 778 36235
702 765 33015
156 208 46174
130 665 17804
697 710 31016
147 435 35000
493 545 22204
606 779 196156
682 766 20616
12 431 42107
101 509 23707
148 171 35000
650 655 30676
642 829 20881
21 470 28636
166 245 17263
398 891 52393
67 391 74465
586 710 31828
104 299 25060
470 574 26926
501 828 21401
671 764 24207
215 326 13038
174 903 33377
188 363 45354
179 840 14866
530 677 32140
12 478 40162
346 660 38328
18 388 68264
155 544 22561
151 355 45541
249 276 54452
228 290 17692
88 683 42953
162 535 56727
413 636 39812
218 792 22361
163 568 46065
481 878 27459
610 910 14422
215 520 43600
303 611 26249
610 623 21024
260 811 62801
699 789 44181
440 509 46141
412 860 45310
51 510 10198
119 216 37590
307 830 35355
501 649 28018
85 292 25080
125 131 22472
40 114 17889
577 856 52010
81 413 20100
459 726 58694
173 722 26077
257 695 36878
411 739 29833
375 627 21471
505 575 14036
57 744 17000
769 863 52202
286 333 33601
39 260 18439
146 368 66212
839 855 29428
251 769 26401
2 85 41437
232 287 30364
695 802 38053
74 96 41629
227 272 42190
414 593 27203
88 503 24739
269 331 11705
564 845 36069
710 911 10440
344 884 31401
442 637 36125
479 720 11662
124 141 22204
241 496 56143
119 127 34525
330 781 40497
253 539 16401
502 854 28231
9 229 18111
428 632 50596
229 630 17720
444 788 39357
505 525 20518
129 761 42720
333 422 27459
65 751 21024
288 549 44418
38 808 11662
33 100 26833
489 872 13416
321 635 18385
37 723 26926
174 683 30414
117 488 37643
415 836 25612
50 79 55973
15 649 19209
369 484 38949
335 876 26249
185 700 10817
547 796 19416
107 716 18111
199 291 11045
38 223 37363
829 892 19416
167 867 34655
617 619 25495
98 309 43681
571 793 41400
58 546 30232
409 676 44944
563 606 62642
315 335 23409
130 580 73980
213 541 38471
248 625 43046
344 834 44922
689 784 33734
196 364 23022
163 467 68007
475 596 34366
43 643 15133
122 496 47074
369 379 47265
140 668 16401
544 878 28844
28 393 43278
682 894 66068
54 101 28000
483 856 53038
225 390 43186
321 678 58138
126 425 37054
693 837 43658
258 476 50448
804 834 36674
266 377 13038
52 647 63953
27 104 32558
376 871 18028
340 705 34015
384 459 54037
234 883 23000
148 830 33287
35 737 20224
177 881 49396
706 709 40200
159 451 27166
428 868 10630
49 561 43105
439 674 27313
57 560 23345
316 702 16000
124 752 25495
514 621 33136
149 359 25080
678 759 17493
51 446 54083
321 858 22672
193 674 43278
264 791 31305
43 143 26173
696 713 20591
196 656 43081
527 675 35847
437 729 20100
141 514 52802
406 739 50922
519 826 10770
612 852 14318
94 561 43046
468 872 21378
11 16 35511
701 857 19416
471 900 41785
409 547 10198
310 382 28320
106 297 23770
843 888 12042
337 413 50636
256 450 29547
192 226 49041
649 755 14142
346 349 31401
538 883 32311
17 562 39395
757 768 23345
714 781 29155
824 880 18439
122 327 35777
581 603 28160
681 771 12083
760 839 27586
2 96 59034
564 763 20616
511 833 45618
47 541 24515
805 811 22000
249 666 45891
464 600 27586
497 725 64900
445 794 24187
68 885 16643
280 847 37336
106 736 90250
15 755 30676
51 148 63702
347 673 48000
201 891 32249
582 807 38949
604 614 71021
47 300 13601
282 584 31145
565 887 37483
10 284 22804
889 897 19647
321 454 35057
369 680 29833
577 896 24166
394 434 48795
668 693 56886
244 843 27203
202 569 29833
402 484 37443
73 293 22627
345 728 48549
276 729 43600
139 777 33015
6 879 52393
360 608 17029
159 788 27019
4 447 11180
74 434 19313
252 737 39446
773 776 25495
832 846 46530
48 261 38275
16 771 34205
636 641 25020
117 378 22136
383 512 40025
476 538 21587
78 219 33541
387 582 42059
640 709 19105
283 338 22627
713 853 40447
147 751 43932
11 200 27019
609 821 51039
284 570 13454
770 890 11662
86 684 34059
535 719 40497
93 344 24698
141 533 23000
750 859 26401
178 506 26926
562 734 20000
167 727 22000
21 887 59816
61 810 15133
118 175 68007
190 466 18974
616 845 67209
123 287 36770
413 540 36878
265 899 37014
239 586 28071
169 188 41761
333 516 32573
76 385 39623
462 889 21095
29 305 27295
289 715 33242
455 542 27459
799 813 33526
346 389 38897
498 585 21378
116 279 34132
218 421 10770
413 744 21260
56 195 21587
634 794 31575
237 523 48847
499 863 25298
103 271 42521
10 464 38118
221 761 57585
618 763 43174
298 639 17000
287 526 60729
230 275 37483
70 302 38210
436 486 65947
188 576 27659
412 804 25456
224 406 66888
412 898 16031
319 806 31064
331 795 37108
203 466 33956
221 517 17000
242 894 23022
205 840 26077
485 768 18028
544 724 10440
294 583 16125
321 584 39395
29 850 46400
24 749 36056
206 479 83672
92 548 18000
585 757 24187
490 632 19209
431 854 53852
388 456 15033
20 100 24413
82 324 15811
204 788 16279
90 174 33106
703 796 10198
226 596 40497
206 324 24042
106 263 37363
205 423 25612
324 400 34438
392 507 18028
455 497 19235
607 743 12369
457 786 30083
99 379 11705
728 882 19209
393 680 24187
349 660 42012
239 451 21260
494 634 27731
45 372 27785
20 350 24839
189 199 35777
108 273 23345
781 791 40224
134 605 35777
427 548 13454
254 439 21840
129 912 31064
407 709 31048
452 869 25000
290 773 41437
109 380 33302
690 705 36235
279 366 41012
699 733 19723
148 567 21000
529 641 14866
77 373 17720
492 530 41304
33 292 18000
189 666 36770
541 663 51225
328 432 25000
553 856 34132
12 59 20881
52 784 20518
709 885 54037
259 762 31016
468 489 13454
332 563 26077
113 606 78518
327 687 39825
23 552 18868
315 407 36235
387 538 44102
69 160 41049
213 503 32558
309 631 36878
443 842 73756
476 822 45541
60 550 43566
129 420 45793
139 200 50090
618 845 60415
209 283 49406
513 644 24083
247 270 41146
505 537 46098
266 830 44911
2 365 33971
470 489 17464
192 658 21401
448 471 29155
459 572 49366
82 206 26306
219 815 66851
7 59 35777
280 578 42450
223 612 22825
446 765 51400
238 328 21000
8 810 48301
697 858 25318
209 627 60083
173 432 32016
314 830 30610
472 511 22204
811 825 30150
671 767 33971
80 220 32450
31 283 27203
45 209 64382
35 686 20591
552 718 36056
41 740 30610
79 404 18601
213 566 43909
295 848 54009
78 360 12000
272 559 38079
633 825 43417
763 845 48104
222 901 16279
385 782 20616
209 593 36674
433 580 41593
534 807 27000
241 766 34928
124 844 37216
247 268 18868
371 594 15620
264 781 19647
133 240 17889
647 687 47202
177 308 66287
493 592 26571
226 456 35468
229 905 43932
556 833 34713
262 341 58138
168 480 37216
174 395 29547
238 570 60605
170 626 46530
170 243 33734
599 611 63127
574 741 30232
133 666 24187
768 783 12728
138 513 42202
766 803 16279
207 262 40311
328 349 66008
468 721 45651
74 365 18111
43 202 47202
294 316 45695
162 842 51196
345 712 32000
564 743 27000
114 567 54203
63 880 15620
106 693 43863
403 602 17804
183 813 34482
105 518 29069
87 879 12207
494 501 20809
132 381 27019
101 685 12000
49 535 59397
41 705 30594
539 648 17029
189 311 26000
389 459 48600
482 507 39560
776 838 22023
338 495 23409
106 415 83187
368 905 209067
516 785 52802
73 736 59464
35 252 26926
100 153 30414
277 670 52498
161 873 49396
747 852 11180
367 870 42190
237 864 11314
320 690 15232
517 889 48508
58 800 20224
412 892 47011
453 830 27166
108 614 71169
84 794 37336
688 824 39850
551 760 24739
333 673 20616
109 193 39598
281 723 30463
319 506 30067
263 759 32696
472 861 27166
760 884 20248
98 510 44944
208 900 116276
225 827 30610
94 172 23345
849 897 30232
399 666 21471
275 773 18111
265 523 26401
386 431 33615
90 109 28792
323 727 15556
155 219 64777
303 555 27459
408 815 55946
23 746 30083
439 291
809 441
581 929
302 491
718 321
292 89
531 953
360 52
943 445
523 191
538 325
479 963
529 545
475 518
725 909
519 355
292 804
589 399
512 994
814 460
919 456
765 655
760 124
542 745
328 160
758 154
714 200
546 589
638 669
326 92
803 778
756 661
840 416
369 843
287 878
320 595
142 257
771 811
603 795
331 314
344 927
948 665
230 349
705 734
799 678
416 408
706 217
638 946
862 315
53 504
343 187
384 84
262 883
208 777
36 589
171 196
575 575
441 980
499 969
69 663
302 72
837 544
611 35
633 778
123 803
151 503
991 570
527 19
649 701
176 685
814 830
803 288
418 396
768 414
266 630
649 291
225 767
379 822
16 462
355 946
554 559
948 637
609 856
602 937
815 400
714 495
314 147
685 263
58 603
633 229
927 399
604 986
897 733
903 275
462 507
751 452
321 627
365 139
515 487
828 440
208 805
723 566
509 252
746 194
149 644
338 463
817 698
32 350
606 219
329 284
150 618
186 715
815 867
323 298
216 604
791 196
663 650
409 982
555 348
514 850
457 478
456 160
656 782
100 430
530 763
643 369
549 382
762 889
428 612
727 418
549 775
148 669
420 734
856 235
834 852
573 444
367 673
893 619
582 276
297 549
78 427
589 314
212 368
538 197
442 392
912 217
151 769
296 230
580 69
609 367
309 573
765 171
855 454
582 789
336 752
174 826
93 696
352 640
188 552
651 660
393 335
783 314
688 49
156 457
231 265
917 637
412 956
196 179
719 124
570 394
324 251
920 291
572 81
619 259
344 962
92 307
256 667
845 825
593 499
572 706
339 824
823 750
193 407
391 272
511 805
412 918
253 545
707 164
415 772
94 560
491 198
714 449
634 191
914 278
150 191
83 484
709 686
540 790
399 740
537 298
232 552
258 311
133 586
155 524
556 507
974 641
169 725
170 872
752 722
617 805
563 778
873 385
693 275
837 842
854 619
573 381
257 928
330 351
346 816
382 964
467 552
41 334
735 821
452 853
397 782
667 435
789 547
734 232
961 447
736 275
541 475
691 727
119 474
474 730
274 322
424 211
874 200
547 127
199 541
404 726
442 262
498 214
577 427
422 160
934 634
201 864
675 592
656 718
432 791
722 476
474 569
273 855
231 443
596 139
50 612
453 377
878 360
557 729
573 877
585 799
670 925
129 730
302 453
38 568
834 139
224 239
627 309
685 608
165 251
638 574
537 284
747 543
55 354
214 648
763 301
471 829
698 664
615 100
809 225
878 539
128 292
203 497
781 762
509 173
149 744
591 702
682 756
178 794
503 417
747 244
410 741
840 398
434 412
422 259
834 240
421 508
360 472
602 356
724 182
717 225
549 519
180 647
165 167
464 661
634 642
821 616
251 217
311 630
353 97
869 546
425 748
431 976
421 659
249 272
423 65
404 217
689 380
258 170
792 813
315 943
242 482
695 778
401 923
957 624
198 432
847 630
472 128
547 106
341 683
77 571
154 247
672 941
571 675
140 520
415 87
380 19
624 553
765 778
370 505
369 883
125 672
386 532
390 287
888 710
208 304
486 76
624 655
405 52
481 107
833 476
283 545
203 131
746 212
511 617
294 616
265 740
316 861
638 835
578 94
379 834
129 750
543 997
696 120
70 503
786 416
808 266
190 830
940 277
516 545
100 603
368 626
775 664
242 772
18 560
819 722
968 577
231 228
684 657
511 498
581 197
169 652
850 525
864 216
518 61
642 330
445 908
460 692
625 457
513 48
365 753
972 498
228 721
518 556
785 387
631 286
688 938
629 790
183 616
460 736
942 593
22 612
476 542
659 464
1 473
738 837
395 818
451 42
270 777
438 472
89 273
383 859
847 748
574 561
735 760
324 381
572 347
186 449
630 712
983 489
467 636
340 355
556 698
572 487
502 390
645 406
191 706
595 978
800 603
442 456
375 463
476 921
540 82
673 327
750 421
123 790
245 409
517 792
735 588
617 133
174 744
645 818
645 131
738 316
132 553
634 900
340 241
292 486
106 716
791 115
426 365
215 555
219 682
271 275
240 517
247 677
640 458
598 741
677 373
552 19
347 746
523 476
393 519
303 156
520 229
378 932
100 578
752 72
881 496
287 568
907 482
109 745
689 186
766 843
144 466
667 408
525 690
648 417
466 925
939 717
177 147
324 691
227 748
663 487
497 511
683 95
295 366
892 409
692 626
890 486
769 639
211 504
58 716
504 407
668 881
773 800
446 206
264 686
643 109
501 642
115 497
685 893
485 845
661 269
950 477
720 532
822 811
213 711
579 985
197 784
341 177
686 164
825 207
859 644
46 385
256 612
540 685
459 537
168 622
410 598
828 584
779 205
238 130
855 155
247 929
705 546
624 738
395 362
492 383
601 592
53 675
252 695
695 913
78 450
391 626
820 357
222 702
685 502
504 695
218 453
582 525
711 241
224 692
688 545
331 730
517 389
458 955
448 470
604 968
155 756
76 620
870 764
744 134
664 574
591 101
180 190
638 178
500 848
549 532
782 558
579 598
905 318
328 820
698 939
148 404
866 456
671 313
296 251
729 70
239 288
499 164
905 254
601 25
908 693
917 507
719 546
734 170
629 499
907 570
20 538
710 346
377 658
420 679
420 275
206 466
647 88
201 513
719 463
910 721
406 502
431 879
381 513
479 398
719 738
380 616
465 333
701 413
610 770
421 710
188 118
539 249
625 94
670 450
369 685
94 223
824 219
758 921
151 443
362 835
495 299
814 306
140 159
715 832
166 594
56 283
20 415
171 333
430 347
177 354
407 358
885 658
49 418
558 172
793 307
167 467
699 716
548 435
809 741
514 466
530 881
966 430
325 121
784 651
598 808
643 893
259 489
610 578
681 128
899 670
587 364
440 14
611 603
857 817
245 351
857 668
508 187
294 943
413 141
219 436
713 894
942 532
814 502
782 894
446 736
220 425
913 542
67 444
37 506
697 462
431 495
448 81
350 318
285 742
671 209
355 23
738 432
441 746
220 902
310 559
735 488
714 614
562 132
276 62
576 655
606 158
362 348
414 434
85 672
280 438
854 405
497 568
539 383
472 281
646 245
736 521
196 805
297 896
441 103
677 55
377 36
321 929
282 815
522 414
320 503
820 162
870 324
498 466
253 524
629 368
547 940
520 811
231 96
404 201
457 444
516 431
338 897
463 52
545 145
92 737
459 12
224 535
202 688
208 336
480 456
32 522
507 450
835 696
561 587
742 98
858 371
929 711
903 536
550 95
156 280
328 720
318 722
593 61
412 934
182 263
497 794
523 869
959 596
574 267
530 930
340 836
836 496
362 376
307 875
360 564
412 866
363 903
942 490
80 656
148 431
558 575
721 843
789 132
691 830
534 842
578 743
931 576
142 812
111 407
477 774
629 32
715 880
164 570
659 109
508 723
289 423
894 758
413 572
542 876
167 396
581 117
371 200
456 294
587 155
682 113
495 585
182 494
528 388
951 362
761 283
949 517
864 269
786 278
601 303
120 284
904 790
738 467
43 549
650 349
691 104
370 69
562 637
587 713
685 390
167 535
543 984
763 497
66 582
334 329
880 221
637 924
145 211
459 454
776 191
758 213
193 342
438 960
437 423
868 362
459 310
829 730
525 849
794 844
391 653
777 821
956 409
317 74
547 849
315 479
203 374
894 385
321 754
632 397
761 567
354 276
559 146
542 354
497 350
518 735
450 987
639 43
577 846
414 608
373 801
672 910
837 811
268 248
769 520
666 815
645 144
845 697
685 66
304 397
361 518
808 277
913 778
582 509
771 228
794 364
414 186
104 467
122 379
688 856
873 576
835 294
389 574
601 697
306 348
701 835
486 496
496 871
884 773
661 540
247 85
257 499
920 600
830 790
716 189
117 516
477 634
882 192
531 619
883 377
436 931
793 595
239 667
226 808
969 559
902 492
439 317
400 944
191 464
395 70
638 72
347 706
304 140
621 47
282 625
167 275
474 707
883 741
513 10
512 928
872 419
423 194
411 530
192 488
204 568
848 795
62 368
475 215
140 267
619 521
406 549
848 732
811 110
94 784
57 331
97 683
652 264
325 855
990 480
256 147
817 130
222 207
395 152
822 294
227 525
402 629
