702 2018 6 610
440 574 22804
328 453 30364
3 648 28460
187 640 10817
306 458 20616
181 220 46573
32 497 50695
93 229 21401
113 360 37216
53 510 43139
236 521 37483
21 118 34438
58 450 24413
127 463 27459
270 349 59211
14 390 55009
62 624 15232
342 377 47802
363 673 36620
22 81 24698
1 688 53460
42 569 47854
76 245 36770
632 633 35341
499 702 14213
548 647 40262
509 629 32140
56 575 23022
244 431 26926
656 668 35228
462 626 40249
465 612 29614
537 641 51624
72 650 30067
395 423 31064
552 692 53814
331 508 25298
91 147 15033
90 290 42190
58 486 53235
187 340 29530
52 54 17029
80 520 54818
181 515 43081
244 418 65069
179 436 32650
116 147 60216
136 145 61717
204 493 35057
248 590 84119
83 151 47927
368 547 39459
346 602 78568
72 268 31016
294 302 56569
12 513 46519
236 513 39051
386 524 36674
44 600 34713
77 318 47424
287 551 40050
427 518 53141
137 425 50000
272 539 44922
539 551 27000
120 332 18601
104 361 46228
15 689 65031
241 504 49649
167 451 39812
228 494 21541
37 540 35128
396 569 38275
194 507 54129
111 373 55317
358 402 38419
3 56 50160
277 464 41195
420 607 13342
84 122 63008
347 701 41761
383 561 32450
182 625 17720
255 356 33941
220 237 40706
382 682 22472
125 643 20000
374 593 26683
334 533 43046
27 557 38210
236 296 28160
97 199 28160
228 316 10817
340 346 19313
424 556 20025
598 658 33541
89 562 22023
251 539 31623
382 546 48094
51 131 43829
168 369 16125
48 404 49497
21 210 39395
10 514 46615
7 448 41725
101 633 17889
143 627 37736
367 433 44822
277 517 34059
2 588 70007
39 695 50220
606 680 33615
434 606 31048
532 667 21840
360 630 33302
356 481 55606
22 327 17889
204 251 28460
90 186 57871
550 662 51971
354 474 53935
394 423 24187
43 220 20809
105 345 54589
335 454 21095
87 401 18028
250 319 11045
417 623 29155
446 658 25710
408 578 77389
152 532 41110
170 504 69584
276 649 19799
164 431 14765
456 628 13416
410 600 20616
201 555 29732
409 566 48662
209 453 47170
154 349 17493
24 238 32388
67 606 29000
352 682 21190
46 420 67912
23 200 19313
131 347 16643
227 325 51039
84 310 184740
130 291 28302
26 215 38419
591 691 22847
16 372 135447
95 219 62073
35 619 46400
170 208 49041
338 545 44777
443 691 30083
597 603 33615
570 652 11662
12 555 16763
249 380 26306
36 123 36715
94 476 65253
210 290 41012
33 316 27459
78 355 33838
2 615 30594
1 286 17493
215 279 32650
361 382 30364
100 379 74887
73 172 62169
324 643 13892
9 247 26926
530 598 40817
47 534 36401
314 543 24166
507 636 18974
479 675 59641
372 614 48260
215 695 46519
129 226 84149
110 650 26571
324 556 43417
149 386 38210
537 694 29017
245 419 46011
344 697 26926
232 243 16643
40 385 35000
222 416 60017
129 592 11402
347 484 66287
490 641 23087
139 167 13601
31 387 24839
19 452 30594
81 204 129988
75 391 35057
224 430 44944
120 329 33838
198 513 43658
512 556 61774
527 687 20616
78 384 52202
458 672 29069
1 439 47854
102 344 42059
186 440 18028
487 503 42521
397 492 35847
306 672 27857
50 484 37162
148 333 21401
42 396 34713
117 639 45011
433 478 19723
474 691 49366
236 354 17464
184 314 13038
237 489 37216
598 692 13454
223 499 49336
217 512 83815
50 174 51624
42 144 14036
98 372 107787
105 181 66008
73 638 28844
120 551 47424
595 692 24187
66 674 24083
232 281 13038
363 489 62169
499 530 37000
32 620 45222
32 671 128425
76 557 42059
51 567 23537
18 41 38910
135 495 19416
166 428 53254
49 322 40311
171 433 38118
325 642 22561
88 667 31401
203 473 47802
543 611 58412
303 461 19209
202 239 30414
235 561 13153
271 343 40497
520 608 22136
272 328 18788
254 571 17720
342 684 35468
253 290 53600
382 618 39115
108 319 31145
399 549 42190
92 149 73498
237 363 51884
394 509 20000
144 323 15133
282 313 16763
416 438 40853
53 407 50220
397 485 23431
242 662 29530
21 429 30067
361 682 18788
215 523 25612
433 573 37336
39 697 50606
234 249 25495
56 570 56080
38 261 42802
51 347 48374
208 523 36892
293 606 12806
67 570 39850
157 427 48094
238 369 33242
512 643 87727
218 530 38471
6 454 43658
35 661 20616
230 486 56436
242 299 38639
331 610 18028
289 399 46957
276 459 84149
222 562 35000
11 319 38053
103 146 13153
299 340 60539
482 542 56400
10 486 49729
366 540 29069
239 280 68066
91 656 39408
157 597 29732
311 371 13342
380 685 25632
160 210 20881
190 222 18868
37 387 32062
302 405 44407
139 258 15264
38 477 45222
135 402 21932
24 548 28018
299 664 25495
312 669 34000
221 277 38419
221 454 12728
474 591 48260
276 655 55946
36 693 23537
509 675 37108
418 431 59237
88 372 23601
501 547 16155
153 349 49336
413 562 46573
520 545 10770
11 510 17493
182 676 47413
178 587 44385
392 590 30017
430 476 34176
420 677 54342
285 564 39962
70 603 53235
342 665 88459
255 648 22204
232 331 46957
223 551 21260
240 252 13038
443 654 31765
413 469 78746
45 550 27803
113 381 46098
92 238 39446
322 656 17692
251 493 10630
326 361 41437
325 377 61400
47 542 61814
277 285 22023
107 383 38471
40 430 24083
180 592 41183
187 321 26926
133 518 24515
131 469 26926
287 329 27459
253 357 22672
351 380 14142
463 622 34928
151 185 55227
107 185 66129
576 577 29155
127 670 63008
246 504 75027
5 207 38053
110 391 32016
55 81 30594
185 528 46098
366 444 42297
48 387 22627
554 625 39699
192 421 60605
27 527 32757
151 429 15133
582 701 76538
176 568 15000
245 625 29155
156 447 19105
208 339 21471
391 650 12207
71 503 33242
33 146 23345
493 700 28018
162 227 27731
648 652 31765
148 696 22204
146 284 31828
102 349 58694
184 536 20396
445 461 20224
425 455 29000
274 471 39699
387 653 29967
586 702 56036
444 540 35468
64 94 38949
412 471 86371
18 474 25612
150 158 12806
49 656 38833
517 593 18358
198 675 32757
595 617 31623
290 683 51923
311 504 57385
388 556 37162
159 285 30610
57 243 33242
251 332 33106
265 489 24698
402 462 26571
233 426 46271
145 480 60440
408 465 48466
74 163 27459
263 437 32388
423 596 20518
122 367 45486
424 480 62650
581 601 36235
245 557 27659
208 344 33061
396 522 43105
565 574 15620
86 657 71694
462 686 29833
213 374 21095
282 672 57079
193 483 53712
55 327 23022
170 344 33377
484 594 69289
244 443 18868
222 413 37121
137 150 61400
460 647 19416
216 513 42720
97 665 158902
102 170 57801
100 267 44045
65 175 73736
547 579 22204
7 271 52326
124 183 32757
523 644 10198
68 164 42059
85 140 45486
117 350 36401
141 642 32000
609 610 34059
325 489 28844
238 307 29547
356 491 38210
107 303 23022
31 37 23345
204 332 23195
676 687 24839
160 290 24698
79 199 54083
68 431 42012
417 468 26401
115 127 24698
123 405 22091
128 585 26077
57 677 12806
155 415 35228
65 682 25080
382 401 56604
249 351 26000
69 267 23770
505 562 37000
15 133 66287
43 178 18000
438 480 45453
54 627 19000
432 508 17029
172 312 60531
233 456 37363
145 553 58034
45 324 23770
266 334 31953
391 580 39925
521 582 40162
215 565 27203
404 522 46861
370 500 12042
157 533 48508
151 235 43186
313 330 34986
457 485 41304
102 154 49366
242 602 59414
267 407 55731
554 672 106320
123 699 25060
247 296 38118
21 185 41773
297 359 56080
584 661 34482
588 601 60836
319 463 41110
426 599 40522
252 616 29732
45 276 62000
34 226 51039
281 610 24698
502 527 22361
315 453 11402
318 427 50695
601 696 41437
49 576 34015
203 354 43186
246 536 28231
174 486 36235
94 640 22472
358 390 66219
331 432 24698
81 206 35693
359 372 38588
107 467 24187
235 310 59034
181 199 48415
24 301 29967
118 210 31401
217 459 70711
482 638 18682
25 515 38484
150 494 19026
42 52 30871
343 644 28160
106 403 59008
35 329 14142
299 602 48260
80 381 42190
309 314 12806
282 306 31780
275 612 26627
479 629 70178
166 207 34655
220 422 33242
278 401 43932
165 550 32249
358 375 30150
556 643 53141
110 549 38275
97 105 36878
385 430 23345
152 281 18248
127 459 67082
8 519 42059
152 243 25179
315 414 25942
41 479 111396
248 524 19026
249 417 28792
118 507 47634
262 490 39598
101 300 19235
40 656 45310
244 295 36715
219 635 57801
372 667 53488
259 685 34234
321 366 36222
53 379 68264
12 395 30364
405 693 39825
131 413 71512
351 623 20518
500 699 38419
76 419 48094
289 376 33615
237 681 76531
267 635 55362
118 651 20000
178 220 18028
456 588 20881
485 492 35468
271 449 51245
431 654 37336
62 528 22847
20 297 14318
95 300 20881
154 602 66370
545 608 24042
295 450 12042
20 46 66219
10 58 58728
333 601 29833
78 457 32249
134 194 24021
190 270 39825
191 676 38079
365 619 34205
300 633 25962
538 605 25710
455 487 41869
230 582 81302
312 525 15264
196 432 16155
280 686 34655
256 464 15524
42 292 42107
209 421 58549
189 544 60415
257 513 44045
8 380 20248
356 680 33541
270 416 64405
13 335 47508
362 653 14866
201 423 17889
303 460 22023
10 591 27659
114 236 19849
133 618 58728
224 476 27203
366 403 45486
147 404 61057
218 442 17493
335 376 58215
80 338 21260
398 421 50010
360 363 50160
498 509 15000
27 71 39825
112 342 54589
38 508 54452
299 321 58600
38 176 41012
59 421 29682
159 194 10198
341 666 48374
213 517 25298
211 398 12728
217 622 30364
273 611 59203
268 549 34482
24 496 24413
499 598 26926
93 525 34015
450 514 12083
516 580 37014
240 616 35014
52 323 32202
231 502 13416
96 465 33541
136 480 12806
75 534 38013
36 405 30265
214 311 37736
269 460 38949
209 330 49930
5 428 31257
382 566 75802
69 100 42438
94 385 53000
380 519 29275
483 492 11402
138 439 32802
122 320 26627
50 594 50990
379 670 32450
72 549 39962
81 327 41012
132 255 41340
484 567 30529
140 690 30480
14 297 90006
5 512 37363
377 642 47508
254 391 50912
62 392 13000
194 436 15652
182 191 29967
167 623 37363
497 506 16492
223 272 38897
324 550 11045
243 317 53759
59 313 30887
414 663 23087
355 373 23770
293 681 44721
102 602 91214
216 479 12042
173 476 16279
42 323 21260
421 579 63388
33 569 54672
455 676 45880
317 447 53009
338 470 47854
248 307 77524
167 646 25554
106 286 51614
379 649 82765
92 524 60075
160 197 25554
116 455 30887
159 534 36401
107 460 30414
87 263 36069
169 622 45793
429 478 34713
24 694 34482
147 559 54009
278 336 41000
230 701 33106
223 584 65970
98 609 31064
131 562 43046
491 680 13601
324 531 40361
191 245 32894
551 584 56604
352 361 15620
192 211 31016
403 444 20396
322 577 24331
262 408 41485
470 545 39051
109 315 25942
302 500 59093
86 615 55027
214 679 25000
692 702 26077
491 652 22361
223 702 58310
86 588 65947
308 635 25298
336 448 27074
496 624 39623
315 493 32802
269 461 24515
416 604 39623
106 664 12207
221 464 38013
496 647 30000
280 495 23087
175 673 10770
502 687 23345
146 323 39115
206 313 18385
254 580 51010
146 316 29206
399 546 82492
473 474 50448
376 406 50000
152 609 37216
116 487 42297
373 384 48918
43 587 43566
370 699 31385
192 200 29069
13 448 37108
4 509 51400
373 581 11314
88 607 42485
3 177 38210
39 139 49041
214 504 73682
585 628 41617
7 400 29547
629 675 12649
189 212 34409
301 694 19723
19 305 56223
326 441 59093
589 679 44045
537 578 21260
596 675 39812
198 555 22561
263 575 21190
257 675 37643
389 492 55946
147 487 44553
516 525 24739
70 631 44045
16 508 31145
36 77 37483
265 325 16553
175 353 46530
317 472 35341
23 328 40050
119 521 37336
206 330 35355
68 490 60133
289 406 57009
121 558 26401
586 595 49649
72 75 15620
34 447 44294
46 121 58873
320 636 43012
37 48 24083
526 587 26077
104 326 23537
95 202 64327
419 657 43600
271 644 37483
412 586 22361
74 172 90824
126 651 31113
282 421 58941
144 569 46271
299 366 40522
92 248 62968
430 668 36359
93 312 35468
244 654 27731
90 197 39408
518 533 37336
45 125 22361
262 537 43566
190 562 41146
348 666 39812
152 232 23345
196 609 16125
519 623 35777
446 544 29155
552 595 54120
333 457 52010
124 129 81123
10 230 80262
173 224 14866
506 633 38288
196 610 28636
171 478 31305
96 174 47381
304 396 42048
14 452 35000
90 248 99298
111 615 15524
214 371 29833
240 559 52010
115 670 61612
186 645 28601
18 691 42012
104 563 30887
684 698 57385
271 335 40706
171 573 16279
460 461 29428
296 474 47381
357 528 33242
294 342 66483
227 665 47508
173 648 20025
241 246 57585
177 536 38484
269 445 44045
252 569 58181
14 298 35228
347 594 61814
12 201 23770
350 639 13454
202 300 69354
56 314 44688
6 186 33941
578 694 19849
262 641 26476
27 128 51788
183 701 64405
25 384 34886
242 286 57567
107 528 56462
28 318 40804
412 617 39812
140 475 38588
546 618 28302
327 700 37216
118 636 57140
349 416 60745
82 666 16763
140 599 45706
171 636 58464
248 259 12806
113 606 22804
116 559 51624
107 235 35693
128 599 39962
9 41 25554
531 556 24698
485 681 50220
183 469 63891
58 514 25179
62 357 33061
156 226 10198
197 213 44045
455 616 37947
27 502 34828
353 666 43566
72 391 25942
341 684 50478
16 432 34928
108 510 35777
8 524 35511
202 633 69771
347 469 27019
117 592 78746
99 412 21213
205 611 49497
53 298 75644
18 443 25179
191 625 22361
449 660 29530
170 611 52402
133 546 71512
286 662 69584
17 506 44102
15 435 19026
658 692 27459
47 75 58822
188 312 30067
151 310 45343
606 608 31623
178 422 18974
175 441 71344
353 673 50090
530 621 30463
241 309 19209
111 199 104043
96 408 41785
476 679 74733
44 63 64195
345 587 44011
126 213 55471
100 274 33377
360 381 26077
30 451 26833
322 668 23409
529 604 95818
193 481 52326
464 593 13342
89 139 33242
31 64 21541
192 316 37736
60 639 26173
159 436 23345
406 448 55073
33 252 60017
115 463 25456
71 690 27659
45 643 17088
212 304 50329
368 676 29967
305 637 30594
33 158 58249
406 546 56036
103 200 42720
184 246 43139
63 364 26926
30 468 28284
333 389 36401
297 420 34785
76 585 23345
339 523 21024
93 254 37162
334 597 29155
325 665 60299
89 505 21587
188 516 42154
60 243 38419
418 450 50210
114 354 20025
16 176 49406
58 174 51624
173 177 56080
414 700 15811
93 516 38328
274 544 68622
91 487 45706
237 360 74673
459 670 11402
219 412 69527
496 548 25239
44 364 57306
336 660 49254
34 472 32757
120 287 34366
239 635 38949
114 521 25632
308 407 54342
29 544 36014
21 478 42720
268 285 44011
261 568 60836
66 182 35777
158 252 24597
83 310 20518
38 350 74330
295 443 32249
15 533 56859
98 667 57315
31 540 22204
33 228 36014
73 572 46530
22 55 11402
82 341 48301
21 683 34438
175 666 64070
4 261 66121
519 567 37483
321 540 26926
275 490 44407
400 449 20025
358 626 104317
436 534 20248
375 402 33541
315 663 23707
382 393 74250
122 638 34409
38 568 30083
227 526 30067
3 570 25080
58 418 52202
540 640 31000
439 688 17205
253 590 26926
51 562 42048
128 426 11180
532 609 46011
70 74 33601
116 240 20396
283 559 28231
496 528 47413
473 591 14422
260 582 48384
135 375 20591
2 86 32558
57 420 50090
148 475 36497
376 564 35777
300 620 32573
37 304 46043
147 656 50329
38 117 66708
440 645 17000
314 575 44598
89 646 23431
391 435 40853
165 286 85633
291 620 32249
625 674 31401
85 503 19698
280 305 45541
225 247 23409
157 518 60902
19 411 45651
206 672 86145
471 552 58412
481 659 32802
137 616 57035
3 173 40311
118 171 43600
233 475 45880
113 681 44407
216 675 49578
404 656 72533
346 589 38910
353 560 19105
138 274 68308
283 522 25179
389 457 51088
275 431 51546
65 470 60033
480 600 56223
595 702 12207
509 596 26000
107 561 38588
424 600 31016
345 665 68425
233 599 56223
53 288 68096
326 352 33121
19 375 34482
481 576 23601
549 650 23345
9 474 16155
619 620 29275
202 219 10050
35 291 43012
339 644 25495
272 453 22472
467 496 46615
233 601 57489
138 155 10630
205 449 23770
479 513 47434
120 541 33106
358 462 64140
159 268 35355
193 389 15652
14 637 52038
65 382 43841
4 176 39013
208 343 33377
73 84 38601
303 445 19698
311 346 40162
554 674 52173
283 404 29155
280 411 20616
262 578 59414
85 91 32016
321 340 15000
30 645 36000
405 699 26000
542 572 19209
174 378 21633
47 571 63600
169 264 59908
393 546 49254
663 700 20518
125 459 38639
64 640 26077
41 247 34176
314 536 27019
74 669 13454
121 250 41437
25 78 66287
1 403 51923
132 356 47297
240 569 57801
435 580 31828
500 631 12369
52 212 35171
191 687 34886
501 579 19235
102 697 48765
428 553 23537
292 304 33971
261 394 38079
555 675 39925
503 690 35468
30 234 21541
112 141 28284
302 342 122000
462 497 46615
66 501 24042
289 564 19849
143 218 10770
32 633 36878
239 305 70178
65 338 51788
294 698 53151
86 419 114529
5 166 29069
544 658 41677
105 422 58523
138 544 69635
286 655 23324
246 679 12207
190 258 10770
224 255 33242
41 164 83241
585 657 40853
389 397 45618
475 576 50210
542 571 29732
182 501 49010
372 607 52000
318 441 24187
93 571 39051
40 653 59008
10 203 53759
17 202 33242
321 640 28601
138 655 44407
137 579 18439
101 620 23087
81 700 70576
399 406 54562
497 626 21932
58 465 50606
98 196 24021
219 471 73498
32 101 36878
441 666 29682
20 420 43829
39 153 35355
492 681 56851
439 655 47074
488 501 22091
154 364 43186
17 632 36770
393 406 44385
200 530 44204
337 485 38275
436 636 52469
573 636 60075
188 580 63348
469 604 86954
495 686 17263
404 653 24739
29 274 48083
368 425 12728
318 326 48836
163 603 47000
90 590 60926
51 484 31780
407 637 57140
184 241 25080
471 635 33242
137 398 69893
38 331 48384
137 547 17000
278 660 67209
268 564 40224
447 639 45398
266 689 25060
92 408 76922
393 566 12042
488 579 25495
265 560 32558
297 607 43267
627 658 18788
213 593 18788
437 545 37443
61 180 45222
215 645 43966
162 345 28178
489 560 48765
346 371 29682
381 673 30083
514 591 42190
363 630 21095
506 686 52202
419 554 32757
89 190 37736
281 609 35014
269 548 65734
123 597 40162
141 377 36014
279 574 15811
356 483 43829
185 683 25080
105 587 52202
100 288 55543
137 368 45277
263 570 65115
294 684 41785
39 258 49396
378 408 52202
434 492 37947
296 354 31241
301 538 65299
581 588 55946
163 312 32696
373 588 60083
422 587 47011
464 517 29069
489 587 50804
251 315 36401
305 407 61294
288 379 41000
121 298 64281
613 620 36892
56 536 47802
209 328 50329
419 672 139014
489 526 36235
294 693 31906
134 517 41773
287 584 29120
245 554 41012
51 505 12207
580 689 65788
203 230 86163
305 411 48795
293 434 25612
320 482 25179
186 374 41049
290 590 50160
56 177 37202
466 582 44407
185 235 70036
565 644 22361
264 472 22804
142 533 17720
291 619 27295
79 384 30806
332 541 45100
126 160 22672
510 670 56036
126 517 57035
484 519 24597
16 98 28071
193 356 68250
475 481 58310
269 383 55009
303 383 26870
4 16 84504
186 256 42000
256 454 45277
1 655 11402
413 416 47413
577 659 14318
221 376 61855
102 504 50249
31 640 25456
65 80 65376
128 557 62177
365 584 42720
115 510 16492
295 691 23854
99 365 28792
292 396 29833
296 513 42450
56 263 35114
223 586 78102
18 654 32573
371 589 46098
134 277 38949
89 258 32558
607 677 55902
518 563 34713
7 335 43417
302 370 48877
134 285 33136
98 432 33106
455 687 44204
12 198 34205
272 315 30017
36 427 56036
147 283 49739
355 581 15133
253 392 14765
201 596 30806
52 292 42450
140 161 22204
491 570 21260
220 681 72622
14 19 27074
150 616 29275
97 345 90620
337 457 49649
11 463 25962
202 632 55758
326 563 23409
439 544 63127
168 578 28160
132 224 27857
68 275 18868
273 575 51478
83 478 41773
99 586 25495
34 535 51088
73 542 34928
183 466 50537
448 660 51894
611 660 41725
97 111 124451
163 669 22023
163 188 11000
256 374 24352
39 167 51614
46 558 44102
176 508 37054
72 534 39962
329 671 30529
8 259 31064
86 585 81615
172 572 52555
297 298 75392
279 565 17720
185 429 48301
47 320 38053
255 652 18974
130 620 15264
418 612 28018
142 266 51245
78 333 37000
179 636 38897
367 636 62642
195 530 38328
338 520 46400
242 664 23431
217 535 78492
170 343 43046
273 660 67186
26 697 49041
225 479 60208
364 438 33015
68 538 130050
364 600 43417
498 629 34176
44 550 40262
275 418 38471
8 685 15264
60 331 68000
195 658 36056
247 474 31401
49 161 16971
28 82 34986
109 209 35355
76 128 44598
536 679 28320
386 583 18682
69 471 39205
3 652 22472
313 421 52010
337 681 66851
192 398 38053
64 387 11705
220 337 36235
69 635 41037
434 680 28601
68 605 104346
46 57 52697
84 638 40817
394 596 15620
467 647 25710
53 637 70178
124 529 31064
134 507 55543
113 520 32894
250 298 74653
48 304 46519
94 589 30871
309 543 21633
264 622 41617
76 657 38833
47 179 11180
222 270 46065
519 583 36878
434 483 33015
381 630 11000
106 299 22204
40 404 57775
244 450 44598
523 565 24739
630 673 28000
69 274 31321
302 693 38288
195 598 26173
158 494 29155
567 623 22561
349 364 49649
112 341 13038
457 515 47760
307 624 38288
24 624 49336
44 531 31145
198 257 17263
325 526 44011
126 197 28443
62 307 34438
362 387 17117
169 558 34886
124 207 46872
416 480 14318
419 615 169095
21 171 50249
148 193 27313
272 551 45222
183 529 29530
472 622 52953
67 680 35735
304 522 60877
266 603 10050
506 632 10440
512 535 28844
143 442 21954
24 307 49193
26 39 23537
11 108 30232
4 629 78186
505 646 23770
85 161 35128
223 511 25456
211 228 12369
92 369 11180
367 573 15000
100 649 38601
379 510 45486
231 557 12042
414 493 14318
123 157 39357
143 195 18028
659 668 21932
388 512 39205
132 659 19105
205 271 55579
25 79 49820
8 386 41037
239 308 28792
103 316 37443
104 618 44283
544 552 35511
67 263 58138
113 293 21260
193 475 39825
67 491 34059
277 564 54203
91 503 29411
603 689 16279
4 568 31953
67 608 13454
203 521 40804
13 406 57706
4 394 55227
182 674 16125
26 695 45607
15 580 24187
180 521 30414
30 695 29069
399 435 27514
75 571 37590
232 610 32558
85 656 32280
323 442 28320
106 366 31890
32 506 53085
609 667 44721
188 525 26627
385 476 44822
531 550 34886
27 599 20809
354 473 44272
200 621 39623
44 410 31780
126 507 52240
66 672 47434
208 215 47000
81 330 30000
156 592 85212
588 628 15232
102 311 88284
401 575 57489
501 676 49092
552 617 44598
230 347 49396
234 685 34655
186 634 33541
233 696 31906
70 500 52355
6 440 30806
12 180 45222
53 250 34828
17 239 46043
518 618 50596
553 604 28320
140 503 46530
177 476 61984
560 642 33242
61 423 43829
9 18 22561
256 593 24759
520 606 38601
360 681 18028
94 187 15033
301 548 12042
337 515 12649
109 327 22825
180 395 37162
522 559 26926
223 621 38639
167 695 41593
328 621 27659
61 592 46011
385 653 46615
143 323 30067
386 519 42202
29 552 20881
63 242 63632
265 642 18028
49 85 24698
46 264 56400
27 690 37054
466 701 61400
168 238 30806
521 592 57035
318 563 43324
87 470 29069
500 597 55579
13 376 41110
83 433 32280
79 373 60083
268 534 36401
112 377 26401
552 658 53759
398 494 15264
88 532 36069
317 639 25080
2 373 45706
286 664 48918
120 539 35355
426 628 21095
125 276 69570
47 482 44204
28 341 42059
5 388 43186
469 701 40224
269 647 45100
423 477 38471
187 589 38897
200 316 49769
87 437 22136
150 398 30414
100 415 18000
241 611 46098
136 604 22561
219 239 31401
597 699 29682
95 613 17029
103 530 42297
229 572 31401
179 320 42059
104 518 11705
79 111 57009
110 435 17088
32 130 44204
20 121 20224
39 190 50636
358 452 43174
412 552 73593
336 409 44643
425 616 18358
571 572 29682
432 610 23770
490 612 30414
204 541 52000
365 412 43139
582 592 59464
46 243 70328
155 655 46615
141 341 28460
145 556 12042
174 594 58694
459 649 86284
356 434 40162
454 634 42438
25 181 30610
511 530 36235
368 455 31953
189 688 13000
298 637 31828
124 166 40497
90 213 39962
135 686 26401
162 587 22472
52 143 34886
619 661 55227
184 309 12083
446 627 20248
385 387 51000
427 563 28160
234 248 69231
205 660 42059
186 234 67067
181 422 23707
132 481 35114
28 77 32249
295 514 13892
476 589 67268
693 698 42720
117 156 62241
305 308 65803
310 383 92655
37 444 26833
172 229 30000
598 702 25942
164 654 38210
214 589 36401
332 539 25612
48 653 31016
152 677 21840
451 695 11180
185 357 24698
4 498 44011
216 257 13601
369 408 76655
109 453 26401
234 645 48332
339 343 14866
84 367 103812
133 399 81320
221 564 67067
32 626 51856
163 689 36688
231 245 31623
35 671 28071
322 576 19026
11 115 13038
188 689 35000
502 557 21095
541 671 15652
29 471 43081
78 601 23601
24 578 43046
83 84 164754
80 175 19416
424 531 12042
289 549 25000
549 564 33000
357 392 29732
390 452 34828
212 403 77621
149 583 32573
141 666 51088
34 207 50695
15 142 44822
54 189 53038
522 569 36401
225 513 60208
411 495 15297
331 350 70114
71 487 28443
488 672 34928
307 392 36125
278 575 66910
23 209 35057
547 676 42012
260 466 21095
537 605 55227
144 284 20591
266 597 24839
393 448 34015
155 276 41773
375 411 32757
191 231 19849
382 409 69065
90 234 99644
261 423 30414
48 522 65008
60 317 22136
93 572 22804
402 686 32558
586 617 26173
297 390 105152
382 470 64514
361 618 25298
481 577 29614
204 700 59666
87 575 48847
7 13 20881
227 345 25000
61 477 37590
505 567 17692
109 663 15000
234 468 12000
651 678 21024
278 409 12166
529 553 85446
192 209 45177
80 673 20518
348 353 15524
60 350 29732
538 694 61587
6 634 10817
329 541 33061
24 168 43012
230 594 24839
34 217 68359
130 671 84291
133 435 73348
447 472 47297
41 225 52498
389 483 55317
114 203 32311
148 389 18248
133 533 16401
288 407 50289
455 527 49244
208 697 38210
577 668 12166
271 454 52498
359 607 45967
304 444 50040
514 691 27019
165 276 53600
119 513 24166
108 250 23324
97 615 138105
6 574 28302
418 465 11662
511 621 22825
197 290 16401
135 411 24597
99 584 34205
221 335 30806
205 343 42012
459 512 100623
400 448 41110
340 589 42012
460 467 19235
224 648 15620
39 270 33971
532 677 37483
269 538 98995
165 662 49366
261 477 13601
434 681 56000
200 328 38588
349 697 58898
141 348 31575
169 319 37000
5 535 39446
255 491 31305
442 530 41400
249 685 13153
348 560 17029
153 697 31321
226 447 25942
353 363 43932
469 529 65069
370 405 40706
191 502 27893
92 386 74686
95 412 52811
195 218 13601
83 367 75664
138 415 43681
413 604 16553
70 597 61774
237 587 51400
359 614 21213
40 668 22136
210 651 34438
349 438 45310
112 684 46755
151 478 42190
139 646 27785
210 683 25807
327 663 25495
125 512 94149
127 622 34670
95 365 24413
63 154 55027
254 516 32558
599 690 29155
59 330 17493
34 622 62968
486 594 38079
271 574 50606
207 226 55218
65 441 63506
20 298 68447
623 646 25942
421 458 68096
65 352 31623
567 646 20591
23 192 19647
458 579 27295
195 627 38118
279 440 19235
50 519 43566
126 678 13342
162 526 11180
214 246 17263
48 362 18028
559 569 36497
273 543 14866
269 301 73756
206 282 30083
25 199 57245
126 134 62626
7 449 41231
41 654 47127
400 660 25710
574 644 34525
84 172 78237
390 614 78447
212 688 43278
437 608 48166
53 108 15133
499 511 29155
264 317 37590
234 259 61685
17 280 41725
458 488 22472
33 284 19026
537 538 53151
90 374 35777
183 260 61522
272 621 36688
584 586 46174
36 698 30871
297 614 72007
30 215 47885
584 619 57140
26 208 37802
19 637 55902
167 417 38079
124 260 75961
149 174 46000
436 507 52355
142 689 52326
267 288 25000
165 655 84077
145 388 33971
166 529 24187
129 156 82152
300 613 23707
262 465 60166
329 661 11180
158 616 21840
375 452 43829
487 527 47854
403 688 69065
410 531 12806
241 543 33000
43 237 24083
377 665 65742
6 271 55444
220 515 40311
365 613 19235
49 475 35014
28 684 56294
229 312 37363
172 631 166481
299 346 63198
233 588 51614
410 424 11705
542 638 52498
209 327 42059
240 455 41881
58 96 32894
124 226 38626
224 659 39205
160 678 18439
291 671 56586
153 270 23324
134 159 23770
284 569 42720
207 535 22361
302 631 69260
249 468 15556
77 698 13038
613 619 24083
127 217 22361
105 199 53075
70 163 51894
437 470 20616
71 527 38639
172 669 79120
428 529 71589
497 686 48384
448 566 31113
401 409 34205
46 169 23022
55 330 24739
149 408 63348
119 236 37643
129 260 14036
140 233 37363
70 172 123483
287 661 18682
82 318 31321
157 334 10296
170 205 29732
168 408 78230
279 645 18788
286 403 50220
273 278 37216
33 494 48754
451 468 32249
54 212 42012
128 628 27203
243 264 70831
311 602 72567
507 651 34482
110 399 18028
54 143 32016
189 439 26926
189 446 45607
426 456 18028
145 424 15620
532 607 45607
54 446 34482
467 528 40012
63 602 17804
141 560 39408
142 334 40853
388 553 41400
397 457 25080
122 482 26926
61 117 59211
177 679 37696
388 428 28071
320 367 52326
60 232 40262
351 519 35847
146 442 28425
259 524 14213
417 451 23345
274 415 40224
119 180 36401
543 575 48918
306 421 67941
77 427 41725
528 624 16553
92 307 61522
210 678 26833
504 611 53254
430 659 37162
103 442 21932
649 670 85913
351 417 22023
10 473 27514
161 475 25495
149 378 30463
438 600 31890
28 698 35355
129 582 55227
319 558 17088
357 683 32573
352 441 65215
256 634 19209
50 583 31780
262 612 50488
96 378 42438
55 209 36125
86 628 72007
59 209 53413
637 401
873 794
610 658
303 52
417 307
299 601
377 655
240 472
127 224
190 288
552 199
246 145
371 675
643 86
336 818
382 22
747 159
122 246
670 88
556 101
119 662
965 403
885 409
93 514
760 834
358 511
852 638
504 912
727 303
292 518
650 511
837 132
821 453
434 222
892 232
445 942
667 495
341 92
363 488
697 599
105 211
770 441
684 863
517 395
549 339
504 142
206 764
685 511
761 648
230 395
295 403
757 413
592 184
756 396
956 410
560 662
475 98
150 331
953 449
419 137
297 162
122 567
512 459
658 531
505 798
949 564
600 721
52 324
672 259
321 941
821 613
274 772
182 833
294 921
262 782
903 674
472 916
773 769
809 843
570 805
986 416
522 882
55 706
145 844
770 625
897 772
522 720
498 25
323 418
220 595
771 593
145 475
246 854
624 550
814 205
139 362
776 916
410 24
818 252
648 294
829 168
454 526
827 417
436 832
740 924
592 452
49 598
577 182
937 376
329 783
864 828
551 936
615 763
215 219
545 210
821 543
356 157
150 677
226 175
913 274
559 121
146 781
413 924
369 260
545 317
192 655
522 219
861 689
299 219
864 167
315 364
675 649
401 831
241 694
721 88
419 387
917 524
660 354
332 450
795 663
571 916
371 846
788 397
784 442
474 359
825 430
772 578
756 719
186 414
864 493
74 662
446 82
398 483
460 477
652 347
381 214
395 889
854 501
250 716
175 640
773 660
679 925
299 894
65 284
559 352
391 294
321 458
118 479
517 161
419 572
124 712
209 889
638 629
186 368
574 824
342 51
582 632
702 863
208 753
260 188
741 858
933 596
341 277
527 620
111 621
275 577
623 535
299 883
703 394
355 438
906 609
880 428
731 708
240 718
794 380
411 48
197 627
219 124
779 888
867 402
269 139
751 192
227 249
947 292
409 600
993 451
415 269
381 541
920 407
155 646
869 457
723 422
241 629
561 573
334 541
189 125
502 229
798 393
752 202
696 846
305 651
365 422
867 325
649 639
145 177
383 224
667 950
857 454
233 871
259 329
891 622
429 98
805 699
272 510
42 633
202 204
660 865
125 509
721 197
825 523
504 610
567 427
443 107
103 281
917 640
558 590
137 199
204 497
261 487
565 162
938 319
832 512
141 585
261 820
640 671
275 619
202 121
345 442
214 489
298 233
307 118
84 412
548 695
459 176
618 906
356 895
650 250
275 741
10 549
386 463
354 608
895 352
494 654
681 289
62 340
611 339
275 675
475 686
309 562
718 129
428 85
985 480
747 535
802 452
274 697
622 410
879 269
626 243
323 731
184 617
879 191
728 444
631 749
477 982
135 299
175 196
553 87
623 115
574 465
820 185
66 501
421 990
30 585
705 469
675 144
978 511
137 536
694 207
516 625
40 692
541 541
269 881
980 464
526 633
925 353
848 448
426 158
492 873
554 161
168 766
609 512
726 628
786 427
526 345
625 921
459 837
957 387
887 369
894 246
962 434
387 77
924 289
773 732
386 884
335 644
434 686
713 814
556 789
371 560
597 521
544 925
543 990
376 574
414 539
692 950
579 528
301 355
577 885
445 468
391 147
271 463
475 808
581 870
195 220
805 780
664 695
124 600
706 48
550 31
634 795
465 796
686 529
614 841
489 445
828 225
613 476
121 743
878 547
134 477
379 965
554 544
517 11
828 786
252 611
703 78
340 702
572 952
174 386
586 252
257 461
612 809
474 767
11 604
791 818
669 578
212 442
669 527
449 336
738 722
642 31
297 784
134 572
421 715
274 99
275 154
747 467
718 763
878 466
344 773
404 643
504 719
736 72
651 451
720 546
415 946
380 732
641 195
124 401
477 698
488 382
710 110
797 255
382 389
948 341
648 312
424 411
288 477
100 346
951 671
520 76
928 465
720 869
277 123
484 371
869 538
851 694
443 886
421 338
89 664
673 601
78 291
396 54
86 715
651 733
335 799
233 732
543 727
462 426
680 380
292 571
513 861
807 408
119 271
655 471
12 593
739 366
395 201
407 684
403 623
136 311
304 494
664 58
916 360
314 642
848 558
841 709
741 773
962 524
552 279
44 568
15 573
761 81
527 192
271 634
106 356
296 254
61 577
272 498
322 338
535 746
711 263
441 190
181 262
142 230
762 683
641 613
315 129
96 698
177 126
427 397
708 661
171 791
684 734
264 410
700 778
203 336
816 585
954 545
641 897
56 384
626 699
687 745
945 327
865 474
725 107
79 534
788 119
262 68
820 340
367 966
932 547
879 616
788 617
488 563
302 413
784 135
187 707
379 53
262 83
561 214
849 343
453 297
204 165
147 306
725 818
283 844
249 653
425 836
253 432
584 752
239 210
750 510
350 561
205 478
277 868
669 920
859 606
101 576
367 291
832 375
496 372
473 51
388 841
240 751
437 273
547 616
77 455
24 451
908 309
632 498
927 244
216 825
504 643
728 339
574 748
426 764
917 541
65 513
308 751
527 356
881 309
747 309
416 361
958 639
241 129
483 351
890 634
548 145
773 524
594 884
29 631
337 401
451 859
308 718
326 567
429 706
290 426
333 63
779 488
612 683
244 815
228 840
121 728
314 577
541 675
727 647
702 632
91 471
935 528
312 821
820 778
252 248
217 424
851 261
887 691
807 275
691 906
847 729
596 563
164 571
169 270
296 208
258 637
240 345
799 324
262 109
375 911
797 354
840 655
483 402
792 755
526 470
346 894
397 382
30 426
621 741
517 63
591 731
427 50
405 76
458 607
77 362
831 206
565 16
879 824
860 522
789 294
441 788
855 204
851 175
860 363
493 200
285 448
108 561
928 613
797 99
756 377
853 715
230 80
612 820
355 969
781 145
813 160
290 607
702 231
181 725
645 138
166 809
401 156
632 529
58 407
603 916
533 333
348 571
292 554
308 436
55 552
637 649
625 325
304 774
170 677
622 677
696 540
91 256
634 390
739 616
925 706
764 360
688 635
429 637
884 251
553 401
946 364
585 442
631 981
538 877
467 30
704 620
285 911
559 270
920 230
988 537
584 820
947 588
226 92
891 574
467 88
179 658
568 597
634 710
651 789
482 788
134 631
516 967
248 485
742 104
875 593
690 394
334 883
815 640
148 279
787 345
450 965
76 484
314 499
778 716
407 513
473 929
391 936
961 350
289 315
809 331
