547 951 12 159
34 49 19647
5 384 45651
170 426 61911
239 481 67978
304 314 23431
256 413 54342
3 305 53367
145 475 56939
296 516 19026
128 232 12806
256 324 25942
120 531 92179
234 492 42755
233 314 65192
405 512 37537
61 238 59775
59 238 21633
1 406 75928
34 394 25495
107 299 55866
156 175 41437
107 467 47011
424 430 37054
49 70 27731
218 531 21932
37 221 55758
286 293 21541
281 324 24698
108 358 13416
299 502 45343
323 462 64351
25 457 19416
228 408 48021
152 464 14765
370 371 41881
26 326 36139
231 417 52154
121 307 14000
255 279 57070
184 466 11662
216 239 51039
96 213 15133
306 486 23537
167 535 17889
27 316 31385
138 342 23022
428 531 26249
259 429 17088
211 454 52612
436 516 24698
371 546 44553
146 496 26000
123 327 20248
382 439 65765
458 499 65215
383 446 38471
214 506 36620
398 406 53814
281 388 33377
7 208 23431
81 456 30806
20 340 45277
234 483 38949
160 360 65115
467 511 45122
111 283 52924
348 394 62769
97 108 13153
114 519 18385
46 452 35355
262 489 16125
113 495 30017
282 343 65970
187 204 42000
180 366 53759
13 200 48836
109 171 29120
273 524 55946
298 465 47508
225 455 24207
288 435 70214
181 379 26249
344 390 15033
252 284 33242
135 521 55579
43 414 25495
371 501 25495
133 215 30083
154 176 64000
63 421 62241
24 343 101637
77 396 22561
124 161 19209
336 365 48010
30 285 23770
24 209 30265
269 298 47265
70 416 33541
331 432 42544
28 232 21932
52 506 40050
25 207 48754
37 316 29732
63 355 13892
269 399 58694
29 529 35228
53 497 29732
83 338 74632
166 513 49366
19 177 13454
119 436 42720
135 254 28018
58 411 29206
28 263 41231
227 352 60208
264 294 16763
320 493 15232
525 541 37643
16 363 57689
321 530 28653
215 498 34366
105 381 24187
8 57 78715
105 138 56303
203 362 53759
205 526 50606
233 449 32527
10 166 42544
43 317 84865
437 516 23195
358 473 24352
45 69 49396
436 482 55000
52 305 60208
337 350 33971
264 540 24207
94 476 62682
67 459 57940
168 185 35228
260 532 53814
12 57 33302
93 333 33302
3 17 35511
150 425 23345
444 525 21541
211 460 26571
408 543 61057
205 273 52393
161 515 30806
163 545 33061
169 433 13601
25 385 79612
214 512 51624
230 420 61000
178 400 32757
346 506 26019
237 407 10440
403 469 79101
184 345 49406
87 493 26476
373 452 47413
536 543 29547
291 494 32450
162 415 61855
18 135 40804
437 524 49041
201 286 23409
326 488 41677
88 528 41183
35 204 79379
427 487 36249
39 149 64078
26 334 57009
145 183 56045
53 292 17000
61 271 55362
46 200 23022
115 308 57280
274 275 37443
514 544 46819
36 267 38053
90 519 33015
109 174 17088
6 131 21024
260 401 30806
298 361 67000
267 524 21260
155 472 13153
414 503 17263
2 158 56080
270 332 13153
24 435 25495
232 505 30083
215 278 30265
23 289 46400
258 355 39459
313 365 11662
28 242 40804
268 471 57070
90 488 27019
83 166 37643
201 293 16125
367 484 44654
195 290 24352
259 317 66910
116 169 80994
212 507 26173
108 153 35777
240 344 32558
381 451 24759
31 199 48600
302 350 48600
517 533 39205
244 355 48847
9 357 52802
72 468 16155
314 517 46615
188 268 32650
220 298 32802
313 540 31401
102 280 27659
91 119 55154
16 399 43681
126 282 16553
50 176 33106
101 295 34409
255 407 45177
273 450 79649
189 317 43012
115 187 16492
190 282 18028
231 490 12530
260 518 52802
51 153 37577
427 546 54406
258 421 63953
349 427 19799
40 44 38210
150 165 17088
349 483 58249
154 277 56939
219 246 77492
59 179 56009
518 532 72250
1 398 68505
121 251 30364
243 463 21932
21 60 35341
38 130 15033
137 421 68447
146 508 53852
16 536 32311
171 174 34928
131 542 12369
198 329 69340
117 369 74411
229 245 46011
48 430 27731
156 459 32016
106 226 30364
422 546 32249
91 500 55543
212 438 21213
68 222 31321
459 474 19849
85 338 46174
461 475 25612
426 494 41195
196 311 60008
422 479 60166
167 301 31953
142 468 27659
324 442 19209
73 383 23345
161 285 48083
187 529 22825
35 426 102859
101 461 72367
111 206 17029
281 307 16279
127 265 52498
115 474 43417
24 288 65115
289 295 47508
192 501 44045
194 319 22136
160 227 56569
66 421 35468
202 283 28284
230 231 23195
287 545 21541
348 431 40262
379 426 28302
210 483 39925
198 348 72111
93 504 36401
72 80 17464
173 361 25632
483 492 34713
82 97 48052
86 514 21932
166 275 13342
242 253 62968
227 291 42297
200 217 41049
372 494 68007
491 509 37696
267 437 37696
13 217 38833
399 543 57628
21 476 36620
134 374 37202
314 432 46530
400 534 41146
397 486 32802
25 328 49477
15 483 52154
134 330 69311
134 276 29428
12 169 106301
214 279 29000
216 237 53852
58 473 28160
293 505 31828
496 531 70036
302 499 15133
239 423 21541
172 321 16125
61 382 53740
253 400 39825
216 407 54562
195 305 39051
383 430 26019
107 511 11402
217 452 49041
113 431 80753
104 365 29206
224 460 22627
134 162 29069
280 474 26476
220 269 32650
263 287 37656
425 433 11045
172 392 52326
251 324 12369
206 489 45453
148 359 12207
212 347 55462
246 523 32311
162 374 45354
448 533 10440
148 202 42485
40 506 36401
89 533 35384
170 171 37855
95 203 51000
139 313 58600
268 464 49649
279 547 52773
197 469 47802
56 193 94021
272 514 46690
8 304 34132
79 367 33377
176 277 60216
143 159 68964
177 533 37736
144 174 11045
165 425 20809
111 284 15232
248 303 26833
41 143 33000
138 501 53935
335 366 73783
179 372 14213
395 500 21000
265 439 26306
13 376 53085
10 390 79699
434 486 61327
177 331 29275
29 35 71281
9 98 19416
415 505 27295
341 477 22825
78 83 16279
181 402 40025
191 538 42450
257 504 111946
10 274 74953
225 254 26019
52 312 39812
379 402 32202
54 159 17889
278 359 51039
7 173 23707
62 403 23259
119 508 43463
87 491 59034
29 102 46011
116 240 60008
515 535 44418
291 379 38639
266 485 45000
63 258 36715
253 440 14866
159 332 30067
405 429 57219
106 306 54745
247 397 10770
269 465 42720
60 476 18601
140 222 28443
18 466 31321
368 423 30414
40 346 30265
160 352 24515
496 537 48270
369 421 78339
155 364 16401
277 319 41617
246 477 91082
378 404 34525
183 339 39623
138 192 61294
101 445 24759
294 351 34482
336 485 50931
141 503 27019
106 528 35384
295 510 24331
60 96 44407
79 369 21932
155 161 20616
460 464 30265
99 478 57219
22 414 52612
105 451 22136
39 443 18439
245 271 18682
371 487 18248
23 510 74793
150 480 43417
344 398 55660
213 363 94048
57 236 59093
248 413 41146
247 486 39395
182 241 44553
180 482 56851
92 139 53310
275 443 35000
47 421 77201
243 501 67119
462 546 78715
80 468 13038
167 424 40000
222 287 15620
1 130 26926
23 292 37014
217 373 34655
92 540 13038
223 502 39623
37 498 90255
389 405 84900
54 499 69893
326 364 39661
375 417 59076
82 230 26926
20 38 44553
296 482 66008
100 329 27731
3 379 62514
386 544 35440
71 330 63388
40 186 48836
109 197 45398
26 386 57385
325 362 54452
380 450 125603
297 362 40706
189 389 63977
95 400 43829
46 147 34482
195 196 38079
473 530 33242
61 129 27203
356 528 35341
136 538 45277
112 507 27019
301 354 13000
3 110 35228
80 416 47011
266 523 14866
48 446 48662
66 369 64537
137 475 28653
56 62 107168
102 474 13928
139 336 93172
17 157 32202
87 401 59464
211 470 60166
191 412 19235
264 418 32650
224 464 24413
64 362 47074
32 96 18000
35 529 55227
27 93 37202
315 367 48415
35 310 73878
410 497 52953
98 431 79158
301 544 63032
14 203 56223
306 528 46098
381 492 19105
403 497 40311
244 471 68250
19 132 61131
309 403 58830
351 418 24331
28 345 37656
103 323 56798
15 370 13342
68 201 31145
164 497 70725
289 497 20248
261 478 28653
145 461 65620
127 439 40497
368 481 67424
4 123 35468
321 420 55109
39 521 85475
156 462 72560
409 438 40706
47 367 37014
202 252 27166
22 125 51788
131 199 18000
57 449 43105
74 203 48826
255 512 17692
256 532 32249
243 479 18000
123 150 30364
88 356 35228
199 542 24187
49 440 38639
148 252 41773
23 397 23022
236 304 17000
60 100 35228
184 338 51856
33 218 18028
334 524 16279
65 191 46519
150 390 83934
8 12 77621
310 372 41231
31 98 52326
91 180 42450
28 128 28018
154 479 68411
352 360 56648
401 518 60407
14 114 32280
400 468 31305
6 290 37336
51 411 49244
150 327 35609
290 351 53600
122 168 53235
172 188 34234
238 261 63246
206 262 36359
444 522 33615
64 400 42544
217 376 57009
146 205 39925
21 94 72014
257 498 38210
99 206 39623
20 85 50695
149 521 53141
226 377 26173
32 276 59076
145 339 30414
391 441 22472
241 320 87201
86 302 36892
332 380 11045
370 492 47508
178 297 50990
173 220 28601
208 361 15811
188 392 33136
42 375 40608
353 409 51478
261 391 25298
104 351 65490
32 330 46174
47 419 29967
69 199 19235
419 477 64846
149 207 11662
207 385 46011
228 374 70178
26 36 69462
166 443 34540
41 331 124201
292 410 21190
110 351 37443
11 208 38053
221 300 29428
169 480 41437
124 326 36249
122 517 30887
151 310 26173
363 532 64885
424 453 62801
348 481 71505
19 41 86267
292 539 50537
2 274 11314
4 322 33000
158 449 26401
18 254 16492
108 417 43278
353 438 31765
118 229 76557
182 491 41146
128 286 24166
445 471 20616
393 537 31401
175 349 37336
400 416 56886
26 472 50567
27 333 55000
68 198 44553
161 364 26683
245 520 49336
148 262 52498
416 495 24515
9 495 22472
395 511 38079
194 387 79511
133 498 48374
24 249 45880
122 378 72450
207 404 46011
104 336 21587
534 541 38275
50 463 51157
329 368 30806
103 277 19209
320 388 92201
126 259 62626
75 525 21213
159 270 17464
55 357 54342
114 484 72615
36 296 69116
209 249 22023
144 171 38079
373 421 39850
22 317 85440
81 521 77414
531 537 111360
83 513 33971
33 428 38484
3 402 54818
250 284 30480
140 287 24759
347 417 14000
189 405 54562
50 194 46174
141 209 33000
263 440 63159
76 235 21213
356 387 41195
241 493 74431
44 512 50804
276 536 15232
36 334 49244
56 336 31145
76 469 27659
250 262 28302
42 153 30000
11 303 57428
219 341 77795
55 523 38626
168 378 42720
33 500 36125
126 190 19416
45 431 27857
428 508 23022
353 490 23537
30 90 37537
312 547 45607
84 188 17464
117 217 57315
36 326 82541
125 396 45277
210 280 18868
448 453 37537
108 375 43139
299 467 40608
340 345 72014
77 118 26926
233 385 83187
278 498 51662
157 264 33838
370 451 27731
67 308 12530
45 311 29732
151 179 30083
152 224 22136
129 520 36497
257 283 51478
130 228 27785
65 521 45793
185 404 42544
303 413 14318
59 441 69921
136 519 19235
211 247 38833
435 503 29275
337 450 113745
178 242 67543
74 114 49041
169 322 85563
196 305 34713
516 526 33121
6 311 59363
110 418 35128
208 248 25962
91 502 38639
315 484 55009
83 456 25807
167 515 38013
99 283 94154
229 520 20616
209 435 32650
255 429 50160
55 199 47011
458 527 19026
51 473 31064
246 384 68007
58 392 50289
138 371 43417
212 409 59203
223 366 47927
391 478 19723
470 490 39115
251 442 15297
157 418 12207
35 359 73682
251 307 17493
18 225 33541
116 406 105683
89 448 31385
306 434 61033
343 509 47011
5 477 51000
74 412 19313
137 461 10817
62 193 48754
89 453 12166
43 141 21024
186 360 40162
121 388 30414
186 447 10050
266 336 35903
221 316 44283
48 424 15620
162 330 72615
151 372 20224
94 423 13000
78 456 13000
285 535 42638
7 399 40311
455 466 44407
300 504 14318
268 335 30414
246 357 51624
140 286 22672
170 204 13342
393 450 62169
129 478 32802
164 309 22672
73 430 19235
120 218 71176
263 545 39623
84 464 48042
212 387 78447
127 405 22091
172 420 56223
11 399 30232
105 333 42297
187 308 59000
444 541 33242
206 250 16763
86 350 19105
236 314 15033
103 539 68029
42 51 17889
165 433 18028
112 347 42297
389 396 43324
145 341 78090
65 538 37443
287 394 40447
117 376 31385
44 346 22091
132 527 75895
226 306 49244
193 339 29530
28 415 31890
223 411 63891
77 245 19105
213 536 70661
354 527 85709
118 245 36000
49 163 14866
133 359 48415
132 143 57009
72 142 16971
323 539 65192
30 535 27295
122 533 46098
9 384 36770
272 524 80623
203 412 41340
244 335 38471
84 172 40162
355 471 72028
136 185 72111
67 235 33377
67 156 54129
249 259 86215
399 408 68359
380 537 204120
97 358 15652
146 393 34059
349 487 19026
124 488 36125
147 366 61008
184 318 35057
485 542 33541
312 506 15524
400 541 59093
112 231 25080
273 526 37656
438 507 15133
224 510 64140
1 38 24021
73 122 38601
120 395 22204
277 377 29275
79 484 32985
68 100 84959
328 457 46400
477 522 68015
28 318 55946
9 113 26907
386 472 17263
167 354 25020
353 454 49193
382 389 71784
95 362 38897
31 69 43174
257 300 98311
15 349 22825
77 271 18439
197 235 35355
52 447 64351
2 25 52326
4 327 34234
237 259 51010
318 325 33838
251 320 44181
82 231 42059
85 513 42000
71 293 27659
66 373 25495
27 492 49980
18 325 40262
367 419 52498
442 532 42755
294 313 24515
319 377 20616
81 254 30676
68 330 86284
348 547 54562
105 342 36056
147 180 43909
31 431 59397
71 162 35228
182 288 17205
24 190 93622
468 534 33242
272 337 75153
175 210 19416
163 394 20616
88 377 38328
408 465 44777
8 432 40012
154 422 41231
211 224 26571
78 166 32985
59 265 61057
39 457 38079
454 470 24739
87 509 43863
5 142 33242
92 313 40000
57 322 35128
221 498 85586
75 142 19698
158 274 58181
192 463 78000
70 348 72835
441 489 57706
83 455 33061
185 446 38833
64 297 30676
27 234 46325
219 477 76844
340 374 37014
152 445 37216
181 447 51157
101 183 36878
164 323 84717
240 480 73498
75 522 53666
211 434 52202
54 458 24413
270 499 71386
144 170 30806
14 315 77156
76 309 70576
53 410 31241
342 370 33242
34 348 65620
172 530 37802
274 328 33136
125 414 104393
17 170 46872
493 80
347 163
681 613
267 106
467 508
637 525
619 53
167 177
523 454
428 172
639 76
215 116
209 651
310 420
692 888
602 135
700 643
411 296
115 238
499 148
709 233
954 355
435 793
889 277
310 200
180 487
793 850
498 289
745 761
228 393
579 487
633 212
110 752
546 397
804 721
188 556
791 793
492 104
358 225
725 491
54 299
190 862
935 326
751 463
647 455
268 685
355 544
171 337
527 392
524 971
198 846
705 502
472 777
36 384
577 539
523 605
237 141
232 816
877 561
677 248
952 531
529 712
352 651
429 384
341 339
276 593
664 748
591 331
621 497
539 417
574 265
470 464
168 295
326 397
440 484
616 758
937 461
397 221
299 510
477 448
385 263
306 856
413 218
297 767
480 195
72 469
801 155
438 921
121 287
253 421
156 728
623 672
815 880
740 298
411 401
651 212
259 866
542 450
975 640
648 268
394 712
711 792
493 907
575 607
751 910
444 909
154 840
246 864
681 702
661 584
959 678
316 916
541 434
279 411
725 753
371 18
241 586
951 438
135 677
121 818
737 82
191 264
294 83
200 445
963 406
787 315
811 469
526 290
960 557
507 103
618 534
99 297
904 736
589 208
372 308
275 375
371 635
704 941
574 693
533 317
926 307
458 476
54 332
708 707
445 650
75 644
235 695
881 688
299 250
323 74
870 646
358 762
214 880
554 893
172 443
653 801
671 629
304 127
20 392
815 537
188 430
570 230
541 387
533 798
317 58
389 189
185 381
216 311
295 46
726 682
689 674
284 805
608 32
697 708
667 840
554 957
125 229
457 389
878 617
197 717
763 588
891 199
430 704
451 281
251 307
758 527
729 737
280 771
833 398
798 299
361 381
653 975
485 691
478 967
655 570
670 535
636 708
635 338
618 516
245 684
570 308
919 707
366 425
729 695
60 607
946 667
289 244
637 38
893 307
683 829
374 808
324 935
653 197
733 441
875 744
771 321
247 643
92 753
506 597
585 49
821 840
561 322
190 737
365 783
396 266
473 900
823 593
521 127
982 508
329 870
326 893
518 280
257 161
754 825
631 743
213 195
757 373
895 549
720 323
395 73
860 167
486 328
590 959
314 682
951 474
529 523
412 816
662 31
876 321
930 672
746 111
922 680
475 390
395 292
768 410
711 102
918 774
320 669
808 374
743 174
955 569
915 648
514 327
639 640
845 509
546 567
150 558
301 746
560 70
24 409
933 479
60 512
111 595
355 155
376 186
584 179
505 922
845 740
712 421
693 813
721 93
780 300
939 727
953 692
234 416
548 300
551 334
901 213
463 756
632 562
781 598
472 794
568 292
623 645
422 732
152 615
419 355
565 23
193 800
850 845
155 392
92 438
686 43
196 195
693 561
453 855
737 96
670 737
550 783
851 664
669 475
688 466
599 640
214 210
362 477
781 821
874 385
449 316
471 946
790 115
286 821
234 106
544 882
734 114
421 335
215 478
301 102
358 188
673 280
637 258
129 200
22 422
793 905
145 532
296 716
554 602
28 444
484 241
459 677
522 187
432 573
717 922
796 236
419 95
491 252
729 461
274 911
611 406
672 877
53 467
640 615
791 542
360 904
160 380
359 663
403 917
565 486
252 852
874 698
771 489
632 23
383 374
650 103
182 456
593 630
234 756
332 515
698 298
290 530
705 891
670 914
867 626
271 618
559 186
215 894
212 598
476 926
256 296
743 605
21 433
748 886
914 493
185 311
489 468
243 243
142 444
399 958
716 60
891 425
404 96
963 593
247 768
53 618
557 374
134 800
932 439
422 812
436 42
614 93
450 421
761 199
724 579
519 733
290 290
809 447
476 6
747 370
546 86
381 951
492 801
209 798
344 390
699 49
946 303
519 265
506 411
274 897
664 619
382 531
340 810
309 606
594 903
728 303
161 349
300 70
758 629
658 863
94 717
814 390
159 312
621 445
168 217
299 59
392 857
914 282
120 637
136 593
345 932
849 483
489 385
944 581
749 126
376 221
405 477
377 730
219 329
759 537
148 271
280 138
41 557
730 903
293 660
123 299
382 860
415 251
392 233
321 216
56 370
685 802
349 799
380 641
590 837
575 975
345 769
524 47
441 287
153 793
464 449
598 737
358 866
357 735
159 441
229 844
698 787
396 621
688 263
443 553
980 583
572 959
334 32
659 353
153 681
720 844
307 478
591 567
448 832
673 896
236 442
917 632
337 899
854 181
746 867
796 129
799 625
511 435
65 668
482 749
880 778
94 423
134 779
651 931
163 766
943 286
844 858
546 269
703 462
343 917
95 694
819 195
398 728
143 837
781 422
438 195
92 478
163 412
133 616
176 237
701 206
272 394
966 521
317 300
392 508
541 553
134 544
425 469
104 632
75 369
418 885
749 726
261 835
77 737
707 134
145 261
432 458
201 389
590 165
28 637
320 370
495 839
624 659
396 445
606 537
578 138
108 434
543 354
626 907
660 430
