944 2543 28 169
155 490 32894
378 480 37696
657 914 27893
68 171 33601
144 401 34785
379 812 32000
461 782 29155
92 208 12806
307 834 42048
133 734 35000
41 307 55570
72 706 37336
170 301 53600
349 623 38288
305 377 39319
253 747 20224
491 598 45354
584 642 55000
1 483 12530
290 667 34670
26 713 13928
249 375 46872
14 629 14422
353 500 40224
512 744 47707
677 808 38013
457 904 12806
162 634 26173
136 811 20000
13 939 50774
22 146 18868
306 735 21471
138 908 41231
94 488 40361
644 789 71847
115 654 22204
404 463 68476
37 594 36069
305 774 37947
710 810 45541
558 718 49336
371 739 25080
205 564 12806
156 262 18601
411 639 25000
645 881 80604
699 722 12042
37 857 12369
525 699 24839
458 726 31241
221 231 48508
749 754 39115
655 842 34234
46 487 39446
464 734 34059
174 851 20100
355 747 24042
231 893 38013
340 932 12166
244 307 41146
98 212 21541
507 689 36139
149 611 41437
563 820 29732
245 797 16643
172 773 11402
123 279 44102
409 560 29206
132 207 58694
110 523 22000
505 847 44721
497 920 28320
788 813 49336
29 927 28231
285 563 13892
146 589 19723
701 897 25298
722 777 48847
389 401 36620
133 346 23409
56 74 42379
102 251 67357
165 768 24000
375 792 19105
140 710 39699
194 783 51971
350 858 18601
177 615 40050
233 585 14560
465 732 40000
150 447 40804
624 737 25000
375 662 33242
149 252 50090
455 597 34205
660 685 20000
359 575 50000
69 267 20616
571 940 50448
656 695 39623
344 751 30000
693 801 13928
101 873 47539
697 826 50804
415 581 19647
17 106 21213
177 184 31064
280 776 56009
144 590 32016
134 636 27586
118 589 28653
249 890 29411
350 562 29069
537 732 51088
60 908 41593
75 153 45000
725 797 15232
377 599 50000
238 711 45607
129 496 38833
340 839 32757
464 485 15033
25 39 37336
633 733 44598
290 573 39115
198 892 36359
353 881 48384
172 915 34525
86 252 39623
540 672 64070
190 689 23770
109 853 12042
8 371 20100
545 679 14036
497 650 50210
79 517 51225
89 208 15000
131 497 29120
893 935 37696
239 560 66310
836 853 41773
197 848 30150
440 689 40012
616 886 35228
103 339 40311
656 840 31016
51 572 40311
123 449 43417
145 678 68007
42 627 22561
573 637 12649
272 504 40804
152 216 34000
419 846 21095
370 770 25632
268 883 57428
239 726 39000
482 686 17889
206 477 35847
332 797 44147
179 451 26870
582 686 21213
202 383 18111
731 758 16401
470 907 33015
345 943 11705
365 874 15524
195 684 16279
191 516 58728
53 521 26401
174 710 31321
187 290 23324
149 815 27785
511 635 43046
51 732 42755
630 877 18385
471 520 42426
15 735 16971
112 837 61911
591 658 29833
594 599 60033
546 700 25080
161 872 15297
117 351 27459
78 134 39408
321 364 24042
726 843 31257
354 375 43463
397 427 46065
257 795 14318
108 695 16553
142 673 35000
314 603 36688
237 436 30414
501 532 26249
324 891 47170
502 929 39051
7 621 25000
8 361 37590
16 724 46271
398 697 14036
323 556 46098
443 778 17205
441 930 30463
129 455 56851
68 731 39115
574 836 25000
197 510 23431
34 240 33541
841 872 17029
339 344 30610
260 667 43463
63 865 16643
303 677 17804
282 413 22627
23 241 23601
333 595 25020
134 624 38275
793 899 47170
791 870 10440
171 758 22361
906 909 17205
383 462 54406
442 928 30871
461 682 50000
538 582 27019
261 866 45343
66 165 31000
51 581 22204
487 603 30150
319 399 31623
7 462 30364
544 785 20025
200 290 33526
313 350 23770
166 764 25000
815 923 20000
347 348 22091
21 272 35903
751 827 22204
616 684 32757
60 587 46098
853 931 59034
43 794 26476
190 284 40311
19 674 149459
71 768 36770
243 447 32249
157 416 52038
159 441 39925
129 767 17000
834 912 56321
83 195 29833
296 446 37202
608 615 35128
204 370 29155
73 143 48270
340 669 26627
133 486 22472
154 577 39598
35 639 42012
159 528 23409
468 880 54203
228 899 26907
70 508 24021
96 300 38419
721 744 42544
753 823 16279
654 765 14318
40 318 29833
76 688 44944
71 386 28160
191 702 35384
529 889 34205
529 747 20881
370 683 24331
141 855 43012
439 618 18439
756 814 29967
379 807 16492
354 662 44385
143 235 18385
22 308 52000
259 751 36715
262 622 64257
8 725 47413
609 850 45177
307 912 30000
170 422 14142
305 520 58310
408 783 14213
677 798 38013
666 681 19416
532 717 29833
105 917 13000
184 417 16553
597 626 32062
88 278 25962
265 776 39217
360 501 30017
301 425 23345
88 264 27785
6 616 17000
427 849 16971
77 356 51478
413 505 20000
338 844 39205
335 859 47434
212 491 11180
15 126 41881
22 326 51624
95 434 28653
203 842 41037
439 804 25942
297 928 37054
335 418 53038
35 91 47074
597 744 23431
327 715 32573
540 917 47170
71 913 16279
601 729 37336
46 732 32650
6 886 37336
23 944 33941
798 808 53759
521 819 12530
28 193 26926
813 928 11180
229 845 98793
143 212 15133
329 404 56639
68 596 18248
547 730 40050
151 342 45967
194 868 57035
58 773 53085
294 478 41000
336 413 41881
519 803 24331
238 607 70064
74 605 33956
380 745 19416
355 529 31906
431 791 19105
645 864 27857
463 782 18439
47 275 58822
404 506 23854
745 862 16401
267 473 23601
382 910 59414
51 487 41593
342 353 26420
460 778 39560
523 547 39825
172 761 25179
653 674 24000
530 797 24515
283 725 37336
384 399 17464
116 880 34205
357 646 29155
77 536 36674
448 715 37443
604 708 30529
520 774 38471
220 676 36346
88 675 18868
357 511 38053
568 939 48703
164 271 15811
213 567 17029
825 922 54231
139 350 28862
213 677 41049
118 468 42107
215 429 38910
458 607 41049
89 288 36715
177 580 46819
511 940 35847
263 941 32894
866 895 34438
320 697 44407
253 376 53339
34 148 51420
253 391 63569
94 254 32388
616 930 45541
245 361 24331
68 185 39319
492 518 37363
44 898 22672
337 402 34132
141 324 27659
44 73 36235
295 527 19416
482 907 36069
489 603 29530
444 559 47518
479 631 30067
473 616 35735
355 799 36139
55 312 12042
227 882 29155
662 918 31145
70 837 36401
318 416 36401
170 538 39699
412 812 18028
504 583 44598
249 767 31623
245 725 15000
81 254 39623
690 733 18788
242 415 22472
123 730 46957
348 829 31145
83 684 39408
562 692 22472
601 657 17117
578 733 65146
187 637 25495
86 282 30887
220 685 36056
535 661 20396
437 733 67186
520 594 13928
583 638 48010
249 662 26077
463 835 46487
311 326 40522
154 903 57983
571 816 53488
151 732 32450
112 470 20224
64 355 57489
198 856 59363
386 768 34015
108 551 49244
200 796 11180
635 704 35511
207 209 19313
52 183 20248
189 592 37054
769 773 52498
681 771 25000
426 679 40311
185 596 42720
502 676 16155
405 905 38210
308 506 16401
678 864 84024
69 824 17720
11 450 17804
470 482 45044
244 490 25239
341 839 44011
486 518 34655
226 826 33302
325 751 29833
131 934 20518
421 652 31890
26 897 33015
51 242 26077
176 824 15297
191 791 17117
5 239 56036
452 927 27203
607 862 44045
832 867 24759
655 838 16553
766 911 13000
484 692 34482
383 411 53009
686 701 26907
183 846 55218
43 623 11045
433 529 25000
256 286 11662
680 739 49244
769 861 21213
837 897 31765
35 600 18788
151 465 42297
535 556 20616
323 896 39925
309 628 21095
65 74 18974
267 464 40447
596 633 27586
127 915 33601
253 355 29069
193 362 35511
428 855 42190
698 869 11402
11 124 12042
198 764 56515
370 882 35384
100 560 22091
210 795 60083
452 754 34000
586 807 25962
433 747 32450
238 310 44922
610 914 34409
134 393 32202
30 210 35440
236 778 30887
114 358 54037
602 887 42012
461 700 52402
378 390 36878
474 593 55082
357 502 21471
577 934 14318
246 626 31401
54 166 34928
526 784 19105
243 522 24083
161 845 34438
64 535 23345
173 762 13416
561 925 15000
525 681 12207
384 904 27019
380 402 17205
606 750 11314
241 707 19026
329 835 42638
256 879 36620
302 847 26870
21 328 21213
18 327 15033
205 606 23431
626 744 22023
346 485 23770
474 868 50090
480 943 19105
664 775 38910
530 601 44294
655 871 21471
101 663 26077
333 631 21095
292 467 41400
702 791 25000
406 539 12649
287 934 44922
612 722 48836
78 519 17205
462 549 47011
248 795 61400
89 834 37216
319 384 23770
389 579 18000
177 668 48795
176 399 31145
441 476 35468
183 625 23409
546 615 45453
326 506 45695
348 737 20616
459 678 141496
423 558 39217
831 857 19313
550 692 10630
165 490 38949
866 879 44045
675 717 17029
225 334 34205
383 780 15232
236 460 11705
46 387 26401
386 913 25298
282 505 28000
50 466 179747
554 932 17117
414 792 26627
223 349 37162
35 219 12207
11 653 30414
247 925 88363
484 861 48754
334 806 14036
24 269 13342
85 871 15297
21 504 16125
317 875 19849
222 309 28018
314 678 39051
162 292 22472
155 165 40311
179 430 15133
388 419 41146
174 760 24166
742 751 27857
698 736 54037
449 514 69426
438 809 17889
178 698 21378
483 499 28460
698 748 100005
32 469 21095
830 903 52326
300 328 31305
400 455 43267
140 466 130096
536 634 40522
173 609 44598
95 921 17000
677 851 23087
99 503 36401
516 733 43932
576 820 34655
523 730 32650
753 937 20025
147 169 11045
363 397 16553
130 234 63325
111 625 24021
87 163 15524
224 384 22847
84 911 36014
415 500 17117
509 598 67052
266 763 24083
769 915 38079
52 688 33734
374 908 29017
108 656 38833
316 855 39850
219 639 43081
550 562 21260
132 782 54083
683 770 25000
370 628 39812
28 812 28443
275 767 20025
227 817 13892
764 856 43566
179 390 24166
342 465 29732
91 639 38275
265 919 34015
46 875 46530
392 784 12042
833 854 20000
246 597 22136
212 599 19105
16 651 39925
197 627 24413
36 838 25495
447 475 44283
38 175 11180
521 548 17493
56 188 41195
68 633 16125
289 681 15133
426 667 41617
229 618 31321
716 912 22804
595 770 11045
825 934 35440
155 386 18974
194 354 15620
152 586 28636
82 590 35609
72 458 23087
642 845 15652
294 571 34000
135 842 15264
302 505 27313
209 546 42379
13 854 14213
139 672 17692
111 422 23195
274 488 10198
615 933 24698
215 443 34713
736 869 45277
101 645 55714
339 921 32249
239 363 49244
582 907 19925
211 637 58694
566 705 49041
721 840 39699
311 787 48826
332 876 27295
482 582 31780
804 827 63151
69 904 46872
134 756 22361
723 741 22361
2 56 48010
352 467 45000
422 668 37336
27 644 32388
633 741 51624
279 730 24083
359 899 35511
53 914 13416
385 528 19026
74 188 18028
473 720 27731
44 336 39560
264 660 19235
291 859 27659
41 241 27785
150 230 49031
704 791 30676
419 727 22204
23 707 18682
265 454 31623
247 522 58138
3 896 52479
203 223 46957
844 941 25495
8 283 39925
366 835 23022
679 944 27659
145 487 33541
779 857 21213
227 683 17263
78 393 37121
492 734 28443
776 919 12369
375 868 41012
15 209 53600
284 440 40804
316 542 41629
292 536 20100
124 182 17804
57 647 31890
77 321 53038
173 574 44147
267 720 26683
498 553 18682
490 757 49031
507 570 31048
516 596 32280
281 937 20125
633 690 46690
412 556 42154
250 503 36620
268 435 14036
450 908 37577
131 896 32757
715 822 42720
76 183 27785
180 428 34059
34 892 47854
429 452 26249
766 930 21378
764 892 40000
674 713 128082
57 893 21932
86 786 27459
272 715 38275
69 863 49193
376 747 39699
475 817 32696
128 554 30806
181 643 52802
553 667 26019
199 650 36497
415 881 29155
807 833 11662
551 656 36674
88 660 34438
369 944 35114
430 501 31890
364 648 14866
140 614 106921
87 557 33000
34 763 44418
151 242 16401
138 450 10198
364 885 28425
867 932 23022
78 347 25179
20 205 25632
878 937 25495
107 168 38079
855 865 42426
452 772 71309
24 673 64195
199 632 69354
651 658 25020
65 188 20809
286 643 26476
181 905 41593
39 91 27893
101 881 70036
48 651 34928
623 794 25710
159 163 42107
525 776 71028
267 886 18028
314 703 26173
593 783 24839
424 825 30529
555 558 38053
134 347 26926
89 679 58215
408 832 27659
19 70 43186
40 828 24331
126 209 36401
462 905 43000
41 707 25495
182 653 25080
38 865 27857
241 288 15524
3 154 30610
144 389 32140
723 910 24698
419 933 33377
216 568 13038
393 636 10296
792 868 28792
420 467 50329
635 702 16031
773 915 35355
280 699 31890
320 499 18028
256 617 29155
198 835 26401
387 732 14318
328 735 31401
471 748 29732
215 236 23770
12 588 32696
506 605 29069
587 622 15133
410 754 14318
196 292 42059
229 804 60745
228 861 52000
353 918 44102
105 517 23195
82 436 80062
368 535 20396
38 883 38471
444 796 37483
158 361 36125
55 798 22472
615 668 36346
79 237 14318
162 536 22472
268 831 33242
351 698 74673
431 704 28844
259 325 43012
120 664 12207
429 938 38471
272 300 30414
192 445 20616
64 909 20616
316 883 32802
393 883 25000
158 406 28425
257 325 25000
595 913 36235
60 794 31241
136 870 17464
801 942 25495
341 573 63695
90 755 56009
492 775 34986
42 876 18028
513 756 13892
53 548 12042
358 576 16553
7 787 13000
217 839 47508
109 924 10296
617 866 44643
356 685 41485
111 170 18385
173 293 35693
173 285 41400
30 510 48083
134 513 13153
484 800 43841
29 503 42048
396 502 48600
376 433 12042
528 789 42190
142 266 46174
509 647 20616
234 619 46861
274 881 27019
69 399 32894
579 850 50990
388 608 10817
126 184 55172
106 835 44045
115 210 13038
692 709 16125
110 417 32311
185 191 17029
222 370 34015
524 843 22825
114 466 45793
111 608 29206
281 407 29069
466 614 25632
204 409 39661
741 798 31780
309 912 19026
376 755 29614
213 798 38079
243 247 44721
189 496 24597
13 929 19105
167 736 20809
579 590 35355
84 766 38626
298 704 22804
476 848 41725
100 204 34525
425 612 27785
265 493 62362
261 617 25554
66 565 27203
445 726 25495
191 596 50448
374 541 16971
440 540 41231
507 800 67742
775 891 38013
116 251 18788
299 655 36125
530 725 20125
43 203 32650
58 903 31016
482 701 28071
482 837 54231
523 580 19723
379 833 17205
658 816 48374
85 203 18028
46 489 33242
188 649 35609
345 654 26173
100 315 20616
734 775 13153
320 629 25942
115 765 25495
3 895 28018
69 485 26926
18 203 29000
296 602 18358
374 638 35000
641 879 27000
119 646 34015
205 543 35735
853 924 10630
229 872 50990
75 787 41725
356 536 33242
841 888 26077
47 887 37855
352 536 27514
298 410 16000
102 118 70036
146 311 44147
631 683 17029
125 887 32527
258 322 101000
132 700 70007
252 282 12166
363 427 34525
102 593 22804
201 775 22804
388 933 23345
98 180 33541
47 537 17088
470 806 18868
453 761 26833
538 668 27459
9 759 45607
315 447 39825
269 598 35903
242 581 17000
578 931 73164
57 935 27459
491 599 25298
416 925 62169
101 274 61587
231 336 52697
199 273 14318
193 924 12530
620 878 54203
650 850 52555
816 937 37802
845 902 29614
31 325 38275
77 158 54203
167 471 44204
636 756 10050
521 914 34482
304 916 72450
85 655 16763
72 192 15033
377 805 18028
279 449 67424
282 809 42379
692 858 17493
601 876 32202
354 711 41340
295 583 30676
642 902 29732
225 289 21378
174 494 19209
119 511 11705
90 905 48508
648 739 41773
362 850 42379
93 359 49649
56 877 23345
742 827 25942
28 578 35057
232 276 30000
291 919 41110
189 693 39560
305 715 35847
213 802 35228
171 811 41304
48 451 18358
345 765 31016
226 697 39825
587 653 18358
455 496 28636
431 702 11662
209 306 57009
367 474 18248
526 835 31064
130 780 60465
294 620 28636
409 716 47508
62 659 72622
514 712 27295
601 627 29411
486 519 35228
569 697 21024
161 584 43909
140 567 42720
437 854 36688
800 861 16401
540 570 36069
423 607 32016
351 513 32062
368 896 17029
557 923 24000
64 661 36125
329 941 24759
278 717 34059
403 425 12042
264 940 31016
314 489 25807
196 755 46011
548 819 21932
3 781 29833
263 392 19647
288 834 33838
652 846 36497
379 437 33971
167 857 35440
403 722 41012
390 651 40311
105 659 24515
150 560 26077
12 544 35440
48 360 41617
115 531 31321
150 740 31048
230 243 27295
31 751 19723
365 624 18601
47 400 42755
208 834 41593
10 939 13601
666 687 11662
279 547 43909
102 860 48094
289 687 13416
263 338 35341
484 570 44911
315 882 28018
473 886 15033
477 669 44385
555 873 34176
305 871 48042
393 803 31906
389 609 25710
22 468 48508
139 313 17088
538 580 36401
234 809 44294
36 748 26401
335 887 38079
449 713 83774
78 829 28284
591 884 28160
879 895 43105
461 727 30067
310 711 16553
128 477 35903
223 623 11180
795 804 26173
553 641 11402
66 490 29428
27 371 36069
585 746 19105
636 883 24839
44 728 17205
534 638 32802
494 810 32650
52 76 31401
451 501 17263
5 354 58310
251 474 47424
618 888 31385
346 486 20224
289 666 18439
101 555 34928
469 768 60166
323 850 44204
63 428 19416
132 137 18974
280 695 49406
507 540 33242
50 140 52000
259 510 64637
424 830 29547
258 454 14318
322 666 39051
551 894 18028
123 124 25807
23 369 15000
180 865 31305
435 869 36139
17 782 51662
566 885 43658
67 240 29069
356 939 35847
344 742 10770
241 944 44147
133 518 36497
24 373 17000
20 804 117881
178 869 19105
169 418 66731
14 558 37802
453 490 46530
441 528 27459
269 673 63600
140 213 37483
195 664 27295
257 804 31016
299 515 16279
405 643 17029
90 330 11045
541 583 33015
255 423 17720
218 792 25962
37 180 29206
557 815 20000
441 521 34132
552 911 27785
207 306 54708
206 834 41593
640 776 25239
45 272 19000
298 754 25554
430 451 21378
571 878 58941
575 790 27019
453 915 31780
259 481 57489
432 845 55471
509 673 34785
200 643 16125
77 539 44654
544 840 37643
109 574 20616
82 820 19925
251 593 66731
632 861 32757
398 569 18682
275 400 53666
381 703 38328
195 201 18788
286 498 16031
103 936 21633
598 893 46228
16 480 46755
495 660 40719
124 450 15033
690 931 30067
816 884 44911
150 843 48301
163 786 45618
885 923 34986
99 250 34234
323 497 44283
334 926 26420
519 829 15232
49 598 47202
543 606 16492
31 827 13928
256 498 14866
610 657 27019
361 680 30806
25 533 33121
565 793 18439
438 738 36770
12 394 13000
206 341 61741
317 387 46819
261 799 13153
633 731 41593
461 463 39115
255 483 18028
229 841 40817
16 591 47518
150 524 52802
30 325 22361
200 498 33734
229 888 21024
547 701 33526
737 874 23324
112 806 32696
220 939 20881
98 143 23087
563 760 26683
271 302 36620
164 302 35511
281 778 38210
401 609 27459
863 904 13153
70 759 15620
258 771 51088
214 286 16401
35 533 47508
331 400 12530
496 649 35440
593 868 10630
175 883 40311
310 353 39013
12 695 28018
360 900 31385
127 861 57489
576 810 31401
367 592 33615
83 728 17692
139 790 24207
252 611 16492
8 739 31828
685 743 44822
224 319 15133
2 188 24083
84 510 49254
71 469 84593
290 796 33601
205 344 57983
488 881 20248
225 687 17000
148 892 21213
120 898 21095
189 801 43046
28 853 37643
66 793 38471
517 917 29411
774 838 39000
545 944 18385
387 537 47760
258 493 96385
527 794 13342
533 619 18788
404 605 14213
534 818 34409
533 566 26571
162 196 32650
560 740 34000
629 718 66940
611 738 29120
387 602 43417
143 221 69771
106 366 29155
671 905 29411
230 447 49244
100 740 32558
449 674 50010
75 444 50249
36 471 36014
384 665 32000
24 97 16000
222 912 22204
273 632 67683
92 834 41012
166 302 39598
240 763 38833
58 769 59816
21 300 31780
14 499 10198
25 467 45222
79 917 31257
394 656 32249
73 324 30480
58 369 15000
360 651 43174
99 452 87464
119 940 29155
300 673 31145
727 933 47802
425 785 27313
64 866 45607
545 903 44000
138 818 51624
168 758 37121
728 786 25318
515 670 40000
27 729 16553
439 795 24413
34 67 17029
156 349 41110
155 595 28653
275 890 44272
192 239 16492
27 548 41012
285 760 19105
61 890 39051
290 553 28862
495 685 35805
19 26 12042
218 942 21190
54 847 27459
112 926 40447
81 873 16279
346 464 23770
334 722 42107
248 888 43046
18 295 14318
220 495 34438
234 438 37014
145 603 46861
45 822 48836
98 599 34828
421 708 21378
49 269 20224
421 682 17000
181 214 34234
186 772 43324
232 558 13601
303 851 15811
113 268 25060
442 444 26870
427 696 41437
76 625 39395
103 750 16279
213 312 15811
18 43 21378
326 844 32311
627 876 15620
248 618 49497
18 527 28178
60 541 36878
436 576 67082
263 856 40447
104 178 23022
529 799 27203
476 930 15811
572 645 23087
343 502 13153
201 684 16125
290 637 36139
753 852 13342
315 740 29069
717 900 33121
572 864 22472
348 874 13892
512 721 21954
521 789 46530
28 931 70456
299 838 35171
94 238 52173
153 589 47413
19 508 67067
519 542 32894
711 918 12042
122 919 37121
359 562 39825
277 821 22000
755 889 20518
380 483 18974
158 539 24166
43 223 21378
189 880 18439
661 895 16763
351 756 26926
358 466 30017
535 895 32016
414 474 10440
181 617 33838
338 941 26019
56 708 54148
816 878 34713
223 842 52887
3 260 40025
706 711 50329
403 612 32388
41 773 21095
20 564 16031
135 262 54672
80 305 33242
399 824 26683
335 640 53413
385 789 28601
86 336 33941
381 493 50329
678 703 44385
60 583 43012
80 774 17692
27 819 39051
441 616 39115
271 935 16125
436 590 70214
759 837 47000
322 687 36892
438 705 41183
362 412 65069
67 647 34713
278 900 32450
456 798 39000
198 526 16553
711 719 15000
54 302 42190
407 937 23409
562 899 31257
113 865 28320
144 579 35341
58 694 22023
613 790 18000
540 659 65368
578 690 70064
41 172 20125
156 752 30480
558 629 35847
10 356 32802
369 714 13601
80 655 34059
410 429 25612
356 539 47074
116 592 10630
104 814 50990
518 542 30364
29 754 45000
708 877 43417
197 531 20248
19 837 16125
34 137 43139
13 220 49497
442 559 38210
351 624 79812
112 482 52802
486 542 15524
76 301 29155
418 859 18788
131 920 27893
192 458 24352
903 944 40719
92 206 12806
329 506 57871
60 349 17464
109 372 29547
311 844 54424
81 274 41110
335 446 22091
552 616 36797
140 802 23409
234 705 50695
587 674 36674
644 819 59414
224 737 24207
273 689 20000
204 277 15811
130 809 43909
552 930 28284
416 913 56089
73 120 33287
64 556 15620
266 306 28320
87 159 39850
202 234 45541
153 787 66030
447 882 46098
269 509 73546
81 232 20881
17 132 10770
422 538 41183
540 689 45793
217 867 12649
110 730 29833
312 798 30000
174 820 36497
44 221 58009
189 649 39408
363 849 28425
300 735 37121
749 811 22847
402 499 18385
372 850 37216
884 937 34928
476 521 41049
214 256 19000
246 604 16401
700 727 41304
8 680 28636
203 327 31765
305 448 50010
30 259 51478
33 860 20518
303 760 20248
434 720 11402
754 811 38419
253 586 48332
628 757 10817
272 295 57070
122 291 21541
33 839 30463
434 481 23707
216 854 20248
143 324 25632
99 395 33541
323 362 24698
303 808 29967
10 220 13000
32 768 47043
14 255 19105
766 848 40200
313 613 28178
407 884 25298
476 914 14422
406 717 32016
5 706 45695
704 938 25612
84 481 38275
402 483 21541
55 910 29411
78 348 36797
6 901 11402
157 913 13342
596 733 40497
84 259 59228
186 452 28178
518 891 40311
157 333 10817
159 684 15264
55 567 26926
542 803 29967
236 772 20616
14 320 22825
74 506 48270
604 626 35341
177 417 26401
235 324 11705
254 607 59481
65 880 22361
657 729 44777
402 569 23770
421 846 19209
144 563 28844
252 809 38053
36 670 32985
84 848 10770
522 561 41725
292 352 12530
116 468 38626
620 938 34205
103 457 28018
652 708 25179
140 810 77369
493 678 96830
694 773 37643
614 810 31401
426 545 36497
320 569 25179
47 331 36125
125 894 12000
207 700 35693
555 718 15811
666 771 19698
260 641 35777
278 940 61221
105 304 21932
535 896 29698
556 909 26019
502 646 22472
472 665 21378
343 516 26249
69 936 49578
211 839 39051
494 820 27659
103 921 33242
1 862 15524
89 241 36125
352 420 46325
205 750 25080
182 674 36069
392 941 27203
601 610 33121
640 859 18248
29 758 45793
258 265 39408
13 216 30067
121 852 11314
309 757 14422
426 903 52345
35 619 46174
333 913 22204
222 277 31765
379 578 31048
40 817 33971
160 746 36620
195 775 32573
149 786 45354
720 921 36249
345 378 21095
126 328 43081
895 896 46011
332 378 40311
194 867 59034
455 744 32450
5 192 53852
640 695 44777
194 375 38897
344 750 59540
287 903 56080
630 682 36235
180 831 32757
160 793 33242
443 620 40311
224 665 31145
40 479 35171
107 741 40817
836 931 29428
670 698 110209
681 699 24698
682 877 25000
236 443 17029
337 398 21190
338 549 38471
30 257 25000
522 828 17263
270 612 57315
226 524 15033
239 445 19416
624 665 60075
80 838 29967
384 472 35000
371 644 20881
297 813 37336
104 268 25298
102 788 58464
626 721 44418
341 679 67052
45 715 48166
496 801 37736
788 860 64351
318 925 34059
379 586 31145
92 341 57201
21 638 37202
160 165 49396
41 761 39962
181 261 32558
525 771 31145
4 348 10440
89 944 47707
40 925 29155
356 743 39319
364 420 30414
74 468 52173
20 742 41725
430 532 38210
194 832 50220
34 764 47011
161 642 27803
335 551 57140
495 676 20616
93 746 49366
270 582 21932
261 355 43046
571 620 43174
126 534 49497
410 452 36125
190 273 12207
217 832 14318
307 309 17720
435 736 17205
101 459 34713
210 248 50160
784 856 40311
498 641 17804
346 519 40000
823 852 15133
454 525 47127
83 159 43267
359 613 51088
456 690 45255
632 825 61984
183 388 32140
572 581 45804
62 672 29155
290 498 33971
180 599 37121
366 892 32757
30 795 37014
11 60 61620
472 543 17000
340 867 27313
47 125 34015
202 600 29000
80 871 31890
591 902 24207
153 442 33136
573 667 32802
246 708 39459
97 377 17029
494 710 30000
814 883 15811
504 638 27785
797 876 45343
25 566 21932
102 408 23087
316 803 26926
16 378 49163
253 906 48260
285 401 28443
77 739 52202
150 726 47854
96 735 15811
239 849 44598
631 817 17464
608 625 19026
705 738 11662
552 766 24021
783 868 26833
146 326 43186
88 406 35903
527 583 18974
508 759 16279
296 317 38471
147 296 41593
98 235 21932
88 743 37216
217 340 29017
218 414 18028
312 567 16125
362 924 26833
73 891 48104
2 708 43600
431 635 14866
127 228 33956
107 731 35903
462 671 35384
734 901 19925
738 815 35057
618 795 24331
175 865 24021
314 875 24083
477 696 18439
9 926 26077
334 777 22204
424 632 44204
49 599 34655
448 871 12042
98 428 13601
24 822 29155
181 405 54644
107 633 33121
117 814 22472
32 165 51894
331 512 26907
343 396 55973
25 91 44272
39 755 48010
323 412 63561
455 649 33287
5 867 47127
290 691 34015
35 234 26077
499 569 30017
724 902 20224
238 706 14866
196 376 37336
72 238 34655
438 611 34059
547 582 25020
658 884 15133
456 762 45651
57 509 40792
95 720 29206
250 395 10050
307 761 50961
373 377 19105
394 544 39051
349 622 37216
484 507 41677
52 626 47707
136 191 12369
97 373 17000
339 481 46840
193 412 53935
2 649 30067
38 316 26907
99 927 60415
642 724 25000
270 907 15033
547 686 17205
777 907 46174
343 437 65000
33 408 28792
37 779 29547
296 887 38910
47 61 38013
304 659 21213
548 657 27803
10 685 34015
405 462 54452
234 600 22561
411 671 31016
388 846 48000
562 858 30806
17 148 14318
835 941 46487
498 643 32650
272 327 51108
32 746 34670
806 907 38910
669 932 19723
378 765 40608
591 651 43863
230 524 22804
716 821 24166
278 360 43932
294 635 32450
442 589 46325
376 889 17493
367 693 13928
86 413 11045
15 328 25495
190 650 43081
378 943 22000
33 102 36056
501 900 17263
2 246 32249
116 474 35128
211 559 43738
293 760 12369
104 883 55731
660 743 48508
63 855 38588
444 691 13000
324 518 55317
226 230 22847
62 139 29547
122 265 36235
229 439 35171
693 942 24331
103 863 25495
284 650 58181
248 480 12000
662 719 24739
114 517 51923
23 694 11180
54 130 29155
247 561 73437
48 179 28160
106 782 44822
182 449 28844
506 844 56604
156 223 19313
16 642 54918
273 507 47518
349 752 29206
228 484 36125
87 789 32558
520 779 14422
714 903 16000
347 874 13454
233 469 26907
710 802 22361
5 427 45354
663 718 10296
549 780 29967
232 555 37162
325 804 46228
445 458 13342
262 842 51865
848 914 41629
189 367 40804
151 353 46872
231 505 40608
294 704 27019
337 380 26401
137 763 11314
336 786 29155
61 275 47170
399 904 25000
37 831 11662
158 680 11662
789 923 28160
55 723 33541
321 648 15000
843 862 28000
308 468 32016
568 634 34059
497 850 20616
165 386 41049
437 833 36139
632 769 44822
293 303 12207
414 868 43681
586 906 26249
94 310 25298
228 793 45222
206 839 78032
382 395 44283
183 652 39205
424 903 59135
574 762 37054
142 306 36797
592 880 29682
43 527 30083
268 857 38471
700 782 68029
36 515 32000
667 679 60638
164 166 34713
82 563 26173
659 672 68000
93 790 41773
106 463 51546
357 516 27586
622 752 26077
688 721 46098
283 601 40311
63 180 26926
22 118 15811
459 864 57489
259 344 34176
543 564 46957
16 584 31321
604 652 24698
6 684 28000
319 829 24083
280 588 38949
167 748 55227
149 557 12166
247 697 53151
360 658 55444
550 899 18028
354 706 41761
863 936 13038
232 423 41000
294 938 33015
169 335 26000
495 646 13000
93 575 15652
154 781 43186
376 391 41400
397 696 57871
76 544 35805
579 650 38184
603 678 21471
661 866 25000
374 534 30017
115 510 13928
374 583 39623
583 794 28320
256 641 21213
133 492 16000
191 870 16125
33 832 42544
128 696 23770
371 729 34482
537 602 10198
46 314 39051
65 649 35735
342 890 29833
254 276 46755
397 560 30067
174 563 32249
168 503 31321
125 512 25962
207 763 58523
96 306 28160
62 304 93723
122 493 28000
463 630 30806
662 890 46098
147 446 18601
121 443 31016
184 534 45891
104 435 25710
26 712 23431
263 549 50961
200 405 25495
425 588 13038
261 330 30017
316 393 27074
151 500 33242
460 772 14422
20 827 55027
394 695 25495
720 936 47381
564 624 139743
215 938 46065
432 902 30232
358 436 58258
403 699 42059
152 833 20248
59 670 10440
442 813 30067
636 814 28160
231 935 21401
511 646 36797
264 278 42544
372 609 23707
398 402 31906
608 933 17205
391 634 25000
810 820 43000
330 529 28178
276 423 33242
222 821 16155
430 797 27659
49 377 25080
100 409 16031
16 390 40608
208 679 61351
218 375 34713
218 693 29411
159 616 36222
91 533 30017
69 720 40262
142 509 20809
259 339 32016
284 590 34366
420 566 28018
237 540 43186
237 440 14318
119 660 44385
573 679 55866
297 860 25318
55 382 54231
186 215 36125
364 566 24042
31 804 49497
186 429 10630
295 327 19209
297 559 38601
500 881 15264
321 739 45651
106 892 29000
789 819 41037
90 411 67007
574 853 22136
112 759 32558
323 368 38053
447 828 36797
1 607 37216
180 594 49497
436 440 37577
4 737 22091
404 835 75802
155 757 55227
144 285 32757
688 840 21932
69 464 34828
723 798 24698
594 779 13038
4 224 13342
549 621 30083
337 524 21633
108 640 36069
453 565 26926
456 808 39051
44 664 28636
240 647 28636
123 818 50488
40 561 31385
215 620 44272
28 379 38897
179 378 38053
278 675 27459
554 669 20248
32 160 40012
631 770 29411
145 572 30000
480 841 39408
125 331 12083
9 508 39408
270 538 26173
117 178 26926
176 829 31906
177 209 57009
254 274 21541
322 771 50922
130 202 52839
33 217 43738
704 870 32000
110 184 37121
474 592 28443
281 753 10198
561 828 35114
298 938 15232
197 610 24207
170 612 59666
921 936 25239
471 774 25298
361 717 40224
859 919 29000
137 148 26173
221 893 35384
171 185 29069
358 614 19235
202 219 35511
346 829 39294
34 166 41049
767 942 21095
809 847 34234
397 716 60083
477 716 56824
113 175 20616
333 770 28636
577 896 19313
141 428 10296
277 370 17088
478 940 29833
219 383 46400
254 488 22091
328 638 45541
405 796 30414
124 138 19235
459 663 50289
87 385 14213
449 712 73164
255 499 22472
132 763 26077
273 800 70491
408 593 26249
669 839 54589
343 357 13416
167 779 31401
274 873 35735
289 699 21840
156 842 54406
47 602 18439
478 571 26926
192 706 44045
580 668 21471
260 426 41437
252 438 34986
129 801 13416
611 815 40361
719 918 11402
232 873 27803
52 604 41773
255 558 32249
634 939 42942
381 418 62073
780 856 62169
54 764 33838
287 825 24698
176 346 27019
271 505 41195
705 885 51740
434 911 20248
818 908 47760
564 665 81908
512 894 25495
281 823 25239
201 901 21024
279 701 29732
141 235 18385
284 689 47202
293 808 26249
135 515 33242
168 250 40025
207 266 50329
295 504 54406
644 648 48765
459 718 60407
221 491 68411
492 891 20616
214 643 36878
411 905 53339
632 800 22804
296 387 35440
547 580 41773
632 830 39812
762 836 21401
473 552 15652
230 826 31257
831 865 31000
184 818 44654
482 897 32802
25 420 12806
369 694 17029
813 860 40804
466 916 37108
403 588 11180
75 462 45607
682 708 24698
216 939 45100
104 869 18028
260 879 16763
61 465 21378
204 315 19313
418 703 70214
9 687 36892
228 709 25020
536 939 52555
480 888 38328
24 49 19723
5 554 44204
56 605 23087
471 838 39205
589 788 26000
394 840 30887
168 731 33601
811 870 20616
730 818 45453
289 722 20881
32 233 29069
736 748 70520
179 797 35805
524 745 27857
282 847 48332
242 732 31305
149 163 31145
458 862 51000
111 301 45177
181 330 26249
73 898 17000
83 664 32016
432 460 104139
464 886 40804
253 568 48021
153 311 56639
447 522 31048
94 353 38601
353 488 53151
54 856 34366
576 614 24739
9 112 42942
52 652 35341
118 251 46325
227 631 14560
107 910 23324
157 479 38210
193 853 14560
152 253 38833
322 508 44643
11 587 43290
245 532 28425
143 491 12806
457 750 29155
72 607 52479
17 137 22361
330 889 40200
41 288 20125
551 887 33242
38 855 37736
168 382 55606
422 615 37802
136 185 10050
74 308 54231
27 657 46530
361 725 26401
641 667 33956
74 880 38210
456 836 47434
597 649 27459
114 436 40025
391 568 49769
284 579 57245
712 713 20616
130 847 36056
336 728 37537
6 201 16125
852 878 10817
24 45 58898
454 771 50922
343 733 61294
478 511 42720
696 716 53075
301 612 30806
487 572 48836
171 749 35777
920 934 25554
639 755 39319
29 99 46228
705 815 41773
250 382 43290
123 138 12166
263 784 10440
330 799 21401
426 781 27514
551 721 35171
231 271 11045
425 544 25632
262 674 107912
65 189 34059
392 526 11662
240 266 34059
477 834 56294
49 97 10050
152 568 35468
475 882 14142
42 531 18788
336 505 52173
407 902 36401
361 532 26683
691 796 29530
542 855 33422
510 531 25318
198 366 12042
19 713 21378
154 287 35000
66 453 36674
767 890 43417
248 654 41437
648 885 38275
481 911 22361
29 749 30150
81 276 24331
50 395 67186
126 638 43932
373 805 15811
218 249 41881
584 841 24739
400 512 32202
145 864 16279
244 453 41183
421 461 52811
920 922 49396
574 609 44922
586 812 25495
357 702 56851
332 765 23195
412 909 19849
142 647 28284
176 319 34205
650 922 16643
134 365 21840
220 929 41677
283 530 23601
457 472 23601
13 437 31241
464 901 43463
82 144 28792
244 761 34176
110 818 28000
703 875 18028
82 576 47011
789 885 50090
396 437 21024
570 672 43909
644 739 26173
79 114 47074
4 319 16279
221 598 53935
93 469 79612
349 587 43382
484 709 28018
222 628 18111
187 559 39446
459 645 32450
783 832 21932
695 776 47434
85 842 31385
513 624 48847
410 938 26077
187 691 19105
40 475 36346
127 565 27313
411 755 56045
677 802 39850
164 935 17029
514 897 24698
77 352 26000
422 608 26476
210 654 14866
462 787 22023
433 889 14318
355 906 42379
760 851 22361
359 746 34928
193 812 42942
767 801 21378
75 796 32558
79 436 20248
109 362 28320
461 846 49679
127 793 29833
485 824 15000
276 607 23409
531 627 13928
710 851 33838
311 621 33136
58 714 17029
91 755 48549
176 485 16155
185 811 27803
225 926 14142
281 432 33106
305 805 24515
622 674 46755
50 382 25080
59 698 104235
222 716 29682
480 584 26019
203 448 15297
301 785 10817
308 326 40311
114 916 15297
469 585 40000
113 831 21471
131 323 33242
160 359 40162
307 757 29155
196 467 25000
45 673 38079
199 922 33601
2 597 35355
396 929 14036
158 717 32696
417 580 33601
333 479 37216
454 776 56515
36 299 33121
120 775 38897
57 598 59464
20 344 47170
142 240 32558
170 270 45354
839 860 30414
497 922 49659
7 311 43278
802 851 37643
446 887 18385
129 400 60531
709 899 20248
238 254 70605
350 570 23195
11 908 48260
280 525 40050
456 931 34059
299 842 28862
377 520 51865
320 718 92347
617 879 48384
381 678 46615
518 855 18788
211 297 19925
78 803 17205
159 385 34205
754 927 39294
530 876 36401
196 391 20396
214 617 16155
479 817 16643
90 181 19925
77 680 55660
173 808 22204
778 823 13892
416 479 39699
816 940 84404
15 306 23087
656 721 25020
36 59 29069
258 508 145561
44 83 26173
127 769 53600
514 701 21213
221 336 36222
9 225 32249
543 665 36222
887 894 25495
359 793 53141
226 398 31064
476 766 28231
42 332 14142
163 557 32650
363 560 39217
544 688 45891
531 765 30871
260 781 37736
815 885 42048
416 469 127142
66 160 47802
368 556 17464
538 547 38210
146 153 52240
62 790 13892
305 822 29833
105 540 52612
526 856 52402
67 166 44598
467 755 48083
121 620 49729
7 549 31305
168 910 30887
50 567 35903
640 919 24083
46 317 46400
435 857 37855
297 839 32894
442 788 47434
135 299 21213
226 337 19235
128 427 25612
769 830 44385
237 917 33287
119 495 36770
388 625 11180
173 401 28160
104 117 39051
475 828 37216
128 669 25710
397 409 24187
683 882 28071
392 835 37643
57 67 47011
270 777 46325
191 357 65146
584 72
710 398
331 393
579 947
547 202
528 825
522 490
360 738
971 422
278 632
932 641
855 357
259 578
609 36
756 637
256 857
683 565
841 729
997 521
451 997
790 669
570 398
351 284
725 749
414 650
988 529
405 766
232 508
55 649
363 918
386 974
252 106
529 302
657 618
474 598
833 832
716 845
669 881
401 615
416 43
351 241
356 839
862 733
577 762
763 704
784 180
758 262
275 812
715 766
8 520
763 153
793 415
433 807
584 606
68 522
682 437
657 682
327 296
831 861
891 687
727 240
134 169
670 841
303 464
674 379
299 159
658 635
128 594
527 894
993 478
325 78
576 149
609 779
668 397
481 455
824 420
351 673
614 923
103 293
801 794
649 92
109 391
551 765
426 867
840 776
564 700
503 751
267 710
401 268
403 511
428 608
426 260
174 131
651 163
465 902
731 658
725 765
663 812
19 620
462 122
709 71
563 314
482 949
730 910
94 250
668 550
97 562
847 314
207 467
868 573
832 457
951 460
700 874
57 303
364 877
631 350
705 940
575 383
209 668
581 797
144 787
913 257
918 608
933 629
772 293
791 614
272 206
487 211
690 296
557 595
258 403
693 569
584 859
637 955
877 801
122 643
687 587
916 620
161 181
28 472
650 820
709 657
656 790
136 401
798 113
560 414
819 242
669 568
515 716
498 98
728 177
289 542
508 419
307 374
339 123
901 744
354 78
324 720
515 789
253 146
227 909
343 619
518 747
623 654
299 128
616 620
762 858
62 577
820 231
845 470
101 614
333 232
144 462
84 433
680 879
559 902
814 550
731 933
303 815
693 827
409 492
944 643
800 434
831 576
123 633
65 726
459 392
686 396
676 345
179 319
134 646
561 150
222 483
591 236
544 794
368 598
392 854
629 540
189 323
449 436
536 811
511 569
841 758
428 116
475 988
434 250
751 578
416 268
769 585
353 884
471 315
671 792
54 499
405 458
89 753
289 576
537 259
641 290
481 588
266 627
624 728
400 153
883 737
566 950
943 406
529 41
398 78
239 214
280 946
508 50
617 680
643 72
223 108
496 612
643 803
98 775
117 290
600 174
545 146
687 633
365 265
741 167
481 46
342 175
323 780
742 394
501 6
303 888
664 255
23 586
614 358
537 671
327 534
656 131
607 55
405 439
348 938
962 312
414 925
370 402
377 486
912 759
585 532
243 696
930 289
713 611
514 878
722 886
712 746
889 481
618 669
782 704
186 309
676 123
702 280
625 96
415 125
260 735
921 564
894 358
151 818
549 673
375 775
142 335
119 429
415 445
286 346
369 250
939 385
439 404
893 249
355 638
109 455
143 713
838 715
778 235
490 321
104 698
862 816
761 682
853 417
588 648
99 462
74 241
777 771
734 630
379 193
618 418
384 176
643 187
550 457
59 514
177 187
823 178
446 109
649 899
812 217
387 36
568 935
598 16
404 675
982 411
249 435
632 799
373 938
589 446
826 730
775 654
613 483
392 512
761 298
342 837
363 84
922 433
830 255
588 724
548 44
570 500
445 933
508 258
460 306
695 209
202 614
426 957
316 871
576 881
611 948
589 950
898 703
168 209
682 955
361 649
682 186
601 224
340 508
304 652
196 626
59 357
215 159
251 778
327 756
228 448
497 157
427 682
616 961
641 539
652 312
287 437
342 296
399 119
380 740
195 440
740 757
855 647
618 264
373 561
738 776
305 853
260 535
572 55
880 191
18 543
509 551
545 941
494 762
333 105
768 201
803 466
168 404
281 825
348 594
604 527
651 926
843 352
13 587
244 577
482 150
555 24
538 925
750 304
147 434
582 41
878 392
651 441
454 461
302 702
177 831
556 292
461 138
88 698
456 552
275 493
565 689
631 305
722 155
352 26
838 561
883 253
766 484
406 660
740 454
835 480
602 72
279 329
869 400
376 361
503 191
659 825
72 718
305 800
150 676
165 848
374 549
479 877
736 885
96 312
235 558
519 641
314 955
130 296
478 804
505 386
115 776
486 405
556 130
808 257
465 74
826 761
960 619
918 630
284 796
52 701
306 195
948 315
726 340
128 514
510 950
569 127
743 64
87 779
723 504
493 499
684 501
554 872
723 219
33 342
388 613
617 386
241 88
931 463
797 831
524 969
500 859
634 315
421 79
451 827
452 219
183 704
382 52
291 888
458 888
929 508
590 61
215 241
553 887
596 878
804 146
678 133
808 157
328 154
666 782
584 843
913 229
72 418
235 642
698 334
230 395
416 429
599 34
705 153
281 779
215 616
53 607
806 671
577 673
631 428
179 262
994 454
697 674
377 872
198 664
779 318
650 957
946 551
865 832
177 606
71 253
620 853
600 913
755 825
449 786
457 44
868 551
530 56
934 360
614 533
854 704
493 781
367 525
356 789
373 847
301 762
443 634
840 621
307 441
335 640
752 246
871 500
314 698
146 258
867 659
611 882
509 977
845 391
382 325
783 545
899 526
434 795
536 518
206 204
799 303
486 852
411 411
512 229
677 57
291 454
503 718
639 59
479 358
484 120
428 14
190 190
112 417
467 998
283 181
434 659
43 512
302 575
573 19
171 232
173 729
768 113
436 365
187 472
167 145
66 372
279 402
230 543
168 386
858 534
741 150
898 501
848 686
265 887
209 112
283 514
937 684
868 387
550 397
137 369
209 850
639 343
581 300
742 820
364 109
146 597
735 373
677 738
690 790
491 590
395 810
762 244
834 143
752 407
660 430
493 973
603 104
809 475
174 429
411 839
521 675
883 424
164 162
42 366
812 510
511 825
390 464
310 937
460 642
131 739
547 490
935 699
873 732
605 976
808 456
767 375
378 834
382 155
621 28
691 471
384 82
252 294
126 578
324 601
161 686
656 935
448 369
820 647
441 572
872 288
402 418
210 887
441 450
400 734
761 91
223 637
681 661
413 687
708 368
195 359
241 820
761 430
946 668
342 874
835 792
815 336
412 812
216 821
89 226
252 679
327 437
642 241
695 49
571 790
545 973
957 381
410 385
848 515
493 236
841 864
467 523
149 194
730 685
970 668
283 720
230 622
88 476
853 153
396 326
334 726
941 370
723 454
395 95
528 797
264 663
913 516
951 391
800 382
170 297
160 546
473 405
198 211
665 307
341 279
854 329
464 205
554 10
752 929
918 379
758 543
931 536
160 670
842 196
126 692
483 661
589 184
346 266
736 433
214 213
54 442
636 202
973 547
993 542
338 309
795 740
425 169
294 733
686 44
636 217
488 884
790 337
919 391
98 537
210 862
338 780
545 107
753 502
563 752
390 773
897 566
89 597
755 195
168 563
556 838
744 649
750 875
581 969
493 667
382 715
468 90
118 527
422 967
299 691
753 358
556 66
223 125
347 531
817 853
85 646
485 965
396 957
921 721
149 808
82 685
402 567
657 945
376 164
79 610
983 466
106 443
330 207
150 474
695 595
616 595
345 860
462 853
682 281
299 104
280 259
375 110
965 363
79 767
330 243
789 807
554 825
893 302
900 436
125 790
743 833
523 545
350 370
696 515
565 281
595 535
844 411
559 727
510 485
550 371
471 745
146 162
136 663
616 283
265 177
867 707
334 941
459 431
332 794
89 514
375 499
246 272
678 302
50 464
624 909
337 967
753 766
921 447
276 539
126 475
535 633
47 397
106 655
260 503
503 356
684 932
491 702
192 779
391 66
868 601
443 775
90 397
415 147
754 752
137 797
544 899
263 355
504 19
399 979
440 47
586 919
291 302
710 855
550 265
270 549
397 231
640 516
167 487
983 513
828 807
501 290
816 367
259 911
869 788
541 76
601 476
196 894
755 466
569 629
422 857
515 179
214 408
86 453
152 795
208 479
270 569
637 861
579 572
728 848
183 220
875 270
515 317
259 262
569 76
505 938
787 101
679 855
347 452
533 247
589 293
745 920
126 660
825 773
242 912
665 89
601 957
825 202
366 824
698 454
158 786
375 418
664 359
697 140
423 93
675 919
201 823
449 700
515 860
795 270
281 925
388 552
688 238
592 824
648 571
648 702
784 293
332 421
286 420
955 528
592 779
221 194
278 762
537 832
190 865
338 325
518 940
450 499
300 494
904 482
884 646
290 480
77 550
462 866
403 175
341 81
439 819
299 226
42 306
99 262
645 210
896 290
251 376
473 917
209 350
479 718
216 472
413 14
945 420
44 675
492 358
245 591
466 832
162 516
510 246
799 489
273 389
634 667
494 931
169 809
110 712
286 621
212 697
596 501
661 283
305 875
375 308
