658 1795 6 449
145 597 61717
17 389 51478
77 632 36056
146 321 17889
75 518 24083
97 650 45277
270 602 76485
401 610 34828
17 178 56365
78 524 25060
109 350 27019
95 330 42802
411 558 25020
34 213 43932
55 500 43186
190 505 49518
237 652 43738
158 649 60531
379 406 44147
17 442 18974
280 281 29155
45 620 54918
375 385 32802
340 371 34438
398 479 29000
9 198 34525
48 225 39598
4 125 31385
294 382 36497
18 585 27514
156 332 39699
471 575 202882
248 642 50804
38 607 10050
423 573 40112
572 608 45618
327 546 31321
217 557 32650
196 538 14422
421 471 130602
82 430 58181
228 308 63812
2 52 73661
303 580 17692
159 474 78294
185 631 29017
9 364 88323
299 461 47760
120 293 30017
99 229 47170
70 572 14142
477 586 76694
505 637 130188
178 255 38288
355 529 34525
142 499 25495
206 597 41231
52 482 51430
563 567 42048
41 111 43566
177 504 36620
390 394 32249
364 576 41049
190 501 34482
254 273 15133
6 624 50249
17 511 43417
11 445 37336
519 579 26077
134 333 21260
267 643 87966
247 250 32757
29 407 19313
327 622 50160
199 576 27313
430 486 21000
509 646 38639
317 559 60440
339 464 23345
68 186 217175
43 305 23601
28 479 21095
508 657 35384
399 619 48010
403 603 53852
153 545 50990
36 558 25710
83 552 69354
6 607 48847
242 488 78645
105 369 45607
506 531 13153
586 593 65552
163 202 41110
425 524 18974
181 198 27203
435 651 28231
11 393 52631
375 458 36056
38 395 16492
502 570 32757
236 316 13038
131 484 41012
335 546 29530
442 511 38897
318 447 27313
4 271 10770
280 322 25495
75 646 43863
94 301 90554
300 317 62769
11 246 27514
567 570 48104
461 628 28320
623 644 45618
361 432 44181
98 599 63514
571 596 13454
310 596 48374
389 649 57306
40 127 37643
3 263 61205
335 622 50090
215 537 28460
16 466 26249
295 332 65123
96 231 50359
339 368 37577
164 298 55227
346 416 85755
287 609 55714
180 397 65605
504 626 74243
482 638 39205
207 489 41869
42 570 41049
252 322 53759
441 480 24187
230 337 111826
96 556 47885
358 612 32311
10 131 52479
242 591 127142
37 133 77175
404 463 15232
218 649 19799
90 147 73817
184 316 21260
34 409 38419
147 352 52202
363 622 49406
229 500 36222
502 554 67209
301 495 134970
151 634 14318
206 371 52202
216 355 23022
70 344 28160
61 294 29000
71 465 15232
286 587 51923
313 551 23854
259 641 23601
402 569 27313
61 382 21932
206 514 42544
322 546 29530
365 435 74330
27 115 69893
265 429 33526
230 239 34132
246 641 46400
567 627 26926
109 265 27803
393 556 27203
364 628 14765
169 599 23431
243 578 26420
52 284 118258
544 581 12042
197 542 33541
123 281 38949
211 599 37108
493 653 41195
277 584 10630
376 617 19105
65 639 20396
109 548 51740
177 641 34785
332 475 31241
194 652 17029
405 642 29069
261 281 51884
470 561 41304
318 578 46325
49 621 14560
28 398 40025
153 534 40804
124 309 52773
396 513 62626
5 604 20881
266 460 53009
54 214 25318
136 384 51088
540 584 46872
528 655 55973
141 227 38471
25 545 43932
471 558 106480
151 569 40719
284 452 36688
43 468 36056
131 209 43681
269 329 33015
522 535 43174
370 582 53085
25 395 37202
259 445 39205
61 225 47676
64 95 27203
45 348 59000
105 276 36892
154 201 62008
525 590 57000
63 644 29682
143 230 24759
132 492 39357
32 629 27295
210 589 31064
275 304 55471
270 431 121803
128 310 76322
33 503 37643
78 391 89554
543 590 18439
378 481 15297
295 598 48332
158 367 39598
307 423 43417
237 330 18788
447 603 84220
491 532 25554
381 597 55317
26 213 37696
394 557 32249
56 248 31064
240 360 30806
182 650 31016
325 654 15000
331 448 10770
54 267 73824
35 348 41231
329 415 51430
454 581 41725
14 330 24021
447 635 72835
321 490 30463
58 318 52086
10 209 36249
93 485 14318
472 507 41437
466 512 39560
24 536 30871
93 219 38000
433 529 49659
390 458 41037
186 305 140246
95 568 28792
273 550 20396
382 480 24083
120 169 41231
168 375 33971
49 340 17117
304 492 24187
160 287 54781
41 110 17117
64 330 34928
192 476 73055
205 384 54378
12 414 38639
306 472 31575
146 352 25554
124 258 14318
583 598 30083
81 634 58241
223 542 12207
93 417 33242
413 477 51108
58 422 34132
145 311 46487
387 420 30150
13 460 35609
192 325 43566
32 308 57489
226 607 58523
569 634 30480
204 375 30364
2 427 27203
50 56 15811
34 251 33242
94 554 48508
102 483 38328
72 223 14318
545 596 71120
339 439 51856
101 522 30414
343 638 27295
48 404 20248
309 371 33015
258 523 13454
561 577 55973
121 326 47170
344 426 43012
30 612 39217
343 605 43681
124 325 30529
518 548 34928
129 282 61392
265 350 18682
84 119 13038
119 196 32016
53 351 49041
1 367 28071
21 37 36497
9 461 85000
204 385 19235
397 648 66483
279 561 43738
118 211 66000
191 284 26870
332 600 50922
417 593 29155
179 616 12369
219 525 43046
592 631 53235
255 527 61400
227 288 27731
135 429 34713
87 557 56921
322 327 23345
166 593 36346
501 604 34000
176 486 36235
603 630 43681
251 409 20224
226 351 45122
166 417 36620
303 400 34176
348 620 72918
396 522 47539
451 500 23409
174 261 11402
377 429 27019
362 388 58694
252 363 50596
27 205 41110
67 68 66483
71 654 19416
143 591 90355
27 263 15000
313 434 37363
187 494 17692
413 626 54589
349 496 62073
556 587 54589
82 447 60671
245 424 36069
228 471 254372
34 269 43909
39 345 35847
164 493 67424
133 149 27893
365 600 77897
130 262 27731
72 116 25000
167 179 19925
180 648 25060
173 316 24187
112 520 26926
328 492 45044
419 479 22023
362 614 49366
590 593 19105
443 468 20000
178 511 31048
94 199 27203
19 321 47043
305 443 39000
149 438 40460
91 503 23022
223 613 33106
97 467 51740
253 443 54571
194 511 33015
308 324 25080
78 366 54918
46 424 27785
278 630 38013
151 656 53413
329 605 22825
302 494 34928
576 628 37162
114 226 32450
74 365 25495
123 200 30594
46 425 33956
26 149 53151
545 571 67624
390 557 45607
169 288 31623
57 361 37121
449 616 22472
94 107 40447
188 530 43829
7 231 22472
111 401 34015
19 368 36056
534 606 44045
98 288 53339
214 539 59414
344 608 19026
86 263 65307
355 582 35114
430 447 68000
453 562 34132
224 378 35057
276 645 20591
151 319 46065
620 643 70000
459 523 21471
619 648 47011
553 585 43932
246 647 13342
15 194 36125
205 524 25632
629 644 21587
472 620 40853
181 399 32016
301 563 33121
73 83 49659
93 596 65803
158 519 66008
62 315 60008
65 457 22847
258 381 28302
130 345 53009
22 519 44045
41 345 42048
112 264 28018
185 261 35341
354 617 24187
20 201 42521
237 635 56851
475 583 44385
25 226 43658
326 392 57697
112 553 10817
520 606 30806
121 137 96177
489 646 61984
110 345 40012
26 269 37000
149 269 51400
260 498 29069
459 618 29732
6 225 14142
437 460 32757
7 419 18028
482 499 33838
486 635 43932
46 290 20125
378 656 21954
241 513 63506
482 512 48703
8 592 33615
157 391 26173
314 560 65192
10 610 38949
252 592 45398
351 616 47854
470 577 37216
347 421 55227
135 350 29155
159 584 48260
80 565 53009
51 649 47074
268 472 28284
401 539 44553
113 165 28231
196 580 22023
13 587 17000
178 389 51624
121 182 51196
115 160 34059
341 488 30529
80 320 58189
177 566 39962
149 415 12042
255 528 64140
325 523 44721
594 618 59506
69 552 48052
243 318 32558
10 491 26926
4 362 25298
126 605 33615
13 231 44045
228 392 13038
81 208 41049
229 236 73824
45 450 27659
123 575 21213
336 477 20000
57 137 48754
195 337 105076
492 549 59682
136 304 18111
37 149 74148
9 399 28653
192 600 47707
217 449 50249
87 446 45222
278 526 59908
310 360 40608
218 442 13928
175 493 46043
45 145 17720
228 470 84717
150 541 25807
187 593 47508
197 565 47927
369 565 49396
30 93 41593
283 391 21471
33 282 43909
63 623 39395
473 586 69311
8 9 38910
418 419 49820
307 591 46098
103 408 45541
204 229 87046
324 623 37121
100 622 32757
63 148 20396
295 618 16031
287 615 60877
331 575 20881
459 594 76164
264 553 35440
312 497 42544
61 624 50120
83 318 83187
481 656 16492
139 150 36797
129 564 42450
110 112 46065
28 405 46872
365 651 63151
82 403 21260
267 444 41110
175 653 22204
312 575 48052
18 362 71589
81 500 24021
51 622 29155
167 422 32202
165 292 16279
208 502 42579
162 397 49396
57 121 94641
192 654 43738
79 535 52154
51 100 29000
20 126 50990
1 51 50636
114 238 26420
45 416 61008
249 406 37336
79 396 55317
268 438 27659
96 587 58830
266 587 71449
321 516 23431
467 528 38013
128 170 27893
609 615 27313
635 652 36674
111 323 50695
539 610 33615
440 543 17205
388 530 55082
86 115 63600
244 470 37947
198 222 48836
27 384 26476
254 400 59666
26 383 41677
147 601 114909
240 358 43012
207 350 38471
101 379 39560
98 431 17804
181 222 50961
224 636 54452
175 298 24166
27 46 56604
153 520 61008
577 611 20616
282 564 51039
27 104 17804
605 638 31385
388 598 85000
530 581 18974
222 588 42379
302 354 24413
231 358 34670
5 190 40311
144 453 25060
15 255 42953
74 291 18248
372 496 35341
572 648 60033
405 503 48549
55 173 42190
21 415 75664
154 409 24083
358 360 38013
60 115 38079
200 575 30887
202 228 36056
357 583 50804
370 480 53535
249 407 25495
83 137 49729
473 485 41773
439 464 55462
371 573 15556
365 601 51039
394 446 33242
132 275 29069
122 626 44721
125 614 26306
472 640 31145
118 293 26173
102 180 32757
426 574 34234
257 285 37121
466 492 63159
102 168 23601
146 490 36222
253 386 33838
170 238 11314
469 487 13000
508 642 28018
72 289 28302
140 176 22204
19 339 54626
116 197 19026
110 130 32140
449 469 24042
232 350 41037
22 397 46011
42 224 59203
215 336 28636
325 533 42190
309 573 25060
113 292 23537
511 652 44407
427 499 45100
14 467 25962
266 359 31048
163 326 10630
108 319 30871
139 408 63514
12 187 28460
35 353 33615
195 488 44553
602 658 22627
99 456 63348
129 434 26833
152 438 25000
438 472 38013
460 587 48010
58 447 68942
361 406 29833
125 562 40311
158 430 69318
74 475 14866
439 518 27803
55 229 50448
9 592 30265
69 420 17029
43 443 22361
245 478 32696
58 578 10630
62 270 68447
151 285 39623
504 505 70214
118 566 23601
6 53 62370
408 458 32016
430 635 44643
189 555 29530
132 304 45277
73 161 23854
179 422 35355
462 583 52773
16 183 63388
400 436 41881
85 192 55227
150 254 23345
10 374 39205
91 127 38471
440 590 32558
3 92 40608
37 78 77987
302 632 41110
455 529 14142
98 657 32757
336 410 26019
456 609 36715
51 497 44147
224 402 35355
57 373 45255
183 276 27857
508 602 25060
379 396 21541
47 526 24597
292 565 47424
8 185 25495
202 326 41049
237 527 33838
141 288 31321
309 597 19416
55 236 39962
356 641 34059
96 358 38601
159 540 18439
55 208 26173
431 658 32650
29 57 45880
20 482 85755
195 474 100319
451 559 26926
283 620 67365
124 589 34986
108 481 22361
446 458 30083
142 183 48010
91 296 18439
572 619 28320
248 405 54148
203 535 24083
153 219 70880
135 376 15811
220 648 28320
317 609 50695
164 509 52631
40 407 37202
334 632 24839
253 468 41110
233 254 31780
23 551 29017
188 264 57009
234 521 43463
230 531 45188
355 496 23345
125 414 38910
573 589 23345
200 281 25318
43 272 19925
252 619 36401
395 545 44294
463 469 47011
201 251 26833
457 521 29069
403 526 12728
207 632 60216
318 547 94641
122 537 43012
165 320 34928
122 646 47011
104 275 37216
122 489 34986
213 277 30083
48 463 13928
441 580 44102
377 462 63640
141 266 33941
425 484 48877
602 657 38053
3 86 33061
213 383 35014
300 451 13928
202 392 30364
54 323 37216
217 483 56851
182 326 38288
139 385 58694
281 546 26000
68 72 52345
308 644 55444
54 643 88000
261 299 21840
252 572 17000
240 310 18111
8 299 51865
373 406 13416
143 239 22672
142 515 32202
97 568 53488
219 590 29732
61 404 27000
103 150 36249
153 596 76694
483 557 60083
232 617 23770
2 142 44045
340 621 20616
229 559 37216
101 535 58523
488 540 26401
48 61 27586
368 536 47043
156 295 51740
373 407 18111
542 565 51923
465 476 40311
24 368 45343
78 484 26476
186 386 43417
408 446 31145
188 585 51264
3 275 39051
108 151 54452
184 588 38079
73 134 49659
310 571 47381
47 579 33015
367 519 46615
288 599 41000
106 426 38275
526 603 48765
469 616 39051
413 537 27019
211 293 51624
158 176 42953
83 568 52010
121 650 42953
316 588 39825
199 495 37162
383 474 53600
133 268 25060
371 621 31765
554 627 25239
191 645 53814
130 606 17000
338 375 47381
15 178 20616
1 574 24187
394 458 34234
2 191 17804
235 535 26926
530 594 58181
381 416 23345
19 146 41437
349 395 64637
107 554 19313
29 373 19416
499 512 29547
53 616 38118
230 242 33015
249 296 21471
424 478 13928
85 435 51078
321 536 36056
321 368 47424
137 361 44011
364 461 14422
363 426 30364
54 111 70605
362 462 47434
24 265 39013
317 634 28653
98 227 33287
395 496 61327
491 633 29732
154 277 12042
301 567 37483
1 106 26420
54 391 82735
533 600 47096
66 250 16125
383 507 50249
102 390 39962
126 250 36056
99 498 45354
26 152 13892
604 637 42802
176 652 59008
125 617 30871
84 550 32280
438 507 13038
83 161 58009
46 205 27893
307 589 19313
428 535 57983
52 201 144516
468 613 54037
170 552 38419
138 638 26627
58 167 49336
107 502 61400
598 618 56080
366 391 48042
372 582 37054
476 651 160552
604 646 33302
342 471 38949
179 449 18439
516 536 19925
117 567 61074
73 235 24166
552 578 38053
323 401 36674
466 549 16031
90 601 55000
88 117 34409
23 313 16643
560 613 59908
298 653 22472
23 57 29155
83 243 68264
225 624 42720
176 511 48104
30 360 27514
327 335 23345
298 439 17205
306 383 59908
43 613 46690
123 448 13928
49 506 11402
533 618 52811
453 553 44777
370 532 45100
229 451 18439
140 158 44407
162 180 34525
416 450 43463
594 598 61984
187 632 34713
239 506 12728
59 283 31828
128 535 43139
172 336 26173
9 639 71400
91 249 22561
270 315 30067
543 593 32573
42 402 61717
200 461 132654
11 212 46325
21 304 11402
462 625 58523
40 564 20616
120 641 36359
28 503 52038
44 418 22204
202 324 35114
210 307 28844
111 444 81394
69 238 35341
185 281 41437
493 601 165952
159 341 30480
315 595 32558
390 483 33615
75 298 34132
301 554 53488
255 655 20125
358 412 24021
123 546 30676
311 514 24042
347 389 44000
86 160 65000
219 417 10817
62 602 45880
103 446 48374
620 640 18788
393 510 13038
115 436 57585
256 471 60539
296 379 36688
313 623 81345
510 586 55758
68 116 38275
392 470 75186
464 548 54009
32 315 88837
334 477 54424
536 625 12000
214 323 39115
153 349 36497
490 516 28792
412 513 52393
217 469 35114
164 653 45222
304 384 55082
260 385 65513
36 411 39205
87 550 51624
89 377 27659
129 315 74303
159 383 66098
68 289 65460
204 588 77466
271 377 12649
69 578 56436
31 391 46043
303 538 42000
337 640 28000
312 471 154984
532 610 37216
83 547 45706
37 391 106480
289 613 37736
60 160 17029
454 544 43909
346 530 43932
577 650 19925
79 128 74061
31 59 13342
102 162 37483
203 235 16031
129 629 19849
244 577 16031
74 332 35171
290 424 15524
120 211 40497
411 655 17464
185 280 32202
285 560 23087
128 203 29614
25 128 78390
99 260 37202
177 293 16031
12 543 45255
454 643 63789
233 550 12530
444 530 34785
215 477 18868
266 647 25020
92 287 41012
477 510 63695
378 402 19416
241 396 61847
366 484 40311
350 548 35114
282 595 30000
49 239 16000
131 374 42720
292 320 44102
521 639 13892
100 363 36878
280 631 15000
531 621 15264
188 444 31575
468 560 24839
245 374 25020
280 546 17493
310 513 32311
12 494 26627
174 461 51614
132 549 60141
433 455 46755
440 525 60208
386 443 66761
127 249 49406
495 576 27514
271 362 18439
46 436 58523
131 478 43267
238 552 38833
389 555 57489
416 597 61033
60 541 52202
120 288 60166
287 320 26926
345 455 49092
9 299 61057
42 636 28425
11 286 49659
25 607 47676
410 489 21095
108 186 57280
559 609 51039
221 549 33136
357 516 19698
103 550 32650
387 422 35468
229 385 84220
403 579 32757
173 502 23195
151 257 33526
372 624 60877
73 428 45880
207 232 48374
89 429 19925
334 336 39115
233 400 47434
199 457 22361
95 97 37014
246 266 31305
270 658 96135
307 465 31385
92 165 26401
70 252 25554
440 562 32985
195 230 52154
234 457 43681
367 574 28018
296 503 31016
44 379 34713
214 391 70711
220 338 28862
7 13 38275
76 184 35000
277 409 28160
56 359 32985
467 611 29411
551 564 11705
206 531 26249
84 382 53235
351 422 39560
180 338 46615
139 498 23707
69 422 55543
245 491 31401
306 337 25000
341 474 91548
180 220 31016
129 595 73817
206 230 55000
555 649 10817
318 635 84172
166 586 57271
8 631 28425
493 651 192200
35 454 59093
286 556 22361
480 624 41195
134 137 14318
657 658 26077
34 66 30480
241 412 19849
6 38 46872
145 514 27074
198 399 12042
100 106 16763
207 548 26627
252 426 31401
16 549 11402
501 637 64777
337 620 39812
67 305 10770
154 540 57315
262 534 36797
89 617 30150
24 109 23345
158 486 62801
175 439 36000
47 397 34015
126 638 24839
433 532 55036
206 311 22000
230 514 84528
107 234 38471
141 359 17088
7 171 15811
171 398 22472
226 420 18111
155 330 29833
14 527 37000
94 457 32249
109 368 50329
143 340 51662
127 407 51352
32 644 10817
300 559 30480
330 467 39205
57 313 43829
103 273 17720
214 484 56080
11 647 17692
144 614 27459
30 485 40311
241 419 26173
63 313 60208
463 487 43966
4 614 28653
64 155 15811
84 294 56303
346 594 20616
15 527 31064
217 630 38601
51 106 39925
51 189 47885
370 624 25318
294 487 59237
110 264 40608
266 437 26401
276 369 16279
99 609 47927
12 125 46957
3 380 25318
196 441 38053
397 608 33302
122 172 24352
194 527 29833
496 582 17720
189 389 54083
351 607 60208
300 634 65856
462 598 55227
233 273 20518
374 478 13000
406 432 49578
353 450 34928
448 622 57775
371 531 41593
114 128 28284
308 623 23770
311 597 32249
183 515 23022
348 643 13892
453 585 36620
570 636 27586
210 325 20616
181 220 53254
174 200 81345
343 512 49396
306 640 17000
18 453 30265
1 158 30000
213 409 28320
137 568 61074
465 591 47011
40 282 38079
105 113 37483
173 236 18788
509 604 24083
142 512 38484
104 384 17493
12 617 29833
193 460 20881
348 450 46065
127 282 17000
138 343 12728
592 619 42521
256 558 47170
43 289 31305
95 467 57871
453 525 61660
405 517 38053
12 440 45695
189 497 33015
291 490 46519
396 418 12000
111 267 90250
92 320 22204
19 352 31906
114 420 21932
52 427 47434
42 81 32650
475 490 29120
152 507 15652
353 454 71176
97 121 14318
20 52 103832
68 284 58181
211 566 86145
83 134 42000
381 459 52240
233 538 22672
56 405 47634
44 503 53151
435 600 64351
24 625 20616
245 633 15297
168 390 38079
182 244 11402
369 645 21840
53 463 38471
65 521 13601
314 613 20224
322 631 23345
36 279 27893
59 472 31048
346 353 81835
79 513 13342
98 658 34132
93 153 70342
102 338 45277
505 626 49980
400 541 66219
147 175 69570
88 636 60539
580 633 52202
16 512 48600
18 144 31623
498 541 25020
71 210 20125
28 419 38079
70 426 32140
277 383 38897
424 436 44553
257 615 42755
295 533 49010
29 551 30871
423 591 13038
301 627 36056
125 377 35228
50 405 45793
158 579 68710
301 628 162114
65 199 32894
502 627 67779
14 237 22627
53 225 59008
302 617 25080
193 405 41000
422 616 36235
294 404 22136
112 606 29833
62 508 33302
155 318 95520
108 656 28636
148 644 13000
108 253 33061
340 591 40311
410 632 56143
87 294 42107
351 387 16279
81 300 35114
201 540 111427
154 251 40162
184 234 36069
135 232 17263
464 518 56613
240 412 43417
255 342 23431
33 595 38833
222 521 28636
566 637 189391
68 452 39357
145 416 68411
416 594 91220
183 645 21541
275 384 41195
210 654 13038
95 547 34015
158 218 50990
283 643 50220
141 246 52953
362 377 30000
62 517 25239
59 620 54083
381 523 33377
204 316 72450
518 646 56639
209 610 23601
212 510 23022
272 305 13928
411 528 53310
382 624 48010
21 492 18028
432 535 61294
47 403 23854
372 395 46648
506 621 12083
456 541 57689
212 445 17889
262 529 18248
99 541 47127
53 469 45453
115 400 47011
80 314 27019
67 289 29275
248 657 12083
353 416 10817
448 575 22627
145 337 66611
360 612 47802
9 576 84723
138 512 48104
312 622 53712
359 437 19925
113 274 30676
369 452 38639
122 215 34928
70 608 34828
240 513 32558
39 401 11402
168 338 39205
11 266 38897
192 533 29833
21 328 50160
383 584 41183
349 534 30150
284 645 58873
256 411 22561
63 434 31321
395 607 22023
128 226 55471
347 497 43463
49 143 36249
186 481 51352
132 221 45354
75 509 25080
328 329 44385
148 629 13454
234 502 47518
58 69 55317
4 377 17088
166 473 36497
194 237 42953
186 563 129877
558 561 22847
173 184 21471
300 500 15811
66 269 44598
431 599 71169
337 514 66483
567 636 43829
101 396 31321
37 524 73062
389 471 52355
30 596 60166
132 380 33422
22 608 35384
470 558 63561
370 491 40608
279 528 17117
156 533 40853
340 423 29069
231 587 47927
337 474 13000
71 307 33061
31 133 37014
182 577 24352
33 127 37802
436 580 25080
208 570 32650
88 186 73062
393 586 57280
434 551 28018
106 574 25080
215 413 45607
259 504 28425
115 263 66483
197 369 29206
103 254 21471
601 651 26249
248 508 33615
76 222 30610
128 238 24207
182 392 60374
433 582 25710
176 442 23345
172 489 26926
85 476 81492
131 290 42012
206 309 50289
30 473 28636
486 652 45000
462 536 56223
314 542 46648
69 114 20616
297 314 30806
37 415 72007
209 539 15133
109 464 38079
52 499 45695
133 391 74095
51 555 40311
332 365 51971
611 650 11662
361 373 35355
495 628 27313
147 493 55570
257 560 47927
232 376 12806
325 459 50010
404 487 48010
213 269 51478
608 648 55866
307 573 24083
162 483 32894
556 586 50961
89 376 22627
53 607 71610
314 565 59933
254 541 41629
121 163 49980
413 504 41231
286 393 12649
239 531 23087
226 387 38275
126 482 59615
124 381 39623
147 339 62968
371 423 32202
117 186 92574
253 560 33302
309 589 29614
5 501 24166
135 265 18358
75 439 21190
17 649 21024
343 466 40311
119 538 27295
40 551 22627
222 639 20616
156 600 20125
327 363 26249
178 342 44553
76 521 31321
354 494 23324
126 329 38588
86 92 27019
65 576 41183
414 440 25318
181 619 51225
264 585 21024
72 197 32202
130 455 43863
16 105 72863
297 560 60902
33 62 31064
123 335 21932
542 613 37216
44 419 37108
332 583 40719
37 384 60729
214 366 34928
171 479 13038
398 460 24331
520 534 48918
171 419 24187
193 437 37483
35 450 10296
39 433 66008
31 472 33377
434 564 19647
105 183 57871
73 333 45453
263 275 43139
428 432 25000
334 410 46141
246 356 26173
77 593 63388
71 476 47885
278 397 54231
303 436 11402
6 372 29069
89 135 29833
400 538 43863
489 548 51865
473 612 27313
207 410 49659
154 584 16000
305 386 100080
18 614 41304
335 448 20224
397 519 39357
36 528 26926
170 203 13153
67 272 10296
232 302 16000
204 338 60539
56 227 42190
51 158 62801
319 560 30806
151 317 28000
155 635 46530
520 553 20100
375 408 46098
525 553 49204
39 610 31953
459 533 46400
295 583 58249
504 566 64000
328 605 33242
129 148 22561
204 236 76295
172 410 19698
167 447 80281
421 497 26627
120 141 67209
149 152 48703
267 581 26833
50 193 24083
153 525 52202
413 445 49406
312 331 31385
88 224 14765
193 398 38419
88 378 43417
72 542 14765
190 626 23022
84 441 50804
255 256 24187
90 291 28160
257 317 36715
205 425 16155
140 218 10770
306 474 25179
228 324 39205
216 534 27514
96 473 32558
142 427 26077
441 633 41110
76 234 27857
50 359 31145
334 586 52000
347 471 82928
47 519 17029
165 274 24083
14 528 38118
349 545 32062
497 622 36235
20 247 38897
119 550 24083
31 268 19849
78 425 34000
71 192 54203
64 547 37483
42 208 28018
184 502 39661
2 284 44598
124 523 24739
80 297 27514
414 562 13892
473 556 64008
113 221 60033
69 387 34015
87 103 63063
59 157 18028
36 561 21932
505 566 61465
33 517 15620
527 528 46043
520 525 37216
187 543 41304
444 581 39623
68 305 76942
103 139 60828
320 615 71113
440 453 51039
484 539 58898
379 418 20396
161 552 34132
537 626 34205
217 487 27019
77 187 43186
112 130 39560
333 428 18358
122 190 53009
113 565 38897
92 274 32140
269 415 46098
212 393 32311
229 260 41437
267 454 42297
117 563 37336
16 515 56356
509 637 47539
18 188 58796
228 558 148125
22 574 30529
388 594 70576
46 115 79605
227 359 44045
547 568 11402
494 632 21587
279 611 31385
357 462 38833
382 441 42720
345 401 36125
216 349 31145
128 571 79310
489 518 59481
101 432 17720
285 319 16125
94 495 50488
274 380 34655
137 333 30083
86 287 47707
212 477 58009
416 459 69871
60 456 50010
11 356 33615
476 591 66008
159 488 36125
256 342 30594
333 361 35468
530 544 16643
275 380 34000
174 299 14318
77 334 24759
323 539 38210
150 498 16492
356 445 31241
164 637 25495
212 413 55218
63 129 23431
90 352 29732
429 462 71694
28 193 41785
360 596 50010
10 532 19849
399 592 33121
106 363 41773
231 412 28443
32 270 106075
2 645 59506
538 580 32696
124 210 34540
142 645 59135
417 485 29428
41 444 54342
168 458 43290
170 235 22804
370 633 57385
197 452 36056
163 313 81609
357 490 20616
582 624 61098
29 40 31385
504 641 32140
167 449 33242
107 457 44407
82 603 66030
208 500 45651
355 433 41110
490 583 50220
160 456 41437
84 87 28443
117 636 72062
133 438 33242
19 147 35114
245 580 55758
175 339 33242
22 367 12207
17 218 14765
249 379 39051
503 517 40804
198 639 54129
200 261 70007
287 456 36056
202 623 54231
140 442 10296
433 610 63135
185 299 38471
483 630 33015
66 126 22804
74 490 39051
111 345 12083
290 478 13454
96 612 11045
157 283 14765
21 136 24698
452 645 46174
357 536 36125
317 615 33941
312 421 24515
538 550 28231
73 535 38275
195 341 20125
60 400 34928
116 452 31016
201 247 21932
172 215 25632
118 177 20100
76 588 36674
80 292 35847
247 251 17000
161 235 13454
331 622 59076
328 415 60407
297 615 65863
361 428 37643
104 263 11045
322 363 33136
159 625
777 905
638 766
675 287
627 66
458 513
376 225
161 763
196 780
575 564
443 134
604 254
397 193
118 438
89 499
724 797
100 566
645 342
775 165
882 765
723 713
197 630
202 275
711 211
431 421
843 660
633 690
340 198
229 259
457 291
782 600
126 187
264 171
869 717
813 477
55 425
717 677
449 467
605 500
217 230
637 429
405 889
601 952
323 240
840 503
603 642
242 597
428 555
970 476
353 135
109 633
832 856
397 526
686 515
386 840
344 122
213 302
313 473
785 587
532 728
448 574
262 140
148 221
176 429
249 843
846 737
625 967
691 959
355 437
199 683
934 376
653 923
292 373
824 238
665 103
290 826
548 213
666 618
356 316
607 859
430 868
241 561
247 394
459 642
936 282
605 764
431 637
414 959
663 250
830 192
275 219
606 791
494 310
254 896
168 403
445 243
145 374
320 62
469 791
130 653
311 304
315 676
447 698
644 704
674 850
146 648
294 890
493 941
694 195
620 427
630 472
599 386
648 823
363 418
567 713
678 923
386 979
475 18
470 649
431 52
139 361
588 114
80 726
884 398
646 275
832 755
241 201
359 390
166 206
588 424
620 591
689 749
783 637
247 352
656 221
710 692
234 346
798 793
437 758
123 569
382 98
779 861
985 509
627 316
857 508
789 204
787 132
144 201
790 664
462 731
500 887
836 648
512 378
915 675
171 444
863 298
770 577
159 595
942 619
545 739
305 393
289 649
122 314
704 45
622 812
505 271
328 520
334 690
391 42
332 397
371 210
580 137
344 836
130 815
721 110
141 556
473 38
76 515
347 526
283 683
252 758
89 350
731 860
325 826
138 774
477 996
577 245
684 386
67 610
587 61
763 916
907 329
355 159
125 496
971 578
502 650
679 904
230 774
238 874
74 756
914 737
91 287
330 384
366 744
630 649
923 493
633 176
389 866
608 549
916 385
409 18
488 145
878 674
682 540
556 128
527 437
356 594
113 573
532 310
282 714
700 793
266 807
639 920
421 946
456 527
390 436
348 80
55 285
425 808
967 526
395 237
639 224
479 679
300 852
314 383
352 819
134 454
340 405
970 492
401 307
377 250
994 545
283 452
80 357
554 602
434 108
894 728
318 105
270 241
862 735
902 713
186 705
526 943
466 708
47 490
26 478
532 877
870 401
476 90
439 769
123 806
563 436
633 705
627 387
672 212
406 122
717 448
795 615
831 695
200 111
685 283
620 958
464 693
638 794
663 736
705 870
907 666
297 636
82 418
124 745
99 760
226 193
763 564
744 935
529 914
464 179
565 790
373 68
629 938
594 624
827 220
625 828
457 37
428 595
829 337
289 231
581 868
699 100
144 812
442 835
320 958
623 224
536 662
712 710
615 971
846 589
932 409
89 231
908 445
399 325
901 493
49 682
188 266
606 886
202 141
341 812
500 859
261 476
521 928
588 804
773 212
135 722
649 519
79 254
900 372
114 321
118 706
769 733
812 722
142 437
65 709
833 272
263 338
565 195
95 710
562 156
866 574
310 721
725 143
972 459
962 596
32 508
789 784
202 655
619 467
766 397
49 603
781 503
506 414
667 194
380 480
802 182
830 448
609 244
526 460
460 105
766 248
414 266
376 114
431 300
250 305
699 295
138 689
172 865
843 221
696 572
187 623
741 177
702 886
517 546
941 444
477 491
245 270
579 603
357 715
647 234
681 271
456 948
300 266
663 770
855 425
464 589
879 639
659 695
383 735
515 975
369 468
708 353
49 559
349 655
744 574
62 296
476 175
381 651
453 451
320 274
243 631
379 189
221 766
524 694
616 503
452 929
255 577
421 574
314 159
257 276
247 252
402 705
899 693
588 155
31 456
390 265
520 100
611 292
789 676
839 442
526 301
320 262
359 231
372 438
44 658
342 491
970 430
579 628
636 634
167 680
793 883
279 329
682 244
190 533
306 51
294 309
539 499
178 230
916 235
547 659
382 133
816 633
685 110
586 296
500 612
118 560
579 956
690 417
480 129
405 674
250 501
75 713
351 544
822 482
437 822
709 924
615 338
759 453
570 464
531 778
258 864
377 685
850 373
375 165
160 857
744 280
415 560
709 160
948 382
749 789
111 413
567 940
368 561
44 369
3 534
815 595
469 265
871 586
813 248
976 353
546 144
584 615
358 209
488 591
471 945
809 810
320 638
661 592
497 296
169 533
373 573
978 622
606 144
785 240
549 571
724 731
759 84
589 232
204 889
509 476
66 643
458 747
790 838
429 844
617 44
347 859
288 200
494 68
551 27
961 483
829 634
287 118
663 78
487 168
106 523
763 826
369 313
884 510
750 847
758 230
276 161
663 127
225 596
573 379
260 835
338 318
860 392
654 640
554 347
264 586
106 473
80 435
560 454
723 406
948 485
562 549
878 336
536 411
328 360
739 224
547 101
494 662
623 547
954 633
483 746
646 910
572 286
737 415
474 412
109 736
202 402
655 161
733 790
468 673
201 246
308 427
593 377
301 908
93 596
468 201
377 619
30 431
462 812
551 921
39 410
618 304
349 974
197 235
660 860
494 4
347 932
195 393
463 904
364 887
432 359
201 697
930 433
171 646
59 729
213 863
81 373
306 465
223 570
524 649
729 424
514 493
796 289
915 659
636 368
517 215
414 193
306 793
914 416
554 290
977 419
192 750
541 276
774 378
226 163
441 349
897 461
785 317
373 27
881 289
885 192
275 96
307 563
647 60
801 742
580 409
439 468
221 656
513 810
594 530
94 389
444 254
609 906
650 301
524 835
359 523
633 247
828 353
220 718
830 557
956 472
98 660
112 237
492 550
727 224
568 74
322 922
179 878
153 191
319 605
139 745
584 211
539 599
486 884
178 490
383 907
681 34
813 771
253 823
838 574
462 71
288 146
774 515
132 196
723 880
625 85
431 121
261 695
99 587
100 379
905 209
142 497
718 88
915 372
38 472
467 929
313 94
291 80
