594 1050 24 55
121 478 43186
140 567 72173
220 508 25239
49 421 42953
286 293 50000
358 488 12042
86 280 48754
49 525 40162
92 462 36620
349 523 19105
94 472 40050
213 379 43681
137 382 36892
128 292 28018
141 461 55543
157 183 41437
26 134 88323
229 304 76942
13 525 42202
323 374 61294
284 483 34059
173 294 49739
101 235 37000
205 470 50359
226 382 76026
85 510 40608
237 513 31048
335 405 58138
207 300 57035
96 415 38053
179 485 48260
240 350 50961
165 234 41976
41 495 41593
29 424 80025
99 252 48384
350 539 40311
31 426 26077
249 363 12207
61 215 23259
196 386 28160
5 76 60465
277 293 46819
278 588 37336
37 416 39294
151 269 17464
440 503 19698
209 574 26077
388 545 52202
246 314 50606
551 576 19849
324 424 29682
230 481 63032
182 283 21587
266 315 47413
82 568 59093
432 498 85796
210 487 54589
75 85 42450
29 317 40497
162 409 38079
352 420 50922
64 104 151208
156 208 66008
309 554 30265
395 430 53712
16 440 16125
331 422 36715
340 341 39395
421 512 51430
99 376 49254
377 499 37643
9 380 34713
45 82 34670
10 455 48918
305 491 16000
23 505 50695
84 446 44654
331 478 20000
81 316 20616
93 112 111364
26 238 42059
100 265 61555
411 504 28160
21 52 45222
330 489 33615
120 473 10050
38 512 45651
47 160 26926
17 480 27659
436 576 36715
85 520 14866
199 503 26401
353 493 21190
32 454 11000
48 124 99539
331 375 25632
85 201 35511
135 580 40608
192 482 61847
86 271 64195
31 453 54342
375 538 15620
245 359 23022
108 454 17493
118 250 33838
444 580 105171
181 523 49396
73 494 13892
17 19 50249
50 327 25942
228 263 20000
126 354 25179
185 335 38833
155 157 65115
345 567 45277
141 343 14142
283 481 26077
286 301 65765
117 573 66287
318 448 19849
88 315 33242
244 584 37855
175 221 45000
384 556 32757
31 258 21260
222 553 10440
157 578 60729
262 273 40853
51 390 68264
304 572 36401
88 185 17889
337 562 22091
396 547 13038
293 560 68469
18 88 36674
156 381 22204
427 574 43863
231 497 22561
73 271 36359
476 499 32000
346 503 28653
176 295 31575
297 406 23195
81 260 28320
117 236 33121
98 136 26907
32 132 38471
177 316 39319
304 507 21260
134 238 89140
412 471 20396
278 401 47011
438 497 28302
277 361 20248
263 414 43863
88 236 24083
249 254 12649
568 579 27295
368 489 23854
330 575 26306
83 322 30265
30 210 31828
380 447 39825
35 402 42942
76 290 75928
258 451 16279
236 315 31385
252 585 28844
176 204 23601
71 103 30594
36 350 15033
81 495 55317
449 528 21401
456 508 23345
209 551 38833
457 474 65437
174 400 78791
286 320 66038
306 568 49649
434 533 83726
64 87 130511
74 259 36056
20 523 17205
2 239 46141
52 415 39013
130 478 29069
464 584 17493
235 437 22204
102 283 57974
380 486 30150
33 586 46519
43 427 29967
379 575 33302
39 509 41183
359 440 44944
247 316 59414
264 521 42000
457 577 75240
167 437 19925
421 491 23000
74 376 48600
131 496 21024
131 211 62169
4 51 45486
126 481 41340
464 564 44011
90 426 23345
123 439 44418
303 369 33541
18 268 48826
416 540 38079
196 420 46487
467 519 56569
10 419 58694
22 258 41785
319 530 17493
115 317 17889
80 367 29732
152 215 28231
306 452 27166
241 378 55731
338 551 12166
21 179 38000
199 428 16279
150 357 51884
33 285 17720
59 425 68250
357 583 58796
33 360 56436
450 536 48083
145 522 24166
178 510 56080
83 579 70831
92 385 16553
75 510 56080
285 557 47170
1 439 28018
446 537 33287
234 240 37656
35 212 65115
96 175 71610
44 539 69893
217 548 27586
65 152 40706
187 280 27203
83 87 54332
54 288 33956
15 415 51923
213 575 42059
66 238 39294
244 469 92179
425 581 28231
128 339 13000
37 202 21471
122 308 50120
98 121 61847
13 250 40804
126 290 22472
106 384 13928
45 246 12207
123 172 50090
531 553 23601
30 383 20025
271 494 44643
287 451 56859
124 404 29547
227 472 12728
286 361 35468
164 296 37443
461 462 26627
12 197 69921
77 233 42048
426 476 33422
44 350 73007
68 542 86816
273 400 79429
40 221 30083
247 332 49649
519 550 39051
218 367 10440
504 570 24413
358 445 26401
353 365 29547
114 274 41593
33 101 25298
204 564 62129
16 359 48415
42 470 32311
479 487 39408
59 430 48508
190 457 138708
44 249 19416
3 511 61221
163 358 24187
366 427 19313
77 165 33422
155 578 33106
22 194 32558
263 589 25080
128 391 46141
112 285 88006
420 506 38419
152 340 58523
186 304 43417
436 533 50488
197 528 38910
20 188 42297
54 76 51108
83 398 59506
40 549 89006
546 555 72719
312 371 36892
57 444 61911
142 159 33121
68 213 44553
254 327 40804
64 203 167475
1 302 29833
224 424 40112
10 445 67624
205 373 25318
27 406 24698
402 593 44294
270 274 29411
166 278 75027
166 482 43267
297 506 32450
526 540 70342
45 171 14866
195 510 36139
372 447 43046
10 196 75432
326 343 29428
69 136 39850
238 242 53600
70 266 38588
49 443 31113
95 227 17464
69 375 66038
57 580 58138
6 592 29069
391 409 42450
21 485 27074
35 140 63530
130 275 23195
27 193 18028
55 496 35511
281 503 43046
320 482 21190
259 484 51313
287 329 40311
279 298 70064
185 405 52000
37 425 54589
96 106 20518
70 150 34015
34 241 25080
147 470 29120
292 587 15264
92 312 18000
181 188 39560
272 449 19026
12 433 36878
170 549 51624
202 480 10198
506 517 33734
102 368 56036
13 391 25612
498 554 22672
305 421 28018
102 431 40719
121 225 34482
334 485 31906
213 368 36770
56 388 43909
105 510 31064
493 510 29732
265 443 63325
243 515 37216
336 588 32140
216 232 36674
145 378 41231
169 176 42953
77 444 62514
118 186 59228
59 570 29411
311 319 32280
61 264 28636
458 592 25020
273 492 72835
290 473 71868
93 557 67082
176 302 40792
6 10 58189
171 495 45354
488 516 24331
192 466 15033
325 516 22672
182 362 30067
253 387 32016
295 562 28443
438 489 38949
125 127 35440
74 511 47802
245 435 28071
42 542 42202
308 582 13601
160 314 52393
140 402 76942
225 559 35847
11 205 56859
313 531 44102
297 517 25710
42 62 14318
321 577 54562
44 254 31000
209 387 58138
228 244 49739
93 208 130250
307 413 32249
477 591 12166
141 339 43658
28 456 44181
352 369 31145
304 462 37855
278 336 55218
341 486 47413
151 585 36715
87 104 26249
418 581 94810
109 342 78262
57 539 68411
268 328 39850
4 25 44283
186 490 20591
172 439 44204
333 404 28862
218 303 33061
8 393 18385
68 147 27313
316 332 51624
273 594 71309
351 451 29547
205 222 16125
43 574 28460
90 499 38601
169 238 35805
127 247 32650
9 447 42953
137 156 45277
20 75 47539
65 446 49729
40 279 27019
28 569 34655
291 571 34000
238 385 13000
454 534 22204
34 379 54231
362 475 12000
398 568 31765
437 518 20881
116 251 39395
139 447 44598
279 384 71197
167 235 27203
48 233 10630
294 346 35341
72 448 24000
69 548 23022
240 444 77414
169 312 19313
430 570 35355
189 487 92655
237 568 46011
39 494 24207
147 205 47413
554 565 67535
396 418 40311
38 490 28601
298 455 24021
185 315 25000
29 89 37363
226 397 56921
203 418 124888
198 239 68942
216 229 27019
162 184 39000
101 360 50922
555 557 22023
242 337 55009
97 419 25612
6 297 37947
122 395 18682
111 219 39205
287 296 39812
473 501 36674
214 489 16279
170 455 44283
355 521 61221
174 469 22825
139 536 63561
79 276 11000
114 291 70767
122 453 36125
68 441 96005
161 337 55218
205 429 22561
356 377 34059
127 465 45804
80 303 18111
35 593 25495
230 313 56515
53 230 44045
129 435 24187
243 503 36892
106 415 27295
111 122 41231
23 405 43932
28 206 57454
393 515 38013
100 410 51225
422 478 39446
416 526 50931
175 485 38079
4 502 26000
180 262 73783
403 482 41049
118 491 45277
14 438 39013
331 538 22472
148 585 37014
298 549 30806
500 541 13601
29 592 41785
5 155 43000
8 321 21471
67 87 91285
189 334 113071
49 305 29530
88 544 47927
408 468 32573
53 154 70605
526 581 33000
67 237 86023
354 501 36014
60 423 30265
46 399 21378
478 586 25060
91 414 42942
95 119 45486
146 271 57871
401 535 54918
505 532 55036
44 563 75743
52 442 49041
270 322 17029
129 561 34886
188 231 43046
195 353 17692
399 460 106963
24 545 153395
173 346 28862
165 444 46228
518 586 40497
93 546 78237
113 207 56648
310 389 49980
52 479 55000
7 468 25318
300 467 21024
281 296 37121
55 408 16279
348 434 13153
181 231 27459
94 446 207663
154 531 41110
20 178 38053
336 344 29428
364 543 24597
173 281 41725
34 330 21213
490 512 42544
159 527 31257
109 367 56462
205 431 31765
309 498 25807
78 593 27074
108 534 27074
16 243 25710
524 580 65192
36 108 48052
125 332 49041
182 475 31623
80 342 38897
327 363 41012
487 533 67119
46 460 90973
292 343 46669
226 469 125539
44 363 31016
91 200 48918
70 550 38013
153 255 18000
149 253 21932
219 412 34438
76 590 40000
280 573 57201
331 555 26306
180 184 70661
233 477 39962
121 136 66189
373 563 17493
275 478 16031
157 493 37014
70 138 33242
252 547 19026
65 537 50804
397 464 29833
259 307 33302
41 284 25942
509 566 68000
398 579 17493
190 569 21260
146 509 33971
178 578 22561
139 311 26401
261 471 31000
248 360 53759
63 268 61612
255 500 27019
400 594 34205
561 582 10050
76 583 56045
13 507 64537
256 317 15524
24 594 23431
22 287 34785
65 256 59615
108 558 27019
241 421 46690
136 422 60415
268 280 27459
110 424 62201
69 527 19416
294 359 36797
57 135 20025
215 355 86608
125 465 37121
90 258 26019
135 327 17889
41 370 88769
72 269 13892
184 587 57201
158 239 37363
24 567 81216
479 533 82000
209 338 41183
372 536 36056
137 226 101514
113 300 18439
387 520 28071
40 552 147218
320 403 27166
428 536 46271
407 543 23324
225 282 40311
207 277 52326
183 365 39408
345 492 20616
316 449 59775
26 229 73661
11 42 15524
462 572 18111
128 461 40792
180 587 32202
459 509 53009
372 486 11045
417 488 36401
71 302 29833
85 105 23022
18 544 59059
387 427 39598
197 272 43932
131 268 44777
11 62 27019
84 215 35228
245 308 36688
202 261 32280
134 144 39013
66 295 28460
15 325 38184
194 329 33302
107 187 39598
389 547 78102
75 145 40497
124 477 64125
5 578 41725
1 176 37443
146 566 51478
114 318 59228
55 131 50606
53 314 29732
204 397 58009
7 63 22472
198 306 71505
83 116 42485
79 324 34234
175 442 50804
37 526 47096
76 138 60828
299 317 28302
86 347 21095
168 533 63891
10 170 43681
91 343 37947
96 442 51624
64 127 33377
289 550 54708
370 591 49254
44 432 30083
551 559 38419
149 344 10630
386 516 26870
408 496 38833
144 427 24739
207 509 46957
199 281 35468
325 386 36222
32 36 45277
142 168 16401
110 530 40311
15 434 56436
122 294 64637
211 335 50804
121 130 31145
46 514 69893
322 571 18248
3 306 65605
148 203 57775
512 522 31385
3 452 49739
61 152 21587
200 371 46098
89 255 28653
174 262 22847
142 217 25179
584 589 56727
79 459 32388
347 351 28231
148 396 45891
9 110 25456
194 258 37121
52 348 29428
220 471 47539
154 558 34713
38 232 20591
15 348 61351
157 510 54203
524 554 65000
198 408 45044
374 567 95776
274 306 12649
184 212 34132
356 430 42426
222 431 20809
220 561 26249
23 47 44822
51 276 22804
557 586 34482
17 261 44822
177 495 39812
60 467 49244
161 242 34482
271 347 57775
474 577 56400
314 483 22472
96 279 72732
356 392 30067
290 501 51478
264 355 48166
460 514 37855
39 164 42720
171 177 36797
310 413 31145
197 433 43738
333 370 43841
187 267 53451
89 458 28284
168 210 48466
272 433 23259
117 315 43012
216 366 16492
78 542 84723
344 535 34015
250 525 22091
271 566 44147
279 463 57983
471 569 57940
138 583 31385
67 465 18974
131 328 10050
127 528 10440
266 590 53814
373 432 65299
65 153 54571
193 406 15524
123 337 20248
1 381 32894
559 576 39925
271 351 43417
223 532 16125
25 502 48754
89 153 15652
34 410 31064
2 47 50537
470 542 66400
288 394 18028
364 407 23087
49 100 38118
257 500 55902
383 514 37577
25 352 38275
299 341 26000
211 532 18439
201 520 36056
228 262 31305
321 515 34059
191 377 37736
310 570 48703
196 369 12649
483 558 58592
27 324 48083
65 84 16279
392 411 48301
445 516 24331
214 362 30414
86 423 35228
195 493 20248
374 388 29833
81 333 72111
158 505 52326
48 77 35511
191 267 31401
156 172 50990
12 124 25554
492 567 34132
290 475 11662
260 404 42720
120 266 55109
38 85 49041
92 572 32140
332 513 37216
86 107 33956
498 565 62968
546 557 78848
164 287 38328
129 508 21471
58 286 53254
545 567 108674
86 187 36346
379 441 95258
149 209 49092
143 276 57428
419 458 28636
376 448 37855
357 529 56223
383 548 42202
388 554 12806
163 556 16125
97 257 22847
94 355 52612
336 401 70831
150 550 49578
29 193 56639
252 269 22825
359 515 59008
9 224 32249
237 332 41485
242 248 28302
98 436 37590
328 544 48374
112 172 34000
273 345 73824
143 459 41785
90 107 47202
142 527 29155
119 227 45891
260 433 38013
284 558 50488
132 534 55946
50 580 22136
224 380 51971
538 546 64351
58 502 12166
2 158 33242
63 468 26420
323 402 29682
420 517 17263
251 318 64560
162 587 50010
338 588 38626
163 463 41231
435 561 20248
29 256 34015
82 513 37802
56 309 28000
48 444 97021
537 541 32249
352 390 28862
118 512 68015
164 311 30083
14 214 25179
130 518 34828
105 253 41593
95 474 28862
191 499 31257
73 287 10050
471 561 42438
71 382 15556
66 562 37216
155 529 61205
68 379 45354
109 166 44822
143 361 44147
423 573 34928
4 58 26833
461 507 41231
76 394 73824
157 529 55660
53 531 83433
50 565 35440
218 386 36401
175 334 36497
243 428 25080
342 403 40262
349 578 51788
234 591 73539
157 560 55073
353 535 20518
8 457 61911
7 267 39623
259 511 27074
257 541 63325
353 401 61847
20 145 36056
99 269 35355
30 217 33541
211 223 31623
244 263 33971
301 466 26907
450 521 26401
157 365 19235
93 399 110073
49 410 35057
414 564 45122
116 543 33971
394 438 22672
160 246 34409
450 472 53075
251 291 24083
158 223 58592
62 498 75928
119 536 38013
106 417 22136
19 540 101769
206 457 65069
98 159 40025
127 197 38639
167 282 49092
235 248 53009
354 481 32140
447 530 59464
203 407 17205
244 589 35000
350 563 43829
60 289 23601
115 299 16031
200 564 20616
429 553 20591
275 586 21378
429 531 37216
312 326 37483
115 340 12207
183 466 29682
10 97 53263
103 381 27019
378 421 33971
15 218 30676
417 556 33601
232 490 13038
326 371 30232
413 504 29428
19 261 36249
446 552 125766
164 319 27586
221 279 33121
265 441 20518
389 425 34132
190 540 183763
392 484 53235
37 480 21000
201 366 20809
14 290 30806
113 423 72945
456 515 45967
261 412 33601
270 571 27586
76 349 61717
288 497 24739
307 411 38013
202 219 37483
72 151 18868
111 582 10440
298 463 39962
212 265 65253
430 476 26249
133 370 70349
53 313 80610
395 453 22804
179 189 67186
443 525 18358
388 524 60836
296 329 12649
409 525 48918
75 522 29120
192 401 51478
364 585 50448
161 238 29833
78 265 51039
301 560 48094
43 282 57723
206 393 13000
103 137 33422
54 181 13416
390 420 42450
408 484 49578
339 461 30871
312 385 18601
56 323 20616
104 543 34986
137 208 111162
120 590 28653
133 234 14318
289 519 64514
114 452 18868
397 564 58181
132 133 14560
144 229 32202
257 552 38639
466 930
275 331
365 250
717 485
489 547
880 464
462 259
756 148
768 330
899 519
187 563
76 275
347 734
358 526
800 629
711 196
551 57
458 368
601 52
475 601
886 708
638 265
326 411
150 840
761 490
445 801
808 428
695 89
867 396
779 835
583 236
150 439
605 885
350 589
206 709
155 484
536 84
478 691
675 334
984 623
191 381
183 578
548 741
123 554
242 334
773 897
298 376
16 380
350 655
41 589
742 447
849 682
231 409
413 557
403 281
136 691
46 530
705 509
535 135
553 387
909 282
170 584
450 278
139 182
923 339
475 876
189 182
252 583
734 808
512 457
420 968
377 122
648 308
375 183
493 645
439 513
22 415
216 692
728 418
790 569
142 304
261 305
245 169
934 327
524 674
553 322
251 115
425 384
903 406
573 251
335 838
437 831
669 964
871 170
853 185
888 645
933 478
702 752
419 105
312 652
597 861
264 494
450 962
259 90
547 673
874 630
545 289
165 437
748 619
750 348
621 124
558 973
621 392
350 191
845 342
264 131
478 402
387 714
815 210
425 448
663 800
595 156
527 923
54 288
168 225
357 475
134 215
354 794
672 136
640 821
447 306
112 433
98 429
530 777
45 550
722 770
429 988
481 469
726 258
236 765
381 840
770 777
681 462
529 738
455 631
672 345
241 558
320 51
604 681
513 491
367 106
904 303
910 392
212 477
532 547
474 983
576 595
308 327
741 761
272 369
484 861
315 760
888 589
687 293
43 441
713 591
601 804
783 767
444 867
941 507
228 329
524 973
673 236
228 887
946 687
435 909
201 304
513 599
886 746
311 838
419 569
325 500
617 589
279 775
417 400
445 726
517 317
433 606
869 811
687 50
532 271
632 579
825 434
632 233
584 651
826 538
96 208
361 263
726 238
372 870
505 704
555 94
267 74
421 890
219 516
744 119
674 412
540 982
601 730
801 812
386 318
250 757
284 552
333 523
930 292
501 725
773 802
810 600
582 120
661 103
973 651
235 514
360 300
784 358
633 783
333 955
860 201
263 906
500 752
275 411
396 584
468 709
24 373
84 432
585 826
449 386
239 252
465 838
298 291
91 469
360 612
517 851
736 202
306 931
650 167
252 341
155 240
532 827
104 558
359 695
300 115
373 90
588 666
92 554
928 392
868 362
954 469
599 250
411 185
121 285
586 85
249 878
283 906
883 270
267 694
479 437
501 266
486 328
384 110
292 174
617 327
125 241
234 840
309 198
643 844
728 429
627 435
686 661
957 622
509 343
703 265
604 755
320 479
179 404
610 902
661 479
649 298
380 565
567 406
365 496
302 139
338 817
611 479
648 193
466 903
666 262
844 452
960 552
829 343
617 410
651 544
443 949
808 567
424 764
376 669
313 210
436 163
639 132
136 663
465 136
715 282
437 849
288 466
221 381
437 415
162 299
853 358
362 133
706 313
696 535
766 167
275 173
152 704
762 414
827 602
400 855
53 566
448 316
654 258
347 568
675 855
199 263
74 328
940 723
395 368
641 693
516 906
637 710
366 799
855 335
819 319
762 542
371 850
612 688
169 805
680 208
564 304
820 687
467 568
140 483
590 293
793 511
597 639
354 450
879 222
522 225
537 537
867 577
673 166
549 878
638 452
355 502
94 565
300 86
585 612
517 721
800 597
310 526
814 534
105 359
417 880
796 266
194 512
91 698
699 864
414 154
500 251
415 621
296 594
794 307
477 961
409 957
778 855
887 635
452 838
823 566
563 686
98 669
448 89
800 483
331 754
492 223
749 131
374 548
577 161
365 60
387 937
270 223
769 918
156 855
657 624
168 729
723 532
81 300
369 420
821 449
277 88
406 265
300 725
352 620
470 180
613 105
468 167
315 876
850 643
526 46
853 623
381 23
913 462
841 494
392 646
693 823
557 357
787 398
482 92
557 234
535 714
738 227
214 494
528 183
247 531
152 562
104 251
807 685
648 139
684 719
607 823
359 565
489 946
697 204
253 679
896 696
328 677
14 477
846 561
971 352
759 288
377 146
144 242
830 246
602 266
340 207
571 183
150 428
936 551
699 133
809 116
907 434
696 423
849 847
394 786
416 801
926 573
358 930
171 188
633 564
596 411
437 255
217 907
213 566
617 85
869 210
426 458
860 157
355 490
536 208
58 352
659 843
816 726
557 84
322 453
689 555
213 402
439 228
913 706
797 277
793 758
866 589
330 539
455 708
392 669
182 789
577 632
660 315
184 340
438 287
374 589
121 642
536 240
929 419
390 451
717 511
705 222
497 172
345 364
871 470
410 748
682 117
695 370
549 642
413 212
438 669
231 282
812 839
732 165
842 585
838 477
613 843
588 467
535 684
841 270
465 653
465 587
43 643
337 693
489 81
745 792
131 225
593 542
715 328
251 490
368 314
734 726
163 410
611 654
784 232
953 380
687 874
100 488
507 13
937 408
173 619
289 108
406 340
67 711
733 919
372 71
753 821
985 534
550 458
639 722
992 476
232 504
106 659
671 881
880 603
657 898
186 454
615 752
603 547
641 120
494 908
179 503
359 886
75 599
627 370
164 760
285 251
671 64
511 152
272 155
434 799
543 389
575 732
321 572
652 737
815 191
518 577
261 238
20 582
456 81
631 121
493 498
343 939
349 74
647 865
325 809
673 696
306 896
439 473
56 364
882 435
189 690
165 822
