731 1963 22 132
264 531 13038
150 469 32558
50 435 31016
178 466 20000
331 568 21095
367 557 51923
52 320 43909
107 555 40112
118 644 56824
588 654 43417
105 118 61098
62 601 54129
9 148 21932
193 651 36688
497 516 43081
509 682 67897
575 691 21932
363 664 35847
500 555 41593
45 205 42953
92 435 73164
397 502 16492
11 637 31064
304 675 38013
195 359 52498
92 333 53907
142 227 18028
82 243 81025
204 410 41195
115 196 42048
41 257 20248
585 631 37483
56 99 60374
162 645 26683
55 688 62426
545 581 34176
4 15 20025
432 481 42544
300 698 28018
149 520 44283
326 332 17889
66 376 15264
439 455 71344
526 574 55227
69 518 33061
221 730 26019
431 631 14318
81 544 51662
27 268 24083
312 673 52393
124 429 66491
126 710 33615
61 528 51546
21 535 45343
193 669 37216
122 154 58138
56 512 10770
250 329 36797
394 611 19105
153 163 31064
301 592 75895
17 562 29833
194 463 12166
113 625 41725
61 427 67365
114 313 35014
84 603 19799
426 645 22627
552 728 185602
307 374 44944
250 309 28018
188 586 46011
368 473 41340
380 545 39395
167 427 68029
90 412 29120
20 216 16401
578 644 31064
53 64 37443
377 605 43863
231 455 44204
161 723 24597
111 315 22361
79 300 18385
364 606 34713
21 386 24413
318 337 22804
200 329 35468
6 634 28844
203 350 10440
104 221 36125
70 311 58600
643 688 53235
96 597 18111
130 641 39699
127 154 64761
456 640 26926
79 293 18788
184 482 49739
123 157 74967
22 383 53038
179 523 46098
310 637 33541
213 542 11662
354 560 28018
331 460 41231
81 167 42059
325 623 49244
75 439 13928
39 405 44045
155 489 13601
179 664 29275
16 52 44418
383 551 13416
562 569 35440
306 502 38328
69 316 38484
370 490 43186
484 653 69340
238 528 43324
347 414 43081
312 344 53759
262 678 25632
14 77 28636
244 518 41304
339 584 25495
641 656 39699
292 332 15000
194 330 34655
179 602 21378
174 265 75286
65 141 22804
344 519 47927
53 428 23022
144 391 49396
113 307 38897
539 672 46098
226 271 30083
449 720 33838
362 447 44777
58 702 72450
196 249 54818
82 615 63600
29 511 12166
8 360 51196
509 580 35440
58 497 30594
57 509 25612
216 436 34655
200 207 62426
3 306 58078
407 618 25000
355 655 37947
478 494 20809
100 705 61400
240 331 67201
387 632 48052
48 576 51010
239 699 19799
116 464 19105
202 316 26926
107 229 45000
198 654 42190
33 434 52154
245 270 22627
92 95 22627
340 681 22023
36 123 15620
205 722 52240
448 547 17088
103 230 64777
426 566 30887
83 643 31016
352 381 24698
329 731 38210
297 679 46648
63 447 13416
518 715 31113
227 616 38897
175 559 27857
13 664 38079
552 577 60415
65 72 31906
31 292 50160
33 503 38471
254 726 32650
59 178 32062
126 212 36674
46 723 40460
226 559 36014
424 652 37590
19 91 20881
250 714 40608
439 608 33242
671 720 21541
81 518 41869
93 171 50961
448 687 46011
97 296 41195
201 465 10198
134 599 16553
406 683 15620
252 488 31145
127 716 15297
17 312 61294
538 652 53075
391 427 42059
388 712 44643
348 397 47854
294 536 15033
382 417 31305
492 572 21587
76 632 58009
226 351 22847
93 725 18601
71 185 14318
269 430 15264
19 427 23601
263 323 32249
132 171 40000
153 298 17000
128 229 14866
217 352 23259
220 610 47265
113 374 57940
520 701 43417
97 334 53151
161 681 13892
258 564 47381
265 525 64000
304 450 49820
249 402 57489
218 524 65490
116 454 50448
270 430 12166
549 599 48021
131 147 21024
93 690 49820
192 270 32650
498 683 55362
367 500 25632
514 556 58052
653 726 43324
380 629 46098
493 654 55902
471 692 16279
572 667 25080
305 579 24759
257 608 20000
11 523 30150
265 477 47508
283 447 63151
266 350 71840
25 162 47074
291 603 54378
496 587 34713
194 695 16763
480 520 13038
184 197 46325
144 626 17117
716 720 23195
2 561 16553
73 708 17493
237 349 24187
356 520 51662
135 353 23770
340 514 48332
503 727 59135
222 479 37656
258 517 36797
395 622 38210
625 705 58822
48 461 39962
164 172 52924
97 675 65734
175 351 12042
110 418 62968
385 704 38471
417 548 27019
364 366 25495
81 151 48052
87 535 34785
383 612 59841
440 712 62936
72 260 34655
225 456 53814
85 422 25942
366 601 46840
358 519 38626
263 680 23409
107 574 44283
104 666 36878
319 711 30806
598 724 68659
176 261 76844
156 319 45880
450 621 58181
584 595 78772
168 224 49497
399 657 17889
385 433 61612
7 182 47096
3 503 23345
93 665 35128
286 623 52802
60 344 13153
68 608 55036
491 724 22472
204 296 17493
130 255 69642
339 414 35228
237 359 37577
338 521 34670
555 574 53907
123 712 39459
368 728 21095
21 289 18385
56 648 45618
68 231 15297
249 713 25612
477 716 19026
573 627 31780
20 451 16492
94 714 40311
67 108 40706
467 627 27785
620 663 29547
70 324 62801
286 325 12369
138 250 18682
346 584 35341
695 719 31305
447 545 43382
131 699 37483
171 690 19723
401 562 17692
441 600 37336
269 700 42450
156 478 31906
199 329 22136
303 621 25080
288 409 20616
46 48 26019
575 698 21541
254 276 22361
373 573 42426
196 623 60531
59 94 43186
5 8 55027
101 459 55082
60 519 46390
387 540 42942
354 379 51039
429 504 43290
364 659 54562
106 489 23087
522 603 49031
181 418 22204
122 207 61911
145 434 27074
170 610 69231
292 325 33956
98 160 49578
604 706 43566
193 413 24021
374 625 56798
153 239 49244
127 587 72250
14 600 12649
23 55 39205
103 228 52498
223 586 47927
216 249 23854
159 642 49254
37 45 32062
26 165 30871
393 545 42107
27 141 34015
368 495 26926
211 381 49193
498 558 46669
342 388 36770
502 647 25554
264 486 29120
116 645 22804
134 211 40804
48 176 53759
151 167 31623
475 544 55902
546 676 37121
151 216 56727
172 349 30083
232 529 18439
556 709 55009
553 559 76551
582 640 29017
22 283 35384
244 581 43012
622 663 26401
301 614 49193
180 630 32450
142 682 41785
248 442 42953
260 484 66370
117 727 29275
238 466 28636
70 528 34828
29 147 19235
213 680 29069
39 608 25060
195 349 20616
190 517 49041
109 649 60033
319 470 14765
43 613 23854
408 514 34015
294 404 31321
154 207 19209
148 694 39699
181 588 10296
32 567 169941
35 536 23431
159 237 24839
71 642 51039
177 475 39115
290 543 68797
45 591 21024
136 663 35128
12 489 38275
256 382 23087
517 686 29967
10 531 26926
120 324 34670
110 181 43081
659 727 38626
66 527 29833
134 235 31048
126 369 25060
41 608 35355
185 371 68469
36 130 58034
70 541 62370
592 628 12369
192 700 30480
206 212 65734
224 563 17029
71 677 31016
397 647 39051
219 600 36497
30 326 12207
351 467 35228
116 357 43966
465 468 34000
276 371 21954
210 594 54037
222 705 19925
149 400 54918
131 442 44654
379 689 22204
327 363 21190
631 688 43909
409 574 48836
287 592 36688
376 641 31385
118 342 18974
58 559 160552
83 240 64000
389 438 30067
215 421 112004
624 638 45695
268 601 63151
96 675 38000
222 246 13601
153 699 47802
458 593 19849
400 709 37537
283 380 57009
91 218 36014
76 387 66483
324 623 38419
360 689 22361
282 646 15232
152 653 58830
32 279 39825
399 474 25495
336 405 56648
299 373 32202
505 512 26926
468 629 25554
681 723 34234
323 508 27893
127 416 12207
52 166 75240
123 255 66708
317 659 54037
314 660 34540
397 533 63820
32 651 12207
120 199 20616
446 677 19235
426 492 29069
367 555 46271
333 600 34886
550 728 107648
353 504 29833
251 655 29155
95 228 31241
256 717 14765
277 347 15033
307 337 57140
226 512 44385
296 429 24698
221 668 24839
559 702 88102
166 344 52000
80 239 23537
353 472 38275
212 710 25000
495 550 70214
1 564 73335
61 488 26907
567 684 80808
92 294 13928
133 561 30083
412 681 26401
227 565 33541
217 292 55946
584 723 74813
139 487 43046
235 415 12369
231 463 26907
104 579 31145
387 470 173566
413 669 31401
148 328 39051
294 419 27459
210 550 34540
267 348 22804
3 390 15000
487 667 33971
297 637 27785
215 529 16763
437 684 16125
295 497 41146
172 489 36401
104 302 33541
318 479 19698
228 273 23000
414 643 41400
164 638 46000
333 441 47927
98 535 17029
42 571 13416
414 708 30414
63 420 24042
516 583 51788
203 577 42638
19 284 18028
236 242 46690
494 711 46530
65 704 40497
159 638 28000
575 657 26683
252 458 61294
104 646 27785
99 505 67941
596 731 58052
82 474 54083
152 726 64777
20 151 59908
244 620 17205
280 328 53009
167 248 39205
369 487 36359
392 658 41231
283 551 60008
62 364 43290
400 701 53254
189 711 56569
462 682 26306
321 392 12207
240 725 18385
157 305 47802
166 641 42297
296 675 65391
47 204 33106
9 357 22204
194 415 29732
315 335 29833
483 491 14765
4 374 22804
416 449 40497
36 609 48415
631 707 21213
477 720 31113
162 426 14142
398 700 177722
174 208 34482
133 605 45177
419 435 70178
162 454 63506
190 389 25495
278 544 43417
186 648 13416
310 523 34713
272 610 58000
57 232 55803
327 459 35355
290 307 61131
15 539 32558
385 676 39205
665 708 60539
44 456 18601
245 700 21471
436 457 19313
220 272 47518
91 442 32202
27 532 34670
507 649 21095
435 441 35693
117 372 22136
268 481 23087
131 506 52173
525 625 37643
249 457 49649
273 485 10630
384 678 28160
44 560 46400
262 490 20025
585 688 50448
90 340 37202
377 634 38328
35 230 18028
156 269 23854
62 718 58669
183 225 29206
440 548 31953
547 687 41146
532 583 17029
89 614 17692
139 654 30480
506 524 56365
142 357 44011
57 580 29530
372 434 26420
147 663 17692
82 512 21401
194 630 11705
91 499 38000
177 507 17889
560 582 40719
210 495 59506
283 362 52697
184 334 56080
13 576 59548
533 676 69857
106 407 12806
126 487 32280
7 679 21932
28 479 35228
54 434 57201
539 590 26476
338 355 43186
407 489 30150
443 552 37696
266 710 30067
9 454 21840
115 286 10770
404 536 31575
357 454 19235
383 564 74330
538 568 39825
283 383 62169
207 596 29069
214 331 19235
342 586 28160
2 472 28018
27 406 32696
157 440 32985
538 585 68964
112 471 22136
40 341 11662
78 725 25495
533 598 31305
466 714 38910
292 722 70093
225 674 50448
144 238 60075
87 193 29000
490 693 61685
605 634 23087
571 596 57801
163 605 88391
49 490 26000
316 554 38184
256 417 45222
186 351 23601
205 571 30364
130 376 18248
43 551 22472
219 441 37014
566 645 32894
319 478 16031
274 461 38288
291 522 40706
32 639 179402
399 505 38419
346 709 45486
406 558 29069
119 329 52038
180 649 30017
135 472 26077
233 394 20125
324 458 31321
539 661 32757
162 190 44102
319 494 33287
498 724 29017
58 295 13892
297 422 29206
333 435 65460
378 522 31016
547 560 38210
242 399 17493
219 673 36797
2 348 43738
140 452 27893
627 648 34525
67 480 20616
399 691 30414
14 333 38897
41 530 17000
60 166 46530
52 494 53160
268 406 31385
262 706 45891
655 718 45453
212 563 69354
104 730 41881
11 310 24042
253 421 200861
130 527 39623
208 322 15652
65 260 41049
433 676 62936
94 265 24021
263 508 45277
59 238 46648
402 549 35355
247 477 34886
339 409 34205
110 654 53600
198 464 24187
198 566 17029
236 655 41195
172 453 21471
176 723 46648
378 471 26249
16 435 30676
172 618 58694
410 429 35847
108 678 26627
516 553 40262
486 611 55227
516 702 42297
139 566 54083
325 326 35355
50 341 16763
75 121 50931
173 521 36222
233 392 24352
577 703 63253
476 524 51039
87 413 22361
641 646 48083
185 350 75313
657 691 24597
110 139 55714
206 266 55227
164 266 51078
445 564 85755
191 263 27295
5 283 51039
693 706 16125
501 565 41183
160 262 35609
94 466 37802
445 618 45541
157 548 48301
209 726 69871
312 543 59034
52 668 65742
77 222 17692
20 713 18868
243 669 20518
299 428 24042
86 598 30017
598 647 19849
337 479 14560
455 608 71868
230 540 22091
26 31 38184
101 664 60877
449 513 33541
421 616 27019
372 727 33302
477 714 55579
235 599 24042
68 455 39850
649 719 41976
210 371 78447
1 298 79706
98 604 53535
278 475 47265
160 706 29833
134 381 82807
120 541 18974
465 663 39560
421 529 122450
388 586 39560
646 656 20000
255 579 41617
35 696 58694
186 226 36401
24 580 35014
636 644 16553
303 510 25318
133 334 26476
213 370 54083
30 120 56303
283 613 60539
130 609 34409
291 510 46141
139 369 20809
53 99 23345
263 514 38000
328 517 35693
8 612 30871
208 314 34015
657 698 36770
255 282 27019
613 629 34205
25 190 16643
436 458 66272
69 202 24698
47 133 39205
43 283 50912
6 348 30463
118 515 57567
218 291 40853
36 255 71120
48 363 51078
100 525 28018
353 397 18358
124 538 45486
329 345 48466
73 396 30150
11 609 24839
234 360 10770
564 686 39661
315 674 48260
105 515 39051
38 126 43382
361 714 50120
550 577 35355
15 259 51196
146 591 23087
112 692 25632
425 490 17000
59 626 22361
44 582 11000
188 223 15620
166 668 59841
108 701 16763
174 705 22472
114 461 16401
147 622 25495
275 388 17464
376 527 37643
281 390 24352
88 170 36688
38 369 51088
557 709 38601
308 422 31623
450 510 74007
587 632 44385
154 361 48466
111 140 20591
433 546 45222
584 709 70711
274 708 48000
66 358 38079
134 549 52498
371 570 21471
30 345 50636
475 719 28018
444 588 18601
586 717 26249
564 612 60133
412 636 16492
24 354 81099
486 684 76217
468 620 14213
535 651 42107
52 430 28160
564 670 63891
484 497 74330
661 672 37121
198 645 31241
474 691 24597
281 727 66287
218 510 65924
151 252 31241
330 455 35511
282 579 33136
105 721 54231
403 684 55082
599 695 32802
110 552 92439
15 374 38949
288 346 13416
581 620 36249
223 515 48042
316 442 42521
427 499 42953
24 607 75591
248 284 34132
293 615 27857
159 624 43174
127 449 48508
432 491 22000
195 617 23537
101 310 29682
495 594 26249
101 313 34000
34 107 25632
217 381 32016
193 639 137441
650 698 25456
168 572 68542
493 588 35355
259 625 52000
92 419 18111
52 401 48466
224 618 47011
102 553 33541
192 668 26401
470 711 18682
495 570 41761
160 173 30017
26 381 54231
641 730 58600
212 487 36125
513 632 52631
370 403 37014
221 302 13416
105 531 49769
348 533 58694
474 615 20000
251 650 29069
49 370 23601
23 277 48374
508 721 53151
499 603 47676
259 525 33242
405 674 59405
85 637 17263
438 517 42720
122 596 72691
14 28 27019
1 445 52000
282 656 10198
604 693 32650
13 179 12530
303 692 21095
143 497 17205
354 689 57585
76 513 15652
491 558 25000
169 197 14142
321 611 18439
591 731 55227
628 672 31401
51 508 45486
13 261 41773
95 230 27857
39 257 10770
71 209 17692
111 608 22847
112 590 16125
115 165 19416
13 602 21213
152 433 13892
254 484 30610
454 645 59775
26 211 28792
234 689 14422
631 729 16125
108 384 13416
624 642 16553
64 655 48270
469 724 40804
32 193 42012
467 559 19698
358 422 44822
11 527 13601
416 720 11180
251 657 10440
44 315 25020
281 503 18028
299 411 43966
237 638 22472
147 511 19235
518 581 55172
153 589 28653
41 68 31765
136 147 28018
62 338 69116
454 517 32016
118 275 28302
23 526 19849
168 563 50990
120 311 26683
151 488 29155
214 597 10630
272 374 42000
405 530 15524
40 562 17464
481 558 27586
20 81 43105
196 286 44045
40 320 31064
51 412 27659
450 524 62129
87 365 32450
313 690 24042
263 556 39319
395 551 77000
121 439 63781
105 644 41037
161 340 10198
13 712 43829
170 661 15652
5 360 29069
10 188 86052
34 281 48765
292 326 28018
89 137 15811
101 327 61351
243 615 25612
154 587 63640
2 6 25000
418 552 151242
29 395 33526
261 712 15556
24 57 17493
327 664 24698
47 334 40497
366 481 66038
191 425 61847
467 553 60926
220 290 64351
481 483 26077
366 432 39205
289 521 29069
322 671 12042
182 240 36892
289 386 21213
210 577 34828
522 692 30594
366 606 20809
410 504 13454
199 250 50160
9 517 39217
7 18 18682
165 196 34015
13 363 52202
348 617 39825
241 392 35000
234 362 38639
102 583 34785
384 425 45277
123 440 68964
297 310 26173
287 301 61984
240 614 54378
222 625 56045
333 660 35511
208 477 50160
49 191 53460
474 505 35014
262 425 18439
231 330 41773
125 532 21190
447 619 42297
117 606 31321
228 333 27459
163 589 28601
276 570 30083
537 591 31048
449 632 56080
83 460 29120
254 570 35847
249 278 29428
258 686 12000
334 605 58310
12 155 44045
65 683 19235
330 463 25942
8 280 14765
53 242 58181
289 355 46840
287 672 18028
300 575 12042
83 331 59093
11 85 23000
317 555 22361
28 337 35847
384 556 71120
298 551 80808
242 251 22204
429 652 64070
178 238 27203
176 644 55218
464 501 18248
185 677 35057
177 649 32202
388 440 35355
567 693 101242
352 722 108296
343 455 73376
239 476 13601
412 644 25495
492 667 30480
231 630 28443
124 675 37696
75 608 30083
382 398 64514
215 232 30806
47 296 27459
396 708 24187
133 377 22561
696 711 31401
188 717 42426
138 466 24083
109 177 53339
16 494 40162
110 443 61465
261 576 73437
244 663 41049
278 695 68242
350 677 78848
43 395 67720
129 375 30083
72 583 33541
131 511 26907
157 255 38601
88 610 61098
87 651 16643
411 627 37443
180 231 24166
215 509 36892
77 479 25710
4 539 42012
373 411 35777
395 511 37202
99 648 36770
385 498 39000
7 132 52802
568 688 29069
188 486 123458
172 206 55082
280 580 60017
243 293 26683
277 339 37216
233 323 16401
101 523 51478
98 386 39115
119 591 42450
48 73 39205
510 621 31145
345 537 35511
122 697 97417
473 570 60033
69 554 13601
70 238 16125
182 610 50249
615 691 23770
475 695 44911
158 287 14866
192 221 37121
469 491 38626
146 596 13000
144 528 63655
354 360 71610
534 605 46648
145 372 15524
184 524 69971
92 228 36878
81 715 50010
10 486 38013
128 555 21190
215 682 83217
155 617 38626
90 508 38601
485 660 15524
121 547 44944
317 500 41110
449 587 47000
46 584 52000
563 667 51039
385 653 18385
356 659 59666
10 515 55326
560 687 12042
306 353 38833
254 473 55471
265 714 43382
411 648 15297
146 731 55073
456 674 30871
143 516 36770
15 129 61612
595 709 67119
31 217 19026
86 724 50804
295 728 74847
168 564 62801
195 267 24166
383 670 31575
71 159 75743
359 546 35057
434 727 38013
35 404 24698
487 492 45000
255 656 30364
646 730 49010
579 646 31906
302 700 66189
359 533 47170
121 335 19723
196 402 37202
391 499 34059
472 561 24352
78 240 28425
12 605 15264
249 451 14560
363 459 48877
395 699 47802
54 306 36770
213 263 39357
411 428 36401
33 306 20396
267 533 44911
101 132 21095
204 472 45222
573 583 41049
124 652 11045
484 516 78518
508 514 41785
650 655 34132
191 680 18358
181 444 17088
45 537 12728
464 645 27295
393 715 33242
306 503 44272
129 603 40025
7 725 56824
108 633 18974
465 613 21932
460 688 31623
240 301 69635
528 593 72801
73 461 14142
568 585 65437
242 635 15524
193 243 47265
83 708 64351
419 696 36222
189 435 21932
100 265 53226
16 189 21024
533 647 43012
251 399 22204
418 588 23345
356 500 41593
418 493 41773
186 512 35847
67 633 30017
243 639 91411
343 381 113252
309 714 31145
246 660 44407
636 681 20616
58 728 86354
330 343 38484
176 576 16000
230 536 14000
195 237 35777
129 259 47000
431 585 31780
543 673 70838
153 395 30232
527 609 29155
59 144 29000
452 608 20396
320 435 29530
355 650 15133
506 699 51971
103 513 32202
74 369 59203
632 697 19849
52 270 31321
299 685 26907
364 601 28636
74 703 27785
239 482 28636
49 213 57983
54 647 24739
204 561 45100
169 450 47011
209 433 33061
707 729 23022
184 476 59908
428 685 27459
98 173 52469
418 662 111041
544 713 26173
214 301 16279
312 519 13454
405 649 34059
69 81 34525
99 411 25495
177 393 32062
56 186 35903
38 74 19925
533 546 54644
159 359 39357
174 477 64070
445 534 21401
106 534 31064
280 612 25000
288 367 60539
3 281 11045
285 449 18358
51 578 20248
311 541 14422
523 609 21260
199 541 11180
308 358 45044
424 585 37121
229 727 42755
355 718 17029
261 275 37336
425 556 60926
419 711 58873
236 635 34482
269 494 40817
62 356 62169
117 659 19313
285 671 25495
275 342 30150
17 569 31016
273 660 14422
559 639 82037
57 215 42720
293 669 15000
134 343 38013
140 315 12806
37 326 56303
301 597 14213
142 616 34785
274 665 24352
241 684 25000
590 672 40200
122 496 27074
211 549 52240
27 125 27514
324 593 15524
335 452 41037
338 356 63071
80 476 26173
149 500 24042
50 320 13928
91 291 44294
89 158 21260
225 234 45804
98 279 44045
113 222 51478
155 453 11180
138 541 60745
387 696 126823
665 690 36222
194 719 23087
164 206 18028
378 603 41593
62 64 65192
284 442 31241
553 573 39623
27 65 35000
63 545 45541
51 105 38588
587 697 58034
138 309 11662
64 601 26683
293 691 23854
132 297 24759
286 423 16279
339 346 38328
340 723 29000
264 721 25495
206 224 37000
76 230 65115
350 710 56045
170 539 22804
47 97 32202
305 666 20224
475 507 25495
42 45 28160
64 236 27295
295 473 42521
24 280 62769
309 466 14560
295 484 59615
50 441 43267
288 709 40460
616 682 33287
112 621 31385
338 718 33541
211 402 43600
352 455 210238
229 659 39598
55 707 38328
76 540 66753
450 628 38833
258 612 38949
463 630 15264
457 458 60208
79 365 18028
290 673 11180
156 700 53451
451 713 20881
70 138 47202
462 509 55946
163 184 62097
155 172 27019
44 335 43863
150 432 18439
253 687 44407
473 728 37014
88 661 27659
128 317 21932
198 501 29698
518 545 50636
200 361 52393
94 178 30150
444 654 33242
415 695 16155
212 266 31828
306 397 41437
98 706 53852
59 525 65513
565 616 34525
481 601 69721
388 717 48600
84 391 11705
84 499 39661
220 543 28601
61 593 56859
395 613 55218
12 534 41869
3 424 40262
145 606 13416
34 431 37855
457 623 59076
80 699 38079
229 555 30265
543 610 32558
97 184 33526
144 603 41677
86 434 58009
468 663 26401
232 607 33615
18 187 39962
1 670 16971
30 325 38639
390 424 33015
23 729 17029
377 561 14765
392 437 27313
209 371 69354
36 602 15232
434 469 57280
279 651 36069
132 313 38949
275 712 30529
531 721 25298
148 580 31828
24 360 66611
49 680 49649
375 626 18028
174 660 57035
228 485 31780
172 224 64661
159 433 67268
354 687 20248
484 726 44102
176 681 45122
138 199 55902
20 544 35903
219 569 28178
471 590 29833
60 358 22361
10 223 70803
149 356 54037
7 93 57315
480 521 31064
441 569 36222
17 401 35511
398 666 54342
322 477 39459
371 594 34785
69 167 34015
18 543 40200
391 528 64031
88 240 46098
74 110 72250
109 393 32202
353 410 26249
39 111 21024
21 300 46755
88 182 27459
173 633 21932
66 641 42190
252 436 60605
1 534 67186
495 728 47265
132 679 46530
21 365 45177
379 640 18439
400 556 54231
149 367 41773
244 316 44181
125 373 22136
375 603 33838
115 423 17692
314 322 43012
143 702 26401
551 670 37483
160 678 31257
168 389 42450
249 436 37336
476 482 18028
270 700 35511
204 429 19698
183 420 16763
288 557 37483
390 585 34986
21 79 49193
83 665 37443
507 719 40804
279 535 33615
63 109 37336
78 665 26571
191 556 17000
40 52 41000
233 321 16125
438 686 28653
131 136 15133
460 568 26401
146 571 47011
125 299 26476
468 581 35384
120 623 49254
511 699 29411
424 429 54918
164 624 18439
274 690 17692
462 694 13601
15 590 41869
349 638 32280
197 304 12166
404 419 25000
72 532 20616
354 607 34015
190 438 44204
202 248 20000
526 729 16492
252 593 60141
325 423 15811
581 629 39051
150 366 29682
339 347 40706
403 658 27785
109 405 71694
173 678 34000
188 398 141057
37 332 61074
140 335 21213
347 643 41593
489 618 35468
169 184 47096
112 303 29967
23 707 14142
162 492 33242
118 261 36401
111 452 20248
458 623 15000
443 703 11045
63 183 29206
122 587 58600
89 240 52631
633 678 21378
198 493 42012
120 329 37483
278 713 28178
201 622 28000
278 549 35735
563 572 57775
308 312 22000
301 450 81566
590 628 49497
235 343 12042
553 702 15297
187 297 57940
676 724 44385
285 513 39013
585 652 35511
269 270 25710
145 150 33615
393 544 53413
490 706 52697
313 459 39925
453 617 34132
28 77 35805
354 640 42154
552 703 28302
255 305 52469
320 341 22472
348 472 41110
379 456 39051
12 634 21213
493 565 44598
173 386 33838
220 307 19647
429 675 70725
114 690 35609
335 547 45967
127 361 37590
50 569 41761
99 242 67897
446 624 29206
96 538 17205
277 574 50160
407 534 24352
28 290 38588
287 614 20248
125 583 23259
538 597 12649
68 530 28071
565 662 39294
545 715 41037
292 423 26249
394 508 25060
18 679 17493
28 600 25495
328 580 25612
27 685 35014
167 202 24352
162 572 40361
324 528 72835
653 704 44204
359 433 63891
21 98 37336
180 530 24698
305 398 36249
197 675 46228
114 459 16125
666 700 124064
342 515 49010
365 413 14866
253 448 26926
71 433 46325
97 197 40817
34 229 62642
514 595 38328
372 606 18358
431 729 20616
473 484 61270
370 693 83738
129 378 34409
177 544 44011
1 551 49366
515 586 54378
46 176 50804
212 667 49163
88 89 30414
86 469 17263
298 395 17117
217 722 102201
34 729 25298
56 505 19416
227 464 31145
187 543 35511
396 584 42059
276 726 25179
206 563 39812
194 235 37216
166 358 57489
39 315 36359
225 379 38118
272 307 49396
148 462 38949
289 338 47760
216 252 65192
180 405 30610
39 674 46872
388 417 29000
163 534 93236
27 299 27019
166 730 52469
82 505 32573
51 721 44045
392 611 24515
340 595 25710
21 698 36125
141 532 18682
340 412 38471
247 714 45277
183 336 32802
261 644 62610
277 409 46400
7 171 56886
182 725 24187
62 659 41049
446 642 16279
456 582 11705
31 423 40804
52 269 39395
387 697 39408
172 638 20224
249 549 42953
138 238 43267
132 310 36056
96 304 64661
225 689 43012
514 709 64281
222 318 46325
386 521 24352
127 247 18248
72 516 53075
50 562 22804
30 37 54378
130 656 56143
214 538 13000
525 626 61188
424 504 52631
263 542 40311
260 704 25000
306 504 29155
46 396 40311
508 611 39205
244 554 35355
189 494 47381
384 400 55543
1 163 90272
246 705 24207
283 629 65765
117 364 48765
109 420 23324
200 731 16553
317 356 16492
48 396 34525
351 648 29069
2 377 14142
120 345 43382
53 236 17464
109 545 42521
64 718 72028
129 471 48094
41 405 25807
367 574 30414
82 639 16643
493 501 30414
184 589 49578
185 210 94414
116 142 38210
112 628 47854
110 369 64070
336 674 15811
285 720 19235
149 557 49930
135 397 26077
349 453 22847
201 613 14318
18 610 24083
169 524 58052
9 328 37202
498 676 20000
33 54 30594
187 422 49820
403 567 46000
183 619 28178
306 424 63781
384 701 19723
2 634 37108
412 578 15264
189 419 62817
95 103 56321
5 362 19849
119 731 33941
498 704 52202
289 698 35228
158 661 27857
25 389 24839
74 443 25179
67 520 31385
338 520 40608
229 281 78549
66 166 59034
192 245 13038
621 628 32016
38 350 45967
459 461 28231
40 401 10296
550 552 78102
28 673 39294
213 658 30414
410 472 43658
26 402 25020
136 244 53038
89 287 24515
450 592 30676
331 538 29275
91 284 13454
121 448 57689
407 445 37108
158 672 13038
75 452 17000
266 677 46755
5 234 26249
19 248 44721
218 506 21260
8 24 65924
542 658 30083
256 388 48703
362 619 23022
122 571 112894
602 712 42438
241 437 17464
163 298 42544
340 408 45222
88 137 26926
24 232 60000
137 661 13038
67 521 21213
344 401 45277
400 557 20809
247 716 19209
72 141 12083
683 704 37121
281 431 45793
688 707 41012
10 264 25710
390 431 31016
23 574 59059
314 513 45000
357 694 23409
80 524 35777
592 672 34713
37 722 56939
373 583 30083
225 336 44102
248 427 59034
293 300 21378
65 406 17493
378 692 17029
616 662 16492
311 324 13342
225 619 12207
55 277 13454
51 90 14036
7 610 36401
42 205 22672
102 573 12042
218 442 37202
31 115 41183
518 554 24166
233 658 40112
558 724 32249
39 41 28601
169 304 18868
668 730 18385
227 501 26173
300 691 25298
363 576 21378
267 359 55172
110 444 34000
486 721 46669
79 669 21541
579 666 21213
164 446 40706
381 455 185715
303 522 20809
260 653 58181
149 701 41617
414 584 45177
82 271 28231
314 485 24042
404 696 35228
8 22 34015
285 322 31064
302 666 58694
139 492 63702
144 375 18385
76 103 22000
241 486 51225
213 403 46530
175 226 13454
17 673 65253
175 467 34928
90 408 26401
95 536 15620
365 535 40853
142 462 36688
99 428 17464
260 516 65115
232 253 70349
396 414 34000
427 488 53235
558 683 23601
427 528 66068
418 565 74148
271 559 64777
96 450 76844
187 679 35511
349 617 30806
25 168 48052
154 496 43463
380 447 28601
47 561 45277
251 635 28636
332 722 61057
66 85 31780
35 540 26401
233 542 18439
73 274 41785
35 387 69116
416 716 15264
103 485 33136
174 314 55606
248 316 21471
207 731 61685
335 560 60407
74 203 60803
483 558 23087
323 542 25318
370 567 59816
406 481 24166
571 591 34015
170 272 37483
28 219 21401
284 543
379 422
513 355
641 631
212 676
359 407
710 533
194 624
114 558
912 253
811 506
328 446
839 423
775 709
621 630
886 689
829 627
715 551
467 701
379 811
599 104
228 623
586 354
129 635
174 484
393 922
390 149
776 682
365 624
500 919
420 949
643 22
459 332
561 331
856 814
860 452
546 948
109 327
193 816
869 642
216 833
586 977
290 611
163 772
578 950
744 359
425 462
743 385
739 159
858 668
834 286
909 651
453 122
429 326
625 358
464 51
114 626
239 94
588 745
833 589
474 787
517 202
260 721
474 153
362 170
842 536
620 162
231 861
388 734
550 793
229 287
345 143
712 409
90 321
153 849
774 825
747 703
665 481
577 60
438 596
382 768
473 24
643 435
532 703
811 529
405 281
622 41
640 545
610 540
820 285
461 681
844 771
671 491
620 774
828 787
546 473
444 488
634 91
437 105
667 727
763 483
349 80
774 803
954 540
867 306
303 447
570 307
656 181
273 756
42 375
172 817
575 611
709 670
732 432
440 913
88 498
497 250
889 363
570 918
531 872
116 814
705 947
872 442
522 438
381 123
128 366
682 840
553 260
585 680
858 510
395 642
752 501
386 458
327 920
400 380
397 657
615 555
588 821
94 395
154 807
356 148
60 524
283 78
567 725
461 253
621 942
374 641
105 578
627 231
430 240
429 778
262 269
372 567
667 903
300 412
958 687
946 454
596 556
280 343
667 128
792 317
128 474
374 536
234 371
421 909
879 582
419 748
221 474
481 523
629 580
720 477
283 391
641 143
716 753
409 33
794 368
300 802
590 777
833 434
256 842
26 415
663 530
237 739
434 520
216 281
429 59
749 572
966 320
877 708
165 498
746 212
954 613
601 21
278 880
331 375
422 875
479 509
78 460
547 859
601 879
323 630
411 725
139 285
439 432
569 992
228 388
652 915
726 786
241 274
133 236
366 932
164 373
788 190
572 468
74 641
392 821
419 968
462 645
793 669
702 614
957 576
734 715
954 310
228 425
214 721
419 24
54 507
808 763
543 271
838 813
246 864
81 671
812 208
187 684
297 912
470 126
299 359
564 785
415 591
643 499
863 179
504 94
554 26
360 695
955 626
747 719
664 837
423 709
379 841
593 839
526 97
453 798
74 741
231 180
923 485
967 375
197 826
178 570
632 680
321 168
867 392
695 150
770 225
887 247
644 775
187 351
353 365
406 167
945 667
939 642
447 13
655 607
785 763
697 448
904 387
227 202
634 348
350 846
662 57
187 611
514 344
924 512
254 647
452 691
721 831
450 909
586 545
675 295
592 121
756 649
500 660
470 945
560 52
839 784
232 106
448 447
770 518
357 575
407 128
564 73
575 484
969 570
548 624
491 507
975 492
455 352
697 633
778 571
594 811
788 499
525 846
778 593
733 467
760 787
162 797
404 699
569 245
723 670
942 730
871 673
828 210
719 800
802 221
512 843
462 912
493 929
783 425
144 580
568 866
254 905
589 459
485 945
803 736
391 484
133 804
217 765
745 664
576 166
671 344
790 307
863 652
907 357
289 921
831 602
550 911
681 307
635 363
371 379
311 380
142 295
410 45
409 989
423 374
125 716
547 134
573 229
101 540
823 569
315 325
183 674
649 858
225 691
790 405
474 207
595 59
455 224
619 272
165 156
106 378
758 145
208 213
476 257
388 102
655 649
574 708
855 528
381 436
565 652
176 718
289 692
388 976
969 398
266 586
668 187
310 226
613 124
820 873
921 391
190 503
522 367
521 707
835 200
302 770
821 226
355 592
709 379
414 358
990 459
513 79
681 241
864 633
392 897
795 144
869 793
237 818
377 179
293 455
804 264
662 311
443 391
420 86
828 313
600 45
675 379
300 900
692 833
941 412
8 428
862 769
253 744
6 552
788 541
453 925
503 394
707 164
118 464
481 720
430 121
457 424
937 654
553 368
416 228
274 276
463 280
857 699
416 846
846 175
192 533
158 862
938 422
822 692
432 667
65 318
42 409
284 491
215 335
266 709
84 766
730 847
522 546
383 827
161 834
302 401
120 537
219 899
174 757
423 864
482 852
748 430
615 427
722 419
71 559
266 882
75 484
325 640
590 797
375 41
341 670
408 264
935 743
582 632
402 406
200 134
518 54
303 841
419 578
680 806
941 714
741 678
607 178
399 189
409 563
401 215
255 161
777 770
895 219
137 397
456 767
296 425
715 149
394 228
137 442
36 459
924 702
158 182
707 920
269 88
346 241
499 681
610 248
57 481
418 342
497 338
452 381
483 55
446 631
292 818
809 248
94 610
523 620
377 622
460 41
760 832
770 263
906 308
309 104
151 545
355 736
787 583
608 191
605 147
536 641
814 476
470 580
644 711
573 339
819 517
523 771
69 657
233 833
886 260
361 130
362 321
301 478
633 74
838 799
569 941
560 463
615 598
840 835
537 854
798 196
719 591
344 803
305 728
317 290
100 772
968 411
361 880
101 223
278 592
51 283
319 65
377 726
573 267
731 220
669 258
379 208
383 23
126 744
394 429
852 646
211 424
211 536
21 501
91 449
795 98
591 438
818 656
198 194
598 983
158 447
358 72
614 302
555 81
794 384
106 258
841 305
957 509
128 600
317 696
163 761
360 113
696 339
540 397
935 354
730 894
31 424
397 553
589 603
599 949
551 556
497 839
175 202
765 301
633 937
564 475
390 307
320 905
787 705
468 179
854 438
546 689
679 62
341 454
467 241
94 702
181 838
830 490
697 567
840 224
207 596
310 624
597 528
534 42
27 535
336 398
269 448
224 714
350 681
546 599
351 630
482 867
238 353
680 700
584 723
389 65
554 568
319 657
274 869
567 371
773 883
650 163
343 431
500 109
824 329
794 532
280 371
464 10
164 732
884 540
231 338
642 404
839 336
102 480
930 526
405 320
423 71
271 816
545 119
636 32
521 427
293 219
74 418
511 122
914 514
529 87
809 168
515 243
773 755
622 566
11 539
362 654
804 438
674 456
978 512
160 422
938 592
569 40
272 555
710 808
585 563
766 644
202 770
508 473
334 257
218 316
671 159
730 542
762 203
804 324
45 563
365 189
848 159
425 148
178 558
118 735
589 409
179 696
710 460
540 65
566 635
694 91
79 548
294 885
898 773
788 896
563 101
401 605
974 636
651 197
304 62
66 307
328 192
728 734
686 105
588 368
697 400
706 269
157 349
917 748
878 403
363 821
625 814
333 758
679 825
960 362
546 151
280 857
702 828
862 252
517 997
770 328
375 240
660 506
252 205
501 279
163 135
569 355
931 575
594 894
