740 1322 16 105
508 551 17117
441 573 75802
368 453 58523
139 241 30806
109 504 30806
370 707 52010
14 383 36497
601 636 31241
295 299 56939
232 342 24331
454 640 18248
53 696 37108
126 624 37162
614 689 39699
127 276 55227
28 186 30414
138 416 144682
393 528 43966
112 294 13601
121 443 40012
465 495 31953
106 665 21840
441 643 21840
108 704 32249
619 695 78339
211 594 48836
463 698 20809
182 262 15620
79 372 43658
443 725 46011
381 692 68154
136 348 27203
192 389 49366
34 166 58138
396 623 28071
235 685 46615
244 439 20025
239 351 31048
401 445 70725
353 595 67469
330 604 12042
128 487 38013
210 647 35014
1 90 26870
51 604 33121
374 672 22804
315 559 36401
78 204 34234
611 627 10630
191 548 42720
84 184 31113
223 506 19105
598 703 29833
648 665 26019
370 713 27893
410 536 14765
437 547 59228
48 300 71197
200 625 54406
477 613 33615
526 652 20224
538 558 64070
250 554 48260
327 654 14560
18 581 24021
217 386 19105
92 651 26077
124 380 30480
52 444 15000
21 187 50448
247 631 51000
38 89 57245
515 650 34713
218 521 59076
664 730 60166
60 500 18439
157 188 29698
180 502 32016
214 708 29069
360 456 35114
36 430 29682
62 180 29530
20 633 13892
47 704 51078
533 714 143951
3 536 44944
417 613 25807
32 78 134715
343 724 31257
283 657 32696
498 499 48104
168 417 40000
127 704 41183
277 300 65192
99 126 60083
51 542 49679
330 470 28231
365 731 12207
476 494 12806
456 516 18028
187 373 20248
240 451 14036
193 265 36346
356 384 26926
27 436 33615
569 729 27586
219 237 21095
288 651 21471
75 232 16125
341 675 37162
157 335 23087
123 244 34059
286 582 55803
349 463 23022
193 643 33838
15 153 19235
261 321 23537
186 499 60440
364 601 21213
584 586 34928
351 642 31401
452 474 37014
171 721 66910
96 530 45607
275 321 37216
306 714 64351
376 726 29833
238 614 31623
175 552 32558
34 709 55145
167 657 38210
192 202 38013
127 303 53085
61 367 33000
320 500 19925
48 54 46174
108 127 36878
298 482 22361
102 383 30806
82 538 42638
186 677 77827
357 414 46573
272 471 47885
6 20 15133
104 733 26907
93 618 20591
340 492 27019
365 657 49244
31 646 51662
206 212 62769
198 656 34176
379 719 26401
64 479 37202
360 382 28425
332 619 76485
334 623 44922
143 464 22204
217 333 47413
394 462 22472
361 531 57974
102 500 59059
41 158 16401
314 317 61074
81 617 30871
377 521 53075
673 679 39115
10 398 56321
217 619 29155
375 405 18601
458 525 22847
340 524 37802
459 692 24083
13 157 33106
123 384 41000
43 656 26571
368 482 36069
634 641 15620
227 544 25239
213 326 44553
34 653 18439
404 479 12042
375 660 32650
74 568 26401
222 465 44654
316 332 28018
296 595 57315
571 666 33615
470 604 27019
214 626 23345
346 535 43600
438 690 22672
143 268 40050
309 584 44272
309 414 28000
85 87 11180
458 646 10630
236 248 26000
25 214 30676
435 498 14036
442 682 26019
237 324 14866
171 220 39825
146 632 11402
467 706 30000
233 351 34132
61 173 40162
40 717 37443
63 304 33136
562 703 27586
308 362 41012
208 290 13416
116 228 10817
275 599 43863
206 585 56036
307 723 20396
220 475 37216
127 694 17464
131 226 60638
448 715 22023
24 265 20518
348 498 29411
189 638 52010
123 390 28601
20 403 27019
527 671 39205
289 649 16155
176 499 24352
103 209 40262
461 633 20616
334 567 38833
114 133 21954
533 637 37336
68 611 35511
161 339 25080
57 570 14036
33 507 43139
171 475 21840
132 395 47381
15 50 52345
446 456 51662
38 395 102391
35 243 60877
175 255 17464
387 425 27586
152 610 31064
220 622 53038
602 738 65620
40 552 36497
426 498 44272
152 375 51478
144 496 48374
540 677 11402
111 198 14036
140 561 38210
5 442 19026
44 97 53600
107 608 49739
161 703 35114
490 529 29547
369 686 13000
199 671 30150
190 485 48508
327 682 27203
176 189 37696
496 517 23195
271 426 12042
346 459 38601
424 683 55036
107 539 53009
28 338 37000
174 670 67179
582 690 69857
268 658 30017
162 302 30017
222 691 29833
317 617 70093
71 274 23707
406 457 34000
569 624 14142
263 307 40853
426 540 39115
654 682 31113
119 161 29000
79 100 46098
535 635 30232
269 597 25495
401 417 51225
50 178 49031
126 262 24839
6 252 31321
189 609 45486
148 364 42012
476 681 51478
36 635 45310
319 733 28160
380 536 44294
355 525 23022
486 678 39051
239 480 22627
455 547 48083
297 621 75895
76 170 21633
215 639 17029
173 575 28844
194 610 23854
241 463 28178
164 516 21471
289 614 49729
438 495 45277
320 387 29120
475 625 33242
285 438 66483
29 547 35000
188 501 50961
408 673 37162
368 657 33956
490 693 40050
2 733 45804
476 583 33242
24 83 35228
217 689 46400
302 335 34059
362 568 37577
88 705 52173
135 568 40311
236 259 34000
141 315 33242
160 694 63569
548 596 55946
278 576 59211
398 480 41012
30 236 34886
31 413 57871
40 630 27203
364 576 29682
180 248 51225
197 492 10817
433 671 24413
158 357 34928
64 145 25632
4 462 51039
241 698 37216
392 596 33000
58 293 27295
62 236 74000
233 717 34409
525 613 43566
292 600 34059
329 740 34986
76 88 12083
414 430 39459
474 515 40361
596 632 29275
25 33 18028
72 333 30676
243 411 65863
437 591 42485
121 311 45277
295 483 58421
587 648 69065
72 218 38013
110 307 12806
223 411 29155
18 94 46957
205 658 13038
370 548 61612
609 638 17088
425 687 16492
254 494 15620
222 684 29120
273 568 61294
263 507 63789
216 710 41183
151 605 81413
589 674 74330
8 210 22847
266 582 73110
296 711 57271
666 706 45255
581 667 33015
333 695 33838
288 599 39623
267 707 51662
672 678 43186
430 523 23601
235 489 27514
307 359 43841
261 676 23195
700 737 37216
1 565 30806
135 159 34000
39 368 44721
177 651 38275
416 537 27586
170 308 47760
63 503 36222
4 704 35847
414 682 31953
161 438 54009
246 329 25179
89 310 10817
57 590 16279
147 343 25942
170 705 50040
168 306 42450
206 389 34205
140 428 59135
17 90 25179
428 537 36346
18 302 56613
329 415 15232
216 281 48877
451 726 21024
105 408 16643
259 483 29069
40 351 25318
224 363 34713
172 273 39115
276 588 47518
377 393 34132
320 425 13601
56 592 24413
177 524 47424
228 619 54083
272 733 27659
364 655 46690
193 697 15232
190 366 51010
11 490 38210
220 721 50210
28 449 21401
181 686 35903
53 647 20881
510 523 23409
93 418 102903
150 684 21000
258 267 18385
146 713 47424
497 678 36401
146 370 36674
73 387 60811
163 620 44598
209 285 43566
113 246 18385
261 277 40311
237 452 43566
18 603 27313
430 434 20100
61 575 24597
432 713 52953
150 257 29155
311 422 39408
271 641 12166
142 564 52355
203 582 56462
418 577 74545
297 472 11662
283 546 15297
120 574 36235
288 606 36401
246 415 11402
334 396 21213
665 739 23770
165 376 27731
64 679 39560
556 716 41195
99 663 69080
138 481 18111
109 260 36770
446 535 17464
398 642 38419
328 344 45880
253 532 47413
172 433 21024
400 592 253002
7 531 55866
233 235 41110
9 601 25000
97 268 43681
455 591 25318
297 719 77782
54 102 40000
76 486 54452
497 552 16401
648 739 27019
256 706 24187
301 317 65146
194 392 19925
135 421 29155
278 343 34928
24 643 22023
376 427 46872
453 467 52773
92 612 31305
277 668 42107
299 703 42438
118 518 96421
370 632 39205
179 623 54378
232 400 54745
324 509 19849
207 378 27731
174 389 71554
406 710 39623
421 705 36770
233 424 61984
481 545 46011
116 250 25632
257 299 54083
240 609 44822
507 626 34176
22 722 65192
116 619 49477
508 620 12530
64 572 21000
457 710 58464
122 336 44385
323 611 14560
13 413 18358
262 358 35057
353 720 29155
105 509 13038
156 295 59775
221 524 52887
42 696 24166
227 600 31575
115 281 44418
37 486 14422
692 732 69311
247 560 44407
111 556 43738
211 638 72035
542 682 19105
199 354 39962
465 703 13601
58 439 46819
414 523 35355
144 291 50804
137 686 26000
95 147 30150
640 714 35128
541 603 55606
60 320 21190
14 481 29017
207 387 73246
207 719 20224
295 562 34525
264 388 33838
231 371 16125
220 444 47381
271 634 10198
115 634 30610
195 476 23601
361 662 25060
15 141 65192
155 168 38639
36 434 14866
496 533 23087
54 60 49679
106 423 32894
409 502 28460
570 702 50804
141 165 48260
471 477 11180
113 295 48836
41 388 55218
192 297 63159
57 95 23195
159 362 26401
462 478 51196
201 694 25060
142 716 58310
147 724 33015
49 715 20616
282 367 59808
145 558 32016
139 226 41183
9 394 62514
427 437 57280
366 536 37855
195 681 45222
269 318 19416
280 555 28302
649 661 13038
249 363 37162
104 458 16643
419 702 20248
41 520 25000
236 659 29732
3 737 20881
347 478 30806
31 604 25080
173 577 18439
129 380 15297
445 674 70328
202 447 51624
243 399 24187
59 255 16643
254 540 26926
35 719 25612
112 284 177508
96 607 27459
98 687 50606
591 688 20518
15 229 47508
432 466 46957
228 332 54083
258 331 28601
352 377 26833
242 402 11402
431 728 48042
16 527 33015
158 628 55803
10 381 15000
98 395 21840
226 241 27659
253 550 11180
409 559 24187
153 557 43829
409 563 12369
556 700 42202
300 612 46011
284 447 18028
2 413 36497
135 354 20000
270 406 28018
466 731 19026
191 253 47170
534 721 70178
106 617 51088
93 503 16125
152 648 21587
315 726 26173
397 522 29530
98 132 30463
68 345 11402
325 430 31257
86 546 12369
310 395 37121
91 213 39560
225 231 48847
65 263 24839
387 399 34828
155 629 26907
283 365 36249
333 627 61057
236 483 57385
304 618 38601
215 256 28601
4 478 19698
385 588 11180
121 543 58052
186 338 51245
440 575 61984
47 305 29206
46 533 44643
12 87 10630
30 285 30529
248 659 22804
16 436 23000
174 560 30871
668 676 24166
253 344 35384
21 128 52402
580 582 71694
630 678 17263
256 622 13928
246 299 31385
36 446 62097
257 740 14422
416 583 122674
303 316 31780
386 461 31623
391 495 20809
29 664 21587
122 206 23324
132 294 30887
12 628 14866
422 574 51884
597 701 16279
51 330 30265
46 640 64537
205 335 35014
169 227 50804
108 347 14142
487 514 26173
175 642 32016
534 616 16553
255 552 26926
398 573 43278
233 480 14866
48 140 50961
115 688 23087
432 467 20396
34 550 29155
100 441 44272
99 615 44598
80 436 19416
71 514 14036
191 405 66219
404 662 57871
154 693 27166
23 101 17088
473 573 31241
579 588 54452
607 611 23707
185 402 27295
1 511 30265
286 691 37483
150 299 42012
178 488 10050
276 377 53009
361 614 27659
276 303 41231
352 521 52393
337 655 44045
69 332 46098
353 546 45607
343 590 58181
439 565 31890
375 469 12042
245 503 22472
55 187 10296
88 170 13038
37 269 39115
532 653 46400
461 652 39000
150 179 25942
241 527 29120
385 694 57079
452 538 84433
207 379 18439
524 680 38626
468 663 43863
380 681 27203
518 723 30083
2 501 35440
199 527 28636
153 209 45398
75 578 76105
401 636 22847
167 345 21000
678 701 27893
289 669 35735
17 356 42012
450 599 31780
402 639 40522
669 679 14422
405 709 26833
21 549 25000
161 562 33615
542 584 39013
44 460 19105
77 140 25000
27 175 80411
389 670 21932
85 309 26077
197 680 14142
133 576 61855
272 319 16553
441 473 80262
90 511 25495
126 569 23854
308 429 37363
110 291 16031
251 538 15264
21 55 48754
115 435 22204
318 336 42579
249 515 35847
450 615 21401
336 597 43909
572 679 37656
396 505 46957
9 636 24515
260 504 33242
314 423 50567
86 274 40262
85 464 24597
539 707 38079
45 196 17117
137 229 47508
555 606 14318
55 608 35000
107 181 61660
47 234 50695
166 564 35228
566 579 50596
325 635 27295
392 610 15232
329 735 36125
33 526 43829
510 635 22023
128 608 31623
70 80 54589
251 282 15524
196 661 18000
181 312 31305
397 530 43463
29 455 48877
238 333 37696
90 91 60745
571 727 26476
267 448 35384
386 619 11180
67 709 23409
129 593 49163
111 700 31623
281 710 62968
81 99 74733
675 735 57201
484 724 31623
181 582 41110
288 555 32985
492 680 23345
70 421 36235
21 149 51196
115 712 46648
169 172 28460
8 247 14213
118 263 84929
56 204 45100
130 412 27019
444 727 26420
23 369 21095
149 549 36139
120 736 26420
194 375 52000
252 708 26420
179 644 34655
301 722 26173
84 393 33136
390 615 55073
240 315 14000
424 697 48083
219 538 85604
553 735 118106
74 273 52479
375 468 30463
578 667 47927
287 597 23022
31 104 47381
233 683 71868
189 449 26000
331 344 22361
290 718 45188
363 553 55154
281 457 24515
283 720 38626
280 300 46957
505 549 25495
184 528 33242
234 278 40497
22 163 42059
304 708 47424
130 378 36892
136 451 51865
183 509 44922
114 337 15524
69 316 26306
276 521 67119
416 561 74007
130 293 31623
169 433 11662
59 374 37643
227 292 28443
73 320 53160
554 570 33302
366 485 11705
28 176 24352
191 392 21401
113 299 20025
39 467 48332
250 305 39115
23 488 31064
35 399 48754
453 482 61465
409 638 40460
287 678 34655
48 545 26833
403 689 27785
125 349 26476
81 663 13454
49 328 16155
26 626 39812
393 579 54129
580 690 12166
153 559 42450
149 650 17889
3 485 41617
43 524 50990
14 102 26173
130 379 30887
470 589 14142
119 156 31623
148 454 22472
415 735 50804
83 265 36770
109 423 20591
215 453 17889
245 618 17464
89 513 22361
16 226 41773
160 579 57801
50 488 47000
472 506 60108
68 296 37483
230 312 33121
232 578 92022
168 636 31145
96 397 29275
323 522 23000
224 553 59439
375 512 24083
268 600 38118
72 695 20591
185 397 25298
225 381 63514
151 188 18682
101 715 15133
322 561 12042
296 673 45607
298 345 26249
77 300 56080
296 669 38601
65 359 23195
63 245 28302
706 727 39560
664 716 23324
18 208 37363
224 251 69857
335 529 19849
493 589 13342
340 431 24331
200 528 44011
414 654 13601
65 419 37537
10 473 20025
182 729 27074
27 131 70406
454 714 17000
169 460 26401
71 608 44688
136 499 46872
422 736 46872
311 443 32757
471 525 25000
155 364 22561
190 536 56080
479 662 62032
141 557 27295
209 659 42059
535 616 77421
26 118 21000
363 519 53600
80 354 17804
49 101 18385
363 474 23259
123 275 20224
242 453 43658
17 244 38013
14 38 23259
221 615 29833
201 493 55009
347 462 47011
551 574 44777
138 322 66641
260 587 45343
208 718 38288
268 292 33121
151 162 48795
410 710 52887
67 431 61000
222 644 28160
378 387 73007
441 683 29411
452 650 32558
13 490 21954
450 699 13416
27 398 73110
156 339 42190
4 234 41231
468 617 15297
123 387 66098
397 482 26926
401 674 17205
419 526 38275
265 643 16125
22 508 44553
225 371 43105
86 514 37363
277 280 47927
162 335 11705
32 429 23259
134 456 32802
341 735 22472
299 562 55227
191 344 53451
166 653 52000
154 335 22204
297 696 45453
95 144 26926
267 539 31765
428 593 48010
66 391 13454
447 602 34713
412 491 29411
372 620 71840
204 336 37855
219 558 55145
391 691 20000
11 335 16279
11 529 16031
274 713 16125
117 363 52811
685 701 45177
572 673 30529
660 739 15232
103 659 10198
338 594 32650
293 412 17029
192 631 43600
13 529 24352
477 605 65856
168 629 33601
420 505 37336
37 287 16553
52 721 18248
353 711 34886
163 371 46872
254 712 38897
484 637 34540
134 721 82807
356 358 38601
486 672 31623
301 551 37855
411 621 17493
330 493 43186
42 297 45541
735 740 32450
656 737 38910
110 517 20248
3 92 60926
19 206 58034
60 668 21260
39 466 21840
494 540 35057
133 724 27731
298 657 42544
534 722 74095
573 683 72201
124 129 24352
284 506 110368
440 538 54818
334 644 73878
410 730 44911
419 554 44204
313 544 51478
73 275 23195
74 342 14318
12 85 12166
484 655 55082
168 401 32000
220 639 42012
327 584 33601
583 593 88023
27 226 29732
183 408 47000
77 428 49254
94 151 51245
583 677 46690
291 307 26401
222 495 26476
84 200 29428
223 621 34000
667 718 31385
202 602 53141
305 590 50636
59 497 31953
78 592 56089
394 445 71840
355 646 13892
349 520 25942
176 449 26926
294 411 67186
46 714 99464
403 633 23854
178 279 47508
8 647 34059
444 622 43932
126 358 24083
382 579 36235
289 662 63071
160 385 18248
519 735 105546
485 612 54918
630 685 59169
322 545 31241
82 440 32202
387 439 69007
45 68 17263
67 469 19105
249 623 39962
32 486 67801
429 592 213506
33 626 43046
160 434 51039
167 296 38079
342 568 24083
190 300 50774
178 532 48270
66 203 32985
202 472 67941
314 504 24083
252 403 23537
407 680 10198
384 390 26926
222 391 19235
7 404 17117
52 571 28460
161 350 40311
221 699 18974
396 420 26476
6 25 45044
559 638 34059
657 720 27659
270 457 15133
422 543 45398
352 625 46615
164 382 16155
348 435 37014
29 216 18000
112 395 75313
541 667 39205
617 660 40249
103 285 49649
91 247 44688
213 729 55009
554 590 42297
540 641 28862
145 183 24739
491 647 33541
159 308 25000
464 693 25554
531 577 76844
340 728 49193
42 192 34540
318 597 15524
46 637 37802
381 732 25554
229 266 39661
117 675 28601
156 350 31016
296 649 37121
438 580 17720
306 629 49163
131 645 66648
351 717 18028
69 704 52953
258 344 33136
198 700 22472
81 317 84534
196 627 22472
231 692 53600
83 725 42953
595 711 67268
337 484 19235
179 257 27074
164 360 28160
504 666 25239
212 738 36797
459 645 32650
326 624 41110
7 173 80062
174 697 12530
277 606 37216
86 487 32757
66 691 25080
75 313 58592
203 286 13038
36 325 25807
192 670 35440
104 319 25080
710 730 24042
331 715 30017
79 443 56356
195 494 23770
564 728 14036
45 627 21024
222 598 45177
19 212 26000
160 442 51088
197 524 34000
56 585 25000
321 676 31623
312 686 23087
34 253 32016
97 143 48826
70 175 43417
119 339 18439
99 407 25495
134 516 20224
456 566 41881
5 682 30806
264 510 45277
48 277 46872
259 350 29000
467 587 25612
30 259 16279
512 663 45607
346 388 40162
513 687 45310
367 418 19416
122 489 24000
469 512 17464
151 501 62769
359 702 19105
102 513 29069
41 125 33541
42 631 39115
681 712 52010
153 563 35777
177 699 22000
298 522 29000
50 141 55731
179 684 24698
82 282 31401
81 120 92655
70 374 44204
238 661 43863
184 200 18385
407 663 53085
543 736 15033
369 734 33838
315 557 30887
136 688 41761
250 652 55471
383 481 43566
362 400 46141
5 414 37947
505 567 30083
94 302 26571
44 698 10296
154 658 24187
209 502 41304
275 390 14318
86 731 39294
90 182 47854
139 645 59506
114 364 63063
160 201 72007
19 389 57983
585 738 31401
313 541 33121
242 397 29069
239 398 30232
307 518 27731
489 685 29017
244 511 23431
269 486 52173
105 324 12166
290 605 141736
100 372 45398
191 550 47434
62 594 76158
519 675 50000
517 723 21024
581 718 13601
125 645 44553
279 427 38471
249 420 13416
326 729 37802
328 532 40361
490 586 11045
97 520 63632
446 566 34828
456 616 39115
470 674 69462
148 655 36401
150 598 35777
230 448 25060
117 249 67186
44 349 35057
50 734 24083
211 409 65115
544 603 46098
142 279 31623
355 401 45100
124 428 17692
264 357 49649
165 726 44777
53 491 42438
265 560 18788
559 563 28460
373 608 30150
96 218 54562
270 681 65924
154 205 22023
26 63 58310
24 725 31780
58 565 24352
281 455 18000
322 481 59034
229 734 13000
266 285 81541
107 373 40311
10 732 24166
257 341 42942
140 537 53759
36 579 59841
614 662 21932
137 181 21095
323 607 16553
310 513 16763
413 586 33422
181 230 30017
185 530 29682
210 293 25807
241 460 38833
43 92 10770
87 628 17263
21 567 38471
231 360
790 152
177 613
823 439
694 295
862 600
801 731
245 305
865 327
439 254
729 172
672 203
768 179
23 488
384 848
515 122
247 404
677 84
204 177
847 598
631 778
515 379
416 766
330 322
907 598
959 639
479 153
214 849
257 678
394 951
802 243
409 31
922 588
359 660
119 336
660 323
343 80
2 498
579 611
372 150
616 227
191 246
205 547
580 160
693 647
976 405
812 468
77 539
405 743
390 796
763 224
543 489
217 259
73 493
587 757
240 104
901 481
205 362
418 112
105 455
859 806
293 943
937 693
761 737
943 572
503 878
363 583
676 650
802 473
434 111
532 700
725 586
163 450
539 43
537 18
409 65
87 595
281 73
394 371
488 103
351 526
808 829
301 342
662 468
684 205
582 689
679 195
420 60
21 444
250 379
283 328
201 557
933 743
719 105
924 478
683 584
633 152
45 392
278 510
364 336
422 750
41 469
363 941
835 209
690 769
430 536
523 754
808 393
459 515
987 510
260 585
38 324
522 987
934 398
191 758
823 501
669 937
980 639
435 952
404 450
345 437
282 187
183 427
95 656
583 221
297 453
772 385
596 739
103 679
183 317
493 222
57 364
915 409
607 415
486 80
254 772
451 781
4 515
527 199
63 588
335 805
326 691
673 180
947 464
770 761
521 620
921 448
938 316
681 789
549 934
770 110
445 589
367 857
714 169
900 320
417 978
754 149
629 237
486 46
716 347
455 931
736 145
495 342
623 405
340 757
321 616
665 668
893 282
590 136
421 47
612 482
581 109
872 768
285 272
400 138
237 841
223 522
380 748
572 922
307 917
462 763
271 422
746 755
640 446
646 556
187 835
582 766
775 128
251 876
96 601
431 634
204 214
310 272
442 602
136 739
710 649
289 557
246 584
536 113
633 463
788 346
182 183
511 846
285 107
697 155
262 175
138 336
713 74
373 902
224 314
275 914
204 151
297 365
897 627
579 566
239 678
796 574
724 548
723 788
581 507
241 506
521 905
92 295
720 880
413 319
507 163
631 106
814 495
420 817
463 733
458 300
521 16
371 209
861 455
332 196
363 967
702 786
768 631
398 183
304 803
534 169
628 567
74 377
209 405
922 717
539 994
254 294
339 957
652 872
832 525
788 864
871 630
391 659
139 771
404 121
556 549
574 949
448 688
397 967
485 541
144 484
281 434
962 556
590 287
315 308
442 850
465 695
675 140
304 83
175 713
169 787
838 171
584 70
543 679
186 447
731 422
116 513
875 417
344 717
160 532
214 720
803 860
597 677
128 171
410 925
522 839
328 87
177 516
750 654
725 68
988 494
659 111
209 335
42 337
474 996
702 677
146 239
648 627
523 967
139 574
446 425
710 130
769 438
904 696
835 486
924 253
977 518
466 31
682 231
27 435
376 404
434 749
589 45
487 484
304 817
776 469
426 487
300 102
845 186
112 435
167 479
33 575
691 606
688 781
645 302
328 397
704 244
399 728
564 991
767 254
425 705
760 492
754 596
605 850
732 156
293 144
949 394
202 884
453 956
278 587
612 969
525 40
909 425
415 685
665 647
558 297
822 391
238 794
578 195
418 947
368 175
676 477
630 720
502 92
864 237
248 446
637 271
279 469
946 549
620 377
825 635
507 30
686 887
905 342
582 644
147 600
859 839
619 631
427 784
514 656
456 316
409 330
563 759
407 76
394 582
315 769
688 453
163 348
156 332
118 676
448 266
638 399
59 494
223 436
719 365
809 560
120 407
571 259
253 208
200 450
512 888
448 621
659 435
857 389
24 398
620 865
654 580
423 200
98 380
467 7
861 282
619 560
848 625
803 714
379 593
174 685
289 533
699 755
323 870
152 644
107 320
210 318
784 188
682 259
550 997
26 658
893 242
875 828
915 547
646 860
457 83
408 381
441 505
310 220
101 427
168 799
306 723
82 644
430 21
676 298
302 583
531 611
580 130
674 318
209 771
492 122
266 764
456 877
189 406
789 803
350 294
713 296
344 397
534 501
812 333
600 339
138 156
441 721
227 866
235 494
303 789
695 829
587 582
959 324
232 720
587 389
190 715
844 223
527 274
566 147
827 586
865 410
559 182
695 183
484 930
573 632
535 591
382 554
382 581
778 280
880 194
136 233
419 253
696 866
618 503
117 753
891 192
815 421
791 715
382 199
22 517
644 605
416 989
966 403
143 589
355 72
565 717
390 749
306 187
757 198
193 294
295 566
763 297
127 761
495 900
995 470
388 101
210 785
245 818
93 441
824 142
332 897
941 729
489 508
641 823
94 276
952 619
471 386
703 768
635 292
227 390
378 564
43 440
546 699
666 839
604 395
998 493
989 543
694 940
601 207
727 489
668 606
657 284
255 557
865 214
883 568
542 141
617 422
745 171
671 540
840 691
369 701
988 448
541 401
593 323
139 637
46 639
775 856
480 723
129 796
618 29
725 256
402 426
610 92
53 551
594 692
278 706
454 670
646 798
386 649
454 388
378 114
707 938
880 520
145 508
268 628
331 832
778 792
326 846
298 300
25 584
468 962
335 873
301 645
213 385
622 366
613 812
523 64
317 440
902 495
516 498
740 737
395 233
432 427
848 784
880 358
884 754
613 14
670 382
461 860
676 60
489 794
86 765
724 217
260 119
758 209
519 571
724 375
776 294
885 478
228 745
226 84
54 683
227 905
696 734
481 621
315 106
517 950
204 487
637 137
890 327
164 133
652 73
779 253
842 148
148 494
706 599
566 729
276 838
462 615
695 620
173 543
908 221
798 641
248 477
548 386
379 539
915 733
811 549
465 375
122 311
543 544
618 893
331 438
649 515
920 631
702 628
662 192
920 302
356 128
230 249
510 617
835 605
167 777
618 306
870 303
953 435
292 844
580 549
962 342
157 789
399 170
329 300
548 897
552 253
852 230
223 279
450 568
735 660
673 805
187 535
863 571
341 664
690 248
951 350
214 572
627 664
690 166
353 939
415 557
728 649
813 657
342 536
252 657
451 542
503 529
657 33
119 471
739 688
238 224
566 110
385 82
714 721
847 272
646 954
141 461
118 799
353 111
747 700
291 543
110 702
712 270
333 270
549 913
305 158
427 771
85 423
214 760
824 611
473 862
528 876
511 292
717 196
776 368
735 568
181 268
296 266
571 165
223 500
234 603
326 118
932 536
488 943
792 421
471 49
535 561
515 708
884 653
355 605
203 658
646 689
151 734
541 663
959 307
424 735
272 669
351 181
684 49
135 316
633 691
546 471
472 428
997 514
940 421
343 351
322 798
521 524
300 631
298 420
196 635
572 651
461 244
817 189
408 812
600 988
417 427
197 607
229 124
429 551
582 961
