622 1085 29 53
401 466 29614
174 266 42202
71 440 49930
386 446 35228
202 459 43139
184 336 51971
348 601 29275
155 355 28425
7 414 29206
405 448 38328
421 585 55471
169 499 37108
387 616 19105
114 467 43417
13 293 19416
102 452 46530
98 292 33956
413 521 24739
214 347 36069
531 537 75954
151 437 27074
565 617 55444
147 606 15524
259 434 38275
395 489 55362
20 516 51624
247 406 44011
61 99 48166
96 138 53085
214 500 48260
415 549 60828
59 509 31016
247 435 35777
72 610 20248
125 424 39699
496 569 62586
120 383 39560
60 378 64560
160 471 18974
303 461 36770
149 371 45541
133 463 51856
103 480 58078
45 204 42521
56 95 72801
242 568 57009
434 578 17029
150 514 30083
63 184 35777
105 109 17029
216 364 39446
239 335 48270
187 219 41593
73 620 43829
102 132 36222
63 217 23601
177 397 24187
288 332 34438
384 442 29017
148 399 42297
12 226 12042
269 433 33302
165 309 20881
62 254 59682
74 461 17889
64 313 13892
222 435 20248
118 370 21260
280 415 37202
191 557 65391
242 503 233137
113 344 54203
133 179 71113
123 513 50774
35 509 11180
344 423 31145
36 602 24083
60 134 46530
182 357 55946
337 464 30083
95 515 52773
212 377 39205
288 450 71344
6 227 27295
218 550 60166
47 480 58523
386 613 50636
441 550 30083
236 259 55227
312 622 57585
113 606 36235
91 570 19416
213 256 31623
128 552 74411
101 183 40460
54 224 55902
139 159 131795
114 564 46065
132 487 30265
336 609 20248
167 549 31145
197 411 25000
9 392 17117
145 181 26476
116 243 39962
399 573 71449
215 240 45122
267 288 56080
20 383 11000
137 568 27019
362 526 36069
28 268 57079
426 570 44385
273 510 17029
78 583 34785
264 462 39294
276 381 16031
175 264 11662
291 324 46530
112 577 50931
503 529 57428
224 257 44911
233 273 49769
306 497 31906
306 534 33615
137 339 65605
66 518 13038
493 500 33734
454 555 23345
263 374 12369
234 281 20224
295 361 15297
33 578 32016
4 476 66731
53 583 62201
156 371 49497
518 599 29967
366 504 50010
200 508 14866
180 224 23345
443 497 27785
122 236 28636
90 465 36878
65 409 64070
110 418 47885
220 228 23431
133 343 39357
329 573 71868
171 380 46325
116 565 25807
228 352 12806
173 400 36069
96 539 47011
269 294 59464
185 439 30529
27 144 17464
212 580 56436
43 447 48332
228 287 44822
30 138 74169
308 369 56436
498 613 93744
567 589 53488
219 414 34928
38 308 65605
396 532 51662
297 328 38288
290 574 102786
218 533 27459
336 539 53451
326 586 45793
230 386 57271
198 438 54083
127 253 33287
336 581 35847
166 354 34205
46 325 62241
60 374 38471
349 508 31016
587 596 18028
38 289 35014
163 344 50120
296 327 96333
327 473 26173
66 593 73007
201 202 43681
334 402 49244
48 535 20125
73 433 44777
225 241 53600
511 605 50329
501 611 22091
21 268 32140
75 452 30083
393 573 64382
90 130 59464
44 219 23770
330 560 69893
391 432 43139
405 475 25962
413 462 35903
339 576 31890
151 465 29069
10 302 25318
219 382 14866
482 545 43174
312 338 26571
69 130 26683
16 146 69570
160 225 55606
18 254 12166
437 512 26401
195 479 35341
194 392 46755
307 482 55444
38 502 36401
173 298 54332
181 289 12207
318 535 24021
229 423 22204
446 522 26173
153 490 29069
368 382 57628
32 321 66098
349 574 50488
25 396 44553
440 441 46819
33 434 40608
170 286 38588
329 399 18439
29 389 70859
76 87 38949
22 112 35128
52 103 39850
405 422 64514
443 547 26420
565 608 64351
132 496 27203
542 595 29206
187 414 55946
30 292 22023
121 556 28018
380 412 20125
296 416 65000
78 245 44294
370 536 10198
468 524 45793
37 456 86406
305 556 18248
468 483 12530
284 511 46840
46 576 51430
32 391 50289
369 466 33136
239 246 90338
142 495 29967
64 615 21190
450 562 52773
342 364 16401
105 378 37108
84 477 27803
192 554 14142
176 289 51865
68 467 33106
44 553 35014
319 617 47074
130 427 51662
115 414 18028
170 597 17493
244 323 32280
46 285 18111
54 618 21095
189 586 16401
368 586 40522
131 258 33838
345 415 17263
308 326 67801
19 143 43681
407 493 55973
124 385 53759
284 359 20248
172 411 41146
82 203 29547
338 622 41012
425 495 24083
55 568 57385
327 514 33734
336 560 34205
120 431 39217
253 616 24352
65 434 24207
148 573 74243
13 614 27785
179 605 48332
119 160 54708
465 584 37855
324 504 42059
163 404 27019
283 421 28636
201 362 34132
159 265 38079
50 520 20100
144 182 11402
42 350 40361
315 435 35693
154 341 33541
54 475 40853
31 493 49244
177 179 23087
150 528 52887
179 397 21954
165 420 38949
57 408 24207
275 569 32650
285 325 55444
211 597 30414
162 361 53235
92 279 48021
310 427 22804
295 621 51971
66 203 58694
118 316 39925
200 333 61522
44 187 31257
179 614 43463
28 67 53075
402 483 37336
134 321 68469
235 435 30265
260 499 45453
491 581 72450
167 367 29000
460 490 50606
77 346 40162
299 538 36497
261 575 53413
331 344 18974
10 300 39825
250 571 22023
238 579 33302
12 530 19209
314 529 41976
99 379 64444
220 320 53000
125 314 18439
395 492 41000
251 551 24413
386 529 85147
134 375 38118
117 506 26420
140 619 58412
360 444 40792
205 244 48094
5 268 57280
103 526 55444
48 318 22672
305 429 12530
354 572 44181
350 491 98473
507 574 75166
176 256 10198
199 589 24352
182 406 48549
309 582 41976
41 601 36674
337 473 19416
271 310 18028
80 449 40792
335 585 23087
259 262 28636
23 546 38288
280 505 19313
149 542 35511
291 562 23770
65 478 16000
15 196 54378
384 516 21024
426 537 20396
150 358 42953
38 313 54626
7 186 16279
234 417 18028
349 507 64008
590 598 26173
57 428 19026
390 509 24597
277 459 48415
282 605 40497
305 470 33302
215 317 36674
104 474 41437
163 379 21190
22 582 56436
111 603 22136
214 458 29069
68 612 17117
308 313 31623
93 135 29411
371 377 38079
164 383 70725
232 319 31401
152 492 40522
144 406 40853
87 489 60407
46 339 67007
147 288 54083
92 341 15232
251 422 72180
276 619 15811
234 311 16971
188 244 42720
301 531 84012
17 479 23345
381 530 32650
183 354 57201
55 102 21840
258 458 24042
191 497 31385
51 69 52924
226 619 42059
386 436 121017
104 304 52326
53 473 42202
243 510 42450
5 51 27514
104 592 25710
174 494 39395
148 393 25554
184 207 43566
356 550 23259
50 325 49649
250 480 49010
591 600 28601
66 401 115525
153 241 68884
165 573 50448
174 212 34928
359 553 47424
573 582 51894
3 258 14318
97 177 60000
208 572 59304
343 484 32388
105 108 10817
211 546 12806
165 185 44944
260 289 60638
411 524 53852
156 377 26077
16 139 41773
64 487 15000
455 512 53038
171 412 27074
277 526 13601
283 335 53235
9 194 39560
77 403 36069
358 595 57983
93 259 28425
308 615 10198
113 147 32985
80 260 45188
393 577 65000
122 611 11662
135 478 40719
58 448 14000
194 423 21587
90 199 13454
319 608 84291
524 594 36688
69 554 20616
213 456 24739
190 575 32202
364 530 37216
149 298 61620
129 246 38601
107 582 42012
383 603 50990
196 457 53085
175 413 39000
238 281 17029
139 146 107912
283 585 40112
141 145 21932
185 212 58830
273 375 75769
390 445 19313
222 416 22136
177 456 77201
12 430 34059
208 291 63285
120 517 29017
249 598 20616
198 236 33242
81 571 50090
365 579 17263
215 510 73164
189 394 35511
25 620 58464
209 618 30083
168 622 50606
15 457 26926
166 183 58189
18 178 27295
83 324 30594
211 603 33242
291 450 44922
70 173 32280
520 559 31623
513 544 47707
136 424 43463
19 572 20809
130 607 36674
259 578 50329
123 544 53085
23 597 35341
447 590 38053
485 505 11402
110 188 75584
3 131 29155
204 600 11314
84 353 52345
241 290 60605
60 215 25807
24 549 21633
57 471 23259
243 559 51478
533 602 19416
49 226 18601
188 237 80994
8 568 18682
469 607 31623
1 604 52202
83 210 12530
262 478 20616
400 411 40361
24 505 12042
298 580 23087
146 159 25554
4 389 52431
143 504 16279
48 223 20248
221 430 21213
61 331 62032
17 195 49010
140 476 51478
422 457 75166
320 336 56321
204 536 39205
127 231 22361
75 308 45541
143 366 58138
55 132 18028
309 573 42485
164 516 24698
254 422 67417
30 98 34928
8 137 16031
311 491 65276
240 263 41773
115 394 19105
302 566 25612
243 307 51884
442 493 60208
192 422 83738
22 312 87281
445 535 46487
56 232 39623
191 398 70036
207 217 24352
109 489 59203
199 584 41012
221 460 26249
577 582 29411
121 205 38288
255 547 42579
560 581 17692
43 543 13153
35 223 39051
207 609 15133
119 327 35903
198 223 59666
376 558 44721
330 491 68884
173 195 73682
223 501 75928
69 607 16401
126 598 17029
481 617 45541
401 593 44407
216 430 37121
177 237 47170
137 285 54203
328 436 21190
152 525 42544
321 462 47424
152 351 25456
134 391 60811
158 304 55009
6 363 57306
490 619 49254
31 154 46065
116 307 46573
95 441 49336
261 523 43081
161 239 15811
16 545 26833
282 353 21954
272 329 37014
39 572 61522
257 365 16553
491 588 10050
91 561 22000
436 498 17692
84 552 56727
271 567 23770
29 241 12042
201 350 29069
79 106 21932
4 129 41976
445 561 11045
189 382 34234
280 485 29682
389 453 24759
242 540 188452
171 417 173566
532 620 39825
266 398 53000
271 432 16155
472 482 58592
84 426 31145
4 453 54589
334 483 34482
40 74 42059
112 302 143279
26 31 17029
198 611 26019
360 567 30806
140 255 49649
425 569 31113
169 449 38275
363 367 27731
2 330 12083
146 373 30480
286 323 45453
175 451 26571
155 484 28071
252 397 86822
227 454 19105
412 448 29000
109 378 30480
317 375 24352
213 499 49649
303 583 30083
41 206 24515
278 347 40497
218 251 60836
315 349 42012
519 590 52240
9 331 63569
192 551 38184
86 449 34785
372 422 64498
218 372 47381
515 550 59666
540 608 70093
157 563 18974
292 507 53160
106 454 22023
311 330 17263
568 599 26907
286 538 30463
362 588 106668
106 555 30000
3 500 38013
227 363 48549
117 543 51614
23 299 46819
245 592 28284
139 242 157892
346 501 154052
89 333 33242
248 329 25318
118 204 52202
466 503 46043
287 352 43829
186 522 47508
47 52 41110
210 294 46011
154 279 52355
156 216 48094
29 153 72732
138 616 58052
67 356 17692
125 466 28844
209 417 127063
293 511 28160
14 34 27893
410 610 41231
232 540 180405
222 247 43012
281 579 22472
427 589 45000
140 453 33242
193 592 34928
7 115 24000
387 455 44911
304 474 37855
237 252 78600
39 208 75007
252 470 57697
274 485 68447
150 464 25807
416 574 43909
168 190 58898
83 294 41231
542 548 34132
265 568 30594
266 494 26476
389 421 47707
123 178 22672
10 601 50010
212 398 28425
81 250 38626
49 381 30067
438 578 48877
262 434 27295
337 474 23345
73 532 12530
295 325 29069
275 576 26077
318 438 30610
300 601 32202
85 107 15524
75 615 46239
42 63 20125
31 442 56569
58 422 59169
348 363 86885
343 463 22091
573 577 36359
328 498 20248
46 76 65069
446 613 24187
261 557 33000
37 164 29069
50 527 55082
54 62 67956
47 459 36125
107 622 37336
35 390 27019
243 482 32280
374 489 55317
481 521 60374
128 484 22361
178 224 69656
168 300 23345
9 61 53038
40 278 19000
96 322 48270
233 617 58856
255 306 27295
15 90 34785
270 574 80957
89 616 40497
133 552 65215
387 539 50922
79 555 21932
36 380 41340
148 272 47634
314 424 43681
101 329 54589
97 237 32016
227 367 58669
33 355 34482
45 610 43012
216 528 49244
142 169 19209
37 384 28653
497 547 38601
21 413 31401
43 519 23770
88 160 40012
320 560 45804
105 395 18974
158 334 32650
501 541 116276
403 404 27803
335 558 40706
288 488 44385
332 488 33526
428 471 23770
253 387 36497
19 504 45177
85 494 27074
27 182 13601
9 229 60415
322 558 49244
240 489 38601
108 492 39850
100 410 57689
58 602 21000
172 388 57801
297 563 27166
204 316 41340
206 300 16279
18 437 25495
144 235 19647
315 508 16401
304 334 44721
33 155 13000
108 378 42000
429 519 57009
11 175 31321
172 433 51313
124 146 33242
167 363 55317
187 553 50448
189 424 69051
353 537 63135
357 444 20248
102 599 48270
472 608 59775
170 538 32388
63 207 14213
276 547 18111
2 287 12806
351 378 31145
346 404 23770
27 435 29069
21 462 23345
381 443 10817
512 584 77201
204 591 32280
485 571 80056
194 332 31828
74 278 37014
217 350 38013
388 402 43909
161 459 57706
28 51 14422
372 602 44922
176 502 46487
228 587 13000
279 419 55579
162 510 61074
205 402 43566
274 363 130115
231 455 46141
1 86 10296
32 432 49396
479 486 40224
444 525 38484
431 517 16125
326 424 62626
5 321 25298
158 402 38484
153 225 40792
205 323 48010
121 188 55009
45 72 36715
82 369 10630
216 221 48042
11 451 39962
379 403 33106
358 371 50990
249 396 17117
418 456 74465
293 614 11180
270 376 38328
36 440 48042
345 476 33242
238 287 16643
138 322 45651
366 486 31575
124 373 15556
230 522 40249
186 230 25942
219 394 25456
467 612 20616
359 531 31780
294 392 49092
100 275 39319
387 544 50774
452 518 53000
93 506 25632
59 541 13601
70 542 39825
53 245 34828
128 535 34540
194 229 39812
87 162 40447
33 409 62370
197 400 37121
189 368 49041
385 545 54562
40 296 47424
458 500 31016
36 71 25710
180 228 20616
301 498 87641
299 597 33121
197 433 58009
546 603 29000
142 340 21541
196 554 18439
477 535 44102
82 593 20591
203 452 22627
14 536 10630
212 439 52773
513 596 29530
537 563 24042
271 427 33242
419 493 44147
263 489 51000
312 566 18248
564 612 43566
20 407 16155
270 290 62298
388 468 30610
62 475 55362
290 428 21932
113 267 44944
289 502 14036
94 587 12166
548 594 22561
94 596 13153
339 496 20591
477 552 68007
135 543 46043
165 439 49396
247 278 48052
248 467 20025
464 594 52000
102 487 52498
22 566 87641
2 238 17464
39 272 92282
350 609 55902
1 145 21378
523 575 26926
157 537 23022
541 570 12000
548 595 18601
520 527 59481
235 406 43186
71 95 145097
36 533 20025
126 249 14036
561 570 36674
56 319 50120
32 469 58310
20 164 65307
11 264 36014
187 531 60959
297 426 30000
75 369 21378
53 337 38471
520 621 54672
514 528 63561
80 141 18439
111 431 50804
6 41 21932
26 341 55579
168 338 15524
429 556 14422
76 410 55036
473 583 75273
160 408 36892
136 369 48795
282 531 39051
282 284 31575
160 460 15556
220 596 26926
14 591 11314
206 601 38833
129 389 39051
266 523 31765
310 469 49820
482 559 36497
351 567 40249
273 317 78230
97 418 19105
157 328 22627
246 459 70264
223 438 20616
94 513 24021
61 532 45044
77 611 94260
296 303 47539
335 376 61131
31 341 56719
340 495 35693
274 348 216843
415 534 44147
111 131 51478
18 151 17000
99 117 62610
110 164 59439
91 445 23707
103 362 86539
49 619 38013
180 352 19209
265 527 43417
161 202 48260
384 407 29698
24 485 18028
53 78 50922
8 265 16279
79 534 38013
126 447 43829
103 588 187257
98 200 19000
355 463 22023
101 166 51000
403 506 29547
193 245 31305
68 420 19416
13 256 37947
140 345 44643
88 327 60208
227 549 57559
357 360 42638
356 551 58138
67 550 33136
141 181 15556
52 277 56859
210 486 44181
79 557 15811
25 598 38275
231 333 23022
269 486 37162
294 562 29967
31 419 49679
340 425 52173
342 497 57315
515 521 45453
564 580 65123
26 316 12530
59 390 13454
4 81 28160
136 326 56719
195 197 40522
373 385 56356
296 408 85376
139 472 43012
233 481 61855
346 606 53085
470 519 39623
258 461 32280
182 200 41037
34 384 36878
85 190 19416
89 127 13601
365 618 40804
122 198 17464
45 100 72125
375 451 61400
171 209 47074
295 520 26571
54 257 34525
70 524 42190
114 248 37014
301 414 51923
487 604 28284
342 377 19698
204 370 44688
267 423 28284
88 119 55946
423 488 13601
92 525 35777
34 536 25000
72 341 68884
17 298 78160
361 621 54231
347 500 66030
23 193 26173
500 517 38601
420 580 51624
45 600 43267
86 604 57245
409 463 56321
42 201 43012
195 298 90427
808 558
348 82
494 494
165 330
666 194
54 495
865 711
922 446
354 874
38 576
733 241
261 477
727 678
659 531
531 205
933 331
251 720
491 173
256 847
568 547
738 150
58 672
470 627
71 396
472 774
630 476
493 322
649 156
278 349
427 274
613 477
670 265
589 847
632 538
681 917
598 37
618 587
827 616
178 867
477 407
70 510
243 184
516 842
787 721
708 464
865 432
176 223
662 901
247 476
857 399
657 168
135 220
418 565
445 65
889 507
781 128
345 415
559 53
717 926
720 311
392 837
502 102
261 193
861 559
545 864
971 516
685 117
193 704
608 188
341 657
604 12
690 432
379 786
497 444
924 583
800 435
510 973
466 548
98 489
774 582
157 303
936 597
286 809
732 864
144 603
799 553
774 406
369 455
402 236
542 238
726 919
608 415
521 929
396 142
737 70
350 226
627 660
459 288
428 869
777 485
163 812
910 513
123 182
435 590
667 365
82 504
140 618
658 371
678 352
583 664
498 574
61 707
447 960
217 755
841 711
827 274
484 897
626 507
346 506
520 561
505 735
598 970
447 184
924 385
907 653
452 823
415 232
639 870
206 321
582 194
491 523
874 517
642 783
698 270
512 901
894 639
906 447
353 279
941 290
179 409
788 594
722 548
244 805
509 329
804 579
955 397
415 968
95 757
297 596
337 549
499 188
609 344
255 418
592 436
601 852
259 540
780 866
437 638
968 419
329 454
269 235
768 366
464 937
596 606
168 659
208 836
38 391
80 561
734 563
517 633
518 26
381 740
310 648
207 585
742 211
749 644
675 696
464 169
673 719
404 132
799 605
506 318
189 781
277 225
210 643
881 714
791 752
560 736
809 667
125 599
171 524
593 158
473 601
368 911
300 721
577 176
339 710
605 954
551 248
478 288
200 183
242 195
948 570
676 492
476 710
75 534
270 182
233 918
472 36
297 803
507 612
241 593
721 616
505 455
735 332
262 492
247 174
626 62
810 715
369 145
310 490
463 361
643 908
420 115
295 410
262 465
67 471
384 127
407 903
893 737
435 222
820 121
825 256
346 58
504 348
572 958
628 692
365 78
264 250
745 376
287 357
980 443
848 308
524 713
445 587
183 290
506 360
180 754
438 822
121 289
600 117
581 755
387 214
493 161
156 453
739 642
411 71
480 491
543 911
733 601
111 531
537 883
714 348
732 205
933 434
166 575
409 936
706 153
316 793
355 335
618 268
132 787
806 302
43 316
816 480
216 458
182 188
496 407
567 390
97 394
366 61
707 801
276 328
713 770
863 414
550 653
356 92
361 965
792 615
335 394
287 885
426 296
723 697
296 849
830 388
445 442
771 911
256 642
486 671
63 545
828 779
13 572
463 486
388 613
507 755
160 480
872 262
879 576
148 653
617 250
334 70
51 585
849 566
919 667
481 309
641 470
728 296
647 884
825 152
341 190
690 202
313 257
515 682
280 839
808 407
838 630
381 514
796 882
155 758
337 87
414 895
346 934
434 245
408 653
301 281
287 174
380 559
76 576
866 499
714 528
622 421
229 536
624 818
420 913
136 421
472 986
530 429
8 530
439 310
213 157
627 326
392 117
726 812
235 815
619 830
672 105
557 341
298 567
732 763
584 308
815 391
203 149
26 445
242 526
404 56
270 753
38 420
760 665
928 604
642 521
252 589
593 96
935 374
702 345
736 273
317 340
237 554
658 329
471 917
563 15
217 474
805 701
557 547
604 562
885 348
905 793
351 208
431 711
208 360
708 916
655 313
337 876
82 735
828 697
661 383
440 805
654 708
219 575
137 762
336 673
960 631
453 673
485 947
463 964
508 43
547 344
583 541
360 434
548 800
745 437
363 703
545 24
757 175
842 729
119 424
470 382
345 40
625 641
575 445
197 685
248 334
529 104
389 916
877 679
765 517
753 887
595 244
326 414
501 766
295 475
507 524
624 283
338 768
564 879
474 344
816 875
472 190
623 903
194 617
646 39
690 55
605 533
211 483
576 348
715 898
876 773
472 862
545 53
766 542
300 928
767 220
932 554
191 378
65 490
395 199
697 622
524 179
503 484
212 226
318 465
489 460
722 167
602 816
352 570
518 210
931 637
179 734
407 692
648 211
529 780
335 436
906 265
384 540
396 576
483 50
132 388
715 886
529 864
268 736
120 240
790 205
879 317
418 686
629 850
72 378
301 759
870 547
378 924
714 399
274 440
269 76
620 383
565 488
171 601
749 535
848 509
187 497
803 863
698 572
532 495
626 982
793 629
957 675
260 802
79 387
497 920
375 311
468 299
686 927
807 319
726 725
448 201
420 141
348 521
728 122
605 583
521 532
960 509
522 819
855 379
763 151
857 755
151 547
383 653
592 383
178 175
912 396
286 535
910 708
246 489
745 792
390 792
599 57
129 467
671 883
652 523
757 867
522 665
303 225
935 260
730 930
316 626
514 855
394 181
921 307
499 602
198 460
350 623
59 414
682 84
620 131
695 821
752 720
595 172
82 474
489 758
111 498
337 300
873 353
314 153
726 897
309 876
774 884
238 714
842 253
33 588
609 290
927 464
787 495
742 930
107 306
239 859
129 691
432 360
144 573
842 478
98 672
581 878
387 53
234 649
301 141
107 644
455 515
510 247
279 288
799 654
384 140
270 66
559 271
470 824
667 523
441 615
954 587
372 618
339 608
394 155
502 642
451 806
947 482
684 500
37 526
580 53
519 581
850 527
693 763
419 983
618 201
888 208
268 167
707 421
604 980
195 721
855 785
713 702
881 566
364 222
835 198
443 44
225 445
415 761
820 337
105 605
