634 1575 5 485
447 500 73824
136 235 47170
74 195 25060
359 627 17493
35 479 50010
368 584 47424
57 309 50931
166 401 51662
310 428 16492
43 619 43600
153 419 44045
240 271 28320
211 222 22627
218 308 25942
155 610 40162
275 294 65765
405 494 63600
358 634 46174
520 618 50448
64 551 43290
49 578 36401
340 519 45343
290 374 25020
242 380 28178
123 529 52010
233 634 55227
227 451 44822
260 524 60407
175 549 35384
53 408 22472
120 497 65521
14 465 10050
108 497 32696
204 243 59464
113 138 48094
323 597 17889
324 549 33838
340 535 10770
83 193 37014
92 145 47539
377 406 14318
19 428 63600
31 84 39013
154 245 23022
92 305 25456
234 436 25298
40 225 77524
235 370 36069
416 467 47202
39 162 54231
125 298 46573
451 607 41146
165 500 41761
71 522 62586
99 512 60083
200 527 59808
210 634 34132
39 527 62129
128 394 153942
408 576 36797
489 532 54781
101 449 44102
26 439 46872
79 373 45891
64 150 11180
266 339 31305
286 462 48270
134 146 49649
91 429 50774
13 44 11180
56 624 28636
106 478 24759
78 181 53339
280 565 32573
245 541 49497
51 265 57940
192 456 14036
196 458 33601
127 251 25000
142 155 56824
168 523 40262
180 295 49204
293 619 39217
243 426 29530
157 502 37162
56 203 123110
162 242 35693
134 318 22472
127 260 37336
27 65 76896
386 520 44598
37 138 57428
104 454 13000
431 440 60108
336 591 161419
61 179 40311
252 300 50636
515 604 23770
266 376 18111
226 324 34785
291 614 50010
201 570 19723
314 625 22804
218 414 11180
199 493 41000
47 196 56303
34 521 49477
45 619 40000
144 453 17464
13 171 32388
146 623 24207
64 440 44204
106 319 46872
113 340 27000
98 407 27019
72 105 27295
148 190 28636
287 585 39115
167 283 12166
202 578 49254
411 578 48765
25 625 50010
51 400 22204
273 369 14765
319 602 46519
69 216 25495
67 92 40792
509 574 53600
26 310 27803
276 296 59481
179 498 63285
334 335 38079
347 525 38626
133 141 35014
447 562 32894
78 265 33136
68 628 48765
350 619 49031
206 394 65368
278 599 48301
386 569 28160
562 574 49518
459 546 18788
279 482 16279
34 568 66888
421 622 56648
186 511 43417
231 344 27295
15 358 42202
145 598 46648
198 233 21095
119 532 16279
431 473 72732
404 581 14142
50 78 21260
255 350 55073
173 386 48094
183 535 44102
89 92 34540
192 529 21954
503 558 33615
40 590 42720
166 544 13601
181 434 37121
371 632 60539
196 538 41231
63 130 30414
135 289 23345
270 413 30364
170 317 15811
392 429 40025
335 539 20616
238 383 18601
332 372 10296
454 516 56294
67 444 16125
225 362 16279
174 280 36401
509 562 49649
346 474 51740
152 549 21190
344 565 41012
278 315 40012
332 530 78772
389 621 50249
163 255 18682
128 626 155859
91 541 43932
530 582 42579
278 327 38275
6 415 65307
136 501 24839
98 309 70711
268 311 38833
113 503 58052
409 522 30414
210 377 14318
205 542 55444
351 446 42720
74 304 36249
47 459 20809
306 379 41761
2 604 35511
114 530 70007
112 133 36770
141 387 28320
298 394 89022
167 435 17493
73 567 48010
355 601 119808
25 341 42953
338 533 57009
142 164 27459
344 369 39205
49 330 42720
109 465 33242
38 160 27731
221 303 43566
61 513 16279
441 530 43139
284 536 58181
437 449 44944
100 346 18028
213 580 25632
137 570 85907
158 559 31064
225 435 21401
106 157 36797
325 330 25807
272 550 13601
165 354 14560
113 558 39598
537 546 43186
231 565 22023
489 553 53712
351 441 57000
237 385 50448
352 447 19313
313 463 61911
23 507 64078
5 243 61685
277 492 30000
13 210 53339
33 332 31321
249 356 28071
331 632 41677
504 584 69635
430 491 22023
283 362 26926
88 192 36878
370 605 68884
74 147 31016
160 469 45880
193 615 26420
211 413 26173
270 362 41195
127 272 38949
253 531 33615
395 589 31401
239 608 29614
261 377 36770
79 415 47854
22 623 10050
134 328 48301
56 538 38275
14 274 91586
295 363 21633
367 616 21095
194 335 39560
92 232 29155
252 450 50249
15 233 12207
360 592 28601
318 517 28320
423 526 36359
208 322 42450
469 608 19799
48 440 55154
276 602 46271
107 557 32388
243 463 61814
5 508 69354
297 327 68007
133 387 22804
342 589 14866
198 389 17029
127 170 30480
266 496 27893
58 480 51624
59 571 41976
59 632 30414
207 583 27459
475 571 44553
451 627 54037
208 396 51624
138 441 34525
169 403 27019
307 455 71000
308 315 18385
110 262 78435
228 595 37696
26 326 50010
197 528 55145
268 335 31623
414 531 41000
28 547 45486
151 539 11180
30 326 20100
99 187 55543
508 525 38053
546 624 47885
515 574 37483
13 139 17000
85 609 37216
165 464 47760
288 394 61855
31 224 17804
373 415 30067
549 633 16643
306 388 18788
241 435 63063
376 496 12728
557 593 18358
3 529 52811
34 528 74706
150 543 75286
316 477 78549
82 355 43566
189 508 73546
54 473 71701
96 147 22091
265 476 65276
337 579 30414
541 595 52154
38 81 53814
85 363 18111
209 228 47424
35 285 48703
259 580 36125
21 275 35511
33 398 17692
171 353 58421
329 431 66641
178 268 33526
143 169 42190
62 494 26420
176 502 38601
29 581 52173
4 131 29428
36 270 52773
302 572 42190
287 338 55570
240 366 21213
492 604 29732
533 616 50359
445 555 43738
282 449 41617
300 319 15232
370 424 17464
220 599 54644
183 448 58181
147 611 68469
14 427 43012
130 344 60033
478 592 27203
142 207 52839
76 586 54203
17 83 11705
429 557 26019
423 501 39000
325 525 40311
156 351 53600
220 393 55227
339 374 42638
302 523 35903
77 548 30083
51 78 58249
35 567 53759
180 303 44911
474 543 63246
76 505 29069
369 593 48662
276 360 53226
152 175 31575
336 505 37014
164 610 11662
124 338 25495
511 591 72346
29 126 97499
80 400 25495
96 410 19209
166 440 35609
571 632 57871
222 568 22204
89 305 14866
81 121 65299
401 544 44294
500 534 19235
277 384 34205
158 480 32249
343 627 11000
404 630 28160
14 140 76026
190 278 36892
304 320 30000
53 576 50922
220 472 24021
100 543 14213
409 529 47011
281 333 34886
477 567 63325
172 197 41593
78 526 48042
171 396 44204
250 404 31401
46 299 83385
88 279 13601
333 562 12083
424 560 38419
248 524 27295
36 413 37590
76 87 60208
364 368 37537
223 395 59169
444 566 17692
99 253 73437
48 554 27166
371 378 60828
370 560 30871
379 388 30480
132 254 25710
283 454 35847
440 551 43081
108 306 29682
301 476 38601
405 558 30463
19 292 43186
13 406 50090
160 608 41725
101 214 50990
136 259 95189
311 540 34059
418 510 29069
478 602 63008
37 441 53009
86 278 31765
2 277 16763
137 402 123329
205 530 60166
238 307 24042
40 492 63198
264 600 41183
294 536 60877
293 539 24166
475 628 38484
358 377 54424
270 596 11180
4 368 64140
171 210 61221
14 216 37577
611 629 68505
182 368 30083
351 476 27074
175 350 22204
489 493 35228
209 319 24207
425 536 52431
102 619 34482
218 315 16763
240 329 18028
98 141 66212
103 190 27459
47 538 41593
253 254 34886
6 93 28844
10 407 45486
178 540 33106
321 380 13454
201 355 61620
132 253 55227
161 597 31305
421 452 58310
171 322 65307
3 35 14000
387 507 13153
118 137 74813
221 382 27659
33 236 61685
157 209 47508
21 203 52953
193 393 42202
232 528 97673
20 469 33242
403 632 22023
291 346 59540
103 414 37577
100 353 27313
29 224 68184
416 421 39661
58 214 17889
128 298 79981
145 365 77026
150 368 48600
95 207 64203
16 266 38833
172 613 21471
9 64 55172
10 168 29069
180 323 67186
397 423 41725
25 411 14318
283 596 25710
187 310 32140
556 589 22204
153 622 11705
282 483 36878
177 391 28018
419 464 28284
443 484 30150
216 465 29411
267 540 11180
215 234 50990
224 299 79712
494 503 33601
28 327 52431
234 604 18358
82 571 37202
448 519 60166
319 612 25000
207 357 56939
547 600 53009
228 443 25000
246 375 27803
91 563 38079
67 523 25298
333 447 36000
73 477 50090
26 573 30529
214 282 45354
11 574 84853
112 309 45804
180 382 39446
368 474 23022
432 495 20025
21 463 42059
446 490 20809
593 617 12530
96 443 26000
122 342 55362
445 625 95341
227 359 41340
132 297 41231
154 595 15232
225 445 72125
104 596 26173
140 433 19416
372 542 43417
208 524 38601
52 264 156387
313 426 46239
201 609 36674
68 632 89939
68 387 69462
173 569 60926
402 502 45011
135 218 22091
158 586 30463
353 471 41976
281 416 40311
80 110 24187
583 601 22361
155 357 54708
121 173 77524
151 194 26926
151 335 29155
189 243 59363
156 438 31064
320 402 22000
220 289 21260
257 348 37336
462 614 45310
223 589 55471
420 520 47508
28 506 34482
124 616 28071
450 612 35468
196 463 15556
40 625 69354
74 118 38897
179 238 48384
332 405 85843
323 382 55227
62 342 27295
16 577 44944
388 497 29275
260 508 43738
17 193 35114
123 423 41000
594 608 49649
69 109 38419
132 512 30871
43 152 40112
40 202 41231
286 625 71561
261 588 35511
449 461 45354
83 213 29428
393 599 46648
144 316 47413
46 116 48374
229 468 26000
52 262 224891
379 577 68964
68 207 34409
156 490 43417
455 498 58523
72 145 68476
419 519 49820
182 364 14000
183 340 48508
60 213 20125
454 485 34132
287 532 49254
186 488 17000
523 566 29069
229 547 34482
53 159 45177
157 319 52393
359 392 17464
61 119 21213
219 368 48374
302 568 53666
102 211 12042
414 477 53151
384 486 22023
153 467 55362
54 191 58052
234 500 72615
17 213 36674
271 389 35903
22 146 16643
375 464 33242
90 139 29155
254 297 21932
262 605 87316
344 593 45793
139 396 18439
261 358 51478
190 315 21024
192 409 40249
7 424 21024
111 350 33242
399 519 42720
382 552 23431
41 570 37202
297 468 48826
267 399 26476
334 539 40311
309 610 41437
476 564 60008
343 603 49041
3 416 46098
427 465 37162
139 406 53460
282 461 16401
32 141 61400
203 624 148405
96 611 72498
162 433 40447
221 552 36497
107 359 25942
23 318 23087
9 150 59405
311 503 36497
203 458 63812
341 411 42190
180 570 48765
366 431 74027
186 240 22023
120 130 21840
202 590 31064
117 498 45100
6 287 56436
275 587 31305
163 175 34482
4 584 54342
186 271 20025
87 252 53460
74 484 31828
146 496 31305
421 467 50249
246 485 28653
468 512 33302
204 463 34482
329 366 30414
499 554 43566
112 610 25942
108 245 36359
105 263 44385
20 594 47539
420 469 45486
291 345 65513
229 297 50160
203 620 20881
138 183 23000
220 308 11662
65 526 32202
173 488 31113
55 322 13038
148 253 22561
299 466 48836
229 546 43290
578 590 53712
219 417 22023
81 455 114935
16 379 54626
2 492 29069
75 337 37216
91 392 36056
6 184 48374
91 603 46957
244 337 16553
165 241 28160
93 119 15033
554 621 45706
354 534 41593
455 493 56886
412 552 23195
145 328 98412
8 177 12166
454 596 24739
135 316 57585
355 609 28178
34 566 75604
268 540 24083
101 451 23259
379 623 73756
63 120 20881
456 479 14318
79 548 26173
269 514 19209
354 452 21378
311 381 16401
326 573 36674
269 451 19209
355 475 99403
18 549 42720
20 588 26000
410 443 20518
74 361 51039
328 518 38626
65 78 69318
131 607 17029
305 348 55036
245 595 11402
117 455 19723
241 516 24515
26 73 53038
12 460 56303
379 470 60208
227 627 45222
172 174 38471
41 363 25239
235 560 12166
385 530 60216
559 631 19723
1 554 43600
24 129 24021
32 507 61814
65 467 40608
92 349 20000
147 361 59540
143 597 37202
379 497 24739
162 427 53600
367 396 52345
85 143 23601
42 97 36674
114 372 19235
90 124 27295
94 550 15524
523 572 46011
366 511 26077
25 314 49649
149 512 27459
345 614 35511
356 565 15232
209 612 22561
9 48 24083
488 511 42802
385 582 56436
50 265 24042
14 255 31401
434 526 33242
489 513 54009
386 420 66030
38 608 41304
120 365 33601
31 380 44598
431 591 74686
169 355 58000
160 520 59439
197 613 34132
292 525 40112
115 493 65788
33 288 34713
208 367 19723
30 285 23087
497 593 50448
442 596 38275
147 484 22472
334 442 27459
44 139 13342
148 278 32388
61 553 31828
47 56 40311
49 430 32016
290 629 50537
115 455 79624
312 582 18248
401 431 65299
460 482 32573
149 546 25239
250 630 16279
21 196 37643
159 301 22672
174 249 30232
288 372 49679
29 626 128876
138 535 48332
310 573 33242
197 257 49739
324 633 37336
358 386 67978
239 287 55036
232 566 30806
143 323 33106
241 500 35341
339 517 56000
324 407 56080
228 484 35468
83 457 33601
168 561 21471
156 159 21213
384 574 58034
135 414 18788
232 305 45541
86 264 35693
476 576 72139
123 467 50606
202 486 47508
121 520 14213
230 248 39217
36 521 39459
167 362 16643
144 289 16763
24 93 50606
374 510 38079
203 275 36401
79 533 29017
110 156 126270
155 466 21401
97 585 31305
28 229 42755
217 450 26306
32 328 41110
131 249 38588
99 439 46325
457 472 35228
15 198 18439
468 546 24207
146 517 50695
374 418 17464
60 453 52154
314 462 76295
27 183 58310
296 336 40804
219 437 33121
31 321 40000
580 605 58215
533 548 41869
227 273 29967
230 575 31623
390 425 37590
244 322 31000
19 573 52173
338 594 48508
89 263 14036
391 491 25554
185 565 21840
43 568 49396
47 313 13000
399 540 32249
130 617 39699
184 533 24352
583 628 20000
376 517 35384
75 345 15620
449 551 51478
581 630 31064
170 373 18601
107 369 20248
199 553 29547
142 357 55082
81 115 43012
449 544 49649
188 260 57567
260 575 53254
57 133 31305
149 313 28425
282 401 36674
39 395 35511
402 478 72691
452 534 53000
93 536 31623
271 386 54672
405 530 40522
11 325 34234
100 474 56939
37 113 36014
456 529 18248
234 492 37483
499 621 15133
208 548 24187
474 504 71176
109 427 12806
416 529 48826
177 491 29017
18 324 33615
453 460 34828
84 200 34015
466 626 63789
248 575 50774
136 605 85071
5 390 39000
87 505 67231
105 598 37736
12 213 21587
60 83 30480
117 199 36056
96 629 38897
237 438 76217
138 476 61400
95 357 24166
181 526 52393
271 488 32249
150 437 38484
114 542 44147
1 66 41617
239 585 29069
23 134 24207
21 587 33061
237 490 70007
284 425 25807
427 433 37855
258 612 19698
318 371 23087
88 479 47265
162 200 62032
116 309 49820
108 563 29530
375 519 38949
279 409 13601
504 614 53935
124 594 30806
435 454 52010
341 625 21954
104 485 34525
97 115 47011
289 316 53038
170 251 13038
252 480 44598
394 527 78645
292 325 19235
300 612 19313
352 562 25000
40 277 53535
16 496 46755
358 420 72560
16 510 20881
194 342 62682
246 464 50695
181 560 38184
80 576 36401
447 534 71021
537 624 19026
9 210 56604
65 153 48332
212 490 23770
160 618 48847
496 577 16553
65 423 19723
17 580 42755
371 507 60465
10 324 31906
36 362 53759
392 627 13153
30 73 28460
123 409 44598
188 347 28792
45 151 30017
432 519 41761
163 324 45453
217 252 41773
331 371 37336
147 443 32558
293 442 45177
263 348 48384
288 545 14866
246 516 16031
410 470 46098
188 575 48270
51 576 36222
244 471 43139
326 574 56727
308 599 50931
70 299 84481
274 309 84119
266 510 42521
68 331 86729
267 503 37802
217 603 28636
470 629 18682
394 542 108908
54 76 46065
87 158 21471
22 518 31064
243 313 51865
462 613 40719
178 399 30067
3 281 24083
168 572 41304
202 277 30364
487 604 25080
233 389 15264
38 97 31305
114 332 26306
46 70 16125
197 462 49769
42 493 12369
134 517 29069
195 304 29155
12 259 11402
205 237 59169
377 634 23537
19 574 84481
17 52 43966
4 249 39051
75 579 20591
436 562 40608
112 164 22204
247 261 12083
171 471 59641
122 395 39294
206 545 54129
421 447 61098
195 320 11402
361 611 26401
210 543 74330
187 243 60075
111 151 42638
72 598 36674
453 457 24331
89 105 42107
8 337 41773
29 630 37537
329 621 49649
288 542 59135
45 293 23022
165 534 37656
73 439 30364
39 223 45277
58 158 40311
420 588 58856
84 581 30364
165 246 45967
485 495 25495
116 155 29732
128 250 41146
351 490 53235
480 603 31906
513 532 21213
265 564 20591
547 624 40719
136 522 73027
7 80 62394
198 271 29069
79 260 50804
360 602 28071
360 478 49820
52 393 35341
3 456 47011
5 94 42521
137 412 45618
148 327 60877
358 588 26476
7 110 70029
196 313 60108
149 426 40817
172 257 44407
326 509 25632
256 383 13000
510 629 23707
118 304 14318
212 582 45607
374 382 35511
119 513 22204
393 615 43278
215 225 39408
114 205 20809
51 181 40522
188 525 25632
374 629 44045
79 524 29833
238 256 11180
211 442 17464
129 383 43658
536 587 69260
82 169 33015
475 601 20518
187 428 17464
272 317 37656
445 521 11045
291 504 11402
365 518 35128
291 353 57723
89 598 19723
32 407 92022
40 215 71197
192 279 32388
411 430 21587
263 305 15811
364 437 36056
76 336 27659
435 516 68819
28 600 19313
314 614 64405
110 408 41037
284 587 51245
131 273 26077
506 600 26833
107 273 23324
239 594 47854
435 500 77666
79 184 44102
231 273 28178
327 506 26000
61 93 23324
204 587 61131
179 553 52345
259 605 63135
6 532 13892
107 593 42450
34 555 15524
182 219 26249
5 189 16643
479 567 40162
121 569 18601
230 244 43681
199 489 42942
273 356 37590
219 269 38471
95 583 71694
221 412 42544
67 145 26306
56 458 63530
30 509 28231
328 407 87235
338 616 10296
27 448 18682
129 179 21932
182 437 37947
399 432 24021
191 401 72422
513 553 25962
99 531 71561
474 584 44102
27 50 44407
559 586 14318
236 556 38275
489 585 31257
459 537 40817
25 614 82565
180 221 16031
225 521 68731
42 585 22472
264 506 14422
397 409 52240
441 476 61270
245 563 18385
11 578 55227
478 502 29155
554 634 29000
214 449 36401
194 311 60208
19 325 34540
280 344 44553
178 335 38626
260 373 21378
485 516 39699
487 515 16000
294 620 74243
45 111 28160
234 352 41593
39 122 62936
239 338 56824
178 334 55154
133 309 51478
139 261 50804
135 477 62370
246 495 39560
197 348 30594
16 470 25080
161 382 49820
296 505 11180
203 383 129692
255 274 99690
59 169 26077
33 223 57201
188 491 52431
56 459 41761
293 334 40361
103 253 12530
6 536 54332
106 502 12207
419 448 35468
352 436 37121
347 430 39812
122 162 66272
230 391 22847
19 310 59237
53 301 45486
200 298 38949
339 418 34886
216 255 59076
204 284 32573
441 582 25495
188 508 53712
267 519 59666
333 509 42297
422 601 131320
18 163 16492
38 618 55000
91 245 44721
59 403 15811
402 592 99639
192 479 17029
496 517 38079
317 481 34438
189 428 63655
41 201 43829
127 550 46325
303 570 56080
210 406 17889
407 561 77414
216 350 60208
298 527 58310
237 394 171767
24 179 16125
44 396 11045
232 348 75452
150 474 64405
92 598 42190
422 626 18682
429 497 50010
503 519 71784
294 587 63600
291 471 70385
5 550 36235
423 467 38079
125 200 25495
60 460 52811
25 177 45804
416 447 50120
316 567 58310
43 302 28425
49 411 43046
242 321 28018
160 420 28425
154 306 26401
188 430 51108
215 500 73790
438 490 21587
105 257 65460
137 303 30017
284 390 35114
311 494 26401
348 528 69836
401 483 63569
67 561 37336
101 603 60440
153 448 57009
165 516 35777
227 607 10198
24 61 47424
162 527 67801
302 566 39115
312 351 38210
172 504 62298
3 333 37162
98 324 71505
21 204 59481
343 392 15811
555 625 103368
301 351 29275
12 522 41785
4 219 51245
262 370 43324
86 599 39925
98 255 93005
295 323 44822
62 589 17088
453 472 25318
157 176 31828
71 397 17804
90 247 41773
109 162 58181
94 481 25495
508 550 55471
304 402 37202
22 328 56400
1 48 38013
400 424 60374
176 402 14422
251 272 33377
108 388 17029
68 142 26077
161 517 60208
391 575 21024
11 384 62032
521 555 44102
67 349 29120
88 460 26627
174 584 39294
312 446 21932
57 98 58600
174 185 15524
246 432 36497
381 494 11402
363 609 34015
51 424 53814
102 442 24083
501 526 23345
157 320 32696
266 418 30150
265 576 59908
264 327 16125
242 433 13928
270 283 18601
236 494 58600
349 444 20881
198 386 61465
259 522 48662
129 238 42426
69 194 58694
125 404 13454
252 276 45793
292 428 80225
84 404 27459
80 408 41000
223 556 46174
185 356 13892
137 361 54083
46 274 28601
381 503 28018
460 522 46690
8 614 66068
290 382 29614
43 102 52154
264 393 121078
491 575 41195
4 269 36249
316 453 46271
331 507 37014
191 483 21024
66 440 50567
223 236 37537
189 292 60465
357 466 65734
171 244 66483
419 452 34205
35 456 48765
319 478 57706
206 223 63561
88 482 20000
378 597 48332
7 262 24331
31 299 71868
193 457 31064
512 546 37483
41 295 33242
267 311 38275
473 591 56036
37 530 38013
334 485 55946
140 427 49092
434 501 14560
317 536 74465
70 274 20248
434 560 44407
53 476 69029
97 493 43382
362 521 61098
60 457 40200
120 379 69260
154 410 42485
111 216 39013
247 588 39051
296 592 124680
55 244 26401
361 412 38601
68 133 60836
409 482 15620
340 503 68505
286 528 11045
127 508 22472
173 271 38471
95 601 86023
220 615 31828
300 450 47760
48 210 54918
177 230 32388
99 426 66648
436 604 18788
206 527 27459
28 297 56639
66 499 26476
486 578 30083
166 551 13416
586 631 20396
56 537 10296
317 415 22091
383 620 113596
258 541 36401
54 631 56604
288 332 48765
71 423 43081
289 472 15264
163 350 43863
206 398 50289
233 621 45695
366 591 80262
172 280 40311
77 616 15620
425 481 22804
226 633 16492
27 78 58856
52 193 26571
97 239 33541
152 350 44045
230 337 35128
129 620 87464
25 430 30610
94 390 28862
186 366 32016
247 594 46141
112 142 26926
296 360 101079
99 310 60083
494 558 50010
439 531 49366
127 373 32016
94 272 20248
426 512 50040
384 515 39205
69 122 18028
471 579 25495
231 369 18000
292 508 51662
54 336 47885
331 387 40804
256 455 96083
88 316 37054
209 484 60208
312 441 38949
197 286 57974
29 299 89894
497 617 54203
183 564 44654
498 553 39051
68 112 45177
257 344 56321
95 422 45618
63 365 21000
101 514 24759
355 571 74525
203 547 188345
7 370 24759
45 350 37577
413 568 37121
567 606 29017
85 169 39812
199 498 36797
24 536 50010
316 479 55218
472 615 23022
184 415 24839
365 623 42638
183 476 67978
11 19 41677
105 344 56613
161 339 12369
200 242 64140
105 130 37696
116 610 25080
212 385 40311
223 398 58009
346 353 15524
148 297 47885
34 36 60374
399 495 29833
8 75 24739
143 378 54626
55 524 39825
58 603 65490
35 606 38833
151 293 26249
269 607 41400
475 583 35228
145 561 39115
236 332 69311
244 248 38288
178 485 44000
108 154 32249
572 633 17804
50 564 27019
469 594 41340
417 514 23707
132 468 51420
103 148 15556
249 584 25807
307 498 25612
214 483 26249
48 64 60926
590 625 36674
73 606 40012
168 226 19105
437 551 24698
4 607 19698
35 333 34015
209 258 13601
126 466 47413
394 545 50567
23 32 15133
487 562 47676
401 473 52402
69 342 58034
285 333 48466
467 622 56604
450 541 21471
322 396 43046
269 417 33242
313 459 22000
144 472 11314
11 330 17029
84 242 54009
176 320 12806
9 543 45222
178 495 23707
34 232 60902
276 505 57280
262 580 142215
109 216 41012
187 426 51430
43 222 52697
401 461 32802
99 132 43186
94 425 25495
20 420 50000
126 626 42059
330 347 36014
549 572 23195
204 390 29833
77 208 28178
27 153 54708
744 241
573 622
559 754
583 256
780 645
874 528
405 966
671 472
725 295
313 424
663 613
553 920
767 378
230 516
827 259
354 198
591 957
283 482
684 649
852 350
899 681
346 275
271 292
930 583
636 511
689 726
372 790
806 871
11 517
642 736
90 498
273 307
144 714
470 484
573 754
443 538
258 749
930 383
173 623
539 561
230 127
923 447
371 493
769 389
313 552
135 445
839 752
743 279
661 562
366 834
370 905
633 970
286 926
687 71
741 448
867 781
213 351
611 144
176 217
567 923
910 540
233 658
404 309
687 255
444 817
768 207
389 412
130 311
235 573
133 461
477 867
418 326
651 763
388 77
665 448
646 50
814 461
382 848
789 498
347 943
970 347
157 196
587 946
91 537
207 159
742 916
601 90
569 851
442 372
809 397
504 173
429 404
890 552
812 617
51 330
387 130
916 411
248 398
725 761
688 341
593 190
375 545
711 845
391 609
445 330
458 30
508 247
441 196
205 549
335 964
285 549
151 351
294 748
157 770
957 388
129 397
974 470
360 50
889 537
410 289
940 289
218 579
501 836
822 421
73 552
46 426
772 574
2 543
954 584
431 295
554 261
754 793
185 337
290 277
660 869
465 879
286 61
291 796
782 386
154 514
220 338
128 337
226 173
628 891
385 386
337 261
389 108
722 856
805 765
677 260
312 582
331 490
424 773
437 164
101 387
225 902
433 57
591 109
246 905
918 358
276 189
152 573
267 486
133 364
431 701
694 206
446 598
342 426
190 195
795 554
735 373
551 357
901 222
557 319
300 496
411 34
673 484
341 643
938 569
251 120
409 894
649 261
314 796
826 522
553 304
864 208
738 707
704 556
766 654
696 868
648 114
561 815
624 945
289 596
400 55
870 705
532 394
841 247
944 490
90 571
191 107
577 577
951 691
842 664
169 787
116 654
102 291
789 448
469 88
773 325
384 553
198 841
558 941
627 152
504 623
246 550
540 124
682 871
632 241
660 900
267 119
400 537
178 668
79 512
472 600
329 440
555 246
437 123
814 829
705 479
515 284
440 431
820 249
538 661
448 923
203 696
139 838
984 554
883 417
842 209
439 674
145 538
798 704
717 437
460 165
399 668
817 356
742 466
574 294
39 561
796 567
548 83
717 834
748 818
249 491
995 556
507 351
473 101
546 929
759 539
812 345
409 990
456 373
777 909
349 851
316 206
313 668
309 633
598 223
419 585
863 228
801 600
528 259
152 468
929 662
572 44
568 606
727 888
556 847
522 329
543 736
671 163
434 596
852 633
619 738
547 450
881 472
110 721
644 886
314 134
621 380
716 620
332 565
939 597
221 159
625 17
764 833
61 597
52 437
498 75
261 888
389 471
260 76
373 44
447 386
416 180
991 531
670 894
178 388
706 704
277 655
231 831
827 747
592 488
687 887
606 849
808 563
269 269
484 69
403 44
122 522
748 437
256 187
296 451
697 617
640 716
763 901
312 320
825 215
676 602
211 280
153 744
574 720
362 592
327 607
664 29
702 444
833 444
288 192
321 748
597 529
237 631
529 198
491 297
655 436
673 351
677 566
502 388
417 420
297 518
257 859
545 702
677 366
427 715
150 153
546 292
73 340
837 300
520 224
524 21
337 79
460 589
209 141
663 261
383 309
839 188
806 438
638 289
515 266
423 949
246 267
148 753
780 543
315 159
377 685
314 224
786 319
204 223
404 220
132 513
267 668
285 140
995 569
601 615
178 806
898 270
199 319
424 197
828 236
819 645
696 500
516 207
665 955
59 686
208 617
770 400
491 856
131 702
339 673
352 918
707 156
403 22
191 222
64 542
238 732
789 333
275 399
307 934
543 851
399 145
639 525
306 102
410 556
677 861
810 541
514 764
631 219
319 176
390 745
900 336
481 742
31 371
461 827
406 945
837 612
784 730
195 541
722 700
477 216
660 530
765 186
363 674
158 533
442 877
455 613
562 669
661 225
199 885
680 772
722 228
257 802
377 569
413 130
397 426
493 531
216 847
538 720
367 772
637 187
514 120
583 211
423 736
611 895
403 614
991 460
560 801
607 919
897 725
827 769
584 873
681 176
578 413
859 694
386 717
229 526
88 404
476 792
804 805
875 374
364 175
686 407
636 899
742 117
639 312
91 233
284 857
673 808
475 12
574 804
563 125
823 594
553 863
647 135
410 100
385 643
618 601
577 662
879 200
906 470
204 864
674 513
544 624
935 450
256 671
362 654
323 233
428 226
971 515
763 233
471 689
446 863
448 23
283 691
610 377
627 28
789 901
212 317
751 582
616 725
348 178
853 166
782 780
907 524
610 208
577 646
415 669
288 248
348 306
351 714
931 300
482 532
538 881
381 436
766 479
713 580
430 846
111 627
536 449
542 804
227 771
686 821
886 521
818 499
468 708
311 752
880 582
862 790
880 745
322 587
311 657
495 130
114 780
699 332
686 195
105 707
819 786
844 846
786 472
324 470
797 613
682 212
303 125
932 517
770 276
485 488
224 664
476 242
266 720
622 111
436 921
352 407
569 709
467 182
339 833
532 298
410 438
612 791
413 519
925 278
208 97
135 226
347 467
673 700
603 673
715 509
334 909
338 240
626 572
675 430
549 965
62 528
234 813
87 268
595 309
902 439
619 97
901 648
842 326
227 642
579 546
798 119
501 4
467 258
840 396
451 158
409 590
248 203
425 362
705 931
813 889
77 248
526 49
546 152
554 652
491 960
611 762
565 248
889 388
175 140
139 374
321 100
491 93
561 376
620 430
637 922
824 449
461 269
963 339
345 528
945 671
778 231
428 762
356 276
861 809
586 510
26 389
529 209
107 268
359 157
36 545
639 101
190 244
333 456
791 296
