644 1179 10 175
104 511 53085
13 416 31765
258 519 44418
326 603 77369
278 342 11314
136 303 60308
202 349 112004
5 62 10817
339 451 23345
446 461 76118
338 549 52154
348 597 54708
577 619 10770
282 526 36235
355 481 35735
352 382 58215
84 464 52326
355 493 23259
110 573 22804
122 219 52839
145 549 46648
249 637 41000
75 600 53151
183 426 57219
21 189 39408
261 497 16492
37 405 46174
435 527 65307
43 441 19849
37 67 27203
262 297 72691
455 617 21213
185 336 60539
539 575 31241
1 557 17493
143 324 48826
231 276 82541
338 641 42438
419 562 17889
386 625 18028
424 448 26833
67 201 47170
123 608 22472
314 518 15000
347 440 35000
225 474 39623
78 165 89499
197 210 56365
351 393 49518
192 577 79000
424 478 42202
357 370 60902
241 617 31623
90 510 20616
368 475 50596
274 610 30083
181 247 40804
195 471 45453
237 493 54332
190 531 43932
201 534 17205
11 591 61294
64 503 29682
75 88 61612
438 642 46755
350 399 36222
158 403 61847
245 331 38013
101 334 31016
511 624 49244
476 591 40311
162 597 63127
332 556 70456
12 417 28425
14 458 30871
154 383 31906
116 592 94578
85 521 32280
13 616 19416
329 365 75604
47 378 19849
130 153 33242
140 502 29275
153 157 50695
185 485 13601
196 495 65734
260 304 32558
94 337 28231
138 599 60729
232 320 39357
301 517 30265
257 614 40853
376 455 20616
140 614 19209
244 364 18682
124 190 30871
130 640 67912
577 627 82710
186 549 26833
13 346 42059
216 259 26627
392 445 70767
53 459 45310
259 438 37947
2 344 21095
281 420 51662
191 439 56613
36 366 49336
162 164 55362
196 443 50000
540 543 22561
566 589 50478
196 292 59481
25 196 52469
40 641 13601
111 258 29833
505 628 24187
199 624 69857
312 334 60415
50 130 44643
382 505 32140
394 409 36069
55 234 54406
122 591 12042
102 223 44407
256 478 49769
625 633 58694
277 487 15033
166 288 21095
301 625 41437
248 435 39000
326 575 15264
159 443 49204
250 511 35777
135 178 15811
500 642 50160
143 643 43417
121 395 26019
270 532 31765
519 543 24515
18 260 17493
136 358 36401
60 392 47011
418 450 20396
39 166 81615
121 633 56921
221 606 15264
275 402 36235
193 252 48270
230 299 43278
439 508 41593
235 594 41485
539 603 53038
8 191 32558
337 644 50931
105 205 38328
186 403 61074
266 416 25632
593 622 16279
12 458 40311
99 544 27459
238 338 29682
185 213 39115
215 374 16279
226 526 20881
235 308 25080
65 486 21190
146 408 49649
275 570 37202
329 633 58694
352 494 45310
249 345 36222
365 633 37855
353 548 44272
97 462 46530
218 638 39825
251 254 39051
72 157 34000
237 568 50567
53 293 39051
27 578 41677
242 299 33000
249 264 20248
237 501 67082
411 616 39051
273 481 45486
196 552 43000
289 508 26926
302 528 48508
299 464 42202
381 397 38639
58 525 36892
335 621 59076
349 545 16401
29 396 30017
319 536 100663
22 480 16155
95 304 56080
95 638 21932
370 419 62650
371 622 13928
137 624 63246
205 302 31906
201 444 78435
105 229 57428
248 527 44721
269 304 44654
63 400 29833
263 380 44385
132 626 22804
184 518 21587
12 95 49578
5 392 22847
62 95 83439
89 282 48374
330 505 22000
82 446 64070
2 131 41012
340 411 45255
477 626 35114
29 581 26249
82 433 68884
103 165 41629
134 205 19235
110 142 15620
255 331 77162
193 611 26870
358 446 68096
209 627 31765
117 179 47885
93 297 66408
143 472 56436
469 567 26000
108 534 14765
47 428 34000
212 306 43863
348 632 19416
172 405 55471
36 472 21587
23 147 51157
448 500 48466
166 545 61911
357 401 66219
517 624 45277
552 589 14036
15 518 86371
44 473 26306
53 466 38328
84 100 24083
262 609 27313
65 188 58796
444 568 82765
234 613 39357
342 473 59666
24 459 14866
228 245 58412
58 432 79379
450 607 31241
31 163 30000
387 535 37216
161 379 20025
96 162 23022
348 595 43417
76 629 48000
147 468 21471
4 101 20100
138 363 64125
282 356 65803
386 633 68264
399 617 21095
61 416 46011
207 394 49649
279 616 56321
376 617 11180
265 513 45222
462 601 58941
442 569 10817
126 446 37014
4 322 21932
206 281 52469
42 578 32202
42 343 51662
45 583 87316
17 431 20025
415 589 36674
38 108 27166
311 632 12042
415 552 32062
348 426 36139
151 175 29732
51 267 80000
189 469 33302
45 604 54009
498 606 38210
439 584 32202
473 533 27019
208 360 21954
307 353 46141
360 642 19313
290 429 18000
18 235 43417
271 414 53263
189 406 30806
275 292 44721
207 448 52612
315 642 69893
97 371 29000
45 408 45011
277 477 61221
93 300 43186
503 632 13416
247 324 25239
111 598 18248
207 435 51865
129 382 43186
259 586 34132
9 79 39000
160 172 15297
218 636 21954
144 585 12649
127 449 104676
264 401 17000
132 411 28284
146 427 25000
163 567 49366
233 456 83433
64 422 14000
239 380 29547
50 344 69260
184 535 64351
56 61 48270
180 546 14765
297 419 15652
39 199 39560
60 451 16643
24 270 17720
87 315 32016
106 347 47381
523 576 39205
21 163 17117
259 500 34205
159 566 18028
131 344 32016
20 294 19105
83 241 17804
230 473 22672
404 611 11705
152 630 17692
91 510 44283
344 525 66483
181 613 61685
309 636 26000
447 573 35128
317 514 55543
500 586 19313
19 289 16125
107 312 47127
91 98 40497
550 635 45188
117 195 58600
125 377 30265
174 251 22136
94 381 35355
404 425 38210
89 101 35057
125 524 22091
87 438 45277
97 224 37696
94 397 43417
56 432 45354
68 313 60465
407 527 71028
187 189 14213
206 232 18868
416 616 35355
523 562 11705
277 447 68476
206 467 39699
102 400 35805
32 246 37121
198 431 34438
491 509 13601
113 375 22204
356 594 65391
394 435 45177
182 643 36674
240 398 15000
112 383 23087
458 605 73027
276 433 197649
60 608 21633
493 501 59093
69 236 19416
343 413 39051
31 460 38275
74 103 66491
169 340 47011
121 366 10817
494 620 16553
82 461 53712
290 332 55758
132 616 50249
185 546 54918
23 300 14866
197 607 37947
371 593 30083
20 287 14142
246 277 45541
254 373 31016
27 434 25962
23 468 47011
102 148 60828
330 628 34655
351 513 96177
379 484 14422
29 305 62610
351 369 41593
317 560 23022
120 233 35341
467 617 23409
81 518 71386
157 426 53226
22 596 20616
488 530 48508
112 586 19416
109 443 35847
204 205 30610
509 629 26627
126 288 80056
177 281 42638
278 338 62290
281 385 45607
153 372 15556
27 626 38897
193 298 55172
233 272 34438
389 469 12042
12 51 34986
398 565 14036
28 466 33015
354 521 22000
514 581 56886
160 591 33061
18 309 20000
240 582 45122
33 265 32016
175 219 72346
343 574 38079
204 295 25298
65 349 83600
71 363 46519
112 259 26420
20 223 37590
337 341 28178
102 456 35511
50 58 50220
98 453 38288
128 370 32558
176 229 36014
120 631 29155
192 216 41881
292 524 29000
45 430 44045
341 572 107564
297 576 51039
50 525 71840
30 38 21213
250 363 53254
81 383 43012
332 380 31623
217 416 29833
535 635 23000
554 581 47854
282 312 57280
224 324 44407
164 597 22361
279 346 59363
293 396 12042
68 423 18248
592 619 33838
67 405 39699
397 437 21401
202 331 108688
407 435 13038
138 558 50329
499 644 31623
223 294 36359
271 541 41593
71 558 11000
328 341 35440
104 367 62650
430 604 43600
141 605 78000
201 427 61660
316 334 39357
340 626 54918
212 345 49244
145 158 22023
107 638 46000
52 469 24515
66 127 39623
73 335 57009
79 162 57271
167 528 39294
105 453 36249
318 327 31016
366 395 32985
625 634 29411
201 214 22204
29 557 25020
93 262 32280
485 590 15297
113 228 12042
209 252 48094
60 148 83451
353 623 27857
602 642 56851
322 521 33838
176 243 23770
4 89 43046
308 526 28792
290 556 70859
134 204 28862
368 516 35468
197 254 23854
88 274 23409
468 515 34059
475 488 12806
336 599 58898
131 284 133090
8 439 40012
323 526 18028
49 194 32650
52 187 11402
370 635 78645
404 474 20591
151 532 43186
512 604 26401
288 490 69051
490 600 22361
224 601 42000
275 524 27295
152 574 99156
7 294 35114
171 369 39013
280 336 56036
194 313 14422
100 393 72918
286 602 80000
114 621 35805
210 361 23431
210 607 40804
149 223 27659
192 209 29614
34 345 37336
206 225 25710
41 380 19925
94 437 39962
139 420 26249
83 420 18028
107 282 54148
223 541 46098
200 412 42720
181 457 24187
299 470 46043
362 579 24021
286 619 32985
149 299 21378
108 387 40608
231 247 22561
219 532 38013
15 570 24187
295 542 23854
91 302 47760
7 299 40608
84 507 57009
266 441 24042
436 440 21190
310 481 37000
211 408 79057
18 547 34015
231 457 33302
244 262 17692
170 480 42720
240 318 12042
106 440 33015
66 509 30067
86 97 27803
6 168 51352
274 490 18682
157 158 87000
227 332 57940
156 204 32757
203 513 50606
267 594 76609
19 127 175582
34 637 31000
274 446 46239
466 492 26627
1 194 28231
76 174 44643
300 325 22204
103 131 57315
71 317 53151
394 615 16643
119 556 38013
251 407 25612
559 635 26926
133 280 26000
421 562 18439
53 581 52000
6 105 37656
483 519 32388
19 331 25000
24 333 19000
11 160 53009
563 592 63820
183 460 25942
378 538 64846
422 503 25080
66 629 15264
280 359 40804
250 614 26249
522 563 35014
285 564 16031
56 428 79706
361 584 39560
54 316 26926
311 348 24083
104 633 75213
37 184 55946
377 478 14318
33 539 52086
156 528 20809
420 467 29732
191 291 22204
62 458 67030
403 631 39115
99 408 35355
236 252 51078
219 347 79429
423 537 16031
315 602 36620
200 353 33734
32 55 35355
286 639 18439
77 390 53339
52 389 19849
49 546 20881
3 298 34713
464 470 51157
390 499 50289
503 569 22804
80 242 17088
288 545 73553
70 171 45310
296 548 46043
384 593 25080
174 373 34015
272 583 14036
214 534 10630
529 611 23000
269 547 10817
345 628 19799
58 169 22804
14 516 21024
28 53 30676
86 324 14422
28 459 29967
6 447 17720
335 560 24698
27 477 15811
129 190 26926
38 201 26000
11 237 54562
281 504 27785
125 292 23087
237 423 55946
225 504 32985
199 429 19235
198 596 30806
484 606 27514
359 389 23431
319 488 24187
72 426 42953
391 428 39623
217 441 10440
35 46 28792
17 26 58009
474 529 22847
10 512 57689
207 360 11662
368 530 37108
355 590 22825
362 382 14318
53 396 44294
220 540 29428
221 506 53141
555 561 43267
208 409 21541
155 528 33615
48 231 62968
188 587 21401
54 354 21954
134 302 18000
434 578 30083
123 370 22627
58 130 68884
463 494 26249
235 323 12042
245 255 60836
547 594 32388
514 554 17029
13 391 27659
311 442 22091
107 218 21954
67 479 30463
67 268 42485
212 579 43463
193 236 23345
90 472 11662
189 567 48384
273 485 22023
213 336 55362
128 608 18682
106 172 45188
118 536 52154
140 250 32062
426 503 19416
135 605 71561
261 399 38471
92 402 13454
4 77 60008
217 616 24083
380 519 43566
110 234 55000
144 540 49649
201 544 77795
265 328 35903
171 294 45695
187 280 30529
186 278 27857
443 566 46840
429 587 58000
362 628 26926
115 422 17804
170 285 25495
117 471 18439
411 441 30364
255 543 43267
343 630 149803
461 496 21213
15 283 60539
409 602 12042
199 303 74653
136 610 21095
269 594 42450
211 444 79812
118 515 14142
200 585 24207
301 303 57385
454 531 15620
152 343 132280
81 314 70007
370 445 64475
111 492 41485
2 374 29155
571 587 24166
357 419 33971
293 581 16643
69 529 27803
296 466 18111
31 253 40608
63 223 29732
128 392 43966
481 590 45891
61 391 49244
35 42 55462
321 480 36222
268 444 70114
26 603 21932
166 571 75432
133 336 47413
385 522 22361
148 223 68469
108 214 14866
36 329 22361
551 608 11045
57 117 46840
99 427 18000
535 559 28178
174 491 67742
371 462 41593
204 538 50359
285 480 36401
173 207 43829
16 470 12369
408 544 22361
364 609 38079
481 595 32388
17 338 47508
78 170 78000
58 372 70937
418 584 45880
48 489 21954
80 400 34482
337 381 21932
23 325 29155
462 496 57201
154 454 56321
10 427 65192
137 621 59414
162 442 28284
105 302 28792
615 639 79379
254 618 23707
145 640 16763
155 327 35228
471 515 27586
342 403 47854
226 309 23770
46 525 43278
189 213 37643
76 618 24698
258 543 43012
91 155 36249
64 569 31575
77 326 228758
1 581 33601
284 630 258507
412 623 13601
178 553 22091
412 415 23345
317 558 53460
102 430 15652
228 263 48083
173 251 26173
3 425 26077
449 639 74148
359 398 25318
86 384 32249
172 268 52631
70 369 16279
395 582 19235
367 624 43566
452 496 60902
417 516 28000
413 487 36770
114 598 48877
144 415 47434
358 610 23537
7 171 56045
549 640 45706
414 606 24166
538 542 67268
493 537 30871
42 434 42379
346 616 48166
79 583 63032
100 555 36401
197 415 47011
128 551 23345
224 452 52431
410 566 52631
116 522 25495
393 507 14866
182 324 44385
257 624 46530
165 344 74250
338 561 62169
142 246 16279
257 502 33242
318 565 13892
192 627 21024
542 567 35511
23 612 53535
179 471 55902
124 129 23195
262 357 66731
280 406 34366
51 304 49244
446 610 55109
75 199 74431
123 339 38639
330 609 24331
372 432 29000
124 382 29614
258 598 33838
81 454 30265
53 73 34540
10 339 29614
9 237 60075
25 482 47802
243 453 20591
133 582 29411
402 436 38833
74 321 43417
289 331 34713
118 195 38013
484 498 37000
138 554 29428
305 333 61074
14 417 26870
367 386 39825
156 295 45618
386 517 36139
492 598 37656
136 634 38471
108 559 31401
92 570 31016
129 252 31257
142 573 10770
77 356 144810
65 119 36401
57 179 36401
56 157 33377
388 476 40361
365 452 12083
181 182 77473
186 338 61057
401 635 55973
437 644 53235
44 533 26571
352 463 54037
5 379 70831
119 486 17493
486 556 24352
557 581 18682
137 227 43105
431 549 45607
254 410 29428
56 183 38013
345 579 41110
231 489 51624
380 588 38288
49 599 66753
150 151 14866
59 584 62290
96 120 35903
157 631 78000
412 585 40460
236 627 30083
114 492 32388
85 316 47424
59 418 29069
92 436 43966
284 374 75505
177 563 39699
278 473 54626
379 498 31385
312 506 36878
297 523 32802
90 327 32016
70 506 41231
203 555 15524
564 596 32558
116 474 30000
43 340 12806
91 453 40025
48 276 22627
491 629 33734
175 275 26000
385 504 43681
232 425 18028
433 496 66483
292 495 32757
41 239 22136
502 560 41110
141 475 58241
550 637 33242
387 479 37736
90 143 52811
62 379 67779
102 604 52555
128 445 65276
255 263 37537
108 479 43829
576 612 41629
171 414 61057
320 376 26077
515 553 54452
264 550 30529
220 291 16279
332 588 15033
39 571 43046
226 235 13038
421 576 45343
115 426 12207
207 208 24698
147 178 46648
102 222 36674
139 177 99247
256 283 52240
100 203 39319
280 398 29120
81 306 65734
146 512 20809
459 465 66400
215 525 45695
188 349 25495
241 350 57489
15 92 19723
248 449 44654
364 463 25612
211 568 18439
499 572 50220
217 266 26249
464 507 25060
135 553 11402
22 74 50120
50 78 67897
65 375 34176
69 193 20100
325 497 19849
180 185 55660
77 572 78791
273 310 25020
325 399 49336
47 183 60926
482 495 26401
34 249 51400
328 575 48466
496 601 38601
141 536 29732
253 481 23770
45 146 60605
126 274 15232
167 565 39115
173 566 23409
271 287 31906
469 580 28284
54 85 39446
351 354 19105
196 377 50606
16 533 11662
163 460 50090
421 445 41617
41 483 11045
60 551 14765
150 482 28862
96 272 14213
297 612 49518
287 541 17205
251 373 33601
308 323 14213
450 618 26019
25 623 21587
45 456 42000
364 494 15000
501 597 19105
296 307 28018
190 454 48847
44 561 13153
216 438 39962
81 283 32016
508 584 30017
409 642 51000
228 588 54626
399 455 26173
63 299 29155
229 243 38419
359 580 28071
21 310 28284
3 320 26077
222 520 60539
9 164 16553
383 454 56727
567 580 42942
148 161 93231
110 246 27514
253 595 14213
132 277 75107
78 344 103774
30 339 41437
30 427 42426
109 196 48836
298 382 26833
95 498 57280
320 467 33838
33 238 42544
154 209 58592
221 498 37162
60 161 100000
33 40 18682
105 573 53535
307 466 32202
170 321 27000
8 220 14765
260 636 35128
150 465 27659
305 388 26683
184 314 23259
167 359 51245
68 476 47096
137 335 43863
238 265 59540
410 589 17493
465 548 29682
456 520 72863
291 543 19849
413 574 11180
29 333 25495
378 542 28636
35 578 64070
59 450 26019
595 597 40497
125 256 37363
327 472 28231
143 365 64382
73 492 20025
33 641 28425
306 531 49366
322 351 64281
230 242 28000
98 643 71512
473 520 76400
451 608 27514
327 565 36014
26 40 74027
109 424 43105
46 340 76655
62 445 66731
494 497 44911
32 487 28320
159 207 27166
294 299 44721
88 600 49041
267 530 64070
133 398 36715
198 564 29614
228 375 22847
104 250 24698
166 600 46011
63 149 10630
358 634 19416
258 483 28636
313 388 67742
300 620 39623
113 202 25942
195 319 133184
350 617 49041
16 464 50596
115 503 14213
83 467 23087
143 329 69376
168 428 55660
87 577 65299
57 399 58523
55 246 20881
227 290 35384
56 72 30232
49 180 14765
314 637 59211
185 537 50000
93 244 27659
215 284 60729
384 622 14765
53 514 83546
332 621 59135
239 598 23770
457 489 29530
139 281 56639
364 620 16279
98 510 66731
316 506 18028
80 222 43290
8 361 29411
261 352 28601
213 406 17029
602 615 42720
43 169 43841
176 613 50922
168 279 53254
122 172 45891
602 639 80920
288 600 52802
390 572 32202
219 270 35468
246 573 23854
356 390
333 906
837 262
809 832
791 581
186 699
668 745
403 110
474 559
703 550
526 475
896 613
277 742
895 572
587 303
613 770
511 883
900 690
358 31
694 699
345 580
493 944
888 373
413 342
459 219
512 941
189 807
405 301
396 380
668 515
371 615
118 748
588 900
719 341
246 896
203 512
623 437
671 494
187 214
570 895
341 195
196 872
273 802
582 789
590 607
273 886
306 646
39 626
346 441
375 838
926 595
293 555
376 311
763 786
101 717
363 708
955 329
326 827
485 38
727 553
326 739
800 587
633 691
454 686
218 111
492 8
607 459
429 458
767 209
739 772
294 375
380 683
363 279
469 988
160 266
500 69
810 892
442 849
510 574
587 714
659 297
23 378
894 235
638 801
797 806
74 530
689 162
124 316
846 810
176 527
173 590
577 320
846 391
673 922
859 646
485 649
57 508
135 604
620 545
640 825
811 812
625 655
404 974
231 394
179 662
569 388
844 708
674 467
559 203
112 685
375 219
639 234
263 105
332 264
429 672
787 172
968 374
959 410
196 140
477 684
224 456
483 416
747 514
762 287
551 267
88 302
531 1
757 530
759 264
387 795
362 935
211 758
276 498
207 635
929 473
131 325
268 276
338 413
902 221
276 371
941 482
124 695
126 510
440 144
458 795
638 570
892 424
669 613
640 699
479 293
490 303
78 731
383 762
673 239
188 557
218 600
396 713
459 773
571 133
525 422
755 649
486 626
347 597
467 574
421 936
106 224
211 550
237 693
304 833
442 927
722 730
528 407
562 105
543 81
512 323
123 633
837 146
916 464
926 351
353 454
96 592
127 521
362 670
650 388
370 507
510 795
302 548
174 150
313 557
734 274
371 116
719 183
765 229
367 416
993 427
511 212
478 124
495 894
224 228
421 175
647 484
240 93
601 830
235 628
216 652
857 231
598 130
619 117
725 212
427 100
510 559
713 312
337 528
669 481
288 900
684 206
263 777
863 697
457 370
396 123
789 696
592 671
661 681
92 494
832 225
878 725
271 233
271 114
122 669
603 748
50 564
841 241
509 669
57 685
889 732
748 213
477 499
567 863
334 216
249 518
905 249
603 720
146 639
828 370
307 68
121 711
72 559
605 72
760 372
244 373
536 102
728 260
396 583
498 111
333 123
587 277
249 318
368 190
662 221
909 675
872 315
815 382
305 148
749 389
619 892
283 794
974 659
569 440
940 680
430 347
713 712
494 638
364 535
102 308
536 313
23 642
136 754
536 785
207 737
286 522
864 179
840 762
639 272
230 918
465 916
715 62
696 685
85 222
372 39
245 209
384 134
528 269
385 349
680 712
259 620
404 276
825 454
803 269
636 720
878 362
155 339
189 635
177 286
915 643
452 408
695 352
405 248
899 755
884 702
365 560
444 648
799 722
379 424
660 367
681 131
777 763
298 322
237 517
986 560
859 276
442 954
794 816
890 744
86 538
891 344
601 985
208 528
627 927
193 492
794 347
338 46
292 179
413 361
812 781
308 294
318 476
662 948
542 847
709 521
263 810
637 961
528 777
161 834
354 904
756 336
257 705
535 355
428 630
151 161
942 293
730 810
849 298
428 208
744 797
413 526
903 781
793 445
118 359
262 555
608 136
412 82
777 296
274 417
823 352
133 446
218 465
201 339
941 586
723 769
763 498
28 508
372 773
509 82
304 903
250 123
885 274
555 237
291 659
775 650
322 189
642 939
791 293
646 256
46 514
828 151
176 370
667 427
446 434
280 570
757 898
283 715
770 572
694 776
614 83
250 457
397 350
635 901
258 530
906 297
604 684
741 404
568 330
507 734
795 214
577 433
320 527
556 86
589 562
639 109
503 140
231 778
462 187
163 795
754 678
479 171
292 770
914 591
466 60
818 468
877 229
846 490
440 686
426 476
602 206
823 240
419 665
638 545
290 676
227 209
618 641
510 863
352 752
7 445
182 832
569 87
590 362
652 888
650 185
404 70
570 355
260 787
466 646
541 172
573 510
822 524
59 325
169 694
590 182
630 35
486 64
713 544
122 451
164 629
689 293
880 294
590 649
72 589
867 585
418 328
350 647
72 400
35 467
807 332
661 754
458 275
386 274
887 257
911 414
288 579
610 758
964 392
182 517
586 763
805 196
957 538
476 461
184 792
568 231
635 447
478 950
402 560
472 265
340 184
767 662
378 518
211 131
137 769
965 548
58 615
97 290
533 14
364 259
423 505
832 340
496 276
69 421
876 331
804 662
709 883
635 200
447 559
272 342
438 661
840 193
794 325
771 746
683 766
397 29
522 6
168 546
228 341
655 582
645 855
320 373
945 412
914 563
185 335
645 367
345 152
540 702
766 797
806 155
845 480
549 289
306 858
872 745
597 28
201 588
784 187
977 595
701 303
458 332
607 780
661 474
704 423
963 462
410 477
229 678
585 952
391 152
706 671
279 633
369 147
593 540
138 171
340 461
934 689
442 250
498 819
723 405
740 546
511 169
938 466
333 384
605 815
234 139
371 381
305 375
679 436
285 303
569 791
834 476
807 120
466 900
244 529
554 127
298 603
498 545
460 655
566 291
165 177
738 924
134 691
152 797
609 972
876 456
719 104
210 843
753 295
260 583
376 363
259 474
508 637
423 44
436 156
628 218
187 167
293 164
512 155
393 515
492 424
755 83
36 537
929 721
407 592
488 924
445 578
357 222
280 431
107 270
92 452
651 110
532 950
644 606
869 512
776 688
466 88
739 535
790 371
113 336
784 210
859 418
75 650
264 356
628 74
261 753
895 279
487 90
723 94
839 355
311 235
33 521
454 198
208 296
161 380
217 780
740 184
770 322
500 21
65 719
474 713
432 649
170 438
137 363
704 446
874 678
719 372
844 662
703 48
453 811
566 882
615 154
160 537
699 913
