200 10
132 102 156 141 66 58 126 86 70 127 56 190 115 85 95 32 135 48 134 28
166 105 54 88 174 43 192 131 198 9 35 172 12 79 84 110 49 145 11 160
31 53 6 171 4 122 151 26 51 57 90 139 97 143 186 55 71 179 72 50
168 21 60 154 116 5 182 59 63 159 13 104 133 92 99 65 94 149 175 76
101 109 73 40 113 74 191 147 142 183 114 194 19 120 118 173 169 181 158 23
98 2 123 100 17 195 117 18 1 47 137 46 77 155 87 67 148 33 136 8
10 83 52 64 22 161 199 103 144 163 196 30 3 167 125 107 34 128 39 176
37 38 45 89 152 91 138 62 140 129 165 25 189 29 185 82 75 187 20 106
153 108 130 162 180 93 16 36 119 14 27 164 200 15 150 78 193 44 188 61
41 96 170 24 157 69 178 7 197 121 81 111 68 112 80 124 42 146 177 184
