200 10
97 169 176 189 68 70 128 27 107 7 167 89 88 98 172 62 198 53 183 52
8 57 59 199 85 166 35 155 178 60 192 95 159 43 18 90 36 55 82 112
148 3 49 91 114 99 177 118 45 92 190 111 152 24 170 10 61 30 26 84
142 139 72 171 81 22 48 200 102 160 146 168 29 46 120 5 13 11 194 78
131 135 103 195 133 140 158 108 116 138 186 1 83 34 69 164 151 20 163 17
147 165 110 191 23 16 124 14 196 197 187 65 109 121 80 130 41 185 174 74
122 42 15 105 33 64 56 117 101 129 9 179 144 141 25 71 67 104 162 39
50 153 173 149 143 38 154 188 182 126 87 58 93 113 134 180 63 137 157 77
161 193 100 145 136 4 86 6 150 79 75 76 115 94 21 66 47 44 181 96
132 32 37 119 31 175 156 2 40 54 19 125 123 28 127 73 12 51 106 184
