200 10
129 171 174 60 58 119 133 146 163 142 2 75 200 104 51 98 29 63 127 123
42 62 97 69 157 19 108 48 169 183 170 154 74 191 47 117 11 122 76 165
115 118 30 88 177 182 18 179 57 9 85 160 65 172 54 195 111 175 168 131
56 33 190 78 91 137 159 16 150 155 14 103 192 132 92 199 81 148 6 161
173 50 87 147 7 37 125 24 196 44 139 114 124 145 166 140 136 156 189 83
144 12 101 116 38 89 185 162 96 73 106 138 43 79 1 66 198 164 15 68
86 52 197 25 26 184 128 130 95 28 34 143 186 107 90 149 94 102 187 110
134 40 4 121 27 141 100 8 45 84 49 176 93 80 13 188 152 109 64 31
32 72 10 35 41 53 120 126 151 36 181 82 46 21 113 59 71 158 167 20
178 194 67 61 23 105 70 5 153 193 135 22 3 99 17 180 39 77 55 112
