200 10
145 18 54 154 164 105 174 103 11 86 87 163 122 109 107 110 198 61 102 9
73 138 57 143 92 49 100 63 43 141 78 151 83 69 85 144 169 136 99 116
195 88 108 186 89 196 152 106 128 160 190 55 77 65 30 25 33 147 159 62
22 153 31 149 146 191 123 95 165 41 96 36 172 127 183 104 139 1 59 90
98 24 21 179 167 37 45 175 70 68 19 52 27 181 137 125 156 184 44 120
176 42 158 142 171 46 34 182 200 66 71 131 193 20 118 113 3 199 50 51
161 166 4 189 94 150 64 101 117 187 155 15 74 185 168 135 53 5 121 56
177 28 39 148 14 82 111 173 79 76 115 12 13 84 40 35 157 180 75 97
7 23 91 67 192 119 93 140 72 134 178 17 26 60 8 197 6 81 124 130
129 114 10 162 32 48 194 112 38 132 126 2 188 29 170 16 58 133 47 80
