200 10
106 25 83 16 118 174 157 120 86 132 5 134 76 44 96 39 29 122 193 93
147 91 114 100 45 12 62 111 141 17 19 38 2 189 88 165 71 57 99 107
137 135 139 156 79 155 52 181 182 129 60 152 13 78 26 41 136 43 56 183
112 66 42 81 162 89 30 54 68 148 138 154 9 3 192 123 150 166 196 37
131 27 94 1 117 124 49 198 73 7 119 18 190 130 51 164 84 105 186 82
31 74 35 97 33 146 173 70 178 61 116 160 194 75 115 15 20 34 23 176
95 92 85 113 59 48 151 32 11 161 121 53 110 144 158 55 10 6 200 167
188 128 24 199 40 64 179 101 4 87 50 185 80 90 149 169 109 108 153 191
8 180 104 36 142 170 58 21 197 22 46 159 77 102 195 127 168 184 28 103
145 72 187 143 69 65 163 172 133 140 98 67 171 175 47 14 126 63 125 177
