200 10
174 125 199 123 195 126 2 34 33 107 149 166 6 44 91 127 161 138 3 98
143 196 142 13 99 100 41 31 106 122 93 133 15 11 177 29 56 184 134 94
19 162 160 97 48 59 55 113 187 193 71 64 118 146 167 105 101 8 24 28
115 77 145 135 152 65 175 35 119 186 170 69 153 47 74 52 141 157 68 63
14 66 18 80 21 109 156 67 39 7 70 10 25 159 168 54 194 191 60 62
76 1 27 114 188 92 87 23 83 139 90 178 183 147 17 84 102 78 116 5
30 136 120 150 51 36 110 128 43 137 165 132 179 86 40 49 20 180 38 200
9 169 164 53 185 192 45 75 140 79 58 42 81 163 46 96 117 151 130 198
32 121 176 171 131 104 88 103 61 73 189 12 182 4 82 37 50 181 129 16
172 190 85 89 57 155 124 72 108 22 112 158 26 148 197 95 144 111 154 173
