200 10
89 75 155 2 60 180 4 82 84 53 193 130 161 10 25 52 156 3 37 105
181 121 184 188 141 126 69 59 12 136 167 189 85 102 100 87 22 111 62 93
98 36 117 33 103 39 109 131 116 172 168 46 43 194 125 97 129 112 88 175
199 166 162 27 77 16 63 187 106 157 67 107 66 196 86 64 159 13 61 6
173 76 23 127 151 55 44 68 21 30 154 65 90 54 95 122 1 110 41 17
56 78 11 142 24 7 170 48 35 128 119 115 200 73 50 138 79 160 15 133
177 71 132 38 149 31 135 19 190 144 191 153 49 42 165 28 195 182 146 74
124 179 96 176 108 14 18 174 163 91 192 57 104 40 198 20 5 185 123 148
29 72 158 143 94 120 101 81 147 197 45 26 9 92 140 139 114 58 34 70
83 178 150 8 51 134 169 118 137 171 186 145 164 113 32 80 99 47 152 183
