200 10
147 165 91 63 1 74 121 105 141 7 36 192 155 24 162 106 49 16 51 108
171 107 132 186 39 35 179 154 136 169 172 43 21 127 10 94 161 113 2 115
61 177 158 62 152 134 34 20 6 198 5 160 8 13 59 66 116 90 3 65
54 37 170 110 67 129 88 122 184 156 33 18 199 195 9 119 71 120 55 183
23 70 180 168 163 79 145 12 28 130 174 32 157 142 96 101 190 14 99 114
137 19 58 191 188 123 26 38 78 164 185 76 104 31 25 175 109 103 4 117
69 196 95 128 97 29 22 92 46 146 194 84 68 100 189 148 200 83 167 135
118 143 159 45 85 72 56 73 86 150 181 124 40 15 197 93 126 139 89 138
75 193 44 50 82 60 131 27 178 57 173 151 11 166 112 52 133 64 48 187
81 153 176 41 125 47 17 144 111 77 42 149 87 182 140 98 102 53 80 30
