200 10
26 44 157 193 36 13 182 116 53 179 195 93 130 79 177 1 56 102 113 149
37 170 33 120 162 40 58 141 49 112 158 19 128 155 118 115 2 55 183 103
92 167 119 5 196 139 151 54 104 101 87 99 123 35 189 184 172 71 191 168
4 156 147 197 175 190 111 85 129 81 10 161 6 57 27 122 174 52 105 160
47 16 134 22 8 125 31 73 50 74 145 28 32 148 11 67 137 107 14 142
51 109 121 15 68 165 146 131 124 166 144 17 97 76 39 41 181 43 110 82
150 159 29 18 173 187 84 30 163 20 42 153 135 72 86 66 61 180 178 48
59 25 176 152 143 169 132 136 106 12 198 194 91 127 133 7 78 114 108 60
185 83 95 69 70 140 46 63 188 80 89 186 24 138 45 65 171 117 199 21
75 100 154 98 88 192 94 9 64 164 23 38 3 90 200 77 126 96 34 62
