200 10
168 30 153 56 179 100 44 189 35 82 147 115 132 17 103 97 38 6 61 173
95 194 161 118 126 196 137 182 143 192 75 43 42 145 29 148 138 10 199 86
4 177 166 172 46 158 16 162 67 181 78 18 156 34 8 24 45 197 178 87
92 193 109 167 88 198 188 39 79 101 31 37 3 14 140 165 130 164 19 125
122 184 9 26 83 48 119 49 54 123 7 2 28 64 71 84 191 139 50 73
59 55 151 21 62 89 102 53 142 68 40 27 90 174 195 149 146 20 159 81
96 131 135 65 175 157 13 58 76 105 200 60 169 124 107 91 33 116 112 5
117 99 150 52 171 187 183 104 190 141 186 11 136 66 110 121 144 70 74 85
72 93 22 127 94 128 133 113 25 36 15 170 163 51 154 1 185 134 108 111
180 155 23 80 63 114 12 41 120 47 176 69 160 129 57 98 77 152 32 106
