200 10
67 19 142 60 25 36 35 186 169 138 156 97 106 167 112 176 124 132 122 175
110 103 54 51 166 70 107 130 120 114 41 118 17 171 57 154 119 39 126 94
43 151 79 68 12 92 153 116 193 11 33 155 139 55 93 149 137 102 141 180
134 95 145 45 34 62 81 189 170 2 61 191 182 162 179 65 198 80 28 15
150 181 129 88 26 111 105 24 69 21 148 49 58 14 71 146 84 152 164 44
196 59 168 165 40 87 127 184 144 6 178 52 8 18 82 37 108 16 50 9
13 91 133 123 158 101 89 172 136 98 3 100 46 161 48 76 56 30 72 63
74 38 140 90 78 27 109 5 147 159 104 23 53 77 99 183 131 73 174 113
83 66 20 42 177 31 195 47 157 96 64 29 85 199 22 160 194 173 125 10
32 86 75 1 190 128 117 197 143 4 192 185 188 187 115 200 135 121 163 7
