200 10
73 175 113 194 75 45 188 142 4 110 94 12 78 158 192 191 165 145 98 49
144 198 87 21 156 132 5 171 143 15 55 7 35 30 154 172 103 66 86 54
3 180 170 155 88 41 39 162 125 18 153 22 147 95 173 135 122 157 83 163
200 184 9 161 89 32 160 108 60 146 131 107 79 105 116 199 129 90 178 80
137 115 166 185 2 69 82 19 168 29 179 16 139 186 128 99 62 176 183 71
195 121 102 169 174 189 133 6 37 38 150 14 64 70 111 196 140 48 127 67
47 40 23 177 53 10 27 26 134 118 25 141 36 91 182 197 101 81 76 24
72 57 63 77 13 34 104 1 167 124 114 52 97 159 152 85 93 28 100 44
17 92 56 96 68 42 50 123 51 20 164 126 33 8 151 138 84 74 65 11
190 112 120 193 109 149 130 106 58 136 46 61 181 187 43 117 148 31 59 119
