200 10
89 127 164 162 191 49 23 119 113 21 50 118 52 11 136 137 160 98 197 181
90 51 15 159 71 158 195 176 115 63 186 109 87 183 147 117 155 145 103 70
47 166 139 123 122 163 40 82 8 55 96 26 102 132 165 91 72 112 124 32
101 188 151 14 39 153 105 173 111 174 129 77 24 94 53 92 12 20 75 116
2 169 38 76 135 84 46 66 99 29 193 43 97 30 80 156 28 170 200 64
194 149 58 73 13 196 177 93 18 189 133 17 134 180 27 59 1 6 25 74
4 120 68 3 152 37 130 171 65 178 36 35 60 33 57 154 175 19 146 125
110 138 41 185 42 126 85 182 45 108 79 10 184 83 190 69 106 56 142 22
61 88 104 44 128 67 107 62 9 31 187 95 5 78 54 144 198 172 148 199
48 192 150 157 143 167 86 179 141 7 114 131 161 121 168 100 16 34 140 81
