200 10
150 191 68 18 16 34 66 63 49 100 69 199 6 61 112 107 24 95 80 79
31 196 52 55 15 184 155 99 195 176 142 137 144 117 110 135 115 93 58 161
59 197 133 92 104 70 11 89 148 134 90 157 160 41 139 83 182 178 136 177
151 180 25 88 27 32 190 130 105 165 98 53 152 76 19 21 77 26 141 146
175 28 3 166 200 114 82 33 57 29 71 125 173 187 39 164 51 23 153 44
120 54 123 183 22 67 169 198 138 97 45 159 189 20 185 116 156 149 140 186
84 73 13 12 91 163 171 102 170 50 168 14 5 167 174 47 60 143 154 127
42 35 40 131 7 103 9 37 109 147 85 129 75 1 96 172 4 94 48 179
65 8 192 194 113 86 72 36 121 64 30 128 132 108 106 162 126 2 101 74
17 193 81 62 119 46 38 118 181 124 158 87 111 10 43 145 56 78 188 122
