39
000000000000000000000000000000000000000
000000000000000000000000000000000000000
000000000000000000000000000000000000000
000000000000000000000000000000000000000
000000000000000000000000000000000000000
000000000000000000000000000000000111111
000000000000000000000000000000000000000
000000000000000000000000000000000000000
000000000000000000000000000000000000000
000000000000000000000000000000000000000
000000000000000000000000000000000000000
000000000000000000000000000000000000000
000000000000000000000000000000000000000
000000000000011111111111111110000000000
000000000000000000000000000000000000000
111100000000000000000000000000000000000
000000000000000000111111000000000000000
000000000000000000000000000000000000000
111111111111111000000000000000000000000
000000000000000000000000000000000000000
000000000000000000000000000000000000000
000111111111111111110000000000000000000
011111111111111111000000000000000000000
000000000000000000000011111110000000000
000000000000000000000000000000000000000
000000000000000000000000000000000000000
000000001111111111111100011110000000000
000000000000000000000000000000000000000
000000000000000000000000000000000000000
000000000000000000000000000000000000000
000000000000000000000111111111000000000
000000000000000000000000000000000000000
000000000000000000000000000000000000111
000000000000000000000000000000000000000
000000000000000000000000000000000000000
000000000000000000000000000000000000000
000000000000000000000000011111111111111
111111000000000000000000000000000000000
00100000000000000000000000001000000000
00100000000000000000000000001000101000
00100000000000000000000000001000101000
00100000000000000000000000001000101000
00100000000000000000000000001000101000
00000000000000000000000000001000101000
00000000000000000000000000010000101000
00100000000000000010000000010000101000
00100000010000000010000000010000101000
00100000010000000010000000010000101000
00100000010000000010000000010000101000
00100000010000000010000000000000101000
00100000010000000010000000000000101000
00000000010000000110000000000000101000
00000001010100000110000000000000101000
00000001010100000110000000100000001000
00000001010100000010000000100000001010
00000001000000000010000000100000001010
00000001000000000000000000100000001010
00000001000000000000000000000000001010
00000000000000000000000000000000001010
00000000000000000000000000000000001010
00000000000000000000000000000000001010
00000000000000000000000000000000001010
00000000000000000000000000000000001010
00000000000000000000000000000000001010
00000001000000000000000000000000001010
00000001000100000000000000000000001010
00000001000100000000000000000000001010
00000001000100000000000000000000011000
00000001000100000000000000000000011000
00000001000100000000000001000000011000
00000001000100000000000001000000011000
00000001000100000000000001000000010000
00000001000100000000000001000000010000
00000001000000000000000001000000010000
00000001000000000000000000000000010000
00000001000000000000000000000000000000
00000000000000000000000000000000000000
8 19 9 9 4 47 9 8 10 2 14 22 7 2 10 3 14 13 10 5 2 5 2 5 1 3 4 4 4 4 2 3 6 7 4 2 3 3 2
19 14 21 51 298 423 7 49 117 31 527 40 7 3 9 6 6 2 7 2 7 6 4 5 1 2 4 13 4 2 1 2 2 7 5 7 2 2 3
14 7 81 121 188 531 138 319 235 58 276 57 51 14 6 4 9 9 2 11 2 3 3 2 4 5 7 15 4 2 2 4 6 1 2 2 9 2 2
45 32 184 122 562 156 451 202 132 59 86 2 3 10 12 16 5 3 15 9 3 5 3 13 2 7 10 2 3 3 2 4 4 3 5 1 3 4 8
52 12 504 83 286 61 70 118 559 73 220 40 9 16 40 3 12 15 8 5 10 15 5 6 6 2 9 7 3 9 1 2 4 6 5 8 5 2 1
2 16 116 561 301 175 176 538 332 176 282 123 100 8 50 4 2 4 9 7 6 5 2 13 8 8 2 7 8 2 3 4 4 9 2 3 2 4 4
23 112 470 203 216 274 121 67 219 142 178 15 8 11 51 10 7 4 2 12 11 5 7 10 6 4 10 2 1 8 1 3 1 5 7 1 1 3 2
48 61 7 153 308 167 267 106 192 426 176 9 20 15 15 5 5 12 4 3 9 5 3 4 4 4 4 2 1 9 4 6 2 2 1 9 7 3 2
37 20 18 20 100 143 521 234 147 23 289 60 54 14 12 2 3 7 2 2 6 1 2 16 5 6 2 7 6 5 4 2 3 3 4 2 2 5 3
3 36 51 31 8 18 23 61 134 232 47 1 3 3 1 8 8 10 8 9 4 3 2 2 5 3 8 2 6 9 6 2 2 2 3 4 5 3 2
8 1 2 17 7 8 7 13 52 23 9 3 6 10 5 2 3 4 2 2 3 1 4 5 2 1 5 2 3 3 1 1 3 2 2 2 3 6 4
3 3 5 6 8 25 42 32 60 7 6 5 2 7 2 2 6 6 2 5 6 1 3 8 1 1 2 8 6 7 9 2 3 1 4 2 3 8 2
5 1 2 3 14 9 22 32 24 51 2 4 45 5 9 2 3 4 2 2 5 5 3 7 5 4 9 9 4 1 3 1 8 2 1 6 4 5 1
1 4 1 2 3 16 32 13 23 9 2 3 60 23 7 1 1 3 9 5 5 4 2 3 1 4 6 2 1 5 3 3 2 2 9 1 7 7 2
3 2 10 2 2 23 20 45 2 8 7 5 38 127 7 16 4 169 9 8 2 6 9 1 8 3 10 2 7 4 2 5 2 4 4 7 1 1 6
10 2 2 2 3 13 7 5 8 3 1 4 104 4 6 11 20 24 17 2 6 9 8 7 9 8 9 3 1 3 2 6 7 2 2 4 4 2 5
2 1 3 1 9 5 3 3 7 3 7 2 15 35 12 4 9 11 29 1 1 3 9 15 27 11 16 9 3 4 3 1 2 7 3 2 3 3 8
1 10 10 3 6 4 6 5 3 2 1 49 6 17 10 11 5 8 5 16 5 5 7 15 21 4 4 1 9 2 2 1 4 1 1 9 1 8 9
1 2 1 4 4 6 5 2 6 2 2 111 9 5 14 15 4 5 7 13 21 24 22 16 6 12 4 4 7 7 3 1 2 1 2 3 8 3 3
293 62 36 111 89 59 123 103 12 12 23 6 17 8 11 5 35 4 28 8 12 25 19 12 7 36 35 16 2 7 1 2 2 2 2 7 4 2 8
260 84 147 72 163 33 37 53 11 6 11 19 18 8 7 29 6 17 25 4 8 14 5 6 12 10 6 6 1 7 6 2 2 9 6 7 3 2 9
150 72 319 166 206 192 60 28 25 21 26 6 7 8 6 9 9 12 6 8 31 12 25 31 16 6 20 6 7 5 6 4 10 1 8 2 9 6 3
94 236 52 78 150 39 34 37 1 1 5 2 8 2 2 9 2 6 33 5 14 16 16 6 13 11 4 35 10 4 51 168 2 3 10 6 9 1 2
72 91 144 132 61 194 72 90 54 103 106 59 84 233 1 5 65 28 6 6 9 30 34 4 35 4 21 18 1 69 159 70 36 3 1 2 4 6 5
289 122 215 180 94 64 161 186 35 220 86 34 127 318 208 5 82 12 12 6 11 5 24 6 6 7 206 253 180 148 191 2 9 2 9 5 1 6 9
65 135 52 85 325 49 123 93 266 48 48 150 44 161 210 1 16 28 6 31 7 8 6 36 6 6 153 198 98 130 263 54 5 2 5 2 4 3 2
128 54 51 89 123 38 39 50 233 243 254 234 43 264 36 3 4 4 34 32 9 14 4 33 12 41 55 69 36 38 65 177 2 5 2 3 1 2 7
50 70 275 44 173 65 46 36 50 43 75 26 5 1 1 1 1 25 44 3 17 29 4 8 20 91 193 45 124 119 247 2 2 2 3 9 2 2 3
307 50 56 45 87 153 63 161 33 115 30 99 3 90 2 9 129 56 9 3 29 4 1 46 144 29 75 33 163 64 241 137 85 2 7 4 3 2 8
228 113 55 54 70 53 106 41 30 91 103 42 83 52 112 93 64 48 67 7 3 5 1 142 143 69 77 55 3 6 34 123 139 3 9 4 7 1 1
39 165 323 47 138 34 222 69 133 42 41 16 123 20 41 62 100 32 29 29 7 6 5 201 42 186 1 2 4 105 29 116 218 8 9 3 5 1 1
2 74 43 88 74 194 92 4 35 145 85 73 80 17 135 24 83 15 18 5 24 15 23 11 5 17 13 7 6 158 64 2 1 6 4 2 3 3 5
107 141 147 40 152 252 142 214 122 92 18 35 20 58 15 145 44 15 7 25 5 30 35 8 22 20 6 9 14 15 5 34 8 1 7 1 7 4 1
6 80 237 54 72 35 36 10 108 102 65 134 82 35 41 83 112 16 29 5 11 4 10 34 34 5 19 34 4 4 4 10 3 2 3 2 2 2 4
4 68 34 309 46 121 7 9 29 20 143 34 142 30 54 23 18 59 30 14 11 27 10 9 16 4 4 5 8 9 8 7 6 3 3 2 2 7 6
5 65 240 79 8 2 1 5 41 19 58 82 31 53 28 141 78 54 30 88 68 72 24 6 24 22 26 5 8 21 22 4 2 3 3 8 6 3 2
3 56 57 3 9 1 66 136 29 25 33 56 56 106 16 72 24 30 26 4 8 4 8 15 17 12 15 6 15 20 4 3 7 2 8 8 3 4 3
1 3 52 144 50 27 99 23 72 19 94 27 29 43 58 28 98 5 3 2 5 9 5 11 6 5 8 35 9 15 10 23 19 7 8 20 33 12 5
2 3 10 2 24 90 19 146 21 31 18 85 39 26 115 53 112 83 7 8 12 5 6 4 21 24 25 35 16 32 6 8 18 10 27 4 7 14 10
