28
0000000000000000000000000000
0000000000000011111000000000
0000000111111111110000000000
0000000000000000000000000000
0000000000000000000000000000
0000000000000000000000000000
0000000000000000000000000000
0000000000000000000000000000
0000000000001111110000000000
0000000000000000000000000000
0000000000000000000000000000
0000000000000000000000000000
0000000000000000000000000000
0000000000000000000000000000
0000000000000000000000000000
0000000000000000111111111000
0000000000000000000000000000
0000000000000000000000000000
0000000000000000000000000000
0000000000000000000000000000
0000000000000000000000000000
0111111111100000000000000000
0000000000000000000000000000
0000000000000000000000000000
0000000000000000000000000000
0000000000000000000000000000
0000000000000000000000000000
000100000000000010000000100
000000000000000000000000100
000000000000000000000000000
000000000000000000000000000
000000000000000000000000000
000000000000000000000100000
000000000000000000000100000
000000000000000000000101000
000000000000000000000101000
000000000000000000000101000
000000000000000000010101000
000000000000000001010101000
000000000000000001010100000
000000000000000001010100000
000000000000000001010100000
000000000000000000010100000
000000000000000000010100010
000000000000000000010100010
000000000000000000010100010
000000000000000000010100010
000000000000000000010100010
000000000000000000010100010
000000000000000000010100000
000000000000000000010010000
000000000000000000000010000
000000000000000000000010000
000000000000000000000010000
000000000000000000000010000
425 116 95 123 551 129 185 162 111 142 717 203 512 147 96 4 10 10 1 5 4 2 2 1 7 3 2 3
466 194 411 793 530 382 218 158 618 112 613 152 765 429 4 2 2 8 1 2 8 2 3 1 2 1 3 3
211 99 103 801 242 89 313 85 505 181 635 303 600 461 500 100 95 2 6 2 3 1 5 2 5 3 1 2
542 341 555 3 86 112 455 171 287 4 2 8 3 7 9 6 5 4 5 3 2 9 3 5 6 9 6 1
106 126 459 286 588 5 326 88 766 5 7 2 2 2 9 1 4 4 1 2 2 4 2 8 7 4 5 4
91 418 147 159 229 3 2 98 238 2 5 8 1 1 2 10 3 4 2 5 2 1 3 2 1 2 6 2
211 266 92 649 596 423 541 872 116 1 7 6 5 8 2 3 4 6 1 2 1 8 2 4 2 7 7 5
91 96 183 164 783 119 90 5 4 2 3 1 5 1 4 1 4 4 2 3 6 1 1 5 1 1 7 9
147 317 377 166 90 409 216 1 10 1 2 2 2 2 8 4 8 7 2 9 2 1 2 8 2 8 8 3
151 487 220 110 109 476 399 698 102 2 4 6 4 4 6 2 9 2 7 1 1 2 2 2 3 2 1 7
397 111 176 485 262 441 73 6 317 8 2 2 4 1 3 4 6 6 7 2 1 4 5 2 8 6 2 3
317 105 608 138 82 366 550 2 5 3 5 5 2 2 7 3 2 5 14 34 2 2 6 1 1 10 3 8
277 184 6 1 120 255 125 451 608 1 5 9 1 5 8 12 3 12 6 22 1 4 3 3 1 2 1 2
283 35 10 609 116 62 83 71 254 2 7 10 3 4 1 19 34 53 23 12 1 1 4 1 4 1 2 3
3 24 33 27 287 595 481 161 304 7 3 10 40 10 18 23 7 7 53 49 2 5 9 2 9 5 1 3
4 284 79 9 17 7 430 143 99 254 2 4 2 10 38 28 45 52 6 40 5 1 7 4 2 3 3 2
19 42 37 55 46 5 10 227 120 6 4 67 1 11 50 9 28 43 3 2 249 139 2 1 4 3 2 4
58 8 17 27 24 47 6 10 9 7 107 149 154 36 39 146 2 10 3 7 86 80 9 7 5 4 10 6
16 28 13 24 57 10 18 20 2 5 67 145 41 107 222 56 47 14 27 6 209 106 3 1 1 6 3 1
43 19 73 26 23 76 12 9 5 8 2 57 144 129 42 187 66 64 378 4 418 58 1 10 6 3 1 2
42 16 21 29 52 11 24 7 1 149 3 135 56 367 232 78 86 59 39 45 94 122 7 3 6 2 3 6
65 53 29 47 30 61 2 9 1 279 59 121 44 65 239 171 341 191 198 188 196 165 2 6 320 126 3 1
3 3 2 105 682 634 127 453 538 430 166 345 1 1 335 89 15 338 74 158 319 69 181 122 132 414 57 5
11 14 10 143 4 678 100 104 431 220 337 94 7 75 86 48 45 77 68 43 146 103 101 177 393 65 3 6
8 197 236 200 664 293 392 438 107 458 138 107 14 19 60 2 26 125 151 211 166 153 93 358 141 5 3 2
258 267 433 242 102 361 340 163 387 580 317 200 472 70 55 16 120 51 93 75 98 45 182 111 3 2 2 1
484 155 163 173 207 210 189 160 76 83 392 152 737 96 20 104 19 20 191 243 76 86 241 2 10 10 2 9
2 3 2 358 293 680 313 343 430 376 609 52 83 17 17 39 35 18 4 58 47 120 437 5 6 3 6 7
