39
000000000000000000000000000000000000000
000000000000000000000000000000000000000
000000000001110000000000000000000000000
000000000000000000000000000000000000000
000000000000000000000000000000000000000
000000000000000000000000000000000000000
000000000000000000000000000000000000000
000000000000000000000000000000000000000
000000000000000000001111111110000000000
000000000000000000000000000000000000000
000000000000000000000000000000000000000
000000000000000000000000000000000000000
001111110000000000000000000000000000000
000000000000000000000000000000000000000
000000000000000000000000000000000000000
000000000000000000000000000000000000000
000000000000000000000000000000000000000
000000000000000000000000000000000000000
000000000000000000000000000000000000000
000000000000000000000000000000000000000
000000000000000000000000000000000000000
000000000011111111100000000000000000000
000000000000000000000000000000000000000
000000000000000000000000000000000000000
000000000000000000000000000000000000000
000000000111111111111111111111110000000
000000000000000000000000000000000000000
000000000000000000000000000000000000000
001111111111111111000111111111111000000
000000000000000000000000000000000000000
000001111111111110000000000000000000000
000000011111111111111111000000000000000
000000000000000000000000000000000000000
000000000000000000000000000000000000000
000000000000000000000000000000000000000
000000000000000000000000000000000000000
000000000000000000000000000000000000000
000000000000000000000000000000000000000
00100000000000000000001100000000000001
00100000001000000000001100010000000001
00110001001000010000001100010000010001
00110001001000010000101101010000010001
00110001001000010000101101010000010001
00010001001000010000101101010000010001
00010000001000010000100101010000010001
00010000001000010000100101010000010001
00010000001000010000100101010000010001
00010000001000010000100101010000000001
00010000001000010000100101010000000000
00010000001000010000100100010000000000
00010000001000010000100000010000000000
00010000001000010000100000010000000000
00010010001000010000100000010000000000
00010010001000010000100000010000000000
00010010011000000000100000010100000000
00010010011000000000110000010100000000
00000000010000000000110000010100000000
00100000010000000000110000000100000000
00100000010000000000010100000100000000
00100000010000000000010100000100000000
00100000010000000000000100000100000000
00100000000000000000000100000100000000
00100000000000000000000000000100000000
00100000000000000000000000000100000000
00000000000000000000000000000100000000
00000000000000000000000000000000000000
00000000000000000000000000000000000000
00000000000000000000000000000000000000
00000000000000000000000000000000000000
00000000000000000000000000000000000000
00000000000000000000000000000000000000
00001000000000000000000000000000000000
00001000000000000000000000000000000000
00001000000000000000000000000000000000
00001000000000000000000000000000000000
00000000000000000000000000000000000000
00000000000000000000000000000000000000
1 3 4 3 1 7 1 9 4 5 10 1 1 2 1 5 7 2 7 1 5 1 2 1 1 4 3 1 2 11 2 3 12 15 11 2 4 9 2
6 9 5 1 1 6 3 7 10 4 2 1 1 301 221 4 4 3 8 5 3 9 7 5 2 3 2 7 3 16 2 10 7 10 3 8 15 4 7
4 1 2 1 2 5 2 1 2 1 10 2 2 1 462 274 4 3 2 9 18 5 7 1 3 1 4 3 11 39 9 5 3 8 9 2 7 5 2
1 1 3 1 1 5 3 7 9 2 3 397 222 335 118 123 2 14 3 2 3 1 8 10 4 2 3 2 4 2 3 2 12 3 2 3 9 2 6
5 3 4 3 9 4 3 5 8 1 2 104 252 136 146 214 2 9 9 2 9 8 2 8 1 3 3 2 38 2 13 5 2 12 2 6 13 6 1
2 1 2 8 2 1 3 6 2 1 4 339 489 93 151 73 2 3 4 2 10 5 5 3 6 3 3 3 20 103 47 79 2 2 10 6 2 2 3
7 1 7 2 1 9 1 2 3 2 3 95 163 334 493 62 6 2 4 3 17 5 6 3 2 3 1 2 45 91 6 11 2 5 6 14 4 15 5
4 2 3 3 9 9 6 5 2 1 9 533 93 271 191 201 5 5 3 7 10 6 1 7 4 8 8 5 119 8 3 3 6 2 4 16 11 4 3
4 3 4 5 6 8 4 4 2 3 2 455 113 158 387 89 3 8 3 3 10 2 8 1 7 3 3 9 2 16 17 7 9 9 3 8 5 4 20
10 1 2 4 2 8 7 1 4 1 4 389 117 69 353 403 5 7 10 10 5 13 5 3 10 2 5 7 14 9 4 3 14 4 2 2 2 12 3
5 1 4 3 5 5 4 1 7 1 5 155 260 67 118 250 5 17 5 2 10 7 3 2 5 10 7 3 9 2 3 9 4 12 2 3 10 9 5
7 1 9 2 3 4 5 10 1 2 2 380 525 262 167 239 7 16 7 2 3 5 6 7 3 6 4 10 4 73 4 3 7 8 3 4 6 4 8
5 1 2 2 4 9 8 1 4 4 2 487 512 257 66 572 98 11 13 14 2 8 9 9 2 4 14 6 14 3 7 2 2 4 8 11 3 4 6
4 2 4 2 9 2 2 1 1 1 1 160 118 549 245 193 74 474 60 456 2 4 4 2 15 14 3 6 2 12 2 3 17 3 13 3 38 22 6
10 6 2 3 4 5 3 1 3 7 6 205 72 100 208 121 167 120 85 160 437 5 4 14 2 15 10 10 79 7 2 11 7 5 6 3 34 38 32
2 1 3 8 9 1 1 3 4 8 8 203 294 187 148 72 153 567 326 458 3 7 9 5 3 12 6 2 26 71 8 30 146 3 2 4 2 10 3
5 1 1 3 2 5 1 1 2 3 99 278 139 416 355 254 145 187 119 261 360 10 11 15 7 10 14 2 10 1 7 10 2 5 1 3 2 1 4
1 6 1 7 5 2 5 4 8 2 248 109 129 72 98 187 170 279 233 263 7 4 3 14 3 2 3 9 3 6 8 2 2 8 4 1 6 2 6
3 2 7 3 9 8 3 7 5 8 244 172 167 144 368 239 203 220 172 4 2 10 4 2 3 6 11 2 3 1 1 16 9 3 3 4 1 4 2
1 1 9 6 2 9 5 2 2 6 74 526 333 154 345 542 199 3 1 4 1 2 4 1 6 7 4 3 5 4 6 3 4 3 5 16 3 19 5
7 4 3 5 9 736 1 341 6 2 69 134 299 125 231 116 4 2 2 2 6 2 2 1 1 6 1 2 1 2 25 3 19 3 21 25 3 5 18
3 2 8 8 175 767 457 435 752 155 320 132 156 398 361 96 1 6 5 3 3 8 3 6 2 3 2 8 4 1 23 5 21 5 16 4 17 5 7
4 4 5 5 144 106 254 141 248 3 131 300 413 198 129 471 386 132 120 1 1 1 2 2 9 3 9 4 9 4 3 24 27 6 17 10 3 19 4
2 3 5 1 6 403 399 719 111 369 397 722 600 252 643 370 510 180 712 1 8 6 2 3 1 4 5 9 4 8 9 5 9 26 13 7 3 15 3
9 4 2 1 202 889 136 334 669 612 423 245 183 366 443 348 718 766 94 6 8 3 2 2 2 2 5 3 3 9 8 3 17 1 1 3 2 2 4
10 5 5 4 188 207 287 149 201 165 89 264 309 352 571 127 113 289 319 2 2 2 2 3 9 1 4 2 1 2 6 3 3 98 124 240 659 1 1
3 3 5 3 113 5 835 91 877 8 4 2 2 2 7 1 182 117 115 212 185 262 250 465 239 94 1 9 9 3 325 649 841 249 161 160 147 4 2
3 2 2 6 1 179 101 587 133 123 4 2 3 9 9 1 327 700 159 770 182 343 552 627 338 618 8 4 5 4 337 718 451 260 680 4 348 2 179
3 2 1 1 115 513 189 204 1 1 7 3 3 7 5 2 875 185 363 171 607 517 92 316 128 2 7 2 6 7 9 902 114 184 125 778 184 635 555
5 9 9 7 3 3 9 6 2 3 5 129 143 109 190 653 93 194 224 223 442 127 576 105 181 632 160 121 363 739 352 398 103 790 336 107 248 552 97
4 9 1 1 2 3 5 9 3 3 1 5 108 173 470 624 458 533 89 146 366 179 338 241 195 250 596 723 375 369 286 348 129 129 855 137 689 741 2
1 1 3 5 1 3 6 7 1 1 6 2 3 1 2 2 1 642 227 360 149 440 255 433 96 102 644 115 865 121 709 263 806 140 568 427 192 216 2
9 8 8 2 2 6 2 7 10 4 1 4 1 3 1 1 4 8 1 8 3 10 4 204 94 386 205 161 167 694 176 358 386 107 947 153 375 909 1
3 3 1 4 2 7 2 4 4 6 8 3 4 3 3 5 2 6 2 1 9 4 4 3 145 322 128 490 520 629 372 177 360 586 801 96 198 111 4
2 2 3 2 1 2 2 2 6 4 3 1 2 5 2 3 7 3 5 5 9 4 5 8 2 1 183 368 207 348 510 271 566 484 672 116 360 506 3
10 6 1 5 1 4 2 4 1 1 3 8 2 4 3 2 7 9 9 2 1 2 2 4 5 126 112 2 673 236 478 214 228 512 309 522 195 616 3
4 6 1 8 6 3 2 1 8 4 2 5 2 7 10 2 4 5 3 1 2 7 9 2 3 108 659 855 402 107 365 138 124 226 362 230 175 10 7
7 3 3 7 2 1 5 1 7 7 5 2 1 3 2 1 5 6 2 6 1 3 3 2 10 5 3 2 1 2 6 257 514 663 253 792 9 7 3
7 6 5 8 5 2 9 9 3 6 4 3 9 9 4 8 5 8 7 7 4 5 2 1 5 1 5 2 3 1 8 3 672 1 3 3 3 6 2
