26
11000000000000000000000000
00000000000000000000000111
00000000000000000000000000
00000000000000000000000000
00000000001111111100000000
00000000000000000000000000
00000000000000000000000000
00000000000000000000000000
00000111111000000000000000
00000000000000000000000000
00000000000000000000000000
00000000000000000000000000
00000000000000000000000000
00000000000000000000000000
00000000000000000000000000
00000000000000000000000000
00000000000000000000000000
11111100000000000000000000
00000000000000001110000000
00000000000000000000000000
00000000000000000000000111
11000000000000000000000000
00000000000000000000000000
00000000000000000000000000
00000000000000000000000000
0000001010000010001000000
0001000010000010001000000
0001000010000010001000000
0001000010000010001000000
0001000010000010000000000
0001000010000000000000000
0001000010000000000000000
0001000000000000010000000
0001000000000000010000000
0001000000000000010000000
0001000000000000000000000
0000000000000000000000100
0000000000000001000000100
0000000001000001000000100
0000000001000001000000100
0000000001000001000000100
0000000001000001000000100
0000000001000001000000100
0000000001000001000000100
0000000001000001000000100
0000000001100001000000100
0000000001100001000000100
0000000001100000000000100
0000000000100000000000100
0000000000000000000000100
0000000000000000000000000
1 1 2 2 183 305 237 398 726 3 1 8 1 6 8 2 7 4 2 7 5 12 13 2 13 2
6 8 2 1 418 210 259 155 295 1 3 7 1 5 3 4 3 7 2 11 4 4 3 2 10 9
2 8 7 2 232 223 379 213 367 2 9 5 1 2 7 9 2 3 2 2 9 3 11 9 8 4
2 9 7 4 3 112 108 135 444 72 9 6 3 7 6 1 2 5 6 2 2 12 2 4 2 5
7 10 9 1 241 358 214 100 649 59 7 2 4 4 2 3 2 4 7 7 2 12 12 3 5 7
4 3 6 4 136 90 200 194 43 217 140 42 108 85 345 1 2 7 5 4 2 3 3 4 148 2
6 2 2 1 108 80 48 88 199 168 308 164 304 67 308 41 2 3 1 10 9 1 6 6 111 150
7 6 7 5 88 56 164 72 192 165 206 130 60 109 59 92 2 8 1 2 4 4 103 182 301 3
3 5 5 3 39 78 286 259 305 44 65 52 341 42 244 42 12 1 2 1 2 398 239 123 525 2
3 2 1 4 236 3 10 2 5 3 3 329 67 162 104 40 6 2 5 9 9 9 104 93 214 667
9 6 1 10 244 6 34 3 16 3 85 81 238 337 185 24 464 21 5 1 3 755 748 296 673 800
8 2 74 15 102 13 93 71 49 2 9 10 27 5 4 7 203 211 119 90 3 664 212 294 734 479
11 93 61 50 34 37 12 43 76 8 7 4 3 7 18 6 329 53 128 105 109 108 79 239 107 537
8 1 65 75 11 14 10 66 66 69 4 23 3 5 6 10 51 295 181 52 234 425 101 147 394 485
4 2 1 29 23 96 29 97 61 30 14 23 14 8 18 3 452 370 139 84 88 126 102 555 148 218
1 10 2 54 17 27 17 63 35 11 6 11 7 4 3 7 55 260 50 225 60 272 3 470 622 412
2 2 3 30 17 39 62 49 17 32 1 5 5 10 11 24 199 147 272 311 67 115 1 615 407 675
4 2 6 3 11 35 30 7 4 12 3 1 5 6 4 11 151 57 52 328 191 389 3 241 134 395
2 2 2 2 8 2 27 23 5 18 3 2 3 8 7 3 192 377 217 75 64 6 6 326 102 102
3 3 9 16 27 4 33 18 8 16 4 2 4 3 3 20 4 4 9 3 145 2 5 526 488 347
8 8 2 3 2 1 5 4 9 35 4 3 6 4 1 5 2 3 3 7 10 7 1 377 370 184
2 2 1 6 3 2 2 11 30 5 1 2 6 25 2 1 2 2 3 3 6 3 2 2 3 9
6 2 2 5 3 3 4 5 11 1 3 7 1 1 11 9 2 2 2 8 3 9 4 3 6 9
7 4 2 2 8 9 1 1 3 2 2 2 1 3 5 3 9 6 1 11 3 1 5 2 2 1
9 2 5 2 5 2 3 1 6 9 6 4 8 2 2 3 9 5 6 10 2 6 7 1 5 1
4 6 5 3 4 4 1 8 5 3 7 6 9 4 7 2 9 4 2 1 1 3 5 8 1 2
