32
00000000000000000000000000000000
00000000000000000000000000000000
00000000000000000000000000000000
00000000000000000000000000000000
00000000000000000000000000000000
00000000000000000000000000000000
00000000000000000000000000000000
00000000000000000000000000000000
00000000000000000000000000000000
00000000000000000000000000000000
00000000000000000000000000000000
00000000000000000000000000000000
00000000000000000000000000000000
00000000000000000000000000000000
00000000000000000000000000000000
00000000000000000000000000011111
00000000000000000000000000000000
00000000000000000000000000000000
00000000000000000000000000000000
00000000000000000000000000000000
00000000000000000000000000000000
00000000000000000000000000000000
00000000000000000000000000000000
00000000000000000000000000000000
00000000000000000000000000000000
00000000000000000000000000000000
00000000000000000000000000000000
00000000000000000000000000000000
00000000000000000000000000000000
00000000000000000000000000000000
00000000000000000000001111111110
0000000000000000000000000000000
0000000000000000000000000000000
0000000000000000000000000000000
0000000000000000000000000000000
0000000000000000000000000000000
0000000000000000000000000000000
0000000000000000000000000000000
0000000000000000000000000000000
0000000000000000000000000000000
0000000000000000000000000000000
0000000000000000000000000000000
0000000000000000000000000000000
0000000000000000000000000000000
0000000000000000000000000000000
0000000000000000000000000000000
0000000000000000000000000000000
0000000000000000000000000000000
0000000000000000000000000000000
0000000000000000000000000000000
0000001000000000000000000000000
0000001000000000000000000000000
0000001000000000000000000000000
0000001000000000000000000000000
0000000000000000000000000000000
0000000000000000000000000000000
0000000000000000000000000000000
0000000000000000000000000000000
0000000000000000000000000000000
0000000000000000000000000000000
0000000000000000000000000000000
0000000000000000000000000000000
0000000000000000000000000000000
3 7 45 16 30 55 10 17 11 14 10 29 22 23 55 22 13 9 15 8 2 2 1 4 3 2 6 3 1 1 3 8
2 12 15 9 9 12 19 87 67 23 14 22 13 66 10 63 79 33 36 1 3 6 3 3 5 4 2 7 4 6 6 3
14 3 8 16 73 45 12 11 10 36 10 43 13 12 15 10 37 8 5 8 2 5 6 1 2 2 7 5 8 9 3 1
3 2 25 11 64 12 10 42 15 48 17 38 56 77 14 62 12 13 4 2 12 15 2 1 2 2 3 2 1 1 6 3
6 2 9 13 41 32 20 34 14 80 52 22 35 41 23 15 66 12 3 7 3 17 4 2 1 2 3 4 10 2 4 3
16 73 38 48 29 18 14 12 14 34 10 26 15 13 21 37 9 10 81 8 9 7 4 1 7 9 10 1 6 1 6 7
30 18 39 23 39 14 10 27 22 31 18 56 62 22 15 75 37 40 11 4 6 15 2 2 6 2 3 4 4 7 1 1
91 90 69 89 86 90 17 41 12 43 12 11 30 10 15 56 12 19 79 17 55 13 5 6 8 2 2 2 2 2 1 5
25 12 32 78 18 9 12 62 25 71 39 86 27 24 14 15 40 19 48 43 7 9 12 2 2 2 8 1 10 3 2 3
39 38 13 12 20 12 73 30 81 16 69 81 42 55 46 88 17 29 39 21 14 3 3 14 3 8 3 2 2 6 8 6
33 19 35 13 86 29 16 21 51 12 10 12 70 87 89 13 35 66 38 68 24 10 11 12 15 8 6 2 5 9 2 4
23 11 21 12 10 12 48 15 38 36 50 65 10 19 42 26 11 19 22 79 14 3 5 8 2 6 16 2 2 5 2 5
12 76 76 27 12 33 15 22 65 71 26 83 35 27 34 12 36 35 32 36 47 46 5 4 5 12 3 6 3 2 1 3
30 10 13 30 21 13 58 17 55 17 11 17 15 11 22 48 42 79 15 22 52 36 4 5 4 5 12 2 5 2 2 2
17 15 47 11 64 40 33 12 83 24 16 26 46 18 82 46 43 17 89 2 4 3 13 5 6 5 16 13 4 2 6 2
11 8 15 15 13 11 25 53 16 78 11 16 10 13 55 17 15 38 11 12 10 7 3 7 6 6 8 2 1 2 10 10
6 6 14 52 12 37 37 58 33 24 13 17 18 19 91 19 18 26 7 6 3 2 4 10 3 13 8 4 6 2 2 4
6 6 11 2 6 55 41 14 49 3 2 6 3 9 5 54 55 48 4 5 2 4 5 4 5 2 1 1 9 2 2 2
2 2 5 80 13 25 61 48 9 9 4 1 4 5 15 10 7 13 7 2 6 10 2 1 8 2 6 6 2 5 7 6
5 1 1 21 34 17 2 18 21 2 9 7 5 3 2 3 1 3 5 4 2 10 5 2 8 2 7 4 9 2 7 1
3 2 2 2 8 3 7 8 2 3 2 6 7 7 5 3 3 10 2 9 2 3 1 1 2 2 2 6 5 2 3 1
8 9 6 2 1 1 5 2 1 8 1 7 2 8 6 2 3 2 3 1 3 4 2 2 5 4 3 3 3 2 1 3
3 3 2 1 1 2 1 7 10 2 2 5 2 5 6 3 2 2 3 5 3 2 3 6 2 9 4 4 6 2 1 8
1 4 2 1 1 3 1 2 1 3 2 1 7 2 2 2 1 3 2 6 3 10 7 4 2 9 2 1 7 5 2 3
6 1 1 2 2 2 3 1 6 3 1 1 1 1 8 3 1 10 5 9 2 8 2 2 9 3 6 3 5 5 2 6
4 1 1 2 1 2 4 7 6 2 2 2 2 6 4 4 1 9 2 6 5 8 3 2 4 1 6 1 4 8 1 1
5 1 4 9 2 2 4 3 3 7 7 2 2 9 2 1 6 4 3 2 4 2 6 3 1 1 4 6 3 6 1 1
2 5 1 5 2 1 7 3 1 1 1 4 3 5 4 1 4 3 1 2 3 7 5 2 4 1 1 6 4 1 2 2
1 3 6 3 1 2 2 3 10 3 7 2 1 5 3 2 1 1 3 5 1 1 2 1 4 4 5 1 4 3 1 5
1 4 2 1 4 2 6 1 2 4 2 2 5 2 3 5 1 2 2 1 2 2 2 2 1 8 9 2 2 3 5 4
8 1 2 2 4 6 6 4 8 4 2 2 8 4 4 1 1 4 2 4 8 2 1 3 5 1 1 9 3 5 2 1
1 3 9 3 3 3 4 5 5 4 1 2 8 8 6 3 8 2 4 6 8 3 10 8 4 10 7 1 4 4 3 9
