20
00000000000000000000
01111111111000000000
11111100000000000000
11111111000000000000
00000000000000000000
00000000001111110000
00000000000000000000
00000000000000000000
00000000000000000000
00000000000000000000
00000000000000000000
00000000000000001111
00000000000000000000
11111110000000000000
00000000000000000000
00000000000000000000
00000000000000000000
00000000000000000000
11110000000011111110
0000000100000000000
0000000100000000000
0000000000000000000
0000000000000000000
0000000000000000000
0000000000000000000
0000000000000000000
0000000000000001000
0000000000000001000
0000000100000001000
0000000100000001000
0000000100000001010
0000000100000001010
0010000100000001010
0010000000000000010
0010000000000000000
0000000000000000000
0000000000000000000
0000000000000000000
0000000000000000000
6 2 2 2 5 6 2 6 183 48 94 93 273 98 352 59 127 46 134 54
2 4 1 10 10 10 4 9 242 251 80 277 237 71 200 37 87 152 237 49
1 3 7 1 2 2 3 9 111 83 87 186 124 74 42 171 111 78 48 251
5 6 6 7 3 3 3 1 92 44 89 39 88 78 56 234 61 46 279 355
3 4 1 8 4 3 56 50 233 235 144 164 43 76 61 42 95 161 46 341
9 1 9 1 2 4 2 1 2 52 59 125 335 140 42 51 219 48 43 289
2 7 2 2 4 7 4 3 39 139 258 2 92 59 69 80 65 216 95 56
1 1 2 2 2 7 2 6 1 208 3 58 256 152 86 62 54 62 51 40
6 2 1 10 2 2 7 1 7 342 237 95 108 60 72 9 192 47 88 3
2 9 6 5 2 2 1 5 8 2 69 130 490 194 92 6 189 72 171 4
4 2 1 1 1 3 2 4 3 5 126 247 90 167 3 3 2 98 7 6
4 5 4 3 1 6 3 3 3 7 4 2 1 215 1 1 5 2 1 6
6 1 8 3 4 3 3 7 6 8 2 9 7 1 7 1 7 6 1 3
1 3 9 5 7 6 11 10 5 3 2 6 2 6 1 2 3 4 4 3
1 10 4 11 2 3 6 11 6 8 1 6 9 5 2 11 2 5 5 8
7 3 5 2 8 4 4 2 5 6 2 2 3 11 11 3 3 1 7 1
2 7 2 5 3 3 1 2 3 3 4 11 8 4 6 2 4 2 9 1
9 3 6 8 5 6 1 3 2 4 2 9 10 2 2 4 3 1 4 6
4 3 2 2 2 1 2 2 3 1 8 5 2 1 8 9 2 2 4 1
4 6 3 5 4 3 6 9 3 3 2 2 6 4 4 7 6 4 2 2
