28
0000000000000000000000000000
0000000000000000000000000000
1111100000000000000000000000
0000000000000000000000000000
0000000000000000001111111111
0000000000111111111110000000
0000000000000000111111111110
0000000000000000000000000000
0000000000000000000000000000
0000001111111111111000000000
0000000000000000000000000000
1111111111111111111111000000
0000000000000000000000000000
0000000000000000000000000000
0001111000000000000000000000
0000000000000000000001111111
0000000000000000000000000000
0000000000000000000000000000
0000000000000000000000000000
0000000000000000000000000111
0000000000000000000000000000
0000000000000000000000000000
0000000000000001111111000000
0000000000000000000000000000
0000000000000000000000000000
0000000000000011111000000000
0000000001111111111111000000
000000011010001000000010000
000000001010001000000010000
000000001000000000000010000
000000000000000000100010000
000000000000000000100000000
000000000000000000100000000
000000000000000000100000000
000000000000000000000000000
000000000000000000000000000
000000000000001000000000000
000000000000001000000000000
001000000000101000000000000
001000000000101000000000000
001000000000100001000000000
001000000000100001000000000
001000010000100001000000000
000000010000100001000000000
000000010000100000000000000
000000010000100000000000000
000000010000100000000000000
000000010000100000000000000
000000010000100000000000000
000000010000000000000000000
000000010000000000000000000
000000110000000000000000000
000000110000000000000000000
000000110000000000000000000
000000010000000000000000000
2 3 1 2 4 9 8 2 4 3 2 1 2 3 2 42 229 79 219 4 66 17 137 15 4 11 14 26
8 2 5 2 2 2 3 1 5 6 6 9 7 1 2 42 172 86 71 13 25 4 24 8 4 9 14 12
2 3 9 6 2 14 2 29 7 4 2 87 3 181 39 104 194 297 39 6 3 9 3 4 7 3 17 3
3 6 2 8 6 11 17 15 2 12 4 84 59 37 109 210 239 72 54 3 4 8 3 7 13 3 13 17
1 9 4 2 36 10 10 9 35 12 6 156 127 141 111 108 138 223 64 5 147 3 21 14 8 8 20 9
9 1 3 5 22 20 6 6 37 5 9 27 35 5 91 6 10 68 31 2 4 2 9 3 4 2 1 4
10 1 3 3 8 24 6 37 23 5 11 22 11 6 25 39 56 7 6 3 3 3 2 1 3 8 5 1
5 7 3 9 9 6 11 6 18 10 14 9 14 40 28 55 8 23 198 261 292 107 7 2 2 7 7 4
1 3 5 6 30 12 10 7 8 8 11 16 31 11 18 66 12 176 479 333 261 136 259 87 205 57 3 6
2 2 8 2 6 15 7 9 18 16 9 61 12 8 25 9 61 230 370 420 144 141 423 73 1 154 112 160
1 2 5 3 4 10 1 3 5 2 6 4 2 1 7 335 515 231 58 156 210 122 253 343 291 253 253 350
1 4 2 2 5 1 3 1 6 8 5 2 4 2 1 284 109 378 223 183 288 163 108 61 82 182 132 156
10 34 36 6 8 6 1 3 3 2 7 2 2 2 3 1 2 3 5 2 139 168 136 62 341 184 323 84
36 49 47 2 2 5 2 9 5 8 8 2 1 4 3 2 2 3 7 7 151 242 91 555 310 271 95 71
62 65 27 4 3 2 3 4 6 2 1 6 5 6 5 8 8 2 4 2 1 218 58 105 74 388 58 513
51 16 25 21 27 8 3 6 1 7 1 6 5 4 2 3 33 47 4 2 10 2 76 65 68 144 76 108
20 34 19 27 43 2 1 6 4 2 2 5 3 2 2 8 9 34 2 1 31 8 21 18 17 10 8 21
17 13 58 40 2 9 1 7 4 8 5 1 7 2 2 3 56 16 9 29 13 24 16 7 8 13 39 3
8 10 55 26 14 9 2 2 9 5 2 4 7 5 1 1 8 40 47 7 11 35 34 13 27 10 9 2
16 46 39 69 15 3 2 4 6 1 6 2 10 3 2 1 50 8 10 8 31 13 26 25 5 18 11 9
2 13 1 62 69 9 34 12 1 1 2 1 7 1 3 7 8 8 19 16 35 12 7 40 34 6 18 10
3 6 4 69 23 57 92 35 1 8 3 6 4 6 3 4 5 41 8 5 16 19 30 45 20 11 2 2
4 2 10 100 9 34 15 19 4 5 2 4 1 2 2 1 7 57 18 12 69 39 8 14 12 20 47 7
20 49 41 25 96 98 118 77 4 1 5 1 7 2 1 5 5 4 7 1 47 21 41 11 7 7 15 3
25 45 28 34 21 19 67 94 2 2 1 1 4 7 5 3 3 3 1 2 29 10 26 51 27 15 26 3
7 79 37 34 86 24 79 45 1 5 9 1 4 5 2 4 1 7 3 4 27 12 18 59 11 8 1 2
7 2 7 69 81 60 76 2 1 2 2 6 8 2 1 10 2 9 9 2 34 50 9 8 26 52 29 2
1 4 1 63 16 113 2 2 8 5 3 8 3 8 5 7 1 4 9 6 1 54 60 20 19 18 15 1
