30
111000000000000000000000000000
000000000000000000000000000000
000000000000000000000000000000
000000000000000000000000000000
000000000000000000000000000011
000000000000000000000000001111
000000000000000000000000000000
000000000000000000000000000000
111110000000000000000000000000
000000000000000000000000000000
000000000000000000000000000000
000000011111111111111000000000
000000000000000000000000000000
000000000000000000000000000000
000000000000000000000000000000
000000000000000000000000000000
000000000000000000000000000000
000000000000000000000000000000
000000000000000000000000000000
000000000000000000000000000000
000000000000000000000000000000
000000000000000000000000000000
000000000000000000000000000000
000111111111111110000000000000
000000000000000000000000000000
000000000011111110000000000000
000000000000000000000000000000
000000000000000000000000000000
000000000000000000000000000000
00000001100000000000000000000
00000001100000000000000000000
00000001000000000000000000100
00000001000000000000000000100
00000001000000000000000000100
00001001000000000000000000100
00001001000000000000000000100
00001000000000000000000000100
00001000000000000000000000100
00001000000000000000000000100
00001000000000000000000000100
00001000000000000000000000100
00001001000000000000000000100
00001001000000000000000000000
00000001000000000000000000000
00000001000000000000000000000
00000001000000000000000000000
00000001000000000000000000000
00000001000000000000010000000
00000001000000000000010000000
00000001000000000001010000000
00000001000000000001010000000
00000001000000000001010000000
00000001000000000001000000100
00000001000000000001000000100
00000001000000000001000000100
00000001000000000001000000000
00000000000000000001000000000
00000000000000000000000000000
00000000000000000000000000000
6 1 3 2 1 3 4 10 6 1 9 3 2 2 1 3 2 9 1 1 5 7 3 5 2 4 2 6 3 2
3 2 7 3 8 3 8 5 3 9 7 1 6 3 6 4 6 6 2 2 2 6 5 1 1 4 7 6 1 8
3 6 8 2 1 2 4 2 7 5 6 3 3 1 5 6 2 3 8 5 7 3 4 1 2 2 1 7 1 2
2 2 2 9 5 4 6 2 2 2 1 6 30 4 1 2 7 7 7 2 4 2 2 1 2 4 5 8 5 8
3 3 2 9 4 3 2 1 6 5 5 1 38 7 2 1 1 8 3 1 3 4 2 11 5 2 4 2 2 2
9 9 1 1 5 6 3 2 7 5 3 1 33 43 8 12 1 2 2 1 11 1 2 1 2 2 2 1 10 2
2 2 3 6 4 1 1 5 2 6 2 32 25 48 18 40 8 9 3 2 2 6 5 1 5 8 3 5 9 2
2 3 8 2 1 1 4 5 1 1 16 47 40 40 10 26 3 5 3 9 3 2 2 3 1 2 4 4 7 3
4 2 3 8 9 2 3 2 7 2 14 20 7 8 49 11 1 2 10 3 6 2 1 8 7 7 9 1 1 3
641 349 179 413 145 6 9 6 9 2 7 1 24 20 17 60 13 11 8 3 10 2 2 2 6 2 5 8 5 1
378 387 469 685 667 4 4 2 5 1 4 3 22 19 19 11 41 17 4 7 2 1 2 5 4 1 3 3 8 8
248 113 489 768 843 6 7 8 9 3 10 9 2 25 41 45 4 6 2 7 2 3 2 5 5 6 2 5 1 2
518 740 660 110 164 8 2 3 3 1 1 3 1 8 5 7 3 5 4 4 7 5 2 3 5 2 5 2 1 2
175 528 140 682 813 5 5 2 4 4 1 5 7 4 5 4 7 7 4 1 4 1 2 9 2 6 5 3 2 6
210 172 110 209 224 5 2 1 6 1 1 1 2 4 2 2 2 1 2 1 8 1 6 4 5 6 8 3 1 5
2 3 2 528 129 1 1 5 5 7 5 8 3 2 3 8 2 2 4 2 4 9 3 3 2 6 1 2 3 4
4 269 253 426 128 8 1 2 2 9 2 4 2 1 1 1 5 1 5 1 3 2 7 4 7 10 2 3 4 1
1 2 5 140 365 1 2 3 2 6 2 5 10 8 9 1 8 4 5 1 3 2 5 3 6 1 1 2 7 1
6 3 7 4 204 888 9 10 1 2 1 4 7 4 2 3 6 5 3 2 5 8 3 2 1 4 7 7 2 2
1 6 2 4 1 9 10 4 2 2 1 3 2 6 3 6 3 6 6 9 10 1 3 46 31 107 2 5 1 5
8 4 9 1 1 2 2 3 9 5 3 4 2 5 2 3 4 4 2 4 3 2 2 3 2 41 196 5 103 2
2 4 2 4 6 2 2 4 7 1 2 2 6 2 4 2 3 2 2 4 2 3 2 1 26 64 240 163 97 2
1 3 2 1 5 3 3 6 4 1 7 9 3 9 9 1 3 1 1 6 3 1 25 156 206 94 232 139 5 2
1 1 1 1 1 8 3 5 4 3 3 5 5 4 2 3 10 6 2 6 1 58 103 158 61 140 27 8 1 8
1 2 1 2 4 7 1 4 2 2 1 3 2 4 8 2 6 7 2 1 1 4 69 112 31 176 27 5 1 9
5 7 5 3 2 4 3 2 5 1 3 7 5 1 9 3 4 5 5 2 5 5 2 229 118 64 101 1 7 7
6 3 5 2 4 3 2 1 8 9 9 2 6 5 1 6 1 6 2 7 1 2 6 162 25 49 62 2 2 1
2 2 2 3 4 4 6 4 2 2 4 9 1 2 1 1 4 3 3 8 2 5 1 3 2 9 1 2 1 3
2 6 4 7 2 9 3 4 3 2 5 9 2 6 7 5 5 6 1 1 9 2 2 1 3 2 5 10 4 1
5 1 8 5 5 5 2 1 3 5 2 1 1 2 2 6 8 1 7 1 3 1 3 9 2 9 6 4 3 9
