33
000000000000000000000000000000000
000000000000000000000000000000000
000000000000000000000000000000000
000000000000000000000000000000000
000000000000000000000000000000000
000000000000111100000000000000000
000000000000000000000000000000000
000000000000000000000000000000000
000000000000000000000000000000000
000000000000000000000000000000000
000000000000000000000000000000000
000000000000000000000000000000000
000000000000000000000000000000000
000000000000000000000000000000000
000000000000000000000000000000000
111111111111000000000000000000000
000000000000000000000000000000000
011111100000111000000000000000000
000000000000000000000000000000000
000000000000000000000000000000000
000000000000000000000000000000000
000000000000000000000000000000000
000000000000000000000000000000111
000000000000000000000000000000000
000000000000000000000000000000000
110000000000000000000000000000000
000000000000000000000000000000000
000000000000000000000000000000000
000000000000000000000000000000000
000000000000000000000000000000000
000000000000000000000000000000000
000000000000000000000000000000000
00000100000000000000000000000000
00000100000000000010000000000000
00000100000000000010000000000000
00000100000000000010000000000000
00000000000000010000000010000000
00000000000000010000000010000000
00000000000000010000000010000000
00000000000000010000000010000000
00000000000000010000000010000000
00000000000000010000000010000000
00000000000000000000000010000000
00000000000000000000000010001000
00000000000000000000000010001000
00000000000000000000000010001000
00000000000000000000000010001000
00000000000000000000000010001000
00000000000000000000000010001000
00000000000000000000000000001000
00000000000000000000000000001000
00000000000000000000000000000000
00000000000000000000000000000000
00000000000000000000000000000000
00000000000000000000000000000000
00000000000000000000000000000000
00000000000000000000000000000000
00000000000000000000000000000000
00000000000000000000000000000000
00000000000000000000000000000000
00000000000000000000000000000000
00000000000000000000000000000000
00000000000000000000000000000000
00000000000000000000000000000000
00000000000000000000000000000000
6 2 25 7 9 9 3 8 7 1 4 4 1 4 2 2 3 2 3 2 10 2 8 1 4 2 2 1 1 7 6 4 1
2 16 46 17 22 5 10 2 7 4 1 5 8 9 2 5 1 3 7 6 8 1 1 1 51 25 160 8 6 3 6 3 10
4 2 6 10 1 1 7 2 10 3 3 3 8 2 4 2 3 1 1 9 3 2 2 1 5 68 80 1 5 2 1 4 4
4 19 13 47 7 48 9 9 2 6 4 4 2 7 2 1 3 9 5 3 8 3 2 2 219 184 153 41 4 1 29 8 1
6 35 21 14 8 6 26 6 5 2 4 2 2 6 2 3 6 5 3 9 2 7 3 50 25 146 167 84 67 54 57 217 1
18 26 43 7 43 38 52 30 22 3 7 3 3 5 3 1 6 1 3 4 7 1 1 10 4 109 183 111 151 21 72 127 2
15 24 22 16 29 28 8 9 17 2 3 2 4 4 4 2 1 4 140 157 2 4 1 2 4 192 90 38 25 52 90 47 44
14 9 25 22 44 41 12 37 49 21 7 6 1 3 9 2 4 8 234 423 104 323 491 9 2 109 117 46 34 24 24 21 31
3 2 12 26 8 3 10 7 9 2 2 8 1 3 4 3 9 548 252 562 380 469 189 683 2 97 215 171 38 75 169 22 9
2 2 6 4 8 12 10 3 7 1 2 2 3 17 7 3 1 374 223 532 131 600 102 97 3 41 79 123 28 157 73 43 6
2 3 4 3 9 3 2 5 1 4 3 2 5 2 5 17 336 100 457 287 105 264 342 93 1 135 206 96 28 83 138 72 4
2 3 3 2 2 7 2 2 1 3 3 6 2 4 12 5 3 10 88 306 406 522 362 9 2 5 80 147 67 21 19 20 161
1 4 4 4 5 4 5 1 7 2 9 9 2 3 22 14 19 20 18 8 71 2 2 4 2 2 2 4 1 28 17 47 2
1 6 9 5 7 2 1 1 4 4 9 1 4 21 6 3 4 20 6 15 6 3 1 2 5 7 6 3 1 7 27 8 1
8 1 5 5 4 5 7 6 7 1 2 9 3 3 8 22 3 6 4 4 12 2 6 9 6 2 4 7 4 5 6 2 2
2 3 3 3 1 8 9 3 4 2 5 8 3 12 9 12 18 15 12 5 6 7 1 1 531 62 1 7 9 8 1 7 1
23 25 83 97 16 3 4 14 2 16 5 2 3 20 9 18 3 5 7 3 13 450 200 413 111 158 82 2 8 5 8 4 6
112 89 64 85 25 28 7 6 15 5 16 3 23 12 13 24 9 3 7 313 76 477 174 152 70 224 188 1 2 7 1 6 4
46 24 92 15 18 2 1 3 11 4 5 216 333 256 231 258 6 20 3 1 59 359 450 487 446 332 61 196 61 1 1 1 1
14 25 37 20 25 28 4 2 8 8 6 220 110 168 324 53 13 33 31 42 106 67 194 266 265 99 83 120 137 321 166 8 9
86 78 33 76 97 21 2 3 2 4 97 61 85 106 69 39 133 224 72 39 191 149 530 367 411 323 96 49 43 83 65 60 3
121 114 20 30 107 4 1 6 2 3 3 100 121 69 226 304 8 257 37 35 56 50 301 136 241 130 424 54 34 41 76 3 7
70 26 16 41 1 2 5 2 1 1 321 103 329 40 102 122 6 3 68 89 209 232 110 575 171 263 132 49 41 135 103 9 1
21 18 87 82 97 58 62 2 1 3 2 50 95 84 253 2 2 4 51 30 151 197 118 224 124 52 106 53 134 116 3 1 1
23 37 70 7 23 1 3 9 1 3 5 44 240 198 6 3 7 1 4 75 51 223 40 89 247 64 277 170 245 38 4 8 2
27 16 24 3 5 3 2 10 6 5 2 168 85 324 10 2 5 3 2 198 283 233 312 52 200 9 2 106 181 9 1 7 17
12 36 24 1 5 4 1 1 2 3 6 8 4 4 10 2 8 2 2 4 186 189 46 3 7 7 2 1 2 4 9 4 8
14 12 110 53 115 20 7 2 7 6 4 9 8 2 2 8 1 3 4 7 59 76 2 10 2 4 2 2 3 3 33 12 4
14 25 26 32 12 14 3 4 3 4 7 2 2 1 4 10 2 8 7 279 40 35 1 1 1 5 5 1 3 15 13 12 22
103 26 13 71 19 2 3 3 6 3 1 4 4 3 5 3 4 9 6 4 6 4 1 2 5 2 1 2 22 10 37 8 17
18 33 21 1 62 4 8 9 1 6 2 3 2 2 5 2 5 4 3 3 2 2 5 4 9 10 15 1 4 11 17 19 26
19 37 8 6 3 4 3 1 2 2 7 7 8 2 3 6 4 9 1 3 3 6 7 3 4 36 33 23 23 31 15 31 35
46 95 15 2 7 10 4 1 3 3 7 1 3 6 1 4 5 1 7 2 4 2 5 6 8 9 21 3 18 21 30 16 15
