25
0000000001111111100000000
1111111000000000011110000
0000000011111100000000001
0000000000000000000000000
1111111100000000000000000
0000000000000000000000000
0000000000000000000000000
1111111110000000000000000
0000000000000000000000000
0000000000111111100000000
0000000000000000000000000
0000000000000111111111111
1100001111111111110000000
0000000000000000000000000
0001111000000000000000000
0000000000000000000000000
0000000000000000000000000
0000000000000001111100000
0000000000000000000000000
0000000000000000000000000
0000000000000000000000000
0000000000000000000000000
0000000000000000000000000
1110000000000000000000000
000000000000000000000000
000000000000000010000000
000000000000000010000001
000000000000000010000001
000000000000000010000001
000000000000000000000001
000000000000000000000001
000000000100000000000001
000000000100000000000001
000000010100000000000001
000000011100000000000000
001000011100100000000000
001000011100100000000000
001000010100100000000000
001000010100100000000000
001000010100100000000000
001000010100100000000000
001000000000100000000000
001000000000100000000000
001000000000100000000000
001000000000100000000000
001000000000100000000000
000000000000000000000000
000000000000000000000000
000000000000000000000000
8 17 4 10 17 6 11 2 2 8 6 5 4 9 7 1 2 8 14 14 8 9 14 7 5
12 5 9 5 3 21 9 4 3 4 4 8 5 4 16 7 9 8 3 9 3 5 11 5 3
2 6 14 9 2 2 2 20 5 4 6 18 10 9 2 7 11 11 18 6 6 14 2 2 3
11 14 18 7 13 9 4 10 7 5 8 3 12 9 3 3 12 3 3 8 4 10 3 7 2
3 3 4 6 5 9 3 2 6 11 17 3 15 10 10 13 4 10 2 3 12 14 6 2 8
11 10 9 18 6 3 7 9 17 2 3 2 9 4 8 7 12 17 6 19 8 14 2 12 1
10 17 9 3 16 8 11 5 9 6 13 5 3 9 3 9 3 14 2 5 4 4 6 6 3
11 3 9 6 2 9 14 5 4 2 9 3 10 9 14 9 3 4 2 15 15 4 4 5 7
4 13 13 4 5 4 19 3 15 10 13 4 4 13 18 3 7 17 3 20 2 4 20 3 7
8 6 6 13 2 11 3 11 9 6 3 7 3 18 5 6 6 5 4 3 2 4 5 5 2
6 13 5 3 4 9 4 6 3 2 2 9 3 3 3 8 2 2 3 13 17 4 5 3 1
3 2 6 3 5 8 9 11 5 6 3 2 12 2 3 6 17 2 8 4 7 4 15 4 7
18 4 8 11 4 16 8 3 16 5 2 2 4 6 7 1 5 2 4 5 2 3 3 3 3
3 5 13 4 5 11 8 15 5 2 2 6 8 2 5 4 4 5 10 3 3 5 1 1 7
3 5 9 7 14 3 3 5 6 3 9 9 3 6 2 5 8 4 2 4 1 2 3 1 5
3 5 8 8 6 7 11 3 10 1 3 4 3 3 3 2 1 6 4 5 2 8 5 1 4
17 4 6 3 2 13 3 3 6 1 8 1 1 6 3 10 1 8 3 5 4 4 6 1 7
19 11 15 1 8 15 4 9 15 10 9 3 1 8 2 1 2 2 3 9 2 1 9 7 2
2 8 2 5 3 3 2 14 19 4 2 2 9 4 4 3 2 6 2 7 2 4 2 4 3
3 4 4 10 3 6 7 6 2 4 5 4 4 6 2 5 2 9 5 5 2 2 2 4 10
7 2 6 17 4 20 11 9 2 3 7 4 4 3 1 3 9 3 7 1 8 2 2 5 2
7 2 4 6 1 5 3 8 1 1 6 4 3 5 8 9 7 3 9 10 2 7 2 5 4
3 9 1 2 2 3 1 6 1 2 1 5 8 5 3 7 3 4 7 2 2 1 9 2 4
2 5 5 4 1 3 10 2 6 2 6 3 1 3 5 3 7 2 10 3 6 2 1 1 6
3 4 3 7 8 2 5 8 1 5 8 4 2 10 1 6 4 5 4 1 3 7 7 2 10
