177 7
1 0
177 6
178 2
76 3
2 0
195 7
198 7
166 7
127 4
101 4
134 7
133 6
87 6
81 2
3 0
148 8
24 9
4 0
152 1
162 1
156 7
154 8
136 1
175 1
106 1
107 1
5 0
49 6
6 0
190 6
183 6
7 0
191 2
144 2
15 6
8 0
164 4
82 4
9 0
107 2
106 2
175 5
136 4
162 4
87 2
10 0
152 4
104 4
11 0
194 1
135 1
108 1
12 0
135 3
13 0
106 1
107 3
170 1
144 1
127 4
188 3
139 1
191 5
163 5
153 5
137 1
14 0
138 2
15 0
182 2
172 2
29 10
16 0
136 5
17 0
154 4
44 4
18 0
44 6
19 0
154 2
164 8
158 8
20 0
164 4
62 5
21 0
22 0
23 0
24 0
154 4
143 8
172 8
163 4
191 4
182 3
25 0
26 0
189 2
50 1
185 2
123 4
27 0
195 9
85 8
39 4
140 9
57 1
180 2
28 0
29 0
30 0
156 7
31 0
188 7
32 0
125 7
71 8
33 0
173 3
125 10
182 9
188 9
192 9
157 9
176 9
34 0
180 7
35 0
182 7
36 0
91 9
184 9
37 0
165 7
197 2
174 2
169 2
88 9
38 0
39 0
118 10
40 0
152 10
41 0
42 0
162 7
145 7
100 4
43 0
44 0
45 0
47 1
46 0
47 0
165 5
176 5
157 5
192 5
188 2
182 5
48 0
183 7
84 7
70 8
178 7
142 5
186 2
193 7
190 7
119 5
49 0
57 10
50 0
163 6
158 7
164 6
159 6
132 5
51 0
188 4
52 0
168 4
155 6
148 2
141 7
53 0
197 8
54 0
107 2
55 0
193 8
56 0
57 0
58 0
111 6
95 6
135 5
59 0
135 3
132 7
119 8
142 7
60 0
141 5
190 3
61 0
79 7
62 0
193 2
169 2
63 0
170 8
87 5
64 0
144 2
65 0
193 8
66 0
90 6
67 0
68 0
184 2
185 2
166 8
198 3
195 2
121 8
69 0
70 0
71 0
190 9
72 0
195 9
73 0
93 9
74 0
173 3
151 3
97 9
75 0
106 3
76 0
167 2
77 0
172 2
78 0
79 0
127 1
152 3
80 0
178 10
81 0
155 10
159 2
82 0
84 1
83 0
84 0
159 7
85 0
143 2
86 0
87 0
88 0
160 7
89 0
90 0
121 1
91 0
192 1
157 4
176 4
147 4
162 2
165 4
92 0
135 5
93 0
165 9
147 1
176 9
157 5
168 5
94 0
95 0
193 4
174 2
96 0
157 8
97 0
98 0
174 5
162 8
143 8
99 0
164 2
100 0
101 0
102 0
111 1
103 0
104 0
105 0
152 2
106 0
107 0
174 3
108 0
109 0
155 2
110 0
111 0
174 5
112 0
160 3
113 0
114 0
159 5
115 0
174 7
116 0
179 5
117 0
178 2
118 0
147 7
119 0
120 0
192 10
121 0
176 1
165 7
195 2
198 1
190 2
122 0
123 0
124 0
125 0
197 9
126 0
127 0
192 8
128 0
129 0
191 10
130 0
131 0
195 10
142 1
132 0
155 10
133 0
134 0
179 2
135 0
165 5
136 0
166 6
137 0
189 5
138 0
139 0
182 3
140 0
141 0
142 0
143 0
144 0
145 0
162 6
146 0
147 0
148 0
198 8
194 8
150 8
149 0
150 0
196 1
151 0
152 0
166 3
153 0
155 4
154 0
155 0
198 9
156 0
198 8
168 8
157 0
158 0
159 0
160 0
190 9
161 0
162 0
163 0
164 0
189 10
165 0
166 0
179 5
199 9
167 0
168 0
169 0
170 0
193 2
186 10
171 0
172 0
185 10
184 10
173 0
174 0
175 0
176 0
187 8
181 10
177 0
178 0
200 6
179 0
183 9
180 0
181 0
182 0
183 0
184 0
185 0
186 0
187 0
188 0
189 0
199 7
190 0
195 9
191 0
198 10
192 0
193 0
194 0
195 0
196 0
197 0
198 0
199 0
200 0
