47 4
1 0
181 5
2 0
196 9
127 5
3 0
192 4
88 3
29 5
195 4
71 3
4 0
5 0
104 4
144 9
126 4
49 3
120 4
97 4
188 9
174 9
143 9
6 0
140 2
41 3
7 0
191 2
65 1
156 1
200 2
179 2
130 2
155 2
40 1
8 0
104 6
9 0
188 6
144 4
10 0
11 0
172 9
158 9
118 6
185 6
132 4
98 6
93 6
12 0
13 0
199 10
190 10
68 2
54 2
167 10
84 6
14 0
15 0
174 7
188 10
97 7
126 10
104 4
16 0
147 6
90 6
37 5
163 6
197 6
145 10
105 7
108 4
17 0
167 8
157 8
18 0
19 0
40 9
20 0
168 7
21 0
118 10
22 0
197 7
23 0
24 0
196 7
194 6
175 6
171 6
25 0
156 4
159 4
45 3
26 0
168 1
105 7
97 7
98 7
27 0
104 10
132 4
28 0
37 2
29 0
30 0
45 1
31 0
32 0
135 7
80 10
157 7
145 7
33 0
162 8
182 10
180 4
34 0
180 3
132 7
159 3
156 3
153 6
35 0
194 4
163 4
103 4
142 7
36 0
37 0
155 6
38 0
101 6
39 0
40 0
56 10
41 0
142 6
132 6
145 4
42 0
152 3
158 2
198 6
172 2
119 7
43 0
198 9
44 0
45 0
71 7
46 0
160 9
83 9
48 1
47 0
48 0
49 0
50 0
145 5
103 5
51 0
146 4
95 5
162 9
126 6
52 0
142 8
53 0
54 0
172 8
55 0
75 9
56 0
168 6
57 0
58 0
95 6
103 4
189 1
173 8
149 6
59 0
173 5
60 0
179 5
184 5
191 8
140 5
81 7
61 0
62 0
132 2
63 0
189 8
96 8
116 2
161 8
133 8
107 2
64 0
156 1
65 0
163 1
66 0
182 4
98 4
108 6
185 2
199 1
67 0
149 10
95 2
68 0
75 3
69 0
185 10
107 6
70 0
81 9
71 0
72 0
140 7
73 0
199 2
103 10
146 6
163 5
152 8
74 0
75 0
177 1
76 0
199 1
191 1
172 3
132 7
77 0
133 2
78 0
199 2
79 0
80 0
81 0
117 1
82 0
162 1
83 0
84 0
160 8
198 3
122 5
169 3
85 0
196 9
197 3
166 1
186 2
86 0
168 7
87 0
88 0
89 0
90 0
197 7
91 0
92 0
93 0
166 7
94 0
103 9
95 0
161 6
96 0
185 3
97 0
98 0
99 0
163 8
100 0
161 10
176 5
164 7
101 0
184 6
158 1
179 6
102 0
103 0
104 0
161 5
105 0
169 10
198 5
137 4
106 0
197 3
146 6
107 0
185 7
169 7
108 0
164 7
197 10
187 10
109 0
169 3
110 0
182 3
111 0
153 7
171 7
112 0
187 4
197 3
113 0
158 10
114 0
115 0
186 4
116 0
172 4
117 0
191 10
118 0
140 4
119 0
120 0
121 0
122 0
123 0
180 10
124 0
125 0
126 0
146 10
179 2
127 0
189 1
128 0
198 8
129 0
130 0
161 8
131 0
132 0
199 5
152 1
133 0
157 8
193 2
134 0
135 0
136 0
197 9
137 0
179 6
199 3
138 0
139 0
140 0
141 0
198 5
142 0
172 9
143 0
144 0
163 9
145 0
146 0
184 8
155 5
147 0
194 6
148 0
191 4
158 8
149 0
150 0
151 0
152 0
171 6
153 0
168 2
154 0
155 0
189 10
177 10
156 0
157 0
158 0
159 0
160 0
161 0
163 4
162 0
163 0
199 1
182 1
164 0
165 0
172 10
166 0
188 7
167 0
185 8
168 0
169 0
170 0
171 0
172 0
198 3
173 0
174 0
187 3
175 0
179 9
176 0
177 0
178 0
179 0
180 0
181 0
182 0
197 5
196 5
183 0
200 9
184 0
185 0
186 0
187 0
188 0
189 0
190 0
191 0
192 0
193 0
194 0
195 0
196 0
197 0
198 0
199 0
200 0
