73 10
1 0
168 3
104 8
164 4
139 3
10 1
86 8
160 4
2 0
3 0
164 10
93 6
195 10
177 2
187 10
78 9
4 0
5 0
171 4
109 4
178 10
138 3
6 0
149 10
7 0
8 0
138 5
139 5
60 6
116 5
140 5
173 5
165 8
188 5
9 0
10 0
40 3
11 0
158 3
121 3
199 1
167 3
166 3
150 3
179 1
157 4
162 3
47 6
12 0
13 0
34 8
14 0
183 8
69 3
15 0
16 0
179 7
199 8
145 7
151 4
89 8
65 3
196 8
135 7
17 0
108 1
153 1
84 8
18 0
136 9
153 9
181 7
108 5
19 0
20 0
190 1
21 0
153 1
22 0
181 1
145 9
179 1
129 9
23 0
152 1
88 1
24 0
108 9
25 0
51 8
26 0
145 7
136 2
180 7
174 7
92 4
27 0
176 9
28 0
151 9
56 7
29 0
178 2
187 4
195 9
160 7
164 4
101 9
189 2
200 2
184 2
30 0
200 10
31 0
149 10
32 0
167 10
33 0
84 9
196 2
89 9
199 3
141 10
90 10
197 3
183 2
157 2
109 2
34 0
198 8
49 10
35 0
187 2
36 0
37 0
199 2
165 8
156 8
38 0
122 4
185 3
134 8
131 2
95 8
39 0
185 6
40 0
188 3
140 3
41 0
89 3
84 8
101 5
42 0
96 9
43 0
195 3
151 6
44 0
55 5
45 0
195 9
89 6
46 0
47 0
48 0
49 0
152 3
50 0
51 0
179 9
181 3
177 9
52 0
95 9
134 3
158 1
156 2
165 7
183 1
53 0
90 8
54 0
55 0
160 8
56 0
156 8
131 3
57 0
151 8
58 0
101 1
59 0
60 0
61 0
95 8
62 0
179 6
63 0
64 0
141 5
65 0
141 10
116 4
139 10
175 6
120 9
115 9
66 0
145 5
186 2
105 9
67 0
179 7
172 7
68 0
139 7
141 6
80 8
69 0
70 0
197 6
71 0
72 0
199 5
73 0
164 10
74 0
75 0
183 2
190 5
76 0
131 7
77 0
134 7
78 0
194 1
171 1
192 2
148 10
154 10
79 0
80 0
81 0
82 0
83 0
84 0
192 4
187 4
111 9
85 0
86 0
87 0
181 2
88 0
95 10
89 0
160 2
90 0
199 8
174 6
91 0
92 0
171 5
116 2
93 0
134 3
139 3
172 1
175 5
94 0
95 0
120 7
96 0
154 5
148 7
97 0
98 0
197 1
141 2
99 0
100 0
101 0
164 6
162 6
102 0
116 10
103 0
104 0
148 10
111 9
105 0
139 10
173 1
106 0
197 7
172 7
194 6
159 6
107 0
180 1
108 0
109 0
194 5
110 0
111 0
195 1
136 3
176 5
155 6
112 0
113 0
114 0
197 9
115 0
148 9
141 6
116 0
195 7
154 6
175 10
180 7
117 0
140 10
118 0
192 1
119 0
195 4
120 0
156 7
121 0
159 4
122 0
123 0
158 3
124 0
182 2
125 0
126 0
127 0
199 5
196 6
178 6
147 1
198 6
128 0
194 8
129 0
130 0
131 0
195 8
132 0
133 0
172 8
134 0
135 0
136 0
197 4
137 0
140 9
138 0
139 0
140 0
154 8
141 0
142 0
188 9
143 0
168 9
144 0
145 0
146 0
147 0
154 9
148 0
189 5
149 0
175 3
150 0
151 0
152 0
156 10
153 0
154 0
155 0
156 0
157 0
168 10
158 0
176 9
159 0
182 3
165 10
160 0
187 2
161 0
162 0
198 1
196 7
163 0
164 0
165 0
166 0
167 0
168 0
169 0
184 6
170 0
171 0
172 0
173 0
174 0
182 10
175 0
176 0
196 3
177 0
178 0
179 0
180 0
187 9
181 0
182 0
183 0
184 0
185 0
186 0
187 0
188 0
189 0
195 10
190 0
191 0
198 9
192 0
199 7
193 0
194 0
195 0
196 0
197 0
198 0
199 0
200 0
