16 100 361
0 0
0 1
0 2
0 5
0 13
1 0
1 2
1 3
1 10
1 12
1 15
2 1
2 6
2 7
2 11
2 13
2 14
3 0
3 1
3 5
3 9
3 12
3 13
3 14
4 0
4 2
4 4
4 6
4 8
4 9
4 10
4 11
4 12
4 15
5 0
5 4
5 5
5 7
5 8
5 15
6 0
6 1
6 2
6 7
6 12
7 3
7 7
7 8
8 0
8 1
8 3
8 8
8 12
8 13
8 14
8 15
9 4
9 5
9 9
9 10
9 15
10 5
10 6
10 15
11 3
11 4
11 5
11 6
11 9
11 10
11 12
12 3
12 6
12 7
12 8
12 9
12 15
13 5
13 6
13 9
13 10
13 13
13 15
14 0
14 2
14 3
14 4
14 7
14 14
14 15
15 0
15 4
15 5
15 6
15 8
15 9
15 10
15 11
15 12
15 15
60
14
83
28
18
21
87
17
58
61
22
33
12
57
29
78
63
95
4
26
25
31
90
51
35
73
27
23
74
8
59
43
81
50
64
48
49
20
6
71
53
92
1
56
0
76
52
30
7
34
46
89
9
97
40
32
68
36
96
98
55
72
41
13
82
45
15
38
24
10
91
62
84
67
3
44
54
86
79
75
19
88
37
16
2
42
85
94
11
39
80
70
99
93
77
5
65
69
66
47
-284
-373
250
-179
-443
-12
-369
-295
-309
-134
-347
-141
959
-50
189
-186
301
-289
-351
-315
-218
275
208
-245
231
-106
-237
395
212
90
-215
113
-172
107
93
529
-288
4
-343
-286
328
-138
128
-204
173
566
804
-677
-459
-437
548
-48
-191
220
24
450
-315
322
168
-363
284
511
-80
-38
287
-140
8
-414
381
-247
-226
524
201
-696
315
-219
223
551
-126
-672
-310
1142
688
172
-671
200
-87
-128
436
-119
200
-414
361
-482
-333
-231
126
-74
983
-113
-715
420
407
487
895
-229
243
-8
164
-643
255
-530
-29
-10
-283
100
309
-141
134
222
-136
-252
-842
202
321
235
-525
268
-268
295
158
-419
225
-16
-140
889
-495
-338
-13
-475
63
463
614
-388
-102
310
321
56
522
341
-1059
-62
464
-781
-462
-255
579
-34
90
-452
-116
221
-252
43
-45
-397
-96
-780
786
467
-148
487
22
-938
-213
-200
437
-741
-394
182
-151
-507
473
174
158
-203
224
-615
-92
-39
289
-197
-461
-8
79
-581
1157
-184
-923
45
-67
-146
-16
-596
470
-282
-110
-658
-193
594
-90
-37
-177
173
94
336
17
-438
75
-346
27
170
185
322
167
111
-302
-548
-253
657
-253
-27
292
177
939
113
594
297
-188
-559
-237
-536
-18
-259
766
268
110
-135
-125
-37
219
434
-824
507
189
42
-712
-905
308
750
-168
-22
-689
596
-566
-281
-200
400
-156
-361
-427
64
-316
-199
-73
292
285
-191
-136
762
162
-24
-156
67
1140
-321
561
26
-463
485
162
84
92
205
361
-139
-58
575
183
-316
385
-261
-121
-254
-151
-464
-1069
389
159
324
128
145
-415
1213
-486
268
71
-267
-54
-191
-342
-210
-304
-171
89
317
-92
484
392
-65
-68
3
423
-249
16
-193
409
-268
-516
137
205
-64
109
15
135
446
529
447
738
-552
20
859
455
1056
-693
-624
-192
48
-734
-20
-521
-47
224
-388
239
-41
269
-86
225
7
61
581
-461
381
-55
-379
-139
219
-194
178
-308
378
-307
-686
-326
408
338
-30
-313
488
-103
878
581
-115
-146
308
275
21
-782
-14
-181
249
-483
-168
-282
-66
161
9
193
43
871
-186
-155
263
-305
-108
-154
175
-402
166
-417
-65
-370
-394
-436
-272
-208
63
-327
333
-407
-199
-680
-179
305
210
-217
123
-180
321
383
208
344
-333
20
456
-94
93
-187
637
279
-130
402
477
-4
26
757
98
422
63
-24
134
147
214
292
-550
259
305
175
403
-292
-12
-26
-96
-92
553
651
255
542
132
-24
605
-625
-563
274
-72
547
-1014
-19
-71
-301
19
396
58
355
165
-59
146
394
-673
319
-154
219
-95
-117
-134
-617
1034
576
58
-46
-362
486
-72
93
1206
261
756
478
29
353
-3
435
-469
884
636
-696
-322
-64
91
4
-124
-96
-327
-316
-381
453
598
-364
246
-469
-534
-266
-419
-13
429
-161
-144
-131
-418
736
9
216
104
-631
53
415
-635
514
399
-754
524
412
821
-341
-9
227
-465
-401
-167
-79
136
398
-479
249
-449
-171
-56
408
-759
-173
-130
165
-24
325
-356
750
-472
-691
145
79
-207
-161
379
6
-237
28
-239
-551
-65
183
-145
-271
258
-304
-378
-28
-199
-353
-23
115
-42
467
192
-446
-279
-336
-110
201
-311
746
312
-372
-317
-204
-145
94
141
-273
70
167
267
-267
-326
421
-133
-139
299
4
212
-264
-27
-113
-263
813
176
-400
300
216
-545
-187
615
-721
839
183
-413
175
261
-48
665
182
-407
783
-552
-445
85
272
-143
155
-103
1
-356
733
-272
-327
71
-485
-803
359
-516
197
127
249
-133
809
-179
360
-455
-339
-328
794
-122
-279
291
667
-56
159
463
-133
-406
52
-485
359
218
174
469
527
-680
104
103
20
209
63
162
-403
-164
181
7
226
32
151
-171
-99
-331
31
31
-111
258
70
694
-330
139
-1094
-393
-470
-86
-405
92
-195
377
93
358
-325
416
204
-289
-307
133
-697
-176
-130
-514
817
-64
-147
-41
269
-158
-272
308
336
302
-187
-446
369
-431
-215
90
-372
143
148
-567
-187
528
-160
146
-159
-42
-404
511
-166
160
-57
-587
-464
-19
-488
425
19
-501
78
102
364
-246
125
-268
628
-267
207
-489
525
542
199
-373
236
407
-714
263
-235
165
428
-603
-232
89
-36
-168
-52
422
-99
834
139
-162
-169
6
-551
284
-482
-709
483
-72
183
-202
55
-136
-118
-31
-535
-590
-77
-568
197
-592
315
326
-568
379
-35
-115
431
-353
104
-487
-442
-290
-609
-116
295
-458
-252
-229
-87
281
-62
-180
55
112
224
120
585
628
61
703
-167
3
107
49
548
-870
489
-304
138
175
-380
-94
-298
-374
-220
250
13
430
5
184
224
-286
429
-18
-24
-712
100
100
-661
591
61
7
-34
-238
294
342
177
258
12
-56
-38
-95
162
183
537
103
447
460
-497
-468
58
34
206
-441
91
-323
49
92
-371
259
41
211
-588
82
-138
96
518
-84
410
9
344
-36
-87
352
-292
-177
118
-93
759
143
-705
72
-543
208
-271
61
312
221
-490
297
-283
866
188
467
-519
-303
-503
-301
-174
39
161
510
764
512
-918
590
935
-14
164
-290
-203
460
8
463
-28
-89
24
250
218
599
569
143
148
37
29
417
-587
61
-641
296
284
228
-523
-100
-233
-169
-107
-189
410
-636
-30
-248
208
696
-306
-169
381
116
779
45
-254
-802
-455
461
726
468
458
279
-110
55
434
409
-621
198
394
182
1032
-236
448
-660
37
-477
-373
211
-636
594
26
-236
437
515
-387
214
-192
-520
-68
-75
-159
-419
299
-61
-261
-392
-356
161
51
-264
-145
-344
-358
-85
-74
15
636
279
-82
168
-331
101
100
-440
-456
86
-119
215
-27
180
-504
-652
76
-486
-228
44
150
490
-299
358
-333
-8
164
-117
454
436
316
-22
457
-969
389
-398
-328
-204
-220
-477
319
277
-605
164
393
233
12
206
249
46
-579
-208
-321
-383
-224
-358
4
284
-552
-602
-263
647
-162
-484
757
-43
77
525
-360
-25
-149
-441
-89
-555
7
303
-715
198
-98
133
-72
-262
-226
-234
-329
838
-276
278
-458
-486
-188
174
23
103
-490
641
-883
502
815
417
19
174
263
-59
175
134
-8
90
169
-141
925
160
29
-618
369
-420
-594
-56
141
-133
-404
791
-541
650
627
71
-522
-248
-48
-566
163
-604
110
-699
565
299
-252
-280
-37
100
216
311
72
38
-505
0
-157
41
-369
-438
-700
-263
238
266
-140
391
-332
-417
129
432
-8
-59
58
-257
294
-242
-301
74
45
-549
425
166
821
697
-196
403
-57
97
480
72
-570
462
170
-145
-186
357
-245
164
282
-175
297
-811
-249
23
-26
459
676
164
-388
-163
-114
-204
-713
-1082
433
289
86
-169
53
-380
-18
335
268
-100
-262
319
-164
-356
232
65
-470
-319
-46
-1138
166
75
-109
-5
314
-131
165
314
19
224
352
-7
-63
-175
-231
-1020
-164
420
63
269
208
60
275
44
-80
18
-503
929
215
-232
175
-19
219
276
-308
298
-156
-189
-78
186
140
-42
199
897
396
287
-114
60
281
-148
-221
589
-196
189
291
435
162
-70
654
246
-754
-59
-58
-428
-462
-171
-12
386
-62
-583
-16
-261
-273
489
-338
259
-300
-231
345
271
80
-244
449
170
74
-79
-206
-554
356
71
19
224
-357
-1047
295
-617
30
-22
-397
680
-259
241
-254
146
403
152
723
43
-533
-620
-207
197
-155
241
-202
1
503
683
873
-35
30
176
-96
369
33
-782
-183
-7
-102
315
67
-288
274
516
591
165
55
437
-372
93
-35
31
-187
-210
-37
24
174
-153
251
-48
282
59
46
-195
612
-54
164
-86
-296
-97
146
-110
-466
-91
236
-294
579
-193
-189
-115
-261
26
-478
92
-75
-312
-227
-316
377
96
172
467
-348
-362
551
110
282
-10
424
-326
195
-251
-138
211
118
-270
325
250
65
-831
-63
388
-7
-155
-124
-105
-99
-177
184
90
227
304
-730
-118
-167
-274
543
176
-110
-278
-441
333
-771
297
-491
-19
-723
454
509
-798
873
215
394
112
-540
161
288
755
198
28
-84
28
322
-237
319
547
-62
-296
143
536
-872
-584
-336
-411
223
-433
89
374
-142
-363
231
508
730
-576
-242
2
-101
36
310
601
-107
-243
-749
715
-300
546
-305
7
-963
245
45
532
-260
221
-765
-13
-271
-61
-38
247
540
-240
108
-602
432
166
650
-220
-306
298
709
-108
-480
-72
-459
114
96
-249
-129
130
-375
79
615
-625
-156
-126
98
260
-503
-171
85
355
172
-145
189
1
62
463
-605
-625
-581
-126
-299
-152
-2
-484
167
-127
-155
92
-360
-20
-84
381
698
-523
548
-439
-93
-54
-421
440
-705
34
-346
-424
-109
-283
-374
212
171
216
-423
-278
146
-10
248
248
-22
-142
485
-218
169
512
336
-699
358
130
290
-331
-138
-288
302
296
-138
71
348
40
-9
418
107
286
-144
2
-118
64
-113
65
369
-335
236
232
190
-442
-136
383
38
802
-43
58
243
272
33
-32
-355
-596
-197
-326
581
228
-503
33
565
157
159
-98
-766
148
-360
-143
489
626
-660
502
622
-270
301
391
499
315
-318
75
60
24
-134
-690
-18
-93
-17
-154
-397
-514
-28
665
-71
31
-22
-126
804
120
483
-213
290
-838
-216
-398
873
-279
206
349
-474
-451
-162
-668
74
729
-138
542
22
540
179
578
383
-153
72
456
597
200
-500
-389
31
-633
172
331
84
-272
157
-813
91
89
-309
-315
-31
324
567
365
184
-64
81
821
263
350
-127
26
-555
118
308
44
-520
132
190
-483
-447
-577
-114
-324
-77
173
37
-82
244
-155
7
50
-18
-73
11
-63
130
139
60
117
-622
152
-191
532
-263
-398
52
-11
-211
-117
-215
-239
43
-134
99
50
-399
-341
-350
57
557
477
459
27
-333
156
-256
279
-92
-488
101
-299
800
266
-398
-45
-236
-235
241
-487
483
-522
-65
6
392
-322
-630
44
166
117
397
200
584
221
148
176
158
327
-247
78
291
-521
200
-376
-613
3
982
-172
-367
-149
93
-429
-22
-385
-376
-392
-419
-165
-7
224
-431
-232
-516
65
9
129
185
-179
-260
160
-238
479
-219
331
103
82
-535
-185
-448
197
119
-241
-85
857
121
653
143
20
199
-92
511
-429
-37
512
239
-278
297
-350
-367
-305
-284
-200
-359
-125
-190
476
187
474
-24
-170
-207
-117
450
620
-22
-418
155
-211
-68
-430
25
218
307
-545
143
147
-482
-202
360
231
275
282
-395
-436
672
415
-138
340
302
98
-155
134
61
359
-242
-15
229
-550
263
625
477
413
355
189
345
-72
-215
-85
98
-495
-250
68
-329
-405
56
-515
488
-687
300
-59
171
9
-231
541
75
74
17
-179
-240
751
-44
212
-151
-345
114
249
-179
-36
-184
-155
-304
40
-663
-769
-366
-77
-175
-379
119
174
-271
90
223
162
-94
-67
-25
-70
624
34
301
-29
-303
232
-539
626
642
-228
-19
539
0
416
-324
108
-101
-433
48
-75
295
409
-229
-229
487
38
-159
158
675
172
-333
294
-77
-108
386
-417
-600
811
-211
400
-84
485
394
-142
-7
-107
-47
53
437
-126
348
-344
-274
1
713
95
-112
157
741
-607
245
-213
60
564
-54
-133
62
-167
-128
135
-365
-228
176
475
992
-632
66
699
232
-47
777
548
250
284
329
24
92
-373
-124
-618
71
-572
-660
-414
154
239
-124
339
336
350
-600
-197
-183
-105
-360
347
-2
-81
44
-73
-338
344
32
672
567
212
520
168
-935
11
-318
163
-458
553
-218
188
-537
-270
268
-750
75
278
-538
48
-123
-139
436
353
-230
266
-52
-222
42
-81
-437
-293
-37
400
430
-117
-31
-95
-301
-304
535
220
-179
-156
261
-308
144
233
113
397
43
-62
-170
534
-604
564
42
434
528
71
-459
-95
-120
30
87
383
-458
13
283
-156
-69
-776
991
366
-15
140
54
87
-205
-128
502
-242
141
-250
-212
-251
52
185
278
771
-163
-111
522
454
-63
15
-474
-97
-306
62
337
-525
-255
-131
281
-376
94
447
166
231
-239
192
-164
193
161
771
202
-170
637
35
42
78
7
-20
-437
352
-350
178
-446
-83
329
-149
-466
221
-185
-33
78
-216
-523
-134
231
-514
-637
-472
-263
132
-141
808
-61
86
-414
-234
395
40
-378
-101
-348
-73
53
-594
-17
-386
107
494
52
534
61
287
-420
-381
-220
-2
94
38
82
-138
-573
446
-141
185
-198
-839
172
-54
444
114
-328
153
-636
538
211
267
-21
-370
-28
453
-740
-85
419
253
-645
128
490
11
278
-42
-209
-371
388
-290
64
41
113
302
-208
43
118
260
148
-93
239
-275
-120
199
-270
78
9
153
92
165
-241
-574
481
-156
251
59
115
-108
-246
356
0
-207
187
607
-319
309
-555
160
-449
365
-261
-174
-771
-186
116
-394
95
179
-639
-233
141
173
-304
645
-208
-544
131
70
-322
-351
-148
-155
-131
-306
-283
-24
-483
23
-137
235
244
-326
15
144
-271
-367
-873
400
90
552
497
404
160
270
-122
-169
246
-422
-190
762
759
26
-288
207
187
-158
168
406
159
-342
333
-311
140
49
-501
-64
177
-71
-185
287
255
597
90
-220
167
278
67
35
-137
45
192
389
465
565
-469
-14
270
-920
134
-847
706
234
37
-50
587
-388
-121
348
-99
298
-278
504
338
284
-543
23
613
25
418
-643
-369
-154
-607
429
101
-285
257
270
656
35
108
124
-13
-287
-47
117
-354
254
41
350
-1012
177
-297
331
128
-305
-292
-501
-967
302
-67
-173
-109
-225
378
81
-285
-37
-296
98
245
365
-477
-49
212
167
-517
104
277
-10
392
-31
-520
-618
-397
671
-109
-314
-133
292
-993
-71
-116
367
113
116
31
-61
279
-51
-456
95
-98
-363
-70
-344
-37
-605
191
446
316
-19
190
-359
698
26
495
-146
-42
-844
-42
86
-266
-534
662
159
-322
223
627
283
-200
251
213
-70
-160
512
-44
288
-461
521
-112
783
-450
383
156
-308
-289
79
-65
-32
526
-221
37
598
446
384
-837
-663
-162
88
815
-282
493
-734
472
344
-367
-149
363
-682
485
47
-27
650
778
89
-516
111
382
-112
-121
-326
-335
237
-57
275
-607
-348
-1133
131
28
-458
439
-157
-36
244
194
-60
-463
-461
144
-454
-249
-495
-247
572
488
206
-65
102
219
-485
-557
-40
907
7
344
-73
-502
-255
-68
-233
501
301
104
-34
-72
34
-560
-76
-163
-82
-216
-617
10
-414
-409
261
-83
87
-842
-210
-287
612
658
-30
148
-549
-78
253
-626
-45
112
95
85
97
390
-11
-159
231
378
-25
-623
-76
-991
87
-362
-207
-59
136
508
407
-128
167
-542
51
356
-574
354
-414
5
349
412
203
403
-251
-1
244
370
-264
-265
218
-228
-233
-304
260
-59
742
59
114
474
-20
239
-82
58
-292
-162
418
67
-168
127
195
-355
-235
-355
13
155
-303
92
-506
-161
1
367
-605
-435
366
-177
-243
-257
370
-329
111
-159
-123
-73
220
352
459
33
-21
208
-273
312
-253
-189
207
192
25
494
208
-160
151
-368
-246
-293
-79
-841
-440
427
76
448
-18
224
102
-601
-322
-242
-472
-206
81
-220
512
-86
-129
258
-270
155
317
-474
-294
-8
-47
-235
-9
518
-388
-148
288
-673
-34
299
-689
-107
-223
-949
95
-109
265
1095
-390
182
-229
-100
-85
-61
-342
-1142
-329
-199
109
555
-148
437
-433
-208
-109
63
-270
660
134
73
0
-681
115
-108
-99
666
-514
-257
99
207
405
445
296
-15
38
777
-174
43
-141
-83
601
-205
-255
184
-158
-917
-209
276
314
49
62
-238
455
35
192
-277
550
-262
504
-569
-356
45
130
290
-548
-262
-233
-335
-384
-438
-744
-275
-671
5
-309
300
62
545
-116
271
-187
-594
-445
-454
-165
184
487
-141
-271
271
-358
467
-116
212
72
161
-254
243
-190
-811
138
-243
-627
380
-748
217
434
255
571
-182
-347
107
-415
200
2
312
-98
-401
583
-280
-422
181
-372
-212
325
235
258
-303
-640
-448
126
145
418
15
532
100
-422
-205
-85
-445
548
-354
344
-15
-38
-150
-409
366
132
-24
30
127
-180
334
217
-600
864
-331
228
-505
-810
-89
598
-253
198
460
104
455
116
-279
318
-35
-37
-523
179
-1011
313
26
306
211
-169
-517
627
-586
-265
354
-575
633
768
107
143
-454
-265
-8
-213
209
-104
-727
-30
-235
-268
-382
48
841
-44
104
114
-363
-159
-466
-205
-6
120
-585
-275
224
-179
141
652
-497
-853
-686
224
166
-289
-322
-503
128
-18
-55
943
-74
-143
215
-16
738
-194
206
303
40
-387
-51
515
302
226
688
592
-319
-342
-459
-67
-157
6
36
-160
-468
-57
200
-209
-500
-28
-480
103
400
134
-78
254
-134
592
509
307
413
332
-162
-3
-128
166
-810
101
-121
-560
-458
-140
34
-103
462
-446
-138
165
74
43
-486
-379
185
-278
479
-308
-512
-574
-536
-68
258
242
-344
389
-700
399
-622
537
240
-148
446
127
86
-262
31
605
-677
13
79
-496
122
-126
-167
486
-22
139
-734
134
-379
177
-241
-290
-159
-484
1006
173
-172
311
-244
482
251
128
-296
-310
4
-318
116
356
190
-212
-302
-498
-296
-318
-62
-632
647
-303
-1094
680
645
226
-247
-446
-106
45
426
0
-599
33
178
253
-171
-62
-22
-216
134
-104
183
-47
-818
-663
-581
-190
61
230
5
-382
241
3
484
-418
-273
467
145
-496
471
-309
324
-113
388
169
23
-66
-384
284
83
-97
-351
-424
690
-251
-417
-548
-53
220
175
267
270
390
-27
73
229
-815
-250
265
-98
489
-161
339
198
53
276
-160
-37
-80
564
61
-680
636
-371
247
114
-385
552
-157
-440
-34
401
-287
-206
-81
305
77
257
-225
71
309
32
-471
-45
192
-98
216
233
-42
496
-300
215
81
-250
52
-306
-72
-1
161
93
-232
36
-121
-524
56
194
-301
-73
243
-50
-107
476
-9
-129
67
-339
545
-421
584
368
-143
360
-102
-269
224
389
-58
-176
689
474
-695
344
-56
-66
-253
50
256
231
163
164
262
-403
-372
-235
-458
-239
-546
-153
-193
-73
-680
98
548
-254
-373
342
-125
404
-12
-1
239
76
-268
-381
-225
-178
445
-105
83
1
640
152
104
309
-191
190
-102
796
-874
94
662
545
-187
-593
-86
103
-592
236
-206
17
-307
43
308
151
143
-181
-296
-506
192
225
-5
215
-8
309
80
553
247
187
-107
413
280
-292
-459
391
552
-74
186
-817
100
201
379
428
159
47
-371
149
-177
-396
-77
-45
445
177
-193
-42
249
299
-72
48
-111
-65
-181
469
185
-38
81
-321
259
-252
302
-318
527
-397
-187
-92
91
-326
244
-75
-1079
519
81
406
-709
84
-428
454
-51
-252
-22
-602
257
866
-296
-212
-344
-110
-466
-521
506
-49
-15
597
479
927
661
-7
-66
440
-196
611
54
-229
347
-323
98
-68
338
-121
-855
-388
130
549
-547
-831
159
245
23
726
272
118
-333
-251
311
568
149
-591
288
150
-242
-366
326
-172
-22
-48
-289
-37
-138
229
-78
526
56
-50
223
150
-204
17
-973
201
-512
98
-709
-496
183
3
-182
-245
-240
381
798
321
119
317
-95
-376
-426
-756
585
5
360
554
441
34
301
-99
-173
-69
-199
-18
-47
-757
-147
-115
-113
-440
202
-23
130
-98
316
176
1108
-177
-34
254
-6
-356
197
194
-279
-49
-124
-497
327
998
544
-436
366
-16
289
-319
-233
206
781
258
-385
91
-307
-196
-32
-331
-233
900
124
73
468
724
111
506
-308
491
-525
-386
-221
87
-119
-663
354
463
-65
-118
-277
-154
369
-34
279
106
-199
-218
405
-532
-299
486
-606
461
164
248
-126
-561
-218
343
211
-364
143
77
-516
-447
426
-318
96
-281
323
85
-242
-343
-175
-762
592
912
305
103
-507
523
49
322
-36
-194
-177
-111
-80
179
81
-285
-347
-187
-24
-403
41
-337
-324
333
-747
-547
-347
44
899
-708
848
-44
487
-57
-237
204
-693
264
111
75
-20
104
101
24
-253
-89
-84
-298
-29
9
325
43
477
-450
-114
-115
223
550
-148
343
-587
322
-500
-469
736
-219
87
-16
523
-223
597
51
-229
32
-750
272
280
-43
-527
278
-170
308
19
246
-9
-19
426
-291
445
322
233
6
124
336
-151
-50
-143
403
-655
442
-174
-329
-178
153
145
-92
230
388
387
-331
-31
201
-514
-107
-804
251
551
184
58
308
140
418
-360
68
61
-469
-49
159
-175
-245
268
215
272
-11
229
563
675
151
72
-441
-876
-560
383
-32
-718
4
15
29
318
313
12
192
-123
278
345
326
10
-117
522
-43
-309
163
-574
584
572
94
537
-503
-90
207
25
95
368
400
5
121
499
19
-254
391
526
351
241
761
-492
-350
56
-50
578
-184
23
226
418
-23
109
-429
309
33
44
-116
-463
101
-164
-50
697
-325
12
67
494
-317
-23
-54
346
228
-62
111
-426
437
-567
15
852
-6
80
453
-130
460
4
123
-797
-190
539
738
145
-56
169
-413
110
175
443
370
-313
-195
-374
432
-303
1139
-605
-196
749
212
-87
268
-122
95
303
-119
35
453
-462
-221
64
164
-182
-296
-372
170
276
245
2
-276
99
8
284
-66
110
313
154
-151
-160
373
246
28
-350
138
72
-491
53
-600
376
-342
-343
-118
-213
134
-177
-586
519
131
-349
-675
973
-544
251
-174
256
146
147
380
680
309
-283
-487
265
-390
412
161
236
932
310
205
-211
-172
-678
461
348
-286
176
334
75
-422
-527
168
270
454
469
-154
329
-195
196
81
790
-896
490
-83
27
-474
-182
-303
5
629
367
-284
286
-11
528
470
-267
-2
-151
279
-544
185
-31
-187
204
-693
-299
-222
260
327
123
256
41
228
54
-336
288
221
390
-14
-7
-441
-170
45
2
-220
278
60
16
-188
206
-789
-333
-439
-297
-584
-371
104
174
206
-439
-219
103
599
445
-567
-552
-271
-50
32
407
-282
-249
33
-546
516
-792
-233
71
57
173
135
401
-104
-517
104
-382
5
-267
-296
-28
-68
10
-376
166
-166
286
-352
166
79
-29
-211
-159
686
206
35
-465
-430
-166
-354
-357
317
-155
655
699
-209
-496
-122
-63
-54
-147
346
153
151
-154
-382
-50
137
-452
-238
-422
-244
-9
357
126
-897
-254
72
569
-193
-656
-487
70
-72
309
-74
606
636
-197
-410
-52
-44
16
163
-155
231
-138
-336
-396
143
-407
-80
-197
-879
-61
278
258
347
567
261
133
-177
-216
295
154
275
-302
-63
-99
218
-146
563
-10
177
-8
-14
286
-126
361
-699
232
157
-406
-404
-117
-14
-309
-629
391
114
508
-275
263
115
-194
553
-46
-62
131
420
388
234
-36
-592
-168
119
275
-484
234
52
-103
212
-564
-516
-72
167
242
-13
1
563
268
330
-453
85
315
61
-152
-225
-607
590
335
-117
-460
-324
111
-513
-108
-680
196
76
-513
496
-505
-5
705
573
400
-467
883
-212
175
-19
675
-463
-4
-169
143
-377
-15
273
-482
17
145
-661
236
-77
174
603
-771
737
777
-131
-384
-317
-229
126
203
-151
-640
97
130
-314
274
-185
114
-305
22
-325
71
-670
-151
360
521
296
706
461
687
-88
-741
-221
296
427
-275
-126
640
-116
-843
-468
384
175
6
403
-518
369
-109
330
-449
-718
224
-460
-218
-46
-82
94
-438
44
-1049
-182
-608
64
234
203
402
341
-206
-787
412
25
196
133
-188
-488
44
-145
-5
-35
92
-50
-123
-550
-194
-348
-418
-140
385
110
-37
-817
150
-307
-168
371
305
-332
-285
-107
349
396
84
34
-461
-210
-232
-162
592
-403
324
362
413
-111
49
-537
-93
14
578
104
400
-135
-530
745
-46
-417
-240
-207
517
-35
-518
438
-201
48
-253
-72
174
5
-236
561
715
82
-2
-229
673
320
349
51
150
384
-79
-432
431
186
151
-727
-92
-458
-631
92
-460
-121
-111
-237
469
525
253
512
57
-857
225
-667
413
486
321
38
168
-126
215
323
544
-624
-182
-8
540
28
188
100
267
82
-63
191
648
303
464
240
678
613
221
-608
349
-322
262
-46
-182
-3
-200
-131
34
334
-376
-166
415
431
443
167
125
476
376
-404
514
27
-168
97
-299
892
-543
301
-835
85
349
274
525
-3
-412
-313
-336
-392
268
526
-259
156
-171
537
52
150
-438
471
-719
512
389
-202
-242
-15
-228
25
-321
-342
-226
-26
-324
42
814
-660
587
114
31
174
-209
227
456
316
191
-210
-213
189
-710
-81
-95
266
179
-193
245
-127
-28
-143
-567
464
-728
567
329
-37
-2
-114
132
-151
-331
-108
-324
-56
-225
11
479
203
94
979
-19
146
-659
-133
88
-326
-502
510
-35
-514
-233
-94
-415
-640
-174
357
501
-263
488
-229
137
275
383
-65
-391
191
-103
-185
45
-10
146
-837
-79
270
-124
244
-23
9
221
-12
-317
-92
-59
271
-201
230
175
-51
318
-556
-108
-53
-472
-12
-487
-16
-177
24
576
-361
-43
52
276
-114
78
0
-199
396
-114
-476
424
252
-204
399
114
-244
444
103
-171
189
-25
-181
-543
275
-57
-413
96
-205
246
303
-317
304
-4
732
-241
-591
497
-184
-764
45
142
-632
-148
-292
555
187
-641
445
-221
701
328
149
451
-316
535
-503
-63
925
-20
422
-556
337
629
-307
235
380
-419
160
230
-336
138
-63
-204
381
355
-333
-206
965
15
-216
489
885
914
-195
-351
558
148
-619
-71
755
7
-37
152
41
322
-397
363
655
83
-57
-674
-1068
-225
353
-566
-301
128
40
231
362
79
-93
-822
520
206
-219
-639
-291
-138
380
20
-239
141
-184
-432
-75
-27
-64
550
-38
-99
543
268
173
-216
-430
559
-246
-384
94
-231
-474
567
379
209
125
-502
109
120
-142
224
66
-684
473
-261
-214
44
-160
-355
164
-282
-324
236
87
-64
22
28
-406
143
146
-220
-82
-540
-628
-282
-208
252
678
296
-419
-64
-726
-148
-487
166
-211
119
277
-504
-404
367
-907
-512
307
-121
-353
301
-377
205
-101
-240
-42
-500
-318
15
-318
175
126
-439
-200
-100
189
440
-292
277
-478
-22
-151
-72
-392
-225
330
-240
205
446
550
511
-233
-120
-570
405
-6
-283
734
372
-291
-32
219
-517
266
-205
350
-429
-340
72
101
-395
-235
-757
-86
-556
-210
272
84
130
350
681
-315
756
59
255
328
-576
-385
-77
24
-166
-314
435
-176
-420
-10
-389
-67
-32
-512
491
184
-539
242
-568
867
393
339
486
-9
728
299
-259
-134
-503
178
124
-246
-676
-78
-614
-68
418
113
-343
-380
-58
-328
28
293
-684
304
330
-401
-565
-77
57
-682
-61
-567
271
205
170
-417
-126
71
-25
-488
104
41
-49
577
133
-424
-148
45
-192
83
-658
-643
680
-437
-6
-214
-276
541
-265
114
305
197
437
-46
-964
169
-396
226
290
-504
502
51
920
-170
-279
48
-172
-595
-202
-171
156
-314
776
503
15
254
111
619
-104
453
-282
612
287
-186
19
-421
441
-186
20
-178
-277
161
-240
-88
657
597
369
25
257
-63
-109
715
184
461
18
241
632
-10
-18
422
334
1043
385
516
156
-241
234
384
344
-13
203
340
-436
918
-666
-213
346
-515
62
1
52
175
-612
60
-336
151
-221
437
-860
486
-667
-252
-342
-174
-305
-130
-262
-979
440
131
33
-203
512
-309
-130
-160
-239
929
301
95
594
-274
113
-496
12
-152
515
-234
23
180
5
-57
-473
613
152
-126
-896
-21
-215
-38
465
-267
-249
-352
162
294
-683
309
-467
562
237
233
-140
283
467
63
-573
-57
101
196
45
-18
59
531
-359
132
-496
-136
-595
-191
-95
-187
-167
-360
21
-225
31
-206
567
-538
351
-553
-535
1278
315
227
181
228
650
289
456
407
452
-383
170
-138
120
-158
695
-283
-157
-457
-222
437
15
-282
-87
-412
79
-169
-215
195
245
-243
-99
608
453
-352
-190
-431
182
527
-97
-58
105
0
200
82
55
49
344
165
-553
388
145
502
448
-255
152
-123
473
315
-181
-45
288
-143
261
460
-279
782
-295
-171
184
-274
221
52
309
547
-858
23
-91
373
-73
297
-447
-295
-199
112
-478
-95
-190
-32
910
-317
214
-382
168
20
-308
-474
66
286
82
487
-710
408
-826
-224
215
-1343
219
427
-212
-82
-657
37
534
215
-163
9
-376
379
-218
-598
398
116
35
-13
408
569
-102
-535
471
291
432
-254
-213
15
-1032
473
813
248
-332
-575
480
490
207
-469
-146
475
299
144
-508
-363
108
22
647
-629
-572
-90
474
-790
-149
13
-332
-173
182
724
250
317
-552
261
541
-39
-224
-136
-215
489
-88
-314
35
173
-335
165
-84
-170
-339
88
503
175
-312
-19
-87
259
-44
-469
-280
-139
-803
-182
-497
54
430
333
-586
29
341
-102
-356
-737
69
258
326
152
-66
485
84
89
119
-234
578
230
66
-290
-532
-424
454
411
461
-105
-110
-272
-425
-120
-472
-330
-636
57
-81
-422
-220
198
-66
-528
40
413
1
150
115
-95
596
53
209
-400
-236
-229
-573
-273
412
-591
-90
184
309
-21
-571
-267
-639
96
-207
-338
-86
-517
-134
580
-228
106
-350
-227
328
-5
-73
52
473
244
343
149
-225
-132
7
-478
422
-58
-717
686
-272
-63
7
-494
-5
332
609
-164
1217
-432
-803
-995
-319
-506
283
18
-283
133
-39
39
-366
303
120
-133
321
289
-26
25
112
218
633
-429
49
-532
363
574
-511
-25
-178
-172
240
-337
371
324
249
241
-207
-289
-85
-265
66
182
-89
-129
-491
-331
182
-204
-66
-463
493
-394
177
-639
-460
-203
964
208
148
237
-275
-182
189
214
320
-404
-721
-50
-203
10
-556
403
502
-73
328
-108
-98
544
277
-323
-166
-516
636
-232
320
616
-412
155
433
-781
-922
-218
1145
-139
-96
-229
-88
233
73
-661
-533
-271
154
614
-725
-307
-295
-288
79
-260
-288
54
-54
36
-167
156
83
-44
179
360
90
419
-176
45
-50
483
226
-218
-177
378
-168
-212
-31
92
-594
79
459
-367
647
-271
-186
27
340
232
-170
-415
-259
-67
-88
-158
-178
-10
-363
139
1287
-61
469
-190
3
656
-215
94
-1303
407
117
-469
-336
431
-90
-94
120
-353
15
140
344
193
-456
465
446
385
-165
-382
544
318
-387
-160
-336
498
519
-170
-119
-377
-69
-622
-198
405
-665
543
616
262
120
-559
257
27
572
314
198
150
-308
309
-637
-117
-240
-331
-136
-238
462
-70
53
671
-829
479
443
-88
-326
-244
20
-503
-346
-693
554
-278
1095
-536
-417
-68
704
435
-322
-670
233
-124
139
223
-366
-488
772
29
-102
72
38
-422
324
489
-45
769
472
-340
-69
-425
177
-1338
-244
-167
179
173
-558
-406
-593
216
195
-333
575
870
-407
-611
329
-262
-73
49
178
-353
147
-415
312
-41
411
-41
-430
376
524
-82
366
31
70
-163
180
396
416
-614
-402
257
131
174
-144
905
-204
-375
-462
238
-236
-30
-66
879
-351
-143
573
-117
260
162
148
-114
-377
-111
314
159
-212
-521
-366
20
-144
-294
59
-209
-833
-278
-319
424
-109
-341
370
369
-413
420
677
325
-11
-226
-353
-64
-599
110
251
-308
704
-310
-309
-105
-388
187
413
368
310
409
283
-61
24
-113
304
46
79
220
-291
14
268
-174
-121
-40
63
-780
-466
-876
-403
255
123
585
-113
-38
-254
-649
-25
235
-180
-205
-229
722
212
-288
35
244
-84
74
116
311
77
-241
-151
-269
400
23
-12
-27
-341
6
-287
169
-248
444
278
-347
7
-277
46
533
-551
-563
-285
-341
528
-590
0
-437
125
102
-272
-177
524
81
-74
-377
-226
186
-23
-233
4
136
-25
-217
286
177
-271
141
-252
-282
-114
-395
-257
-748
79
136
-803
207
-250
-219
-69
-179
65
-66
-231
477
301
-109
251
-136
800
-399
-430
-20
501
244
208
-223
-430
-133
-472
-268
798
535
-22
469
10
263
96
736
53
168
-304
-149
321
-331
-117
150
-158
72
97
138
-279
865
-14
287
-469
-72
116
404
253
-136
-81
663
-293
332
545
-260
349
-172
37
325
139
-259
-568
168
-307
653
-21
582
393
195
256
393
-489
-20
156
157
-62
38
205
-472
-657
-474
260
83
-795
421
-492
-34
292
-332
334
-706
-361
-604
51
54
30
415
240
289
470
247
274
-485
3
-661
86
-99
399
-135
452
112
187
34
76
-454
611
-194
329
-280
-439
-112
186
-145
250
-482
153
-456
-110
311
-143
328
-795
28
-260
-666
-138
128
-223
261
450
10
-120
33
234
235
110
-607
21
32
-241
-312
-310
-129
-290
158
323
173
-958
-182
552
-295
-42
-530
269
-235
340
161
512
-41
-520
126
-323
-108
599
379
-363
-31
-36
236
-43
11
610
-295
45
-437
41
9
332
512
423
-179
604
378
86
644
265
-511
-409
-337
-665
-809
135
129
452
-160
-361
-270
5
53
-104
-40
-306
-161
267
-213
127
240
-227
-274
462
89
-310
145
-509
-56
-279
263
-404
748
-204
707
531
82
-407
-42
144
-363
-275
169
-34
420
22
33
-174
-228
-65
389
-945
108
-20
392
110
-731
-84
-22
-374
296
8
-305
-777
-512
211
-356
-152
353
-236
-231
-52
-413
191
-275
-549
211
167
-630
173
40
-297
169
13
-738
-151
-67
-13
-306
-65
-59
396
-109
-88
-144
-344
-345
678
257
241
223
231
-391
-602
57
-66
943
81
-267
132
-229
470
-220
-151
688
-269
-350
201
39
81
-950
307
217
785
126
-271
130
481
566
-257
-131
-6
-83
603
-24
-201
56
-238
-425
79
702
-176
-196
-523
79
157
-138
-508
89
-540
-25
-233
-423
-180
-1
-392
-709
-22
181
332
-466
-345
-884
244
360
3
-313
-354
-333
193
175
-399
137
-605
200
-104
740
419
-276
-523
248
1404
375
-1110
-210
-229
-130
851
-463
307
-395
-172
176
222
-409
-184
-152
462
-69
86
556
-536
-532
-122
355
18
332
85
-36
-35
-27
194
68
456
38
-549
-260
65
222
-347
229
217
-342
583
497
805
427
215
-106
-253
628
-362
-274
-489
6
219
-828
-18
273
-126
285
422
-39
178
22
-147
-240
-147
191
487
-305
401
175
-112
357
-624
102
-165
-92
73
626
-12
-18
-369
300
-681
-80
-282
-218
-36
-687
44
-121
-214
-248
278
333
382
-227
388
386
-127
-74
294
-100
83
309
-52
-305
585
-247
267
-137
-182
-100
-92
100
-514
-486
168
418
515
-542
364
250
277
-188
252
-273
140
849
-132
206
190
96
-397
-537
197
608
-566
-163
-291
446
-321
-612
180
-23
-627
-255
-97
-170
66
-214
-496
-99
-338
-476
-844
371
-265
-554
475
119
-67
169
611
444
197
-163
49
-184
-257
-515
115
-248
701
-253
438
-270
-220
-159
286
169
-227
40
141
-203
-21
-461
-161
426
-171
16
-114
-66
-102
-513
9
-281
-764
-81
659
50
-717
-643
-152
189
-152
42
-382
138
243
-377
-31
-44
29
390
237
83
352
297
-425
149
-15
547
-159
425
276
305
-158
548
-54
781
379
591
-150
-137
-200
-188
247
-99
51
-288
20
-505
405
430
509
572
412
224
-315
-28
591
250
446
211
330
-430
280
-294
336
309
-304
500
320
108
83
504
-330
-375
-190
143
141
-578
137
-213
-262
-359
-498
485
184
40
-394
281
3
-257
-260
796
162
198
-277
769
822
-489
-102
-507
25
25
496
-74
-175
560
-97
271
212
-188
15
208
-312
-45
121
292
52
-825
-72
158
126
218
710
-93
-108
261
-160
-236
386
56
592
-60
-317
-493
-23
-291
-266
365
239
318
-876
696
11
684
28
-329
-216
813
-677
-267
-434
521
-506
-39
437
-52
-437
437
369
-224
242
61
-341
-782
253
303
735
-63
468
401
-4
417
377
180
51
411
-804
-160
524
267
815
-102
-196
-248
-83
378
-292
-123
-74
158
-81
-74
344
-503
-565
-58
-350
-140
-106
-326
177
139
228
-195
298
638
548
-379
-379
369
-139
-44
255
174
309
-247
-284
-354
126
-260
66
-36
-280
-240
17
-38
187
-93
256
-822
224
-77
248
-234
-523
347
811
250
-80
-169
58
-598
247
-403
-150
-498
15
-64
-116
-80
51
636
177
375
-165
338
-417
788
286
156
77
102
-23
-323
-249
-185
-239
157
612
144
-150
101
-545
52
-43
-71
-60
524
319
365
13
-66
-89
-161
-303
-419
337
-210
-340
-387
-665
897
288
796
-132
232
234
-123
-116
445
99
380
652
800
646
175
34
117
162
-376
147
-503
315
280
376
-241
-23
297
79
261
475
-141
303
-128
688
0
733
-176
-32
-511
659
123
456
131
-400
212
-97
309
-379
-671
756
-115
-367
-340
702
488
-240
-70
404
286
289
124
214
100
-526
87
-166
-147
386
308
233
338
15
324
-257
-225
43
281
42
-381
139
-305
306
-153
-470
178
-54
-336
578
816
-904
-160
246
101
-183
357
-262
-180
-24
562
151
-212
-139
23
1057
-106
-195
91
66
-295
-446
-814
-360
16
-243
-388
510
-581
-4
9
577
59
-120
98
3
-274
929
-13
1016
-344
-267
324
462
-257
355
459
21
-11
83
-690
-359
-157
-47
282
-296
-102
341
497
-143
520
-332
-14
485
442
-155
343
176
-353
-101
-951
-246
777
-20
-291
-339
-280
302
-55
270
11
206
-470
-108
27
402
72
456
-164
613
20
76
-291
367
-33
243
617
-388
-150
-538
-59
299
244
-196
335
667
-43
374
3
-838
985
-360
29
331
223
-640
-353
217
-92
565
-214
45
518
-640
-456
-243
442
-418
-445
189
-665
-5
-122
-201
-537
-379
582
66
167
-252
95
-521
-12
-47
-198
-404
2
440
580
480
-78
180
932
552
146
363
-1040
124
31
555
-196
-11
-386
-332
-184
-357
475
-132
-650
129
-478
4
556
-96
8
-478
180
340
-595
-236
-243
165
303
-462
18
-614
-356
-3
-320
277
336
241
-131
-271
-601
-541
-61
339
-92
-217
-39
457
510
149
493
533
-106
170
-525
-97
388
-133
-506
299
-533
-123
-207
-692
-76
47
667
-46
44
-439
-190
-295
-117
115
-163
-42
142
123
-326
30
-129
-744
453
43
93
522
-50
58
278
-657
374
278
-549
471
60
322
-346
293
-548
-5
619
144
-296
163
477
-156
-549
-527
-346
-41
-321
-326
-95
607
321
279
509
-505
-124
-423
-51
626
625
-647
-199
47
-100
248
296
211
-772
-145
-106
-91
-871
515
-338
52
78
-548
-673
56
130
186
-113
-438
748
-153
187
341
730
-1131
37
252
-111
11
-549
-43
-936
10
103
138
102
-175
-157
-234
348
-767
-293
-108
143
-129
47
149
414
-727
-221
483
-628
-342
-109
-537
-306
503
204
349
310
306
430
-36
175
-70
-73
321
-255
346
-561
8
-5
577
737
274
117
-228
240
79
-299
-537
319
142
31
-5
355
387
202
-899
-271
177
-190
327
238
26
544
181
-196
525
98
-433
672
-451
-5
-735
-191
61
-816
-309
608
915
-163
322
-23
-1
207
-562
-150
-67
434
-253
-41
-609
225
-39
277
228
-256
143
116
29
-142
46
-145
-136
587
133
85
-285
462
266
20
211
901
-478
-656
524
268
91
194
-402
-158
19
-163
625
288
241
-141
175
722
261
-197
292
189
-239
472
413
-810
-21
790
23
28
255
-101
-87
261
175
796
-233
-290
-83
27
-302
512
320
-242
-332
-11
27
552
410
-191
-197
298
-123
143
-563
-134
436
335
-387
-725
-105
-690
-349
642
595
-143
-543
-553
-304
352
356
172
184
-164
-811
415
252
-95
-597
-403
478
108
-335
176
-498
366
-159
33
-59
554
5
-529
751
327
305
-86
-76
168
-98
542
-304
-531
49
-279
-170
447
-72
264
-4
389
421
-121
-282
768
-176
596
85
285
194
102
-495
-381
-126
-167
87
186
114
191
-424
-86
-4
264
-567
124
-546
505
582
32
-198
-872
80
32
627
-87
610
76
91
18
382
361
328
-237
-725
298
-470
-107
-287
-283
84
-440
-26
-137
98
253
-267
40
73
-105
-540
285
-659
-688
258
348
-64
-89
193
1061
-336
291
-324
-47
-353
-247
-91
239
-127
-130
-70
-190
47
247
180
443
233
20
100
258
-399
-173
136
139
-18
142
-1
-357
165
104
-89
278
380
201
387
637
201
-339
222
-140
-941
-113
240
-394
68
248
-230
267
502
93
-9
-896
-43
189
-218
-423
-434
-50
-333
375
-172
-311
86
-235
485
-713
-235
497
908
-482
-420
-330
685
680
-48
1065
149
-482
-56
371
-265
-508
-383
-142
23
-126
173
61
-194
-191
-293
-254
-51
123
-298
-793
94
154
22
-79
-36
24
312
130
293
-161
293
-298
65
218
191
259
284
341
148
2
12
-519
-814
93
464
249
0
-319
-13
-43
254
206
101
-130
-308
7
-81
-625
198
-461
-59
-442
-218
170
135
-180
1175
384
755
-28
-547
104
-62
-46
356
-231
-490
-228
597
-40
63
106
79
216
575
356
-73
-72
-160
-637
-209
18
734
380
-46
-545
581
-458
-84
417
79
206
-264
-91
-502
-336
267
-12
448
-429
-309
-506
-200
-1148
-302
-85
221
391
113
75
7
-125
428
95
-647
-87
486
-428
139
237
125
-94
-146
-522
734
449
-648
-675
79
-191
-502
-289
-34
91
257
385
-576
329
-421
-675
123
-301
-252
-406
62
379
-1053
-510
282
-165
200
-348
-292
131
471
-297
390
-68
-479
-325
-548
947
370
-77
38
-461
469
465
631
-80
-257
-98
150
-120
-23
186
27
476
200
-166
-6
-312
-346
117
237
108
191
-691
53
-70
351
85
115
-354
274
3
-628
329
-327
439
145
-159
-81
240
315
746
347
324
-750
453
-252
-52
307
143
42
-176
382
-465
438
146
82
-447
-95
-401
126
99
-269
-484
-300
336
-170
254
-160
712
114
85
21
-217
-14
-296
-28
-447
-1122
245
191
-852
258
582
226
-350
-193
321
-141
-204
320
472
-315
671
-152
21
-280
-84
0
-501
-288
335
-102
-19
94
127
189
-79
-168
-483
704
-770
456
254
-7
-807
-216
-117
-106
30
-220
-189
203
220
559
-259
-372
113
235
-248
239
158
83
52
40
-1
-185
-619
286
-684
-294
59
-69
-65
51
512
15
398
487
-345
159
396
4
-698
308
131
540
832
-80
-150
-640
-356
270
-269
-196
-187
-13
590
615
277
312
-270
-669
-90
225
146
528
91
98
514
-54
675
-187
555
-143
-453
-127
356
-236
294
-204
-58
-330
-99
-551
-31
-90
733
-634
631
-106
498
248
179
398
135
-72
145
-73
-67
383
30
365
-282
-203
313
75
256
-306
446
-503
540
-1031
41
-441
6
-327
-348
227
78
-411
168
-128
-284
-239
76
417
664
207
139
829
317
-221
211
-105
24
32
-99
106
-97
351
-384
151
-673
-95
-543
-23
263
634
-334
-37
193
222
126
-235
-153
26
504
512
282
702
-59
326
273
-501
171
-330
-53
73
337
536
-111
397
276
-439
198
-211
401
685
-465
-73
-240
366
-354
615
511
-108
158
121
-147
564
291
-317
-57
-94
146
178
-462
-557
158
-225
-279
475
-223
101
-481
-352
-422
-33
15
20
586
-306
-14
-41
-115
-120
-114
-236
68
113
735
-371
-218
-17
-32
-1204
-459
253
-138
-692
-366
977
-121
571
353
-132
54
-523
-495
-568
-123
396
-290
57
-535
-10
31
550
-344
-169
-144
-83
-330
-144
-318
-30
-895
279
-123
379
52
-179
-473
341
-320
-155
-176
-578
-167
427
-41
351
138
-321
-20
263
-554
2
-346
56
-88
194
75
-241
324
373
-49
-599
29
139
136
401
-690
-734
237
-508
329
2
70
-748
70
30
-119
161
140
40
755
-759
51
470
-405
-326
-156
479
-333
-240
-352
-538
119
-45
416
-154
-423
-283
-930
52
-600
228
-554
-269
656
271
-562
-824
123
290
5
-64
-440
167
413
-221
-301
151
64
-479
38
65
429
108
-276
-145
429
125
251
-217
296
263
163
-148
409
-269
-62
-296
-247
-1011
-53
-182
-218
-145
-240
-641
87
889
-95
-204
-60
449
-259
-419
378
-211
333
-297
549
555
586
-778
16
-385
379
482
138
-359
-93
-121
114
65
41
-11
-435
-297
-274
172
-395
-47
-242
-480
593
355
-520
-128
366
76
-1
612
404
-29
219
-289
238
-396
317
-46
-190
-549
-77
-37
285
-282
757
180
-20
354
268
177
-72
-82
-178
258
-171
-728
101
162
379
371
-816
199
-423
177
-170
668
477
252
-444
295
-187
-83
407
463
-90
102
37
-431
46
402
424
-15
228
338
-460
936
-173
-252
298
-343
-178
-296
581
240
26
438
-52
683
-227
-73
-889
-2
-236
-568
108
765
259
-167
271
454
339
19
80
111
362
-87
180
-274
522
-73
-268
-382
-649
-159
-732
-149
-95
-437
60
-195
47
-20
-97
272
302
254
-105
38
177
-67
-30
1048
-377
98
-262
-72
-163
-482
340
726
146
421
86
478
340
-136
-196
-421
-187
-471
-153
-69
-122
-40
-375
-452
279
-578
704
-75
-432
-578
-304
603
187
-53
-411
617
-237
255
-94
-403
252
-756
50
-151
-191
143
60
-235
-516
2
302
282
112
-750
223
0
77
-712
-235
-803
196
283
310
-66
-112
-206
-331
95
59
138
304
-479
-60
-215
-503
-107
-605
609
507
-318
-186
-252
-192
-217
170
-534
-281
-41
-22
-107
-266
623
-425
987
-65
-295
210
56
207
-245
-79
-518
-351
-178
-557
-418
677
527
64
-214
-190
-686
807
-537
258
-9
427
-310
167
614
293
447
290
225
124
175
447
70
90
324
657
-92
525
446
-254
495
-1221
-55
-3
-477
42
261
-88
-47
-501
596
45
468
545
787
717
-184
-659
-325
-388
163
502
-225
-91
222
169
9
347
323
-456
6
233
-334
-120
224
-205
-16
81
234
174
21
-402
-248
567
-476
-392
-31
-280
270
-178
223
-535
475
-165
-28
272
300
141
49
227
397
-404
-74
-238
-285
252
594
-465
-53
46
-455
175
-49
-109
441
732
-184
-73
330
0
63
474
-235
261
-485
585
-540
-125
-1075
69
-365
-114
-477
128
-389
798
-257
448
-252
151
58
852
74
31
-375
-67
517
-582
-518
-522
496
218
-294
361
188
48
-396
433
522
-105
-530
232
-639
-326
-205
27
-405
115
189
-177
180
-156
-54
36
-864
168
42
455
-38
588
-201
248
-102
-614
-203
177
486
683
-169
-491
-84
231
150
230
233
199
183
587
-356
-396
164
-652
239
-112
722
377
817
687
-34
-168
84
272
565
254
-260
-408
-30
798
660
-634
225
-455
236
55
-300
21
310
228
-298
-374
76
-221
-628
-254
-563
-555
-158
47
255
239
61
-444
-65
268
369
41
487
-39
86
-79
-74
416
25
-78
-174
-560
-301
38
-43
154
241
126
440
-742
27
-92
-220
277
-305
-803
-315
624
-18
-290
-522
-50
324
-639
-155
-14
60
-201
453
-511
50
-10
-1012
-89
-401
704
-425
190
-153
67
256
68
-141
-505
126
-184
-13
113
290
-521
424
-90
191
-360
-77
-4
-182
292
225
504
-265
112
-146
-64
488
400
53
-664
282
-335
342
470
462
-326
4
233
-352
-256
-155
450
476
397
-64
-21
362
-129
-210
-91
348
178
189
394
802
-366
155
-510
-293
14
80
88
-176
-202
138
-64
233
-62
669
-11
-42
-642
-161
-142
381
1105
257
-415
-304
81
87
-386
-480
467
189
-18
-192
-364
-242
-472
-274
115
127
-109
349
-43
141
-330
-278
10
11
131
154
-84
-482
20
13
619
267
712
360
241
309
512
-243
-867
456
192
-600
-30
-115
754
474
172
-151
-182
-169
299
191
-29
-484
-198
-452
334
365
-312
-73
68
-20
595
-105
354
-545
346
-188
-226
-601
235
-512
3
278
309
118
54
195
712
-183
329
-47
170
323
-56
350
-539
-203
158
-121
-275
23
516
-743
291
769
151
-253
156
19
-159
-449
146
-104
-77
-269
139
-369
-22
449
739
113
-342
-566
-277
-194
25
-531
-189
-166
-776
-175
-496
-65
-401
-22
-20
58
-429
360
84
-114
443
842
264
-158
-315
676
-373
240
155
-185
-305
-63
117
-407
-433
57
153
-57
474
758
-262
478
40
-1025
181
-235
112
274
-228
205
129
340
-67
-268
-34
102
-143
-35
-178
-246
-48
418
-182
-158
-390
203
-142
749
21
-71
290
43
259
-172
489
173
71
-114
130
-330
-76
-312
-44
263
-374
48
274
-247
-543
177
577
-510
-213
779
-72
-254
22
-368
68
-72
212
695
287
930
95
-256
18
-611
-831
406
263
68
-41
106
-479
35
-94
-107
-122
556
113
-309
-371
159
52
-636
-296
-339
176
-212
326
-460
-614
489
-494
-302
556
535
106
-411
265
103
378
-394
-8
-203
399
585
-386
-18
-17
-574
154
307
-172
-376
218
347
-47
-236
-464
-33
282
725
179
-150
618
-298
-225
209
-718
95
112
-113
531
358
160
-902
-348
342
-118
-150
681
90
418
368
152
-302
-192
-432
-266
366
521
91
-205
-308
438
2
-167
-96
-557
569
434
-193
39
-220
-319
-308
11
-175
612
-271
293
176
-220
520
-423
175
-105
-205
636
5
19
-309
50
-120
282
-156
307
-36
-302
-92
490
627
-226
666
80
106
-60
227
-248
-164
-119
0
-50
373
263
-217
237
90
-352
-140
-203
100
3
-161
-251
-216
455
15
-86
-485
-550
-683
297
-169
-190
-134
-216
-485
-692
-306
-479
250
220
-198
203
151
284
517
487
510
280
-243
-385
-51
805
-234
48
35
46
-373
125
128
510
-499
-129
-105
-453
-277
-481
-551
-191
350
-414
-772
367
440
36
32
197
275
-431
238
-18
-60
-819
336
-568
-538
49
-468
389
116
369
8
-47
149
247
-37
-427
-149
-312
-82
133
148
-220
-311
-434
-199
149
175
-84
334
313
143
-112
7
-405
-220
29
835
-612
10
-195
-251
200
-299
-388
-61
-154
197
11
161
702
111
213
0
-505
389
-895
72
91
114
-636
447
-135
315
249
-473
-38
-226
110
130
-213
-85
265
-376
20
-428
376
558
106
-378
-414
427
-466
-66
47
-139
27
1007
-209
-116
240
-685
-139
-78
-562
-896
-140
-348
222
-43
-206
355
-425
-218
-460
575
-6
1013
-269
-226
-212
-14
861
-157
-625
394
85
418
-525
234
584
-394
-149
55
-600
58
146
199
-295
405
321
-128
-369
-342
-528
229
792
-21
245
377
-779
392
-555
-14
326
-335
176
123
311
37
-77
190
-373
688
152
137
183
-302
510
537
-316
-602
260
-260
524
808
215
221
-35
-2
393
362
-224
-83
-300
15
31
-171
553
-382
-109
141
-43
-231
15
-88
91
-273
117
-319
-177
95
-9
-533
846
81
-66
426
835
383
461
-839
-107
-1194
212
-119
-168
313
-65
-200
-99
-132
-102
-986
461
-1
-271
-267
593
-22
-144
298
-4
476
438
17
-164
312
-520
-329
497
423
-251
181
256
509
319
-61
-271
13
-601
-561
46
-34
-243
553
-103
429
-257
-78
-388
766
-600
522
-86
74
485
83
-710
-422
7
326
257
789
-380
513
20
-484
-243
254
-411
-144
174
576
-245
74
-74
367
-115
-278
-212
-1017
-9
-114
216
-580
-96
421
-513
-474
-281
-20
312
229
197
213
465
-223
-53
-397
373
194
373
9
385
-394
-163
-236
-588
188
-240
-1166
156
29
-554
211
-80
-31
300
-216
-258
95
-246
83
-894
-71
206
-64
-535
266
475
-336
9
578
-119
310
-285
-172
-124
327
422
-130
-378
-688
-326
-179
-73
67
501
181
-412
595
508
-674
77
319
-148
-265
-172
-188
416
293
-493
849
-324
-375
-323
376
285
302
107
479
-116
868
573
420
402
-632
-16
-153
-81
106
262
-72
86
508
-137
-658
-287
312
-20
-231
-22
-41
-95
-29
412
229
-405
-187
-876
-259
90
309
377
224
129
-23
164
-22
396
17
-115
43
-362
-34
355
385
829
-89
342
251
134
144
491
-121
-13
-124
-353
263
161
504
-618
-64
30
485
599
271
-2
22
-508
-346
166
124
-87
638
-524
425
398
77
-149
-189
-317
-172
149
-93
-16
182
-505
253
-87
257
174
-687
242
-370
297
-196
781
-318
330
128
304
356
-153
-48
-204
89
12
-5
120
253
151
-126
917
182
-365
-131
-99
158
358
152
324
120
-232
613
-81
285
309
414
-508
-82
326
-343
-511
363
-203
106
-68
316
-436
-512
598
236
37
321
-199
265
-329
58
-359
-151
-216
-38
-47
478
-58
-72
159
381
-404
86
-506
191
-650
308
-42
-41
-658
397
83
-245
-174
-520
-233
55
-313
20
53
-201
461
529
298
-328
323
442
-169
-54
-146
448
520
-20
-418
-156
196
247
503
-364
-439
-422
-505
-204
-276
-464
437
-347
382
-298
7
-159
1
124
-55
-391
135
177
194
-367
-606
-262
-314
290
235
27
700
-424
-73
-352
-423
109
-772
87
484
36
480
186
-458
-134
737
128
436
-205
135
-95
548
-287
804
-152
135
-273
-20
266
-7
-159
223
564
-381
-473
489
-853
834
577
641
-231
-163
-414
435
-442
240
-119
433
685
297
-385
