42 83 841
0 18
1 25
2 1
2 23
2 37
3 21
3 36
4 30
5 8
5 10
5 16
5 30
6 6
6 9
6 12
7 18
7 30
8 23
10 26
10 40
11 5
11 14
11 20
11 34
12 31
12 36
12 38
13 21
13 40
14 2
14 8
15 13
16 14
16 30
17 24
17 29
17 39
19 8
19 24
19 25
19 31
19 40
20 24
20 38
21 20
23 29
24 26
24 40
25 7
25 29
26 38
27 16
28 34
29 31
30 21
31 24
32 0
32 9
32 25
32 34
33 0
33 2
33 8
33 10
33 32
33 35
35 1
35 24
35 35
35 36
36 5
36 7
36 15
36 37
36 40
37 16
38 25
39 22
39 40
41 3
41 15
41 19
41 23
80
59
2
42
76
3
15
8
66
6
0
10
41
62
1
48
61
74
12
36
40
67
25
55
77
13
78
43
47
71
82
72
11
81
65
44
9
58
21
51
57
54
63
4
7
28
26
18
49
64
31
30
16
68
5
38
32
50
14
35
45
37
75
79
33
24
22
29
69
70
53
73
20
23
60
52
39
17
34
56
19
27
46
-655
-819
-775
-766
-997
490
-546
441
446
1248
-122
-1391
179
-2516
470
-956
538
-663
886
309
-26
174
161
1626
578
-372
292
153
33
-1
47
951
335
-410
291
386
539
-648
-695
1207
722
-1055
-1441
1695
-1485
281
-846
652
-650
-431
231
1321
-1353
761
438
-541
-1057
657
-529
383
-932
-1220
-711
382
-1036
838
735
731
-975
2032
82
337
884
1657
630
962
246
1053
399
597
-120
-469
-291
754
1544
-252
-884
-775
-521
-712
683
-562
-1024
208
-252
-481
-96
262
-558
-1610
1491
159
94
233
409
745
1107
-233
60
1426
1777
-713
-738
633
-185
531
863
252
308
-499
-1327
1129
-110
-519
-458
-191
296
-50
-560
101
-1016
-199
-640
-763
-95
1869
-1290
-569
-563
-305
1491
-394
527
870
-4
7
892
-738
451
-999
1187
-1662
536
1206
-6
-667
831
-510
-307
641
-439
-772
-2
36
-324
2626
-773
1098
274
-915
-1289
868
-287
-541
-715
274
84
651
446
172
-108
-457
686
990
90
-405
547
1179
-962
-296
-714
863
1025
-239
1873
157
517
-469
1980
81
2452
77
872
541
-666
578
-1365
-20
-924
-603
-1999
938
-149
-297
-195
986
240
833
1156
-597
538
-765
49
-762
-157
733
4
-482
-1032
949
-522
-812
874
1362
537
-1548
-963
-531
738
53
1096
-453
233
-806
-357
925
-594
-1
947
407
1276
864
-917
1444
1079
-1890
61
-779
-1375
-202
-822
223
278
616
-1153
-453
422
-168
-994
-443
145
-133
-251
345
-1015
-204
-306
968
91
265
-412
699
1027
-7
718
123
167
168
-1398
-606
-606
1443
-420
362
901
209
914
213
1245
-35
-624
-1139
206
-393
-1033
-990
401
312
1576
1324
600
-823
671
-110
-773
521
-508
-440
-33
162
536
229
-114
1450
665
265
355
266
-216
-1933
532
365
-200
315
-1433
570
1238
-145
-443
421
872
571
-584
1411
1783
226
-246
57
-1521
-618
144
1226
-287
-169
-23
1291
-820
-296
1351
-1026
992
-2113
769
-366
-708
335
-159
756
-623
-517
-1538
140
-357
-166
-450
-69
-571
-619
-603
-1741
-576
1303
-96
-1008
131
218
20
1282
953
-1654
554
480
-268
-342
-168
1263
20
-766
-1040
-1096
-732
-2
-534
2
403
1008
-889
541
-1162
1120
338
48
-632
-1767
-91
1397
655
-116
880
-1713
-19
287
-246
-557
-334
-415
-523
915
-853
587
1394
-1768
-177
-404
-1155
816
534
-1080
493
-592
399
-728
-822
349
282
-1783
218
-567
-2015
741
-105
-443
-493
692
-227
852
-104
-2787
314
839
549
-828
-273
-867
370
-303
-333
43
856
1152
-145
-562
1070
208
716
-578
1972
-542
-96
-788
-201
344
167
1489
585
476
-559
398
574
-720
-1061
1098
-1874
332
-1251
-1320
145
114
1454
-281
6
-377
-1
-297
-508
-404
-1078
1042
-223
1311
-646
168
685
1594
-845
297
-1168
-676
101
-826
-298
-272
-816
1477
-1214
1047
-2010
-217
-467
584
527
57
-73
-390
-13
776
-255
-127
554
-1720
-760
-415
592
-653
172
1071
-672
1844
-373
-337
356
65
-1203
621
-1641
-1129
78
108
-610
579
934
-377
757
-1169
17
305
316
733
-113
587
-631
-242
-1190
1895
-527
458
-300
-255
1061
-514
-1125
-30
1043
65
-379
405
792
119
-496
-55
-165
-141
-747
522
-34
-62
1431
502
-782
913
17
-1502
-49
-1712
1311
319
-609
1047
412
654
-1955
-417
-1018
-968
-204
-265
-622
77
-211
-36
401
-111
1205
563
-281
-107
10
-398
797
1644
2285
613
717
-149
-335
322
-685
-412
-1292
-979
606
-423
-1070
-907
355
-1034
-581
537
-1150
118
-387
383
149
-62
-999
-188
111
1102
-778
2258
-170
-150
-981
-782
234
-528
-503
-793
-790
1190
-910
408
924
640
-310
1040
-410
-962
1137
1376
261
-642
-42
69
1076
-1050
479
-752
-163
555
857
-446
-14
-1194
-391
-1762
-276
331
580
496
947
-217
707
-392
-717
1077
-583
-726
-134
93
1673
-204
74
512
764
-387
-2256
60
-390
532
-1696
209
-122
1139
1242
-95
906
-89
-334
-962
138
-79
-276
-1576
-731
534
-644
1152
-472
-130
571
1004
-84
-876
-1062
295
-461
1275
278
1848
-516
-364
-633
130
1597
1399
1369
-1105
-793
321
-436
595
-149
-13
699
139
468
1563
-202
1446
214
1176
562
-754
-1700
-872
-902
-338
-1045
-914
908
-33
623
354
-1225
-630
789
-698
-1406
1337
1485
-732
-358
-497
-1771
-105
-656
923
-826
-1511
-293
-25
793
1025
-130
-588
385
-1118
775
430
1767
1401
-763
255
1410
-689
427
514
-1269
-768
155
-567
275
-152
-1525
-970
454
-612
1021
-1755
-619
-964
70
460
-411
720
-543
-212
-153
-1169
-569
-142
-1206
-191
92
486
-331
-436
-275
400
549
84
-1058
251
939
78
-848
-831
-37
2183
1427
-1790
-816
559
389
407
832
705
49
137
-93
430
-40
-668
311
-1002
-1102
-87
-203
-785
1187
598
362
1977
1552
282
579
315
704
432
1211
-576
10
1328
-576
929
-756
1550
-1788
-510
-848
1411
775
508
1049
-454
-918
202
-1463
-1006
794
-357
-420
-508
-757
64
1716
-426
1432
790
635
1872
-745
-958
1230
426
-941
-1302
644
-834
126
-1785
562
-51
-656
1726
1292
769
241
61
625
142
-1130
-80
-1845
-201
236
65
1148
-1312
-409
126
370
196
789
76
-730
-204
757
1003
-378
1037
-502
753
540
-2258
698
-575
-270
-1027
459
57
-792
64
1164
-1965
421
-1299
-258
481
911
176
-64
-1041
799
-217
-396
844
-532
770
-935
369
366
-404
-433
-281
1443
-970
888
960
-337
1265
100
-223
1810
315
415
-308
-983
223
351
-237
-77
-21
200
794
803
-104
637
-1109
-1136
-418
256
-115
1160
-505
6
1678
-1176
-1420
-871
125
534
-213
-645
1622
-905
-300
-831
720
-989
-57
1222
439
115
-486
959
110
-335
-24
-259
441
-463
1221
-469
183
1673
-421
643
-2059
-1636
799
-620
244
-481
538
1841
-532
704
-650
-203
-726
909
818
-950
-848
516
-517
-719
-111
887
498
591
36
13
1282
-378
-698
615
936
-1368
99
-940
210
66
526
-223
-615
-182
822
-1222
-46
1315
582
1371
788
-427
425
609
330
-833
1823
351
-312
453
-919
-939
37
1504
-1021
345
-128
-391
-1495
1174
-123
1019
779
-517
-120
-748
25
248
-1166
1788
-961
-142
102
313
-1560
1430
311
854
321
-2247
-1332
-922
14
-465
115
-76
251
-40
-328
1467
-1333
272
1178
-53
-512
-1576
1409
639
40
-1182
100
1811
-845
-475
14
620
115
341
-275
-161
1016
-1062
-782
1168
2072
1233
1214
-1136
486
1045
35
-859
-842
1467
223
-207
1105
-1571
-905
-62
-922
-77
827
-1444
771
-2110
-1315
-1804
-93
1123
-1712
-839
207
-329
40
547
-81
-84
2036
688
254
-802
1441
-1380
103
1238
-489
237
-1595
102
-251
269
-433
718
78
-1967
251
-391
-369
-555
-360
-2192
-421
-1313
12
599
1152
-868
-613
1682
-361
-1986
1748
864
1062
-1263
-343
643
1701
658
-158
-1072
-330
-1686
310
-1750
545
966
1503
-227
832
-373
740
-112
-1987
964
-469
1447
-45
1220
-763
351
1602
2455
-1156
-644
-917
109
831
-442
426
485
-191
-20
-602
218
-312
675
-25
741
1177
-1606
391
-485
1330
529
-568
113
248
-101
-140
-1342
122
752
-65
221
1262
-526
-205
352
61
791
-931
303
1564
-851
181
-151
212
1720
63
-1494
-1079
179
757
-438
-152
417
1177
-842
-137
427
-119
-343
-724
-278
-186
-31
329
-732
-132
-247
-437
-1203
973
365
897
-76
-1280
-47
-988
371
-1106
-1482
1642
881
405
-1965
61
889
-1204
38
315
199
296
393
-455
-419
-1773
-105
1053
1104
10
-306
-521
308
110
852
557
-527
-1728
887
-12
875
-343
914
494
2160
58
-863
340
-307
-547
1158
-486
1126
1173
668
396
1073
122
-727
-329
-1168
-287
601
1714
51
-104
-954
399
739
1422
645
724
120
-423
-576
-722
1013
-112
605
-266
781
-582
-194
-1140
-953
-555
1579
720
-362
824
364
-132
-870
-1572
-157
1415
126
298
414
-1128
362
-1629
-121
-359
-365
1912
-1646
368
-514
941
-628
927
-351
-714
-173
-200
491
555
-770
818
-466
1797
112
-1076
749
1333
-1510
-375
-765
-69
-855
-918
719
-45
-311
527
-657
1254
112
-740
-405
1095
482
-1201
-584
42
953
-1114
301
668
-105
-924
-623
-359
-1
410
-689
498
1665
1428
1430
904
-38
-1438
1045
-1912
-772
-295
-398
-1126
-816
1875
701
-394
900
669
-1608
-115
766
875
-842
-576
876
-656
-675
370
-22
1632
983
-58
-748
-382
-12
-489
-152
740
142
989
-777
1373
-306
-263
-413
543
815
445
127
-203
1690
103
-950
900
-421
578
367
-341
-1189
300
-1384
826
-339
510
-764
-1279
-366
668
-59
-974
1147
306
-1589
1971
443
63
-113
1106
1566
-201
-295
339
-1322
-478
436
558
398
-655
-49
-752
662
-456
308
-281
-67
-345
-999
-998
282
328
-141
-1053
169
912
2432
-5
1927
-1172
-1090
-1267
-833
1858
-41
1870
-235
857
1476
-167
1015
210
399
-957
839
2
1290
928
-1923
-859
-982
1119
-707
-600
-699
-260
790
-595
-931
-836
299
105
511
1366
783
369
231
-194
-1307
1501
-299
1217
-1206
682
1544
930
443
1097
-815
-745
205
-230
441
907
46
1444
1590
292
-1433
-494
424
-1897
-1230
967
-408
-566
-1242
-1174
925
183
52
-160
85
-726
-1438
-494
518
775
88
-236
-409
-415
-893
2393
-460
904
-1988
-57
1489
-188
2188
188
426
1446
201
897
-1167
484
1195
-140
-401
-1179
835
-454
-1793
-1103
-2060
277
161
849
-333
-526
32
-1228
469
-339
364
-690
827
70
321
722
-571
-545
-1103
273
-1339
825
-297
679
86
372
-287
873
-479
-144
119
736
1518
-807
499
-607
47
-542
52
-71
135
1263
-156
783
198
-259
436
76
-934
444
280
-479
19
-1190
-259
1173
-685
583
776
237
-829
-1266
662
564
198
960
-895
-292
-697
-1373
969
983
328
-634
-1214
1217
1652
-1267
-172
823
320
-1592
1204
-427
-53
-439
610
-25
-721
108
1659
-615
1552
-221
432
1170
-399
-378
715
1100
1341
490
971
152
-627
471
-514
-541
-1755
361
1196
-1998
-579
932
-99
576
-563
2072
-176
481
918
-1399
-1462
1030
-246
32
-416
1130
1314
116
-1236
-206
-406
696
-30
-1085
86
-1183
1399
199
-1407
-484
430
1547
906
-963
-41
-5
-210
1581
-1610
73
1076
425
-732
-1491
-609
-135
227
-675
-1718
141
-625
-488
1293
-662
208
1182
-177
447
101
153
-256
-377
-1886
-588
-231
-2995
-1444
-374
-52
-534
478
-1122
-1265
-1850
-733
-1399
-345
-27
-583
-359
481
-153
-432
648
-125
-989
911
-467
-53
546
350
1617
-49
643
-790
1095
-844
-62
-76
-789
749
-838
55
-438
435
1229
625
1006
-1655
596
552
-1134
55
-365
-1160
-732
-1376
484
575
-334
-291
1193
-617
669
397
861
-1172
-385
-114
-100
-230
-630
109
-1876
589
-1402
671
238
69
654
-58
-314
-951
-416
-489
-1305
292
-911
-324
748
-528
376
438
-934
406
-284
417
-484
-595
-668
1574
-378
-379
234
-242
-836
108
670
47
-268
619
952
1306
1037
-1245
-125
424
18
1323
1244
-101
-806
304
-14
-1534
154
446
1196
1481
1737
-1116
-700
128
-297
-1210
402
-491
-167
590
991
-50
-908
-1330
-1244
789
1237
-5
-822
-362
1659
466
-1881
-482
-829
1082
777
-740
-589
11
170
-474
-1112
821
-11
-297
-66
1291
1002
634
-815
-82
283
-510
-454
308
691
-626
364
-1419
-653
634
33
249
-13
922
-415
1092
803
1004
301
761
-990
-345
238
1229
-822
110
-76
-1017
211
760
-369
-898
1210
389
757
490
-506
-252
573
1790
302
-371
493
62
-548
-862
-918
-11
-1486
1434
-414
-127
-725
-242
827
-1711
182
-1157
-48
259
-312
12
514
60
-230
-340
69
-666
321
-283
-1142
-457
-1072
-247
292
-245
1286
-83
-904
610
-161
24
601
-438
1886
-186
239
242
773
-162
1096
-1190
971
486
-74
-120
1029
-103
309
1271
1851
1197
-480
-419
861
-409
-756
-520
-879
3
72
-2707
-953
-1235
-175
878
-613
-374
-281
-198
-326
1759
-946
-818
471
-1287
676
-556
415
-1106
-1414
369
-789
190
339
831
-1465
923
672
-1116
-799
423
-544
1111
599
-222
-257
-379
1224
-97
-73
880
287
1113
692
-409
486
1347
-845
-1271
122
237
-709
-11
-340
-751
1054
-874
-1146
16
-490
709
500
-279
-531
-1579
1909
1193
-158
130
-72
396
-1368
-500
-125
223
-892
-1601
-864
-258
-732
824
274
-501
-887
-85
-410
1214
-485
194
1019
2291
-520
-293
1356
-618
-2026
-81
600
695
1418
1132
-797
-1020
231
423
700
-184
1657
-880
-367
439
-734
1300
-972
303
609
-112
1207
-1180
668
-1030
9
-1228
393
170
701
96
-231
-439
-1411
443
-1060
235
1497
-30
-472
-492
-656
197
473
648
-837
201
-1011
-776
319
200
-1335
-864
1287
79
-1144
-944
339
356
764
3
-1336
-76
-1137
195
1459
1175
1525
644
1882
75
209
2368
-167
-555
-556
-1276
-1232
110
-2345
-928
-739
162
1352
-1137
433
259
-1307
-1573
-487
-1952
586
146
-1362
-546
309
-341
-936
-2097
-1275
133
556
514
1228
-987
751
185
-413
571
669
-1045
435
253
364
-1259
-527
334
-265
122
701
-703
-631
-496
-173
597
-685
295
173
710
-958
-12
227
-536
1042
-1236
303
-53
57
54
105
349
682
-1690
292
-651
248
-68
-479
-504
-1490
-557
535
-277
-270
454
-235
691
846
-454
311
-899
-354
-52
-345
683
454
-698
-230
143
-1453
-391
-302
886
-1718
1073
1169
-299
-483
-862
1397
516
-841
1190
-971
337
736
966
-1653
-655
-242
511
-818
-959
1543
505
182
-113
866
-838
302
629
-737
627
987
-226
467
333
-313
813
-2071
-126
495
-714
277
-284
-356
312
-1082
-126
-651
-990
-285
-35
342
47
438
-936
-1503
710
-648
35
127
-1795
930
-386
-194
-204
891
294
1004
-1197
445
-777
-38
914
-690
445
594
-1447
-297
994
-171
-142
1038
907
-67
1188
441
-104
-688
-1058
1640
-945
-841
-701
-1322
-816
327
1075
310
-1892
615
315
-439
651
526
-55
1954
1040
2309
1661
-828
101
764
-794
-938
-96
146
-374
-771
774
689
-1291
-1430
-641
-558
-830
298
57
-279
-674
-823
-287
463
-272
573
758
596
-483
-453
-2057
-955
979
1354
1198
-1080
77
-1510
-94
60
378
177
405
-7
411
345
-204
2207
1807
276
19
-984
1099
154
1686
-193
505
-1067
693
1736
319
1078
-813
299
-1629
-608
-1001
1328
-100
-103
-197
-656
-470
-316
240
-256
830
164
-1263
-118
23
-884
503
-295
641
1665
351
24
-192
-51
-1049
182
386
-455
-232
259
319
-240
369
560
-1584
545
-461
-1050
348
-964
-1611
-89
1008
386
302
1305
392
-1003
-1130
-1595
-138
1313
983
77
448
-1233
-1632
-284
556
-510
59
1329
-661
67
1
-1049
-630
-797
43
71
893
-216
581
-319
-516
888
34
15
616
-191
45
-300
732
-810
-985
239
90
-1584
-1087
1581
-343
-613
2556
404
603
-321
1040
-521
1135
1300
1071
-1556
-250
815
1594
-486
-251
1904
-189
-920
134
-256
1966
-1530
-472
491
1212
745
105
394
1459
-2061
38
-316
-875
-117
609
-939
4
234
121
-187
-1368
353
-211
713
96
-948
1025
130
-1841
437
1655
881
973
880
-21
994
-879
19
-1146
1607
525
246
-298
1097
355
-547
-1216
-503
357
878
1211
-1401
2322
820
766
311
859
1330
-461
-524
311
-498
1406
-553
-616
714
170
-357
-541
-677
-102
-505
-1783
-977
638
-1266
-363
-523
-746
325
344
876
333
1296
854
-33
389
-408
-1216
375
-622
2166
-694
-599
-1757
-719
-206
-1447
338
181
-1468
507
468
97
111
-331
661
1045
752
1980
963
-401
156
857
-235
-190
-246
-86
-29
-171
609
3
-235
-607
559
280
-666
-433
240
566
496
1514
-117
-586
-244
-504
-282
317
493
-647
351
-1055
-1177
-722
-225
1202
-194
1471
674
-544
225
-341
110
1141
767
1389
-1141
780
-1840
-188
-304
209
90
718
617
-28
127
-503
875
-172
-1694
-1352
-1563
223
-131
1111
-549
-1808
-140
821
91
27
837
-2243
441
39
-2099
-556
761
421
274
-78
-124
215
-172
651
74
26
1016
969
932
-479
411
-1737
1536
-261
-663
-332
-1014
510
525
1396
-441
1012
922
-2836
180
-1107
1128
-94
-642
2333
-424
-431
404
-39
404
453
-496
-152
-1692
373
216
356
-390
-177
196
-1228
-692
447
151
-1268
-1794
931
798
887
1723
-2405
750
-1717
-812
-262
2058
-184
9
-1486
867
-574
-1258
-520
201
-1189
-1119
2140
-1056
-873
836
-1451
-340
535
-752
-193
483
658
-1437
-521
351
131
-1417
1194
-266
-1699
480
-591
44
-910
-83
364
-294
655
-892
-873
-302
694
-903
153
-274
-1128
1732
-96
-213
-654
-618
2350
-622
-332
-887
-666
-991
-149
-546
449
772
1804
-1596
1807
518
-1220
37
464
137
-932
496
-1584
194
340
1152
-971
1910
2020
-411
-101
-2924
-206
1053
883
342
993
446
155
-1339
39
-889
238
-20
381
-99
-40
-459
-366
576
-848
1191
1537
323
715
213
222
-518
-663
-818
302
1070
-1166
-783
-298
1429
204
167
508
-800
1569
-1348
-354
145
651
-301
-1142
1332
935
-1221
-1176
-659
-80
-1646
530
-252
-1382
-957
490
1798
1074
540
216
521
1443
-999
807
344
652
-1097
-1878
963
-235
628
924
1273
469
-95
-901
-335
-98
-1001
-29
928
1
147
-921
671
607
187
346
826
839
1679
748
410
122
220
-1340
-434
-223
1740
565
443
-39
-291
-529
1015
-312
1227
-452
-984
1003
-949
387
1155
640
-85
-80
-670
558
-311
997
-1274
454
750
-567
665
1460
-841
-342
-457
-29
-197
-17
782
608
1997
-650
-1827
-538
-112
-1068
-539
-1220
-1214
-820
604
702
1497
22
-411
-921
-171
-13
-1253
626
-503
-693
185
-782
-21
613
-394
1082
-972
1335
-2190
817
360
407
-2093
-176
-1623
107
-1196
-172
-44
359
-136
-383
1538
-735
-577
-658
-264
-921
-104
432
-811
1031
-763
1131
-286
-621
-2736
1026
2133
411
108
576
113
-360
-478
-246
-1168
410
622
931
1754
-313
-237
-1003
197
1238
1107
-606
551
-145
-398
-1167
-1895
-512
-1299
1280
-318
1518
629
-402
527
-610
998
-177
338
-1030
-844
-756
317
-184
383
-833
533
-139
-245
-489
154
927
-1708
-2198
964
-929
313
658
1886
399
477
-694
1477
-1735
-58
511
-545
1009
1000
406
703
-128
-155
-1033
576
457
659
1137
443
1274
-653
-108
59
-895
152
1152
169
1078
214
-422
-1382
-1427
235
673
686
779
-237
445
1218
-119
-383
-1322
-23
154
1070
-146
-228
1024
334
767
-457
-695
1005
-858
1000
1661
-535
-356
851
-1435
565
305
1164
967
-1166
-373
-1175
468
99
-319
-1002
-546
160
-496
-220
-764
666
1045
78
-119
-667
-1790
-421
-235
-1023
1722
-279
-346
693
-453
553
546
714
-303
-770
612
-113
-451
-444
-1111
-209
-1241
-353
1153
67
112
-779
-61
748
-551
-1384
-160
-496
1138
1199
322
-80
406
479
-812
506
-1016
-1294
59
123
-1998
995
-324
36
-834
989
1672
167
-106
155
290
438
566
509
-639
-542
-104
1152
-1991
-1463
-76
270
-385
351
1965
-1126
1356
-263
122
1129
-933
154
1622
-1645
-630
-662
598
1449
-328
269
341
-1506
51
-970
558
342
-219
250
-915
-1359
-57
-372
-1195
1814
532
294
-1070
342
283
-1815
-718
920
11
-473
-337
41
-140
1180
806
49
27
-42
1140
433
-192
-678
1101
1018
-343
408
-56
-572
-163
-394
934
-109
729
1450
673
-668
-119
-136
1709
-73
373
-257
-637
-1530
1120
1004
-1776
681
614
116
89
2335
-350
99
-429
-1057
350
-419
755
-97
-102
1214
-1012
1356
-618
-1504
256
772
-145
473
-1239
808
-295
-2012
324
-407
-80
-538
137
831
1089
191
1045
-404
-470
-1170
766
-30
585
112
-398
422
-2011
1389
-1886
648
797
-1283
-1374
606
-1052
-123
2040
-765
1718
1626
269
-1151
651
-921
824
1261
-81
674
322
732
74
-401
653
-56
1340
-1483
26
934
-1332
734
-58
420
-392
-901
-324
635
-51
-1420
1866
-972
-397
-11
-763
-620
387
-490
-1167
-201
386
936
719
-646
641
-2344
-794
780
-6
19
798
-322
-427
711
1319
-1094
106
-270
-530
1475
-631
937
507
1635
212
-565
538
-1555
197
-821
1330
992
690
302
296
198
798
353
-909
-699
615
-711
-838
195
-748
853
-1643
343
-792
400
-719
-378
1113
201
307
992
1001
736
44
529
-1014
-450
167
-117
908
800
-139
-1147
521
1009
-570
1198
368
1624
565
596
-656
1603
255
869
-111
-1228
630
-146
-1258
345
1586
78
62
-70
-564
-50
-487
-382
1395
-715
426
-329
1960
-414
1016
-861
1249
-604
-1342
-584
1241
114
-245
1108
-1459
245
-1331
-607
-1576
-79
1994
-143
-417
1077
-715
-254
435
-233
-707
556
-238
-113
-716
-1205
131
-313
-494
-903
1407
-150
196
-803
413
739
-2100
-531
165
-1253
440
-1305
-30
-1405
622
-152
794
-437
-1136
192
-565
-1702
-403
-503
-92
159
-38
773
88
-725
-24
905
-1119
649
1083
-194
-235
-823
297
-76
495
-1024
-558
483
-79
-1065
-480
1217
-95
-379
-654
-531
-537
32
406
7
-322
957
197
-1404
287
881
-67
271
455
238
1129
-696
-115
544
13
800
-246
605
1608
1623
-497
265
-700
734
-604
498
-2437
32
33
-570
1360
-1177
-287
89
-576
-645
-99
792
475
143
7
-691
-1612
-1138
-932
1444
7
-624
-550
-769
-60
-281
1669
409
118
-153
1424
-322
531
-1039
-214
306
1721
-302
1356
-778
-1503
-601
2459
449
-232
-19
-1600
-1880
-89
211
1285
-340
286
1548
148
343
445
152
-369
180
783
308
-308
353
617
-12
-382
64
-107
-199
709
-380
509
-908
-465
-1439
-78
-718
145
-367
1740
1433
-389
574
-575
161
223
-674
301
-2075
-187
-890
-1067
67
1149
692
-586
52
-459
-728
-508
524
-70
1467
411
-28
-1624
-90
899
-1280
-557
-291
1571
-91
-517
950
-684
290
1283
-784
578
1255
846
-385
-554
-59
330
-817
238
-1277
-473
54
326
-569
-395
1133
661
235
-203
493
-655
-2213
828
-122
293
71
-513
-284
-645
22
-460
-812
233
326
-788
-289
-817
-1168
551
-467
2000
-761
535
285
957
-1886
-244
1070
885
1757
563
-281
-268
278
-9
-605
716
-37
-942
-394
-205
693
206
661
713
12
390
-52
-548
-475
246
2223
-1357
485
536
51
286
-629
-16
-241
-511
222
1220
-776
480
696
-489
683
624
-169
282
1115
-590
103
100
802
-1719
698
966
-961
911
315
-1034
-1490
185
1249
625
-629
981
-51
-477
145
145
46
-115
34
-638
115
-69
-1267
-1265
-1336
2290
510
1418
1742
-338
345
1306
-858
153
-178
186
-1139
1552
177
-456
154
3
295
367
114
-1092
1776
-214
-195
1124
8
121
-1004
-219
-1063
281
435
-206
-60
774
152
805
-402
631
679
983
217
-646
-404
-826
-496
-449
-444
885
-295
-180
1361
-239
2195
-1399
653
474
-1950
-1143
-1146
-1685
746
-15
-716
-550
-459
109
-738
722
608
-1072
1368
589
-397
-579
1597
419
207
-1158
1063
851
-2304
-1376
217
-277
-671
-1717
44
-1159
-1098
2045
-908
955
-538
265
-140
-272
1090
365
669
177
395
569
-478
-1461
373
433
1214
-281
-123
568
-106
666
244
-732
757
189
-47
-287
314
1005
781
704
1058
489
-533
-233
-539
-23
-294
751
-771
-869
-779
828
-676
246
-850
45
1428
504
778
-266
617
-1294
321
592
1434
-1691
1049
-320
-285
800
20
-699
6
447
-751
-1405
-688
-127
978
-1874
-14
910
-293
-437
237
-539
-939
397
887
1007
-680
12
1537
572
-115
572
645
1154
-413
-274
2093
280
405
-46
229
-1048
66
-19
12
766
-1180
-120
248
-187
880
431
-903
339
-690
610
691
-660
1171
-91
-59
-1043
235
-1196
405
-679
283
131
141
-1360
126
-417
141
457
468
361
-443
374
-895
1510
-1137
1269
2134
748
-1424
-1495
219
632
660
534
-524
126
-540
-166
-45
620
805
283
-624
-452
-1144
221
-1090
-190
1559
-1950
1585
-1255
29
1045
-410
505
-2009
-597
240
803
-713
-902
-1347
897
-442
196
-106
641
1160
-866
-852
1112
176
121
789
-266
-873
-287
-189
878
816
-1208
111
-223
2213
573
889
424
64
-410
1350
-1359
-1031
548
-142
846
51
-664
1865
-1150
-1467
753
579
25
89
-1232
661
-115
-924
69
-341
-84
-1020
512
1592
-300
-1986
63
450
95
-808
-1336
-215
1231
-518
-496
1902
-658
2097
1991
1298
-2106
857
408
-2503
267
-1981
-589
-638
48
-578
205
-287
118
1792
172
-473
-1191
-960
-1167
-1690
1227
878
-390
-1045
743
-698
-615
-236
1016
356
443
-1250
906
-656
-737
1443
-626
-668
-1099
259
-1049
212
-426
-421
-539
115
-318
771
127
-1418
24
-807
-1134
130
-771
543
-1295
-347
799
-283
297
-466
-539
394
-643
808
1015
228
-306
-390
-1176
801
861
-762
574
233
802
-775
-334
-34
764
-556
-31
355
-170
-209
574
112
377
571
-1615
-1041
-471
137
1356
479
1786
684
-1131
703
-1145
-1133
-984
-339
680
385
455
-449
-140
-1323
615
-85
-161
864
-784
678
-266
-1377
-1890
1388
-1149
340
2011
-1565
-210
-2907
671
-505
116
642
-694
465
-197
-1238
-92
1743
-406
-1503
138
-494
612
-836
-724
-275
-1261
-301
1540
-165
-599
723
864
-2
-132
478
1454
-41
-247
478
156
-472
-702
295
404
1427
297
-500
665
-927
-1676
-838
-632
372
-1203
-10
520
116
-129
586
-431
-292
207
-218
-522
945
-428
328
-245
-949
-752
-628
-131
922
1220
-459
529
-1038
156
-440
-59
-432
1104
445
-1628
-277
-499
1061
135
1305
-17
308
292
741
2186
-1448
-18
-285
-601
276
-1140
659
-527
-405
758
860
-1034
-581
914
-704
-219
283
-656
-561
338
974
-477
221
112
-521
-306
1557
526
619
-491
-504
-534
-1281
-1009
104
1162
330
-1449
-169
329
-46
601
-933
94
551
-1306
-15
-251
506
-651
534
-279
-1404
-579
-1080
101
-1297
-440
-801
-785
-1622
51
983
242
174
-703
-1416
1074
1230
181
398
1475
603
1046
-2091
2282
-368
55
1210
-1276
949
-381
82
-398
-812
-2165
1968
-135
807
387
-706
-1397
1365
326
-343
155
-183
768
-215
521
-541
471
717
1223
-358
-1315
922
1295
-1418
-22
-1454
-407
310
1409
785
-2445
-386
400
62
688
-490
-48
786
-755
-591
-492
-17
1792
736
-707
380
641
-157
-90
-502
666
74
399
131
334
1161
907
1548
-495
-280
803
-201
-6
3
1390
-473
145
699
23
-463
-182
-825
1704
-471
510
-113
-508
1288
697
-1169
1771
307
-248
425
828
-483
-748
-625
210
-572
-119
382
-171
-1956
-901
-314
173
-832
214
246
-803
-841
-941
64
-1054
-23
-947
-677
-1118
1290
-396
-515
-98
755
-1443
682
-1769
439
391
1734
-131
1740
1281
1340
533
-963
383
-1244
1413
195
-451
-562
-372
-203
-150
649
-271
-21
-1218
299
-252
414
-317
227
690
-875
1230
-820
684
-234
-70
190
-809
-1209
848
-1011
111
355
367
532
44
557
-828
250
41
584
-709
-1504
-1611
-595
-707
-700
-1611
-215
-1246
-1137
-46
-771
-284
-948
180
-2262
1270
1113
1491
17
1755
98
419
-861
700
1119
567
46
-326
-650
332
448
-456
655
806
83
-512
65
-923
223
457
-879
-445
-1388
-1144
99
-289
573
-1556
883
-526
1079
996
-1675
-902
232
-623
-651
962
-733
-1381
30
341
290
438
705
874
582
-555
-1220
-74
-109
-502
1260
-135
270
481
53
380
831
824
-427
-1632
1012
-395
999
-1135
-452
339
-62
-654
1504
613
-593
287
-799
-958
-671
1172
-155
120
103
-328
815
355
-1335
-275
-165
-49
-64
88
23
-441
638
124
-529
329
382
-727
-311
-437
1066
-275
-220
-1483
-1674
121
-513
-1407
2373
-514
-55
441
482
-66
156
642
1085
428
1174
-1452
-809
-296
-1011
430
751
422
589
-12
-122
931
219
941
-653
186
903
834
394
1769
-1496
-145
-2016
388
-187
1663
-210
-164
-652
1029
387
-954
-27
-643
754
511
-93
2107
226
2953
-856
577
-1867
-259
572
-495
490
253
-291
-904
-36
904
-680
-418
-676
1186
137
-226
875
2
-922
-832
-744
682
975
605
-58
-820
-2
871
-1517
728
-216
-1010
1507
-506
144
-1177
-292
-619
-2018
-991
-34
107
241
-332
572
-21
-975
604
-684
600
-430
695
334
329
-731
-1015
-1250
-30
-353
-1383
-701
-950
499
-108
92
205
506
547
-544
325
29
583
-743
-412
-1149
-52
-37
-1086
658
144
-1161
-312
494
622
1550
199
-958
526
-1203
-607
-1063
-563
-1475
-96
241
398
1120
-445
534
982
-263
-84
-286
712
-396
144
145
1103
1146
-333
-910
-44
-450
281
1443
-287
-1370
1238
828
479
-147
1000
1118
152
-297
-158
16
348
679
-451
-331
-1581
-1808
2222
-306
304
-2133
830
1326
-612
-10
-1397
866
274
28
-747
-160
888
-1158
640
393
121
1121
1016
1851
-787
-1286
1110
-1047
-1925
325
950
-615
-1243
-1616
-302
-549
442
-874
185
-1295
788
289
-1022
-1731
703
-291
723
535
-1486
107
709
1848
1444
72
424
-1470
-997
-1806
-758
891
-295
2488
-1285
129
-504
337
-798
-769
-96
210
548
1550
-345
-191
-727
167
386
343
1023
-543
-1246
-272
117
722
-256
1033
2032
470
837
901
1005
-605
286
628
1221
-37
143
-1083
-1124
1643
596
315
585
1309
-346
342
25
242
1104
-767
616
-1260
-387
-1120
679
491
58
930
110
383
572
1751
-251
417
162
-697
293
-1038
1022
-630
640
567
-410
543
362
-133
-536
-847
-840
611
1071
-925
-1827
-862
-812
-413
-107
-245
490
1182
-428
-125
-377
-1355
-623
287
664
128
62
497
-305
-159
748
-294
477
-635
254
1983
51
-1051
-324
-845
1713
-104
-1518
100
-44
619
-268
522
1075
255
392
-2775
418
1369
383
-308
442
-998
-704
699
628
-1649
625
561
-346
64
220
602
-441
-1253
-1107
420
-398
-2068
1160
-7
-918
-192
-356
-1989
-187
-143
-356
-33
-403
1464
1803
1594
-563
346
505
497
828
707
1138
1097
-445
560
-605
38
-192
-437
-9
327
544
1243
142
-781
-378
-481
-603
-84
31
-678
-1137
1500
1809
-562
-32
-821
-902
-1074
-684
614
346
988
-662
-522
-145
-347
1130
1217
-115
-732
-91
-1077
-57
-989
-988
521
230
1340
58
815
-933
-725
-975
-566
-1351
490
1245
-1432
102
818
-447
-603
-840
-970
781
1039
130
-109
1371
-425
-125
-137
-1677
297
1280
-968
961
1772
26
723
-754
726
-206
-837
751
1181
-1353
-221
-86
581
907
-219
-1341
-353
-1197
520
-531
-521
379
-531
980
815
932
981
185
-162
334
-1347
-883
-926
-996
630
-102
-814
584
308
-140
400
-1523
30
-284
-1697
1883
592
1065
225
-750
-556
-1577
57
-201
-707
-961
643
980
1435
617
736
-560
1651
591
72
-1586
-658
-97
312
338
543
194
342
857
1302
-530
408
-1196
-970
-60
-1462
-1051
-933
-848
189
-257
766
377
74
1909
458
-880
224
-341
-476
-254
376
-240
-1164
-796
-1519
1319
-360
441
-247
-363
29
60
237
1123
-115
962
997
-194
-733
-288
356
216
650
-1131
881
-1015
692
327
234
-635
-2061
-1341
354
537
257
368
-1421
-1087
-1049
-780
-149
325
1611
497
1368
19
-1294
-844
-2604
1209
-1348
-77
203
151
-1006
-945
1268
731
-29
442
-710
396
-68
-328
227
299
-263
-1986
-65
-163
986
767
887
-184
1269
1187
843
913
-289
-414
-781
-213
-15
-508
-1073
1034
254
-365
357
-2873
-1681
296
534
-56
482
241
559
-55
-1538
1050
55
-271
-333
918
1465
-952
-697
-141
761
-1052
2275
-628
-777
-74
-1312
-48
-4
106
-1603
163
248
-1194
1196
-1401
462
-178
116
15
-203
694
-251
242
147
-1211
369
-942
-1701
1351
646
-277
791
-1105
-107
881
-902
147
1011
-172
-33
-327
1493
-152
-1237
1798
-100
1709
-298
493
1949
-762
334
-728
-494
399
728
155
-318
699
-534
291
-49
491
-1381
206
-588
-700
-463
-823
1316
349
342
-227
-569
221
-1388
-441
1017
117
364
40
2142
458
-580
-744
-240
42
156
-383
63
1988
-814
579
101
25
492
691
-607
1273
647
-281
986
-400
988
-65
756
253
723
-855
276
-247
28
-715
-49
-1373
307
-328
-1408
-567
-632
301
-21
1483
700
121
198
-647
48
-476
396
-1243
-645
-351
-949
-424
-684
1679
-713
-727
225
453
-421
536
287
922
1628
299
-1408
342
773
123
-152
-70
648
681
23
812
767
971
83
-1255
49
-109
352
-813
-304
11
-523
1328
-275
355
93
-120
-431
720
-85
102
595
-571
660
-921
1035
1241
1081
-271
608
324
-353
734
254
690
2117
-924
-1241
-1141
-882
892
340
-404
931
-252
-241
-732
322
-1138
-545
-180
263
1128
154
33
-1697
111
449
-946
-611
985
-495
-788
411
-451
1994
-522
1110
497
-73
-27
-146
-1632
-728
-1620
-428
1461
246
-1653
-1250
535
-360
-289
327
294
667
-194
1856
-1712
-272
-1209
-757
1233
907
-2035
1
360
-41
205
448
294
643
716
989
450
-820
-1359
-410
-1272
717
44
1751
-2070
-303
-171
-780
-116
250
900
728
-1230
999
1178
556
-524
508
965
626
253
710
-648
-247
987
682
1252
1009
-647
-267
720
-750
162
-30
-1188
193
114
25
-1422
74
96
333
391
-176
-110
165
1273
-537
-986
-188
1495
-1419
138
345
-566
-1441
863
963
-439
934
-38
1242
1469
-711
197
2998
140
1070
665
735
766
-207
1660
-451
520
-894
382
494
-204
-182
174
-976
-596
-1401
-1208
145
365
1097
-692
-1759
192
620
352
1371
-1261
730
1297
1175
-167
1726
-928
936
977
543
-1097
-44
-437
-333
-267
471
-1215
604
-46
1528
351
1919
-1139
1002
150
595
-785
525
-213
-2066
-235
-641
-334
1237
-501
-294
-97
-199
1607
220
1578
-142
705
-10
-887
332
-261
1465
618
-480
64
-53
595
-1340
628
850
-538
1118
-682
903
-268
760
-569
-731
473
1075
-537
207
1062
-464
1966
-606
-1634
-1146
-667
842
25
429
-884
-714
610
18
-810
-756
-1764
1055
-239
-596
1834
-499
-1038
980
-1137
-922
745
221
121
725
853
-209
-125
237
6
1154
332
951
-429
-373
655
762
260
1153
-191
200
71
-348
-654
566
-353
1944
389
-842
7
504
-278
770
487
-400
406
-843
-409
866
1091
-229
-577
-843
-1137
333
-215
162
-1993
-344
948
1306
1413
-454
-156
-251
108
658
-216
720
-1338
573
231
13
547
995
688
299
-110
538
-102
-535
402
-424
1473
839
1110
-623
1153
-779
-478
-400
807
1704
-1882
386
1296
-549
-1694
-325
964
1094
785
-853
-377
1359
-240
-542
-11
-372
-660
-663
417
1554
222
523
110
436
-240
1019
-100
655
1102
2044
128
437
1358
-155
-243
-955
-239
1726
319
-97
-708
-851
-279
-273
-888
-859
135
855
1748
216
639
147
-1864
-204
-98
967
-59
-806
1687
106
-340
-312
-95
1153
71
535
308
-1080
-1023
-819
1710
438
275
313
-108
-934
1459
-428
325
-1558
1719
-584
-85
937
-128
580
362
-738
-934
59
-444
850
-1194
814
-764
109
1749
832
-964
-458
455
-21
-186
-644
832
367
316
-1858
317
-783
345
-421
-932
301
-464
690
-455
-1305
-615
-109
-126
199
364
711
1027
-156
-918
-429
857
693
412
-298
454
434
72
236
658
1535
1153
-1078
32
284
-45
-393
-13
816
-1066
-652
-517
-1141
1723
167
324
-162
-1224
1455
-175
-253
-213
-46
1954
-336
-1274
-1487
660
829
-1135
-1568
-1879
945
-349
702
712
-832
-484
-81
-310
39
732
1258
-281
-658
1635
-437
-841
340
-584
-91
421
445
-768
387
-2166
-281
794
-157
-101
660
163
-62
-148
458
203
1235
973
-14
750
1175
1070
1042
328
-1086
674
53
79
-36
1294
-1001
239
-1920
904
-436
-432
219
1671
682
-199
538
-908
773
157
-444
-1857
549
23
-719
-549
-1543
-504
-1336
168
1314
514
175
1561
-495
1232
-867
-903
-30
-32
-866
-21
-1614
2017
1535
-357
864
-283
-1357
-1053
-132
710
914
549
673
190
-155
882
740
-888
-631
1379
-768
-464
607
1061
20
-156
-671
90
-659
1728
-1416
723
-995
1108
53
384
1296
121
-38
283
-577
-1663
216
90
1987
-1319
-1434
537
539
107
695
-1039
-1022
-877
-970
1860
-800
-787
-883
182
523
799
401
1892
-17
-863
-563
289
1137
1247
-1050
49
-449
130
-1108
1255
213
332
-1265
694
184
1303
621
1011
555
1360
752
718
577
-1850
-789
468
-1584
1085
1010
350
-408
1812
-231
827
-1830
607
-65
-981
-296
-155
-288
-1955
1001
58
-632
462
-1005
-862
278
-1096
-147
-379
1314
-399
48
-992
-1674
-57
-643
-1050
576
-17
938
-468
1011
-1258
351
643
-1233
-104
214
471
1386
765
684
-1500
-385
298
-877
-561
1453
-161
-137
190
-347
-767
-122
284
4
869
-1202
-1419
-81
1093
-314
-672
-1405
-847
121
752
0
132
-1028
-13
1264
-724
674
-417
772
-60
154
396
44
-324
1061
-912
836
322
384
361
730
527
-450
-593
964
258
-971
-224
570
-716
739
-480
-490
-864
-594
404
727
382
1477
680
-97
-631
980
1352
90
-382
449
185
14
868
-1080
1257
13
-908
138
-1108
919
-1280
996
-184
975
-257
-1070
-1579
-1629
29
-74
-1169
-529
646
-7
890
551
922
-848
738
1077
-925
-172
886
-462
525
-1271
1382
240
-1933
2210
-1213
-171
-653
256
850
-1110
1197
-694
-406
-792
1501
-1286
154
-696
-1421
1091
570
-627
455
-80
-736
-1147
1151
-425
1320
-723
-904
-740
712
918
-694
-257
-1070
1784
410
-365
-1938
91
-812
-390
2148
-25
-589
-865
-259
-560
1074
-421
1085
1946
-229
-756
-1169
535
357
-735
-357
293
-1001
-1156
-372
-1503
509
648
185
-190
2600
-579
179
82
-210
1545
-584
257
369
145
-802
444
621
-1347
-101
-108
923
-1197
760
187
-843
-102
-1479
-37
221
-836
-164
1129
-1249
785
-1224
-348
1062
-546
-191
-716
-104
-429
1364
227
439
-215
282
-2061
-37
546
166
48
1369
-352
394
-1066
741
1126
-901
-498
-777
945
-339
288
24
23
-169
-178
-823
1
147
-530
296
-1206
-550
-1093
-2025
-116
-101
-334
-450
192
-560
808
119
232
578
-1346
218
-41
229
15
-818
1166
1483
639
100
1186
304
1732
-735
175
-68
497
392
-43
1685
296
-558
-933
-1290
-576
236
-85
-1162
833
187
-312
45
-729
-1342
203
-1260
703
531
-9
572
-596
-1749
-1503
-1628
-662
602
-93
178
-648
-606
156
-1264
219
795
-806
-125
-141
-40
597
535
305
-291
-636
-183
-522
862
517
-1128
622
-1771
-890
-1152
-139
-219
522
-259
-1169
-842
-1448
-39
453
-613
485
-333
426
53
195
-334
-1164
-180
456
1000
873
-252
1092
345
-359
-221
221
1179
132
290
837
1606
-1576
-388
1321
396
374
49
828
-1292
-508
-1644
1254
-513
-910
1847
-776
-443
-1059
702
18
-133
13
440
-184
-467
-513
-201
213
981
380
-799
130
-1004
1374
-827
359
-144
-1815
-568
712
147
240
194
-1637
-726
383
-45
1363
-1748
-335
1518
-641
153
-249
-1512
-376
-1073
196
-537
-1263
-321
-937
-187
-57
-146
-1321
736
528
-262
-211
183
-200
783
293
607
-482
-242
-612
193
-76
-486
342
1049
252
202
1714
520
33
-278
-265
829
-18
-227
276
-236
304
59
1413
151
374
-275
-451
720
-132
692
639
-617
569
15
261
147
-1529
793
382
632
-1448
1098
523
-607
-1161
-282
110
-788
304
136
633
343
710
-546
1278
987
499
800
1475
-274
-123
-533
263
81
-1677
-560
-362
-1240
1076
-1163
-639
-226
-150
-2069
-613
1004
1517
-1640
-705
-1206
366
-508
652
607
-196
-397
-576
904
-386
-241
-1341
-320
752
-1389
1196
1917
-1170
43
1039
995
158
260
-512
-824
-738
816
1218
-1236
311
607
-397
-588
818
-216
-108
1321
-392
-313
514
-973
-249
647
442
-951
661
-558
2984
-208
432
-377
-776
492
540
1612
-595
-2626
-587
492
-302
-912
-1971
-1170
-511
-706
-81
1691
896
-37
255
160
605
-964
-320
73
-887
914
-100
-116
211
-47
1434
749
-1358
325
1097
1883
36
181
-667
-200
-951
1943
-957
557
-1677
464
-434
1598
-1260
-641
908
-203
-330
-104
60
-963
-288
-247
-343
1182
-610
-350
179
-210
-1200
-47
-271
-920
-885
-470
-522
46
1713
-272
303
-1657
-1181
886
824
-2018
-432
-60
-456
945
880
468
-455
46
82
226
-151
1520
170
-835
-733
-707
-1132
136
-1315
-24
-1670
1091
-415
741
710
-104
-697
-618
-482
-625
-583
1053
-608
1155
-606
142
-1243
-872
-58
-1202
-253
-1513
-126
987
-93
-651
715
222
-455
1323
208
-920
-922
-33
128
-627
-1180
-240
1056
170
1162
-900
-518
2032
-660
11
433
115
-890
185
1128
-1407
-1339
224
-11
-1598
419
-787
-1056
-1078
-1470
-137
892
-454
-95
-864
-128
881
1389
44
442
974
1762
-468
498
-582
138
-1317
5
-1089
-488
29
1166
639
-51
-1716
-752
414
-1241
-882
1195
238
-1144
-708
-1324
-670
225
620
894
106
515
-29
-717
210
-1282
832
-275
-1594
834
-79
-1188
-1615
-192
932
-1384
-999
-77
-445
-806
-519
-3
-89
-1362
1021
312
-638
-958
612
-479
-570
1639
-44
-1918
-1253
346
-1252
126
-114
-1111
645
1123
217
504
1470
346
17
-367
-1356
1205
-109
55
1313
-17
-199
139
-736
820
-166
211
-615
-883
442
108
-36
-1219
-594
43
-1016
-1076
676
-333
-922
-2310
-762
385
-615
-87
-99
-866
-199
988
1170
1068
-307
167
348
90
602
2065
34
-1301
173
-838
-9
105
-190
1182
478
719
669
-289
2307
355
-181
-326
313
-713
-176
255
-1056
1324
-52
-2528
-212
-32
1157
-714
1495
643
1387
907
479
1471
1050
682
-434
-469
-2090
1110
1438
1377
1219
49
-542
-13
-939
-1039
-682
741
718
-751
-1967
747
603
-1006
-630
-302
277
-412
947
13
-210
-419
727
143
775
191
922
107
-210
-1156
-457
392
-977
493
577
1558
-453
-1700
1028
779
-1153
316
-748
-671
-54
1327
-60
58
-185
1634
967
-587
-684
-286
-677
862
-37
781
-632
1732
2088
292
451
-804
-1443
-1175
-552
681
546
-889
-1247
51
-611
-457
-672
-211
-595
-139
982
-629
-1579
-1143
572
212
567
727
144
-626
136
808
-706
-437
980
110
1822
-344
-306
607
561
-437
746
960
547
1747
801
-638
1370
-833
-891
-764
1668
-1251
865
-710
-19
155
82
-1156
537
-139
-219
5
284
314
-217
-340
-313
996
449
42
-1857
91
535
-1282
556
-1600
-685
-885
-243
707
-1372
-621
-984
430
-608
823
347
-365
-33
-161
330
-701
-1732
-4
-383
403
-856
-75
-354
252
-563
-36
-25
-760
-100
550
871
2229
87
683
-1359
997
222
-303
-162
-628
-125
2026
-244
-334
-462
1279
385
271
-786
1187
-440
-457
533
74
-1079
1204
-254
476
-476
-2284
1233
311
-1106
513
93
-801
-344
-677
916
-560
1018
-467
13
469
21
-793
1184
-726
-583
-2010
230
1101
1024
-113
-1317
112
-984
-1118
-725
-1472
1052
1336
-1142
1173
-124
979
-88
-138
390
-598
-109
-280
594
-204
-1060
806
591
-1068
893
-454
53
421
-173
1232
542
-1645
-516
-173
724
-87
133
-215
-390
-317
-1344
-270
512
452
2074
981
-317
-551
-1625
-4
-872
-441
614
413
-804
354
956
269
20
144
-1130
-276
261
1285
-1300
-911
1095
1288
-686
-628
-280
-720
-630
-563
-1321
495
-1153
1213
-668
-1247
297
-1128
793
1035
130
1410
-520
448
324
-1348
-850
86
463
-876
-570
457
1577
-1325
1147
-321
-592
-1265
975
-660
-434
-1161
-513
543
-334
544
250
237
1366
-769
228
-154
513
1136
655
-107
-149
454
-733
-63
-193
-246
1187
597
502
622
-267
-623
-889
-335
-143
-267
527
-24
477
-675
298
-309
-124
-277
-867
-76
363
-1461
524
869
-764
-373
149
-463
518
-546
-1031
-170
-495
344
-793
-337
-716
654
1277
-1069
4
-278
-1094
-270
-216
1924
-336
-1208
271
-1864
-543
-586
361
147
554
1030
572
-212
-1286
-889
-706
-358
-395
1210
-963
771
1118
-649
-152
1348
37
-338
647
-108
643
142
808
-845
-669
-36
-880
-1339
235
-421
395
398
1595
575
377
-233
748
93
874
1004
-521
-296
-725
852
476
-881
558
845
-356
938
-925
-367
1219
-564
477
540
-10
-574
352
-778
686
-1635
-60
97
137
134
981
760
1240
1070
1260
268
-1501
326
-377
-599
403
701
256
964
407
-2366
224
456
1285
75
-24
-124
162
-1122
-629
981
219
-1779
-349
-841
985
-607
-465
-203
-558
-194
27
584
645
277
157
114
-297
558
-187
746
768
1410
-70
1226
-414
-210
-753
410
-189
-1004
409
-961
819
-987
-1643
-2081
165
820
173
-310
-908
33
-1962
-530
1965
-1129
-1011
1485
-55
661
504
449
149
728
-485
933
-820
1101
-818
352
-3
-1022
-834
-1594
-1891
577
-122
973
396
843
-1893
-1908
233
1212
-300
212
9
-1115
431
-827
-675
-39
1233
-416
959
-63
-89
786
238
-4
1003
843
-638
-1057
-563
1937
-96
-219
-853
-355
1446
797
256
568
199
-186
-469
617
549
1320
1473
-662
602
-288
21
-228
355
-411
-556
1244
-1080
-326
-754
166
492
-453
-84
1098
948
850
-2132
-854
855
581
525
112
-1026
690
-286
-42
-838
-121
394
-859
-1003
-429
10
48
-639
309
320
931
-383
-471
234
-435
864
-1652
-189
-744
1161
-831
-1301
598
318
829
-1223
-438
1026
1314
-356
9
-49
-266
37
1360
-495
-439
-538
-602
-316
568
1208
-586
-93
-1072
-352
200
-1199
260
321
-24
-1549
-1025
741
1265
-583
98
-877
-6
-54
1988
-289
-438
1761
-138
27
480
1044
52
-985
166
98
-659
1035
-512
-738
-136
242
-461
397
789
96
-117
-161
475
229
1108
-486
-1452
161
166
-312
-213
-192
1042
-441
1086
196
1206
-706
-368
-803
1152
1127
-97
-147
-525
1232
536
23
312
396
333
-1233
1030
224
-1712
222
863
-98
418
570
1981
37
581
-1847
-365
-854
398
124
678
18
-1245
2367
-2057
-1043
-838
302
590
537
-84
494
-673
-97
547
624
-427
93
732
-1376
27
-584
-1669
187
300
-28
-485
1169
286
2065
-905
-2548
1236
1368
-48
54
39
-1759
-1078
-971
1151
927
264
-1086
-1850
-321
604
896
-1010
-23
-425
408
-622
0
-18
753
558
-274
135
712
59
-1091
701
-1543
-15
485
-1759
-870
-917
1218
-458
-1098
-1384
1544
-1526
-465
534
-1290
423
1183
165
-303
77
-81
445
529
-650
-1095
434
-398
-573
137
-1238
289
454
-513
166
287
303
2832
-939
-1043
-782
928
-397
-1035
350
-384
857
241
-2214
267
471
1141
1042
61
-732
-43
784
896
914
13
1626
1920
-324
123
-141
-287
-96
605
1645
546
1097
691
1607
-710
132
1814
623
796
-1302
-1193
-715
1452
225
338
-230
-328
69
984
-1481
-1261
409
102
112
77
-1612
43
371
819
767
-861
1667
1003
-448
-340
-464
-273
-125
454
652
-508
82
-510
-349
393
-1300
-59
-898
1381
846
3112
201
986
869
-1798
-1085
-843
1393
952
203
-251
-919
-683
-118
1117
-134
-897
-136
-616
1534
-1727
955
-104
510
-477
522
1182
-286
608
263
-607
-306
563
376
213
-923
158
-1193
-333
-433
974
-766
861
1966
-428
-467
-144
1023
244
-271
-552
7
917
2559
570
-1392
1366
4
-507
-308
-561
2107
1174
1250
-858
-98
-854
-1151
290
223
-824
-1264
325
1090
-726
271
-700
-943
-1215
703
-507
-122
365
-949
-196
377
53
339
1026
426
243
769
2130
442
1038
268
1122
431
-1230
-1170
-553
-285
-133
297
1431
-770
-1492
711
674
-856
207
-391
-304
477
-2836
-1191
-1074
159
-1206
-1025
703
787
158
-451
-1046
-898
286
-937
367
1159
-561
1273
112
617
-376
508
633
617
-1124
-1808
941
-245
-296
-1279
-1005
-1105
24
-998
60
989
1384
199
-399
1092
735
539
-1004
164
768
-159
-1729
-637
452
572
1033
-1359
894
-701
1423
-1740
208
-1464
1311
-1043
442
-10
-39
2228
-1003
871
-459
93
2011
248
835
512
2009
260
-402
-512
-1219
-671
-730
-341
1276
-305
802
-913
720
-410
674
-304
612
1600
1196
205
-675
-76
352
206
-974
-648
-20
-55
349
-148
92
-1725
58
-627
-823
-1036
829
836
-685
-17
-358
111
-590
-598
-1793
-702
1367
590
98
546
-208
1164
1104
-1543
-903
1166
-1950
-945
-1400
211
-875
976
-423
-276
2405
-10
-697
573
-792
964
-1070
-297
1212
-379
-462
-409
-422
52
-1959
385
-502
-1100
-580
-838
1193
-786
304
-1808
339
-282
-1588
-390
1148
-427
708
143
-345
-1212
-619
1119
-863
685
512
208
-482
557
269
528
1477
-543
-415
212
556
-927
-1690
300
-972
1193
-9
-6
-955
999
224
937
1207
-1118
138
-2
-553
-1275
206
382
1394
121
325
-225
423
1196
-1218
1703
315
-289
369
1103
413
917
196
5
-317
-1072
483
-974
886
-1139
-614
126
457
-179
-211
-181
727
-1215
126
-82
-839
-229
-2335
-796
-870
478
1158
66
-1204
-1227
-586
1587
-432
-391
1316
-250
-122
1027
-1546
184
-38
715
-59
-340
-565
410
-761
-207
346
-642
167
-687
-68
-108
2094
356
-765
384
-622
1742
-704
49
-84
338
-784
1251
599
24
141
455
563
-1199
1065
138
-139
-1296
-325
-709
1003
-1084
-378
-1051
-274
-778
548
894
-830
216
537
-229
12
-776
29
-348
-1143
-443
-1407
58
-750
3
-929
-1805
-408
-983
400
-306
1243
640
-1438
495
454
199
-418
-1213
-80
-1174
-25
1256
605
-1201
100
-655
-783
-1312
-876
1408
-104
-82
-959
1442
-182
-308
-564
-249
-521
-261
-582
347
895
159
-175
182
-2203
-461
1531
460
8
-490
1089
93
-718
643
-1613
-1253
-2040
819
296
90
1164
155
1054
706
-74
-481
614
-860
33
-467
495
359
-679
-489
511
-909
-307
811
-620
-503
709
104
1313
-119
668
-619
-608
620
-998
1235
-1233
-324
-453
631
-1090
621
1460
604
355
-2124
-995
-358
-482
1050
-1957
144
-265
770
189
1782
73
-1151
515
948
306
-271
943
1245
-604
463
-189
-784
717
598
274
-757
-1045
-33
-113
-491
-383
-1215
-45
124
1010
674
-339
-954
1044
1128
-2
15
-293
1154
248
353
677
-602
-1380
-452
1375
797
-443
237
-800
291
-1278
-110
-625
-615
-160
-118
903
-554
-195
1060
645
-1237
-623
-232
-140
192
-397
-1792
-135
-204
177
353
833
-662
-204
707
-117
-193
1604
-687
279
1765
-744
-987
508
782
1325
-1486
-1291
408
-713
-1445
159
220
-54
1121
618
989
421
-947
-350
-507
718
-652
-1092
-319
-1753
1075
-789
678
760
-312
-1105
-861
-1202
1315
337
-996
411
594
379
1194
-1287
-27
738
352
11
56
-63
162
-550
1068
802
-521
778
342
-1474
277
-942
-1428
-607
77
236
-642
-947
-298
-921
-1255
-1210
-993
-1173
1003
-468
-129
2197
1415
695
262
-1429
611
55
251
-254
996
-499
83
1317
-740
392
254
984
-205
445
186
392
822
991
-168
995
-939
-563
-1089
-1186
-531
475
-365
1131
-1969
-261
-1722
-1361
456
357
1178
230
615
-1590
-356
-202
-68
567
-829
-1503
36
-1149
728
-913
-628
1436
1120
-323
324
-760
-831
184
875
1078
466
-147
-68
-411
288
-394
113
1204
-957
474
-193
1187
-765
895
217
857
262
-393
399
296
-491
1828
110
-926
998
-340
-24
796
-1886
-397
-998
-1675
-640
607
307
-339
-117
49
-926
126
79
-916
-1274
81
37
172
496
-67
-340
661
1050
-1335
1349
534
778
254
-2727
-1250
-168
-697
200
-722
623
-384
-252
-183
-563
-523
-31
1315
-19
339
1828
-173
432
-1907
891
1259
-727
-362
-1148
805
1077
-571
607
283
-225
836
-626
426
-184
-676
561
984
-32
-1031
-489
1038
-884
1392
172
-969
-1724
-845
911
0
-1013
-513
-26
-1085
683
-981
-768
687
636
911
-725
427
710
582
-38
835
941
-149
1517
-464
117
-1274
1303
644
-63
-907
43
542
209
-576
201
-177
1241
288
-266
-716
1235
1164
1449
2018
-1211
964
-834
2054
110
664
-711
-619
-641
834
-556
-1138
309
-945
-144
647
-1887
-300
1035
-374
-72
-48
21
-1613
560
272
564
-917
-262
-174
-176
1195
-295
561
-1073
-1825
482
-97
-319
-45
1602
-5
-877
-35
-1956
852
107
56
-308
1472
-492
-32
-473
599
-345
-192
-408
484
745
-30
-423
-1237
1495
-1185
2290
-416
-259
28
-561
-1299
1599
987
-188
432
968
744
220
-324
-866
1246
-340
-591
-714
228
-605
371
57
1074
-192
113
-401
-180
-46
-2204
1105
503
656
804
-314
-260
-95
-892
-397
-80
672
410
-489
-663
-1765
-435
293
-640
-89
-426
-526
1220
952
243
-1746
710
973
-175
-613
173
351
-3
1407
-892
-663
2669
-647
904
421
-829
-185
1443
-1183
209
-430
1213
460
-77
536
1879
99
-759
-424
-718
-30
-670
-400
649
-1528
-734
870
-1303
-1351
-807
-61
949
-972
1656
-162
-617
-382
-451
270
-2431
-546
-1097
-1309
210
327
-662
570
1249
964
-1149
527
887
330
-972
-8
270
529
-887
-373
-1115
-1057
-338
944
-537
672
-733
-555
-1754
-486
1396
244
-335
-147
33
-95
-426
1878
115
996
1618
-24
-224
12
270
393
-2946
-372
-159
1226
231
231
-100
-913
752
-315
154
-445
-885
-672
-851
1226
638
-1269
-989
-840
-238
-1884
664
510
-435
-836
568
-451
1425
763
-2670
-390
-32
114
-274
912
-416
-950
211
-1265
119
1282
1189
190
1176
60
-68
-1429
-642
-546
1232
-332
1087
-627
327
-2472
-840
301
-547
-345
-208
491
285
-112
592
1002
-442
236
1225
404
-1621
-385
50
592
798
880
42
-703
-848
-874
-814
-922
-37
10
-935
-283
711
93
-190
1051
-246
856
491
-259
-1027
-1073
193
1112
232
559
-1581
-1104
-503
-48
-906
-534
-1745
790
-735
215
-174
-1368
1105
-85
1488
-939
281
415
937
-344
-351
445
140
255
-1328
-168
1672
-410
-504
-961
-883
-1898
281
234
298
-520
1051
-962
128
-441
308
-850
-564
-1361
229
-409
1134
-1589
1201
820
41
766
790
-537
-271
-1115
-390
-769
855
1023
912
259
-1312
-51
-187
-333
408
-1245
391
1565
616
-601
2551
-742
157
-315
209
248
-1553
241
-727
-223
-160
965
-391
-307
582
-795
996
564
-1505
258
-571
-803
230
1274
-258
-598
-237
159
-720
-367
153
194
-305
231
1105
618
475
-370
126
-783
-1093
-2237
1802
-89
797
1741
-1261
-417
509
-913
1100
-75
-869
-21
-346
523
-499
49
130
1000
-218
-718
-1327
-472
290
257
331
880
306
124
-1014
-1135
194
464
598
623
81
-790
-821
730
-562
166
1071
-158
-805
558
798
-117
1604
925
939
512
1139
391
1394
-1256
-452
-1703
-703
124
-474
101
1252
-122
-373
-931
-715
-1658
-1417
1133
-1632
477
-505
1502
-1147
-702
-172
-212
360
832
148
228
450
429
880
-2153
-1143
848
-609
-747
416
-89
716
-580
-359
-412
1083
-738
358
254
932
84
1763
-307
341
1189
713
-37
2545
-351
-923
-434
861
-630
951
235
1393
-892
-790
-225
1419
-269
47
621
-745
-426
49
-662
1452
-215
1316
-523
-691
-1465
-302
-454
1686
-540
435
-618
-1154
514
1719
-875
992
730
2766
337
1910
276
-57
338
92
263
831
535
108
-235
-183
-127
-1418
-563
-2397
725
-503
-95
-502
734
-414
445
689
403
592
1037
705
-446
-26
41
-1109
705
228
-750
-834
-1412
-990
345
663
-304
630
-445
-654
393
1176
