50 75 576
0 29
0 36
0 45
1 4
1 8
1 26
6 40
6 46
7 26
9 17
10 20
10 29
10 44
11 1
11 4
12 21
13 2
14 6
15 32
15 36
15 39
16 6
16 15
16 30
17 18
17 43
20 2
20 24
22 5
22 8
22 33
22 46
23 20
23 28
25 21
25 26
26 17
26 29
26 36
27 0
28 10
28 31
28 40
29 1
29 17
29 30
29 40
30 0
30 5
31 13
31 33
32 4
32 24
32 29
33 2
34 17
35 47
36 45
37 11
38 25
39 9
39 18
39 45
41 47
41 48
42 33
43 29
44 0
44 17
44 47
44 48
45 45
46 2
46 31
48 16
41
57
62
74
73
33
1
35
15
61
54
19
37
31
6
0
67
30
36
65
42
20
26
71
29
18
49
14
39
16
40
22
10
24
21
48
11
63
59
47
3
17
50
69
53
34
7
2
23
44
58
13
68
56
72
70
38
25
52
8
28
45
64
9
43
4
12
55
51
60
66
32
5
27
46
-688
145
196
182
-747
-122
259
-170
862
-540
-695
762
168
960
-322
-1076
-470
-303
-490
-270
-579
280
-266
-106
-44
859
-717
628
-117
418
1104
-392
-413
-193
974
-34
118
-511
-709
235
1099
-229
-323
826
-352
-788
-856
798
335
76
-248
-1140
726
-358
203
-515
-352
163
-480
515
3
419
-576
-1842
637
-1379
-873
-784
454
-245
-1701
-26
890
1004
258
-1972
-751
138
1679
-124
-708
565
174
128
463
885
-1216
127
259
158
-401
-284
1132
-445
123
-350
-428
-118
1145
-1351
18
44
-834
280
-684
50
175
442
-832
1500
798
-230
280
-29
1024
7
654
-10
125
1049
-212
744
-200
-342
-456
-1008
558
-373
-147
-553
-61
232
-467
-696
245
392
714
680
-866
141
1098
260
556
-64
620
-367
-7
561
333
511
481
688
-162
279
-662
1054
35
-120
120
-115
-332
169
303
199
-107
1331
94
407
188
-279
-253
-558
-224
-79
-621
-14
533
-666
-51
13
865
-42
1472
255
-358
236
624
-1299
105
-407
-3
-512
-316
74
-181
-196
240
-435
793
926
161
-211
-790
-275
349
32
-361
-234
-816
276
-589
-116
-349
604
170
-277
-134
-610
-451
1440
480
-444
809
-603
-878
-685
-553
-910
227
477
147
858
-363
-110
779
-440
1006
-18
582
276
-579
-494
635
936
64
488
-416
346
-458
-104
-1609
242
540
404
258
-570
-777
68
-624
-775
-173
55
634
683
-1137
55
821
606
286
-345
431
-880
-631
-483
631
425
268
-228
110
-680
541
1175
784
-250
200
248
20
-338
36
190
-374
-387
442
171
-411
-255
-54
-201
-761
503
-418
-335
732
-756
-239
178
-600
267
-472
446
-385
318
131
-688
-843
650
822
172
-501
-176
-556
-40
-32
-672
552
268
407
-284
134
447
75
767
68
492
415
1270
547
-596
857
-797
-179
-162
1252
347
-452
-652
302
139
-160
313
190
-1184
741
213
597
40
-17
727
67
256
-618
-514
73
37
-14
-324
-382
1120
957
-701
20
-1554
-1043
750
-480
587
782
419
-844
334
343
246
-847
371
450
354
180
-502
-1132
-577
-167
-279
-303
1086
-128
27
47
-148
511
-679
-71
892
642
769
-261
525
353
348
642
135
1083
884
-98
-354
981
-384
187
-312
-220
-1200
1051
601
-417
-724
340
820
956
-983
167
209
-200
-104
-856
-457
-422
-473
-563
-922
-613
-80
-401
-243
-740
236
852
-171
172
-109
-848
-521
-611
-310
-732
813
506
-519
56
-222
656
-437
-523
103
-478
184
602
-409
213
-808
-705
-375
-1416
-421
9
1778
-219
507
598
-310
-96
-664
347
-517
7
-315
700
607
-371
495
-976
-1301
-953
298
110
-226
1463
449
-1038
-330
-387
-271
455
369
37
365
382
-238
41
541
77
-1292
172
310
-158
-424
-554
109
207
519
133
34
70
1241
-474
-721
-243
882
211
-391
277
-23
-253
15
986
604
-1015
832
-508
562
948
371
-663
272
-77
-639
246
-100
-484
868
371
-450
-414
1773
273
-374
-238
458
125
297
-351
22
-1357
-1177
236
1
112
-516
1271
603
-328
86
-131
378
86
-300
-324
1128
-440
515
531
-124
191
623
-182
89
-549
-574
435
-129
275
735
-306
421
254
-456
709
249
-474
-1218
433
-400
1178
-186
-485
150
-810
94
-97
166
-228
639
529
-100
621
252
37
-145
827
147
259
-568
137
-60
-906
292
-240
-311
-504
-1105
359
115
42
414
-112
-527
-382
11
-634
724
-878
229
-335
-143
140
330
67
957
57
-212
1255
-729
-210
-407
-566
-212
720
-349
-1339
-809
-82
-322
1470
369
-89
-275
-272
-221
-955
99
78
1189
479
460
-464
-103
-292
-726
273
733
-1560
203
206
138
-183
285
315
583
-571
1897
-336
26
343
427
-79
-150
-740
-504
-829
149
-468
-303
-358
-880
569
246
-592
-550
239
-220
-128
623
-901
188
-88
651
-194
-698
190
571
-754
208
597
-574
554
571
312
-65
148
249
-461
-367
-182
-3
-691
-1089
569
1056
-623
83
496
1312
-143
-489
-1042
-1899
-129
-89
5
-278
60
-514
-752
618
411
530
-799
-812
907
369
-63
713
173
-919
440
1020
-739
202
-165
-693
-767
-29
581
-55
-174
112
-114
698
-121
-174
-909
484
1085
-230
-1427
-667
-694
593
-611
-334
-854
-632
54
-12
25
24
59
604
476
72
-374
135
375
-210
-34
1288
-248
-199
130
-715
-463
897
-1242
78
310
-69
-378
-240
457
229
345
-823
175
454
375
-356
651
256
476
-282
335
165
-68
956
-104
-977
217
-739
91
292
296
-704
103
-454
-227
-631
329
339
-644
354
353
-481
-717
126
-475
90
-476
240
-971
-848
653
227
-491
-385
-238
-900
94
335
327
-47
-733
-609
961
-556
-369
34
-238
364
-554
-202
-1071
-201
-131
-94
447
-179
271
-294
-70
-672
-250
-14
-203
-774
-5
126
88
236
525
-257
230
120
524
193
-280
81
-448
-609
830
-13
-1341
-419
224
-951
-226
827
-45
69
314
-83
140
-334
429
-9
839
1247
43
81
767
-447
-1191
421
-242
123
-754
98
533
-683
6
-878
1001
-76
-389
849
1365
353
-753
910
-67
426
257
-117
-72
1264
796
-782
427
514
-517
600
-648
-841
760
-964
-943
-140
567
-644
-80
257
231
-182
864
560
-499
-876
-331
-14
561
-308
769
-450
-95
230
449
-849
171
-730
588
239
-1174
-801
180
292
636
576
-1193
498
-692
408
632
-284
91
-616
618
-1009
1352
-638
519
-649
-426
508
-81
-656
-840
489
-783
411
9
364
-592
-282
273
-1112
711
-946
116
-623
-10
547
-1210
-630
267
-735
261
612
-254
-131
-267
200
-1103
-143
-74
945
286
600
-54
-1059
190
-216
553
918
-721
-1172
-313
-409
-306
1092
-987
558
-572
618
456
-183
-451
511
443
-490
45
353
338
-801
-129
262
287
-199
42
-362
722
120
137
1076
-150
1063
-347
87
529
-982
1145
-1359
-1111
248
253
-1045
1231
-614
602
-309
1232
-558
-734
997
1633
-1136
359
256
-117
-399
-360
398
177
342
691
-361
-18
-584
-405
-23
137
865
-277
-176
104
-131
85
662
-52
-276
-26
463
727
467
217
118
-165
-734
1622
-577
483
-798
-761
780
-189
-535
-276
-972
388
-890
-112
-692
-407
-1021
-307
391
246
32
-470
-2
355
-59
-614
562
879
673
-776
-928
216
611
-708
-511
139
-62
-87
-38
195
462
582
598
-1144
-78
148
181
-265
-187
31
1066
-578
308
-20
-148
10
-322
-325
-834
586
-124
-957
160
199
-181
-621
-1181
745
-748
741
794
91
-329
-649
-142
467
19
-292
-329
-281
171
38
-165
-169
-69
-1097
438
319
-1357
-1063
577
-476
-404
-880
434
-460
287
-787
-954
-310
-317
32
-1
-623
271
625
-151
-390
-78
-576
92
-542
-470
114
258
407
592
-710
-392
-623
-653
259
-155
600
-603
960
-1126
-299
85
45
192
1287
-360
-901
133
-318
570
-149
78
-553
-364
-321
292
-461
589
363
-218
-187
-299
1205
215
502
-816
-446
320
-384
-442
-152
-41
834
227
284
-213
-258
19
728
94
-1920
157
969
-146
280
-327
-915
-231
-783
205
145
-766
683
-119
552
527
-294
-1116
924
-145
1333
-156
-783
-311
772
-661
-1
792
-398
-349
890
176
-1380
367
346
747
-267
-98
1099
484
136
-259
271
-353
-451
-1090
-593
262
-687
489
771
-222
-198
1069
650
846
618
520
507
-936
766
226
191
75
-347
-110
1048
-56
-359
484
-211
-437
-712
714
-355
-533
133
-1004
93
-896
-377
-891
-544
635
497
-226
-615
-206
343
144
-929
275
511
-290
-527
216
-652
734
779
837
96
-288
373
588
292
734
-487
415
85
-665
499
499
-389
-494
-968
623
-117
-1616
176
944
-51
601
765
59
49
-657
291
-182
166
333
736
-962
436
-105
-838
-720
-81
-564
130
-33
245
1039
-344
317
367
110
-206
-106
-389
-102
5
-292
46
-557
-805
459
-257
147
908
619
-706
-133
492
-501
-419
-173
-319
809
115
350
610
935
-380
692
-114
-354
-881
-115
-283
524
-426
584
226
361
148
-663
-734
-296
544
363
-212
-644
-545
-469
-203
-597
-922
364
471
-414
903
220
-61
-997
338
113
497
-896
322
-125
-125
-1137
-125
-249
-572
-279
-94
574
-211
-968
292
-855
656
-793
-551
-479
21
46
818
477
142
188
-170
-301
-375
-1041
-173
210
537
-43
396
116
-238
41
258
1027
111
141
-366
-486
-314
502
233
-415
-423
-661
664
543
-545
982
145
-118
31
10
-51
-899
-346
-1320
348
215
200
275
494
-169
438
-168
-530
1144
107
682
247
30
-883
-480
-887
-524
164
251
-26
-578
-853
2
-17
-76
-500
-534
40
-1032
852
404
251
-433
-171
109
466
-406
-747
-447
350
591
401
1335
-147
765
-355
419
-43
736
-265
1378
-121
1342
-687
-102
-886
-268
-172
203
-599
358
1483
-622
-690
778
-1224
-21
412
-61
941
111
-606
-217
160
-315
909
-388
-399
315
-821
76
51
-819
81
123
1098
-45
396
-342
810
-420
278
787
-277
-318
-1
-364
-1084
729
910
208
100
-154
-946
295
472
-166
106
233
-452
184
-25
652
-52
-593
116
1522
8
81
-771
66
-861
-230
537
-212
545
55
171
136
691
386
-619
-932
475
1275
-432
-561
219
171
288
951
295
-320
919
821
-587
-134
-221
324
229
483
-237
292
179
-687
-414
-355
-1242
-508
-84
-1016
354
66
-486
-1140
-310
47
68
-748
6
-198
149
-170
-116
235
195
-209
-374
439
94
730
190
-17
-219
-645
-343
-214
460
-57
-277
550
-672
-682
-619
-440
489
-1287
925
556
-154
-466
52
116
-157
-319
251
-774
486
-187
-249
611
-1285
72
-317
148
468
-1195
589
-287
-69
96
630
-1202
385
-307
-1170
459
-524
-264
669
1026
675
544
-1033
528
368
240
792
66
136
-111
-83
151
-45
-389
38
-132
277
-550
199
201
598
626
-677
1280
250
191
206
-300
-149
-467
-69
485
-234
-775
-107
597
323
-657
978
454
-207
-62
-508
-864
-457
-478
-121
-95
818
1051
-529
-165
566
-234
97
464
-95
-863
227
-115
160
-613
-564
-38
-522
-139
1203
217
-1096
189
851
588
-256
430
-142
820
230
328
-472
-491
-563
-649
-405
-1015
1061
-161
-199
-280
50
650
83
-40
359
84
636
-497
-593
610
295
-502
1440
-436
-392
-348
670
845
1069
-776
779
-152
405
-553
-370
429
-243
754
-32
-137
309
435
-191
275
373
-1621
-928
139
-573
156
-617
-738
-790
657
1476
-297
306
306
-39
1288
314
332
1263
-415
37
318
447
220
376
582
216
1007
-136
38
-551
400
550
-348
-110
-46
-240
-638
-780
-562
93
147
377
324
-973
478
-118
645
-426
372
-10
-262
-1100
-311
972
-604
220
1020
-443
533
308
-396
-376
-487
735
-818
38
-126
-809
-259
19
-421
-621
-65
-12
-248
939
569
-1024
261
-323
-926
-617
412
318
-50
320
150
37
-267
-425
87
-222
-616
-250
-84
646
-1227
549
-73
576
545
-345
-1871
304
449
-430
-487
-58
767
787
-583
-639
-502
85
-476
-457
42
777
-639
339
-331
-266
194
776
-405
-545
1
-705
157
143
522
-93
-376
485
855
11
-232
-300
-1579
205
165
5
-376
223
54
-910
953
115
292
-797
-346
-12
278
-41
-601
1290
-242
-145
621
156
-1303
1667
-150
-305
-169
-566
-89
-11
1134
-67
-45
-182
1065
-92
-886
-600
-919
-59
530
51
-499
220
153
-247
685
-75
502
128
434
556
-276
286
607
-342
-604
-383
390
-60
249
939
-483
-1491
415
-663
175
237
275
-146
-679
-1054
-678
-2109
-424
-544
-1101
497
80
-354
-371
-203
215
440
1257
-1168
-458
317
1
145
-631
583
-475
-611
542
-554
474
277
-302
-445
-358
514
-77
-215
-1605
693
1055
310
-311
12
703
-403
879
417
-261
257
-35
99
634
1013
568
-659
6
-125
46
114
-651
-357
-6
-984
-184
-1159
-463
354
310
125
-418
702
-129
-19
-286
-646
409
751
-23
648
1068
-329
-929
-132
261
-857
315
155
120
1
-734
499
-387
264
-1014
-18
1013
-288
501
563
686
553
-196
13
77
-640
-253
-587
28
95
646
-6
63
318
-1517
-638
91
-143
77
688
-61
-209
209
683
-199
11
482
320
-543
81
506
109
122
-91
618
-380
240
-56
-24
-54
-212
59
-183
-340
213
-825
440
-699
-117
378
89
-1022
277
-88
305
-1035
-809
-221
-923
229
-351
-510
234
-155
1422
221
250
297
237
79
46
790
-16
266
238
1001
130
281
363
-707
30
4
643
77
-208
-382
1179
516
425
124
549
337
-839
-804
1145
21
506
516
-931
173
384
193
-692
-301
148
-641
-100
524
146
512
-127
226
338
-597
227
-53
-425
-24
924
343
-1111
170
-113
-408
160
913
-29
1042
190
-159
434
-298
-497
-302
206
199
-116
-577
-170
-59
335
-141
-218
22
-413
-115
1169
85
-573
-379
515
-783
-591
118
814
395
234
-778
699
-580
279
-161
894
677
-364
-668
-382
-957
215
-668
-802
-400
-634
-545
-309
-177
393
-950
305
631
1402
1095
588
-363
-407
-244
-331
-205
-231
389
-463
-882
1004
-470
141
-707
-357
-154
-581
-1097
-218
-390
130
614
134
-14
-168
-30
90
83
76
-1020
951
-621
-1309
136
244
91
-63
-33
11
-115
-253
-173
434
-37
684
816
-56
747
-163
533
-81
-207
156
243
661
108
567
-474
484
251
581
102
-2090
393
61
-755
213
-385
-23
23
-64
312
689
-397
-562
-337
702
756
-107
1
764
-373
228
97
-54
-46
-180
792
248
30
-3
685
400
-1086
-123
-328
765
-77
-198
-733
324
287
806
1125
-686
503
-146
-1231
-554
-66
-838
-753
-337
-485
-47
-1158
247
716
-765
338
-221
267
-134
332
648
-709
-707
319
691
339
222
-175
-59
107
-83
-75
641
262
484
610
-461
-306
702
-1569
76
-646
-562
-745
-173
1158
982
-580
357
-248
618
352
-507
929
11
-404
793
56
236
-44
-150
-49
0
236
-522
-448
241
-654
8
58
-807
110
-106
-901
-615
-180
191
641
-777
-355
-339
-1133
259
424
-511
-429
46
246
122
22
-544
359
-575
106
4
257
156
-57
484
204
285
99
773
428
348
142
-155
-216
324
927
-995
868
20
-605
-73
1623
-362
-718
8
-673
571
-269
950
-366
-167
375
-640
3
632
622
-183
-942
-471
-767
979
1035
-784
776
301
1185
600
658
858
496
-707
-115
459
-527
-85
-209
-297
133
862
274
216
750
364
1375
927
-642
244
-650
-1193
-252
562
817
-751
786
840
-76
-549
45
436
555
440
-20
-492
65
-116
-628
381
-48
580
204
-415
-596
769
-487
189
63
33
-26
737
-321
-325
207
43
676
215
403
-463
-144
-407
-461
969
202
-873
-139
328
302
-438
150
483
-711
-60
642
-397
266
260
770
-369
364
271
-155
54
-247
-328
-680
96
39
-1
86
-28
-914
-98
1247
1271
-345
165
-111
-1084
-443
-573
-140
148
934
-202
429
140
674
569
-295
-578
-318
1198
452
1319
956
1414
-98
-816
154
685
134
-17
-252
106
183
285
-1459
-25
-1520
645
314
-348
234
-100
356
1172
87
1338
-196
680
-384
37
-302
-202
-50
44
-329
30
845
1152
186
-1147
-238
374
11
338
565
-364
369
915
710
-890
1475
-633
115
-534
-527
-595
1195
-80
-913
-88
301
900
-305
-169
51
332
601
796
524
690
335
-236
409
-636
328
-603
-59
-465
619
549
237
-132
-559
-55
249
-866
98
628
-752
64
45
149
186
505
-343
-357
-82
-82
-118
127
-158
956
59
-195
893
-147
472
-341
126
-184
-990
892
-979
-321
117
-72
-473
405
286
-565
458
663
-264
673
491
-56
-1743
433
-98
117
-197
-30
275
307
1697
-193
184
-339
261
-89
52
287
-187
-213
-160
117
-268
-1137
589
-3
762
-651
-192
127
905
-78
-69
-979
-37
-138
622
-1655
683
1166
986
1203
-269
-276
616
36
131
-841
-608
-470
-553
1565
767
-43
251
-20
239
-1045
246
-404
-98
-55
-50
462
-200
-389
674
393
367
258
173
-951
23
-444
1392
358
-65
-233
-1000
516
-7
-1134
-1504
-800
-819
-577
792
-923
-154
88
48
-868
-890
-511
-474
368
-771
-178
-175
670
825
-76
-117
689
-276
453
187
-559
-930
-47
-625
637
998
-151
733
-257
346
-976
-180
234
980
31
-4
1100
857
826
957
-559
134
240
299
-153
-1060
-1107
-554
-627
705
528
567
-995
1172
660
157
-696
17
132
-207
536
-479
398
-1134
125
-883
196
-218
238
975
-682
376
742
241
23
287
-523
320
598
267
-305
330
-848
233
-107
-462
551
-29
-75
-403
172
-444
887
-516
-33
348
459
317
-446
447
308
6
11
-643
-466
-656
-70
163
806
-29
-1129
-777
-638
-485
-366
-490
285
192
132
-140
908
-426
227
-570
-549
213
774
-887
-202
435
160
-222
-561
-84
-935
-563
-630
-505
359
342
436
-9
-855
-334
-214
436
-495
-539
681
171
-549
-993
169
-255
218
-335
317
794
9
-880
-831
617
826
-49
-168
-704
-243
-467
-601
-563
-436
-41
503
318
-36
-30
298
-235
-520
894
835
452
-40
224
-101
394
978
670
265
261
119
-152
-277
-200
-75
-542
-851
117
146
-407
831
146
-91
-1465
142
181
752
339
930
-322
266
987
-494
411
-481
-127
250
1393
415
-375
947
-425
113
508
82
140
-374
-260
193
-789
1363
-52
58
-314
-173
-935
-297
-554
532
174
-443
104
-118
148
-551
-529
-351
-458
-114
-606
-32
-69
-337
-495
-4
202
-342
-70
-227
-784
545
252
-28
-241
390
-278
-83
63
140
-335
695
17
2
-212
158
-484
103
-132
306
331
841
50
823
-26
925
-399
384
1242
1246
1863
187
-211
583
-1477
-896
-366
-133
-88
-894
201
689
526
-565
186
1356
34
-153
-242
719
377
-161
121
372
-461
38
-1600
-153
-280
199
-295
-95
630
313
-274
-657
-616
798
-694
294
117
-154
441
217
-825
-555
-269
1775
-116
-143
101
61
-231
-880
766
-945
-506
-596
241
610
296
-816
-329
677
293
-1115
-490
-405
1164
-788
66
492
1090
-696
878
23
600
-1100
-343
-59
-670
-241
-206
-1081
-680
558
-132
-585
-660
1039
-78
-367
-536
409
-1247
-841
-813
511
269
-786
292
-439
-483
-824
210
-64
-95
142
-443
-450
-1271
520
-699
47
197
115
-1523
416
-571
-233
141
-1241
-480
608
-852
83
39
-485
-306
-153
-388
-675
1169
-105
-548
276
293
-251
925
-538
-4
-356
119
-637
-21
1113
-484
-877
678
346
318
-1158
-207
613
-476
-454
-19
376
124
446
701
377
-449
-695
-1193
-306
-16
57
-702
54
-654
52
-412
333
77
225
789
115
-459
216
1062
-86
143
-26
-5
-858
-635
-215
1278
361
-465
-48
526
-105
-194
-522
-608
-201
-310
-54
-578
-160
673
336
-68
893
18
-568
-380
387
778
297
-194
313
-1099
-459
618
33
869
-877
-473
-401
-806
-70
-153
623
-82
-704
1663
-37
-804
8
56
754
302
57
1045
190
231
-1238
-1204
-272
-371
-483
-15
-660
108
-155
-801
114
-251
409
468
-686
923
-572
23
615
-111
435
12
1139
-395
448
-91
-1586
-306
300
278
-367
94
90
-287
108
-11
-456
-227
397
603
-176
65
-903
-622
-605
293
102
264
512
91
519
344
-619
988
-227
-432
-486
-416
-359
-231
-386
-92
461
-165
-203
585
22
-138
-393
60
185
-1109
141
290
123
113
125
749
555
409
586
-132
-664
-70
-579
-25
660
777
538
407
20
-782
1158
622
-170
1256
-380
-543
-418
53
-54
-111
-176
-655
310
-11
345
989
9
124
646
610
-51
480
392
12
964
-63
101
293
-304
130
-458
-228
-257
709
-79
-156
328
112
-438
-161
-1049
566
315
457
-745
-119
-403
473
23
-361
84
299
544
184
908
-186
549
985
1244
394
-468
19
42
523
-140
-499
-400
-684
1043
347
375
489
19
-1034
-56
421
-1354
373
145
-168
-612
283
-74
487
931
-298
-436
-113
260
-423
-984
82
-233
-933
58
631
376
-390
-174
-690
171
568
-43
-269
0
-549
-1314
-736
433
-311
394
690
-262
962
-120
-881
-759
374
-201
82
-522
158
81
568
421
1183
-298
-1124
618
-117
165
228
-113
1422
111
122
-24
-477
178
573
597
903
658
165
167
-666
1018
985
-304
211
-1032
-50
170
301
95
-884
-606
-142
123
-188
-239
278
77
-387
833
277
382
-793
-409
362
-480
449
485
-1081
-150
-646
-156
-680
-1298
128
-451
-46
487
47
147
-603
154
-130
54
393
-46
17
1201
-253
671
-143
-231
80
437
-377
-133
-476
-183
-95
-622
12
-684
186
885
-368
544
75
292
167
1495
389
123
-1067
-932
1144
780
190
529
84
-597
-622
664
264
209
-964
388
-110
-189
168
272
-268
-49
1007
-20
576
1028
1790
-18
1471
585
-1393
-123
-574
-961
482
-387
-1243
-70
200
-419
-9
-195
13
-213
-73
-151
-601
-228
631
1093
736
880
518
60
716
-1153
676
-963
-141
119
-263
-269
-97
588
-952
-262
335
348
-710
514
-1217
755
-218
117
-712
-181
-543
533
-358
509
-331
-184
-1117
334
-179
-557
-336
774
-725
-280
677
691
400
-550
163
-190
224
-48
-106
-134
246
66
-416
560
752
495
-634
597
-365
-168
712
-274
-639
719
-250
-108
212
704
-17
601
-471
-379
-886
-293
278
772
-62
109
6
589
281
-462
-134
-7
-447
691
-181
-353
147
81
412
-1065
751
576
-1258
-1010
-550
-577
-1045
-979
-653
-559
725
-856
28
-546
-808
282
163
56
-34
552
307
-88
307
639
-181
497
29
276
380
-102
-1443
451
-449
-1226
-573
-362
608
132
204
-92
388
-520
607
871
-174
-114
-12
-679
114
-278
663
-1089
-1033
-64
-134
506
449
-21
95
-242
-1098
-42
-32
-443
-872
549
-209
-392
-297
-134
-160
-1155
244
1014
281
-1051
121
615
-457
141
1032
-231
176
-152
-165
323
-369
-298
-1273
364
279
358
-726
317
-1206
11
24
154
370
1612
644
712
314
-39
487
104
-513
-240
110
-704
66
-139
574
334
154
-403
778
-594
60
223
45
-935
341
-216
-161
880
-254
326
-168
1272
-596
529
-413
148
32
-786
277
142
-343
986
211
180
430
-168
-684
552
-843
-1142
-738
-124
-119
474
896
322
-162
299
132
-150
-369
273
986
426
451
-850
1525
-145
-197
-223
-328
557
-583
-727
157
-447
-1256
614
-124
-85
781
155
-1467
-464
937
-100
-958
-430
-146
-389
143
-30
1040
193
-123
-20
853
267
-956
-426
436
-512
-310
-164
-213
663
219
831
217
295
570
512
-15
-216
-252
141
801
-472
195
820
-642
-68
182
-555
234
-52
-80
271
203
95
-499
299
241
312
787
358
-459
43
-404
500
718
580
646
525
28
-371
-650
181
183
-1491
297
707
992
-1
-235
445
73
584
213
-360
380
20
-328
719
-984
-428
398
23
-666
99
-545
774
-161
-1093
997
-155
-200
-580
577
-117
-46
166
603
-20
-562
1033
-381
-593
-441
1116
-29
1056
-947
1251
-62
384
358
-101
-366
-737
965
-511
-659
-1128
-341
-652
143
-573
9
844
-285
-112
826
865
227
492
-215
356
283
-359
-96
-310
322
-429
-58
94
502
-457
-660
-228
-367
-90
-739
482
-824
1018
-93
-172
-1328
-470
-504
-830
-857
-599
214
-95
-689
146
-310
366
-409
-220
196
47
665
-443
344
88
-822
-84
-947
803
114
-139
117
907
286
-296
-838
1143
579
61
-110
-65
-174
-944
309
263
-79
-588
-34
-341
1056
155
-367
239
336
49
633
511
371
1046
-242
-24
-671
-671
773
109
-866
36
419
-706
446
662
23
-265
188
986
73
423
-652
-336
-169
212
-1053
227
1087
-449
-333
-17
-425
146
348
-236
116
-1119
-997
627
126
104
145
-491
-565
102
258
197
1055
-568
-865
-364
-1002
325
-508
-326
-843
329
121
185
416
218
622
-372
-640
648
-796
-62
795
-167
-1453
-340
-642
-56
-31
436
-45
-72
447
-225
-910
787
235
-956
319
-480
-95
-290
238
775
-49
-195
277
-566
195
562
152
-302
467
120
-942
468
-451
154
51
802
487
430
1367
526
-235
-283
173
-58
-494
546
-284
-258
-915
-530
-132
-143
736
28
-62
153
389
4
1146
680
-553
241
-90
129
-311
894
496
1174
-657
-193
77
484
781
224
-47
-914
493
-822
-110
-415
-150
-130
-669
-1155
-110
-33
-168
-115
-202
656
-1127
495
465
111
-385
564
-406
-403
493
-760
244
18
494
1150
36
646
144
1143
457
-234
-1562
-224
550
-1196
566
-1332
1290
-1083
391
-465
36
-327
499
876
-425
-51
1063
-65
-181
-200
1789
-11
135
707
-116
995
695
247
753
369
-898
71
378
-350
591
-238
1091
-467
68
1319
337
1374
341
-7
1081
1082
478
1048
-31
-162
92
70
-287
477
-729
-694
1148
-723
-722
-3
-324
385
322
-793
751
-170
523
-28
146
-253
-71
-517
-303
-208
-149
1611
-154
-23
951
-793
272
-984
-2
968
290
-170
-21
-1365
20
458
-614
-550
-146
132
59
174
-232
68
-499
1127
-638
314
-226
-1108
653
1306
493
253
557
717
-80
115
-620
110
-24
217
-194
1275
538
-1353
247
-26
-821
-762
430
-800
-89
2
-64
157
-979
-230
-201
-494
84
57
-70
-853
430
1113
1102
-184
428
1001
303
-205
-877
-590
-534
-490
259
581
-658
482
-621
-655
953
138
-208
643
182
229
203
236
-424
569
876
-639
189
-318
164
-375
-465
647
-8
-703
962
-375
-517
144
1194
-61
281
558
-900
-524
95
158
547
365
916
-321
-34
-312
-857
-167
1086
-199
156
-1117
486
184
274
-309
264
265
-948
-628
271
-253
-407
1204
-70
-173
564
1045
-106
381
1067
-1057
-1006
14
-784
-798
567
-329
-845
341
-1023
-1088
-315
442
-95
193
640
-570
879
444
-453
653
-9
822
605
506
-671
201
-35
697
-749
883
-25
-257
-429
-517
728
439
190
707
-644
97
-755
-333
786
234
-191
-518
-162
-117
321
181
-925
124
902
369
45
207
2
-621
-10
781
-890
-592
-716
-602
-1137
-818
348
-1178
794
177
1070
-306
-673
-732
-5
-625
-531
-281
-381
429
-487
-581
529
72
-339
175
738
-709
-43
461
326
-114
37
-935
-700
447
347
1777
606
-253
-588
810
299
-353
875
-173
510
-1085
213
471
-220
-163
580
80
-247
385
-568
186
748
261
472
-35
-352
-304
-342
298
-1118
-672
-87
-1070
33
-600
-317
190
-1053
-809
434
-101
990
-169
641
446
196
-32
-1128
-467
536
-907
525
332
-107
-804
-426
837
75
732
511
-504
-1407
-187
-418
130
-250
-335
1085
-236
148
-214
-305
-249
725
-726
72
-237
10
-6
-331
-515
575
-411
405
-849
-284
-1110
-23
-430
1032
-87
-356
209
-88
-1015
496
-144
-706
-495
-293
-631
-1179
252
179
607
1140
56
-985
-1015
715
1012
-516
1202
-1479
216
-297
172
336
262
-369
-516
1055
-104
-1010
124
-20
407
-695
665
663
-45
894
134
-693
-39
-90
-114
-946
374
-465
-423
388
-418
-406
476
355
102
88
55
-151
214
522
-151
797
-344
717
351
318
182
983
-39
5
-40
329
-385
-532
-428
662
-534
737
-325
921
-702
-694
96
-700
1144
-765
767
-65
-456
607
-349
-768
-938
80
453
813
-696
503
75
-1026
-74
-374
580
-631
-309
-914
288
-560
139
-317
903
-739
-147
427
-310
-989
721
-177
-490
157
-89
954
653
160
-286
927
779
-87
-268
-149
281
118
-346
731
467
40
-31
-1252
1024
676
705
-186
436
-115
-862
-166
-552
-670
325
-1498
110
-118
590
-669
125
547
975
-604
-187
-82
1064
-363
93
-248
256
-162
304
140
-1034
-29
306
763
-891
26
116
-377
-1134
-398
240
271
679
119
423
-993
-230
-300
-399
-1027
-1561
-474
382
80
-917
-279
-817
-714
37
748
769
48
83
880
-176
144
710
-101
-157
-24
-185
223
-1033
-862
-291
-400
68
203
-1739
-166
409
574
-374
136
-659
-496
428
536
25
-332
435
-148
740
-209
914
-152
-539
857
811
258
-454
378
-512
-794
502
375
208
582
-90
-697
63
691
-626
-93
-360
-342
-237
-1216
-369
-298
-445
426
256
109
-735
-647
112
-973
205
-1080
-25
290
631
-395
-926
715
142
129
-173
1015
623
96
734
-394
291
198
-1033
-863
-1134
185
129
-45
438
-979
-40
84
-36
-307
-93
1241
-661
424
1207
-1063
-217
881
-81
264
-540
-47
301
202
191
-955
-111
200
1607
245
-1781
-23
272
-1091
-590
-136
-79
-971
-489
-409
205
158
-268
-836
-269
-398
144
-953
-842
0
720
410
-108
-500
-505
179
413
277
-546
-695
-319
462
-1063
-108
110
-1017
-133
1192
-323
456
67
111
171
341
-180
497
-385
-253
444
1526
-1252
-902
-891
375
644
-907
-971
-14
350
-315
176
-845
-296
-1353
-335
-845
-667
-140
153
-293
-591
-742
-291
-70
209
256
652
-1182
-74
-109
598
-510
176
4
428
-474
1064
-180
-778
-156
225
206
545
172
341
-299
142
796
-385
266
1192
-860
-376
782
-227
816
302
-287
-208
921
-10
758
-366
-160
-188
-302
507
274
-1187
-607
-972
-412
-510
371
207
-246
-761
-194
513
692
-117
-168
-140
522
801
620
200
-453
302
-255
-690
-667
596
405
1016
227
38
100
-188
106
-44
-248
-103
597
166
-58
776
-156
-41
-69
656
-405
-367
175
294
-180
120
347
-86
-1110
600
102
730
1088
81
-391
535
-399
418
312
-848
20
-169
747
-77
618
-213
-164
-816
-466
-915
-725
269
-1189
-251
993
-148
-202
-308
-595
531
-53
73
10
883
7
254
801
-1347
523
716
-470
357
320
289
-188
-441
132
-65
446
-956
-1636
609
-680
-195
322
-648
382
-166
285
619
18
-1427
746
179
696
-299
378
-429
-524
1017
-491
345
-148
287
627
249
655
992
-526
-827
-723
288
-488
-25
-1309
-354
118
186
-891
-225
-593
-272
386
-16
221
-130
-437
-121
-563
429
483
-270
-341
-708
85
-294
-423
41
-33
-526
-74
46
704
-883
-248
-263
207
1131
415
-537
112
710
557
-573
1531
205
-59
-513
624
-255
-460
-710
-1099
-59
61
715
-328
-45
397
-162
475
644
150
669
-266
553
-197
-1971
268
119
-725
53
1015
-1394
-474
-78
-405
793
-1041
-500
207
77
-593
499
-182
267
-122
-562
-12
-395
952
160
1229
445
953
-912
-43
102
491
88
282
-1351
-83
-1333
-238
561
-269
-425
-283
273
439
-36
46
-322
-370
-224
-433
-141
-622
-370
-634
-933
-107
-204
-1121
-630
-193
-65
83
-691
650
694
83
794
-321
462
-617
477
235
-587
-96
-43
-821
-814
973
-913
-402
197
-173
-81
24
895
-212
-29
-334
267
-498
-385
-102
34
323
-750
420
567
308
685
-606
549
95
189
-1040
102
-908
-355
-415
183
56
-992
716
-985
-279
223
1311
1472
-531
-956
115
865
-312
124
-587
-194
32
-343
215
-74
435
-1267
-498
-303
-547
-112
-77
-86
-651
-838
-60
-157
-330
836
719
-945
-224
-1281
675
-479
22
603
943
-909
1056
-1164
-227
462
-1115
915
-721
-202
-500
-60
341
-196
286
802
-299
922
146
495
1202
478
-92
-553
-379
-191
-175
-1188
469
-161
190
-758
685
-516
820
-306
656
153
45
-64
226
-789
108
81
-277
-187
139
-422
66
-147
-240
-117
973
831
1052
-437
108
368
284
-36
-1690
-523
-52
72
-51
408
-122
-122
-575
353
-590
782
-301
52
262
1152
-119
-590
-30
-61
473
-467
529
350
-314
327
-189
-143
234
-140
-129
-948
-488
-229
-72
-141
224
-138
633
399
-35
-626
-55
-263
624
-594
-214
712
-79
-149
1627
581
-401
136
-616
371
-349
-463
-44
181
1391
-382
945
-1146
-280
-630
257
582
320
-852
716
636
241
180
543
-191
385
-200
193
-244
-183
814
-17
439
-77
-635
804
602
586
386
-591
-306
270
-521
93
300
-337
158
-451
653
-434
479
14
-578
-146
489
488
845
840
-417
1001
-636
-505
1011
-501
-806
-218
485
613
-119
303
-215
49
502
373
376
207
-5
-519
365
-436
582
660
-543
-295
-422
159
51
249
-64
-151
360
-257
44
285
-606
-729
-86
68
-127
572
290
192
-311
696
-266
25
121
-49
143
-3
415
106
628
-114
230
44
-687
-452
-287
-234
1118
-201
823
-33
251
849
-531
-359
-536
65
725
-448
-167
436
-938
-303
186
127
1088
510
-48
-223
256
592
-170
-721
557
436
227
345
-194
542
-573
53
564
784
124
59
-252
-105
-213
273
594
76
-364
-239
122
-41
-778
420
-150
-172
752
386
99
224
34
-817
-808
822
494
20
-685
1040
-212
243
-293
-1501
-21
-612
729
86
-1285
799
579
-191
705
846
263
-966
268
3
-414
743
-813
151
-81
-234
-260
263
-606
-63
-49
209
168
242
-100
-68
318
-507
158
-1387
1018
185
-1674
-107
-407
-763
933
-380
-892
-158
-153
684
-1016
331
1194
629
408
628
232
-981
341
-136
148
-708
542
248
18
764
-361
-323
327
-798
-192
-629
256
24
570
-513
53
74
341
24
-65
97
282
123
-444
-503
-64
-353
78
-474
-495
-548
373
-624
6
151
142
995
-82
-737
500
593
-340
237
-108
406
215
-916
-1069
-1100
-1216
16
344
-484
65
120
-425
533
454
-505
485
-371
-719
48
849
541
-1118
-1021
-670
512
38
-526
196
268
-387
84
165
295
-771
1329
-84
283
299
604
-563
-1267
-197
-341
645
-190
544
-824
-998
-279
183
1026
-195
-161
22
-581
-174
35
17
-186
-298
589
303
92
139
305
-928
580
-138
526
815
600
239
-202
-282
578
-679
344
311
370
-391
-77
-79
-168
-683
165
-517
-62
-113
-600
-71
-211
-859
758
-790
-373
-119
508
-274
519
-96
-815
-356
-189
-43
-498
1152
272
157
-330
-823
-471
-206
158
610
216
-1061
89
-332
21
-308
31
-471
-1368
143
-9
-846
-760
-728
-943
121
-393
831
-37
215
-361
-3
-662
-51
514
105
-168
-85
47
661
275
36
333
-154
116
-151
329
1286
-244
-658
658
-3
414
-393
-6
763
316
592
-463
-200
-82
-354
-729
1472
-266
-403
-625
-252
84
69
-165
-378
-513
114
651
-753
449
506
-641
122
-227
179
-278
578
87
341
269
-883
4
264
477
222
-102
319
685
309
5
101
527
-457
-148
-388
-386
315
-105
620
-551
-796
371
434
-145
-246
-813
-1263
297
-967
-49
287
-346
-302
-280
-632
990
1178
-525
-203
-82
53
1081
-257
510
131
-674
-890
489
836
682
64
1
853
-318
-378
-1037
313
-122
-682
370
54
-1069
733
-93
348
282
-1243
-105
251
173
505
186
344
152
-63
-294
-204
1451
-228
362
-69
-27
1181
-1261
-469
143
743
-789
16
-740
386
300
1045
763
-1023
626
-681
-480
-367
137
293
461
-143
268
702
262
-55
337
-285
-184
894
-54
-1103
552
-202
424
123
515
-631
-88
622
-198
94
551
312
514
-971
6
378
-879
807
11
-875
32
302
259
203
-167
-913
-180
-513
484
-458
1
-248
-753
734
590
141
-449
667
194
119
318
300
676
613
-586
-457
332
-146
-572
-718
-645
-461
313
496
28
-334
-67
-1483
336
80
-95
646
135
-631
642
-785
276
-139
1056
709
-418
-545
2
-1571
598
-190
51
1554
279
650
341
-168
-645
266
117
1097
-1034
-103
-51
414
-600
-1214
501
-565
199
786
312
-436
-544
244
-531
-902
522
-430
-165
-1126
-654
1490
244
-28
430
921
-771
1366
308
748
-359
465
1185
248
175
-214
38
396
10
-388
-975
-848
-124
-901
-867
122
744
765
-675
77
-222
-238
-1292
410
729
-395
425
181
151
914
-1204
1063
-354
345
-405
-1240
1257
-112
-390
192
424
190
795
177
-270
525
-1077
-123
-274
-493
-336
424
1472
86
-359
-61
1035
634
-97
-692
-689
-596
134
-219
470
-393
-443
-484
975
927
-51
681
-656
148
-464
-93
-332
-657
813
890
1132
-33
-635
-272
671
662
163
-331
277
-464
183
652
-378
-388
-179
-219
-4
2
36
-579
-872
171
-371
79
151
529
789
-123
24
908
-232
-254
-392
752
843
215
-173
308
147
-319
-625
394
-221
-307
-801
1479
1426
222
254
802
1631
703
-114
217
1162
289
355
57
-56
491
156
-174
-375
-669
-447
387
-119
480
372
-1421
351
1394
729
475
-227
-605
15
-733
-327
-356
851
-687
1
-819
-308
-1080
845
-219
-450
339
62
-470
-623
-1946
-468
-1330
938
736
-522
571
-458
248
-378
-836
-315
380
-57
-736
-272
-392
510
189
347
-481
-22
-857
-518
-304
-57
54
350
-183
307
-179
350
1163
238
-1169
125
-843
518
-201
-303
455
2
105
67
715
84
-383
7
492
334
-296
258
1013
613
-101
-1423
-359
619
-405
161
91
-172
-458
-452
-12
80
-666
477
90
-806
957
71
-15
-638
789
-977
58
118
-305
-732
216
-25
459
722
-508
837
-777
-19
-97
-204
192
-343
113
-709
-905
65
-11
-872
458
345
-244
-454
-88
-398
208
521
511
824
309
443
1240
-45
-136
54
146
517
-102
854
775
16
-41
-891
-289
517
-24
37
-422
443
207
562
451
65
-707
-332
-10
-39
-271
-606
504
-311
-657
1256
434
869
-904
272
-766
-101
202
961
-1283
-66
346
-197
986
201
-711
-314
348
283
415
886
-271
305
273
-1018
880
1103
1
376
417
-812
1190
331
-135
-615
-629
20
-499
314
-956
-9
-678
57
-786
257
-175
350
-261
1030
-491
-814
629
-158
-125
-78
297
-961
16
89
90
314
96
-1324
485
-816
-780
139
361
700
-201
-788
247
-198
402
-972
926
-209
54
-896
413
-1070
-800
507
-536
-150
-735
142
-215
83
1238
247
-86
-46
1396
1131
-1472
-632
-576
-1138
67
68
-58
-1145
-173
-33
1426
338
231
143
-956
-430
283
369
-439
-24
516
-316
236
-876
-98
72
655
536
-751
-890
122
-837
323
379
237
-296
687
-501
-65
-1053
226
656
0
707
-382
-1184
-236
396
232
-716
715
-278
1012
1050
-305
-505
-831
145
42
-616
-99
559
-503
711
-818
732
568
-187
-158
19
536
211
-77
-374
-806
-127
40
33
-687
321
336
-992
377
45
353
-408
-859
-48
178
-227
24
-1021
78
-54
698
-248
553
435
658
936
-14
99
440
328
1309
-885
-550
-373
905
-271
-1245
-794
-307
-427
727
291
643
-161
-892
-2174
23
689
431
-592
214
-1017
716
-214
-491
738
1068
46
-64
343
-426
90
431
-278
774
93
82
131
-79
-442
-175
30
579
461
-639
578
-869
781
-878
265
-8
141
-670
-93
128
-1068
-939
-38
537
-575
-296
-125
676
111
-236
-178
-133
-498
73
-300
140
-773
1045
303
347
347
-599
772
-59
-798
-3
-311
83
-991
-65
-155
-758
-67
-438
402
-247
471
-599
588
-1336
420
122
106
34
758
-428
-33
-385
6
-888
-63
489
197
-675
412
706
-600
-177
752
498
368
-333
-110
476
238
-576
1933
-951
547
-495
188
272
-875
-1536
564
32
157
-107
-1001
-573
1602
220
681
798
1826
869
481
-343
-478
-127
-98
-631
-817
402
288
-357
425
402
-1022
-993
580
193
-100
839
96
-1131
308
-728
325
-53
332
-1009
-5
-1015
242
445
460
-93
1309
119
93
-252
740
193
-199
-433
386
379
-486
-598
742
-61
636
-575
-418
517
420
93
179
127
124
-337
349
266
-533
-15
-253
748
-1
541
-761
-415
-1230
-610
-1853
626
-39
228
-718
-327
-272
162
432
517
817
856
-19
-993
681
1292
278
204
-20
161
-940
-378
433
-1070
1054
-10
-776
-1336
-406
292
-1144
-950
-255
689
674
124
415
956
139
95
10
32
693
-28
-158
111
270
-61
1015
-479
173
-23
-710
777
680
1
-142
-55
-39
-388
300
431
-208
-813
547
-269
421
280
421
-546
-668
-335
744
-992
1014
410
-829
477
222
-257
-1047
-86
-37
152
290
-271
790
-1031
-1023
641
-963
-311
-988
507
497
-327
581
-139
72
85
-450
-630
-645
551
-700
702
-445
-333
273
-202
296
-222
238
1143
-399
32
387
484
556
-36
239
441
-234
470
-264
134
-197
263
965
521
659
1270
-192
390
707
-596
81
334
388
269
-321
-586
-460
-154
-735
919
-559
-165
825
-277
160
-298
160
367
-178
20
-687
-486
413
484
-309
-254
-207
147
750
1240
-66
-839
49
-1265
250
-325
335
826
-833
690
1125
55
-208
-111
405
443
169
355
-660
-829
-261
-304
-470
223
422
-899
661
-108
519
1052
1013
-756
862
-446
248
-351
880
-519
-293
342
122
-69
-310
-402
-4
399
-115
-991
89
-340
-87
-123
235
38
-42
766
234
-619
-328
431
1286
807
282
-939
992
-561
-355
-141
467
-614
-1180
-45
-443
-103
281
819
1180
1012
-252
-687
353
402
19
26
-189
-336
-311
1636
653
-53
859
1074
-22
33
47
736
675
-77
-84
-145
-263
-555
563
-386
200
768
-144
627
-884
814
375
-348
-692
-288
-159
250
39
-537
-739
-777
855
562
-423
452
-410
-29
464
146
925
-363
-1015
170
-625
-272
-1152
713
-437
116
312
-785
707
-485
327
-94
-664
299
360
-93
627
1010
-191
128
682
671
7
-54
204
478
-1323
108
-456
188
-248
-234
498
932
1329
648
648
-90
-1147
-1148
286
-732
-100
603
373
-483
700
-381
-234
508
-278
-1027
-494
-725
-1
-162
-1012
128
551
137
-70
-258
-994
-460
244
-430
71
-648
-396
838
-475
-583
-35
975
13
292
1278
78
256
915
178
-847
-219
565
521
47
740
-666
430
-94
-94
-357
481
272
-168
143
439
1267
-381
31
1091
343
-383
-695
-359
-332
410
144
-990
135
-121
-163
-1001
763
96
-126
1284
-58
142
259
586
619
-997
-109
-312
-404
-544
180
282
-854
105
60
-619
435
591
-528
-949
-369
-553
929
-909
-109
342
501
-624
-211
-873
-206
398
-341
-557
1194
-291
-716
-251
-330
-232
316
-1145
-132
-315
28
598
634
312
806
669
-454
-81
557
233
-61
117
-93
-467
419
-331
-293
-136
902
283
752
-277
-220
33
119
644
-296
-716
141
-201
-314
-1300
544
689
416
432
-392
389
465
330
1106
-402
-248
66
441
-259
-108
715
-720
1403
-306
960
-199
359
-755
123
1013
-152
-444
-816
545
-387
-48
-66
-364
-909
505
346
150
-772
-196
-32
-543
-746
219
-386
242
439
964
451
36
113
427
198
377
-343
-516
684
1162
1575
260
-714
-440
-378
-3
-331
-73
-148
-949
-1065
-96
-20
-497
631
643
1387
256
88
-377
900
1171
279
29
399
-402
134
-180
217
544
410
-212
-385
-117
688
417
237
-1048
-163
-246
584
-729
490
812
770
-226
-929
637
385
-634
-389
-868
-531
-457
-411
83
-1366
-620
-598
802
-697
250
-439
500
-139
-545
664
-827
-393
1102
-420
478
-379
-1073
-426
-678
915
170
37
-128
-212
-1370
366
483
368
-356
514
97
781
120
248
632
60
83
-725
-623
-740
-473
88
-540
-514
-35
-615
969
-249
1407
-418
-670
223
153
304
-728
-513
-771
-483
1001
-21
-606
-51
44
327
821
-535
460
294
-78
560
278
253
360
-398
508
268
-225
-461
142
-88
431
-56
904
-539
448
-347
-362
1262
-7
54
-107
120
41
-734
-603
-188
83
638
-61
15
-701
-287
-179
1132
207
-220
-737
139
-149
-831
-295
589
339
103
-330
-216
-435
-13
-326
-262
668
-156
-234
570
-18
-88
150
-174
-326
1197
-196
2302
98
-23
-426
-15
697
15
-884
579
-978
116
-1686
-740
-138
35
-1082
-417
581
-47
-258
-14
-604
-749
-683
170
467
-575
733
-745
101
-658
-359
-755
-791
-630
-9
-1220
-200
-686
-318
-304
-418
-658
107
956
-793
-42
904
613
501
-534
-593
777
-850
266
-621
415
-227
-188
890
554
271
849
-341
-92
1178
-1020
-235
101
-259
-306
80
-149
-332
-159
672
-481
27
-251
797
-651
-1006
-229
1015
458
-65
662
150
-564
-1105
-675
-1064
4
-1066
168
383
-893
1218
-539
-302
-39
-159
625
868
-732
-153
526
313
-331
147
-19
-15
180
754
-617
40
-131
265
-633
-268
-491
702
727
-53
466
-384
1077
533
-1235
1062
872
290
1327
-793
130
59
-817
766
243
-425
772
560
-285
-106
496
-1357
-100
27
-24
-463
-760
-822
-600
-1032
-124
80
487
297
322
-296
146
1030
-112
258
-200
1670
601
222
-771
-160
-52
-526
157
77
-790
764
-72
660
343
32
-938
-480
-476
315
-282
1261
147
-767
-7
741
915
531
-420
-505
305
-160
414
-188
179
-457
-217
-734
-1574
208
-288
-652
-484
-163
745
-173
128
-130
206
804
36
-182
661
-333
216
-236
-535
-236
-734
697
362
78
73
-59
331
173
-698
-107
915
-708
-247
-869
417
285
930
162
1760
871
592
-1014
634
41
-42
528
-1413
-1851
126
-402
474
203
182
-425
-642
256
-320
-99
292
-1091
249
126
506
432
176
348
-815
-521
600
212
-52
1028
126
1172
275
-145
-388
-342
200
665
-314
134
148
495
280
-41
-526
424
-420
305
722
-257
24
-189
107
444
591
-179
225
844
-678
-497
453
41
-217
554
480
157
300
377
65
-782
553
139
-866
-516
525
76
-1099
566
-184
493
-465
276
798
-963
-138
208
721
-612
-82
366
929
-265
-52
76
-408
658
-133
273
-191
-658
260
296
482
-582
-270
-1023
-1248
-751
834
1549
92
-645
17
588
408
8
-53
629
-842
526
672
-541
-250
300
-22
1172
261
-222
-723
-116
-345
-601
281
121
-731
641
-446
749
230
-241
124
404
72
406
692
712
-935
588
916
-219
-704
121
-251
626
883
-231
740
-142
1102
-619
-564
-397
-112
166
-228
-712
-332
-921
-481
-101
-255
627
841
-91
-773
-687
535
-441
755
364
-444
-270
183
287
860
221
-37
204
140
-21
-43
-1146
337
572
251
678
-336
526
-1066
749
-692
-343
-19
-175
102
681
-708
-286
109
-324
-133
289
-679
820
679
70
479
-773
456
349
35
-156
-293
70
-88
-460
479
854
-75
149
831
-376
-86
-585
-146
-115
-373
94
-62
-215
-374
245
347
-167
810
430
138
384
720
106
-230
-410
300
-424
393
169
-340
-81
620
-125
-125
-396
-922
-1258
247
112
-256
479
777
189
1120
184
416
-438
-442
-133
956
-800
-1051
241
-608
455
441
522
-40
57
10
60
16
139
278
234
-735
-213
554
589
-654
1590
207
-223
552
-253
-63
94
121
557
15
-81
100
-359
-542
205
874
-724
-172
-100
-181
4
873
141
-250
505
-386
-955
-252
297
-299
352
1299
-206
-36
433
-357
266
332
955
544
-422
-989
28
-170
-608
-1094
-887
1644
-827
-287
893
-487
-666
-1179
-32
168
-926
-544
701
158
1054
-535
-700
660
1113
1245
-1088
577
-620
-364
-491
215
-491
350
-170
179
-698
677
43
100
160
641
55
-231
315
-657
-984
-943
47
-382
-308
219
-419
177
872
328
-675
160
-396
-139
270
801
-310
-1092
-47
989
372
-805
544
-435
1169
265
-491
-288
-96
698
465
702
-598
728
-378
-985
-631
284
-714
777
217
-1
-370
700
135
701
122
-57
432
-1542
-428
-432
-608
318
-559
611
-896
301
655
-71
-741
-1540
-385
-461
-745
-610
1333
496
371
432
-111
79
-515
88
-394
330
747
500
-515
1050
-616
1059
965
-232
-361
-102
-1050
-1105
384
-151
-971
-387
-250
831
-192
747
-434
-103
-510
-25
120
9
479
-143
1126
-721
-282
424
731
-95
105
612
208
1510
-662
-26
587
-189
489
-555
-163
187
11
-574
-957
-143
239
295
270
744
530
626
759
438
-644
509
219
356
-181
60
114
546
-199
-400
-82
200
-561
-933
235
-321
-179
-1274
-843
-832
-135
-61
716
-423
325
-437
29
-81
-409
250
417
74
-1170
173
535
-774
-795
114
1107
903
-149
-427
-615
-487
-344
-276
-1104
-28
-160
259
535
-962
638
-574
180
41
219
-168
1056
484
-512
313
816
795
982
-793
-228
-225
-362
-690
-97
-240
443
594
96
890
-1471
-245
-273
154
-194
-153
-205
-600
-267
-226
448
-247
855
-1093
60
-663
-592
-1212
550
-33
-229
898
776
-14
690
-894
-511
-245
67
272
305
-57
-971
734
217
180
-638
185
-745
-453
1291
1125
104
-1371
122
-324
-1250
-725
254
-344
-197
97
126
276
-9
361
-681
-443
487
973
-384
810
239
-196
364
158
443
133
464
-405
106
-122
171
128
-305
-1435
164
607
271
-499
822
-487
-366
-1375
-86
543
-595
-533
-481
-1609
688
-400
-800
-117
297
-779
271
1050
-496
-69
-271
-611
591
-1265
558
208
86
-202
-158
-500
335
493
200
-541
439
793
-47
183
270
117
337
196
275
-126
460
-597
-102
484
-123
204
-876
-357
-380
394
165
196
-478
593
32
98
-1230
-570
60
258
125
540
205
564
-1200
-362
-503
612
-731
-37
4
487
99
394
-135
-530
21
-585
-472
19
859
-393
-150
-139
-165
-383
-112
655
253
518
-210
1018
311
305
-28
148
182
433
-624
-67
-468
-57
-536
243
77
1102
-678
388
-254
-274
-746
-272
1561
-301
32
-307
-847
236
-72
94
363
37
231
554
-247
945
-1163
1160
346
668
-895
149
-413
18
-55
296
188
-627
-925
-165
207
186
-539
565
-318
301
437
-201
-42
-301
-356
712
133
517
403
-1775
158
-1
-110
-122
789
-1069
-478
148
-658
130
159
717
-456
-21
-235
256
325
-124
-342
-139
223
805
-130
758
-776
401
29
-652
-938
-1157
1013
305
646
148
1445
-468
-343
120
361
712
774
-134
-46
72
-118
1024
-707
-135
-481
49
-757
-399
845
398
-265
393
446
456
-611
405
-715
-393
-197
719
-621
-516
32
53
258
793
-264
-49
-618
-1079
630
567
-85
541
-168
330
-288
156
-665
-835
372
265
-77
49
293
86
557
-292
1196
-144
660
1019
361
-1521
287
-315
-18
-1047
-180
-283
581
-235
536
153
-505
-60
-551
298
22
-381
-818
-116
-173
757
-571
-119
-319
283
8
-87
573
-1052
-537
358
-613
15
-100
-282
293
54
-369
-128
69
247
-1095
1
1059
176
546
461
-551
697
-49
239
357
355
231
363
161
-643
-35
-232
-693
-271
-1435
-221
1108
-1065
-1046
-438
479
314
-1123
-228
520
-203
-118
86
-386
662
22
51
589
-339
107
875
-1041
-104
-102
-609
414
-165
-809
-825
-267
435
-971
-292
836
250
-688
-677
-34
-650
711
-606
-103
-460
305
-410
-460
244
-90
275
-6
-54
197
441
69
-20
-427
-856
1472
126
-514
873
162
275
1168
126
54
26
-226
271
151
146
757
1135
484
527
238
783
832
-179
161
-332
-306
888
603
105
-1031
-594
930
-371
-1111
-647
-1031
832
-983
-434
221
-259
335
360
216
-410
179
-366
662
-649
112
600
277
-860
-239
86
173
331
-63
588
728
998
419
893
288
830
-446
-640
-187
105
1147
1187
275
-95
360
-155
517
736
-38
-692
238
784
335
-178
523
-1
11
-239
-168
336
198
744
-497
846
-183
303
363
-53
-1250
-375
191
966
-45
-180
-938
1154
-84
384
-13
640
107
-141
0
-339
-247
-142
-413
17
1069
-304
311
-107
-145
-65
1031
156
-365
277
-432
1403
-1041
419
-464
765
-787
-759
-147
-136
-525
-71
788
95
1370
85
-823
-285
135
300
514
352
-366
-336
327
-135
-771
117
-349
1091
-727
330
-122
228
-1008
700
-993
152
-1048
973
-27
104
-291
-65
-180
-637
-387
-324
-32
828
-374
815
101
321
-1268
646
895
643
951
-327
-1079
6
-726
341
-487
270
-222
298
-1123
-393
622
233
150
685
-199
-245
-1287
567
-678
621
1516
-156
-42
-190
550
-1725
-193
380
-242
36
72
-488
292
-405
-162
-625
-104
-172
-186
-190
-280
-394
237
87
-330
648
-413
1211
383
446
461
671
-520
-53
-424
169
-553
607
-516
73
-382
308
-653
-725
-13
50
231
1018
550
227
-1126
388
471
208
-117
-128
-397
527
338
-27
809
67
171
146
-32
361
1025
134
-107
-589
-416
-593
-1344
102
-154
-8
-143
216
191
760
84
-155
224
111
-516
-239
-413
101
-536
83
-95
-357
-595
-101
810
-375
563
-350
827
191
759
632
-21
-371
-477
961
362
-319
426
230
813
1426
296
-379
272
-245
-74
615
439
314
223
-618
-362
-1088
476
-59
-204
147
29
1259
-209
496
392
-694
46
1
210
-1059
-388
1309
442
-35
-223
92
-98
29
-127
486
98
27
891
-507
-223
-273
-269
206
2
124
-475
657
-156
-1304
-444
65
878
-574
-887
-76
-333
292
-328
157
353
306
-381
-1466
-691
-1455
449
-470
-859
123
-365
-243
-10
237
352
-767
-453
-442
-238
358
-669
500
-542
340
20
-464
252
-413
-749
-75
197
318
866
-501
49
633
624
496
-443
-1186
-508
-166
667
-24
-104
175
-327
190
-444
-425
-1011
-1210
-325
400
-57
-136
476
53
707
-348
562
-1068
-102
74
-213
-813
-666
-145
-116
-639
479
-66
-481
-1011
-495
-191
528
702
1160
-822
-168
-521
833
823
537
269
-605
-91
-413
348
257
779
-114
-729
-231
683
-342
-420
-347
-527
655
855
-254
38
-1021
-715
491
-51
1013
630
1204
-570
-891
-747
-836
232
39
1564
231
831
501
-132
-84
-29
449
-601
-406
965
-501
156
501
-731
43
-325
181
-425
-252
507
360
-426
-64
-573
-21
-917
60
-674
-461
198
271
-111
-55
-705
285
-195
-932
-119
288
-40
-235
-895
-372
-391
-889
108
448
-547
329
68
-665
148
-95
-206
-1311
238
500
-454
-677
93
-970
-426
345
150
442
736
977
-286
-127
-193
-780
796
1022
526
-1130
-11
506
-5
308
12
508
-1074
-82
-477
-344
146
-652
-557
-611
916
-871
797
-790
162
-211
-927
-156
48
-221
-121
934
357
1097
-156
640
268
-63
-385
588
700
44
-319
491
-527
-124
137
548
-33
-101
-709
-625
-48
789
-427
130
-454
524
-1133
-301
288
-264
739
-18
256
-752
-910
-203
757
1259
209
-537
-1548
-164
566
803
-158
-520
-513
1447
-98
-93
-580
371
728
215
35
396
-909
-923
-652
-207
1251
-420
-683
90
1045
-339
-505
733
435
531
147
-185
110
618
811
-340
65
-374
-704
122
-506
667
340
-794
-586
334
-147
478
1231
187
-38
-267
194
-839
-295
-102
-703
-810
-929
715
208
-402
35
-864
-173
697
153
-958
-958
-604
772
-527
-545
163
-312
-486
