11 63 49
0 0
0 1
0 2
0 4
0 5
0 8
1 0
1 1
1 4
1 5
1 8
1 9
1 10
2 0
2 1
2 3
2 6
2 7
2 8
2 9
2 10
3 1
3 2
3 3
3 6
3 9
4 4
4 5
4 7
4 8
4 10
5 0
5 1
5 2
5 3
5 6
5 9
5 10
6 2
6 3
6 4
6 5
6 6
6 8
6 9
7 2
8 1
8 2
8 3
8 4
8 5
8 7
8 8
8 10
9 4
9 5
9 7
9 8
9 10
10 1
10 4
10 6
10 8
60
30
46
55
10
1
36
24
16
14
62
48
35
59
52
38
4
58
9
56
20
17
50
5
28
2
40
15
51
25
27
37
29
61
8
33
39
54
32
23
49
22
47
53
3
26
43
31
21
18
19
7
41
11
12
34
45
6
42
0
44
13
57
93
-45
8
8
46
47
73
-77
10
1
12
12
-11
-53
35
-50
101
72
-6
23
-8
-10
-33
-22
44
3
-22
15
-5
43
-28
49
89
104
-30
-25
53
-69
-58
-56
84
-85
-56
-76
-40
15
-27
-10
37
-6
-26
24
-5
81
-95
67
-38
152
-17
-58
-14
-56
-16
19
34
36
-85
30
11
-19
-12
44
-12
3
58
-51
41
8
13
-33
14
-31
-80
56
-44
-30
7
-43
37
-83
29
-10
15
21
13
85
44
19
-25
88
-57
3
62
-7
28
93
46
-52
-14
34
-49
-4
-6
-34
-14
-22
-25
2
14
-45
29
15
30
24
-20
45
7
-58
-44
0
-32
2
21
100
41
52
50
-34
70
-39
81
-11
75
-50
-7
40
-93
37
22
-39
-8
23
-44
92
28
-14
-34
42
-4
-23
-40
-124
-66
-33
3
16
-37
-56
27
-12
31
23
31
40
49
87
-94
20
18
47
-35
40
12
-76
-26
-58
38
-32
34
-45
-56
26
8
-47
27
20
17
38
60
-50
-130
57
10
38
52
-4
23
63
-40
1
60
-114
-85
15
-114
6
-14
-23
30
-101
11
-54
-38
17
66
14
67
-39
55
-53
6
-6
66
72
0
-7
24
-60
-38
-14
-89
76
-37
-43
-62
-18
25
-115
43
9
1
-23
-79
56
8
67
49
-27
126
-38
54
-45
8
-11
-59
31
20
15
-53
-76
-18
-21
9
37
37
-65
62
41
-43
11
3
-106
-2
118
45
-8
-4
-76
3
14
-95
-16
-36
2
12
-6
1
-24
77
-90
29
-41
43
-47
-22
32
-43
3
47
8
24
56
6
-105
-97
28
-44
-30
-17
0
7
-59
-27
-18
40
-58
51
-58
69
-43
-1
-22
64
-11
21
-31
29
-24
-42
-39
-37
21
6
-27
75
-13
-86
19
50
91
-3
11
-6
-45
25
-20
-69
61
33
-62
-30
52
-44
-10
-3
-1
45
146
-11
21
11
-14
-57
18
-35
12
-38
-53
54
-6
47
-21
1
-60
-90
-26
-29
-16
-29
-16
-50
4
15
-1
-78
-45
-27
105
-33
17
-30
57
17
37
19
-12
9
84
-66
-25
45
2
-80
50
120
44
-13
-11
79
23
-39
27
49
-168
49
19
-8
-3
54
-3
-52
89
-15
-36
-96
81
10
23
-47
-7
18
-21
-113
36
66
-10
-44
-47
-67
54
8
4
-21
-44
-37
-62
0
-58
-75
-11
-18
46
25
6
-61
-49
21
95
91
-3
-11
-27
-7
-39
-54
20
-38
-89
106
72
85
-62
-10
-40
43
-17
39
-62
-61
11
-23
-38
23
75
-16
-30
4
-17
2
33
-41
-37
-45
27
-62
73
25
-58
-29
-44
-72
-38
5
32
-13
-83
49
-24
19
-10
61
62
-25
-44
-84
-93
112
-52
29
-55
40
-42
56
50
9
48
-14
52
-106
29
-57
137
22
-30
-24
45
2
-7
-40
96
19
-42
59
-15
-41
97
11
-1
39
-11
66
-56
13
87
43
-22
-25
34
-3
-59
-35
-30
-16
35
-4
-30
11
81
-6
23
-1
-27
50
51
74
-9
-1
102
-22
30
13
-17
-30
-56
35
25
55
-18
-107
29
-79
-107
42
-8
-22
5
42
-107
-41
-39
-10
-17
129
21
12
-67
-8
75
56
21
-96
19
22
-51
84
41
24
-84
-30
-19
5
63
-29
19
-51
-72
-16
22
-4
74
-121
-18
26
100
86
-8
-144
77
56
47
24
8
-44
49
9
8
-21
-97
0
-16
-49
-4
-8
-15
-91
-38
18
23
-30
-5
-87
38
19
0
-8
10
-10
71
20
-11
-31
67
44
29
-11
34
-92
-2
-26
-34
-114
-80
6
0
-13
-13
39
5
10
53
111
52
46
-27
-50
2
-8
41
-37
67
-96
-21
-23
-97
8
-20
-55
-69
2
5
-43
-82
-68
3
-20
47
34
78
36
-7
119
34
29
-45
17
25
10
58
-42
12
-3
42
46
78
-60
-47
13
35
-46
98
64
-24
-31
-31
74
18
-41
-15
40
59
20
-42
-56
-23
56
87
-25
1
-73
-45
40
72
16
-12
-90
12
-61
-22
4
-91
-36
19
-115
-33
-87
11
27
66
-5
0
51
-16
-40
13
30
-37
-7
32
-60
27
41
66
6
-45
-95
4
-56
27
37
7
15
4
9
-90
41
28
24
30
-5
-78
3
-17
-16
-15
75
64
34
50
-65
85
17
78
-34
33
27
-120
-2
14
-8
84
-35
8
4
28
38
-68
-5
5
43
-50
82
-14
40
38
8
-1
6
15
-68
-47
-6
2
-106
1
-7
-7
10
-45
8
-56
34
-31
-87
-15
-12
-25
35
-7
7
3
2
69
-83
40
-1
-44
41
-50
-52
45
-52
-21
81
-133
-32
-90
-11
78
41
19
33
-89
31
70
-25
-4
-37
-15
-69
94
75
52
-70
38
-73
-36
-40
34
-80
-46
-7
4
-27
-2
47
15
103
-105
14
-39
44
-16
47
-18
-8
21
18
41
11
7
-87
-2
-13
4
-92
-91
-29
-38
-44
23
-33
4
-3
16
-63
-53
24
-4
9
33
-46
-15
85
12
-148
49
-23
50
-39
69
45
-58
-43
30
11
15
-76
7
-15
3
-78
51
13
-50
-22
87
66
-9
67
11
-55
61
24
-2
44
-100
-73
-26
35
-26
83
-13
43
0
18
25
-37
-17
-116
-3
-20
-33
43
-4
-9
34
-27
18
-5
-55
-1
-86
-19
-51
4
24
-54
-64
2
-42
-6
-36
73
8
30
-7
-48
14
-14
-52
-31
-18
37
89
64
44
-22
-24
-26
-32
-14
127
-84
51
66
-37
-61
-3
35
-30
-18
-102
-6
39
22
17
-20
-17
-37
56
10
-43
-28
-13
61
52
-7
-17
72
65
19
6
-66
-12
-44
24
-53
-44
-76
22
49
62
-16
-60
24
85
-34
-27
-38
22
22
-39
-47
52
5
-80
-38
30
-48
-7
17
-28
-37
-60
37
79
-66
39
90
13
-3
-23
-47
-37
14
-2
121
-19
-72
-3
51
-15
-46
10
57
0
102
8
96
105
-28
59
49
16
22
-14
73
9
61
-77
-7
120
20
-16
75
-33
11
-9
-15
-59
9
132
-32
-8
20
8
12
17
-41
-14
30
3
11
29
-17
48
15
38
89
101
5
13
-67
13
30
-39
30
-62
57
-23
3
-13
23
-2
24
8
38
-5
1
-60
-8
76
-50
10
25
-44
-18
22
26
-41
1
-72
31
-60
-57
46
-27
-75
38
87
63
-22
26
48
23
-5
-20
-6
137
-74
-15
-15
-122
4
-48
-6
-12
18
7
-9
-19
-39
37
3
81
16
-19
46
-32
-123
-95
-57
-16
-9
-46
50
-43
-76
-14
21
-88
-12
-16
-91
-24
-7
144
21
53
-66
7
8
25
-37
-59
-111
9
-55
18
10
85
30
-17
5
16
-29
-45
-29
11
106
51
-33
-4
-35
58
8
-47
100
57
32
-28
-10
49
45
-55
42
-1
-10
59
62
30
-6
-102
-69
-6
57
-72
-22
8
1
67
-101
-45
8
42
49
68
88
-1
52
12
-2
13
-27
87
9
-57
26
-31
-53
18
-26
-66
77
66
-16
-54
-2
2
81
-28
-9
-28
28
-46
93
69
-61
38
-33
-17
28
52
16
22
38
-72
-7
-9
13
88
-18
42
-17
-23
42
75
-15
43
-61
-38
-1
145
-49
3
-14
31
-101
-37
5
10
-15
-81
-22
-3
29
8
-58
-54
13
-61
22
18
-32
35
-28
8
-4
-1
43
24
-39
77
-43
6
-47
39
-96
1
47
27
40
-11
23
1
13
26
-14
-29
-15
-53
5
-44
39
-97
-19
56
-14
-20
-48
22
76
-52
-1
12
87
-7
-72
8
6
44
9
-34
45
8
3
-39
5
96
-86
62
79
36
31
-22
-34
-46
-9
-50
7
93
-57
42
-27
22
-93
65
128
17
29
29
23
-96
14
41
-41
-34
-15
-4
-80
-77
73
-4
-72
-93
-26
-59
-66
42
10
9
-48
-27
70
17
0
58
2
-36
-7
51
-26
76
-60
-75
34
59
6
11
-59
-12
5
-2
-6
-26
68
-31
-10
-19
-28
-83
-82
10
30
55
-8
-4
14
-20
-46
9
13
-45
14
7
-18
-93
2
-46
-36
-83
-52
-18
93
36
-36
-37
48
10
20
96
84
21
-73
-36
-23
55
-16
0
81
107
47
-15
132
23
34
-47
-128
-76
26
-8
39
-66
-49
4
-31
2
21
-40
62
-60
-40
-53
6
184
39
54
39
-28
22
-127
-33
39
3
26
-23
-59
77
-79
79
38
-24
74
-26
-2
2
-64
-72
-49
54
-7
3
-35
-42
26
24
6
25
45
-89
17
30
18
66
105
-7
-31
-64
-31
10
-18
-28
-89
-19
24
52
-68
2
25
77
-2
-42
-16
0
-87
-24
-30
35
-11
-123
-39
-59
57
5
-72
20
0
0
74
-82
61
-1
21
-49
-99
-38
13
91
-84
-20
-22
25
15
65
88
3
5
24
56
12
28
30
-9
54
81
-13
-61
50
77
12
-22
39
-4
40
-78
19
57
-26
-27
95
13
-41
-13
37
42
33
15
-37
116
7
-44
-59
-5
-18
-34
22
-75
-7
61
-93
4
12
-49
-38
45
7
37
-56
0
10
19
-2
63
-60
59
55
16
-5
-97
1
-7
-5
-3
10
-14
-31
-21
-10
-4
29
21
53
-16
70
5
-23
-30
18
44
67
-128
79
86
-30
24
40
42
-7
-59
-54
32
-111
-82
98
-40
3
28
32
22
-23
-34
-21
39
-20
-18
-1
5
-76
-40
-66
5
-56
4
49
-6
35
-9
67
21
40
117
-75
-69
53
31
23
15
-32
69
-25
-28
-63
11
2
72
-11
99
46
-42
23
44
32
61
16
32
26
-26
-34
-32
-16
-2
-114
30
-24
-21
72
1
-63
79
-32
-5
42
-22
17
-13
-3
114
-91
-68
17
-60
-19
-25
-28
-25
7
3
43
-54
-18
29
19
-18
-117
-90
-37
25
24
-17
-72
66
-5
27
-5
-61
-79
-33
-45
-30
36
-12
-72
-76
55
1
-46
-26
49
-92
4
-31
-55
22
106
-39
-30
28
3
-33
-3
20
-12
-29
-12
-104
25
-68
3
-75
13
-91
-6
-42
17
37
-7
29
-19
-10
44
46
28
25
3
-76
148
122
69
-37
35
-1
-37
24
69
-24
-4
-97
-72
70
11
33
47
9
-57
-46
13
-39
72
-9
-55
-35
64
46
-100
11
65
22
-48
-13
-17
-21
107
53
18
-34
-14
38
-64
95
-5
101
12
38
-6
-2
-57
22
-68
7
-64
8
-53
-14
-55
49
-26
48
44
36
81
-56
12
23
53
40
-29
-37
27
-16
7
-41
-11
-13
7
-30
29
53
35
32
-59
96
17
48
-49
36
-28
31
72
64
-31
-41
82
70
-47
-14
4
-2
-63
56
25
-6
60
-31
-4
67
-14
-36
-33
-59
18
-2
23
-31
24
-3
-21
45
11
40
68
-13
59
95
-61
61
-41
11
108
-10
33
3
16
33
45
14
-34
13
-103
60
0
2
-59
61
6
17
12
-50
-35
-104
9
26
16
-84
-19
-100
-12
-49
-29
34
-34
38
-11
-21
25
-9
-20
-10
62
3
-71
11
1
22
-26
24
34
-44
7
56
34
63
-26
6
-42
63
33
18
-25
-21
-29
-14
47
-21
-120
35
-35
-31
45
-52
-119
-15
67
106
-17
-7
30
59
99
-90
-58
-45
-18
48
-1
71
-72
19
-10
-38
-42
-21
-79
-25
50
-109
51
94
20
-27
29
3
-2
60
-20
56
-14
-61
-3
13
66
12
-119
-48
-12
22
24
-39
-36
106
-24
30
93
63
55
50
47
-101
-40
-2
-20
-14
-26
60
-84
-2
109
-13
96
-89
-3
1
-24
-31
69
30
-87
118
46
6
39
-37
-13
-66
-68
-2
-20
30
25
-29
-37
0
18
-9
29
4
-95
-2
62
-33
4
13
50
49
-165
55
-71
36
8
51
-43
63
81
-89
16
6
54
-16
-32
-57
-51
19
34
-6
25
66
-16
-6
46
-9
-16
89
-40
-25
29
-25
74
-19
104
13
17
24
38
16
1
28
34
-91
-31
28
-44
-40
-2
86
-16
38
12
25
30
32
-25
13
-26
-23
17
-53
17
38
23
16
102
4
-31
-2
-37
-15
-48
40
-41
-5
-54
-81
117
48
-11
30
21
83
26
113
-6
-48
-37
-18
-6
59
11
25
-10
-52
52
16
20
16
-108
-33
15
26
30
54
44
42
12
106
24
-14
31
4
0
13
-7
20
-6
3
86
58
59
5
71
-49
41
-5
-84
4
23
32
-11
51
16
61
-22
69
1
-46
27
48
-9
-34
27
-57
49
-18
-46
-6
-44
-35
-17
50
-39
-70
6
74
69
-29
6
-35
2
-43
-21
-65
20
-28
-137
-8
-27
-37
37
19
-1
-5
-33
-2
71
28
90
-17
26
-107
19
-95
8
9
30
38
84
-51
15
-20
9
-68
41
7
-53
-28
-14
-99
-70
-6
17
-47
-3
5
-9
-6
30
-15
-99
21
-64
-4
46
1
-70
-26
28
32
16
77
-104
-9
30
94
35
41
45
-6
-25
-11
46
-26
-26
5
37
42
40
-26
-81
-49
-51
55
56
13
-95
-10
-52
31
-41
11
-89
-53
68
43
25
46
58
-24
148
-18
51
-14
-46
-52
78
-24
-5
15
-31
73
-7
-63
-134
-64
-9
5
-30
-7
-30
27
41
-42
37
18
53
-3
77
-21
44
-27
-49
27
-65
-29
-29
-32
-55
-76
33
58
-44
-71
-25
-73
-30
69
-21
-34
-2
-45
35
28
68
53
53
45
-59
22
-52
-47
-44
-62
-73
21
-38
-90
21
-70
-42
-3
41
-27
-28
-53
-52
-13
-71
20
-57
31
-16
-62
6
5
31
-31
-47
7
83
1
-1
-14
-38
-121
-18
59
38
3
32
-56
32
10
-73
18
124
-41
-20
-28
4
-72
-18
-31
119
32
2
80
-7
-3
15
-49
-53
-82
-32
49
-7
-48
41
-70
-98
48
-13
4
-28
40
31
-21
-7
22
-11
13
59
-40
7
-108
-56
50
-4
-40
50
-10
15
-23
-75
-87
53
104
35
-12
59
32
-46
-20
1
-122
1
16
-3
19
19
-29
96
23
7
59
63
24
-10
70
10
-39
16
93
50
48
9
-43
63
-10
-19
-4
-20
-7
18
27
95
-50
16
28
-53
-90
-64
39
87
-16
-28
65
42
78
98
-35
9
18
29
16
8
-41
-10
4
-39
29
-4
38
-9
-24
-60
-56
30
-4
-87
3
7
-69
-53
-11
9
21
52
-17
-38
-55
6
-70
7
-2
-4
39
24
-123
34
-20
63
-19
51
25
-20
139
45
-108
-11
49
-52
-56
-4
62
-8
-42
25
42
17
0
-83
29
40
-15
3
-10
-56
-26
-73
35
-44
-62
17
-81
33
79
2
38
-58
51
115
-2
41
44
-22
-77
-73
-95
11
31
-57
-88
39
65
-45
38
47
68
-16
58
55
79
-4
-49
-56
73
-15
-19
59
51
-90
81
-11
9
-18
74
43
-1
57
-54
-44
20
-1
-26
-83
47
-16
-40
-19
13
-38
-5
40
127
-15
67
8
-25
-12
-36
57
69
-76
-13
49
83
-65
13
-68
-59
6
20
-5
-21
-14
-18
26
31
-62
130
6
-51
-6
-43
-23
-38
6
93
34
35
2
57
-12
65
-12
-76
2
-30
-51
59
120
39
20
4
5
43
30
21
-20
-4
112
39
-53
-67
1
-35
-39
16
123
25
31
6
37
0
10
32
-18
85
70
3
68
-29
-16
32
4
0
34
10
9
69
2
-94
4
29
-20
-9
83
10
38
0
48
1
5
30
-26
107
19
27
-17
44
-20
27
25
-57
26
51
-1
6
-77
-54
-73
6
41
-8
9
-83
69
-52
82
7
99
45
53
-31
8
31
5
25
39
11
18
30
69
-32
41
-85
57
107
-2
-28
39
-24
-32
59
-65
16
-39
-72
25
71
-12
16
51
24
-69
-35
-11
11
19
-7
41
24
5
59
-68
-76
-64
-33
-83
-34
20
-18
-10
-104
-4
30
-58
85
-7
4
-27
-72
-52
32
41
-42
-24
-18
19
-29
-85
-69
30
20
33
-13
-17
38
-53
-3
22
-14
38
-82
26
69
9
22
8
-29
-33
-10
-38
46
-26
39
35
-19
-12
2
20
13
-10
58
49
36
46
20
-31
1
-11
-16
30
8
37
52
-6
58
120
-95
-14
19
53
-41
11
0
71
-22
-111
-3
77
-4
-108
27
6
-49
-89
113
103
-27
-128
-98
-40
62
2
9
-53
-14
-6
28
-15
7
-29
106
-23
-21
78
-4
-117
29
-44
-41
-36
-20
-5
-6
15
29
23
20
-51
24
61
27
13
10
-57
46
-87
24
-115
-29
-45
49
-36
29
-45
9
34
-14
-15
-17
-17
-83
22
87
22
35
-72
9
-31
9
58
66
-20
-20
-43
17
65
60
42
-74
-87
104
8
-18
-27
31
-25
-23
51
120
-51
57
-78
-23
32
29
51
-46
-25
-16
142
-41
50
-94
65
73
56
11
25
-25
26
-51
23
3
-13
38
-14
64
12
25
-6
45
-14
30
-10
64
33
-19
57
-5
19
38
-44
-55
-70
57
10
39
-51
84
-93
-34
-14
-62
32
-8
3
11
22
11
-44
42
-87
-75
-22
-25
70
-54
-27
0
-21
-61
50
-9
9
-48
-133
-71
36
7
17
41
-72
3
-32
-25
-28
55
-82
58
67
73
-42
-39
-41
55
69
25
-46
-11
-61
-23
39
17
-45
-19
-84
91
-48
61
-57
67
-71
49
-74
73
50
-13
23
-67
82
80
22
-90
0
-59
34
-46
-68
0
-96
29
-36
-16
56
-44
28
25
14
-33
14
-14
-72
28
-60
-113
-17
47
68
69
-77
31
-35
-32
7
47
-44
52
12
99
-11
92
-42
-26
-78
10
-27
74
30
21
86
-22
-24
30
30
51
27
-87
-17
1
-51
-34
19
10
153
-57
-28
-42
74
-28
-41
-7
-63
20
32
-12
51
7
-110
-10
-57
-23
-3
-40
-38
126
-15
5
-1
6
53
-13
16
-81
47
-127
52
-14
7
35
53
74
-37
31
-12
-33
34
21
61
19
-30
-20
66
-78
25
4
54
11
75
-82
30
82
44
48
-84
11
3
-73
-85
-1
-71
-43
45
85
14
7
21
60
3
-95
-32
50
-8
29
-42
-26
28
17
-60
30
68
3
12
1
68
-12
-15
-47
-38
30
-58
-4
51
41
-21
-43
17
21
22
34
63
-9
-80
58
-72
-44
8
46
-22
63
37
46
-9
-46
51
-117
4
-31
-37
26
-31
57
-6
20
14
13
78
-64
-32
-91
8
-84
14
-55
25
39
-15
13
44
-36
-5
-24
80
-15
52
-13
-11
-20
-24
34
-22
-26
45
-1
-24
-27
31
-45
-4
11
-13
10
60
-61
-23
37
-5
-16
14
-10
-26
12
-59
11
22
5
-138
-13
-46
26
-74
-14
-126
-60
12
-16
0
63
-35
-80
30
-20
-76
20
75
-60
21
-40
76
15
4
100
4
-46
-10
17
15
32
-6
14
13
-52
58
23
32
9
36
-7
59
9
39
-43
4
41
-74
6
-18
-43
-17
-15
-34
-4
22
22
27
-3
-41
-11
10
9
11
-65
-72
-40
-43
66
-28
-32
7
33
-147
33
13
33
44
-49
2
-94
-58
-25
61
-93
-66
88
-51
-2
-46
97
25
48
-23
35
-27
-74
-57
-38
40
22
67
3
32
-22
41
23
-1
11
-6
14
-3
-60
11
-13
10
-2
-40
67
8
113
-31
0
-72
-31
64
-30
-54
45
-56
48
7
27
-63
-23
-6
36
39
-26
32
113
-49
-52
-15
-30
-40
-23
35
-107
40
-76
27
-41
-49
53
-7
78
-21
14
-70
-11
17
-2
-38
-82
-13
-20
-7
-5
65
5
24
-56
-14
-47
-68
-14
57
10
-114
54
-143
-91
81
-1
43
-58
60
-33
16
57
-25
7
94
-6
-51
-5
47
58
13
-16
53
3
14
-64
33
-41
12
-28
45
46
-43
-40
-2
-4
-17
20
8
-32
0
34
-83
29
29
60
52
17
34
22
-114
103
13
-33
-69
-92
-39
-25
-46
-41
38
8
-10
16
72
48
-15
25
50
45
53
4
29
28
-1
0
-13
7
42
36
-21
-8
118
-51
5
-12
-127
-48
16
-8
-68
-12
56
47
-114
4
10
100
-81
2
72
15
-31
-101
-91
84
25
16
-5
15
-30
38
13
49
-9
-69
-76
33
-21
11
-68
26
54
19
-63
63
-28
-120
-7
-21
132
-6
30
38
34
18
57
55
43
72
-8
51
-16
-14
-14
-10
31
-68
-44
-39
-34
-38
-8
9
-8
-13
15
-7
42
44
43
-4
14
20
-56
-31
46
-52
-42
1
43
5
1
61
104
-19
21
-95
-12
90
5
-81
14
26
17
-1
19
7
-76
-39
63
27
-42
-51
-16
31
-62
1
-23
18
114
78
-49
36
35
43
-30
-55
-58
-42
59
11
41
86
-5
20
79
-40
13
-53
-1
62
-42
-15
-85
-73
-7
-64
59
-130
-10
-47
-38
-17
23
0
-52
13
-7
-18
-46
17
97
34
-27
-18
28
-51
-5
-85
-8
5
85
75
-6
8
15
-57
-45
-1
-52
60
83
-15
-22
15
13
-61
75
-5
-35
-24
-19
21
4
52
44
59
19
28
-87
13
55
-39
-64
32
-10
-13
-60
-45
15
5
34
-1
49
10
168
-24
15
11
4
-68
19
-36
-11
-31
34
7
23
-49
-9
0
5
14
-55
-75
-56
21
21
-50
-6
59
-25
44
-9
-12
-26
-5
4
97
-57
-18
35
-23
-54
-42
-49
44
-14
66
-24
39
95
-22
-30
68
-97
7
-32
106
-17
-38
-3
-85
28
-52
43
0
-9
34
51
-69
15
-16
45
-7
-14
-90
-19
-57
-17
-8
56
-38
-123
-19
-43
-56
6
40
46
-47
-10
-22
66
-23
64
38
-8
50
-75
45
-62
41
31
56
-49
-1
-5
3
1
71
-24
48
21
-82
-38
43
9
8
28
-24
-44
34
20
77
-31
-69
16
25
56
-17
-24
-13
28
-52
-17
21
50
77
-35
-26
-37
66
-38
43
4
-46
-6
18
-131
-21
37
39
-21
87
8
-53
86
-61
27
56
21
5
11
40
-43
75
-49
21
-94
13
-113
-28
-84
-35
8
43
-2
-76
18
-26
-12
128
43
-19
-19
36
-43
34
-29
-23
-27
-10
26
46
-8
-46
-73
14
-48
2
-50
-36
20
-96
85
-6
55
-96
5
-12
-48
42
35
-80
-8
-29
90
-37
-42
0
-14
31
18
0
17
29
1
10
24
3
-111
-14
62
-74
-24
-10
-33
6
-70
-68
43
-19
-14
23
14
-55
-1
24
23
60
8
-31
-80
62
-34
-82
-3
-25
-45
-69
-45
-28
-82
-12
-39
43
22
-4
61
-12
-23
-15
-67
-73
-17
71
-16
105
49
-55
12
107
70
-55
-2
-36
42
105
-42
29
-103
42
10
-66
38
1
20
-12
8
-60
-44
33
3
-27
-17
-27
-5
74
-25
18
26
54
14
10
-56
-16
-31
-27
79
-2
11
-1
-83
53
-59
78
-6
-36
50
-29
-30
15
20
0
120
-32
-12
-31
-10
-14
85
-61
-14
33
-43
-17
83
-41
24
-30
0
-62
26
-34
100
-14
35
-34
123
-2
-28
1
84
-13
12
-8
6
-5
-17
8
-13
-140
-18
-1
33
2
-68
-45
-4
16
3
2
10
98
-1
11
-76
56
108
84
22
-52
89
-43
-33
102
47
-24
-19
18
-7
-27
-16
71
20
24
-44
-89
-2
-18
7
101
-37
9
38
87
73
-64
-84
-51
-26
26
-43
-10
-21
12
-67
12
16
1
-47
-30
-18
68
25
38
121
72
-90
-68
-8
-17
71
24
70
45
12
-76
48
24
41
-37
30
-7
-20
50
-51
-89
22
-23
43
-32
-7
28
3
-14
-40
35
-7
-23
-34
-13
36
-20
39
-75
13
31
-21
-54
5
-16
39
-96
-25
-5
8
35
32
29
2
4
26
68
-8
-3
-3
-10
-36
8
18
61
-15
43
7
-103
28
31
71
-20
43
-74
-111
-41
7
58
-13
5
17
-7
15
-28
-66
24
38
-38
55
-24
-15
-11
-46
-65
-30
-25
40
46
68
4
-1
-46
22
-22
-24
-13
4
-49
63
42
-17
54
27
-63
-12
131
-8
-46
95
2
1
-23
15
-2
55
8
10
-80
40
-26
-49
-4
-35
-25
49
-30
-8
-6
-33
1
9
-53
69
15
-54
35
-41
-25
42
-48
-2
21
-1
-8
5
-12
12
-36
6
-52
-86
-55
-6
8
-19
27
-17
46
-44
-102
-47
81
46
-14
52
-3
80
55
-84
-7
64
22
4
-1
7
-36
-21
27
-10
53
-61
-16
-60
54
60
-45
-65
-19
-45
-13
-63
-129
58
38
-42
-48
5
-91
24
-40
2
-3
-32
73
40
-20
-3
-1
-23
28
-19
87
51
21
13
103
-57
-7
73
14
87
31
-16
26
24
-78
-9
-7
8
-39
-14
-12
-5
6
-47
-57
40
3
-101
19
-2
-1
76
81
44
14
-56
51
21
101
76
72
-47
8
-42
14
20
-75
60
-16
-76
11
-71
-28
99
-91
-13
-38
-66
21
-19
55
-71
-18
48
42
57
-74
99
-99
-7
-40
-17
22
102
89
-18
-31
7
-18
-2
15
-26
-88
99
-36
-55
38
-23
-17
14
40
-47
2
-58
52
-2
-27
-14
-33
111
12
-20
-35
8
-18
-71
-153
62
-5
11
-5
-24
-4
23
-16
-90
41
16
-63
-51
-155
-28
-35
57
1
-70
22
-25
33
23
-6
-17
38
-17
-99
-61
81
-71
-7
19
119
42
-38
78
41
6
-11
-11
41
-78
16
-30
-49
-93
-32
-21
39
28
-18
-9
-33
20
-19
71
-102
-80
43
-1
40
27
27
-5
-45
-19
20
28
-39
9
-24
50
54
75
-32
-83
29
33
-41
-32
-50
-14
-56
12
-19
7
-49
-35
128
-32
48
-78
10
23
-85
6
-77
-107
27
-65
5
23
65
44
-89
29
6
39
-5
1
-21
-11
75
-65
44
15
-83
-17
48
46
19
1
-7
45
107
-3
-5
-57
54
-17
-42
13
84
-104
-24
43
10
-88
52
7
59
-51
-29
-59
3
-102
-36
38
-80
11
-9
75
92
87
-64
73
5
-5
-27
20
-120
-59
34
-6
-5
37
9
11
22
-16
-12
89
38
37
-14
46
6
60
20
-35
-10
42
20
38
59
-51
17
11
76
105
-18
45
-42
33
29
-37
23
88
-3
46
-33
-6
-55
23
-28
-27
-34
-42
-44
-94
12
9
-15
-69
21
-33
-39
-18
25
-3
-19
86
-33
-23
22
32
25
39
26
10
-125
-26
-8
31
-86
-8
4
71
10
100
10
-30
4
-32
17
50
22
-34
41
-16
51
-23
1
-38
-15
16
-84
-32
95
67
13
31
20
-46
42
4
-76
50
76
-52
10
26
3
5
-18
-42
-52
-108
-25
41
54
91
10
-35
-26
4
20
36
29
-86
-77
31
-14
-11
-58
45
44
15
22
57
-56
58
24
-12
-25
-29
48
-40
-14
-83
-50
14
-13
42
12
-25
-54
39
-70
-38
16
-23
22
-16
66
22
73
6
102
-10
-17
0
-26
-27
10
72
54
-77
3
16
24
9
16
-80
-42
41
63
-32
23
25
-7
-28
-18
54
-37
-42
47
-124
1
-82
12
-72
-2
21
-20
-16
-41
9
-92
-47
0
-56
32
-78
38
47
-13
-24
-137
-10
-13
-44
19
24
-35
13
-34
26
31
-82
53
-55
60
16
4
26
50
-11
11
26
10
-49
-57
-13
-24
-18
-54
-11
55
-94
-126
-60
73
-52
67
51
14
86
-8
-19
35
-72
1
-46
-50
-48
-26
23
21
-12
84
-26
-70
-81
-56
-42
-27
19
39
-64
-30
-96
17
-33
-21
31
-36
28
52
66
-52
-32
49
-5
-62
-3
-45
28
-19
-30
38
8
-82
40
7
-42
42
14
28
17
-23
-48
-18
4
-71
-11
-14
-29
0
42
42
-2
-81
-13
58
-37
19
24
-19
-54
21
-37
63
-80
-46
-20
92
43
-58
-41
-11
-33
-13
-65
22
-9
-32
71
-18
21
15
28
-9
55
83
-54
-77
-102
-56
65
-1
-96
-75
18
31
13
2
-11
27
79
68
-22
-61
50
-22
-95
-45
-64
-44
-75
-31
-93
3
-77
29
-49
44
114
-38
30
20
-22
25
-38
20
-85
35
-36
45
-41
27
79
-8
13
25
21
-34
-57
20
52
14
1
-6
54
-95
92
43
37
-1
46
33
-18
69
2
-5
66
36
-6
-12
-24
87
30
-54
-1
23
36
-20
-69
65
44
-20
74
10
46
12
-51
51
-79
8
-20
-49
-95
57
-37
-10
-88
20
-106
-105
9
19
-1
25
-75
-18
-140
-26
42
-17
14
33
-89
-55
98
-1
71
-15
22
57
4
17
25
-62
30
0
18
52
85
-8
-14
-62
-89
-18
-31
65
1
-15
-4
-44
26
-70
64
109
127
26
-29
-28
-5
-7
-55
-68
-27
15
-26
-65
-63
-48
4
16
47
5
-25
44
-33
54
25
-10
38
-20
-61
-53
-63
22
-53
-57
71
-2
37
17
-34
-41
-15
73
18
-13
51
-47
19
-60
18
-40
-32
-60
12
-46
1
-91
-78
-69
35
-34
-58
53
-93
-3
63
-53
-6
-16
98
75
-18
-13
-32
-36
35
25
23
46
85
-50
12
29
-22
-5
-74
-17
57
126
93
-28
98
-40
10
18
2
-61
23
-77
-78
41
32
-10
-1
9
-28
-90
63
-19
2
21
16
6
16
3
-34
11
51
-3
145
-56
-58
33
45
-49
18
9
-7
26
9
56
-47
-19
-63
55
-16
45
19
-40
43
-18
1
-34
31
-92
-11
28
-83
16
-5
-17
72
11
-15
112
53
71
-44
8
21
-12
1
15
70
28
-50
33
25
9
49
89
72
-10
41
-10
-36
-43
-135
-34
17
-53
5
14
-52
-43
-29
31
-5
-16
3
-14
-57
51
-36
-30
9
64
-7
72
-10
-28
-80
17
4
18
-9
29
39
-78
-23
-97
61
-13
-23
-73
6
-8
-54
-18
-64
-31
-91
84
3
17
-96
-54
-43
100
47
109
-67
0
28
16
-3
-24
-8
70
31
3
81
-2
-46
30
-15
101
-34
45
-61
-22
-56
39
26
-4
-66
-25
10
-99
73
-66
-69
-3
-20
91
109
-28
52
-11
-28
-23
-39
28
42
-48
25
60
-57
4
-40
72
-34
58
42
-25
22
35
21
-30
11
57
-34
-28
7
-58
-56
28
30
89
22
68
-79
-10
31
34
-69
8
13
30
46
-68
53
-7
-85
48
18
-54
-39
-161
-49
83
14
-12
-32
-6
29
12
-103
-85
0
65
-28
50
93
32
-67
-64
-103
-16
20
-11
-26
28
-16
33
-44
-23
0
14
53
37
21
-84
14
32
-28
-137
-1
-18
-44
36
-127
-8
-99
-30
1
-15
63
-57
63
-56
117
-43
-30
58
-16
42
0
-24
-15
-23
-55
-57
9
56
-6
18
103
1
60
92
76
-47
-57
-40
87
23
-29
-37
5
18
-69
-31
44
69
-12
-157
-21
74
-75
-52
63
56
27
-8
75
-35
-6
-63
73
16
35
-13
-72
-47
31
16
38
-46
64
-39
21
-99
88
-74
19
-14
17
28
15
3
-7
77
-25
-4
23
-78
-45
54
-10
73
10
-38
-62
-13
39
-9
8
34
95
-11
-18
28
-50
-37
20
18
-31
32
-110
3
-84
-34
7
-81
68
-25
-12
-144
-62
-4
-9
119
11
6
26
-65
-24
-17
72
96
76
4
1
-41
-47
54
111
33
-66
4
18
43
51
-35
11
-34
-11
-41
55
6
-29
19
-66
52
19
-3
13
-11
-74
31
-64
66
-19
-141
38
-67
151
-16
-52
-5
71
-94
-23
4
16
23
-58
0
-73
48
53
-20
116
24
-5
-88
35
-43
-13
-39
-119
17
88
33
4
23
-48
53
63
68
-72
20
51
53
-45
-16
-38
-115
-70
-4
-9
-23
-47
-65
22
-69
-31
65
-3
44
-13
-12
23
-113
59
94
-60
41
-46
0
-62
-17
16
-26
-58
62
-32
69
-62
-107
98
-12
-4
-67
34
-10
25
-29
-25
26
72
-81
61
-51
64
-43
7
-59
3
-2
-22
0
15
-50
-14
-17
54
62
57
-7
4
28
32
13
27
4
-55
30
83
30
18
7
-5
-35
71
68
-15
3
-107
1
-42
16
-13
-19
-65
49
-22
0
-101
-82
57
14
-19
96
11
18
-58
-5
0
63
24
40
-27
12
63
11
48
10
17
30
25
-21
19
7
27
-49
25
-49
0
-5
2
10
19
-23
47
68
-53
129
-44
48
-103
49
-41
23
-9
31
-88
17
53
-11
-11
0
4
-21
83
9
66
-33
-27
25
1
-32
-46
10
-5
72
-5
-39
-57
37
9
56
-49
-35
-63
-19
-62
-4
-25
36
-25
-123
-4
-42
-75
55
87
-16
125
-32
-5
-42
-57
31
6
61
82
27
-1
64
91
55
51
-8
-27
26
-8
-78
-8
54
45
46
68
24
3
35
-5
-12
-84
-32
-35
51
14
5
26
-28
23
57
11
-1
13
-20
1
108
16
60
-2
-21
-18
-11
-138
-9
-36
15
-73
25
44
20
-66
18
-24
39
15
34
11
-12
-121
0
30
25
-41
-53
42
-2
65
15
-20
-19
87
-22
-39
-21
-56
92
18
110
-109
-15
73
-9
-45
-28
3
-65
22
-21
17
-9
-21
-4
33
-32
-2
59
-48
91
6
-84
-57
2
6
50
66
28
-24
66
-43
-50
10
81
-5
10
88
65
49
11
-18
-36
-59
-54
33
-1
-31
66
13
25
5
-75
-28
-29
12
20
-1
-95
99
7
17
-35
4
1
27
-75
-77
15
102
34
-24
-4
53
19
-5
5
-49
49
56
2
24
48
2
-12
77
-26
1
7
55
-28
-4
38
-14
-16
82
-33
-67
-105
1
8
45
-23
61
55
1
41
-3
40
37
-59
24
-70
101
-35
60
35
-49
11
20
5
5
-30
-32
-24
-139
-34
-43
0
28
-23
-4
60
71
-26
-83
-98
-50
-113
21
18
75
8
19
-15
-54
-4
-7
49
80
14
-94
28
11
37
10
-29
-7
36
-15
16
0
50
26
-41
-80
136
18
8
27
10
17
-40
22
15
-35
-8
-2
76
-73
13
-14
26
-7
-73
-65
-42
-41
-72
-63
-42
7
-46
4
7
100
-8
-117
19
54
55
5
-31
113
-40
-66
15
36
0
20
-12
-15
-63
-101
68
-68
68
66
17
20
-22
31
-60
41
57
21
-62
-65
39
-81
26
-38
83
28
-14
-22
5
-31
4
-70
-56
81
22
-36
-26
23
13
-11
-29
-18
-49
-24
74
-2
31
-61
13
-7
-64
16
-6
-6
-22
-20
-81
65
27
-9
-62
-9
39
-21
-50
-7
-54
40
36
2
-40
-33
-3
31
25
-65
-8
-38
-8
65
-64
-70
38
-28
60
99
6
-1
33
-3
24
59
-25
24
-50
-10
-32
10
-3
72
-92
22
-9
-31
99
-95
-12
-27
-72
14
-65
-28
0
-88
-20
-2
-35
-1
46
85
-29
18
55
-33
-45
48
-66
99
63
57
34
34
78
102
14
-79
34
-44
21
61
46
-32
3
6
1
-47
-53
-5
2
81
-26
-23
80
87
-68
17
18
-50
-16
18
11
-149
28
9
-31
26
-38
48
-32
-9
0
24
-98
45
-7
46
-68
-51
-1
-8
-49
72
111
-53
-2
28
-57
59
38
14
-40
17
23
-36
73
115
25
55
-108
-91
21
6
65
-27
-23
67
-1
-5
-52
16
-16
36
-11
27
-18
-21
20
-9
9
-41
74
41
31
73
-73
3
-42
-40
-2
9
24
-4
-105
-37
-70
-11
16
-37
45
-74
48
45
14
58
-99
-60
94
-38
9
-10
-10
-2
-86
8
11
-11
28
-61
98
-13
12
-58
-42
-68
-44
21
-89
-44
-18
33
-17
-18
0
-31
-101
-11
-24
-31
27
7
81
49
3
53
-16
-67
84
-44
96
27
9
-46
58
4
-44
100
29
63
28
-8
36
-44
-53
10
36
-69
68
123
-45
45
63
19
-31
-96
42
0
24
-10
-35
68
-7
-16
-75
-7
24
-80
-53
15
-33
-25
-12
84
5
14
-92
-35
11
-16
36
-31
3
-60
21
-10
80
-55
61
-65
64
-12
18
-49
21
31
62
-6
18
3
-50
-61
21
53
-55
42
-33
25
18
-41
-4
3
-3
-8
-13
50
-9
-38
-16
-12
-8
87
-3
-17
77
-47
67
-97
15
10
11
-25
86
35
42
-108
-23
4
76
-6
-55
69
-7
-35
11
-36
-2
32
34
14
77
43
-46
17
30
107
26
-79
-50
-41
-55
32
25
66
72
9
-19
39
-63
52
-20
81
-6
38
51
-59
-5
26
4
27
-11
21
63
-44
-26
-45
10
27
34
-65
52
5
29
18
11
37
-36
-15
19
38
-39
-10
47
-1
37
-53
34
-61
38
103
-30
11
36
11
-13
0
40
2
-12
22
-81
-71
46
-18
-7
-56
33
-28
-25
76
-130
-56
-18
-45
32
2
-47
-30
-91
-107
62
-23
-60
-16
9
120
4
60
-12
17
-60
-51
47
-2
-61
-7
58
-64
-63
-7
-8
-75
53
-137
83
-8
33
-69
90
-28
-45
-83
-1
-18
-64
4
-28
-39
33
-49
-14
-133
-26
50
80
-38
-57
-49
72
-2
-2
4
-92
-28
19
33
61
34
-15
-6
22
67
92
39
-65
-12
-26
36
51
14
-35
39
102
22
-74
46
71
-73
-2
-41
-4
-59
26
-7
75
-94
-39
57
26
59
-4
-17
27
-13
-39
33
91
-29
41
24
73
-15
85
10
-44
-22
-27
46
76
-6
-22
12
-22
-94
-42
-1
7
-52
-18
-46
45
-13
5
-61
-66
21
-56
-25
-20
-8
0
2
33
0
73
53
-24
65
-52
41
86
22
98
52
-33
51
-22
74
33
106
-38
30
-57
66
8
84
49
142
11
-20
39
57
24
-56
19
-35
-21
50
13
22
23
5
-35
-107
108
38
-22
-24
86
-64
21
30
-21
-40
-64
9
13
-52
45
80
-70
-78
34
-66
-15
-14
62
-26
62
-20
13
25
11
44
-29
9
13
1
19
-23
-4
32
2
60
-23
17
-1
8
-20
103
-1
100
-36
38
-2
-99
64
-122
-22
-25
-76
-109
-58
-37
-28
11
23
105
-23
-36
58
-7
-1
-65
43
39
103
-54
10
-63
38
-63
-74
37
74
33
-62
-57
-30
49
24
-25
-21
35
-31
-7
-33
21
51
-79
-5
-18
-10
-66
20
19
52
-62
-27
2
40
30
-58
27
43
-6
78
24
-5
66
148
69
-54
-99
76
-102
62
-17
-19
-35
5
-40
49
-7
-9
44
-80
24
-39
99
36
20
31
4
-84
-86
-21
3
14
19
-30
69
-42
-5
51
32
-12
-69
49
103
-8
28
-60
-109
-104
-24
-18
-6
-3
-18
-16
66
0
-26
15
9
38
20
-54
2
20
-21
-65
17
28
-76
8
-8
-66
55
-9
1
-27
10
34
68
-2
38
50
17
12
-73
-24
-21
-36
-4
2
12
80
4
-14
30
-2
18
-21
13
10
-40
-24
-24
-7
11
9
103
60
-15
-91
-34
-42
-12
44
58
-5
60
-106
-38
-38
15
23
67
-14
-17
37
70
3
-19
58
-12
-18
-8
-41
-61
5
-41
-54
18
16
-24
111
-40
80
-34
37
-12
53
-3
60
-47
-23
30
-21
-36
-10
101
-34
-102
42
-7
-47
-47
-13
-82
-23
-29
15
33
17
-86
14
-37
15
-40
77
48
52
134
31
-14
11
-15
-57
-6
108
-24
31
8
16
-57
1
23
16
-64
-12
-29
-8
-40
15
-125
92
-3
5
18
33
61
87
-89
19
-28
-40
90
-16
62
-108
109
39
18
43
14
-45
76
51
103
7
-27
-75
26
-85
-37
-23
64
-19
-4
-29
-29
-4
11
-7
20
40
24
-2
-18
-42
29
-8
-71
27
-14
-60
31
69
-48
-62
-3
24
-9
20
-91
-22
-41
-35
-18
-23
-95
-14
-45
137
25
-9
72
55
27
-22
-38
75
0
-33
-23
27
68
-13
-22
-66
-9
-2
24
-99
-13
-1
-63
-1
65
-54
13
-17
-57
-10
-83
78
38
-63
3
19
169
-105
75
-51
16
19
-38
38
1
21
-12
-120
48
52
40
35
-24
-31
-27
22
13
16
125
6
98
6
45
84
8
-8
8
-61
30
33
91
25
-39
-42
-32
19
-23
5
0
95
-34
33
3
-21
-16
6
32
-29
-28
39
15
-15
2
-128
7
6
-83
-4
-23
9
50
30
-92
64
4
-28
0
-1
-1
46
-30
12
-62
-25
-104
-27
-56
3
-27
-41
4
-89
-75
-49
-75
-26
28
-56
-78
38
59
13
25
-49
-57
-10
44
-12
-27
-51
-32
20
-16
41
-31
25
26
69
22
-4
5
3
42
-35
-70
-8
-6
-96
-30
51
-3
-31
-21
-71
52
92
13
-56
47
24
-18
-80
35
-58
21
-27
10
-47
-48
32
-14
128
35
56
34
-29
26
-22
10
37
-47
86
-11
75
47
3
6
-69
44
76
-19
4
39
44
20
32
-7
-4
10
25
-43
17
15
-39
-46
31
3
-72
-84
19
13
13
10
-15
-27
84
-37
-14
-86
44
18
-29
-20
8
-11
108
120
140
-39
-28
-44
-11
17
-33
-45
101
32
-140
-22
38
-31
-34
26
16
34
13
-43
-3
36
-4
115
-20
-11
89
74
34
-77
57
-23
-8
25
95
-38
2
-4
42
-31
11
-53
-7
-16
-1
5
-82
64
-12
13
43
-20
20
20
38
-53
15
24
28
-26
-94
100
-56
-94
68
97
-47
-11
33
35
-55
-15
12
7
-4
-10
-17
39
41
94
31
-37
32
-61
-38
41
129
-40
46
28
82
-118
33
7
-1
-6
-68
-43
-5
87
27
38
-62
-33
-2
-70
-64
-54
6
-7
2
30
22
27
-1
-97
88
-4
5
-7
-35
-21
-15
-41
-77
-45
-4
-16
-35
-114
90
2
-33
-19
-72
-12
-61
34
-75
-41
75
-16
50
-39
-85
95
54
8
6
41
-6
-20
88
-12
-25
-16
-20
35
17
43
62
57
-50
-40
-42
-20
-55
-13
-27
-63
-17
29
-21
-22
-16
12
40
6
-14
-48
14
63
-51
46
24
60
-9
20
-9
-25
11
57
-35
-79
24
-46
-31
-59
-40
36
-45
-57
42
-22
-43
-113
-9
54
-61
-48
-32
-23
-23
-42
105
-46
3
79
-10
-41
7
-23
11
63
-23
3
-31
-1
-76
-51
-74
-12
-76
-6
-15
-14
4
-47
-80
-4
12
95
-38
40
112
-102
-8
-62
-95
27
-1
-47
30
12
29
-56
-18
-26
13
50
46
-8
8
-10
-2
19
3
-1
45
10
40
-97
-28
6
39
30
-108
-68
13
32
-79
44
49
-52
-106
120
-8
45
84
58
-29
18
5
54
-9
-26
-12
59
-54
-31
15
-110
40
73
-45
-28
68
-10
35
32
58
-33
99
9
98
64
-39
-115
-9
16
12
34
-28
57
30
-59
70
-19
-54
73
87
10
109
5
-56
6
44
69
-22
-34
23
17
64
55
-54
-1
3
-18
-62
-46
-33
-16
25
-64
-71
-92
-69
24
2
-31
10
-29
30
3
54
18
-7
-10
-15
-18
31
59
47
17
17
11
27
4
50
55
10
-15
-48
32
16
-22
53
51
6
19
8
0
110
-82
-91
-42
-23
-31
-44
-15
60
77
21
33
-29
112
20
50
-1
-20
32
-25
-52
29
-85
-81
-71
78
83
-16
62
-46
82
-78
24
111
88
49
-49
83
56
43
53
56
-9
34
-12
22
57
-80
16
9
-49
-49
-9
-10
-68
95
-49
13
35
10
5
-60
-31
61
-90
-38
43
31
-80
48
-16
40
-19
-1
57
-119
71
-61
43
71
43
-5
23
3
22
-42
-83
-37
-14
-96
72
0
15
13
-15
-71
-49
5
-22
-20
46
-71
-52
52
-2
-11
54
-34
9
-21
78
-62
-27
-92
40
-40
5
26
-31
-73
-43
-9
62
-42
-54
12
-22
56
-76
-42
-9
47
-47
-23
78
-31
-29
119
6
19
66
-28
144
-18
4
23
-40
-104
41
32
-20
28
-16
-38
52
-41
-48
65
21
37
-48
11
16
58
-14
-42
18
-38
70
-41
40
43
-7
43
-11
-14
0
53
-88
27
18
22
-92
16
-24
25
-122
3
19
-59
68
67
88
39
-60
45
-52
-20
93
3
-73
-19
128
49
-84
48
14
-92
-57
12
118
-21
-11
-1
69
-89
-44
31
-41
16
-6
-66
-92
21
-71
-75
-9
82
32
30
-33
-34
60
-11
37
-37
-44
-8
-38
-23
41
-38
8
-65
-54
-19
-2
-13
22
24
83
-1
-86
30
23
-37
-12
27
60
25
39
14
-31
-5
22
115
19
-33
-57
-32
92
1
20
62
-59
101
44
88
-44
-34
0
-39
-64
-127
70
3
8
-62
-61
27
0
-36
19
46
-37
73
22
-66
97
-57
56
74
-51
48
38
34
17
11
98
-109
-77
60
28
-41
-33
7
42
-60
33
62
-14
-22
10
40
-16
28
0
64
-51
25
-82
52
-14
-7
-42
21
16
20
12
55
-8
51
-25
-26
41
24
-58
-47
-127
-54
-50
-5
-11
-23
-12
38
-25
31
-55
-2
-140
3
-26
-12
16
82
-2
-5
61
-132
52
-21
30
-77
9
-32
49
57
-35
-24
-7
-29
34
-56
-9
-57
71
23
-30
6
3
-54
-28
-27
29
17
69
-23
-28
-29
5
25
36
-55
-56
21
-1
56
-6
14
67
18
-2
30
-16
48
76
38
24
59
45
65
-26
133
33
-13
44
-7
-142
-39
-40
-29
23
18
24
40
-30
21
-14
-45
54
-83
-15
31
19
-63
45
-166
-41
-88
-8
-36
47
22
32
-28
-21
14
-65
104
-13
37
-23
25
5
55
41
21
50
67
-3
-9
45
16
-38
31
26
6
-59
5
-20
5
-23
-91
48
-28
57
44
75
56
-24
-64
-20
11
5
-35
33
-20
-71
5
-26
-28
24
115
-71
25
2
-30
17
79
27
-6
31
34
10
-49
-21
60
19
70
80
-51
15
83
-27
-20
42
56
32
-50
47
18
99
12
5
-13
-17
-33
-26
14
57
-33
-120
-27
-37
-64
18
38
-8
-56
-10
22
88
60
-10
54
-1
30
3
-31
-13
-5
43
46
-33
0
19
35
12
56
-29
-9
-74
68
-30
-9
39
-11
7
-17
-106
-12
111
-99
95
6
-52
60
-3
-49
50
-12
20
-20
-15
3
12
-25
-8
36
70
-48
-27
1
-47
19
-36
-15
-2
6
2
-67
8
-15
-5
43
-31
81
-1
-40
-10
-50
-29
-34
-6
10
61
24
28
73
-23
161
-39
-43
56
39
8
-24
-14
-78
65
65
-78
61
44
-43
7
36
9
137
-9
-36
-16
-69
-21
3
10
72
7
-9
-4
75
-9
-9
-73
78
-27
40
-57
-39
-24
22
73
96
0
44
18
-19
16
-58
-74
-41
118
-14
-17
47
-4
-4
-12
-8
-12
-18
-39
-22
-36
133
19
78
61
17
-34
90
10
-2
-33
6
33
-10
-64
6
-8
49
73
80
20
-65
84
49
-67
89
-67
49
124
-100
-6
-96
47
2
61
60
82
12
-6
38
0
-39
-18
-7
-54
38
-40
12
66
-43
59
-33
-70
12
4
-35
-39
37
-49
46
-75
43
-117
8
66
-100
-25
-51
-23
13
19
103
-32
59
32
54
11
6
-13
-53
147
-42
-99
38
24
30
5
-15
-31
29
66
0
-32
7
-119
12
-12
74
-3
39
-16
-26
33
-6
-75
-67
-13
-65
80
66
10
-102
-71
24
-41
4
10
-93
-36
-71
20
26
79
-59
-61
32
9
8
-31
1
27
63
-30
10
-39
-22
-22
61
-43
51
-3
-68
3
1
-23
-8
45
75
-31
-8
1
-53
22
-54
19
-90
28
40
36
-53
18
51
-58
-31
-69
-17
-39
3
26
-10
-17
-33
-8
-44
112
-1
77
6
45
-30
-32
-14
13
-21
-42
61
83
17
2
72
-64
7
-2
54
-33
-39
-17
-11
-202
29
32
30
21
1
-46
53
12
20
-24
-1
-67
-16
-110
-12
4
30
-36
-49
24
8
-53
83
-42
-6
82
70
15
26
-31
26
35
15
64
-118
130
7
-21
-61
0
-21
-22
67
-19
-16
-28
9
30
-41
48
-61
6
-45
-21
30
-96
27
25
-60
18
-28
130
32
28
0
-81
29
89
10
10
-1
59
90
-85
22
-10
-21
47
10
-48
22
-34
-61
44
-12
53
88
29
-1
30
4
-39
21
4
5
3
-88
-38
53
94
-74
31
-89
46
21
73
-39
20
57
-34
-4
31
-32
25
-9
8
13
11
62
-99
-33
26
-48
-12
28
44
-3
-23
-32
-47
28
13
-50
49
-3
15
69
37
12
37
97
-34
28
-7
-4
-138
29
23
-22
44
-57
-18
5
-19
-31
-23
40
16
-30
5
-71
-40
-21
-3
-47
-38
61
-32
-64
-6
34
-14
82
-26
-15
44
-4
-49
20
-13
-77
-19
59
-47
13
11
-51
-79
17
17
15
16
-1
1
-88
0
31
48
15
-17
-27
24
113
-35
-12
20
-45
-58
32
72
-6
87
35
-87
-26
40
20
47
63
-24
-32
44
-34
-154
-5
12
76
-57
20
-30
-9
54
36
82
-49
69
87
14
40
35
32
35
79
-40
11
-51
54
4
34
-44
-56
-35
-53
-7
-46
35
-76
57
-21
-21
-61
21
20
42
29
68
28
-18
-8
16
-10
51
25
-5
1
28
-9
-33
-44
42
59
34
41
43
52
46
-7
49
50
-62
67
-3
3
4
132
-29
41
21
50
11
-72
-54
15
1
-55
-33
-52
-58
-5
-23
15
3
54
18
-22
-6
23
-5
13
-13
49
4
-67
-6
-61
-31
-20
23
-17
4
12
38
3
132
31
-79
-10
58
36
-48
20
63
-50
-70
-39
-56
-38
-5
-60
93
50
-12
-60
91
26
5
75
84
-17
31
-21
1
140
46
31
56
-3
-2
24
-43
20
55
80
-100
-30
3
-45
7
-49
-49
-14
-2
49
14
75
68
-20
124
-12
-23
56
-31
29
46
-13
128
-28
-59
4
-15
7
19
38
115
-28
46
21
9
-36
56
27
45
72
14
0
-70
-24
-71
-20
-130
-2
18
15
43
41
-5
3
-64
-64
7
-15
-62
-58
-90
52
47
-26
-74
-41
-50
4
-7
-15
-40
1
11
-1
16
-4
-38
52
-17
-11
-7
-5
22
-7
24
-45
45
39
-106
49
-51
-14
-89
12
46
-113
-44
12
24
-99
58
44
-29
32
78
69
-42
-14
0
-27
90
64
-13
22
-67
7
-144
-44
92
-34
2
-79
-78
27
97
-30
47
-10
15
78
18
12
-1
12
-32
10
-97
-31
-103
37
1
-67
-87
38
101
93
-39
17
-74
58
-27
21
-61
1
-40
64
2
9
-98
16
52
39
-35
-41
33
34
-30
12
26
9
-62
4
-35
-3
20
109
-28
3
-26
43
-7
11
61
93
-7
-70
-37
61
-2
82
25
-22
15
38
-62
62
20
113
-4
61
-22
49
-8
92
22
-17
11
-8
28
105
-38
7
96
-18
-86
-45
75
35
-18
81
29
-33
17
-1
-8
58
12
2
12
4
3
23
19
7
25
29
2
-24
24
-64
-25
-4
61
4
39
121
12
-78
53
-30
57
41
66
9
-34
-113
13
-6
-38
65
-41
14
-49
-21
-35
-72
-50
-139
-13
39
-25
5
-72
75
45
2
50
32
-70
-7
59
-3
-62
-34
6
-53
52
108
-85
130
-77
-39
12
64
-72
-12
38
33
81
0
4
-72
-32
-68
-11
55
8
-36
-55
-80
47
31
-14
105
16
16
34
28
31
34
-34
18
-47
-8
11
112
-81
-8
59
53
26
1
-9
-7
-8
7
-33
7
5
-96
25
49
-31
28
42
7
-36
20
0
29
52
10
9
49
-29
73
35
-12
16
-60
90
38
-9
-19
45
-6
69
10
38
-26
31
-6
-14
17
-26
36
104
-39
56
-28
5
-29
-76
23
-31
-99
18
-25
25
-6
-28
-139
5
33
-115
-83
92
75
-7
-1
-56
-21
-96
-95
-36
-5
41
4
-31
-1
-66
16
-2
-7
79
-20
20
-86
28
25
51
-21
55
-58
20
-27
-10
9
18
-1
19
-26
68
1
33
-96
-66
55
-9
45
-19
65
-35
71
25
-29
-55
-58
-83
65
6
38
71
-13
-32
53
67
-14
74
38
-36
0
63
-73
-4
-14
43
7
88
-12
25
20
-37
-12
-3
-50
-62
-38
6
-69
3
6
5
39
50
41
40
-40
81
113
0
-15
52
47
29
19
27
-33
-43
-9
-28
-17
-22
-7
0
41
48
12
-13
-52
74
-86
37
-1
-5
-45
-16
-6
52
23
-11
-58
-88
13
-8
16
14
29
19
-42
60
33
-40
22
-84
-7
17
22
21
43
-2
19
