14 91 900
0 1
0 3
0 4
0 5
0 7
0 8
1 0
1 3
1 4
1 5
1 6
1 7
1 9
1 10
1 11
2 1
2 3
2 7
2 8
2 9
2 10
2 12
2 13
3 0
3 3
3 4
3 7
3 10
3 13
4 0
4 2
4 3
4 4
4 5
4 6
4 7
4 8
4 10
4 12
4 13
5 0
5 5
5 7
5 9
5 11
5 12
5 13
6 1
6 4
6 10
6 12
7 2
7 4
7 5
7 6
7 10
8 1
8 4
8 5
8 7
8 8
8 13
9 0
9 1
9 3
9 7
9 8
9 11
10 1
10 4
10 10
10 11
10 12
11 0
11 1
11 3
11 4
11 5
12 0
12 3
12 4
12 6
12 12
12 13
13 1
13 2
13 3
13 5
13 6
13 8
13 9
90
33
42
75
88
6
8
1
53
54
67
80
81
17
49
44
27
32
20
84
34
73
4
9
13
0
24
5
7
28
39
31
45
61
16
87
29
36
51
58
60
62
86
48
22
82
76
41
59
46
2
30
40
63
47
56
37
78
35
26
57
3
74
79
50
89
83
66
18
69
43
52
71
68
25
21
19
12
64
70
11
23
77
85
55
65
72
14
15
38
10
532
-767
344
-87
-269
-925
333
-684
-1363
-1863
-1625
752
-734
1545
1975
-494
-198
1388
182
342
-659
371
306
1484
1089
-51
-827
532
-693
-1159
987
1645
17
758
1739
740
-472
-57
-15
-374
135
-407
-1243
-1089
751
1231
-685
174
2053
-8
114
1445
801
-1257
495
816
168
-1201
48
337
-549
-425
499
245
924
114
1648
-763
-2119
-1314
-1
245
1372
-468
574
-447
350
718
-549
632
-129
791
-2035
-578
-423
1280
-648
721
448
-764
10
-1132
10
-769
-920
-115
-677
511
-1356
904
-374
454
-648
-985
-13
-14
-727
-2062
954
584
-96
563
575
2061
590
-357
-347
-854
1134
-1402
371
-395
-765
879
-169
114
-749
392
-1633
-403
-322
759
1246
-119
496
1274
419
854
65
665
475
1438
-853
631
-1968
1013
364
-1948
998
1020
-1277
-133
931
947
-367
764
-593
66
-689
-1072
-495
-295
-1122
-2178
-426
-564
-91
72
811
1018
-494
-94
274
-262
-746
-1734
894
-335
-445
1072
-1969
-239
449
62
1452
226
-73
-652
687
1133
754
-1713
120
241
-534
706
-2131
-1552
67
930
251
-297
920
356
127
-1382
-1318
-272
1310
-758
437
-454
-894
-19
894
-342
-1409
165
-1595
917
1977
-803
-48
-339
-328
168
-285
495
1787
1167
-673
855
-1335
-2125
-1286
2503
-127
-396
-240
-841
686
281
-12
1123
833
5
850
581
-177
-1103
131
151
150
1075
-238
3042
99
-528
-225
-1002
680
-1877
501
409
589
-1048
849
-195
-1049
-1030
-1028
-345
855
663
104
90
202
117
113
1545
831
-88
24
864
-406
570
-418
1129
408
-1128
-380
-1238
1609
162
131
-571
305
-1859
-394
573
-407
-549
-659
-967
187
-312
-1026
-473
-1050
-537
-1062
-1213
-1592
602
862
-879
164
1615
778
-75
-2097
721
-1313
975
-770
-880
590
-282
390
856
2020
-426
-88
-1755
787
-1310
25
400
1890
962
668
-432
1395
-1994
995
1600
1246
-604
14
162
219
-813
-1165
-711
-338
374
-1161
860
-1690
682
741
469
1251
-102
699
28
-1037
-1243
612
-476
-399
-462
-1734
-767
-298
524
299
1307
550
-294
-454
-353
-741
377
2309
660
977
-605
-993
-153
-521
560
694
2599
208
-1140
295
-1172
-795
1008
794
-974
-740
70
802
-221
266
1229
-553
-264
93
999
578
502
34
-651
1731
-1377
253
1102
1801
1364
-1533
740
1451
625
1439
-257
1143
888
0
-2660
-559
-587
-552
-223
-892
313
-884
1266
-530
1068
-684
-1140
-296
-1074
124
-834
352
-1687
177
-859
-587
-560
-72
126
-1387
266
439
5
1132
-377
-1386
2098
424
-615
1994
717
1235
73
2214
-587
-1519
-557
498
1601
87
271
-45
-242
1483
-295
-1314
1623
245
-1150
-214
1078
169
-60
-1658
-52
739
517
1293
599
-745
-1565
-1019
302
-581
-91
995
605
193
-144
1605
-171
707
1591
-446
-708
1328
198
405
976
1039
128
87
-1209
-1323
-1180
-1468
-232
692
-494
3
-511
-223
91
362
432
1073
-468
-316
1041
643
142
-2025
346
-846
520
-1
-530
-875
-1611
514
-598
-143
-350
1438
971
-637
1122
1198
1056
-408
-569
-1327
679
416
1141
214
356
683
928
-771
-146
1941
993
-741
581
-820
1330
-446
-650
1622
904
200
270
-1956
715
1824
5
-757
-1087
328
-384
186
-906
1342
1246
388
622
694
-276
1135
495
-281
1087
-1311
-78
958
-803
-210
1849
-1873
-135
-700
-89
-1280
183
1544
-1097
-1222
505
-1044
180
-88
240
-1376
-783
-451
777
-431
183
663
-354
-779
239
-299
323
-1729
-684
-1718
694
-184
607
-926
189
397
846
-459
-531
1233
435
328
914
-1674
-3089
200
-1892
1306
-853
43
370
606
-1217
-986
-597
279
-325
1749
252
295
1693
-1455
629
-10
413
-495
-293
-491
-78
-349
1319
178
458
-180
-875
-538
390
-179
-275
-1158
-449
643
-1694
-370
180
2030
-452
-399
52
-1186
-1157
541
56
652
748
-520
-681
-2113
-494
-1489
-745
1215
-1440
665
-1689
1696
1003
-20
767
-561
-1212
-369
485
-1571
1728
-104
-1082
333
65
-1409
1463
154
-624
-1230
-309
697
-342
426
-1618
788
-1544
-1315
-106
1598
-1849
257
2061
28
-760
130
1523
31
-166
-476
110
-37
755
-484
1015
173
-17
516
-724
938
1967
633
1747
-585
1195
28
-1729
-66
153
159
553
-193
-982
51
-433
551
-177
261
2447
-366
1293
-322
-235
14
320
-998
-36
420
-556
502
1131
375
739
359
1969
-54
-142
124
-258
337
-87
-776
-467
-760
-854
1093
1115
831
-517
746
40
-1704
-158
-81
-504
404
-288
1710
595
105
-302
-605
-1003
550
608
1449
-144
100
-291
-933
-264
1384
-135
-451
-122
-479
1220
-494
-31
-764
190
-923
313
-784
1627
-434
317
920
-513
134
469
-747
864
-1696
-1153
-568
1876
-977
-6
1301
-638
874
-97
1379
392
975
15
-710
-662
-956
858
634
416
271
-126
58
837
-1148
628
212
-1062
1033
-423
121
812
-1367
1322
-1061
-504
255
-554
-490
-94
-747
537
1049
-278
-517
-1043
520
1766
-878
-640
1197
84
596
-244
853
16
841
821
316
-336
-2209
-304
715
913
753
-357
-909
1754
1492
334
150
651
-104
1074
97
-145
760
17
1253
48
-1236
781
429
-622
604
306
-265
396
228
-641
117
2236
-1157
265
826
314
-1130
-43
964
-250
195
-226
-473
-286
-49
1222
105
1280
-1748
-262
1071
830
-965
543
357
-26
1658
2329
306
459
475
154
83
810
-332
283
-1166
-769
1070
-410
404
-381
1597
172
-81
1533
1017
333
-2455
-2103
687
-627
1162
219
-537
352
-582
1849
358
1219
-1564
644
-715
-655
-258
1008
-949
981
533
-620
88
-409
-2181
406
877
-1095
-792
-1123
-1438
75
-94
-879
-347
2
-765
461
-733
336
-903
-317
-810
-1172
601
-1318
829
-1457
-274
703
-107
-640
-1782
-780
-793
648
-1516
269
1338
460
490
-1356
-105
-168
-722
-443
-255
-509
-4
-31
-94
975
28
-686
223
845
-1376
-2067
91
-497
458
130
228
-81
-518
250
-654
1245
-942
-714
-823
-226
17
59
-1448
-657
800
-10
1823
1147
583
-305
178
526
-1485
334
1296
1057
190
882
-666
629
435
-430
-545
-356
-293
-1009
2328
145
732
-292
-1226
-158
-110
-591
-1080
-975
77
-867
605
-187
602
-1063
713
522
-731
-1638
-399
0
541
0
-677
-86
-930
-212
-358
-76
-1332
415
103
153
838
-646
-612
617
-1265
1616
-974
-769
-146
919
186
953
700
659
-1121
-761
1199
205
25
-1103
-952
1060
185
-68
1126
-672
-569
-697
40
-353
-809
-970
-378
-1268
503
702
661
465
-958
-38
-104
617
-380
-916
-285
-769
-439
1204
-283
-1770
-847
836
-66
377
-284
-156
259
581
586
-959
-1492
705
2005
559
-1872
-139
-1141
-400
-132
-501
492
631
-463
937
1644
-694
-707
-599
351
-545
1702
-905
-1526
463
476
229
600
1366
892
-89
2175
-423
-31
-45
-1732
-797
-612
-600
-1608
-145
1539
-567
-1440
1967
-540
305
-295
-1703
203
632
-545
416
800
-84
-339
415
-1449
1155
-748
-1401
-734
92
-791
-1112
110
-405
-221
-813
-510
-351
723
-1009
12
-600
261
822
275
-1070
19
1357
14
1334
1719
-559
-113
80
-730
-325
-769
-606
1381
-1594
-539
-1801
-1180
383
-788
-565
-1058
-346
816
-338
1469
1003
-752
2042
-50
314
-117
169
-828
1171
-804
986
-434
516
-2714
505
471
-664
-738
-469
769
-1054
8
1591
-1756
736
533
-666
1094
-1707
301
-175
-133
-192
-479
-1711
1947
1795
-649
-745
-1344
-423
114
380
-1955
-1756
58
1106
-839
83
40
-305
-2448
-867
-407
529
330
-598
-781
-395
-861
1011
528
-907
1776
751
-1051
-842
33
-1245
1221
-319
-835
800
143
-516
-1483
-1069
893
1115
-1546
-485
-28
-102
-431
-220
-596
-66
-818
438
-971
1308
-1935
850
388
135
968
-1702
447
1193
556
1017
436
475
753
-668
-1171
-56
-416
-930
-88
-399
-396
105
175
164
-687
-903
-196
170
2320
-736
247
-69
-180
1211
-214
-231
-1284
454
278
354
778
-1085
349
-797
781
62
978
602
-408
-787
-846
-1555
1274
1173
743
-812
-1415
-120
107
-1106
-1245
582
-856
-111
145
194
440
-873
256
126
827
930
-815
934
-752
-427
-1151
-544
146
1956
-1131
-918
524
1107
453
1477
-1656
-862
-330
-1109
-2452
-1561
125
98
-241
664
703
22
778
1122
1070
-564
-462
1493
-341
-702
78
-1075
658
1231
-278
1644
-728
69
-86
-191
465
415
-1316
-110
-866
980
818
-486
-912
775
247
328
1258
170
-959
-478
1405
358
278
478
635
-1284
539
-877
521
-1623
646
99
71
-821
716
-807
-576
80
680
-140
268
-637
-498
670
339
-1057
35
-183
-28
1173
-350
125
-584
598
1622
1434
655
-532
744
-263
7
476
-1466
-3
-1145
749
88
1404
102
189
-919
212
-924
1624
699
-982
-706
-98
-778
-1753
-1284
-131
-315
-1347
-44
-922
-73
-1278
-425
353
-226
685
-1393
616
349
-549
-1552
1270
712
436
-2051
-47
-1236
2308
209
168
1021
1479
223
-1224
134
-43
-117
-238
-317
-402
-332
-234
-489
-390
-530
-2169
526
2333
1015
2544
59
41
614
-381
-548
567
-146
-589
200
-927
344
873
378
-321
252
116
-1065
-1834
981
-966
-49
-740
-1276
288
-358
-514
496
-427
-23
802
-1266
-944
831
1957
1162
-859
460
-770
591
-659
278
95
566
1159
-2444
27
1255
473
944
163
-1694
365
1831
-552
-180
153
-806
-397
1211
1099
-115
1781
1329
1415
-1293
-2336
-1030
2346
-373
-637
567
-564
690
1138
453
174
202
838
28
495
-1457
194
-502
-138
-1069
-1060
-82
-352
-582
-83
214
-877
728
513
322
-1987
1457
898
473
1318
359
-236
905
803
447
-313
-1058
-1111
-326
-187
-1877
942
427
-181
-939
-2
-989
-106
641
-951
1504
687
-1174
275
-1764
-151
68
-967
-54
747
1229
736
-39
463
-273
890
955
-659
262
1789
1376
487
1122
-7
-459
-502
-242
-658
-1139
316
1200
-626
-2102
2228
1058
-2007
-129
-797
-160
-44
579
309
-610
1002
-80
329
-581
-588
-734
-792
1255
768
1751
-1211
91
285
-2472
-1476
570
-1043
-32
607
946
-377
34
717
-1215
418
590
588
-244
1042
-560
836
-300
86
-254
344
-516
-456
-804
-766
444
1623
-1228
-423
-876
444
-210
1346
-1729
100
412
-279
697
1001
-16
1197
602
582
1117
-423
190
1206
981
-719
-801
-73
-273
-651
1156
-52
-585
-466
-1278
-63
-821
2502
1575
398
-151
644
351
481
-1514
1199
379
258
849
34
-284
-1609
-174
-889
151
-304
-536
378
-943
-280
219
2153
120
-373
-747
1419
372
618
-500
-1245
-747
763
-624
871
-445
-1167
552
-3
-252
-539
511
-400
-117
-467
-755
1920
-1391
-1009
695
-2221
2287
-436
479
1229
9
-555
-270
182
-204
-799
-135
67
148
-38
125
-548
390
-339
-338
-537
-492
-330
-30
660
-505
1166
-1739
-28
-190
-1025
898
514
801
726
-491
2138
758
1131
1219
-241
1899
-1181
-490
-138
-750
-142
-83
961
1536
64
442
195
346
-937
992
222
-10
1244
660
-222
17
-87
-888
-318
-1626
-438
-1053
-1265
2702
-984
440
857
-1335
-1108
-809
1114
-818
992
-333
59
-677
-315
627
-1107
-785
-431
526
-2095
-1980
126
2155
1123
-699
999
314
-1938
-1030
1510
-839
545
814
1802
-1183
-547
104
1722
-1303
832
606
-814
-151
-199
1241
310
441
253
1099
-1628
1481
-245
668
-884
1269
-1508
-1252
294
-200
726
-1554
1785
1096
1149
-189
-358
1303
-678
-293
273
453
-1054
-940
1151
88
689
-403
340
504
294
199
21
-70
1234
1256
-583
1121
1054
-1684
-739
-1333
1335
1229
-308
419
-642
-904
-1625
678
-34
2028
-497
-72
-937
1331
1139
-685
-27
1560
416
639
-358
-247
-749
-376
672
-466
848
-432
-1229
2069
-840
-1740
924
1365
232
-767
-1865
890
-91
-2
-32
42
-146
385
-791
-1314
-508
1290
125
266
359
668
535
862
-903
-4
1282
630
158
-597
-63
-187
1063
-623
663
528
-247
558
281
157
109
525
1048
-359
140
-51
1426
852
710
-417
636
-1180
-583
584
377
-1304
677
55
-8
298
38
-986
-710
1913
-1404
-810
1727
-2078
-594
35
-589
-531
333
1520
-1498
724
-28
-325
1042
-535
615
-480
-346
1145
-80
304
-340
-379
42
-1014
-94
-1401
-409
765
-354
-854
-1212
-1483
1447
-1607
2150
910
749
674
41
377
-1678
798
35
114
-326
75
-532
150
599
-112
-8
317
-51
-88
583
-462
-1426
1407
1805
-596
126
-1484
-300
-381
381
-1213
-480
-380
583
671
-195
158
-14
-1181
-1733
-1127
-783
34
-529
1670
191
330
-1866
-304
-1884
584
327
-66
-1399
289
-523
260
334
-54
-1795
-483
-560
-927
955
-554
465
1572
-1244
-101
848
-304
1274
836
212
-128
1266
1715
-836
-6
259
1569
-784
837
1141
1210
195
1257
-229
681
-680
-183
1192
712
680
938
1182
-508
924
322
344
-1188
344
-1207
43
568
-513
1505
-298
-596
-127
-1396
1246
1114
-1816
187
78
-517
487
-480
964
-1757
-395
1200
-817
943
-699
-786
412
-1810
754
745
467
-365
237
1186
-997
-885
-62
-272
351
-49
893
125
983
339
1024
715
-248
-1193
-938
-248
-1554
1361
251
-1226
1647
-472
-670
-1048
847
-356
-326
-1058
-81
337
100
-763
469
622
518
1672
1208
-707
360
-376
-974
124
404
-1210
139
26
-376
-654
-375
-852
349
484
439
-349
-1699
-211
-666
-359
1333
-1073
1442
-1718
220
-468
784
-7
-12
-47
553
-161
3108
-1571
419
-866
-1491
-1327
220
1702
-851
436
514
322
-216
679
686
-1860
1305
-145
310
-318
374
-344
-573
2119
-1159
225
-329
777
-851
-279
628
625
131
-228
-241
-547
-681
-137
901
1130
1506
-727
-142
-378
645
330
-445
-606
136
-770
-874
-1290
-203
26
-342
-46
410
-961
1583
530
-1585
919
-99
-575
-10
-234
-257
1637
714
135
317
800
-2116
-221
-440
-514
-201
1270
-454
352
-542
78
-66
-990
-959
549
-1145
362
-1233
-351
637
2571
-1141
-724
1783
649
252
944
206
-658
499
-2220
-1675
-21
740
1486
116
-173
1446
1454
-862
1146
342
-1146
2738
109
865
430
981
-921
1256
576
-126
-719
1261
-941
-828
-1504
-1141
173
339
1503
1111
-1034
1
1346
1152
346
596
-1011
-642
-878
-392
253
-491
946
-43
955
437
-451
-1229
413
933
-778
-752
-1871
-48
-641
-658
-1608
241
1061
-90
-1034
916
490
648
794
-544
492
-480
683
-29
85
-750
924
-319
1613
697
816
1802
177
-1918
773
-1846
5
959
377
669
-770
369
408
282
-303
107
977
361
1005
1350
10
-468
1626
720
132
343
527
934
-913
-919
869
1184
-104
328
352
-2642
2047
-1158
393
-604
-883
-423
-183
-920
-1521
11
-1668
524
-464
-410
662
768
285
-107
-181
804
-79
362
1537
-989
479
-1431
461
793
-350
-276
130
278
-1107
-1385
1038
-123
155
692
-1361
321
2188
-68
255
-396
-896
-515
-1183
29
1216
1077
454
234
60
319
301
576
-389
413
-449
82
-274
-739
533
-1478
-1006
-147
-317
181
-479
773
0
389
572
-479
775
22
-1284
635
-170
271
-842
1221
1096
182
-1381
-881
-1344
409
315
-1382
1411
-2297
334
-325
-223
1327
576
997
-1956
-1026
-915
-1993
512
-285
708
787
-429
586
-726
1710
-523
1154
-479
-799
-1175
848
-433
683
-758
1401
-579
-383
1891
-626
292
703
-1396
117
-31
-868
703
-876
1258
486
1332
199
71
-2153
-14
1042
-571
611
738
-2746
277
992
1046
-122
1665
1290
-1046
-482
-1388
-1387
372
-10
272
-1056
-1280
737
-806
508
129
28
3017
-224
1303
-394
171
98
113
-511
518
578
-52
495
-883
121
1039
1257
872
404
-749
-690
-805
-657
-395
64
835
1800
-212
547
-994
-212
-1332
-664
-322
339
-354
-3
200
187
44
646
-1000
1471
758
1383
1795
-382
464
-1213
-552
-1062
181
168
1285
-361
-346
-473
-212
120
-2220
-159
-1247
-103
-85
-981
-1380
-350
910
1093
173
1318
425
-1059
926
-266
188
-2452
-1833
-220
-728
831
-458
1509
-1381
267
163
429
1607
-1854
1362
147
-716
-186
-714
-457
-727
-630
-701
-1508
1158
-450
-1344
-1090
-1352
1044
149
363
62
-1218
-69
-293
1685
17
218
713
154
-99
2719
-534
106
-135
802
-1773
306
-374
372
-47
-1220
695
-572
1480
1618
1110
-691
78
18
-800
-1084
414
243
-872
615
-289
1218
-1047
-1033
-509
999
-1851
-996
-143
107
623
164
-396
-702
287
-1965
-406
-177
41
-2074
-564
-27
287
730
427
-12
-1308
1001
1339
-140
403
-1011
1952
-204
1340
1890
37
-711
-2333
-683
484
-382
-123
-335
979
460
-1106
862
30
218
311
491
-917
-1304
-675
1171
788
795
305
-845
-260
-396
543
-815
-2070
637
372
1219
-1028
-649
-32
279
-901
1281
264
419
941
24
-1604
460
496
35
429
1158
-2146
-1285
48
-596
-1190
-7
-2382
-475
-497
-300
1111
1149
932
1128
-528
-87
14
-299
158
-1455
-2234
-106
-647
-2050
-281
-459
-558
-743
225
1150
-363
-1305
-1400
-992
290
548
216
-1624
-655
326
998
-616
-627
450
-581
-385
-25
-1456
1708
634
771
1095
-1354
442
264
542
-721
191
-1205
546
-1281
-1003
363
-1695
161
1418
-819
-767
1036
549
-302
105
157
1276
-83
-1829
-1623
241
222
-668
1238
464
193
-246
505
207
1918
-232
-14
-665
-20
-640
-757
-476
584
-71
729
-1314
-739
1649
-74
-493
-123
306
857
752
-71
30
-1855
1523
547
443
1167
-445
518
450
-461
220
-405
665
1492
-88
294
-1183
-1547
26
1762
921
-18
-40
-133
1115
1048
-1939
173
681
368
-575
-11
-834
413
1400
-531
-1357
-206
1535
-465
-1569
-141
-668
-60
-1160
1061
388
-351
-88
233
-597
382
-158
-391
302
-301
-923
-604
447
-1011
487
-588
-432
1458
-473
-473
-244
2170
481
-1307
-391
162
-791
611
909
1223
-1307
1609
232
147
1651
-926
-859
-479
1551
-926
-274
-805
1327
-502
-1005
249
-1214
-1521
-791
132
409
454
311
150
696
-868
-143
642
227
-629
561
-254
-1667
961
46
651
191
2353
1011
-1937
-1574
718
51
371
210
-620
339
-1542
703
776
-1762
186
-84
1573
185
443
1521
1750
155
242
415
-414
-905
217
-421
775
-143
514
308
-345
1893
544
-538
242
-904
-227
-685
270
-5
99
-734
546
1029
-1056
-533
-980
1703
616
768
-8
-1235
494
461
-273
-1165
1345
-1663
2771
-73
-688
551
1078
-699
585
-482
744
-1053
727
-586
303
163
-1098
-174
62
186
-1031
1359
897
972
1069
-428
-680
-960
-751
-1061
-121
-1199
1068
1363
-1182
-540
1115
1260
-1130
461
267
-926
1561
224
807
1114
290
-412
-398
484
-1645
452
-784
708
-14
-1084
-802
878
974
167
871
-221
-1117
-281
-294
327
-18
-48
-630
-279
-262
511
-382
325
544
-363
1049
626
-312
754
-1524
-1596
897
-128
594
301
-274
137
498
-617
632
1020
-346
-522
210
-958
581
1232
55
576
-246
418
-428
993
-354
643
-391
2163
-1030
-1254
2155
71
-767
1212
-10
-999
1123
345
109
580
472
-1172
-1051
1728
-1132
796
-43
-932
719
-648
1192
1046
596
114
-271
283
-1676
-332
466
-377
1265
-630
708
-859
-816
26
602
-1440
1081
181
135
-935
1219
-39
2026
730
213
-260
-920
-821
245
-882
-910
-192
923
-1615
564
-419
-412
1175
-193
-1811
1672
-266
2204
-783
-471
1333
-17
-674
-646
547
-290
34
322
167
1353
295
-364
-1011
-1047
-837
-2028
160
-208
-123
-850
-379
495
-1179
38
47
-405
-662
-480
-492
-1067
-208
-298
-141
1959
-369
1592
-93
1223
1801
202
-337
-1287
790
-338
484
787
226
-1544
225
-251
-544
76
197
-453
557
162
1332
9
1420
-1773
768
-1609
106
1765
-428
67
263
117
-487
1132
376
-752
62
1726
1671
541
-743
2286
-145
-442
747
-3363
448
413
373
-348
-1308
720
1498
527
2800
-630
47
-1755
-1165
323
45
552
1592
-620
-827
-325
1474
-1222
203
-1371
-463
-2094
-850
-748
237
1039
-1364
487
-827
657
-158
-1644
-1309
1920
-902
-1399
-340
-1168
875
1506
169
219
-803
271
-1593
-549
-435
-319
25
693
-427
142
685
-142
16
-1044
-474
-1563
-275
641
-409
1337
524
99
562
179
692
1274
-1706
914
20
-698
291
1290
-588
1768
722
1339
-155
1897
-296
-598
448
564
1333
-1220
-1831
312
294
-31
-497
-421
-1677
-1035
-549
85
-1373
229
-744
-115
-522
540
1133
-589
-1329
-530
-867
1260
-605
-2282
148
-1124
2038
709
297
1166
890
1312
283
1715
1964
241
613
-1729
940
1174
846
-681
668
244
1154
466
-196
-1454
492
-447
-445
-540
-1571
-585
-439
-985
226
-1162
-222
-172
-200
637
888
-514
-1198
-823
-153
836
139
274
-268
75
334
526
-1131
-478
-277
817
-640
-378
-945
1223
-516
-400
553
-1369
-337
34
255
-1764
439
-108
484
1013
-422
-1081
-238
61
-802
-516
519
525
-871
-173
-1948
-426
-1543
-770
378
137
1107
1328
1168
-39
586
-982
-1109
31
-459
-335
177
142
-859
1270
-1356
197
-633
507
772
-5
300
-168
-1084
-33
896
-216
1161
-35
-1089
178
10
-1642
-3
-612
249
-1701
646
1110
-594
-565
-380
917
1648
-483
-407
1380
-1709
-1722
-1659
28
226
-1034
795
-565
1469
-2355
521
-484
134
-152
-1713
-741
253
-712
358
-1152
297
120
-287
-715
194
-737
-303
-1163
123
34
-934
-238
462
-825
1499
-358
-161
-541
-203
-12
918
-77
-197
-2049
356
-982
9
-472
198
-390
250
814
365
-1114
-299
-13
593
650
-976
873
1053
-87
668
791
-678
174
-37
625
-583
-1236
-247
1489
1307
-1140
736
1307
-14
814
809
146
-629
-1730
-1610
-157
-1526
-850
448
249
194
537
-629
-1382
2068
2415
-717
-407
-106
847
393
375
-859
1548
-1711
-165
-486
62
-1018
-449
-117
1829
933
1512
-89
171
-158
-375
-204
3
172
1067
-1334
-3149
1416
-419
-301
461
-1693
-1438
1001
83
-291
899
343
-1023
876
-1590
1752
-421
-342
-192
1772
-177
-71
645
113
18
664
-2226
-926
-1207
639
603
411
73
1054
-465
-2599
694
699
1718
-225
621
981
437
-1151
1233
794
-2564
-2304
-96
445
-862
724
-56
-820
-1630
-651
1482
407
-863
1809
-1045
-38
-1065
927
-518
-569
467
-978
1286
746
999
1066
665
-291
497
1084
558
-228
1389
205
1339
304
-619
320
683
400
837
290
876
2156
-461
2320
285
200
-1804
-1348
-708
-65
38
96
1251
-815
215
476
654
-94
505
-1679
664
-541
619
398
-1456
-2143
820
-201
-322
1066
1365
-1197
-36
301
-838
25
1237
-381
-1961
647
-969
-268
-27
1805
1173
1377
994
1224
-104
-699
-888
-757
1394
-842
1258
-142
-269
-619
-711
-805
683
-146
-1009
-1360
1643
207
1625
-2372
961
867
1569
1663
25
870
-74
557
-869
-1275
-14
436
217
348
-745
-1661
1043
-579
-795
844
384
1234
-694
-563
1374
-574
1589
-466
112
-397
-161
1279
-1528
-658
336
1976
458
152
-182
-342
402
-719
482
523
-36
-265
1234
-82
-124
342
-1865
-1082
-1281
51
-1672
-255
-471
-642
-1917
-74
1542
327
1120
-302
-481
265
298
1099
1320
134
696
619
116
-989
-2254
-717
-776
-221
-576
-25
197
1362
-836
-553
-305
-1255
-820
-453
1187
1162
577
160
777
179
49
-83
-607
1641
-60
-1008
644
-1051
-55
-567
907
-1169
2464
1196
-476
1449
-1186
-458
1391
-63
-1386
0
-865
858
-362
477
-1001
-859
-1569
193
-253
917
-2283
215
-555
1041
-1294
-1324
-246
19
580
382
69
-229
237
841
-1567
182
186
168
-262
681
571
747
-49
1618
1169
-131
120
765
13
138
201
641
-1030
657
1667
-577
-177
440
306
-797
-961
353
-575
-568
-830
-58
-1053
-118
914
-627
507
829
9
-846
-48
-162
-193
-376
-166
1213
-1199
940
45
-1036
-10
-506
581
-956
978
674
266
2071
262
590
-897
626
1713
291
-75
-1621
-484
1157
1766
-1757
-93
-142
134
-14
-637
-975
-233
-1118
-381
-541
1559
2503
-1493
900
-977
-1150
109
-395
76
-111
-614
-255
1053
-1237
-583
-465
120
25
536
493
216
-727
-922
628
59
-2011
-377
-1154
-1071
-6
-439
-830
-1838
-754
-1467
126
-1330
-317
-1683
411
-360
-832
210
-889
-276
-45
81
-640
-1151
-1193
186
-52
-63
-444
419
1267
1462
-623
-472
776
206
1300
252
-944
-1057
-178
450
86
-387
1123
-1880
-2572
-115
-466
1121
-580
78
-187
522
-1897
-75
-37
385
1133
957
-320
1817
-2091
114
681
-236
-924
-562
-1007
888
-215
-1852
-951
-364
-632
215
121
-1186
-272
341
227
942
681
201
408
-651
1425
-558
-1417
-1186
1462
409
-784
-448
-515
664
-198
-912
363
396
1331
-390
-969
201
-719
563
1216
888
-416
-1078
985
-501
654
1822
-1470
747
-2065
-164
200
-420
1399
1617
-321
1415
707
-1006
-1099
1138
615
-1332
398
751
-341
-1545
749
-975
1276
-729
-767
-162
346
1356
1118
-888
-240
-939
-227
453
734
-2303
1758
83
-986
-1473
882
-141
-616
-1208
-1619
-858
459
911
-419
-561
-75
541
-85
-1148
1680
-1212
31
1250
972
859
-1441
-129
-706
1220
457
-420
793
-1838
-975
615
366
-911
-524
-1047
-201
-583
576
-992
605
-285
-1223
312
-576
-483
1350
-1324
351
-943
763
51
895
-132
-135
598
-453
-51
-744
-556
-648
-269
-2012
678
669
147
-120
546
485
284
-603
-595
-553
429
1688
1276
649
-896
504
-1586
-780
-535
-265
-1158
305
-696
-679
-390
-1303
266
-1309
-621
-276
-441
727
619
-72
-741
286
562
-540
-271
-374
568
-135
1799
-53
1089
455
-317
-1062
-748
746
462
-273
-162
885
136
-1361
-301
-2038
1188
409
326
1024
117
212
-411
76
362
-1353
457
-847
833
1924
-591
-362
230
-32
-172
-51
-2271
-886
-858
-748
833
-1151
739
-518
-1313
-1667
-835
-258
-1619
-975
-590
-826
-1314
-1010
1415
1129
-1293
662
478
-677
309
-419
366
-966
-543
619
842
-2036
469
-159
-901
2141
-511
-29
644
283
745
706
-18
83
281
-312
426
-347
1076
249
-500
-868
-475
992
-755
1064
341
-51
1609
-349
383
63
-785
26
-1654
-1535
-59
757
976
768
650
956
1906
-94
981
-448
399
-185
-71
163
-727
-506
321
292
-1302
-1003
960
-1117
580
-187
-116
497
1044
277
393
-153
-249
-1544
-965
-824
-1039
827
353
-152
1351
-42
416
246
-689
-903
781
-43
-413
39
-641
-956
1689
142
-149
-409
159
215
-569
612
-1037
-888
-576
618
-1776
28
344
-1234
1056
1104
-1242
1186
61
-2144
-172
-847
1410
190
1311
-859
229
-827
-652
672
-475
-1443
2067
142
-795
363
-495
862
-1974
637
441
982
1380
371
1878
546
-1280
114
-549
-238
-1019
-781
-21
563
-661
292
335
-221
-190
148
-112
-342
918
-297
-183
1038
-49
1010
-326
-27
871
-721
-827
-800
276
688
-113
708
532
-609
1120
-344
-493
387
-50
-397
271
-323
1311
-199
-1797
-1516
1607
-740
-26
50
1138
592
40
1265
1783
492
-349
-381
660
-163
74
875
550
-105
89
999
1172
-579
35
-157
-3
-824
-1576
-597
438
-2001
1117
-554
-38
-1372
619
-1502
1677
-2240
-898
489
-1296
-838
-30
430
1181
-550
-2413
1228
-914
-1172
246
265
497
574
673
-43
-653
-261
-744
644
729
-1910
689
796
858
303
355
-348
40
-1786
-1191
-2000
-617
168
-22
-322
921
-1485
-792
402
-1060
1331
-531
-489
-752
-364
-633
1347
1427
-141
-731
533
2315
664
546
-1360
-1315
-266
20
-418
-34
-11
-66
656
-89
1068
569
870
-390
-1376
-357
781
-1238
265
-1659
-584
-986
-1285
-642
-130
246
-501
-225
-622
882
106
1624
463
569
-218
63
800
-794
-1589
-256
-1309
-220
1390
945
-244
-1300
42
315
1321
397
-738
-1846
-755
54
-339
-100
-1540
686
522
494
-937
1161
481
-1017
727
-760
167
998
464
1559
1048
-360
-715
-183
646
1496
289
-678
-1037
-60
594
633
-648
-402
1228
-1366
674
-1251
1199
-1121
-878
523
341
697
-240
-2197
-687
-290
-1148
-1194
299
687
-1875
475
579
448
-580
103
-13
777
336
-49
-1528
-73
1479
937
-244
-774
687
1381
619
1875
-577
-1429
1605
672
-190
-1128
912
-1129
-602
-593
432
204
-1712
-767
-769
379
-874
-1128
984
1968
-1132
-722
777
1207
392
1267
-271
-143
-94
1216
-335
-768
85
-1655
-129
-557
793
278
-275
1000
-1123
781
215
-768
-1271
-158
1003
-2766
893
-847
262
170
158
-445
374
-352
427
-845
-817
-230
-1254
803
-468
-1746
347
183
-22
-614
-151
750
-432
2096
-967
-338
-700
-1372
305
-284
-642
246
-616
1160
1208
35
-107
-694
1086
47
-1203
526
377
253
-106
129
-1264
-11
-370
190
-1722
8
183
-23
1259
-765
397
-911
879
-1082
-175
-95
1376
-406
77
1637
681
-434
146
-485
-889
128
1235
403
-960
-265
137
-557
-927
-388
33
1228
183
-184
-399
84
-1291
-1298
-405
1007
1786
-584
40
81
-145
703
130
2378
-801
-99
-372
-293
-660
-54
-887
-1509
-185
-288
-970
-36
-520
-753
644
-212
-93
1057
-235
-169
-773
874
-178
625
445
-515
124
-461
-685
1518
-278
-81
-7
-1095
140
-848
-559
573
2225
397
163
967
1791
1046
-1274
385
-1049
-244
142
-1743
-569
-704
387
156
398
-165
359
819
1115
1569
-915
-361
-1349
-545
1113
687
1281
115
381
-1808
1090
-613
643
364
-1618
-817
-501
-710
-1569
-1498
-156
-160
-648
-451
-227
-1167
-606
20
-366
-342
-1003
-1336
1062
-634
237
1934
-1364
37
1299
2
1578
-1113
340
-769
435
-462
681
-896
-1536
-1179
-150
1576
-919
377
1304
970
1285
112
-1266
-88
-315
36
-296
1440
1144
406
1683
359
-88
225
1744
937
-280
1955
423
-532
526
-920
366
-47
-728
672
314
1368
1635
1084
-680
543
-1339
735
563
619
509
18
-280
-222
1049
1375
-332
-657
-344
288
-1058
1035
-446
-618
-1188
-128
652
-552
-499
-1070
633
84
915
339
499
-823
775
-1839
-1639
-155
725
-1801
165
635
736
1408
-1310
-916
-1250
1186
1016
-266
1515
608
-1224
1640
137
121
-995
138
-395
104
1609
884
-997
90
-1092
-465
-9
-856
566
-1021
-635
-462
1204
60
-647
288
1486
856
-1342
-408
726
39
-202
1583
313
-44
-218
802
797
-10
850
-2618
-536
-793
311
-736
-979
208
607
199
-111
1245
-1691
702
921
-629
31
2433
80
1764
47
-395
241
1052
506
122
-1131
-576
203
-30
-158
-1213
-4
313
438
804
59
-856
-2153
501
-583
-564
587
-767
-1566
-438
-267
588
334
8
478
-1095
805
46
1340
-475
49
-634
-132
-184
523
242
-803
843
-1723
635
1125
1363
449
1623
-566
-791
354
139
-511
-24
1359
-119
191
-118
-501
-634
-646
326
-701
-151
-1164
1464
1381
-746
555
-345
-2534
-2108
-854
-179
1672
-1312
733
1427
-599
24
-1050
-949
-910
1512
1112
1051
138
-1044
-644
-863
-1155
134
1060
1772
-620
-673
-60
-736
-74
117
426
766
-181
1411
-251
-551
839
-311
-1101
237
-1078
281
387
397
352
769
-535
66
761
-729
-318
-1175
-504
1437
-1267
91
-1184
44
26
775
-432
-235
-1010
1200
576
-421
-735
1160
-414
-722
829
1611
-870
-161
235
395
-466
-907
27
-149
-192
-731
20
1683
-70
292
672
129
210
1690
-1116
-53
-1033
168
-132
-1456
-430
111
179
-172
1035
74
-1514
132
347
-803
-1943
-551
548
-882
-177
-854
-1075
-19
1727
961
1426
843
1463
-1160
1231
-561
-402
1744
154
-591
114
1097
787
-746
507
-534
487
80
-572
-638
733
-24
-1162
173
868
-46
-1633
499
-1390
1401
-303
-1306
-406
389
49
-841
150
212
259
1470
-781
1043
161
-1192
-131
-274
-374
-271
-1519
18
-1607
-456
240
-352
306
-237
-151
1805
1871
-1081
936
-390
493
-156
1108
235
194
993
411
253
329
144
-992
-1218
-365
-646
-315
-27
-436
290
222
-554
-673
-323
1188
231
1299
224
-725
-1299
1171
25
1758
-2263
-653
169
-1171
-1006
190
-1135
-1311
590
-1217
898
875
-1467
-292
892
335
-330
322
-495
-1329
750
-1247
1111
-1032
169
-1177
108
1004
884
-1173
239
-507
1149
-593
-2612
488
-791
712
-67
511
817
-1617
-1192
2339
-1326
1158
-856
-873
-530
-635
1076
-189
567
-758
-458
-227
1885
-921
867
-1554
89
-187
-275
19
-826
-415
-990
196
-1329
783
-753
1285
2038
-1023
992
1308
-1652
-347
198
-186
-133
-1652
-308
-1002
784
-1112
445
455
301
442
-315
759
2000
490
-228
-442
-721
-1257
-2040
-142
1502
1232
-266
283
1000
859
-961
508
337
969
-652
1280
-1185
1296
-205
484
-1099
-13
-653
806
-635
-718
207
475
1207
19
-504
418
480
-618
-23
313
499
-384
-720
1565
717
-1263
331
110
-531
-124
487
-349
389
-991
-1089
121
835
419
-48
-412
-319
819
162
60
-1053
583
-1121
-110
641
398
490
-467
1248
259
323
472
201
1338
433
49
1057
-505
-721
-747
768
-562
33
-188
455
191
860
1190
332
1040
-162
740
-535
1456
202
1179
-55
-182
867
-439
1588
1963
-247
394
-42
1351
-125
226
970
-1331
1556
473
-498
-202
2455
-917
-952
-239
-347
-155
-163
1372
1232
-1353
-422
-462
-1457
727
57
2627
-3
94
626
-861
858
-523
927
-68
-914
-439
688
-171
274
1558
704
-1465
-1622
-1359
1447
-489
-257
1648
-77
308
-143
-1107
-514
-219
1988
99
92
-1350
-413
-1053
-289
-127
-1716
-537
2047
-531
-387
42
-500
-825
-762
165
2218
1340
-1078
735
-834
2161
-174
1344
149
1480
-209
-84
-838
313
1085
1808
105
-1582
-627
-290
-569
886
1548
259
740
88
-324
335
1618
-695
816
-1035
-1137
-667
252
-1179
-311
-537
904
886
-296
-42
1008
-616
-842
1412
1827
928
1219
-93
-162
-465
-38
194
-972
946
623
-570
-829
-1026
-203
944
1453
-1046
543
-1145
1170
-612
807
1199
-877
300
773
-176
-2663
1217
-511
-177
-243
-296
-506
297
735
1289
-103
153
-1112
-815
178
-75
-125
-76
-383
-292
-410
374
-214
565
-462
-488
-246
109
136
-172
82
1573
-717
-135
-286
910
-744
-207
1099
592
-74
-450
1442
-660
1028
-172
-169
484
1820
257
-970
189
1001
209
99
654
-1453
-814
-371
594
90
183
604
-436
2474
315
248
-43
-481
900
715
361
-211
-142
794
532
-1034
271
2186
-1252
-774
-71
-982
433
-471
889
854
-760
-12
493
-278
-623
-1575
-946
538
-250
47
-1255
-1530
1616
16
514
869
319
203
-280
-724
185
-1023
575
-640
-184
704
-692
-1419
355
-298
865
132
-282
934
619
-572
-1480
1014
1310
390
-476
-805
459
-492
-1480
798
722
933
2215
-867
-119
3198
-307
106
1099
-451
-1036
1107
321
-120
-2348
-154
40
2263
-519
-1325
1432
589
-1421
323
-1276
-1694
-1135
-1085
-701
250
591
-349
2268
-931
-400
205
189
1582
-938
-178
-1205
-164
2512
-205
-661
-739
399
-169
-326
-1037
844
184
-808
-57
-351
-409
485
-1065
-545
618
-1847
-130
-506
-454
522
48
-98
604
-1030
-222
-1416
-2671
-570
114
1072
252
-144
778
-697
2222
68
1033
-1264
-436
-950
34
-279
626
-735
233
807
-814
-96
-477
1606
-299
-433
541
-190
-366
241
258
1936
593
-337
-1066
1005
294
-828
338
53
-634
-1884
1579
-1096
-1269
876
-890
-751
-1065
-1322
435
-710
1104
-257
-914
-1769
-830
352
648
-1527
-870
-170
1268
-434
1818
529
-749
298
650
-2878
259
1349
-279
354
1765
1026
-1078
-519
790
794
-539
422
1719
-548
634
1195
-1101
-546
-1926
-1739
118
-680
834
410
-737
1022
588
-128
-3170
-483
503
-1630
910
-508
-474
-771
556
-1462
1271
-701
1082
1073
-1569
55
-563
-27
476
237
-468
230
-368
-491
1065
-590
-649
-842
251
-224
-339
118
676
-522
402
-649
211
224
939
-2184
-780
787
-246
-505
-323
2076
-934
312
266
1670
-1490
1352
214
-43
-2394
-50
-253
-2373
1110
1462
-123
-1150
262
-1202
-618
344
-305
-520
721
2405
-200
22
958
-57
-239
595
574
-200
1213
371
94
47
476
1292
782
701
-1564
-1872
-91
-236
-1087
439
-1738
-125
-997
240
174
382
-514
493
-539
-480
306
157
-310
-107
-176
-1303
-87
122
773
-1915
-654
1321
813
31
-180
-597
1759
-411
546
-1059
858
539
561
541
918
-321
-49
312
508
1726
617
246
923
-94
-927
670
-540
-902
-296
-247
-979
2746
1236
-456
1461
-1473
-1071
-393
936
685
1476
-1565
35
448
-6
1096
1108
-424
-68
-447
487
-1582
-442
1207
1035
708
443
-520
506
-922
-241
143
1200
-324
167
-886
1767
-1921
834
1484
964
-13
256
279
1395
-415
-904
12
-222
-283
-455
-790
316
-1130
-1235
-574
-620
1958
1165
831
1415
175
-127
-195
951
53
-577
-1782
-861
-557
-698
-480
710
100
-1427
-986
-266
-184
143
-583
512
-1313
528
-429
961
-437
1145
-6
-475
-387
1346
873
-185
-64
486
1482
-980
364
1297
809
294
-222
672
1286
121
1141
891
754
1186
830
328
-1262
-406
-885
2275
484
-318
-1071
208
1674
-170
-2
-458
-297
-521
1400
69
441
-719
55
367
-865
480
-51
237
37
98
-1187
1272
1141
590
-2097
-2048
-484
1252
395
-23
379
142
-434
690
232
-871
-1600
-920
1068
-487
-12
-534
771
749
-18
897
-798
-755
1349
1295
-1218
1691
-564
-1350
-853
557
1223
-568
912
741
-128
-127
-944
-96
-97
422
-1830
83
-31
-638
1241
-157
186
151
393
694
883
-1753
-433
-634
-1092
-350
712
1121
571
-515
-868
520
228
-943
713
-122
-1335
2307
448
17
-1210
-1719
1684
679
708
-2086
230
-476
-593
-199
-697
1866
-1114
-1455
-155
1147
-556
-617
1148
1175
117
-777
-921
-1889
12
-221
-1225
-1075
-219
877
-250
-636
-1328
576
183
-444
121
-1364
18
978
-94
-162
-465
-688
-341
-841
449
-660
-227
-47
-185
1303
655
-4
1083
-234
-61
-781
831
943
1383
1355
-777
-511
-33
-367
-1082
-1564
266
1053
192
-21
496
-204
-553
455
-324
318
-204
-586
479
410
1345
30
114
-465
-500
-672
-1749
-192
10
1391
-184
-122
-57
-977
-561
-695
750
-177
1427
-48
1920
951
-147
131
1
-1399
950
1205
-900
655
-1004
-2680
-397
215
1223
17
-1025
-881
-656
1350
9
-107
-182
340
-679
-412
-1398
-1554
-582
-244
-721
-770
821
-246
-857
-158
778
-969
311
1344
-87
-1522
-618
-1254
-29
763
-997
1365
979
674
-1627
170
799
-1046
-638
395
283
-1097
615
801
1110
722
-115
278
-855
-947
-46
-1217
-388
354
1260
529
970
1089
315
598
-1672
-137
-887
-1630
220
-2143
597
395
-107
-160
-599
-1213
54
686
173
-904
-264
-334
-1219
1351
505
1315
2037
-1159
-121
-662
2178
175
1725
-399
352
282
972
1278
801
-333
984
58
-20
-1581
-508
-80
-302
-1132
1673
524
1506
225
-225
-1792
583
-127
-1059
85
652
524
471
900
430
-556
-553
847
-1635
1397
484
-1471
288
-1057
681
1169
-14
438
739
-1056
-673
250
1610
926
511
160
748
-345
1257
366
687
246
-692
723
-624
-1120
-129
96
709
767
597
-109
-360
535
-220
856
-634
1276
411
2401
-441
1074
964
183
-1295
-120
-369
-1465
387
275
-1763
-1747
161
1169
-694
-1388
-1696
427
-495
-198
1795
-515
-922
-405
932
-634
500
-74
181
-584
92
-272
-906
572
174
-439
1460
1005
1241
466
676
-225
1111
-761
910
289
647
-238
-875
-772
2297
-1090
1306
-1280
-1281
-1436
-286
-1423
-866
560
708
1216
522
-788
-553
273
-2430
-709
753
1353
316
-109
342
221
-835
993
601
-182
441
2029
356
-1106
-166
1550
-542
-93
-148
-991
-496
542
-960
518
1824
454
823
360
478
-501
760
738
624
294
-118
197
-89
151
126
345
1336
574
187
-904
-835
1042
-258
-445
-41
-998
626
1641
545
-271
990
752
169
515
-551
3
339
-140
711
1357
-170
982
1323
-922
655
1576
979
176
-1161
192
70
-3020
868
56
2447
846
578
373
1293
1466
-1086
-1389
1961
-409
1577
225
652
84
-1422
-604
-1490
143
292
-371
-42
-732
2055
-671
353
141
-259
642
-97
1727
1943
-1131
542
-1548
-633
-1669
391
-1392
76
-1329
-1022
-467
412
411
195
-2051
410
-339
556
-1399
673
1196
741
-771
-378
-1173
-1885
326
1902
-1565
214
47
-887
-1763
-1516
-154
-1310
-619
-401
1190
-562
-1015
1208
702
-559
393
1480
-870
741
-603
-908
242
414
1481
-554
-2195
25
-1716
-633
-414
505
-22
-331
-1825
442
-1546
-1022
-911
-568
712
-1102
-1396
-201
-978
819
1172
-286
1821
2004
869
-381
98
-35
-1238
-1621
-111
-250
1965
-997
-157
671
-1319
2006
205
-1405
-1658
842
702
-86
112
1020
866
632
-1284
-217
843
713
-476
110
1948
-240
-465
-498
-63
-572
-640
-428
897
-365
598
-644
-101
-1054
1441
-486
1326
-98
-813
542
-646
-7
243
-408
-815
-788
-545
823
430
681
805
543
1004
-578
-439
-872
-982
25
-1520
-1288
-263
-1596
736
1172
-298
640
-8
-1493
710
1230
91
-919
-425
571
-807
-1221
1003
-1441
1463
876
969
632
1465
251
1365
738
-1179
212
210
1841
20
-152
1891
758
-990
-1591
-1007
-1804
418
-1125
-1089
1150
-689
-1461
-1156
-120
372
-48
574
361
-2183
-116
693
-621
-477
-2227
-171
1283
46
-855
200
290
177
-71
645
481
377
1132
1260
-683
-380
347
-290
463
1404
-775
1787
1015
645
-497
620
353
-1837
-527
-1512
-256
-8
-548
-730
-1547
-1245
344
-539
-623
-200
561
-139
-1525
-720
177
-434
-10
948
1217
731
-1420
1282
269
-1853
214
448
66
58
-951
400
-774
-336
-669
-1114
612
-416
539
-1278
-506
343
-966
-1064
-631
1286
-37
788
-2170
-1021
-579
-211
-1045
-902
1309
-914
-575
-2924
-638
86
48
326
1142
-398
808
-341
-143
263
2290
-76
-294
-375
294
326
425
-2829
-591
807
328
216
1079
322
-14
987
1163
106
-2033
-603
61
-380
1294
-678
-925
627
634
123
2303
-998
675
126
-1746
18
548
-295
-622
226
1636
-1209
-473
500
1271
1041
-426
1422
-221
-280
9
-798
-8
-449
1160
845
1375
-705
581
711
2533
1199
216
1879
-656
-1013
696
-426
-170
-1774
-93
1452
376
342
2055
-13
151
1451
-426
254
231
-465
474
-700
-549
1443
-234
-517
-348
970
-764
260
-973
976
154
671
84
-979
180
-94
682
820
1082
970
542
-411
-425
884
114
-789
1161
1847
-1180
-576
1159
434
-32
-1495
395
-135
1127
779
-462
-205
-581
629
-93
-423
542
-154
-1254
1475
-896
-187
879
-1053
1015
486
-667
-1842
677
862
-985
-1054
83
148
158
-358
1487
765
2291
874
-540
680
1254
842
-407
678
-978
-236
-1286
1485
-818
-465
-35
-647
926
840
-685
89
-526
-983
-829
1403
831
1697
-547
308
-1409
-573
-333
-548
-273
249
-1121
171
239
1677
-508
-342
450
-602
-219
710
484
-619
1104
-2420
574
-736
-600
617
2282
-1046
-644
36
659
1243
198
1136
-1419
-36
741
1852
-601
440
357
-240
401
83
675
-581
398
-1352
1258
1591
520
-900
-1304
417
1044
-987
-255
608
-1286
-461
1782
-302
-562
-116
-2091
-375
67
-147
411
1314
-162
540
-84
386
679
1562
1880
-426
-1352
-1456
-982
93
-835
585
-580
592
1219
176
1730
-685
-1075
-892
-139
-122
82
375
-1047
-67
-316
-1699
1930
6
-1338
834
-1081
388
-186
426
-314
-1482
1221
1087
783
-445
560
-676
-693
-674
608
-1468
-173
1451
789
209
211
575
205
324
-595
692
6
-703
2102
-371
-195
-1484
326
-401
-105
846
-912
-1156
-226
-672
-1704
236
418
-1741
-1063
2425
-79
1787
-809
1119
-687
1934
417
-661
-891
1011
50
-543
149
1301
890
-1805
460
-164
489
160
-207
198
-2147
-543
-456
376
-1374
-631
-598
1017
415
180
1976
-640
1600
992
-331
954
-1160
-295
595
238
452
-604
-838
-440
-425
-266
-727
1443
-392
401
209
694
-1089
799
75
393
795
1114
1035
-536
-888
-798
-420
424
-160
-362
349
-153
588
458
806
-520
-893
519
-853
-120
-46
-228
-432
-1087
836
632
-747
568
792
-347
289
-967
-674
547
-90
1232
32
-524
276
-277
686
-77
302
-77
18
-1973
-43
16
477
-10
-1268
-264
1449
58
1548
-456
1147
942
809
-667
-835
-2308
-269
1206
-519
22
345
239
-2220
-2
-1346
209
-754
208
298
75
-1475
528
329
642
-292
862
-837
-107
-1752
1285
1008
-1187
-968
-809
516
968
-1093
355
-1761
718
649
-1580
31
102
1093
-1150
-787
1536
-527
1807
-679
275
-1499
37
-312
1833
486
-917
190
1613
365
1076
52
-871
-220
-1337
-1361
-1230
839
-661
-1310
-488
-935
1692
150
-997
-8
-620
896
832
-365
-214
-307
853
780
619
-133
-1002
-4
1497
-19
-707
-586
-339
-393
-204
528
-889
62
459
-1379
62
372
430
1088
-1978
-391
1025
-398
5
518
-311
1243
-725
352
-449
1347
247
-1070
-912
741
-389
1749
365
299
941
-32
1096
344
613
77
58
-502
253
1483
-704
998
1948
-983
-259
844
291
224
545
794
-1252
-288
1206
1663
-977
256
1485
980
-1118
-2204
678
-911
86
266
-1111
81
386
-174
501
-2008
-105
-231
984
142
-973
-502
589
-1801
403
2129
36
79
298
677
-567
1445
-183
-851
305
721
1247
235
-1373
977
813
-31
-1195
1118
72
-990
-1443
1855
625
514
-621
2290
-861
808
1357
-996
-552
-778
1497
2771
-773
-1713
-952
-747
1311
279
-955
869
-1753
158
404
-268
1534
641
732
132
-984
-191
-1531
-286
-309
504
267
978
-1206
123
304
-786
-608
1002
-631
-802
421
-1442
-2
-226
568
-142
765
298
-915
974
778
606
1325
-1067
-695
920
148
-726
-1406
-377
675
-1732
1377
733
339
-636
-557
-871
1507
-303
-516
1471
-943
-661
38
-45
-1472
99
173
566
1540
-261
210
-665
459
-61
-396
966
1163
444
265
531
-509
882
444
-225
-267
-974
-739
-971
-1168
1309
1517
439
-817
-625
-551
-987
726
2737
-1054
156
-505
104
-764
-1089
590
-889
1022
1647
-47
729
1244
-342
-555
186
-997
784
510
114
-872
-449
946
-377
-490
972
655
-445
-140
467
-322
693
-501
-518
1016
-299
456
200
230
-239
479
619
-665
-2014
298
1048
-1045
1088
1103
224
-215
-239
22
589
821
1953
-1617
68
-2056
285
1107
715
-583
-66
-1228
2950
-1131
-805
-424
-635
-765
411
-756
1046
1321
14
-267
-731
356
82
-124
79
1693
-403
-573
205
822
-1024
684
-236
-427
784
295
-920
-907
-650
355
-823
-1008
164
865
1629
-267
276
-1431
1516
-1047
-451
-1826
752
-1874
181
-13
-477
75
646
-226
36
-1391
-773
628
-760
-849
1545
771
715
-478
-1248
-463
-278
-1551
1510
449
364
-607
-600
1212
-2371
1076
1645
603
606
-424
1023
798
-496
99
703
-1177
1993
-1638
98
-610
-555
-2
641
332
271
779
-55
-2309
-1123
-1705
-862
220
478
-104
-108
1403
672
-654
290
-1991
145
-760
1101
-182
318
-1984
-865
401
-1354
-989
-640
726
7
-4
-1090
-807
-441
615
-16
898
404
-363
1278
-1521
-101
-582
-104
-307
2784
538
481
489
63
1615
-213
300
457
-187
352
1243
-1019
1898
-619
370
-467
-918
-1131
225
-1829
670
907
1561
941
781
-382
-912
495
731
371
820
-1432
2176
-1182
391
141
669
931
-391
559
-265
-1003
-1159
168
494
-3155
485
12
1129
-1411
-2383
-756
266
267
87
633
70
323
-203
-1669
-1092
1464
224
-1038
153
-1607
-472
868
359
1218
734
-1006
-343
1094
1877
590
1477
630
467
-1238
405
-868
740
90
1428
46
22
1432
-301
-2251
-1383
1136
-595
1733
2083
-894
-532
-556
-34
-263
-1365
595
1134
59
231
1468
645
-26
-1195
803
346
-562
482
-120
378
386
-711
-527
589
-464
-515
13
429
-1378
920
-235
1167
77
453
165
255
-96
-485
534
-1642
-338
-1707
-1345
-685
1407
-185
-1276
360
1062
1173
1093
633
-66
-1225
647
-327
514
1819
-925
-177
-542
1224
-826
520
-417
-103
1309
97
64
-48
1836
448
-1402
619
244
-776
-331
1768
89
1341
183
93
-943
306
1304
-826
1067
-1009
1858
-952
834
-139
-87
-733
-300
-367
-685
-644
-830
856
-517
-1174
-621
531
33
-149
-996
925
-193
-1112
837
-659
-1330
-1168
-870
-74
817
-96
12
802
380
-50
-482
-352
1408
-473
339
1032
-1365
-142
-101
-619
624
-908
-1918
749
324
1365
-588
685
-840
582
-1032
-428
795
123
226
-77
1314
-505
796
-1886
-1278
174
1018
-1
-1536
661
1062
1719
-2
366
-1591
807
1144
234
783
-1465
321
-347
-84
-908
81
-708
467
1157
-476
-231
-826
-1221
1182
43
1334
-461
-434
-270
-1271
579
-1569
-63
64
-493
1079
-253
152
-236
1007
-1219
1020
1077
1422
242
949
399
-558
538
40
-162
331
345
-918
-206
513
-83
388
-169
949
-1106
2031
1028
-1746
-895
797
-240
344
-290
408
1037
-203
-583
-1361
-672
409
-399
203
166
152
1424
779
-434
-2095
1501
-1029
-67
996
-1055
526
92
-1280
-445
-2358
-469
466
1258
742
245
-802
549
261
-1037
-794
-938
-865
701
499
609
-1193
-1149
1668
119
400
134
-245
-116
903
-951
-173
-192
984
544
1511
-491
1738
1005
512
191
255
-585
309
-67
-557
-302
-451
1467
829
-350
-1667
2254
1064
-435
1341
1540
70
245
827
-347
29
270
97
451
174
100
320
1140
-279
-15
-1063
-1532
-527
1307
-553
1309
-326
-576
1609
-1939
-439
-42
-262
345
44
1147
1272
-1656
346
-688
80
534
-43
374
737
1178
-733
-315
827
1049
-1622
754
-1021
482
733
337
-607
-161
-993
873
196
-215
-100
1093
-285
886
1053
599
-1281
-578
454
629
-704
-507
1333
-168
496
-2026
660
-127
105
-115
-18
874
284
-255
1106
707
-936
-354
220
1220
216
793
1093
659
-145
261
1033
-651
-1395
1658
-481
833
-1250
344
-360
-1203
-911
-216
-156
-1743
-651
-121
-1928
541
893
419
-360
1455
208
970
448
-793
-1182
11
-476
325
-806
-788
1441
407
-593
-1091
-352
-93
938
-881
532
146
-367
758
24
758
-1032
-197
1205
714
-357
-156
-440
-202
-165
366
-111
113
-380
-142
-157
1500
272
-641
-472
407
282
36
398
1053
-1085
435
-218
545
9
-559
-573
-414
132
-1842
1051
-1367
-476
618
1198
-1420
-64
437
-1271
-115
451
-1477
520
-338
-1576
70
231
-62
775
-572
-1717
649
1530
-14
-601
311
-648
-380
-791
342
-1614
-445
832
280
466
184
1146
-787
-532
10
-417
1602
-367
-899
-514
-1079
1123
-666
629
-790
-1498
117
-230
-1246
62
-81
-972
-863
199
98
-289
643
-505
-96
-718
2
913
-722
513
-304
981
545
-540
87
216
503
1495
612
263
-196
168
415
1042
102
379
90
-985
627
-1735
-81
-818
-1100
-295
957
-339
186
152
-258
1269
-232
-16
-550
-1303
601
1107
206
148
-1699
540
-599
246
-471
-570
-1014
-1058
30
1040
-1379
267
296
964
-234
145
-322
-1318
-385
-292
-421
865
1144
-363
299
-662
1110
-94
-1606
-1658
-60
-36
-313
-1527
-390
778
-588
2206
368
1849
1210
-15
-195
1183
-1035
-242
2390
1279
168
387
41
103
886
713
200
-1033
1529
-1292
1132
-395
-1192
617
-1081
779
1580
-2166
-1763
1107
-493
-15
1103
581
-1146
366
-744
-76
-310
-75
78
562
-605
-1020
-1835
-913
45
814
-1073
-829
1874
905
724
-81
1603
571
906
352
-266
432
331
1724
71
-806
-1234
-935
-695
1071
408
288
-642
-287
862
-858
396
45
-308
-1128
-1673
698
122
885
81
64
-451
275
850
-998
1077
127
742
-267
-188
288
472
1008
1507
-136
435
-448
-656
579
131
-407
-1343
-1524
-16
1005
-745
499
-404
349
-770
-963
-866
288
1046
249
1095
947
-56
15
824
-444
31
-379
-791
-1241
-53
-269
-490
-1231
1534
-354
1354
64
202
1859
-601
401
-120
2132
-495
-1273
-328
800
-713
-403
-651
127
-835
-130
-1072
1287
508
-360
-48
1425
-594
1516
-862
377
-36
-399
1053
525
-1116
739
-1256
727
-511
-1138
-549
-109
1104
-1088
611
-283
175
-1322
-306
149
59
377
866
1582
-539
1599
792
-204
-326
-394
162
238
-388
-638
857
1602
-661
-477
821
-396
-812
993
-1645
-620
1457
-423
-832
-2068
153
-788
232
-779
-1353
391
1194
1554
-823
329
-617
246
-25
-985
-786
282
-155
1532
-841
-1723
770
-1231
-809
280
-28
822
-1821
-20
-1966
761
1135
881
571
-1482
182
-253
-765
1548
144
-1688
790
-282
656
-825
202
30
516
842
943
-1022
381
1287
91
2
-1006
51
-1272
1810
-1988
-199
2
-502
-1134
411
968
760
-1932
1176
934
-413
457
240
-864
537
-635
1047
1554
947
157
-618
-655
-399
666
478
-816
2114
177
583
-2215
385
2275
531
4
-411
2239
529
-1447
-824
1246
1733
-636
-1621
-1115
840
1058
-1199
-1362
-1000
1887
128
678
-511
-787
-880
-1137
-744
-603
1422
-230
1082
319
121
1675
-1496
81
-1219
795
-40
575
-908
-1175
537
-347
372
-1318
773
431
-1259
-1182
-440
-1516
-103
686
1100
-897
-1170
-1110
-639
-476
-696
-346
1405
409
267
377
-863
-104
253
-810
-953
-404
768
-671
-580
987
-430
-2650
-262
-149
739
81
-1073
687
-815
516
858
1477
990
1410
1546
195
-258
457
-912
-848
1013
-1173
639
-274
723
193
218
1228
-747
-192
281
761
-968
-432
-1355
698
-763
-647
134
-1062
739
618
5
129
-1253
-35
-443
473
-943
1573
924
-622
-197
889
689
477
-557
114
1106
825
277
177
361
-14
1166
-2206
251
-288
-534
857
-1343
371
-1383
660
-1450
128
531
-1268
-1215
-675
1238
-687
136
56
346
-1595
-31
-44
-254
174
387
-239
1532
559
643
609
655
507
-379
620
-68
617
-900
592
-272
-133
945
100
1629
-1076
543
-210
550
1519
992
358
-730
1849
1160
90
-2639
-356
-1023
-976
-127
536
569
1018
272
999
-2221
-145
-1551
291
-83
509
-329
-405
-573
1091
-587
-1076
1059
-1599
502
812
-841
925
-1415
490
-814
-264
59
545
-982
-245
1361
818
-393
-2654
660
1535
-609
838
-426
-702
-659
465
-152
730
2228
395
-671
1137
-221
-1986
-315
92
-139
751
1301
1419
-462
584
-70
-1179
-639
628
-576
-284
1542
-443
-1329
248
92
562
-1800
-1325
140
-1386
1227
704
1056
-632
326
418
277
810
935
217
792
59
1086
242
-191
-1396
-1638
949
-1441
-41
-820
471
-787
-1526
534
-366
-1921
1374
-495
-324
88
205
36
-68
310
1374
-446
550
-629
-602
307
16
-1615
-670
-567
297
569
1666
-314
-571
-551
913
-204
-1776
1403
-349
-867
-238
-611
2176
517
-132
858
-318
-107
667
-650
644
-649
-767
-78
626
1118
-1646
242
321
-944
-2403
-958
593
67
-468
846
-326
1581
729
-1921
341
847
1491
-1492
1011
-1451
-576
266
-544
232
976
886
-167
1294
-731
-146
360
-380
44
-135
-1081
-205
-938
1254
-1438
1400
-518
-238
493
-109
710
561
333
0
-195
734
-454
475
618
467
-117
873
75
-106
-626
-1534
-153
1440
-964
-90
-116
-312
-1085
-2092
-374
-248
948
149
-13
-190
2302
-1158
-128
1299
418
-1670
570
-350
-587
-239
-86
70
-1605
1240
486
1174
-794
-795
518
-287
488
440
1355
314
-761
1270
220
-1267
1322
1236
706
-1079
465
-644
-730
-580
318
523
1394
467
-206
-964
552
-582
-563
-569
995
-654
692
1643
-396
1512
37
-207
1971
-1314
-995
1171
195
-300
851
-2
191
0
-404
-1675
-1113
17
-3748
-238
-258
428
1201
1282
-1076
-404
5
692
-1141
543
-1117
-187
1073
985
-292
-390
-1697
53
130
-340
-31
332
311
484
-879
-457
-1476
-705
618
-1546
1004
-866
683
672
-213
655
-1670
50
286
1837
486
-850
575
337
140
2052
-471
-1302
-812
-720
694
922
765
