13 99 400
0 0
0 2
0 4
0 5
0 6
0 7
0 9
0 12
1 0
1 2
1 4
1 5
1 7
1 9
1 10
1 11
1 12
2 0
2 3
2 4
2 5
2 7
2 9
2 10
3 0
3 5
3 12
4 0
4 4
4 6
4 9
4 10
5 0
5 1
5 3
5 4
5 5
5 6
5 10
5 11
6 1
6 3
6 4
6 6
6 9
6 11
6 12
7 0
7 1
7 2
7 3
7 5
7 6
7 8
7 9
7 10
7 11
7 12
8 1
8 3
8 4
8 5
8 7
8 8
8 9
8 10
8 11
9 0
9 1
9 2
9 5
9 7
9 8
9 12
10 0
10 2
10 3
10 5
10 6
10 8
10 9
10 11
11 0
11 2
11 3
11 5
11 7
11 10
11 11
11 12
12 0
12 2
12 3
12 4
12 5
12 7
12 8
12 9
12 10
5
38
66
70
25
15
48
50
87
49
23
19
29
51
84
7
33
58
3
32
77
22
81
72
60
36
59
16
27
83
21
94
76
75
40
4
88
96
52
18
93
11
14
97
35
20
10
74
47
39
54
63
43
41
57
56
71
0
24
26
89
98
8
65
73
90
6
46
95
9
55
92
13
86
34
79
68
78
91
80
64
62
69
17
12
28
85
31
53
67
37
30
1
61
45
44
42
2
82
-222
-30
392
237
-164
82
-85
113
-25
-69
255
317
204
123
-330
-422
112
217
-157
11
-804
-392
-624
53
106
373
-497
-487
-89
-492
75
516
428
127
-541
-142
365
35
216
721
164
-3
623
422
774
111
-188
-34
-164
460
-557
-69
-125
-747
207
-150
-522
-142
263
-333
-540
-94
-25
-191
614
-285
267
-409
-454
105
334
90
92
73
46
-243
-99
-348
-36
153
-138
-509
-36
-735
568
348
-108
182
-219
-115
721
-95
432
-122
-888
627
321
-182
564
40
135
648
133
465
321
56
208
44
150
-15
478
-1184
206
-239
-81
-139
-1089
326
-73
310
-234
-845
-323
-292
-170
537
453
32
537
-213
-5
-343
-56
-173
95
670
458
-330
-164
82
-332
83
-303
-151
517
-54
-144
-298
-253
185
-210
-179
667
-172
265
-413
-505
234
181
11
-368
666
-115
-383
-488
-21
298
607
-231
151
-228
155
50
901
-546
-348
307
-418
-347
128
-756
321
-175
-363
-181
506
-1144
-348
-149
-201
-667
282
-11
-8
-203
66
4
-378
-81
442
-233
466
-239
-877
359
-324
111
-443
671
119
52
223
281
386
-34
68
594
-103
10
26
712
-59
519
55
-153
-19
178
510
178
307
85
-38
175
288
-86
135
-727
-140
96
-202
-323
132
-240
62
117
587
-609
-101
-337
134
-529
-762
271
340
-1286
-249
102
324
32
182
-109
-596
-358
-25
287
146
-608
-6
-447
169
307
561
-418
-133
408
-260
191
-972
121
575
62
-483
-155
112
363
679
454
-284
181
-44
-391
18
-28
-629
666
-285
58
443
-753
340
-196
-303
-109
341
-218
-311
19
-307
-70
454
120
69
-483
422
-422
184
26
-478
457
548
-225
-255
69
-880
300
88
-28
-57
-195
-239
-375
527
-221
-286
66
124
-116
-857
694
-383
-1
421
-822
82
759
-102
-17
93
-521
617
-19
-362
-266
-159
241
-495
180
-535
-331
66
-416
-265
63
-170
-590
-1297
60
179
-31
181
-226
-92
199
-506
-222
676
460
-182
-248
-595
-900
-397
500
-31
344
66
-155
-547
-51
-411
64
-86
661
22
-539
456
73
-477
-364
-129
89
721
-178
-342
-299
-306
-396
-321
-444
159
-495
-536
-443
-80
-153
-41
-302
412
-465
-69
-164
-496
-164
312
226
-201
490
-180
115
-95
528
453
710
104
428
496
148
134
297
49
37
436
83
34
13
639
391
-470
187
166
352
105
176
-236
-44
68
390
414
-426
180
778
-136
-404
-49
582
11
-440
-98
-353
574
448
-362
481
-469
-289
-279
179
668
140
-186
-364
-241
898
118
-33
-114
-286
-808
197
285
343
696
-187
-196
-861
-700
-111
937
-277
-73
78
228
692
-327
273
-306
271
-406
379
-61
133
-253
-715
-106
-119
-213
-9
511
-242
-16
-634
-150
-195
448
-446
102
-382
-120
7
-507
88
184
-695
-362
-1106
126
-319
387
63
362
242
-66
196
-841
275
-47
59
-238
238
-266
-335
99
-427
423
-762
582
-42
327
142
-300
771
84
-98
336
327
-612
220
269
414
209
267
383
329
286
-365
-31
-391
121
-632
-480
1
136
457
-243
-588
81
187
-105
-517
264
332
-539
248
-211
-299
201
-406
-206
-512
495
-439
-479
-224
-47
-581
116
-214
252
228
-60
5
-37
346
-226
251
315
380
1146
-161
336
-319
-94
-608
24
-793
-108
30
122
-106
-437
-1062
-207
34
155
-293
-107
-669
-225
-133
130
-64
46
465
-240
611
399
130
-408
-786
33
609
78
386
-18
25
521
-436
-219
-133
264
-281
-538
-355
6
-11
-732
-328
439
209
733
-575
-172
-231
-311
-670
-178
-474
-448
-494
-152
-227
-516
334
124
62
163
376
-720
310
80
670
-324
-624
626
3
-11
-249
27
479
428
616
101
865
315
12
-430
545
4
877
-86
555
-409
-516
-98
-94
47
-33
-593
246
108
-537
417
254
308
261
150
247
337
-616
223
214
438
829
418
240
120
349
-369
-259
-399
-265
-269
-293
-260
278
232
-338
-426
12
122
-109
616
310
-414
-469
347
-252
234
305
-322
-339
-77
87
-39
-51
-517
-802
230
347
-125
517
90
296
-32
-200
171
-246
-479
620
18
188
714
-122
-188
523
-238
-382
624
686
-35
-58
-262
151
-638
-235
-386
474
228
-78
-338
13
-637
415
-288
390
35
704
-61
684
-386
4
-130
372
141
-398
402
6
-651
718
-175
-67
125
-271
87
144
-52
359
520
-516
1
-274
-398
385
-684
-467
-431
290
-231
-39
-238
-375
-3
-520
-66
-101
-59
572
116
771
-255
112
-103
-188
336
-825
-84
-433
36
-227
186
-18
2
358
-504
166
-872
48
-869
-2
141
-43
204
-194
-98
483
922
-254
-208
-249
-88
-238
513
-685
-325
121
48
-1180
14
355
776
-6
-91
-645
-471
1
190
-323
17
317
-108
90
320
63
-48
530
-376
-795
511
-185
-637
-592
389
359
-153
19
-758
-247
-90
630
83
487
65
-198
78
390
-774
-311
897
-308
-178
-24
-253
-94
1132
-242
38
-263
-315
119
-460
-345
48
-264
-194
306
-902
74
-348
47
-125
636
-244
233
458
366
-270
529
409
759
248
636
-306
-538
568
508
-203
-9
-227
-13
-114
-114
-192
-169
-87
-672
14
-269
-390
324
-155
-248
130
153
344
-40
-445
105
-187
393
-233
-118
-788
-143
114
166
-606
-284
-52
-4
719
723
51
-269
108
279
715
278
38
-347
-568
692
728
220
254
-41
118
133
548
44
-142
90
-331
-545
-109
-459
-210
-775
-730
-488
368
91
-62
-69
520
35
646
398
-68
219
-387
604
-609
-13
-482
461
719
-421
-136
-231
214
623
-179
-833
92
-69
-546
307
-170
181
-742
-1023
-446
-312
-196
-122
-347
113
-32
251
549
166
-300
-696
650
23
90
300
-388
663
-101
-433
31
48
111
2
-63
-292
-357
-149
13
257
164
98
265
-277
-574
207
459
52
-385
-307
-220
-1198
397
445
-33
923
315
570
390
161
155
552
60
45
338
-54
87
-441
-5
290
-148
24
-4
-384
39
-781
608
-104
94
-184
71
36
-335
-177
296
290
37
-126
-110
17
-717
36
592
508
148
-281
-499
-426
-103
556
159
-426
-68
109
387
-561
403
-334
596
-70
-534
423
-262
-478
285
192
54
99
583
259
-93
204
-199
84
-218
-77
-96
580
-489
-35
286
60
-130
96
-682
-92
-628
-696
-97
-256
-17
-52
99
-321
-220
-429
-686
-809
732
701
55
884
106
-76
-98
-253
-80
36
-156
777
348
-200
67
-614
429
68
-253
-375
-205
-321
6
-312
585
173
-68
735
344
-589
409
-119
486
-263
577
-541
341
37
772
620
13
644
-295
29
338
151
-562
584
429
120
-321
250
450
-922
-90
176
87
37
612
-361
69
-535
-150
425
863
-244
-173
-29
-209
-501
168
-208
-172
-416
278
-154
-46
236
230
642
290
-630
407
120
-734
375
-248
153
243
-94
364
-360
307
-591
1035
190
-337
-388
259
-298
541
-942
-104
53
-817
-245
-459
-318
-812
576
-519
105
481
-272
-22
214
-220
-248
113
868
557
-28
-300
175
-208
-169
-1242
-32
-526
-132
334
-101
490
-188
42
-20
-347
-521
-180
-414
335
-20
394
137
-156
480
468
-837
489
154
-105
399
-341
-229
-410
-127
429
-39
-553
-398
-101
270
-14
-790
-281
-207
-68
102
-601
-918
-364
129
-397
127
154
506
-241
135
165
93
-867
-121
930
-575
204
264
-323
838
-452
-673
-313
349
-216
-475
429
96
126
-340
-251
-138
-32
128
-321
675
-128
-46
-56
114
-209
143
272
-232
-73
-466
-474
-545
12
767
183
-324
188
-529
-60
-183
380
151
-25
423
239
-389
30
329
-77
479
226
212
40
186
593
-105
-85
263
909
-469
186
-143
295
266
518
191
-346
530
90
-384
-83
-243
-174
-32
-207
-110
244
-364
121
866
780
336
-90
-399
461
360
398
766
26
-15
-443
-244
-43
-159
477
-69
277
-247
182
554
451
-293
-73
546
-141
-101
329
-123
486
246
-363
268
78
-804
671
-107
607
-339
-201
379
32
89
-515
115
-32
561
44
400
384
696
201
-156
933
-57
220
-377
125
541
-246
-482
-149
274
-205
61
-45
75
416
142
-94
-353
-258
-2
72
370
-228
-450
-115
352
69
428
758
-244
-644
-235
427
361
407
-357
619
257
-377
-394
179
-463
-307
-321
130
-410
-239
-567
-560
-246
277
709
282
-255
547
-591
-302
-292
-527
370
325
456
-395
-169
-111
229
27
-39
234
264
62
-277
469
-417
-148
-57
458
-118
171
-93
613
-1
-451
201
-485
-739
316
91
643
139
-545
-343
440
-243
542
-51
306
327
261
669
26
164
-124
-110
244
325
-241
-182
190
-167
708
-331
-673
45
615
-523
206
374
-256
465
475
-109
52
505
158
-155
-332
518
542
83
-559
770
-416
268
-569
215
523
793
383
424
-553
-262
-409
218
184
-52
52
-694
131
-116
522
722
99
-975
-469
-611
57
467
406
-26
294
-550
-30
-133
530
364
542
-49
-232
566
-79
-823
462
-204
-680
-81
112
407
123
405
259
-891
-197
-147
-405
-64
-109
-415
-562
-274
-115
204
-637
-439
-127
-494
241
-220
116
-92
-244
-425
-825
277
76
324
-157
-226
-457
-208
424
66
246
-47
-495
120
-719
-580
-56
162
-302
655
-761
8
209
375
54
506
479
-230
-408
1413
-180
392
-629
-464
-246
298
-65
-165
-389
69
16
-172
-269
179
-66
-439
651
117
-55
74
231
108
-203
397
-123
-691
-172
-601
286
-226
-402
-262
-630
100
91
467
-175
-149
150
153
195
-145
-227
233
-4
-156
135
-139
-245
395
-214
3
313
473
-223
-87
208
-720
200
140
-150
-133
747
189
375
206
-195
-255
127
326
127
157
-158
-19
-794
-141
121
-323
725
-368
-281
74
754
104
358
282
-113
-89
95
330
-410
-266
-647
486
66
525
40
-68
-231
-303
-256
4
-371
751
-44
-249
-481
-30
-18
-432
-910
9
60
687
-134
295
163
-133
81
-768
254
211
171
-183
-439
1
-308
-342
636
514
30
137
108
95
237
-470
93
96
-132
-65
47
-17
629
-453
-30
-388
-158
390
-304
336
-660
174
-176
775
-87
-18
236
259
194
-259
-273
-642
157
92
33
-786
590
-552
20
-414
82
195
-182
-217
-518
126
802
743
709
-570
-40
226
387
-120
-285
-262
180
430
559
529
-117
-63
-283
44
-146
573
-316
-560
-107
-550
-130
625
141
-827
-60
45
23
434
-53
49
-591
-51
911
-100
-63
-63
-30
-51
619
-111
355
567
-358
-224
-316
80
15
-554
58
-700
-437
415
-118
601
-413
-60
105
-559
272
651
1
83
442
-233
-192
-102
5
66
-237
-345
265
-773
317
437
-24
586
-323
283
-164
450
-69
219
-128
26
-383
18
266
427
318
130
174
-471
-397
65
-669
545
299
-262
479
522
283
-588
-32
-122
353
443
138
-415
1
-420
-123
-587
524
319
547
-498
-103
-486
-31
-79
256
-466
68
126
-454
236
568
-129
395
209
19
-93
120
-251
-248
172
-311
82
-149
434
-322
123
378
52
-15
-190
473
189
-28
426
223
-351
-370
-797
3
-1018
2
58
-224
34
136
237
-710
303
224
-419
-164
560
278
84
344
323
457
-79
-215
-131
606
-13
-69
175
50
-488
-449
-262
453
14
479
1
440
-691
533
15
-197
-386
461
-240
83
-256
-727
49
2
-25
-667
-217
44
-463
-348
385
-217
566
-196
-522
-99
-507
423
311
-244
96
538
-801
-665
-214
-475
-106
-617
-847
-586
-561
-178
412
512
199
581
280
300
431
-677
666
389
194
431
-118
-407
432
-278
-201
-507
45
30
133
-486
-141
-369
-108
-791
-207
-190
656
-142
513
41
-829
-9
-910
-415
159
20
117
-19
87
578
-39
-708
-45
205
86
486
-139
201
569
-545
-57
-325
387
-296
323
141
-243
-534
-333
29
-492
242
85
24
710
-139
-328
-58
-499
100
402
-372
46
-10
180
131
-161
-622
-67
-88
67
-264
352
142
878
-608
-720
-382
612
156
-354
-555
346
-250
-69
-208
-153
316
540
-90
-100
-147
-312
226
-58
-565
-63
-695
291
252
-785
148
138
-440
468
98
427
-144
343
491
45
411
10
-520
-408
248
315
-592
-245
286
14
732
772
-210
697
-66
614
351
-205
254
-485
-271
-406
195
-621
226
-504
-22
335
-220
201
442
362
72
-321
-953
93
-757
228
-174
-18
122
-290
-52
682
207
-106
-448
-407
-812
111
223
306
-854
-28
396
-200
-202
281
-61
-4
218
693
-194
359
-102
-555
48
341
24
-274
223
348
186
214
-344
-23
-25
-180
478
-754
-120
100
68
-616
-16
40
393
589
85
-186
465
197
-299
-433
-310
-251
565
262
-1
-99
-287
419
-476
-510
-600
-374
552
176
-1285
224
-163
-814
147
188
348
-43
-248
-51
-570
137
-144
329
209
-77
157
-57
414
190
-90
-286
90
-77
363
524
-43
163
-63
-48
-178
190
-442
-531
577
-482
59
-168
-317
-163
-144
45
-260
455
-372
-434
-425
-481
-266
402
133
-57
-32
-345
-249
-526
210
-170
-26
60
543
-131
274
416
434
-182
578
-835
648
205
365
215
361
-427
43
-320
-70
397
582
303
-67
-1430
130
421
387
239
-318
-664
-218
-465
159
252
93
419
648
358
-253
497
-511
-259
111
481
216
189
-1034
173
445
-230
-85
461
80
147
42
-151
-96
140
41
5
641
218
49
-195
-199
-86
-357
-348
-265
428
570
610
-6
74
-16
-323
42
131
298
365
326
-356
752
-53
-138
113
-647
-336
457
343
-199
-153
247
817
322
45
-257
-600
362
345
-206
155
-540
-169
128
-475
773
92
-204
1524
461
-205
-71
-421
334
107
105
292
-305
-198
215
-419
109
219
94
-500
22
326
-338
48
-216
408
-316
-473
704
220
-366
619
210
-279
164
-38
59
-324
-239
290
72
371
9
-1144
-208
50
262
538
64
-17
134
-343
-985
-118
114
994
137
-269
856
-205
-39
760
-257
-307
-254
925
-622
60
-343
351
23
-237
295
-146
323
-160
128
-178
-353
165
237
-131
-490
-783
321
-490
-638
109
383
125
-591
-398
-54
215
-32
26
57
241
732
-203
-49
-64
415
157
122
385
-134
-649
1061
-84
17
278
212
-68
-544
-95
-294
445
-31
14
-336
471
361
494
-257
14
317
53
-106
356
-215
-266
273
679
-334
-319
31
-467
-912
394
228
-444
-536
332
417
64
882
-20
-51
-510
163
275
-261
-725
-265
627
561
-395
-106
187
334
-429
2
777
944
-381
60
46
-309
-128
-417
-57
227
343
394
-85
-621
754
417
139
200
-235
180
-236
-462
104
44
487
382
449
292
-141
680
-552
-208
-211
38
30
635
-62
579
-444
108
807
342
205
154
403
64
671
253
-823
-180
-531
434
-247
547
-39
121
-361
314
-161
-19
161
-207
-223
-196
164
-248
-33
-230
183
201
-255
460
-200
642
-503
-373
-206
349
-203
-37
81
-374
-125
412
-453
-305
-387
-434
-275
5
911
-101
622
44
69
261
366
220
-511
-119
131
-838
-282
-103
30
-515
583
-410
-500
217
271
166
210
-30
310
969
-121
-66
-490
-184
236
349
386
470
50
-18
336
-98
-29
-630
158
-601
87
-120
-157
257
17
-92
954
105
623
13
-66
520
497
200
-533
343
69
626
364
-300
-112
-80
82
977
310
-797
23
44
-23
356
494
-560
161
19
-334
63
-485
657
207
-151
108
603
79
-287
797
104
200
18
-39
-413
171
66
-269
141
-192
-140
598
388
-465
571
18
730
1112
-1206
299
-584
78
40
-258
60
75
74
-14
51
-56
-81
234
-213
-553
-133
316
597
643
549
22
-400
-91
36
-713
-536
-313
335
-705
-145
-58
-505
-227
-617
76
787
-177
-77
464
-119
342
473
-680
-243
-247
-296
445
54
-991
-347
83
-140
208
90
437
560
57
653
555
-55
-377
530
590
3
-131
535
-308
425
-577
939
-50
-542
-776
-529
-828
-286
923
256
-867
-90
-127
261
153
-142
210
-589
-316
-139
624
524
282
-55
-499
-473
-57
33
-714
391
-827
-425
380
-560
542
-50
-350
11
90
-163
-229
-191
-603
-314
215
86
198
-608
-16
354
-107
-85
-541
-634
-19
-318
-353
143
455
-1191
284
417
69
-40
165
-180
-495
-675
-90
-1055
-410
146
735
545
-86
-75
57
575
-237
-449
220
140
-495
477
128
-403
171
368
-602
697
212
-795
-117
352
-221
564
-114
506
-436
-668
653
-421
-131
-215
-249
-208
49
40
638
-590
45
379
-672
-3
-271
157
659
124
417
62
23
381
-343
-256
-407
202
-243
20
127
227
383
-402
390
-101
-235
-255
684
-407
314
133
-267
-61
402
-830
180
-467
-251
-128
22
523
-79
-250
-192
-808
245
-126
-432
629
151
-190
302
425
-484
-257
-678
-398
353
-278
-432
-403
-597
307
-355
511
244
257
318
813
847
-128
168
-134
-39
-20
-371
201
177
119
253
15
-364
-253
169
-431
-68
65
81
-707
245
49
-60
-458
-358
38
-13
392
-555
33
334
-64
-98
386
-221
-216
-107
723
-141
511
-51
-194
79
-488
-428
316
-286
431
230
444
-185
-162
642
196
276
-266
136
63
-161
157
196
497
-324
-96
-701
187
-276
-1096
626
115
-112
21
-307
243
-112
-60
-102
-429
294
-862
554
214
-430
253
-199
38
-60
-270
207
-73
-451
367
442
-57
-148
-165
496
-61
599
65
426
-166
-27
-554
-624
-1074
221
491
326
199
-184
-72
111
114
222
-184
105
118
360
834
-503
-133
445
169
-451
-13
260
-236
162
-359
104
-98
-116
-609
255
-454
253
-404
43
393
372
-133
295
-29
-305
-237
480
282
274
604
57
646
126
173
410
-339
100
-223
544
307
338
-136
225
-231
371
339
297
-94
-297
415
99
228
385
532
420
512
-461
337
-211
-359
-388
-495
401
235
-413
-233
77
-174
-242
-296
-284
83
-497
-259
-1020
149
-439
181
-125
-79
192
-103
-106
14
-608
641
-149
-284
165
264
271
-391
-157
-15
356
278
156
41
-318
-104
-136
221
-71
-267
-305
235
-720
473
273
-380
235
-122
-212
270
-315
-788
-777
773
-413
78
173
245
-189
-50
-321
-453
527
95
248
372
-763
-463
61
-220
398
187
394
-648
264
98
-180
-363
-124
-250
520
-207
-448
12
71
489
619
-217
-195
-205
162
-771
-193
748
588
585
-41
197
574
-530
363
134
46
-510
-55
158
-459
524
-650
254
-254
224
254
-496
364
-401
170
653
270
94
-426
-74
24
483
101
154
-473
684
35
412
-638
11
-117
-553
-314
-720
856
-402
-1097
192
-526
272
79
146
296
-437
-165
434
435
127
-373
-23
331
-198
-294
-55
101
426
-193
28
-418
-74
255
92
447
444
-406
169
-459
298
-632
-378
652
107
-512
417
221
-11
831
229
322
876
-244
-230
-150
77
-261
-770
283
-176
-587
130
-51
143
-633
311
-70
-653
-545
-124
243
-916
698
-261
-466
69
-191
66
-339
338
611
-709
557
45
-287
216
-345
-123
25
190
607
-514
290
169
61
-525
-619
-2
-27
274
696
31
-9
66
-15
-356
-117
-340
-504
-229
-586
-37
633
221
349
-615
-533
723
104
-417
340
-395
317
995
-143
414
-851
20
59
3
540
-269
-745
741
201
184
92
233
468
27
-559
-99
980
-421
44
-343
18
134
-1094
556
301
-51
-313
-256
-409
407
208
-389
-229
-243
7
-184
130
-593
220
535
339
-140
-440
64
-634
-236
230
142
26
-248
-99
-900
-183
226
85
-218
1416
369
119
561
-26
-548
465
341
557
-296
-97
250
-202
-264
-487
191
-46
-475
-495
187
-331
-255
-82
197
-522
-434
145
-79
581
888
91
362
-824
-394
360
-46
454
662
-244
-361
33
-118
-271
-195
-93
-102
-117
-225
243
381
26
46
-41
70
195
-314
126
-124
576
-23
352
235
-73
-979
-7
-308
126
143
161
-643
214
123
-963
-552
84
284
-139
-31
97
-429
-9
58
107
42
168
136
16
732
217
83
-125
104
-275
436
-392
-812
-699
250
461
-205
186
-156
-90
33
-300
-190
194
446
-920
472
-385
98
589
-300
470
40
16
81
-136
-875
-106
404
-744
522
-373
56
198
169
229
571
870
-359
-234
726
590
96
-18
936
303
116
-46
-116
-61
-45
-423
-216
-99
-327
-226
1088
-802
415
91
-179
268
-525
472
347
109
-327
-476
-516
620
-236
-40
208
-818
95
-746
-840
51
254
203
-275
-486
-153
-134
-58
173
-366
297
-766
-190
729
78
-14
-136
-213
553
-599
10
-313
168
166
46
-508
58
17
53
-669
-181
-174
-62
-173
-253
232
-302
364
364
-36
-747
-137
334
-46
-889
-236
403
205
-318
578
21
418
285
-666
-940
-232
303
29
-16
181
179
-18
190
368
-177
-321
-341
-461
22
-102
-22
-207
445
185
-283
307
-209
186
414
77
-209
-235
635
-31
407
1332
-362
42
-31
4
-664
-319
26
-115
301
-573
119
494
267
990
300
54
-412
224
-14
-77
-349
-329
38
-375
425
-121
-11
-473
-938
221
-18
-63
611
7
-415
236
827
395
189
387
26
-5
-545
65
-646
47
-279
495
851
350
428
-261
334
353
68
293
-341
360
45
877
-676
-358
-14
330
522
-43
310
521
-470
127
-269
-123
490
79
-56
237
-96
467
-556
288
-224
340
-186
200
231
-34
-373
-851
581
178
263
46
495
328
-28
-114
308
-177
-303
-84
-44
-279
-7
118
583
36
-606
-241
-41
-613
-468
879
329
-259
55
-133
-346
-386
32
-205
-101
332
-157
-447
423
885
234
-31
-358
181
678
90
-364
-165
259
-26
-774
-567
-101
443
403
-304
-385
52
-35
-92
137
-516
651
-522
119
-128
-594
189
-269
-204
59
-361
-1116
-509
-277
452
66
263
276
-82
-374
283
353
184
140
441
-731
146
635
-117
304
-235
-196
99
41
843
-378
-215
-195
305
259
273
61
947
298
-49
257
185
-404
-154
147
499
-400
-127
-426
-422
127
309
-445
-441
-559
-206
-261
115
-323
-316
-525
-266
-138
42
33
-346
-243
283
105
129
-454
298
544
-101
-321
-425
449
-406
-281
-398
267
213
-172
-353
161
828
207
-188
1082
797
-116
428
-302
612
-267
129
104
108
10
23
172
-63
141
-28
-13
122
123
227
-51
-360
-515
194
-490
241
-211
-102
550
219
-191
-369
-65
-309
-250
-193
280
147
-4
176
32
658
-324
264
583
706
-636
-349
-667
159
-36
121
127
-814
224
-305
944
894
-275
22
425
167
12
-274
-309
-301
721
331
-846
353
496
-396
265
159
-370
-688
-522
802
-19
-225
-588
64
378
11
683
337
-32
-313
572
-236
-159
268
-377
-58
78
-22
106
528
-54
-727
142
798
-197
-32
-563
-102
46
-725
125
-150
177
1
488
-911
-481
-331
256
50
976
-462
202
-342
-339
-507
684
-119
271
-187
292
-1293
-398
177
124
48
-35
300
-254
-73
-40
273
-25
223
-353
-592
-494
196
120
-140
-19
-49
146
646
305
191
-183
-247
205
151
520
-585
-13
-614
665
-281
58
183
496
-535
-280
570
852
-644
882
782
332
-131
-107
204
764
-140
35
321
15
-261
-458
-457
-100
-620
-685
71
460
-598
566
321
693
132
-425
507
-67
470
-660
-220
137
130
-216
-40
130
331
531
-357
-551
187
9
550
-381
473
-477
-182
-212
-380
-135
-32
84
-251
-339
-147
-208
-199
387
35
117
-36
-442
793
74
-15
103
-81
-3
-283
136
86
-16
-342
-769
152
234
-310
297
198
-310
-261
153
275
420
-789
-110
200
-143
-109
-106
1040
-261
723
327
-557
-57
673
-222
-383
114
14
-7
286
-42
116
-251
334
174
-507
381
297
-694
703
-271
469
-296
-872
329
624
-149
-150
636
-751
-195
28
621
311
-284
42
38
-18
-5
-378
-410
890
-260
221
-668
758
657
395
-420
161
-77
-375
89
-722
430
-394
-210
340
-251
-251
-269
268
318
119
-290
73
-89
409
-105
-66
143
155
-403
64
582
75
-48
-161
-223
655
85
-510
-267
-714
400
-756
537
38
-282
147
97
802
-166
560
542
8
207
355
-612
61
109
-168
68
-468
584
289
-471
109
-453
94
-612
-334
85
398
268
437
249
-332
-264
-352
-1097
-377
152
603
561
-191
263
-214
-18
-181
695
305
409
-225
-533
-278
358
-761
156
301
-45
460
1202
749
234
-934
123
440
51
-179
-264
-289
-56
-517
502
-550
-400
-3
394
218
226
-115
-464
240
-286
292
171
-641
-518
113
-2
-53
735
255
-512
271
778
810
451
-724
117
355
253
364
-97
122
14
299
352
251
-118
170
115
-234
-6
-378
367
-158
-268
-470
531
52
791
270
-355
-333
-414
-975
-606
-294
193
48
359
-246
-51
652
482
-311
202
-92
-79
-41
314
140
331
171
719
1021
291
334
239
713
235
183
258
424
693
-295
-298
52
-203
-302
725
473
265
-320
216
-678
1078
235
-219
-382
182
-84
103
607
-771
-213
-459
-625
-119
75
206
-234
1156
-184
112
-387
268
298
402
-8
374
-759
-308
31
-636
-70
-225
535
-127
-457
932
276
362
885
-594
-467
-406
-515
-23
-221
-836
37
-296
135
222
1103
115
-420
151
60
752
100
388
80
-351
183
15
50
110
474
-972
-887
689
-493
-517
-351
407
-243
-371
447
539
-132
-271
-287
-189
439
-505
384
-680
-597
222
-214
90
-135
-57
342
-89
-185
-3
-419
436
-420
-255
-439
-249
404
839
151
-219
-470
110
-217
509
-115
-246
-416
-243
436
-52
307
276
-236
-20
445
268
217
-75
921
262
-963
66
150
173
-450
-148
269
112
261
93
194
-125
110
333
-350
-650
-679
444
-621
-197
-365
37
-472
-881
6
-120
233
776
-221
296
27
-238
-389
50
-25
749
982
212
610
897
-280
-191
-113
118
777
-292
-491
303
-68
5
498
329
264
62
-564
357
134
-279
-11
137
-237
-43
-340
-404
-108
-230
207
241
284
-599
159
-161
-439
301
357
198
84
453
-433
-24
-450
255
-83
424
585
-164
-455
-249
170
319
-410
183
-615
722
711
418
956
1091
-219
64
162
-572
-437
-576
-973
54
-155
-820
478
19
-345
-404
202
546
4
858
-73
747
-329
65
-205
5
139
21
-54
-423
-494
679
576
1242
-213
-791
11
-135
159
775
62
425
-582
-228
-65
-81
-29
-366
-934
-610
49
108
382
-431
69
34
111
-607
424
66
403
1248
-485
369
25
374
501
6
-397
6
-1007
-384
7
-289
104
453
548
348
616
-91
-35
-46
-457
-242
-136
116
-87
383
137
757
-129
65
56
232
85
-600
164
-243
349
393
-105
49
357
-216
137
-303
-390
19
-783
281
-17
37
-46
-269
272
469
411
508
-474
-328
-574
-366
-332
-2
-401
-731
884
642
251
441
-622
181
543
12
705
56
-75
-199
-10
-270
53
461
549
-719
-428
956
95
376
-605
599
-702
-342
-309
-187
1034
496
-225
-251
488
-335
12
-106
-290
-62
623
157
864
-152
-191
489
288
-67
108
192
-994
401
205
325
-270
631
-804
-112
139
42
365
-737
304
-243
-119
362
317
-90
182
-295
-371
-67
475
69
534
-454
-80
-1013
223
-81
860
37
621
-189
331
-82
49
-423
98
-26
-488
95
-533
-171
-304
373
-578
491
2
870
346
467
-184
143
287
36
-95
787
-7
-43
-45
448
-285
-389
-137
291
183
-1141
-123
47
471
38
-118
-953
229
169
561
-302
-342
-736
17
-25
-85
44
-130
166
158
24
-715
176
230
-166
-561
-22
-90
646
165
-101
-79
-368
1195
-121
-599
-913
-38
502
-144
-271
-8
-106
-536
-159
374
-280
277
232
537
-712
-634
-139
1057
18
-746
-379
-119
-210
220
-335
-156
35
-327
-390
189
96
242
446
-448
342
-176
335
290
152
566
244
-282
-124
220
338
-1075
-510
7
1
-80
174
790
723
-307
709
585
-557
343
303
-214
-40
-658
216
-245
-213
-143
276
267
-113
359
-599
254
186
-426
-254
243
-570
189
-90
105
243
25
-268
179
387
-131
95
467
-274
-390
-199
927
300
725
-34
-324
-541
883
116
507
310
-865
-356
-237
161
469
288
-192
86
35
309
125
-170
516
-90
47
212
-116
467
-127
110
-306
145
-370
598
136
-213
-87
-675
-210
-388
244
323
6
642
35
285
-176
-13
99
-149
-25
1022
-483
126
282
618
214
-742
-172
294
-46
272
-289
-107
-224
215
62
608
-91
-147
-10
452
-380
123
-377
-355
-219
-275
-501
-859
682
-583
-87
-238
442
-834
319
-78
295
-523
-457
296
608
-175
602
-21
4
276
-15
586
-71
534
-139
-456
-26
-398
852
172
304
-32
423
747
-463
49
-198
-371
-190
335
723
-515
496
-228
6
-277
-614
-147
-110
201
-559
368
330
241
241
224
-47
-67
-534
598
76
-607
-287
-52
-314
-24
-201
-721
542
-285
-700
68
-519
374
263
300
331
-8
-91
61
520
-204
-299
183
-434
277
-257
290
-574
52
-208
-90
279
-31
634
-384
288
148
270
70
222
569
-567
353
-4
-318
-118
-545
-332
760
-351
-51
-580
154
219
28
-40
-242
-138
-251
587
335
-147
12
-801
-654
-560
-930
-771
-57
353
-61
-62
164
-81
380
391
172
-29
-38
479
-50
27
-91
-138
248
-82
410
-477
-629
-366
-180
-206
578
670
284
-66
-182
-411
-189
216
-190
-109
-201
115
622
97
-733
-331
85
347
-928
26
23
-580
6
-66
-137
231
-68
254
-770
-540
-101
446
-214
574
-218
-596
-266
280
-607
32
68
-672
-453
420
-591
-330
-203
-12
778
-218
331
-326
129
46
82
-393
321
-726
487
53
27
-335
-218
34
-356
625
-710
-111
876
295
8
-15
-24
471
-674
-454
368
14
-436
-78
-77
12
-208
-329
18
-303
602
-625
-227
553
152
-137
1148
346
865
-542
-448
211
-156
363
-147
-279
296
267
-2
-47
-118
413
-20
551
217
-148
-401
237
1015
366
516
162
409
226
-113
-13
170
452
-306
733
520
0
-239
-126
-32
378
-118
138
-210
-360
-322
277
462
-303
-492
254
49
252
81
-249
180
160
-87
-7
121
-252
57
-5
-381
-81
330
-260
-425
-18
-353
455
-442
314
-496
-204
-344
-276
-49
13
544
65
67
-213
-275
127
-392
-367
-94
-615
-387
-361
-438
361
15
492
186
-216
417
-107
-111
598
15
834
318
124
-675
960
133
-155
20
-503
-211
648
-557
467
-469
231
-107
236
161
284
182
57
220
-126
-319
-508
-469
-490
-120
49
52
581
216
40
-492
-218
151
-540
327
-144
-467
-186
290
333
201
-265
-27
-394
-216
677
285
137
-22
-1111
25
31
373
-576
-230
193
-163
151
-464
636
850
565
-333
185
256
149
729
-519
309
-20
-85
-340
499
322
645
-461
62
70
160
177
-114
369
256
-437
-562
-397
-393
-55
-102
-298
28
469
-89
310
-135
-181
19
-803
668
392
-484
-657
345
285
-301
-473
468
69
185
468
-277
568
-28
6
101
754
667
297
650
-464
-478
48
180
-98
305
529
-252
-472
411
265
485
-395
164
73
-272
820
-132
718
250
-1242
-629
502
-178
-190
200
272
291
599
-848
-402
-388
813
511
-224
755
465
-66
1160
199
-185
-44
-652
640
220
525
128
242
168
296
-108
-195
36
195
-9
164
-365
406
-742
-544
-421
-748
471
308
-11
-409
576
-360
-6
-548
-251
-662
252
61
-35
-486
-124
-125
591
-690
-509
-23
-997
88
-21
418
-94
396
127
633
-201
-31
-536
677
-80
29
-136
-193
392
-480
644
-431
291
-202
213
102
-338
-478
795
-309
-226
405
379
-336
311
-33
117
-389
-287
-127
275
-142
298
-32
341
-892
-305
274
-259
-156
-395
-60
-713
-532
-72
-226
-492
210
196
205
267
584
-72
430
-3
-316
-38
182
241
-563
-171
-101
82
34
440
531
182
895
-528
-119
427
494
414
256
226
337
-413
-280
-230
-611
-236
494
539
1
428
-807
-231
-716
-116
443
-544
73
10
-385
-495
-77
497
412
-441
-779
-86
-172
445
-4
195
123
198
-422
-341
168
116
-562
-350
-279
-107
272
-178
-87
-702
37
618
-38
74
-214
248
120
-327
144
206
782
-622
-365
-104
-217
319
279
763
-90
-19
-271
-154
-794
-289
660
187
282
761
-21
-558
-169
451
248
187
-456
-685
90
58
98
326
-219
-580
-300
-361
-306
-232
254
34
-242
379
548
-498
-280
-219
9
384
-194
-179
504
405
-435
-354
35
795
-171
-556
192
156
85
84
169
357
-335
34
339
-19
63
-113
209
-60
-60
-93
295
183
-180
-288
357
812
-119
-53
-368
-89
-154
-481
79
315
-390
244
345
260
463
378
-97
-240
99
170
-120
275
39
-249
-505
515
-732
-534
278
-338
-575
-106
424
76
-234
95
-157
-260
-188
139
-298
-448
-555
-163
-180
398
-911
810
-487
332
578
297
89
253
186
-72
-261
-548
-14
588
453
395
-238
67
-519
193
189
-573
206
-350
237
284
-241
-307
504
-26
329
-166
11
828
440
-129
20
-431
-157
233
-381
-303
-158
181
-422
-397
255
293
55
-572
372
-153
-637
-304
-437
232
-215
136
83
22
-255
-403
16
274
339
452
191
123
-433
74
335
727
-209
-69
171
300
-564
-97
398
304
-400
-506
-267
-167
714
119
-504
-132
-168
-97
-290
-594
113
-214
212
-145
-955
16
157
-306
266
-499
-459
-98
-22
-39
-1083
-86
-15
-300
-120
-178
-657
606
475
-450
-466
75
-259
288
102
-96
108
382
-270
31
229
277
43
-267
-75
-322
-92
-208
-556
-136
-150
360
175
679
163
8
26
141
-33
-91
371
-480
-146
-67
-551
339
-118
536
-417
195
3
-62
200
274
368
905
-89
-433
-835
-678
19
771
737
-8
-368
-165
-706
-285
160
229
-402
-262
-148
-321
148
-116
-703
-130
44
613
597
-271
-219
447
-562
258
47
-202
-296
466
479
404
-157
178
-153
-65
420
677
425
67
-11
-435
-416
-416
-341
-35
322
50
-497
-217
-12
512
129
564
-38
626
832
-194
275
-357
93
594
-35
210
1262
-987
472
-535
-1005
-451
-139
41
31
-113
-328
472
47
737
429
-297
-99
935
397
-956
-397
-80
493
-76
779
237
421
133
-373
578
37
-28
460
40
659
-139
-46
-236
-148
-132
266
267
240
436
377
-112
641
-874
400
317
-408
127
-48
-193
31
-29
469
-157
-54
326
-486
209
-2
31
114
-387
132
450
-89
177
-653
-199
495
68
-338
-202
1
-726
110
-445
301
-727
219
-357
398
-302
587
275
-190
376
-404
557
740
-154
-461
-121
-410
568
844
255
226
-100
-84
137
-231
449
-146
-72
-495
-283
49
235
10
-103
-138
-174
274
-494
148
561
300
253
-442
-292
-174
-228
324
-641
-550
-335
344
-212
-291
648
214
-391
-421
132
-922
605
584
40
-622
161
-262
-209
908
-194
252
495
432
-203
-227
461
117
-335
357
97
691
79
769
-21
49
236
-438
-606
533
-58
295
-330
1094
-452
424
-459
103
446
-316
-134
406
-99
-567
-185
-231
153
-383
-331
65
68
231
943
472
-305
-184
-124
45
-38
-324
118
15
293
55
-139
826
70
-332
-381
196
-262
300
-217
-345
248
-702
-139
-171
-304
291
-56
-248
252
152
648
-470
430
327
-249
243
211
-237
-112
-2
233
142
812
410
723
197
-744
-811
181
17
528
93
529
56
676
-528
532
242
-104
-399
-133
-568
322
213
661
299
-255
-560
-408
225
-322
238
201
343
118
371
-210
290
-170
137
91
95
-421
-87
-301
-110
-41
-199
725
-200
-340
459
125
-136
361
140
-289
412
-422
74
-642
-89
15
-336
599
13
-6
472
-93
136
571
263
-444
171
683
-886
-377
362
-301
317
308
-476
-548
-166
583
-218
194
451
-95
170
1075
455
603
482
-12
153
40
397
-84
7
359
593
177
-696
-343
-54
-96
340
-265
-273
52
294
662
-167
-271
182
456
532
107
-453
-451
-387
-305
-277
-274
-14
-789
537
-1225
-262
23
-161
6
-305
-612
365
338
-265
-217
335
-53
-679
394
-97
10
-233
263
108
75
305
113
634
373
685
-220
-245
408
985
412
452
-320
-641
-471
674
-649
-258
-602
621
-535
-497
-520
-218
160
352
564
163
401
-241
-50
630
140
-164
-18
-111
584
-93
-42
430
650
296
607
231
-227
-267
461
101
-349
304
-686
540
560
-42
16
403
233
497
-245
553
-420
-427
90
66
-114
200
122
307
-363
35
-37
-212
484
94
94
768
-104
225
-83
280
-257
-102
-47
668
190
-392
46
891
2
-63
-185
55
-195
-488
-29
-81
245
842
53
-89
-639
-599
233
309
438
-8
80
74
-124
-471
-1533
138
410
-572
144
-4
181
218
94
-556
84
-34
-311
176
-291
-6
-345
-48
-339
-255
405
-325
690
221
-290
-460
-448
-273
-730
-418
5
-374
181
863
184
-119
-104
440
-781
-304
377
-317
-509
593
413
519
-27
273
-419
-286
157
557
-203
912
-203
-15
501
346
164
583
-463
698
0
150
-136
-401
-323
-48
53
285
149
24
-146
652
-70
-200
-270
55
545
-19
-658
-182
-31
-528
462
429
-281
-84
-30
-149
284
131
-1058
-141
180
131
177
-69
-124
-93
-493
-332
253
1016
501
175
22
352
140
635
251
282
34
-213
-86
203
109
740
-193
247
235
-713
-334
-903
-577
38
125
-700
-378
-294
-544
-241
556
-448
364
-247
-388
-42
-247
326
-65
66
-190
-117
660
396
-212
-319
73
126
-492
-475
-852
-189
-99
-196
-188
-123
-182
-12
-123
275
488
-424
356
-336
38
-176
20
-679
246
305
-194
-518
-200
-735
-112
400
-321
550
167
316
-123
140
-335
786
-104
-518
252
471
183
-572
-522
397
330
67
-37
221
22
84
-81
-529
499
450
445
-68
-475
-246
-216
-847
4
59
172
713
-129
28
77
-91
-82
151
-312
-597
775
82
-110
-88
-79
-141
-164
-710
-73
-254
-248
-531
-301
-29
308
-190
-505
190
-382
-242
314
-252
-286
139
-858
-456
104
-307
-516
372
-702
127
-129
203
-35
-266
-447
39
-449
-134
-85
363
400
-53
-276
-598
27
513
99
-351
393
-343
-3
58
589
-121
-226
-942
-990
-34
149
-137
35
292
313
-224
-46
605
229
217
520
-295
-378
35
-393
692
-931
212
-324
-651
-327
-341
680
-351
-153
705
-32
-120
677
986
479
-48
-810
466
-134
617
203
581
-278
-372
-532
861
-397
-725
157
363
-40
-547
-226
191
104
494
495
1
-392
0
395
24
637
94
-144
-618
-166
-1049
-27
-816
663
194
-362
2
-231
-566
-79
-344
-95
537
-335
-39
293
134
-41
578
763
-624
145
-212
80
-479
85
65
-207
497
292
371
678
-700
-636
308
752
-60
5
-713
292
911
-792
53
-216
52
-64
-177
-245
375
85
-42
158
145
-667
-105
-24
782
294
-408
-328
-309
175
201
-402
336
-198
509
-79
78
-342
466
882
-644
-584
-271
-183
-122
-127
199
-62
-438
-511
-156
-197
281
-550
93
-333
421
-662
424
-29
264
-92
-576
320
-131
-253
509
375
18
-299
-87
-227
271
-908
-301
368
-79
154
-179
499
-193
747
-659
341
-417
-1161
977
672
-32
492
-280
-1027
323
-442
96
110
498
-283
350
695
157
712
55
-155
-186
-26
3
-35
157
-37
494
376
-479
455
-266
703
386
-382
169
-660
53
-130
-821
353
404
709
72
32
-20
262
-258
-120
360
-598
60
-406
-196
257
-161
-316
147
-229
-622
85
67
-23
-459
-97
-97
-544
-794
9
40
1057
764
657
6
139
-377
34
-354
616
-243
251
-87
-638
231
422
-206
-373
-317
106
-241
-547
-84
-78
21
-5
136
289
313
-301
332
-126
-35
-164
-311
23
-362
-118
-92
-485
259
380
66
225
252
550
-144
808
-512
-632
496
252
274
791
45
404
-64
-493
-150
691
436
-377
673
-1094
288
580
314
-370
-387
-218
34
-693
224
856
248
-808
61
-374
-68
265
551
384
573
163
-265
158
54
102
473
295
515
-504
716
-510
-187
-180
177
-306
-564
-83
-873
-212
368
-440
-643
101
-254
-363
221
166
135
-239
-19
12
-58
230
94
1345
-140
327
262
-662
-7
225
-864
249
69
-302
-269
130
-464
-132
-507
147
468
585
-337
751
573
189
155
338
420
81
752
224
690
20
213
545
429
-941
164
-389
-420
164
-448
-1034
744
252
361
-445
-247
-201
695
-203
786
175
361
486
-41
833
-182
-826
307
311
-88
-309
468
116
-736
-19
-115
11
-263
407
494
-765
230
-3
-256
-374
626
161
159
720
669
40
170
827
36
-54
214
7
-981
-21
-1107
-565
-22
52
202
668
594
-190
451
254
-1049
-124
384
37
-86
-259
-139
272
-4
158
256
-61
71
857
-276
232
462
-77
423
486
338
-166
27
99
897
-2
33
321
-93
-446
-125
-678
298
200
148
265
920
120
282
-10
165
183
757
-25
-173
-66
172
-501
277
-124
203
285
502
-124
-326
-532
-87
-340
-559
372
19
-243
-375
-540
466
461
-129
-57
62
-123
-265
-750
118
431
1183
217
853
183
-639
-709
74
364
-12
100
-130
576
471
354
-8
-730
-106
-247
188
522
453
-153
-255
766
-222
405
395
176
756
262
1052
249
-90
485
-1376
47
-246
702
10
-226
907
-376
266
-320
520
-283
356
913
-451
20
465
422
345
-244
371
-13
150
-431
-660
-352
199
-964
-321
224
-300
245
-113
-134
211
215
-801
261
-11
270
139
457
-477
16
527
370
942
-646
-247
270
-10
339
-265
562
-256
53
120
-731
988
171
58
-201
355
-12
-341
420
210
-931
-252
919
484
-244
611
323
-9
-29
210
92
-201
364
68
419
64
-84
-291
433
-140
-95
750
49
-504
761
-216
-193
-69
294
68
-33
-327
-208
-292
403
-295
72
-5
306
-122
-312
-773
557
734
489
-638
-653
-264
-215
242
524
-61
-653
1
65
359
119
-174
-58
116
-287
100
-79
-478
120
-248
-398
391
708
-834
-707
-253
-26
86
-244
304
405
-1248
450
225
298
-920
-401
-278
-10
-39
-494
473
329
149
678
95
353
-349
-491
423
-495
154
622
-113
-210
-223
-671
78
1313
476
572
-201
-83
-500
563
-36
221
-376
397
64
645
156
-54
523
-503
-252
-780
-616
-409
-789
748
638
162
88
421
-504
-509
641
-237
-243
-615
773
345
304
-121
234
286
-686
252
-453
-565
367
387
311
64
-505
239
-51
95
539
-538
-832
-518
71
14
182
-194
-180
-593
-317
-726
-585
76
61
529
-328
-380
-49
-329
-622
-381
-133
-83
-692
-20
-413
533
300
-321
-326
164
-131
-1
-330
132
-311
-546
-337
251
-283
159
-34
-132
167
-315
404
-180
646
-228
18
622
-1053
-495
95
654
-326
31
180
-751
-337
170
-22
421
-938
-292
-185
-8
52
-282
503
27
445
-223
-704
1068
-456
-123
90
-182
-730
334
347
210
48
14
460
-813
-284
193
151
210
-185
302
212
358
683
838
-5
-426
24
-225
-234
32
-336
-532
-83
-438
26
77
-128
146
-147
165
19
-127
-104
86
147
140
562
-761
-211
-202
565
-1087
-117
192
303
223
185
-585
22
646
478
679
-97
264
325
-360
-140
-444
-489
-566
101
93
-169
158
-163
872
164
421
245
361
-124
-183
471
-433
-230
-241
326
-82
-423
11
-266
325
-195
954
682
-331
148
-17
41
-198
164
581
-811
42
436
86
-142
-389
120
323
423
-265
-314
150
337
-123
25
578
-263
209
-527
380
-190
101
-42
-577
-379
134
-51
72
250
-883
-494
418
-248
-1115
202
-481
-291
-226
434
-266
14
711
-83
125
190
-472
108
-80
-1050
-338
-670
-634
-218
-151
-86
153
443
45
-453
-442
218
228
301
204
758
274
-933
71
46
-247
303
-353
120
22
149
-236
-38
298
475
574
52
118
-287
497
480
626
-224
-282
-80
-330
-31
-257
796
258
190
352
-18
-114
69
366
241
382
-9
410
527
-418
-78
-160
-406
-633
214
-336
1
394
-713
-776
465
-104
350
-404
-77
-295
-9
235
68
351
365
868
1013
151
-971
726
-902
-411
-62
186
12
290
0
-51
183
-413
-701
-223
-126
-217
-25
415
-105
-562
-340
-220
-437
-113
-447
-159
-196
466
240
405
-27
-321
-214
250
401
-317
177
-343
-420
61
-328
591
496
398
214
-221
-224
-295
128
-315
-369
-9
460
-228
364
-241
0
-173
-97
368
-655
84
392
-9
597
251
251
571
-619
894
-145
-240
-278
397
-130
-148
52
-337
-332
105
61
-239
-484
-535
-82
898
-333
-364
-878
-10
135
88
389
2
165
-467
241
-189
-633
542
273
468
-146
63
478
-248
-365
567
-631
536
180
47
618
-364
372
-649
432
248
417
-18
212
-438
289
-1010
-1214
-324
-66
-8
30
-545
398
776
-51
165
414
-639
-283
198
-161
-648
-609
-391
192
846
242
-284
-539
138
-536
249
-589
237
-89
259
-431
-618
842
-495
-311
-444
415
288
338
158
-343
-8
-24
-339
-759
-364
-138
597
-190
425
431
196
413
384
-316
-153
437
249
392
-258
157
441
42
-369
-35
-183
329
-68
-482
-21
-391
-376
-492
-412
-515
8
-551
-477
361
692
-279
-27
406
382
82
439
-9
-130
-243
368
-179
349
242
-312
-326
116
1071
-54
11
-95
317
42
-235
-76
41
201
-862
274
-168
-116
-187
-629
-473
-119
-363
-478
-598
76
261
317
-439
95
55
1092
377
-419
-178
227
-284
535
110
-400
77
111
-387
103
-97
278
575
400
267
109
648
242
-336
137
-420
78
-65
-210
139
128
-52
931
-724
385
-257
50
-479
86
185
-216
-917
-330
-355
-45
-257
-60
92
-188
234
183
233
-766
431
227
-71
-258
10
201
-248
-184
-444
321
395
29
-509
75
-698
837
-528
21
-270
-273
33
-719
227
271
-637
-141
-123
18
-450
-348
-571
17
-291
-44
-234
366
453
843
-358
-371
-84
512
324
-310
84
-264
95
10
364
299
272
281
-558
315
384
-81
-259
224
262
59
-615
139
74
22
-66
269
204
-225
-644
-221
-468
-162
240
13
608
-24
394
-97
-55
97
-129
711
-212
31
79
-5
354
-125
-209
-954
-452
-555
-214
466
603
975
-400
-1
350
274
-185
734
-2
5
398
128
366
-56
863
384
264
282
6
-91
-436
-306
-99
464
200
769
39
552
661
11
829
-62
508
-81
-161
88
-161
648
222
-480
-1360
215
196
-158
-151
-222
195
-260
-206
411
53
276
-684
-156
781
237
232
-8
-95
627
-111
-368
168
482
-613
-298
-261
354
-344
144
17
-93
238
383
631
-142
-416
420
52
-619
221
-358
-286
193
-91
166
309
39
34
75
-507
554
106
390
-259
-427
425
-334
-178
-113
-566
-322
410
359
363
481
-87
333
-344
269
-120
-27
-287
152
-441
-65
177
171
-106
-505
-793
416
-55
51
-129
659
-590
-60
303
379
-826
-731
217
-314
-359
-77
715
804
-501
-382
-7
-516
529
-461
172
-374
241
268
402
266
808
601
-307
291
-580
-154
-610
-647
-308
631
-74
658
490
-244
525
-195
341
242
-50
151
742
-819
-318
-38
135
123
108
159
742
125
-44
313
507
352
293
586
-308
-618
131
835
-89
-407
-255
159
-70
22
-373
25
209
-30
440
-429
-457
-200
772
582
309
28
55
-65
112
-414
641
-298
526
434
-222
261
-211
-83
248
-445
-433
-235
-135
82
-124
78
264
370
-407
590
-418
91
251
-295
-274
116
-375
-465
685
463
275
287
-340
528
-567
-33
-549
-602
31
353
-146
-464
-400
405
-656
-274
-622
364
-287
-348
-837
-35
428
-176
209
-284
564
-180
-486
40
-533
-436
384
372
74
235
327
110
-358
155
-400
-443
-422
-175
530
-384
-57
-351
861
355
85
-528
136
181
138
113
-1
-21
-136
80
-175
131
-222
-233
-191
324
-74
-322
-379
-100
-139
61
-30
-570
206
-49
854
-378
197
280
-90
-332
1175
-443
331
6
459
-171
-24
-460
226
-566
-354
803
69
-57
168
455
-82
-68
-410
222
-368
252
-218
-425
25
-903
563
-366
171
569
821
-218
-141
-747
140
374
-252
273
18
615
-569
-110
-559
-420
-219
-529
-21
15
-136
464
-260
577
-94
65
-825
265
-627
765
637
-261
86
-249
329
-175
699
-289
16
616
-542
-436
486
-211
-641
-425
-214
767
-167
-254
-600
342
788
82
-768
-452
427
180
267
442
-131
-332
-50
-447
-561
516
657
-475
317
-117
73
521
-683
-66
-827
-137
582
492
3
-487
-123
-485
-609
595
-45
-442
803
690
-7
-238
-159
457
34
-237
197
439
262
-216
-73
-126
-242
-305
785
70
824
433
4
-474
791
-109
-342
-410
344
393
-978
127
-788
-651
79
-665
19
-103
265
-2
-768
333
301
22
-304
233
410
426
353
-512
138
288
-223
665
-568
-864
-341
-517
-522
63
182
-295
-174
106
-50
-463
592
-282
-317
455
-361
583
645
331
120
-105
270
-350
561
243
20
-121
60
-331
16
-46
-140
12
-268
-261
139
212
350
41
96
358
15
-112
220
-77
-221
211
-202
609
83
-280
498
-844
102
-331
34
-422
742
281
396
631
-201
-935
266
666
-334
870
542
687
-48
205
-215
870
246
600
-398
-884
-6
-281
-438
-250
604
95
242
80
-419
-831
-117
-585
-437
-558
-336
-975
-453
28
-119
189
-130
-573
-116
-377
204
47
-512
64
256
-366
-622
-286
-605
546
-174
95
-328
330
-73
214
493
-121
-773
206
1067
-556
90
-277
-594
-114
236
-598
566
-193
-25
-148
620
-163
738
646
-737
-44
-411
-548
-32
-69
-399
-120
93
314
193
423
-702
251
476
56
-418
-369
180
-612
-36
-802
-394
-543
120
-146
72
193
-122
-945
-696
-512
-187
363
504
-728
-309
68
-585
-933
-303
107
155
-149
207
-577
-452
-171
-573
-758
14
38
-135
75
-135
-591
563
684
-433
211
283
-826
169
316
-338
279
-747
957
-210
-17
124
239
-200
295
-98
486
237
68
747
-1022
-281
379
-724
-328
-22
139
843
425
59
95
207
-500
49
-202
-142
-148
-731
108
-836
-41
-183
255
-445
360
-101
-8
627
-374
-327
-193
125
-25
480
105
30
842
663
-143
690
-183
83
774
788
-161
322
-266
-712
19
-32
-232
-81
-8
390
-75
-929
44
75
-537
-121
73
-1
-22
-84
22
499
-799
-580
-222
-634
317
552
-304
-234
133
-559
409
-121
-886
102
-246
455
-771
499
-450
627
57
-434
488
413
513
-122
-431
-83
-504
554
-326
465
-381
-413
-396
359
-76
337
225
-283
421
-47
-198
563
-225
440
284
352
-179
118
-56
-307
-76
431
0
-383
-159
289
346
-81
154
239
-388
-273
669
-581
303
300
-81
565
184
427
162
-872
291
-13
-397
-198
-658
-103
15
179
-188
378
242
-674
170
-91
230
777
469
-93
-210
56
223
-226
-660
-135
-320
-261
-284
128
-63
307
-238
122
-140
-175
-345
579
-151
85
-400
-69
-228
455
608
-497
431
304
13
570
-475
-104
446
-173
-404
673
203
-30
741
-238
-341
-216
-154
47
19
-856
-665
313
344
-563
667
433
795
-128
102
-547
-192
327
-221
548
-496
-99
-474
136
-326
233
-496
-554
-380
135
104
-230
367
87
-4
-23
531
-248
188
526
233
38
-730
-225
584
160
-909
-279
-202
463
-163
-204
-430
-146
-244
744
27
296
313
415
-596
104
134
56
-139
-62
-480
306
705
-201
-685
-365
432
-398
750
113
450
91
-137
257
414
-312
-199
391
-293
-580
40
-148
149
314
-719
-42
717
-218
-179
288
469
289
543
-321
-8
-575
640
126
-282
120
-214
-7
-326
421
-98
-43
561
600
46
5
-229
-3
176
832
-111
189
165
316
-265
-21
37
-131
725
-425
327
284
781
206
170
-913
-27
-163
258
66
-18
-448
125
-521
332
371
-313
-129
569
267
-628
-455
-350
194
21
139
291
-126
-384
321
736
-436
-651
575
137
629
-56
546
461
-635
141
-250
114
295
-184
-99
-651
92
4
-295
311
71
-324
-403
265
-585
83
-267
-143
225
340
250
275
-175
-232
122
-337
-420
-375
691
-946
436
-515
155
88
253
198
579
-97
-242
-415
-136
642
-407
-402
-930
98
369
178
-359
183
820
-165
-154
97
-33
38
1026
-346
600
447
932
-334
-50
-179
-190
491
-1097
0
135
-692
573
300
67
-82
-96
54
238
311
-262
-251
148
-134
-334
-57
37
-352
-242
-363
-160
124
259
180
-295
-277
-155
375
468
35
513
-1021
185
622
68
105
388
-71
595
75
-9
-313
-458
614
-884
-648
-545
18
351
37
-248
471
77
-221
-134
181
195
165
541
-394
-755
-545
373
328
-59
149
-281
-995
290
144
203
-24
265
-243
-161
435
44
129
-512
-509
-306
439
-458
273
-885
-199
-25
296
-322
200
-602
-498
-125
-608
807
-107
-130
105
289
-249
-121
-605
-225
-386
-516
233
-414
837
-49
266
528
51
-272
-274
17
-204
-605
276
282
147
88
-520
-116
-463
779
42
-74
212
-144
-172
-81
-480
25
-499
220
-146
-161
715
265
307
-496
250
746
-17
-223
105
-633
-805
-278
-229
-238
23
404
119
-203
253
650
206
192
725
-177
95
132
521
521
336
399
-12
203
4
-357
267
-179
495
120
475
266
-192
301
83
640
219
646
43
-133
-133
669
530
58
-352
24
-223
-537
-49
276
-646
176
138
534
-478
241
172
293
-421
147
128
1038
231
-543
76
44
-1402
568
-74
-159
-516
-90
186
-75
400
438
291
-476
348
442
-485
300
170
-341
262
