37 89 225
0 35
1 21
1 26
2 1
2 13
2 22
2 29
3 0
3 11
3 21
4 24
5 7
5 21
5 26
6 4
6 8
6 20
6 25
6 34
7 5
7 8
7 10
7 14
8 6
8 16
9 1
9 11
10 17
11 6
11 36
12 25
13 13
13 25
14 0
14 3
14 24
15 9
15 15
15 27
15 28
16 4
17 8
17 16
18 8
18 29
18 30
18 31
19 7
21 6
21 25
21 28
22 1
22 13
22 32
24 3
24 7
24 32
24 33
25 0
25 3
25 19
26 5
26 15
26 19
26 21
26 34
26 36
27 5
27 8
28 21
28 23
28 26
28 28
29 19
30 6
31 1
31 5
31 13
32 2
32 24
32 34
32 35
33 12
33 25
33 29
33 34
34 3
35 35
36 29
17
65
59
71
18
49
3
43
5
1
78
32
55
79
38
6
75
56
37
35
14
4
51
33
81
15
20
84
7
87
85
42
45
53
70
31
25
68
8
22
12
57
26
24
52
41
28
50
27
58
23
83
73
62
60
88
39
34
21
54
77
74
10
46
76
36
9
67
86
72
47
61
2
19
11
30
69
0
13
63
80
16
82
66
48
29
64
40
44
137
85
-351
173
116
-611
-122
-52
-37
-48
-166
304
191
112
-115
306
341
-88
-140
-109
-154
-277
-52
-291
220
290
-396
19
-69
-259
60
225
265
151
-17
-56
-243
74
-57
-176
-225
-206
249
12
-145
-251
-256
-149
-300
338
6
24
10
-22
-157
-278
53
-239
199
-53
-58
53
-494
145
103
20
234
30
-437
-149
37
-378
-205
8
42
-154
383
142
-256
-259
69
-14
8
-155
62
-73
343
276
-40
-361
-281
-140
-128
-69
126
55
1
69
50
308
469
-138
121
-325
-147
211
-76
102
-420
-161
-558
-141
101
-60
17
-235
-67
38
198
-234
-449
-421
423
178
-262
37
-378
-131
-29
106
68
-67
-278
87
466
-251
-433
-20
-186
-129
-193
59
-1
176
156
-39
123
171
132
132
-208
226
82
-428
121
49
-149
275
302
-186
-14
128
-800
216
286
-68
-34
-433
259
144
-99
-290
414
-256
-203
-142
379
256
126
201
-21
118
496
95
258
227
17
238
22
92
328
267
157
-167
-176
208
-430
-478
-108
-49
-132
149
126
-40
186
381
22
-54
198
-102
-140
243
-361
166
66
4
374
-39
333
-85
132
-552
153
-397
57
-188
172
63
307
-96
-271
56
-325
-350
-132
-103
329
279
-144
113
-254
-279
-19
-258
223
-5
-26
138
2
-3
318
57
-341
-330
-371
-113
184
-104
-32
57
-3
281
18
348
130
375
-293
73
-298
40
-204
-113
250
-144
-180
216
-38
-309
7
-375
33
42
-625
623
597
95
63
5
297
-189
-13
72
214
-8
244
-34
58
154
207
315
-131
197
209
-197
63
-510
-161
-146
-188
87
-243
-50
194
-138
198
-63
164
-145
-113
62
-211
146
177
-285
72
19
187
173
-161
-39
44
-146
37
465
-77
271
-165
-69
135
47
-21
5
-238
-921
-201
92
315
356
232
-360
-204
188
313
216
366
-112
-24
423
432
160
-331
-141
-129
-189
-55
-269
-137
-397
484
97
262
-284
-19
-538
76
264
186
-145
-54
-172
-142
86
112
-9
-280
-204
-302
747
45
16
38
-117
168
-56
114
-93
149
-301
-31
-91
-122
-82
-135
-362
73
-175
-160
217
-14
-2
-475
105
50
216
237
-90
-119
307
-323
571
175
27
105
-98
141
262
-120
-305
-450
-172
86
-229
336
240
-291
29
-43
86
65
81
1
-58
-84
-31
175
301
-246
-149
-182
-138
-133
73
-8
-270
-437
210
287
-227
-198
588
-88
-425
630
-85
-265
292
282
-385
428
-14
-547
59
138
99
68
-30
-151
107
76
-139
-17
64
219
111
-211
249
328
-235
142
-233
-105
-234
-248
9
-270
-479
312
-138
189
149
-1
406
113
-119
246
81
-181
398
128
-123
-6
3
288
-194
643
-26
-385
-79
231
349
-244
-332
-211
-125
9
259
104
-10
-81
-82
163
46
-102
69
354
-2
153
645
-76
65
212
164
538
-163
226
115
192
-185
-462
108
-15
83
-273
44
14
527
128
-213
-91
-135
-138
457
64
-103
201
25
-162
-1
157
305
432
-181
-82
-37
96
17
-342
93
79
242
-218
-201
399
87
168
-66
181
-62
-469
-79
-101
276
211
10
31
-291
1
-97
207
545
-57
112
-314
115
297
86
393
-540
73
427
-220
-52
336
-253
276
76
67
99
-32
-152
-148
111
11
-322
97
-170
-280
-145
40
-357
213
-182
447
-24
147
232
-474
-231
16
-265
99
368
-424
-232
-46
-327
525
275
-368
-24
-148
-77
47
-73
2
404
12
49
-380
134
137
261
-196
201
214
-118
143
-24
77
138
165
-280
256
579
157
-386
92
-120
-102
112
-233
-177
-144
158
122
202
-63
112
156
13
-201
272
-175
229
92
100
-179
-33
-367
-130
-35
-266
-137
175
-56
-47
572
140
-337
80
-299
56
547
-132
-269
-39
-68
247
-244
38
-383
-206
318
3
27
119
72
-299
437
-40
342
-2
-35
-423
-166
-232
-291
-145
-86
209
3
-98
-32
-126
29
121
178
133
-165
66
237
140
-107
52
126
-133
-130
502
-120
-216
0
-76
17
-9
-333
-58
230
-59
-168
315
214
273
130
38
111
-134
-174
-183
25
84
115
9
-51
-120
-90
-147
-201
-23
-322
-335
-74
113
212
-147
31
-383
-387
196
-169
-192
-72
21
-57
-128
277
-109
-119
74
-134
-114
21
228
-54
-369
48
7
32
150
-283
275
-514
-94
81
-75
183
-277
-275
270
14
145
198
-123
-67
-193
-164
-81
-8
-274
281
-182
302
143
-152
41
73
-268
-303
260
-183
196
-60
198
-94
-141
127
-44
-360
63
197
135
-35
-179
160
360
-201
323
-320
88
81
-249
9
73
-205
51
20
1
-319
-153
-242
-102
-900
76
-144
35
-218
153
-187
379
115
74
-53
61
103
-247
167
50
87
58
-61
106
345
-115
-128
104
-255
-150
-7
-18
-139
114
139
-317
-22
83
212
420
-227
101
224
106
-392
153
-172
443
45
427
195
-111
-193
35
-150
78
-96
-198
331
-437
-151
-151
-105
19
-247
93
320
-324
198
-94
273
36
272
116
-97
283
303
367
38
26
-57
-110
-143
-204
-251
184
-52
-1
290
-261
-258
-111
-62
-147
-295
-58
-282
-15
301
-182
182
-120
-153
-227
134
186
45
118
-234
-264
-618
-44
32
5
69
70
507
439
-51
-205
-66
99
91
-268
132
89
7
294
303
-70
-4
-860
-283
510
-217
-204
135
9
-119
-119
401
-98
-98
68
-105
-79
-20
151
36
43
-14
-220
-125
-316
-453
-25
-93
200
24
147
144
303
-35
-15
-167
-57
-130
-174
-74
-210
-491
-73
313
-539
189
56
233
-22
-154
117
-265
46
-128
-123
-111
-187
-256
-175
-21
142
-104
-178
39
-214
318
372
204
196
88
76
231
156
27
21
43
288
-478
-33
35
-106
46
358
6
-301
126
-157
179
-76
54
227
-285
-151
-196
166
30
-201
-145
24
-393
183
58
-174
-71
271
-179
-36
26
-693
-88
105
36
-205
-179
390
222
256
-20
66
-48
-298
38
-314
-568
-24
172
182
107
-316
243
-146
157
-145
-106
-641
-12
32
-189
93
-82
311
99
478
323
-153
30
-24
169
105
12
-22
-231
10
-359
-41
208
232
-201
315
-305
161
-397
-425
466
227
95
-107
-300
-312
247
-65
266
19
242
51
285
-54
107
128
-563
95
-389
744
-35
-153
358
21
-112
-159
-300
-17
110
-86
-7
-235
-356
79
-153
-133
-6
210
355
-113
251
-273
-83
-199
125
-368
257
-17
-10
15
-271
-83
271
128
-152
496
103
287
286
-81
91
101
-185
-412
236
-15
-21
-143
-155
-49
-116
113
-242
210
-444
237
-48
-447
-447
220
222
-43
-472
245
224
-36
-103
37
52
218
208
-27
213
-94
-82
-614
57
-280
-372
270
97
-12
-161
298
-596
553
-29
208
-83
-237
-389
140
-88
-117
258
63
59
-405
186
-100
-140
-148
170
-235
64
70
-221
156
-593
502
-166
-94
-577
265
-259
301
507
7
-180
34
-54
186
173
-198
43
-207
298
97
-53
-215
144
-79
-355
140
-128
-356
-160
459
-27
166
41
128
22
-175
-106
-326
455
-10
100
-269
-456
8
-199
-125
-61
-301
115
302
-615
-11
-221
-134
55
195
67
-164
25
-105
-218
125
-39
-217
-213
115
-132
-211
81
-293
-31
-120
81
307
86
312
-57
-65
132
166
-174
70
205
205
90
-140
-23
-76
324
73
-542
-256
-10
219
22
296
-269
-51
102
-114
-24
299
17
-3
158
63
409
310
303
-189
-391
162
289
62
-104
69
93
65
176
-210
114
-106
314
-100
313
281
67
137
-232
157
329
89
-87
-290
204
104
-49
-57
12
42
-118
116
-204
-151
-291
271
387
-36
148
27
236
-236
190
198
-348
354
-238
458
135
-124
-89
-293
-292
8
28
139
5
373
-307
-24
27
606
261
-27
305
-23
500
-183
-272
-87
6
-131
665
-205
394
174
95
-75
293
30
-4
-43
-160
82
331
-149
122
212
198
-64
191
300
-190
66
484
208
430
-471
177
-246
76
-73
-142
339
107
193
-75
211
-75
-37
-103
-140
166
52
142
148
-432
-153
292
-295
62
-170
177
443
-287
-346
557
-96
-310
332
-221
-17
-281
-39
-332
-72
-197
62
51
-199
-180
347
-184
-50
205
365
175
-158
151
90
-211
597
-92
-70
-102
307
-529
193
337
-196
-393
43
-261
51
-198
-112
-316
130
-187
-343
-104
-138
-355
-6
207
65
-422
-155
-560
-13
158
-198
-97
-256
121
-249
-421
58
224
111
158
-379
-270
-265
334
54
-82
153
111
-123
-121
-193
-2
-43
101
132
332
-235
0
39
80
-208
-91
-232
-359
65
331
-358
59
104
20
205
-247
-343
-167
282
377
-43
-469
165
-265
-138
241
300
-24
-242
-56
211
200
53
358
-158
-465
129
121
166
-43
-113
94
-67
105
-26
462
314
139
409
302
51
93
238
270
247
424
87
394
-355
82
-218
117
-225
-186
-16
-34
231
-5
171
-161
225
346
-90
-379
-96
-481
229
-37
-149
64
407
85
-125
-395
-16
171
191
-216
256
213
-205
-73
195
-88
62
-96
5
84
69
63
182
331
-143
-158
-189
3
-75
260
7
-50
79
104
924
-517
19
-204
-141
114
393
-450
131
-302
80
173
-84
-48
176
-69
230
-400
422
53
35
-127
183
271
21
192
-35
-256
71
33
-315
296
115
311
90
-59
-126
-228
-167
64
-68
224
92
267
95
246
-113
-157
-115
-389
-229
-301
79
131
-258
196
180
224
240
-408
479
-472
77
107
-432
272
35
12
194
-366
-100
-553
-147
-65
399
-63
-114
-629
373
-61
378
45
-118
352
-322
103
-111
325
-131
-78
182
220
-58
-389
57
-39
274
180
-497
12
-217
-246
-230
-237
-264
-75
-86
325
-31
127
12
389
-594
263
-30
67
91
-373
99
188
157
176
278
32
104
-95
-367
56
-10
-203
159
-212
-10
-129
35
530
530
165
-51
44
-132
312
20
3
-263
172
148
-99
-642
-482
-50
-33
-12
97
-194
76
-102
-85
-273
-200
58
-429
-49
27
213
258
315
55
137
74
-40
92
-37
257
-342
177
-64
-18
-117
-68
85
-89
113
-103
99
213
-18
291
59
-549
192
129
-229
-232
-430
126
75
440
-54
-181
-171
101
88
62
35
69
161
-61
-402
-42
-246
56
-152
214
14
-76
79
149
-354
-119
242
-23
119
-27
139
-202
-20
-505
-387
-124
190
-4
-134
147
-89
101
364
-22
-55
-219
-240
86
245
-48
-49
194
98
2
-130
136
-195
44
106
-90
-30
287
-274
46
377
189
140
288
33
-89
0
-376
-96
-84
-329
61
-58
382
-59
341
140
-13
-273
190
421
120
-203
183
120
-20
-24
142
-353
-137
318
177
-419
190
155
126
-148
437
38
-20
-74
-297
-47
384
350
13
-123
-360
92
-64
-9
241
152
-335
-297
155
80
-225
-81
-327
44
328
-407
-274
-104
-265
-88
-340
-127
8
47
-97
-132
259
-203
57
-33
-235
-50
201
-116
-161
-77
-22
35
-161
232
437
258
-18
182
371
97
314
150
212
126
221
339
-221
249
113
-151
-230
-83
13
201
150
79
404
-112
-226
-46
230
-103
226
-61
86
341
177
87
467
-129
48
-288
49
497
258
121
98
-86
-192
18
-143
-78
-22
-44
99
225
-195
-10
53
-50
59
30
193
-42
-201
-179
99
-477
25
-44
-264
173
-36
55
-356
7
213
145
49
88
162
-129
493
190
-76
79
-541
444
292
-58
-136
-411
-22
260
-168
19
-126
94
127
133
-129
-414
202
-74
-46
-53
-210
163
230
-166
190
146
-5
68
348
66
-274
-123
297
68
311
264
-143
276
-460
287
-107
267
-5
-436
283
401
46
176
28
-200
169
-122
74
232
-371
-60
388
25
211
284
-93
-40
344
47
288
-199
-335
-15
-241
216
303
-62
150
-173
181
-4
224
113
-62
207
93
311
-127
78
149
-321
121
136
246
383
171
557
413
-249
369
-184
72
-410
-411
22
-13
-1
-256
215
378
41
-358
-149
-111
-143
204
6
0
174
93
680
-445
-145
134
268
-165
253
-265
41
304
110
-195
176
264
-39
85
234
91
183
7
4
-119
-186
59
145
-388
-135
154
-211
-257
-49
-94
196
-382
31
28
-159
-223
226
104
50
-135
235
-48
152
521
-141
-137
-72
-477
-171
21
-272
293
-174
-242
-258
23
114
518
-43
-73
-115
17
-27
-14
219
108
-74
-184
320
183
145
155
-10
-173
437
338
-339
-35
50
59
-45
63
-10
297
108
-100
100
-102
12
-212
-5
191
271
-43
220
-77
343
-161
299
101
-161
-270
-233
60
-119
-140
215
-236
-180
192
-34
-401
214
63
256
38
707
-61
-39
-292
264
53
-511
70
163
-277
220
-55
-218
-27
331
-389
-240
-23
-503
82
194
218
21
-92
-111
83
194
273
-275
134
-400
126
231
-131
-50
-296
-440
-47
-272
-381
53
120
60
23
-516
-322
-597
39
343
139
-416
-194
21
294
308
-40
-95
-449
187
103
-17
-129
-400
162
-59
207
23
-181
-30
124
-103
-456
170
263
-75
-111
-5
13
74
51
96
43
84
444
-217
127
342
23
-13
263
54
171
349
79
34
20
33
331
-211
108
-33
-513
-138
158
56
254
357
-153
-160
65
-86
-17
214
-104
94
125
-263
-122
6
431
-57
32
-170
-33
-313
-124
-355
-236
-267
126
20
157
-189
274
-238
262
-227
48
327
-13
286
245
-426
-377
36
111
7
-23
14
-289
-108
-316
268
-77
-181
187
-139
-261
80
148
-238
159
24
-101
-122
-332
-591
143
-172
49
262
44
412
112
-18
-22
96
112
23
-156
233
44
-161
105
-131
275
-97
-85
-218
209
310
159
14
-25
-102
-36
17
-444
200
-273
14
-9
-52
-171
65
99
284
-156
0
-424
281
9
79
-332
-64
117
273
-28
-23
470
-438
-660
-73
-130
-289
92
178
271
-98
311
155
96
-128
-236
-101
-389
-124
152
-227
222
-202
242
76
-73
408
-318
422
75
151
308
-47
56
467
-224
-316
293
-130
296
-226
253
426
326
-56
-201
-16
-19
64
229
-289
145
121
112
287
-361
-99
268
-209
-59
-86
-232
165
263
-152
-244
-538
405
-49
-95
-8
181
7
159
124
159
17
227
70
440
132
-286
-255
-11
-19
336
-94
-366
-24
-95
119
27
-175
385
-122
558
71
242
-87
510
15
334
-49
-107
100
201
168
-273
-32
-514
122
585
63
156
-186
-118
215
-295
-45
492
243
263
-15
329
122
162
-316
86
-325
8
-242
17
-258
465
-70
-169
-1
264
374
290
196
-241
32
19
-31
-332
-291
185
-55
245
-32
-65
101
15
-390
440
-204
-36
58
44
6
-298
89
-64
-76
-10
9
-446
-262
56
13
-214
133
-185
-154
379
-400
43
182
-171
298
-162
96
272
-143
16
100
-61
313
119
-253
310
162
-244
-79
83
-206
-60
37
-177
-534
20
-135
457
184
-523
98
-145
-170
-479
-408
311
19
111
12
145
-121
-132
55
268
44
-162
416
-561
-324
-329
-8
-203
-335
-222
208
-190
-25
147
17
-227
-143
-14
293
42
-15
194
-18
106
8
-8
-56
-486
30
-74
73
-496
196
-398
314
-314
397
-228
-44
-178
-231
98
113
-151
111
-77
15
-137
371
59
-173
0
-132
2
-373
54
82
-267
338
149
24
-262
133
75
-308
278
212
-151
49
-54
-128
394
-163
113
87
-245
179
-108
-292
-276
572
132
35
289
-422
-36
-462
-318
-373
217
188
71
-281
363
-393
-26
-279
-84
-78
-160
244
-128
199
502
112
-69
192
42
-120
-30
-428
-106
-363
-208
-66
-716
-319
56
220
-33
-427
-49
15
214
245
-246
-421
372
181
246
256
-115
-194
-121
-316
6
175
-87
-231
99
-17
-12
-169
-150
97
-255
3
656
-168
112
-172
-63
152
330
105
21
296
150
39
25
-150
-378
213
36
42
-520
-116
107
595
-5
91
156
-259
99
21
94
-611
77
-247
17
-61
-321
-213
-96
17
170
-27
202
-258
-200
-196
-340
-43
-3
62
298
211
86
-38
100
42
95
180
-209
-267
-51
-137
32
-230
262
-390
223
171
331
-94
-207
-429
62
72
-58
-319
150
-335
-227
245
292
169
-3
-481
82
-106
-108
-35
-45
340
404
406
217
-218
-295
210
-158
190
-290
257
145
342
7
113
-135
195
180
275
-258
91
-175
-523
-93
245
511
252
-353
-78
-131
-208
-309
-257
-61
-107
-134
253
146
132
47
-212
35
-191
210
-306
286
288
-213
-173
-263
249
156
-18
25
214
-69
-91
180
250
137
51
94
-125
-115
-59
338
89
-48
-331
28
108
13
-151
142
130
-223
329
-208
102
172
-23
-312
-260
98
132
279
2
116
115
-149
-187
-176
-81
333
-261
-310
144
-137
71
-241
337
-153
80
-417
-119
332
-13
189
-462
-214
-80
-114
13
-232
-219
115
349
232
11
-201
-497
53
-232
151
-207
-409
-366
-242
99
219
-253
28
-146
310
289
288
571
297
-23
195
142
-119
-83
-10
-81
223
-377
454
233
580
-211
343
-153
-85
-403
63
408
-269
240
-55
-213
4
-258
-465
-64
202
21
-96
-254
359
-75
-78
87
-416
130
-58
104
88
85
70
-306
-82
95
-517
-105
-406
-149
-360
23
-250
-156
-152
-484
-209
51
308
68
-388
111
-206
124
98
119
-49
258
-47
-293
316
607
-350
132
-168
-37
-58
179
480
-16
81
92
-552
107
62
-84
335
-316
-89
319
37
-282
-226
-75
154
-237
222
15
132
123
61
215
-383
278
417
330
92
-519
-160
149
140
-144
-21
-150
245
-234
-316
-151
238
218
-329
278
240
85
-126
214
207
142
-298
56
-56
374
615
285
193
409
110
-57
167
352
-20
131
-134
-186
8
168
98
-33
-20
265
-29
-18
199
-189
-46
-400
-58
-229
114
42
447
84
-89
103
11
-137
-216
-59
73
244
370
60
-283
107
-141
351
-106
34
18
-57
123
-176
-275
-375
-53
394
-341
-90
55
-323
-339
495
60
158
-42
256
244
194
-154
-268
352
-143
-105
174
-144
-198
338
-372
-78
351
104
-18
117
29
-141
172
238
244
271
-18
-354
118
-623
25
99
167
97
200
-173
154
-83
-63
144
-39
-222
197
-26
159
88
42
134
450
382
157
251
-217
-262
258
-406
103
-5
-136
97
161
510
129
165
-223
-151
-180
-181
-188
-172
-79
-126
128
-267
185
4
175
-161
-168
37
-314
-17
147
-505
243
68
-131
343
155
-94
242
-104
-96
279
124
202
146
-271
649
120
-24
106
241
1
265
320
322
-125
-25
-144
68
278
189
606
318
175
152
67
2
86
40
-174
160
-285
-50
89
171
-271
257
286
-2
-45
32
-125
-52
-120
-14
127
-179
239
-203
-405
-422
143
286
-105
-251
-364
313
133
290
95
210
-183
286
254
-10
-212
-57
-344
-408
-69
367
-567
313
226
-314
-157
75
193
-154
-5
145
59
-178
-190
-7
-71
-135
272
207
179
71
-116
-159
-92
129
5
271
199
-289
-12
223
-237
-184
129
341
-147
-98
118
301
465
-172
198
6
-51
216
-102
-418
-77
267
-397
-84
132
-180
9
302
301
-428
-187
49
340
258
156
154
103
-106
24
-115
-342
55
89
-48
244
-145
121
-146
113
-58
-270
-64
-196
232
106
-192
-37
-27
205
-160
149
-32
-268
-169
-39
187
6
192
-236
140
-174
-444
-115
262
-2
-351
-401
429
14
-499
-91
219
69
55
-466
453
-96
252
-45
534
197
208
6
-299
-85
164
-4
101
-317
300
-366
148
-290
441
37
-167
166
-182
-13
-747
-122
-125
198
77
-293
-132
380
-259
155
312
-76
156
120
105
-142
-6
12
118
493
69
88
217
177
-16
303
181
78
65
-11
61
-213
24
101
42
345
517
-249
-49
49
101
-6
-219
-316
-58
-415
21
343
-37
-105
125
-566
-450
141
0
303
20
5
-111
-429
53
351
-123
286
-39
162
306
-76
187
-81
-53
-573
383
88
-32
-50
201
338
337
-5
-40
458
-219
70
171
35
-125
196
152
313
-311
213
-65
82
-171
-60
-58
-125
-45
-69
140
140
514
-210
-300
70
15
-194
-170
-283
-462
-204
265
-152
226
50
193
-122
-82
20
-47
-150
353
172
45
-353
-60
263
513
-171
211
102
106
383
141
192
340
124
144
-193
15
189
134
209
329
261
-28
258
-152
-20
187
189
-240
-110
-294
122
-273
-73
-34
85
-51
34
-211
150
92
146
71
225
232
73
345
279
195
149
181
100
-176
76
-62
255
-159
-107
208
116
-502
-144
-270
137
254
-326
-127
-32
-176
-419
12
-518
179
-148
308
95
-27
37
344
-181
-26
-41
61
233
149
186
-385
253
-198
-138
-637
435
-535
84
147
-320
326
325
-77
48
69
129
131
-56
-36
116
14
-144
240
-315
-331
1
-135
-540
-89
-417
-664
-486
-107
-12
-96
337
-427
-98
-257
-149
-29
149
-212
-241
-33
-554
334
425
-20
217
-111
39
-90
255
-101
6
396
300
-176
30
-123
245
-365
-146
113
-64
-103
275
87
168
9
-256
186
-153
114
473
-150
335
-218
-340
-52
350
-89
-121
-50
-258
-429
-29
-8
-180
96
8
152
189
26
-343
133
368
69
207
188
-334
-144
123
5
-299
118
25
163
-40
89
-6
5
-110
72
347
-42
-23
66
-26
-144
34
-180
-226
472
183
46
146
101
-74
-291
-75
352
-257
-14
244
-145
168
84
330
75
-96
254
117
-6
114
266
-112
-294
30
-201
-80
-208
163
205
-139
90
214
-198
16
-86
178
35
263
-229
156
268
-206
-52
133
-188
211
180
-25
-139
-188
288
209
134
121
143
309
-42
-342
434
147
-192
154
224
-472
41
15
7
113
-5
-232
-134
115
15
-303
149
-148
-209
100
159
99
-156
-5
-355
-51
-26
-48
176
-227
178
335
-367
-194
-9
-100
-57
340
-133
-297
259
55
261
-398
-483
-262
65
405
-6
-163
-44
49
60
109
93
-171
44
-130
93
-243
101
-151
-31
-386
-182
196
-33
45
-172
190
49
229
-327
-63
366
207
-77
-260
-69
543
332
177
-46
-101
-35
-35
280
-383
-81
151
-141
-329
-185
-171
-307
188
82
-171
-31
9
12
156
-38
-153
289
-312
-103
-5
76
99
-79
197
518
5
228
-136
-347
-264
226
380
-70
197
-87
254
54
-256
131
-207
-191
-147
259
-165
-240
-148
462
-1
332
0
221
28
-96
-34
-234
102
-258
415
16
150
-307
-92
-197
-30
254
-3
11
238
102
447
296
144
-402
196
-101
-122
130
230
-460
121
-505
-248
102
30
2
343
28
196
324
189
-16
135
59
197
112
-285
324
252
270
28
39
-174
-388
-157
57
-388
18
-28
-240
159
410
-15
294
334
-286
26
27
303
96
-414
168
331
-68
-419
242
400
-273
128
-80
9
-6
267
126
101
70
121
-127
136
-229
-230
-60
-122
82
-492
-326
2
-37
-378
209
-167
141
12
251
-112
-201
-48
-29
-392
-85
-77
24
-245
-238
-67
306
-283
-408
108
93
-233
-166
215
-38
277
-381
25
295
-355
-73
314
23
-101
243
-306
91
-86
-32
-38
-17
-1
-45
432
51
335
35
-220
-243
201
-163
-580
34
-370
-119
-165
95
169
189
8
-108
-311
-24
236
-271
8
-454
-14
19
-148
129
138
238
-31
227
46
-173
-227
307
266
-155
92
52
239
-217
339
130
125
-223
-354
354
-275
116
143
274
-27
29
39
164
-101
51
109
24
-127
210
-91
-109
33
-309
166
93
-190
224
26
6
453
141
28
358
-156
56
-235
78
135
-33
-15
12
324
-204
-220
28
-22
86
72
-23
183
-144
226
197
320
273
-67
130
310
247
-220
104
-125
-256
-15
-419
13
229
-153
74
-209
-11
-189
-182
233
440
31
-38
280
388
81
-112
-180
-100
-191
190
-52
27
-414
-414
236
-272
90
20
-543
44
214
191
114
-14
425
95
311
-181
-36
-90
4
81
12
144
439
447
-404
40
51
200
362
177
-132
7
-270
-85
-165
222
-299
-125
-233
-210
-305
-209
188
51
329
-108
-14
-48
206
-303
-172
95
32
-269
-73
310
60
-248
-270
489
-317
178
-195
246
89
-277
236
-93
-7
-38
353
-628
166
-3
-363
199
-20
230
146
-21
-143
170
400
-309
-177
-285
117
-34
4
-9
117
-88
-29
-480
342
96
25
17
-86
191
165
22
-96
-69
-348
100
137
62
-177
400
-186
172
16
-51
-51
-43
-17
-136
-462
306
374
-17
173
215
-32
162
-350
123
133
-118
339
233
-226
378
-132
-126
124
241
-215
-249
-165
-276
45
-41
199
92
-208
-118
371
-35
-66
319
24
-29
137
-147
-51
184
-92
-109
138
184
-160
-268
76
52
-200
178
13
-177
-57
-226
43
38
-78
28
199
348
-514
-103
-182
-222
-93
-280
30
-107
-138
-334
-31
216
-70
-85
-32
22
-165
-106
-163
269
-69
118
-31
-56
420
82
-146
211
354
159
268
0
-121
302
138
-322
187
250
41
-410
127
254
-100
-255
259
269
57
39
183
395
-221
-328
-304
-18
8
532
-76
-100
36
4
-321
-143
227
287
389
13
574
194
133
-325
-176
-286
22
-129
146
-179
107
-261
-110
-208
-79
485
413
286
-38
-277
-137
340
-295
-539
-186
-94
166
236
-141
305
121
216
151
298
-231
95
-82
-140
-50
-220
-174
150
98
-219
225
112
-47
119
-215
-364
230
-331
-51
-278
-374
-472
-86
-9
290
-502
-40
116
-375
-105
19
90
18
-138
286
154
152
94
-23
55
-430
-272
-155
149
-252
-96
211
-21
47
-109
-10
359
207
22
713
205
-335
111
-21
-115
-66
26
150
-137
57
330
-235
-9
82
182
99
-245
231
60
169
281
124
-97
-195
-174
480
308
72
-494
-91
110
700
263
-70
23
-24
-89
177
203
44
190
-4
371
73
-129
-415
94
111
163
-25
-209
156
73
15
-64
219
79
172
-86
159
-42
-88
299
242
25
-156
390
-177
289
101
22
-162
90
96
170
219
47
151
98
-280
2
-331
-301
107
49
137
186
131
-35
12
220
187
13
-464
-44
-362
298
-381
-16
-742
216
200
-87
41
-127
-278
-37
319
403
-488
80
-108
22
521
389
-173
-152
-87
62
33
-202
83
-316
-438
-118
237
72
289
35
141
6
-59
229
64
26
-249
471
-264
-209
-156
-357
171
82
-30
-250
-86
-261
-129
206
16
428
147
-133
-54
-97
-430
158
24
145
365
-323
-56
-196
-70
-32
4
125
207
162
-291
-290
334
-520
158
272
222
335
-239
128
131
-46
-28
-373
-171
-131
-12
-202
-113
98
-57
209
-53
-306
-449
78
-36
69
-210
193
269
117
-51
426
-123
130
281
24
-138
-304
-48
-148
-56
21
-21
-332
-22
-385
-92
9
-259
58
247
-215
-483
200
-172
-226
-191
347
-36
-256
124
24
-404
-48
-15
-190
-339
381
226
173
-106
40
-413
-45
-316
199
89
153
-33
-55
-74
-37
59
-174
-263
-61
-131
438
-193
73
-3
-177
-160
500
-148
-193
-319
-15
167
-77
81
-109
100
-36
-37
-226
-135
329
-272
-147
-231
43
266
-193
-198
-284
-112
388
-128
-550
264
176
-274
63
-28
196
198
-151
159
342
106
278
-204
-143
186
393
76
-4
51
-421
82
86
-119
-61
64
286
-156
-278
-98
36
-295
52
-110
252
-58
173
-229
-5
-334
-338
-39
-444
-222
118
-88
-133
127
275
-97
-289
188
-117
347
-294
300
16
-313
-161
-86
141
69
24
-101
-289
-62
-389
240
204
448
-179
295
-48
-105
201
-357
298
235
-475
-121
-182
-95
-410
306
-170
-551
-418
-246
-376
-113
-80
7
116
161
-337
-52
-104
-21
272
-365
-22
216
-26
-8
-381
-166
98
-293
-5
-201
-236
-101
126
-258
-53
245
-183
-20
223
64
-280
287
6
481
-73
-163
188
53
202
216
62
8
-209
38
-102
378
-431
412
268
-173
83
-277
564
35
132
-406
-86
-168
-109
258
140
31
-181
-66
312
-87
320
-20
-150
187
123
-29
121
-294
144
232
105
16
-306
354
-300
195
241
-116
-87
-256
-308
43
172
83
-129
56
-15
39
305
-125
-78
86
-35
-398
73
-15
-121
-290
-480
344
-234
237
-320
39
-58
1
-37
3
246
-35
263
96
-332
-182
110
-123
329
-327
34
-145
-280
-326
46
44
-28
-270
92
-67
-383
123
212
23
-85
-398
-41
198
-229
141
-98
96
-121
-90
12
-139
528
-303
-168
-285
-474
-135
261
-407
112
102
69
-105
-64
325
-57
-151
235
0
171
-109
-108
82
-64
173
53
134
1
198
247
272
538
-289
-184
89
-68
132
317
21
143
13
237
238
11
-264
-7
-220
-33
-311
-129
341
-277
-14
201
-263
111
-468
-38
-141
-400
70
14
-28
211
-338
-30
65
-158
-95
-343
132
-214
202
128
-229
-389
-268
220
66
143
-78
380
108
82
-200
139
-123
8
160
-37
61
-147
-193
19
165
127
302
152
55
-69
-329
175
170
-11
463
280
114
-240
435
39
-153
-332
179
-191
207
235
-482
-318
-79
147
140
-369
126
-62
-180
44
-301
-215
-163
394
15
34
-114
269
174
5
103
-260
-62
-306
116
576
-330
-86
-4
-291
-244
105
-61
-130
20
-65
22
-87
257
-44
-471
-42
456
-480
-139
-288
-105
380
-254
133
197
139
-136
-49
-280
-21
-108
225
-17
-99
-99
404
135
99
-361
36
-97
-35
285
772
176
-38
-133
-288
329
88
-100
-82
-204
366
-280
483
-59
106
159
-280
-68
179
-110
39
209
218
187
129
-55
95
-83
187
-390
166
29
-393
260
307
-280
-124
-81
-28
-176
56
-188
-180
72
366
-14
236
-82
10
328
-513
313
382
-11
28
-193
-101
316
387
-167
-172
331
-129
-141
-122
-47
67
677
-182
-180
91
31
-139
-41
-16
-322
111
-132
26
243
-65
-230
-441
55
214
396
-406
-174
176
-270
39
-240
-65
56
-101
-370
326
192
-27
368
218
-597
-460
-244
-236
-108
-207
-101
-45
-148
113
189
93
-80
318
30
38
23
278
-168
-483
371
-246
-163
194
259
300
-214
1
196
-351
323
-221
182
-190
-330
139
-294
-880
76
205
160
75
-171
-287
266
-339
-64
188
-242
-193
348
-151
117
277
88
-257
22
-316
318
207
-9
-44
177
-144
39
181
296
60
-19
379
-152
203
-275
86
-191
-187
160
-358
60
-46
-106
80
32
103
32
-39
-147
-201
320
-117
-174
133
203
-110
72
233
182
0
-135
-90
232
-541
255
-74
-113
203
-2
10
-131
109
224
-79
304
429
-261
125
-5
513
-148
40
143
-90
16
-18
-291
311
64
-190
188
-224
-44
241
173
-264
197
33
259
55
228
-212
36
74
-157
-71
397
167
83
-24
46
-84
-20
38
-255
-122
-103
-196
37
458
335
59
-353
80
15
227
244
51
-706
-2
-336
-119
-53
-174
-252
-311
174
34
211
243
-380
255
-352
-255
-220
-186
-145
-278
-328
-228
354
-211
128
-23
13
-80
-234
-375
-34
66
-350
61
-30
402
151
98
-145
263
15
-336
237
131
-46
510
-37
-443
-293
-107
-42
171
78
144
24
-97
-32
-127
214
462
360
115
63
-39
-74
-160
-160
-424
98
-24
23
-113
-171
239
-122
-148
-694
-83
5
40
-120
-449
40
-432
152
99
-213
43
518
-308
-302
-18
139
85
81
140
24
-266
69
486
-196
214
-168
272
-116
335
-30
474
74
-71
-45
232
-47
-661
-467
138
-386
-49
-196
48
-215
45
61
168
-277
-207
7
52
-203
-119
127
-170
-217
-104
40
-219
105
217
-387
144
50
178
-351
-520
-118
105
9
-190
-123
-9
-208
100
32
-48
-164
-86
242
18
-146
-124
476
-32
181
-280
-458
147
-139
518
43
25
33
-124
170
235
44
251
-292
-714
-281
312
-111
-134
278
-65
213
172
-303
70
136
71
122
-193
-259
49
-582
-128
-419
-52
231
252
-94
2
72
309
-361
165
80
-256
-123
-82
-258
59
147
-166
-262
-170
-79
411
277
24
-42
-265
0
209
-316
-81
257
-237
86
284
-569
-98
93
214
83
-64
-77
-129
-253
-413
122
-111
-145
10
410
433
235
144
-137
33
138
276
96
-383
22
-305
-134
283
-160
-186
100
-443
-38
-99
-160
-320
-306
209
-189
-162
395
157
71
33
103
152
-133
274
173
71
50
96
474
-106
-205
-252
-194
-272
74
-116
43
171
164
-464
168
-107
-155
-31
-236
66
242
58
30
-136
-44
342
297
-144
406
360
-88
8
41
-101
-282
-177
-150
-262
224
-13
63
445
-15
245
-157
255
-54
-20
54
-221
42
60
341
-10
131
-143
223
30
-101
-26
-46
339
-161
119
-72
-194
120
83
27
114
-292
62
109
361
-49
10
423
231
-312
92
176
-226
56
254
367
244
130
80
257
104
237
230
137
-62
199
-219
352
-161
279
34
-42
358
347
-101
524
-226
126
-139
90
-29
-17
116
-77
23
165
212
295
-166
284
-319
399
-372
-14
-309
70
282
281
-32
115
4
-119
108
389
-11
63
444
-24
191
282
-221
220
40
179
290
-140
70
-201
-332
-167
-154
33
-166
191
-78
168
7
-93
82
317
-212
-563
-208
157
-136
348
191
216
-163
426
186
-182
190
30
20
-13
215
559
-32
-38
-26
331
63
165
-108
272
-318
332
-46
165
-141
-313
86
-77
43
66
-164
-278
434
-97
-230
-306
-191
194
61
325
44
587
-73
10
-14
321
14
35
-5
36
104
18
84
-129
173
75
-60
-57
-104
153
-810
-244
42
-370
-145
-122
95
-191
92
228
342
-233
162
-162
332
10
11
-164
-28
311
116
-247
84
247
-329
-123
106
-192
-361
198
-209
-115
-14
-463
35
77
6
187
45
112
-159
49
-173
-391
-139
251
-197
-102
24
2
-257
-403
-337
-85
-1
-74
273
-217
180
-186
-116
8
314
211
53
1
-201
-6
-245
121
50
-4
-12
201
-134
341
-22
-299
-111
-92
-6
-231
-400
67
-257
10
107
-101
-466
-80
-80
273
103
499
154
45
85
15
-175
-12
-19
-155
-184
-97
-202
-296
-3
89
91
-43
29
-202
-31
313
-1
5
214
102
162
110
253
48
-86
-455
-52
181
151
31
63
-151
110
210
13
-490
60
11
316
-55
-95
249
-23
136
-112
-192
-68
437
107
97
-50
223
-166
-208
85
170
-266
-229
-81
-106
83
357
-120
-254
-158
-207
-338
236
-344
-339
82
174
2
-266
205
-124
51
-301
74
111
355
-293
51
-325
13
228
112
142
298
52
173
137
-116
268
-168
-314
258
-135
282
-356
114
205
-69
-152
-74
-70
144
-171
-190
-131
-204
366
-132
402
-331
95
10
-334
-278
-73
-13
443
0
95
161
31
-351
270
-302
4
-362
38
-219
4
-99
-215
-223
-18
195
-157
40
186
-347
-11
-188
256
72
44
565
194
121
95
293
-348
211
191
-548
153
158
-247
264
5
227
-189
-131
-111
140
-274
-28
-265
-82
-55
-265
444
-87
-442
135
120
-120
-280
35
-308
-169
68
-152
-316
287
239
-271
-90
-314
-76
-15
-314
-206
76
344
468
-372
-9
-29
-55
16
108
89
-68
98
169
27
-341
-408
-359
461
-202
-121
-204
-32
-328
-148
156
-59
-152
43
62
80
324
-70
-14
312
202
-393
-26
-364
60
-230
-17
348
-125
159
98
-34
124
-117
-481
-83
562
232
305
177
223
-272
52
-286
98
-48
113
-75
-169
79
42
-19
84
109
39
421
-20
325
-221
-72
220
18
283
320
-190
31
130
-405
188
-7
273
-31
75
13
-142
35
-148
108
-227
158
192
105
122
129
-39
-119
303
139
-149
-93
-395
12
452
262
-5
26
-251
-186
-28
-44
-435
-163
-146
-85
215
196
3
-5
-371
120
-17
203
-266
-26
411
-16
-129
-49
-546
93
-121
175
-298
-37
-304
43
61
-134
-82
2
324
302
-325
-295
-84
-268
-298
-90
23
-194
102
36
297
183
-576
208
117
-325
-100
34
167
-61
172
-409
17
-40
40
-154
-268
170
-17
-85
-143
-415
84
-294
186
63
-19
-473
-94
-148
-25
261
-215
255
479
227
113
183
90
-131
139
-133
-193
107
34
-37
331
266
244
28
278
220
-363
61
-29
-213
-117
-71
-243
-270
-105
-265
-97
-236
-32
-134
176
-353
2
80
-118
54
42
38
-73
-202
116
260
-159
92
-246
465
-345
57
280
-43
37
-27
251
47
226
-248
11
260
-138
-285
95
-268
-480
-149
55
-271
-10
-14
223
420
-60
-23
-339
-222
433
-15
-188
49
258
-8
127
-276
106
27
218
39
158
-322
28
-209
232
-537
266
-184
-228
288
-10
-133
161
-127
-3
403
-140
313
-103
-264
166
-65
131
331
-286
-302
-41
0
132
127
412
136
-369
47
-279
-71
170
-294
-35
268
164
119
-484
-222
390
-200
106
61
436
66
-272
167
119
-89
-225
-55
180
-66
-5
159
218
204
62
32
221
-424
-26
-182
143
-115
424
-39
-373
70
212
199
-119
-338
286
-103
123
-88
63
16
-1
-269
-72
20
77
-2
-140
20
8
363
-435
-26
-146
51
-185
57
-212
87
220
-128
-109
132
-65
-279
-208
-41
-257
151
234
-280
26
65
-409
-32
53
-180
-310
43
95
323
347
49
155
-147
-26
421
-42
-104
187
-309
28
43
111
-62
-258
-145
126
398
17
-100
-397
224
561
-233
-433
-230
9
386
467
-149
-293
388
-28
325
248
-34
-113
141
796
-171
-64
-149
-174
113
191
86
6
-305
-403
319
32
-227
-515
-301
189
-135
271
-174
321
-307
83
-207
-359
3
-72
90
355
-157
-117
281
-5
-7
308
127
48
246
-455
175
44
49
-39
263
285
417
-167
20
112
-121
308
397
-261
-420
126
-4
-196
56
-390
-105
-354
378
24
95
-10
-374
-211
4
-145
112
75
-55
-28
-123
80
219
1
143
144
371
-109
-186
211
-11
164
-34
-3
153
80
-273
246
-124
-240
-173
45
23
28
154
217
-182
-181
259
-230
-242
65
-43
-275
-160
-82
-284
-195
66
-120
-286
10
-109
284
-331
-2
-47
90
-20
124
41
-24
306
-519
-29
-255
166
-28
-30
-168
-87
253
-105
85
-84
-185
-279
50
-321
174
-168
-122
298
-62
129
-98
68
-203
-140
131
37
-34
535
61
294
357
-411
-218
152
-72
50
384
-53
33
607
106
-15
60
3
216
-269
27
201
206
81
-28
464
57
-134
-36
338
160
100
562
-216
-203
-208
112
-25
-32
238
-114
-82
-158
-326
48
-121
18
-457
-151
8
-313
81
32
-306
-96
-140
-338
191
134
-113
216
-343
407
-63
152
178
-275
-110
-23
-227
-58
-15
293
13
-32
-342
8
-38
-441
250
320
-9
-86
-273
-61
152
-496
-198
184
-34
-249
50
-229
-141
-370
-111
117
-262
108
-455
-89
408
183
491
-7
518
-586
466
-129
-97
248
-152
-24
229
-327
177
261
-84
70
-168
8
2
411
-77
-146
391
-120
412
47
28
-58
-102
169
206
-61
-204
246
-329
375
4
168
50
339
43
-13
-95
-10
-28
-95
153
-193
-246
408
98
144
168
-248
-52
-104
243
288
304
171
-266
51
255
-205
317
-412
-85
35
237
103
290
360
-13
312
-81
155
221
-201
355
-247
108
-206
-300
-24
347
319
334
104
-234
189
-217
75
124
-59
-415
97
-57
235
265
82
170
51
-237
-157
22
56
-226
-31
-34
-43
165
-407
-438
150
125
-19
-83
-124
283
195
-126
-123
-350
459
-112
5
61
47
-73
25
47
319
405
107
-115
89
173
181
803
-117
271
-343
-159
78
-108
456
-18
177
63
-41
-206
-190
363
-351
-398
-414
59
200
-386
-44
-17
108
93
71
-420
63
172
-119
213
-226
-6
111
2
-314
196
197
62
348
-249
-273
58
-460
57
93
-111
61
-45
-542
4
-86
-103
-194
242
233
-31
-79
106
-245
-69
-312
-55
-11
-89
-382
125
-3
185
189
6
-700
203
10
-237
183
46
-10
207
-183
-309
-28
127
-498
-211
-7
89
-72
-447
-97
-90
254
-42
80
-183
487
577
-200
192
130
-2
108
77
169
178
-492
180
-164
214
-51
262
-112
-230
17
-188
-17
-62
161
10
162
160
-297
536
104
158
-527
-118
161
173
441
-83
-205
48
130
-87
305
76
319
-173
-175
181
-36
-200
-291
94
-209
-251
-114
95
-362
-315
379
453
41
109
-93
341
-121
-153
140
70
-44
49
-54
114
171
448
151
-361
20
-213
311
116
239
581
-325
114
161
423
-114
42
-304
-193
-12
57
-111
111
145
33
133
350
139
-434
-284
-32
-160
5
-120
178
8
-38
412
255
167
-154
218
-124
-57
-18
-552
-97
-370
125
-137
188
82
-6
82
-139
177
-133
-38
-274
-100
-185
117
159
107
-106
259
-56
145
-309
-148
92
167
-327
-18
35
31
-125
-397
54
108
254
208
245
227
-310
315
-140
64
296
-268
96
-149
361
-114
72
118
23
125
-97
103
-133
133
-630
333
-177
211
-30
114
-110
-508
-172
-167
-601
-91
-300
-42
258
348
-107
445
231
-201
38
-236
319
-357
40
21
144
207
-87
179
-146
-219
-244
44
217
138
136
-92
-79
139
67
-274
304
-143
22
-193
368
112
158
149
393
135
391
348
-133
-1
-230
204
220
425
-90
346
-201
35
-169
67
-106
266
-189
-183
221
-249
373
217
-49
-606
82
191
337
-55
-314
-58
-10
34
-230
-109
-311
462
-144
-273
96
-41
-175
-23
196
-117
-85
84
662
-177
-147
88
-44
-451
-220
-199
-109
249
152
416
45
380
40
331
-55
-181
169
-287
-21
-84
476
-232
175
81
172
-180
316
-135
-127
-133
-184
465
-45
88
75
-91
-352
-132
301
88
411
209
93
-94
-109
149
24
-270
396
-40
132
233
-304
-277
9
-123
110
-56
391
-428
169
-296
158
100
276
-199
-29
-7
-307
316
493
-99
-27
355
275
45
-366
239
-308
204
-98
-56
401
-10
199
-199
256
281
44
0
212
124
96
95
123
-86
-293
399
-244
-261
130
270
-98
39
-36
-143
472
102
169
-338
-290
96
270
-100
354
-321
487
16
148
-350
190
-64
-509
-653
84
-86
30
10
-442
-250
-520
-71
-279
-85
-143
272
221
-100
-34
-231
83
-228
18
76
232
-223
-65
-446
296
138
-8
-37
-56
26
132
-85
-95
-109
161
298
-35
296
-147
28
-161
-84
295
4
168
777
10
187
-456
-253
-264
-455
-56
-24
329
-143
407
-290
116
145
133
-149
-1
-203
-37
294
208
345
223
-49
-353
-17
-14
135
107
-24
-39
87
-112
-70
-108
23
-159
-53
64
158
-201
-226
-266
-31
-127
-10
-480
35
-159
-78
-83
-39
-21
-99
-515
-38
455
-238
213
69
53
141
29
-226
-169
64
74
320
143
-28
-87
140
-126
-107
0
-622
-5
138
231
-260
204
-87
19
196
420
-77
154
259
457
121
-209
-168
43
134
-116
-43
-206
-209
-249
148
-34
-313
298
-17
-358
-77
267
-96
171
-373
71
102
-75
407
-393
-518
-170
278
108
178
-87
-267
-394
-254
218
-368
479
-140
-153
-223
-5
-126
-122
-131
49
-286
-171
-372
-49
530
-286
-85
-28
287
105
-38
-128
134
-159
36
143
-80
257
56
-81
-207
-227
526
326
-146
299
277
123
-1
299
-127
-292
-4
-306
246
-150
-154
157
36
111
289
15
403
97
-73
112
-267
55
263
357
-95
395
-54
-22
795
-342
-215
-93
-151
30
-67
-98
414
-25
15
-139
94
-416
280
425
-542
288
-27
-109
169
389
71
229
-20
43
-396
254
-244
-143
-408
-8
361
-343
298
-86
217
323
126
-9
-368
-104
63
-197
205
-236
212
-36
214
180
-17
171
201
106
270
-222
54
-24
167
10
31
34
-165
219
-73
430
-153
306
-17
128
-404
-161
-247
-107
429
-36
187
58
-519
-199
-205
119
-1
-122
-413
141
189
-31
-167
-156
-11
-198
-224
-332
204
-11
-129
-151
-180
45
574
-260
451
68
-390
100
-272
332
249
139
16
368
480
339
425
433
-159
26
-155
-119
106
233
-271
-159
21
-77
-199
-12
435
296
284
-280
1
95
190
149
78
322
-186
-74
1
166
388
-240
-280
187
67
-46
130
255
220
96
-22
244
-439
220
-137
81
-586
-45
152
-225
256
105
-93
-145
-215
-432
33
416
-34
-413
-2
315
-42
274
133
294
-76
-178
250
144
-99
306
-22
417
173
147
-25
45
-134
105
28
-103
190
-60
273
230
-115
-205
-3
154
-343
-469
1
132
-289
-101
-5
-94
-3
318
406
109
-106
-42
-526
-323
275
-224
2
124
28
565
-21
-96
-423
-70
-266
133
34
297
59
-142
-109
266
340
-16
-266
71
14
309
-43
-260
174
224
-88
419
-249
142
-85
-103
255
-428
-285
-613
395
-63
-132
136
-149
-153
240
-261
-121
172
-236
-229
-16
219
131
509
295
192
294
-150
-405
-59
14
-356
-67
22
508
-445
136
229
-284
250
-105
289
146
16
255
-219
-150
-351
429
-130
-181
-390
123
239
133
43
-48
300
28
262
27
70
144
13
-8
22
198
2
-267
-655
129
-155
0
262
-133
66
360
301
89
-245
112
181
121
-706
-68
-86
122
-271
132
270
138
-129
-106
69
170
64
-169
-113
269
-75
-275
65
125
-306
74
451
10
-396
33
12
-36
48
-421
-87
-229
105
-231
100
306
-278
-90
139
-130
60
-12
175
278
-73
-470
-45
165
-49
-105
164
-72
-203
-102
-15
152
-436
-4
-331
-132
93
-272
-215
216
35
128
63
280
-258
-62
-196
-197
54
216
26
-56
95
-194
-480
82
69
120
395
410
80
25
-216
-230
-291
259
-85
183
-12
-33
-100
6
-366
-18
-140
-337
340
401
-705
-115
182
36
-107
297
-61
-167
4
-333
311
-152
-151
-254
-129
-242
420
-77
140
-399
-216
-164
225
-1
420
140
209
15
15
-454
-194
-245
-100
192
-126
-5
-105
-170
-242
389
-260
261
-261
101
324
348
-256
146
-160
41
-14
263
157
-117
154
-44
432
63
44
-8
-154
-36
-127
-43
146
224
-253
341
-489
-6
-143
-305
-364
207
151
-203
-133
-546
-412
335
39
-239
-19
-43
113
31
229
193
233
-93
-179
-24
-82
-21
154
-296
-91
-25
52
283
72
-6
16
437
346
194
-30
100
238
109
40
129
-225
-475
-181
404
-144
-56
-304
-150
536
-182
-324
115
-313
-192
-108
115
-206
-140
-418
145
64
83
58
259
94
19
-96
207
-65
-71
-112
473
-40
36
355
-43
-320
-86
-114
-356
-137
-16
177
-114
-59
318
307
-89
-428
-251
82
-25
81
344
16
-320
138
-225
-220
506
-371
-68
25
-183
38
283
42
-30
-437
1
393
-295
59
321
44
278
485
9
-125
85
-407
-127
324
-170
-158
115
107
-10
-66
-94
-221
-177
-159
483
-285
366
339
-242
-124
-373
310
-192
263
-292
-208
-97
135
-241
65
246
445
202
199
379
331
26
167
290
-94
-172
51
286
-95
13
-71
-173
-207
576
-154
97
-86
163
-297
-100
36
-159
19
-157
182
-40
-398
68
50
130
35
-273
-245
128
394
-2
-188
-526
103
-132
-215
10
-55
-183
259
143
-244
-133
140
-249
-285
-99
-104
219
229
-113
-15
35
52
-127
145
-226
-209
-442
198
46
-120
299
-138
-158
32
-28
36
136
193
238
219
176
72
107
-524
17
130
7
331
61
192
20
221
-193
34
-254
-676
-414
142
-413
-53
-86
-212
254
275
101
-233
170
310
-292
248
262
-18
-56
-82
-286
-75
-160
-228
-101
-417
-38
-164
-101
247
-204
43
-247
-322
-255
-260
411
213
-107
30
-217
97
361
-101
-82
244
-132
-433
-59
-57
-394
-427
-109
-76
454
-11
-128
-72
-420
-42
21
-228
-133
-433
87
68
-123
89
-274
162
56
-110
87
-393
-170
413
-7
-125
-116
192
223
-86
-48
-109
-112
-127
-75
102
-477
-302
-514
366
-178
241
-58
-269
-320
-27
405
-5
-116
-163
-213
196
224
-161
-351
553
299
-403
-127
56
36
-234
182
-194
-259
-14
-237
-123
214
77
28
-12
225
-91
185
-281
255
-229
98
-99
363
-783
-920
-78
-302
-411
-1
-235
-112
7
87
-229
-224
15
194
406
133
29
-120
-38
-254
-119
-219
-162
-53
217
72
95
170
-295
257
-47
-62
-545
571
-69
316
238
-67
-35
522
106
-137
136
220
-93
153
-56
-69
-234
-50
45
41
-175
36
-201
-79
39
91
-75
91
-45
434
-223
58
-23
214
-361
-244
-305
-486
293
161
-377
-184
284
-89
261
130
70
-81
-178
-130
120
-107
-52
222
258
-338
-359
38
-68
167
307
68
-168
10
55
-328
212
328
-100
12
23
12
167
474
-41
9
-134
-110
309
98
-186
199
-175
204
25
-104
-60
-198
-224
245
-185
-129
239
-245
76
20
3
-352
34
-144
-348
-225
-7
113
216
-110
-234
41
-214
-321
20
-55
-105
65
476
-5
-248
345
-297
-152
49
155
315
109
-162
354
61
-20
92
-186
-310
0
427
-148
-122
-257
50
-7
-98
-151
3
-79
-102
-113
391
33
218
95
-88
-24
-220
18
269
-262
428
-61
-66
101
-357
-171
-336
-464
-296
-159
171
392
123
-88
-12
-243
-31
90
-219
-391
67
-258
152
97
332
189
254
105
-194
92
-70
-70
-46
172
13
336
-430
-182
375
138
-89
-45
24
178
-45
-225
225
-505
-107
-187
-93
-303
54
137
-210
261
572
111
-251
505
317
17
-85
-40
13
-207
251
160
-137
279
-255
-117
-271
195
234
-300
121
167
-246
103
-165
-112
-499
-22
209
193
67
-174
-45
-142
-47
-232
-151
-282
-137
-204
-255
-67
-104
261
225
36
309
-85
-447
94
-300
-10
311
153
-196
-285
52
148
-85
-171
-117
144
317
150
419
379
-141
-153
106
-33
97
-162
284
143
196
227
89
-245
84
524
-212
-193
175
47
-236
148
283
-83
-146
20
-240
356
-58
-47
-218
-96
-195
-84
-55
33
-161
87
-191
-89
186
-13
192
-189
-408
12
165
-30
-499
320
-203
167
51
161
205
-300
-10
499
37
23
37
101
72
128
-240
122
28
158
-179
-159
-71
-382
-316
364
480
-116
-339
-256
152
-159
304
61
497
-68
-773
391
-55
-80
194
349
82
-84
386
288
-120
194
-88
-114
-219
139
217
12
114
-342
443
-76
-525
-53
-35
122
-251
126
117
76
402
122
454
-104
-47
-28
-305
255
389
406
40
-162
-413
296
158
161
95
500
-141
-316
176
205
-248
59
422
237
457
-201
57
-3
183
-315
184
-117
156
-110
39
175
448
26
-343
-453
225
206
171
-5
-54
249
100
41
522
118
54
-164
-40
-606
25
-163
-210
-141
96
99
42
-90
290
228
172
-143
-79
-68
381
380
21
188
-54
-356
-12
-122
329
40
-269
216
-362
-318
-113
-16
-85
299
128
45
-228
353
202
130
119
-29
370
-263
-225
-142
-66
39
171
-76
-455
-61
204
80
244
-170
-99
250
-35
-209
-226
-444
250
485
-242
-72
81
-93
53
-146
-64
-220
57
416
109
-340
98
-180
115
-44
-79
-354
-109
168
-38
49
202
293
425
192
251
116
275
85
-23
-31
128
118
373
239
-218
-218
-339
-16
146
215
101
-54
-266
-81
180
-207
71
49
159
93
-24
-72
-81
-281
13
54
-68
337
-10
-242
318
173
364
-119
82
-446
114
155
178
200
-102
404
-77
-293
-88
42
-51
-45
-113
674
-19
-258
-156
-65
-80
-439
-45
8
156
-11
81
246
-68
-1
-263
295
80
295
-97
197
338
367
-14
98
58
177
117
201
76
-295
-181
133
-276
-145
233
65
90
37
2
-89
422
-289
-179
-5
70
-419
-157
-26
-16
-29
83
-117
155
15
-229
234
123
-221
65
100
-36
33
-192
67
-44
-298
-7
-228
-291
-277
-9
392
252
-265
-101
22
-97
-151
72
-248
-244
-284
4
-49
42
166
-6
-255
-281
-112
319
-138
-626
572
-38
230
-211
190
-282
-134
-303
232
-46
-95
5
-4
-25
-135
-285
-112
89
153
205
-173
-328
275
-651
355
-250
-619
383
-242
22
202
-465
358
101
35
-85
-262
-287
38
-562
23
-39
-125
21
-229
-63
103
-127
522
-24
-331
-228
-160
93
149
-219
32
95
-106
240
-47
65
-2
-104
92
366
-343
-33
-171
138
59
-172
191
-222
-30
-294
8
94
87
91
-22
-55
53
-507
-133
507
68
69
-66
-45
-161
278
-293
-403
112
11
154
-590
19
-157
-22
91
162
-347
45
-432
-182
-98
-320
189
14
77
-564
293
-272
94
94
-259
-15
68
92
-501
127
16
116
-366
-146
-89
30
59
-120
-106
-82
-15
-129
303
142
-178
-60
-498
-181
-38
58
107
-177
-293
561
181
418
-9
382
98
-147
455
-368
247
130
112
183
74
-46
-30
-388
505
-170
132
-163
-116
-263
236
-100
-190
32
303
38
190
212
403
12
264
-51
280
-249
106
376
-53
20
23
-291
-18
-433
-225
-2
200
-127
-135
126
189
-302
6
34
-120
-242
52
-168
576
-220
372
-79
465
446
-180
-58
611
-238
-758
37
40
-270
-179
-116
91
-1
119
-257
-226
85
-349
89
-48
-172
77
-50
426
169
157
142
-387
67
-150
-12
519
-224
208
