49 68 169
0 17
0 33
2 4
2 12
3 45
4 17
4 24
5 34
8 18
8 19
9 24
9 33
9 40
10 22
11 17
12 34
13 20
14 6
15 4
16 13
18 9
18 36
19 1
20 2
20 10
20 48
21 23
22 8
24 12
24 19
24 47
26 24
26 45
28 1
28 21
28 44
29 1
29 20
31 16
31 27
32 9
32 38
33 29
33 35
33 45
34 2
34 35
35 8
35 30
35 39
35 40
36 17
37 23
37 27
38 1
38 9
39 4
39 25
40 0
40 26
41 41
42 28
42 29
43 21
44 41
45 37
46 45
48 14
35
63
66
8
11
13
30
18
44
41
23
14
43
40
28
39
60
37
38
49
1
6
64
59
0
29
42
32
58
34
24
21
55
20
65
57
15
4
19
5
12
45
50
17
67
53
54
61
31
2
48
33
3
56
22
51
9
25
47
7
27
62
52
46
10
26
16
36
-171
-174
202
-44
97
-195
-94
-598
15
67
-74
-284
-101
-68
-196
318
-124
-103
-228
127
-9
298
-59
34
41
363
137
-63
-35
197
178
-205
-64
316
-40
-358
-50
313
-219
-120
-354
53
125
155
-96
31
-139
26
-74
21
-39
242
-106
-90
-67
52
-27
14
98
149
-117
-100
-26
-93
-242
59
-75
-198
84
-65
-192
0
-34
-8
-112
-206
79
-184
266
132
21
23
64
-176
179
33
76
-179
22
-110
46
-129
-19
43
236
135
-144
162
93
5
-68
-380
-98
14
-40
60
-163
54
-301
-51
147
-17
81
44
15
180
-46
68
76
-58
-22
155
-23
-119
264
-47
-33
134
1
-177
2
70
79
-48
-3
420
215
146
-160
160
77
181
107
42
-46
4
-74
91
155
148
-215
-4
-56
161
285
-32
-218
6
27
212
123
-14
-35
173
-19
261
341
-184
421
-12
-186
219
214
65
-68
-228
-215
-78
-214
-1
52
44
219
-35
6
-267
109
20
-27
13
29
-181
-261
220
125
179
204
-197
67
75
179
228
135
8
119
141
90
-60
113
46
-41
23
-58
-112
-173
0
230
-179
-84
87
-269
41
-236
-168
193
131
47
69
-48
322
-35
64
36
-123
51
-341
109
-137
-161
-283
234
-267
146
-220
16
191
67
160
367
-82
-175
47
18
206
-316
25
90
118
-48
-129
-61
-53
147
-95
-129
307
-334
-91
-207
-125
-76
290
230
-177
95
163
144
-37
-185
153
-187
148
-4
-33
226
430
-80
127
-112
-51
-204
79
-229
-80
-147
-296
-222
-127
-46
104
3
-238
-8
-365
-147
-36
-10
-124
-36
77
74
120
161
87
-86
98
44
-90
247
133
77
9
323
-49
210
60
101
17
226
-21
-138
-80
44
145
-116
-149
-184
-256
143
102
133
-336
261
6
264
-64
-170
162
-178
-301
101
232
-150
-301
-128
-73
-171
356
148
229
-101
216
-32
-161
201
177
-125
-97
-268
-93
-50
-217
-89
204
-349
-190
-57
57
-93
-101
-106
79
288
31
144
-66
-294
-227
66
-339
-174
323
-205
219
148
251
-209
93
-422
-303
-195
156
123
381
114
-203
293
-80
161
43
249
-294
420
-150
114
4
-150
-263
-58
-213
-234
-214
271
230
-181
-177
-80
-52
-24
100
-48
-203
-162
227
-28
-355
-121
32
122
-136
-26
-75
-48
-15
-78
27
-189
147
-94
-17
207
130
258
-297
94
-53
-47
88
-40
-130
-33
-272
-390
-7
58
-96
-22
20
-168
71
-210
23
53
28
-38
-199
70
34
-262
-128
-228
-152
59
71
-74
-270
-449
-49
-38
-153
153
146
64
63
-67
-145
-526
-116
235
80
-47
-216
76
-149
-125
-81
25
-47
303
3
-58
238
77
-130
-134
195
-133
92
-164
43
151
-54
160
48
175
57
206
111
-170
165
-169
168
-92
179
-80
8
-152
-27
-111
-98
-36
-128
-115
160
95
-55
-14
3
-154
147
-53
-12
-214
134
248
137
-2
23
-89
65
243
-184
-63
254
-258
-71
-52
-110
58
-410
-11
292
-49
150
-12
100
-242
255
-96
99
137
-203
304
-190
-21
51
95
-138
104
-79
86
126
-300
-164
38
218
141
166
207
-48
86
170
-32
-102
-159
-187
-204
-219
318
225
185
135
115
273
5
93
-193
-97
22
92
268
226
173
21
148
218
-57
184
-230
-12
245
174
17
130
234
142
296
-7
256
92
60
-142
112
53
2
226
107
360
25
-18
32
16
-119
-78
-213
97
-180
369
-72
-97
-50
-14
216
-25
-109
-159
180
222
172
20
-288
-56
-195
91
319
-289
-202
45
190
-123
92
-101
272
-214
244
-16
-64
-244
-18
-14
398
-5
-174
-63
-296
211
469
10
159
-17
-251
169
-184
21
181
26
245
108
-131
-67
277
91
-99
133
244
48
-242
77
92
186
46
114
-397
-81
-143
-363
321
-58
-150
-83
-10
-193
-177
-85
131
21
-11
-195
161
-120
-55
82
-190
0
-322
153
56
62
-143
122
100
155
77
118
-177
430
-167
-139
270
-83
-177
-179
-138
-197
175
307
-25
-32
-6
126
204
-66
-98
-121
-243
-159
-161
-19
-206
-127
-406
42
-106
266
-386
52
90
214
-38
224
-55
-3
-238
197
-118
-36
-96
16
96
-199
344
58
-6
-171
-30
-249
-69
-55
120
-199
-139
-57
-53
167
108
-35
69
92
-5
-73
-175
-138
50
-127
0
26
-46
353
-98
-171
-61
24
84
51
83
-367
-69
25
-212
347
100
-2
-96
57
63
132
2
-185
399
-120
-180
370
-29
224
13
-210
243
-145
102
-129
-225
93
113
-36
-13
137
351
-225
79
385
132
-52
-112
80
54
-186
41
179
51
-34
287
-2
-193
-80
123
-56
-356
-231
126
98
77
-14
-142
-211
-49
106
44
25
-14
92
-44
-282
170
74
267
175
-71
-120
-237
63
146
96
-82
218
-95
-140
231
18
-6
12
118
46
-360
120
112
27
38
-367
-54
102
395
46
-8
294
193
-8
117
-158
-187
-179
367
156
-73
208
90
-84
-64
211
-106
136
141
51
87
-12
167
94
75
-27
-22
115
270
89
275
77
87
58
157
84
-235
137
-85
-199
-70
302
-1
-293
20
-102
-147
-347
78
-198
-109
2
-21
-216
-123
30
-131
211
10
-90
12
81
106
107
-20
16
-37
110
-42
-277
-236
91
196
152
26
-202
-41
58
98
-1
-149
163
245
-181
110
-107
122
-131
-157
235
-76
-144
-145
-152
-144
89
-242
-122
-382
155
33
-130
-152
143
208
249
-190
24
-196
61
-50
-98
-54
-251
-97
-82
190
-178
-175
160
-3
-46
-104
120
-218
-354
72
-158
-228
58
-95
53
26
-166
270
210
-237
151
3
-467
-45
-107
411
-397
-77
-28
113
354
-36
-45
41
15
168
-34
409
26
350
-46
28
45
-142
220
-248
-436
3
-2
-6
102
-21
-258
32
-98
68
31
214
283
-1
40
-254
146
31
89
-74
76
135
240
-300
135
53
-63
-20
166
-162
90
-75
78
131
27
48
-100
-121
230
-55
-182
255
127
-118
-25
-44
-154
-138
-201
99
107
-91
-239
-190
-205
-226
85
138
82
-97
261
-31
4
2
34
-327
-117
75
167
200
-236
-359
90
181
-87
165
44
-211
-59
201
75
-283
-336
308
-83
108
-116
-84
133
-32
-14
98
116
-51
325
101
8
29
-315
97
-201
27
13
202
-12
-149
-49
48
-93
156
5
198
11
-250
2
124
-130
-81
-145
-54
104
-75
-153
229
178
-52
175
127
5
41
-156
40
343
-182
42
299
-110
9
16
-52
-6
137
-15
244
-44
-63
107
-131
137
-57
-49
17
135
181
20
36
19
219
28
-47
104
-112
-228
138
-315
-34
-76
-192
-147
172
-30
222
238
-44
57
-111
-123
-86
-273
0
-377
-100
-23
-237
-156
77
-42
-21
-403
210
-35
31
71
107
89
-150
-199
6
-200
-94
-100
-119
84
-36
80
155
72
105
-206
89
236
89
64
-419
107
-18
-95
97
-303
35
-296
-36
227
184
257
430
-63
-202
-48
-178
-422
111
-50
169
-328
-29
96
562
105
370
-274
-114
85
-6
-14
-90
231
304
-169
-112
-78
-164
171
92
32
-138
300
-160
151
5
131
-445
-142
-39
-153
-242
-227
107
-139
74
179
-182
-134
-238
164
-30
261
56
11
86
-36
-65
161
-143
-135
-100
-154
-17
-140
-417
-39
-33
-49
-149
217
25
138
135
-104
-97
12
-138
-60
180
91
-27
-66
88
-18
-25
-66
-117
-280
81
155
164
165
271
52
63
142
-156
241
-205
119
-63
37
109
-5
-82
-146
-106
-209
-188
52
-28
199
109
-127
5
-175
-215
-344
-175
112
123
186
204
208
-135
-192
144
9
-91
-136
343
79
266
-66
-255
388
73
281
-234
56
91
-84
13
107
145
-121
-115
-89
115
-10
55
145
43
-106
-74
220
13
-269
213
-224
131
248
46
111
-192
18
12
85
-131
-166
55
298
229
-88
-70
-504
-95
76
-96
-398
-22
-23
-294
88
157
-229
129
-207
-120
-86
-79
258
-309
98
508
182
139
-84
208
7
-155
234
-56
30
-101
-388
78
94
-322
-63
23
20
136
81
199
-276
18
87
-105
-1
25
-158
-16
-12
-25
-104
-59
74
-142
-96
-43
-380
-17
75
153
264
-144
-56
98
-164
-84
26
-62
206
444
209
144
-382
-217
-6
125
-132
0
229
13
-31
103
115
251
83
-51
293
-35
-266
1
-79
-143
84
-203
81
79
-91
20
-262
145
139
76
86
26
-171
-34
62
-206
-16
-66
-20
-32
-267
259
143
62
177
12
206
-146
69
-116
-22
-121
-63
23
109
-66
16
-122
253
-51
197
67
107
-15
35
92
173
126
-105
197
-83
-114
11
-220
-176
7
-42
-212
211
200
51
121
-205
78
220
192
-149
-57
-187
-22
284
265
158
-57
164
177
91
-7
298
261
-55
-47
23
141
-24
-94
-219
174
115
17
-429
-180
-142
304
-427
-62
-65
62
145
240
-49
162
-64
-405
143
356
-41
111
-14
193
132
268
81
-10
-14
-18
230
55
-114
208
-227
202
-284
-142
155
31
-97
-51
264
393
-353
-186
190
-11
116
28
5
2
-14
-221
-18
235
45
147
-57
-96
454
-161
-82
-242
62
308
-211
280
149
-88
34
55
290
63
350
-146
-165
-149
-103
-210
-141
29
229
10
160
190
178
191
220
-9
201
-234
-91
-263
60
-74
148
-137
-337
183
261
-168
-111
-124
81
278
-190
31
15
-215
-59
157
-115
-158
-231
-80
74
30
-68
104
-190
-96
-83
-173
8
60
60
127
280
-42
46
-189
155
391
17
-210
-266
-299
-63
-122
4
78
150
238
29
-141
29
153
76
-214
120
-265
8
341
-128
15
-3
-32
-48
-133
-38
66
-67
145
-222
71
-136
-95
-30
174
38
-144
-29
179
-116
39
-161
149
118
-78
-73
171
-63
-1
-295
-20
-52
-68
-63
36
239
275
-107
19
-41
72
234
-165
-36
55
-103
183
-61
94
-62
-55
327
-45
61
-119
228
-219
-90
-220
50
182
-60
-310
-15
253
-64
341
58
64
-61
-175
-74
-102
590
129
-31
-87
-201
4
67
80
257
106
301
-142
169
-85
325
-251
-80
63
62
-160
-95
-167
237
-85
-31
-183
227
-59
84
217
-8
-227
141
99
76
162
120
-74
-263
-96
-224
-82
-121
243
12
-130
66
86
-232
98
6
-429
-150
-78
4
-227
-74
12
158
62
-98
-142
-326
151
-183
49
172
109
-8
-11
154
89
-66
-303
-260
8
-328
256
-229
209
78
-59
37
-119
91
-134
-166
201
185
172
122
84
-275
-178
101
115
276
312
78
-163
108
-137
15
52
-125
-30
92
-201
47
109
-66
118
136
-134
-120
37
-18
-261
202
-199
231
84
-142
379
-146
255
197
209
-195
-185
1
55
-244
153
87
255
19
90
-93
42
68
-106
-228
-329
-168
197
35
-321
-128
-62
-229
-10
-114
40
27
75
-5
217
69
-233
-20
183
-117
-133
-67
107
-64
40
136
96
187
206
-317
95
-5
146
28
-91
224
-83
56
-189
-97
-206
-175
200
-86
-103
-165
-209
312
-87
-83
-139
4
194
-116
-50
-119
-321
155
-70
186
-191
26
-290
255
136
-47
94
9
-166
59
-187
79
-368
-10
20
222
-21
-27
-6
101
3
-86
-314
-54
-35
-181
164
-178
-50
193
78
25
-76
52
215
-28
251
-100
89
-96
184
-95
-147
-21
97
98
-125
-244
48
52
-3
142
5
201
22
-157
-171
-111
89
43
-139
64
175
58
477
-29
-199
-225
-212
83
-155
-70
-86
136
464
203
-194
194
-333
37
159
-220
399
470
304
-239
92
167
-164
68
-124
15
-202
-170
108
-42
-50
-1
158
-144
-78
108
53
-378
-290
183
220
104
58
-115
278
-26
83
-240
-112
103
49
245
-22
-158
212
-16
69
337
37
-152
29
-279
-37
211
159
257
-135
-286
-371
302
-223
79
102
-351
-68
-132
121
44
-6
-52
19
243
133
33
-212
119
-176
256
64
-186
30
138
180
-193
189
-156
191
317
246
-22
96
111
-20
-120
49
-62
-213
9
173
150
28
-147
32
-352
-64
291
-100
34
-10
232
32
-150
106
-379
279
20
342
-68
86
33
-67
-203
-205
-94
-127
269
-25
-85
144
284
57
192
-164
-59
-7
7
263
96
-94
-233
-28
33
-236
19
104
-73
277
245
-315
254
-10
194
99
27
-127
-205
-62
-132
272
-321
115
37
-49
62
-188
544
-96
40
-86
207
-26
-136
95
-280
-166
393
-211
189
137
124
22
-59
213
257
66
53
-12
98
-65
85
-509
47
87
-380
-140
72
-170
-113
279
10
-56
-340
-23
107
-109
97
316
24
88
60
-18
-24
-14
94
-79
-374
-244
-235
-96
-220
77
66
334
-94
104
-121
-232
455
-72
20
88
-102
-152
136
-231
51
-16
-25
-234
113
-88
-242
406
63
142
-330
75
-83
-290
-144
53
-50
-33
280
21
-104
185
-183
-48
-97
229
-7
155
82
-132
-88
-101
-40
-197
-189
-68
135
58
-1
-63
154
-119
67
149
48
-161
-60
97
190
152
-326
276
178
-122
-100
-24
-220
140
6
-150
162
-125
-258
20
185
32
19
445
143
-117
-83
63
167
-260
-180
-248
-94
79
88
287
94
-39
-317
-7
-20
119
-86
-155
-111
154
156
-254
230
69
115
-142
-237
-127
385
-100
153
-100
-455
171
107
404
146
172
-244
-369
184
202
81
-136
-19
83
-60
-194
-220
136
-149
132
38
281
-379
-232
-27
-68
-328
-94
-237
32
336
85
62
65
154
-128
-96
58
-26
44
114
-246
95
-242
14
-9
165
343
-59
235
4
36
50
350
42
263
-282
166
-233
-208
294
61
-80
-132
-226
-193
126
-141
-56
-545
10
76
348
25
-159
-15
60
210
90
-89
-287
151
114
129
-19
46
302
-98
87
52
271
-147
16
120
87
-136
9
-39
-96
187
-168
-26
-10
114
-325
17
73
-157
-99
79
-92
145
112
-142
-229
62
-223
-56
156
-333
13
-74
12
102
121
28
79
-61
-221
111
-136
-171
12
-163
209
-195
199
5
29
-17
4
-398
-101
-87
-252
-35
-195
-98
68
-88
95
419
167
-306
76
466
-69
-114
127
-178
138
83
-97
-4
-140
-131
-169
-19
-167
-115
-295
-65
-127
-71
-205
-331
-58
-195
-69
-46
-67
-4
393
81
17
207
342
-157
-451
-244
-252
159
-33
-118
-109
284
87
142
251
24
-36
-247
160
-400
-209
30
65
186
105
55
64
50
31
-75
129
-406
24
-39
-27
169
-128
-28
-208
285
169
87
-102
-146
103
131
298
236
-77
-72
14
-101
237
-179
153
191
-84
-301
-367
431
0
-80
-125
27
37
99
122
98
250
40
133
126
-199
55
-123
-123
70
-16
-45
-392
48
-251
94
-406
66
-145
-51
-168
-77
-116
-9
364
-137
-29
94
338
206
-123
-23
50
-252
-257
196
-20
-79
-202
-254
260
-349
-24
282
-131
-24
247
-178
-298
98
209
-33
80
-145
56
-7
-10
-184
46
-69
-203
390
-170
15
125
255
-55
-66
-77
-154
34
-7
-52
-12
211
192
61
-53
153
75
-254
-297
307
223
-18
9
54
223
-81
211
10
118
-8
244
229
362
-31
55
-243
-13
374
-187
34
-5
239
-22
156
-78
89
-313
150
-120
368
-189
-24
135
-69
-22
18
-314
-149
22
151
101
-137
-64
213
-255
-129
-15
184
-95
33
56
194
34
-141
94
56
-194
-112
179
173
67
30
-393
-130
-295
-336
-104
301
-111
58
-187
79
28
85
-366
-118
-33
-147
-24
-130
-194
35
34
113
-211
-268
-58
14
-322
-44
-142
135
142
456
316
93
242
-147
39
-60
6
-4
15
309
-34
165
-150
-108
-28
-84
-110
-73
-112
-22
212
207
183
66
16
26
-120
158
-180
-268
199
-15
-67
127
111
129
-74
-203
50
-21
248
87
185
-131
49
80
-167
-50
75
160
-21
88
184
366
173
371
-14
-329
65
205
-62
-66
71
7
155
-87
-15
1
328
114
-4
297
46
-110
-120
-345
102
208
-205
-73
-23
-197
-59
88
-350
-248
-340
-36
-63
-14
204
-12
107
16
-268
133
0
-206
60
183
138
-310
96
139
-85
17
-73
184
178
44
-29
31
55
190
-86
210
363
78
-186
-318
-94
80
268
28
91
-229
41
-139
-106
-398
184
100
254
-33
263
-299
-7
-183
257
-66
126
90
151
312
-275
-46
-281
-74
63
587
258
-50
-10
0
-106
224
-96
-132
-33
-196
70
-233
187
-88
38
77
68
-23
162
107
132
147
258
-58
43
186
-118
-79
-334
27
-130
-166
-225
46
-335
-78
9
-29
120
331
-75
107
-98
-146
-240
84
-31
-49
-49
228
-511
173
-48
-70
137
328
-249
-223
11
-79
235
-290
221
228
233
-201
-289
189
114
-162
83
170
93
59
-174
359
-115
-129
45
203
-187
27
27
-272
89
-163
125
355
222
-46
70
-58
-252
-413
-204
9
129
56
-245
-234
-12
102
-238
221
96
-22
255
270
-206
-81
-155
218
204
-134
-171
-17
156
-93
-95
-345
-351
2
-122
-558
157
178
-223
200
85
163
-299
-75
248
-285
46
-98
10
-88
118
-173
-6
76
7
10
-177
71
283
-89
154
-20
-152
-51
163
-133
245
-34
65
41
-121
-31
195
-166
-31
-197
-240
-159
10
45
-218
-320
-42
384
4
-237
359
175
187
3
28
-195
33
73
322
-105
50
235
418
246
6
70
56
-34
12
-89
19
-161
114
-290
96
-346
-316
163
-265
-44
-220
88
133
39
-83
44
-33
-49
-312
-115
206
-217
-65
-218
347
112
-61
213
-40
-148
-312
-7
-153
302
-74
112
-416
-31
-1
303
-7
35
-134
-75
-122
-9
87
121
-81
-31
-6
-247
97
47
-90
149
-185
1
93
268
-121
-68
-130
-110
14
133
251
188
198
233
-56
297
-130
-45
206
-221
-51
90
65
-68
77
7
-68
173
-261
94
206
-124
-316
-228
-6
-111
-228
-43
125
17
1
80
-351
-78
-102
5
-148
-72
-117
-412
248
-388
-169
-184
292
87
-116
-447
-32
-67
225
-211
139
-16
-210
-42
92
82
76
-24
-31
-43
93
34
-119
106
10
146
-53
-72
123
43
-102
22
197
-125
-428
-53
-45
25
142
69
-158
227
-391
153
-74
-236
-78
-142
36
20
115
39
12
-68
-1
10
-3
326
87
-135
72
-171
167
169
-2
380
193
99
-60
5
-175
31
161
-6
57
435
-70
288
20
-24
-12
49
-147
70
241
-159
163
6
181
148
152
-164
61
20
-194
10
-75
-222
-131
-108
79
176
519
-130
0
105
-246
-18
195
-150
224
-65
263
-40
51
13
-112
-276
196
43
96
-349
-59
-163
85
214
-30
-48
-86
98
82
-319
-146
2
-235
-216
-104
371
-206
-24
225
-66
-238
273
24
28
-58
-172
-154
-60
-47
-227
80
-267
80
11
-154
-6
223
329
95
191
-61
-316
-370
205
-81
146
46
16
197
-173
-312
-116
115
124
-92
-129
-26
64
105
322
219
297
66
-264
-259
117
115
-86
94
-36
-67
-47
-88
299
-276
263
-104
-114
-66
470
-83
-183
-183
124
231
-171
298
-228
-80
86
-215
223
87
-206
28
27
93
196
-158
247
-221
85
-143
99
-299
5
-103
26
254
81
179
-11
59
-106
84
-259
113
112
-158
-218
27
-81
103
-256
-167
-236
104
-95
11
-181
31
224
-178
139
-15
29
344
-27
295
102
-220
-143
-27
-146
65
129
294
136
86
202
119
99
229
34
-67
202
-50
-16
-419
-3
-81
-187
193
103
-336
-62
-52
335
-247
-40
-240
-493
-114
289
-232
200
-47
-267
-155
153
326
199
50
-167
-223
-334
77
-133
-3
-26
64
-93
-84
339
67
-87
-112
164
-36
-232
256
26
52
-113
-385
158
-225
-40
-77
305
-64
-128
-96
-138
79
-78
-258
377
55
259
-175
202
95
275
87
-91
-34
-205
-33
181
-74
-158
76
-186
-22
-154
171
-156
-82
12
-6
224
-97
-40
252
135
226
-174
95
-256
-212
-49
49
244
-181
-159
76
246
-93
-126
-91
-32
5
66
-256
-115
17
-27
-8
-235
74
-220
400
-339
-44
118
-86
195
107
236
-110
-57
113
123
-6
95
-229
-14
-7
75
-107
-234
168
-223
-114
92
268
168
-21
220
-176
222
171
243
181
32
125
24
263
-20
-173
4
-193
-165
14
-49
-51
267
16
-302
92
106
304
-122
256
130
224
-14
57
192
301
205
-144
-59
135
-64
17
3
-146
-160
481
35
388
102
27
58
-36
181
17
208
-42
29
-30
208
76
-36
-163
253
111
205
2
-202
163
-73
-58
88
105
79
-109
-13
235
-140
312
-72
26
69
-55
32
-182
-187
-135
73
13
-221
-2
138
178
-26
-113
-63
-316
-98
-265
76
-104
290
115
1
-185
-23
-206
-18
183
150
245
34
8
-152
61
-160
44
-58
10
-97
9
-152
-202
206
161
247
173
64
41
242
-159
-16
91
156
-220
126
63
93
68
-128
-255
-324
-7
-53
-29
-186
11
-108
-254
-66
29
-39
-33
122
-27
-59
10
-242
-126
-268
105
-82
206
206
-366
126
-240
-90
-46
160
161
264
-113
-105
-70
-76
100
-158
32
342
-283
26
-51
-69
-60
-340
-152
-216
-239
-284
16
-379
98
-139
-120
-181
27
299
29
87
-192
-37
26
27
19
-603
84
-71
29
-299
276
-297
295
-22
-125
-45
-181
-36
27
2
-196
-139
-84
-10
-30
-272
-181
20
-191
80
-70
79
-183
-35
-232
-309
-17
149
-200
-24
2
254
76
-107
158
-293
-76
-240
168
59
-113
-237
-115
-236
-381
-180
59
-159
-152
2
40
116
-150
13
-204
-70
-113
31
40
156
-2
-25
11
-108
-133
-49
-23
-38
-126
-50
121
120
-38
-340
-329
149
-72
140
11
-14
146
89
-317
-175
-188
150
145
-272
-193
-244
-201
-243
-100
37
-145
105
51
166
-48
-151
100
129
254
-154
33
-4
28
-73
55
58
9
138
3
-196
-50
-80
-147
283
69
-489
-180
122
-210
-116
-144
-164
-189
-15
106
283
176
-368
-116
-2
-219
-255
-371
85
354
348
27
80
8
-272
252
-204
17
2
-34
10
-74
122
182
60
-15
172
-81
277
-433
-96
-102
163
-114
195
123
71
148
276
-106
67
-116
-89
-230
252
351
-34
-200
133
-192
120
-354
-213
-175
-130
-4
109
-219
197
-89
-156
146
-18
-36
-213
125
-255
-7
-29
-247
370
146
-48
-262
-48
405
195
310
218
-108
-176
-97
185
13
100
-83
199
-145
-55
4
-115
169
-133
181
104
41
189
65
-66
92
-101
-54
-81
59
28
314
185
-13
144
-68
-148
235
-33
116
-61
38
89
261
124
270
-200
319
275
-112
139
-14
-186
-93
-12
4
-72
-30
40
-219
74
-252
60
36
-42
0
-18
272
-124
340
29
172
323
198
83
57
6
103
-206
138
-20
-42
-110
-150
2
109
31
-135
176
72
-197
19
-221
-92
-151
-131
-38
72
164
180
-74
-104
87
-77
-187
5
-205
9
34
33
-209
242
-280
251
131
331
-411
-138
-104
34
-24
-101
187
-30
-17
187
47
189
145
52
-47
-174
12
208
94
95
63
200
318
75
4
5
128
101
-286
151
108
-250
272
-420
-3
88
-66
100
-4
151
302
-346
324
-82
213
-43
-208
-109
-153
59
138
-108
-153
46
275
-175
23
147
-6
457
374
75
-232
-264
-152
169
72
130
-168
-317
273
124
339
35
-71
305
287
109
2
88
-2
-30
-305
287
53
270
-147
248
-89
96
-16
71
155
-186
-27
154
-68
-19
147
-117
-148
103
17
5
-234
-224
-182
-101
-284
307
58
-34
245
-56
-87
-138
-32
4
215
465
-189
83
67
317
37
229
364
367
310
-218
-118
41
5
-15
-259
-79
-203
340
-45
-231
-190
334
338
55
-2
24
-77
-274
-127
103
143
-32
64
204
133
-59
399
-197
77
26
-99
31
-236
265
-75
-77
15
-28
-37
34
-72
-107
-118
-302
348
285
203
-109
-133
377
56
52
364
-295
212
-259
138
-154
2
236
-227
-119
121
193
-209
-251
28
-103
-120
-75
29
185
-30
-25
52
67
211
-205
-259
25
-76
264
159
85
168
-22
178
-130
74
-12
231
11
-113
-29
137
221
-413
118
44
335
116
167
73
87
-163
272
-29
-94
56
-112
165
-83
-56
-84
-128
-240
158
29
115
-12
-7
150
-4
25
-74
92
-102
27
-282
-18
138
252
-31
48
256
-89
239
13
158
-33
145
183
-192
82
-49
-190
131
120
-119
-31
-99
140
-289
92
271
245
-63
103
383
-161
-349
40
-14
46
31
89
39
134
-213
-102
65
-76
205
-76
193
31
-46
-13
-37
-143
-90
-135
191
-37
-100
-28
343
-169
188
-73
-177
-418
97
145
-48
-272
-38
-17
-194
-27
189
-73
-63
-129
-177
163
-264
-45
201
-457
-46
-22
-280
258
122
-172
211
180
-289
-124
124
197
254
54
-144
-22
84
-176
89
-127
-79
78
12
290
-143
-150
32
54
-192
384
-109
216
188
209
-116
-14
190
-6
-296
104
-246
-223
-102
-222
259
41
-302
-268
-6
35
-7
217
43
-28
97
-81
-159
27
-264
-40
55
109
-295
-109
74
-12
-66
40
40
-135
16
39
-268
334
-94
-116
-130
110
-112
221
104
171
-194
62
231
-51
-316
-67
214
74
35
69
-227
107
296
29
-143
-164
146
-135
43
-177
166
98
327
203
-77
-178
113
-214
-28
-59
-53
-188
363
328
-31
189
-319
-19
-23
-91
-55
89
31
65
-192
-407
-26
132
13
-26
-224
89
158
-147
-184
-28
53
51
7
81
-191
91
34
29
334
-44
-162
30
151
106
45
-193
-255
183
-77
214
310
-48
-62
136
33
-144
-225
6
-198
-155
44
-48
55
-281
-279
-339
-319
98
202
82
-197
-52
232
-264
-54
494
-141
56
216
50
88
-49
77
-206
-45
239
-223
121
-223
-205
145
359
321
-65
-253
203
-53
-85
-148
103
40
134
-21
224
262
10
-516
-151
43
331
-40
-103
-40
277
-80
302
-35
303
-38
16
126
-59
-4
-11
-137
-137
57
113
-123
50
-97
365
22
255
109
9
142
222
261
-224
88
22
-64
-96
229
104
-38
46
138
-189
-121
-62
314
-149
100
-256
147
-238
33
64
-163
-212
52
-439
-59
92
119
133
-139
-116
279
-162
-100
326
75
17
-61
-120
-10
-13
315
-156
15
-183
79
-1
-302
-172
-27
201
19
142
-302
199
154
74
-194
-20
-86
153
-140
-11
41
-133
-342
-74
281
-79
133
-203
39
-150
82
-91
86
3
44
-275
31
171
146
-20
216
-88
33
-127
191
17
-88
-93
-259
-135
54
-61
44
253
-90
-223
116
520
33
-219
89
-295
-77
-235
-22
99
160
-22
180
71
107
111
79
289
170
-39
-152
394
-265
129
12
220
-217
-614
-46
254
-182
-123
16
-175
-28
28
203
14
12
161
178
-80
-124
103
222
-10
72
-74
-291
-18
-176
19
84
44
-87
-86
-256
66
-60
-65
57
-18
-9
57
199
-419
95
16
-161
-19
31
-13
129
-160
88
-252
116
371
-75
118
-141
-73
88
32
59
-138
-246
-68
-123
-58
-148
18
-32
-129
-156
1
72
79
-257
-37
150
-101
-54
-12
215
141
-177
-69
-189
-191
-48
0
-148
193
75
242
213
114
-20
368
-200
69
-108
247
160
136
-1
96
12
252
207
-329
204
-141
11
154
-144
-10
-116
346
-143
-159
365
252
-245
52
382
-57
36
-224
19
-58
33
71
-114
-87
-62
-8
-27
-37
192
-4
-197
141
-392
-324
26
-36
319
-235
-363
-180
-210
123
-169
106
-148
-192
-260
-354
-157
-50
47
-185
-378
-176
-85
-183
-133
269
-4
-59
-40
-224
-70
355
-244
-226
-7
36
-130
12
122
-146
147
70
-39
233
8
409
46
86
546
168
26
-8
-104
133
93
-240
-5
-148
-81
-308
171
329
-352
-3
34
-68
-206
-182
244
81
-305
-80
191
-111
409
217
-171
59
-212
-97
52
74
149
20
-83
43
-223
58
221
221
114
-409
257
91
-5
-34
6
202
9
-66
-78
-183
139
-182
-74
-52
-156
92
86
-88
284
187
-138
169
250
254
92
26
-11
128
-21
228
258
-3
234
-25
268
-379
-192
134
-246
5
230
-34
272
178
-95
-177
211
242
30
121
173
-85
239
135
134
246
33
111
125
122
-211
67
-64
-352
133
222
-38
-37
-108
-78
-122
-92
171
-88
107
120
448
31
100
-194
-104
-64
85
188
107
29
-117
-146
14
159
0
187
139
-111
-190
93
39
111
-210
240
181
120
-163
-23
-52
175
-90
44
12
-364
50
-189
107
117
-105
-79
81
122
-55
280
84
-129
168
191
94
-140
22
119
-411
61
169
139
-82
184
-95
207
266
-155
-80
61
-254
-4
-277
14
-69
119
269
-127
-16
142
38
88
212
-97
176
-13
-47
-5
-111
-187
-175
-42
-184
5
-67
-59
53
-6
187
261
193
189
-161
-23
76
51
-106
-128
185
-40
285
-176
-109
-150
46
171
94
254
21
17
-84
194
55
74
-33
-179
-395
-232
379
-20
-162
-125
-304
66
135
-84
151
281
208
251
-96
-177
15
34
-71
-234
-35
89
48
67
425
245
85
-111
-16
-2
34
123
75
167
59
222
-77
-103
137
108
-266
393
13
-235
-124
-15
-143
276
-166
-130
228
379
139
129
-255
151
-133
-30
85
-126
-331
0
97
134
-29
-303
266
18
-142
-143
273
94
63
-24
-236
78
-97
52
-57
44
178
-317
50
-45
151
312
91
104
102
44
35
68
-123
27
36
-67
296
-167
-86
97
182
72
-139
-65
-115
-240
-244
83
-16
-16
102
-91
118
318
330
-54
-247
152
262
-2
357
21
-182
41
-178
-162
-48
14
157
122
-65
160
-29
-34
-51
-144
191
-147
-7
21
119
-57
-121
-10
163
-65
60
-93
-84
279
-36
8
-330
39
-84
-118
-327
-63
142
69
-288
-49
13
-111
204
-213
-414
23
254
-200
62
266
190
266
56
-136
58
-178
217
-85
-340
-189
-71
-164
-225
-153
109
-61
-21
48
-122
-15
168
36
-339
-139
-13
69
-24
-168
16
-140
123
-175
116
-118
-129
-1
-360
41
-543
283
-258
60
62
-92
-192
1
369
-179
-271
130
186
-128
115
170
-303
-86
101
378
0
121
103
149
9
-349
-256
264
-89
24
222
-194
-229
-320
84
95
36
248
28
-98
355
62
191
13
160
-24
300
280
-8
-240
-139
-261
-272
-66
-106
285
361
305
69
291
360
189
132
35
-125
-29
25
-151
53
-137
166
-36
15
-33
56
-248
-3
113
-113
-55
99
98
65
67
102
31
-121
-18
207
107
71
-280
17
132
342
87
28
-50
-223
2
-11
21
190
-144
117
-106
234
464
13
-8
21
51
180
165
364
217
170
44
-187
-179
-288
102
-260
52
-71
355
-117
-152
28
-314
-254
225
-42
-190
-100
-23
10
12
7
255
19
204
-52
176
274
-187
4
-89
344
285
145
-124
-134
150
115
52
-26
303
138
13
-139
307
102
90
32
-94
115
265
121
63
-78
-198
63
-97
-25
-311
-87
-217
317
-65
26
-51
6
111
215
-226
89
-54
-516
-133
170
262
227
-113
183
0
-104
-318
-4
-63
6
24
295
-284
114
148
275
141
-75
82
-186
-48
16
76
41
-25
199
-75
297
-18
-33
-152
62
-74
40
-58
95
-139
20
414
49
211
-62
-11
210
320
-166
-26
12
-168
-245
-283
5
-104
-242
-140
59
186
-29
125
270
40
128
75
333
-365
-23
-3
46
-99
-291
171
289
-182
218
46
-58
181
36
-126
-110
134
-114
-113
-78
-6
-114
89
231
-129
-67
89
-29
55
-109
50
-122
57
81
322
-289
47
-65
202
-262
-52
8
-19
-65
-232
40
282
-27
242
-7
-75
-14
100
16
445
93
-85
80
290
121
93
171
-17
-258
98
-21
4
145
-114
-98
-142
138
-79
160
42
401
106
68
75
-205
69
255
26
23
44
165
183
-270
45
86
139
41
-116
-360
-352
136
-92
77
-178
-52
57
-68
-8
-318
-12
344
75
-11
-410
55
-80
156
10
340
4
163
286
-243
-75
15
-350
-24
296
-174
-131
104
96
412
-58
-246
8
94
-171
84
-306
-122
205
-57
-124
-96
-299
15
-306
161
-50
-186
422
74
101
-204
-277
78
51
35
-134
-281
549
-336
-30
-229
-177
-64
-165
-93
-38
-121
92
-70
141
81
-174
317
-11
16
-181
280
-126
-165
-169
-147
105
123
-202
-88
-213
212
-77
-60
-45
-83
-3
298
381
-468
190
213
-67
-286
166
248
-224
219
46
280
119
-110
123
204
137
130
19
72
-178
54
-183
34
81
-101
-85
240
418
-102
-163
-13
-72
-175
90
239
-26
-85
32
125
-314
38
116
50
40
185
304
-77
-222
-134
40
-107
347
34
45
141
-98
-224
-34
239
-5
346
-148
-53
114
-234
75
-169
-95
-73
-137
-39
-9
-29
153
225
155
159
241
-216
-36
-140
50
145
197
137
198
146
-68
159
47
220
-13
8
-67
47
-37
247
-95
19
116
40
-163
141
110
242
-216
39
255
237
-149
161
-78
-187
-259
67
203
-524
154
85
67
155
-166
-172
173
163
175
196
114
-1
156
127
130
11
-21
-188
-184
103
41
294
-165
0
17
137
-4
101
466
-209
-172
177
-313
322
-96
-79
37
99
15
332
15
-34
97
-25
-278
-9
96
-62
-46
86
127
-187
-271
31
123
276
-23
125
160
-213
8
-19
-335
-194
241
91
-293
-116
-10
421
285
43
22
-415
258
-110
113
159
-207
-365
-396
353
73
102
-133
-259
240
-37
69
-123
20
-252
1
327
40
-10
304
120
325
47
164
150
-17
265
239
193
103
203
126
-205
-18
-161
14
-352
-69
638
-63
11
36
16
-185
3
165
-38
-72
246
52
22
181
233
-309
-95
22
38
-133
-194
-45
-76
-313
113
112
-132
14
-275
-28
1
110
81
-16
-75
111
86
3
-159
331
-243
-152
53
238
170
6
24
-210
17
18
-44
-60
222
-36
100
-372
-281
-113
120
49
62
50
360
101
-39
182
324
193
-105
-13
-102
-75
91
215
-79
110
-79
207
-145
144
8
-442
-65
145
-209
304
-52
-48
-318
117
-121
-95
104
-178
175
-44
118
117
53
65
53
-72
199
-164
217
237
41
-188
83
-79
307
-131
-37
304
147
-192
74
2
-143
-201
-2
69
-44
47
248
-326
25
72
-14
103
-201
-222
-50
-60
-152
145
-15
181
95
72
-368
-233
150
-154
-114
208
6
92
-145
-74
-126
-258
141
-107
-40
31
-283
-195
-426
-198
268
-7
52
7
-142
-68
-89
-99
-169
97
101
154
-42
-151
-80
-63
41
-90
279
-251
40
311
-108
121
93
101
-336
58
-1
1
-65
-26
-171
175
54
-287
39
-44
-8
318
-270
-177
-286
-157
53
17
22
-111
-72
-51
65
-38
90
11
92
-134
94
-145
239
-51
-58
298
-128
38
-45
-74
94
90
181
-24
381
73
262
-303
149
14
-76
-9
-221
-62
9
-4
-110
-263
-45
-200
70
224
-100
214
-130
114
85
34
94
302
-69
116
-203
256
-115
112
-10
-87
-96
-29
190
-33
-102
-2
-75
-103
-31
220
-97
-90
79
194
-178
229
16
240
252
142
-120
-53
-22
5
-239
-198
-301
58
119
218
-70
-22
367
87
248
-143
257
266
99
-144
-339
47
-76
-4
-94
99
-18
-209
-19
194
41
168
117
59
6
367
-288
235
-45
160
130
28
-172
168
-17
140
171
-93
115
153
173
-80
-574
200
-30
53
-111
-110
-60
71
103
-112
-72
188
107
-147
-70
71
84
4
-10
-139
-179
15
211
-12
150
-343
220
-116
107
-80
-28
20
2
-21
-167
133
-87
66
91
90
-20
47
73
19
-173
61
163
-125
-172
11
-113
34
21
460
-107
15
3
-16
-276
30
36
-89
129
185
-96
7
-10
-106
3
-17
-49
-47
259
369
-4
114
-171
95
-73
10
-86
108
189
-235
327
-159
200
156
37
4
-134
11
125
-331
-96
35
-133
65
-189
356
-289
-95
-105
183
-1
-140
-66
-44
-47
-247
-33
6
-6
-384
87
124
-111
99
-131
-61
117
102
485
277
-351
-15
-29
151
308
-85
-193
142
200
149
145
52
109
-293
-113
-62
-80
-42
87
-55
11
146
-39
26
-255
-160
181
-185
-233
106
12
-50
184
-154
328
-47
-4
211
-105
-52
38
48
-66
-156
-51
135
-372
28
65
-55
-46
-118
150
-311
410
-100
276
152
50
-43
-167
-92
68
-257
-299
-92
15
293
-183
133
-121
269
-193
321
-125
121
160
30
87
47
-130
-99
232
-17
-44
-123
-136
17
-96
106
50
-51
424
80
308
-71
-362
231
119
-77
163
-114
34
-25
259
-134
-247
-13
-217
89
-85
109
-33
-34
-172
126
-56
-157
188
81
292
35
-117
-178
-318
-103
-53
6
-70
-125
-57
-10
-102
359
-229
60
-91
-14
-149
132
-142
260
-15
137
-232
94
384
-73
-321
-78
-72
347
-97
141
-134
-87
-33
173
240
172
-147
-33
88
-42
-123
380
386
-73
-95
9
117
-101
-232
42
127
168
-15
-81
34
200
176
46
-171
-53
-43
164
-353
-71
-287
155
-85
134
173
255
121
-238
75
-50
-63
308
60
-119
325
47
-335
-77
-37
-264
-7
86
-75
103
-198
15
105
-273
97
51
69
285
-98
-27
164
-32
126
53
69
-292
-317
181
112
287
-27
193
69
-153
-38
-201
255
-142
-71
-51
78
74
347
-27
-378
-169
-323
-162
-44
24
155
89
-98
257
45
141
-119
18
-360
-61
-29
342
62
-90
-123
-199
184
147
-155
197
-258
-237
211
-115
-194
332
67
100
75
-201
94
-273
-154
-26
-206
104
-58
268
121
171
57
-8
-219
-67
85
-141
214
59
-207
39
-216
238
312
-95
-75
222
59
159
-188
-73
-131
195
11
-174
-406
-95
100
-184
10
96
216
-50
155
-72
-10
149
-93
-35
-158
34
157
69
-191
68
82
-255
-487
-4
-52
-144
-97
-82
62
-167
73
-40
55
-219
156
-169
-190
-157
-172
184
-197
41
-175
-53
100
96
75
0
-37
80
-117
-327
-24
-99
-133
92
43
108
-247
-109
31
66
-88
-271
190
-244
-116
1
6
-87
-357
-243
9
138
-230
195
147
164
-136
-45
-368
-248
54
-294
-41
70
-242
207
-107
101
7
119
132
14
-116
-205
-58
-182
-192
-55
-305
26
-63
0
-96
53
78
139
-29
33
-53
304
191
184
116
-209
-301
308
-108
37
-83
-303
-305
52
-269
306
113
209
155
0
378
88
60
-27
-1
-109
-78
-241
-65
-21
157
221
143
108
126
199
-184
37
-146
-105
341
-22
127
47
107
-181
-94
-122
54
205
-126
-271
-104
-330
-26
-22
52
162
302
-481
431
348
-293
138
-227
-115
-185
-115
35
255
-195
-2
173
24
294
69
442
-128
-56
20
3
82
0
-176
312
-268
178
237
67
-148
141
-14
190
27
-106
-13
113
-80
218
-206
-37
-30
-127
-72
144
-49
-90
120
-90
-167
112
-70
258
124
-300
60
-68
55
73
55
328
63
-99
220
-15
-26
-87
-83
247
-38
197
-68
51
230
38
-41
35
-111
-191
6
-2
59
-145
39
-185
492
580
-76
-433
250
-34
-233
-68
71
-267
-43
158
-47
-40
34
-141
114
-16
-72
215
62
82
115
-19
-174
6
108
349
110
125
151
71
322
98
120
-16
65
3
-24
63
-336
-34
235
-263
-18
228
59
55
99
159
-77
-258
-203
-338
-131
140
-310
-36
-188
42
41
-218
345
23
-133
-38
21
252
-119
-159
408
-30
113
-47
-209
224
-58
-258
-166
-232
80
-56
70
238
-22
35
-185
-372
-166
-293
-75
-188
-79
-171
130
120
9
-16
-216
0
383
-275
-49
-32
260
574
105
98
286
-65
-140
-119
164
157
-224
-366
-131
-17
175
110
-435
-226
-181
-377
245
-216
31
160
-129
-230
-194
25
-41
-261
145
41
196
-121
29
1
-330
48
35
-26
-160
13
102
-66
-134
78
-234
-195
0
75
189
-49
67
-279
144
188
-104
-186
221
133
212
-7
77
-251
22
-176
-170
16
2
86
-10
-30
-82
-360
-345
75
6
-48
-56
-196
10
22
-229
49
25
-100
-119
-159
-78
-247
49
282
217
-167
227
-194
62
-155
-159
-226
-250
-366
57
-92
-50
139
-17
334
106
-408
378
5
208
-163
-133
-66
85
7
225
166
-250
100
-68
-29
211
-59
264
166
17
55
-121
-52
123
-116
418
-149
39
-27
-449
-50
-116
-397
-218
-230
26
29
-47
-93
31
-169
24
241
86
100
78
-72
1
161
-3
43
105
7
-250
39
233
208
-187
56
59
-46
-76
46
81
-212
263
54
289
76
334
116
-113
197
-95
88
-136
0
-155
-111
116
-61
51
418
215
231
207
185
28
-3
-152
65
57
285
-102
-283
-43
4
249
-161
41
31
-53
390
93
60
322
-353
-185
-254
-167
6
215
-139
-99
-7
-433
-12
-55
-235
415
25
-293
-331
53
-356
-176
197
55
50
-69
-63
462
-125
249
-173
149
-41
-257
234
-66
148
-317
174
15
284
70
-209
-180
-11
-183
302
1
-3
-54
-133
-78
-190
-125
-22
-44
132
255
-232
-258
102
-68
-114
112
-51
-94
200
-304
3
-136
-161
32
-18
-282
-222
-163
-139
-79
252
165
28
-140
8
135
184
-156
-3
-51
-165
-49
-216
-53
143
161
-301
103
-246
349
43
164
-176
274
-92
-306
9
-207
95
158
-192
223
-43
-7
-23
-58
161
209
-20
36
-136
-86
9
244
74
-291
-75
-32
101
10
175
-262
143
-62
-192
-307
-179
-212
-142
237
79
-165
34
-59
-44
-166
-31
-36
90
94
-273
87
-282
80
-148
-177
111
4
-42
17
127
182
-230
251
-43
101
-119
67
131
171
-99
90
171
53
35
-56
179
-192
291
97
-23
-172
167
-14
42
-215
250
-42
0
-391
154
-142
-255
-257
221
-340
109
239
-119
81
-115
90
-80
455
-31
-87
388
217
-96
33
-140
88
236
135
182
-14
146
-278
17
-304
-13
101
-15
-102
384
91
1
23
-122
176
-158
-87
-24
18
51
-96
213
-59
-105
47
104
-272
9
-67
53
-100
34
-44
166
-171
-431
-242
111
192
-12
-63
-43
55
206
-50
308
-67
136
-169
-45
435
539
283
218
-153
-79
338
-14
-9
3
-96
-66
-104
-257
-207
145
-28
29
-97
146
339
-147
-207
-262
57
-244
32
126
215
258
-76
-123
183
-47
175
282
41
-35
269
82
-91
-2
-188
23
207
350
252
-135
123
103
-88
331
-77
-22
180
-162
301
418
216
-194
97
277
32
-7
305
-48
97
-203
-48
-150
307
-28
-231
-14
-160
-130
-367
-87
5
35
-65
70
-88
-128
-163
280
-188
88
80
125
-255
-98
-78
-323
38
-33
34
-37
146
-83
177
-259
127
169
-155
126
-73
-211
-114
100
32
17
-181
-86
-1
104
-535
-16
103
195
-40
-12
157
-101
197
75
-12
68
96
156
321
-221
-63
213
-161
-189
-19
203
113
125
124
109
122
-218
-190
110
54
158
196
-100
138
34
50
-264
-49
-306
-105
31
-94
-25
-168
111
94
394
-70
142
187
52
-30
87
237
-131
95
48
40
-94
-30
55
170
445
-324
119
178
-21
102
81
-351
17
26
-62
323
-71
44
161
63
112
131
53
32
177
-126
4
-254
94
-44
126
98
-107
78
-71
76
-6
144
352
21
-135
85
267
-19
135
249
253
217
-33
0
122
-105
-78
-289
-113
-81
-128
473
-42
52
-239
-60
155
-5
63
-365
44
-71
-20
-154
-98
-510
-80
332
228
-447
139
-178
-149
87
309
18
-171
98
4
347
59
246
-117
-504
-128
66
-304
-174
-118
49
-62
-486
114
108
-29
60
-46
354
87
-90
54
121
-13
-237
-21
-116
5
-210
21
121
356
145
-188
31
-89
113
106
278
-104
107
-6
-72
13
371
49
46
-175
-272
229
-122
351
-39
134
6
-2
-166
214
311
-139
167
564
-71
131
402
116
-50
62
-45
-148
249
267
-396
-205
-219
-45
48
-142
-192
-69
91
-3
-181
-237
-65
-101
-9
-343
-241
-19
-263
143
97
-129
-281
259
3
-360
9
177
-245
12
-8
52
-174
-204
50
33
-184
-271
-147
187
131
-102
-88
76
-48
-318
-344
126
-1
-230
-138
-187
18
-470
63
-68
-19
-72
38
-398
30
-159
-8
-42
-103
-113
126
77
-22
-78
-152
-257
-79
147
10
43
-107
-209
302
-91
-74
-26
-217
43
62
87
-174
200
-11
13
-255
143
61
208
252
-119
51
196
-27
22
-51
244
60
85
-21
-388
144
-331
7
-30
415
-80
373
228
-289
-54
-121
-346
-143
-45
63
-111
-92
54
220
-166
350
22
85
22
-28
190
54
-110
-170
-93
-40
-229
-346
-201
-172
-16
120
-228
-185
229
151
191
83
257
-131
119
157
-16
55
-59
-19
-157
114
-222
47
-18
43
-246
-79
-137
-141
348
166
-76
150
-112
123
-34
-91
200
248
-95
-231
-148
-89
-114
206
198
-398
61
383
72
26
17
-44
-169
69
249
-214
39
30
52
-31
-79
181
-114
-138
271
77
-28
-235
-176
-70
-133
89
-44
-46
-41
55
-97
-63
163
-232
-83
53
115
-60
165
41
-146
-40
-436
26
103
-229
-144
46
362
-108
-74
-218
53
20
105
-190
-35
241
171
-230
325
-102
115
231
-44
-172
164
214
-331
30
-306
148
53
-21
90
54
128
76
-112
-295
15
-101
20
144
-192
-69
-56
150
180
124
-126
221
16
369
-178
-81
-389
90
-151
23
-212
-67
227
-202
66
-102
27
69
77
108
-27
-237
-205
-62
-233
-95
-25
-89
13
-29
328
-81
126
35
-58
91
-318
242
-49
-155
41
23
-73
11
134
18
-105
55
65
-56
92
-76
-370
102
7
13
-127
-65
57
157
-146
184
132
-212
-33
21
163
214
194
33
-113
-44
-237
-234
-173
35
181
-213
-92
-75
131
176
48
-107
-50
66
-96
23
128
-67
20
-109
286
61
-17
-66
-91
-127
411
138
212
207
249
63
44
75
187
-96
-184
-5
102
43
-126
-107
-40
18
91
15
154
-152
26
211
49
-105
-171
185
-6
128
-92
147
8
-247
-77
264
144
43
-33
147
139
-264
-130
-106
-257
279
-26
102
9
-17
307
394
-53
44
212
-47
-58
79
121
-253
113
-236
14
-89
164
103
-308
-224
-125
130
-61
7
414
-4
-6
-267
264
-80
-97
-29
-88
-102
-17
63
-273
97
-246
-80
66
-20
-244
-278
-157
-279
55
119
-51
-234
37
0
-366
73
182
-50
73
-17
-137
-188
150
138
327
-214
-245
190
53
-29
-70
-260
157
-87
-3
53
156
-3
-30
264
144
106
247
-72
-82
-183
70
389
71
-205
9
-241
-153
69
-105
172
241
196
-74
-9
78
111
-48
-63
-346
-111
-173
-190
184
-64
2
8
-66
22
-28
23
107
-380
82
-181
-127
5
-87
48
179
9
223
250
-42
90
-197
-180
133
-45
220
-147
25
45
129
197
-215
-122
-206
-27
219
68
-255
-26
45
-61
32
95
73
189
56
-177
353
-194
144
87
171
-209
-210
-133
-476
-284
-206
244
-163
159
-208
373
-238
-64
-269
-243
-109
-281
101
-303
30
-23
-193
57
10
257
156
91
-176
193
-45
-134
-1
-114
37
-47
277
114
-154
-169
-29
85
-338
-53
136
-27
-258
-153
-26
-5
199
-105
-283
-85
250
-224
-120
-116
148
85
212
-88
-139
29
113
-258
107
-69
-115
268
262
-90
-19
-59
202
306
165
-15
80
82
55
-170
-9
192
-92
-47
79
-250
-42
10
-25
-55
-171
-119
57
114
-99
-246
90
96
244
245
-36
177
-103
-429
130
-75
224
-279
-7
-23
207
85
-190
223
-178
169
303
-156
-122
-104
149
154
41
129
-225
-27
63
-284
-295
76
-22
-62
255
321
310
284
-6
-254
-95
141
-18
-142
-197
-96
31
4
-41
12
-290
14
78
160
213
-7
88
138
95
-250
307
21
-192
244
41
-49
127
43
223
48
35
224
42
-46
107
116
-239
-26
194
-114
-33
-16
-311
5
-195
-86
-261
27
77
-21
208
-190
94
-77
24
84
85
97
276
-255
389
-59
67
-147
-106
-91
-97
119
-14
-121
-85
53
-103
-190
92
-84
-23
-117
-1
-215
-57
-402
-35
-53
96
172
146
279
68
-145
164
-131
75
-27
-29
116
188
133
-28
81
-3
175
24
55
219
77
-164
64
132
31
117
-85
128
-17
122
-216
-198
-361
-152
-51
62
128
-256
76
-345
-11
-10
-3
-69
159
82
111
17
-12
157
124
46
289
-148
64
-71
44
63
-228
-137
-72
119
334
50
-98
-119
139
-135
-167
-90
113
225
109
-19
420
-85
-228
288
-181
120
138
-32
-86
145
-46
66
-59
-12
-145
31
153
-76
-87
-295
-118
-272
65
46
176
97
8
168
8
-141
-277
-87
-275
219
-293
-119
23
-4
-96
-112
-94
-75
171
-49
16
-44
112
-211
253
33
48
-25
323
187
151
-11
-220
176
-296
99
277
132
171
86
15
-114
-330
72
167
-129
113
47
82
-183
41
158
246
145
-78
88
18
59
-127
-114
86
-226
-191
-155
62
-82
202
-138
74
162
8
-262
-142
128
-267
418
-235
-81
-27
-69
44
16
100
-153
-16
-226
24
9
-152
230
-164
-140
126
124
58
-110
-267
58
-117
-281
176
61
-125
-103
-119
204
-43
15
-239
302
189
-149
-150
135
82
-137
-132
-109
51
329
221
-95
-303
389
77
-15
-153
-74
77
-58
80
423
122
-120
-44
179
-6
87
86
-95
107
-162
-42
195
-69
297
-92
263
325
-301
211
16
-111
37
-57
7
-171
-76
208
-149
131
-119
-248
-103
311
19
-29
169
-193
249
-132
-163
-34
147
-53
-29
-270
-119
151
140
-284
21
-202
185
-245
-101
-3
-203
-39
56
44
139
161
140
-49
112
-386
-28
-333
126
-305
-84
119
223
-145
100
182
2
300
198
39
16
-152
-212
222
84
-86
89
144
-34
-41
113
-176
245
320
-123
144
97
26
-205
32
-165
43
-175
-240
131
-122
176
-125
-195
-264
24
-58
-70
-138
-60
410
169
-61
305
-122
-46
-200
-36
137
-333
-28
83
247
9
104
309
37
160
-120
-30
50
-118
211
-139
-45
147
171
-6
3
178
99
-6
-10
-174
-199
-71
194
303
1
-289
-59
71
81
7
52
-52
127
181
-83
-173
-113
35
-223
-96
244
-138
-63
60
-56
334
-140
115
-84
143
-287
37
336
157
-113
-242
-208
-159
-127
-157
-87
72
-62
246
88
40
191
-3
-64
-19
-111
224
-94
-64
-6
-65
-39
78
-299
122
-173
-63
81
223
-79
9
-258
-172
3
239
92
-80
345
241
73
388
-321
-203
-182
-377
97
135
-36
-13
-110
-7
-1
44
86
-82
3
74
23
-55
21
148
128
-57
-120
-474
162
258
175
-102
223
92
311
-81
-125
-37
-13
48
-25
349
10
-35
-254
207
209
42
-86
-171
-169
-36
-128
-82
141
-81
-110
-84
-300
-94
-160
89
126
-334
220
275
1
-180
-11
-317
220
82
0
181
278
-54
158
28
133
109
-41
-326
8
407
46
30
-250
168
-228
100
-277
80
194
424
151
-94
75
15
3
-49
-55
-166
190
56
-96
13
8
-93
-241
47
-2
0
-338
138
-238
-132
76
194
-182
-56
-68
291
-127
-39
249
55
277
-104
103
-275
-51
6
30
-110
216
-6
205
-170
76
87
-150
126
-20
134
7
100
-99
-127
155
-171
205
34
481
201
109
13
277
-108
84
173
122
-29
127
91
275
-57
-158
-126
138
4
347
-90
-86
197
198
47
21
-135
95
86
-180
-86
-363
-142
28
-89
-126
9
51
2
-117
58
-167
75
155
-66
-100
-189
9
123
428
185
-16
54
57
-9
-323
37
269
41
29
-341
-25
127
33
-78
142
507
12
130
-214
-12
-229
-92
-138
151
-159
58
101
-248
205
-83
53
-182
-57
73
118
31
-21
-211
161
387
-199
-148
-239
143
-107
-66
644
101
-230
-289
50
-83
122
-160
-56
-111
-384
-54
-72
118
14
25
-2
49
-111
275
91
-66
339
-439
-123
147
177
-46
-182
-126
15
48
-68
-113
302
-92
129
67
-18
-369
-15
97
-220
-176
75
243
-86
-81
77
257
-4
7
208
236
178
53
50
-44
-373
16
-160
83
40
119
-36
101
17
-87
13
196
31
120
328
11
157
309
-286
-61
-209
-44
138
42
132
-169
325
-26
-4
-15
-35
75
44
371
3
178
330
-88
229
233
189
-272
114
-157
-69
-111
-35
22
19
-204
-202
394
-124
-342
190
-209
-37
-155
64
-344
107
252
214
-117
-419
-33
81
350
-65
95
-153
215
223
-169
119
-291
-173
49
251
5
-16
-36
61
-10
-235
-1
-24
311
-143
-283
-60
233
22
87
18
-52
248
-286
36
291
-127
147
-105
522
23
21
273
142
239
131
289
-165
98
140
-30
179
101
39
-81
-170
-51
-83
193
48
-196
-46
-204
