48 81 576
0 30
1 15
1 43
2 4
2 11
2 12
2 31
3 17
3 47
4 15
5 4
5 17
6 43
7 8
7 35
8 4
9 10
10 3
10 6
10 11
11 33
12 26
12 31
12 33
13 12
14 10
14 29
15 30
15 38
15 42
16 1
16 16
16 17
16 34
16 43
17 23
17 36
17 47
18 19
19 1
19 20
19 39
20 14
22 22
22 30
22 41
23 0
23 3
23 12
24 5
27 11
27 34
28 19
28 35
28 44
29 27
29 44
29 45
31 11
31 41
32 2
35 12
35 28
36 20
38 16
38 25
38 44
39 13
39 22
40 38
40 39
40 41
41 22
42 11
43 0
43 41
45 4
45 37
47 30
47 34
47 45
6
29
17
43
22
24
75
14
47
23
70
18
26
11
8
3
42
39
9
76
15
41
49
65
5
53
52
2
4
73
34
25
69
50
7
45
30
20
32
63
33
27
61
58
74
60
57
21
38
72
1
71
0
46
28
40
62
68
10
54
79
16
59
19
48
78
56
55
67
44
37
31
77
36
12
35
64
13
51
80
66
336
349
26
966
535
347
-40
-311
-435
-681
251
146
30
-76
128
-347
-950
853
415
61
240
493
-198
149
243
581
-1385
435
706
-591
1075
129
-32
-800
1345
752
-289
-116
-159
23
-351
187
-105
-80
477
-739
1010
243
14
476
680
756
1
663
-174
-169
604
705
-243
-487
789
373
714
1039
-367
375
-26
186
-322
129
-837
-775
902
610
1017
-557
352
67
-628
69
-115
259
376
380
-1170
424
-25
-319
-776
540
407
-247
-1276
42
-1018
267
-60
-603
-234
3
333
-271
261
53
342
-1167
339
22
914
-1055
1435
799
-861
1135
745
-312
-722
-248
-63
-771
-558
-1029
295
-620
157
209
-257
431
-64
-218
-457
378
1024
344
720
-190
-600
887
53
-839
-505
296
-213
724
516
688
-915
-728
633
1155
62
21
-1092
1026
-57
161
313
-626
333
703
-531
267
640
6
340
-382
-21
1260
-978
604
135
195
457
542
-252
567
-32
669
44
-150
-261
1152
301
554
-166
-504
-67
248
-662
607
44
112
-20
-392
1011
-390
-290
-336
245
970
20
-133
59
310
-202
-1021
-1220
-277
480
643
-855
404
-298
-573
-487
-591
-435
-812
65
-213
-278
223
14
693
585
-829
-1193
-432
-26
-38
170
636
-375
337
-868
85
-329
482
-476
1492
1147
139
-552
-493
977
-282
-297
-1446
304
258
-216
464
519
-528
-35
-831
-120
-81
331
415
-128
-261
563
-10
-415
-692
-422
-340
9
-539
-103
279
-103
-343
382
-626
1327
-302
-673
-227
591
-1533
-410
316
380
1459
-776
924
-440
87
552
-436
-155
-287
150
899
-16
-614
84
351
671
-183
0
-717
-78
480
-19
815
134
-617
-317
-185
-128
954
279
614
-872
401
-394
-106
119
-434
24
508
-865
-194
531
-881
-343
-804
-844
1213
-242
-453
-1108
918
286
518
135
-339
-1186
352
-360
624
531
102
-337
415
-438
997
-381
-363
301
123
-966
-369
-208
-289
-129
-1144
339
492
-411
216
493
418
-632
359
-856
782
-81
-650
229
-450
-234
-103
-50
1131
-652
933
-769
1903
702
-237
-232
-80
-874
223
129
-473
151
626
546
1756
242
772
621
980
456
-409
1819
-242
1101
-367
-367
-5
-730
405
-531
-236
-340
479
-70
279
-211
-1207
-265
-522
-246
447
-708
368
621
-255
988
72
89
-95
-65
-183
437
156
621
-710
-602
1115
-197
205
-611
668
-207
-120
16
-188
-188
-972
-299
-908
-833
83
-391
-470
52
-159
799
144
341
338
442
57
-278
1229
12
-387
556
67
934
632
-266
538
447
-344
-437
847
221
-689
102
-431
989
-222
-588
-282
98
-753
590
226
544
212
114
117
251
289
382
78
-393
-220
-483
-461
235
380
567
-179
-197
61
488
233
184
-243
-341
-778
870
925
-385
90
-645
-467
-102
-524
536
40
1035
24
-322
155
-535
-76
469
-363
-859
3
499
-440
433
577
-220
91
-272
86
-969
382
-899
-524
-529
405
691
-381
1321
843
485
-427
-1003
361
333
663
-408
1013
921
-122
-71
-808
587
40
202
-929
-333
-458
-409
274
965
304
-1041
691
715
43
-359
-15
-165
726
92
-871
-182
-1640
-481
-481
571
-1177
-487
332
-234
386
-698
462
848
142
783
-1025
-300
573
-185
1373
-40
-1109
-79
115
-79
-1008
1784
1258
802
-341
214
-784
-186
430
-795
156
143
-139
-977
-454
-531
187
649
17
-365
799
-1055
-582
-157
-29
-717
-472
-5
-155
-185
-231
186
-597
565
-242
-267
-358
-246
-510
653
-557
-608
381
-141
622
-394
-661
-1117
37
-459
-9
824
-1397
112
-314
-68
-325
336
-212
-279
427
-1071
828
-552
-1133
-26
498
534
-560
59
-1487
-364
312
231
31
-956
-561
14
-1269
-391
-56
717
-766
-23
507
186
-474
1137
-916
-335
922
-96
415
-19
73
-503
-1066
-220
653
-1160
539
-635
-659
-92
-706
-543
-268
-222
-170
-795
-105
-25
691
526
-115
-131
-116
-733
-642
-1352
35
-691
-163
912
131
567
520
-566
498
158
805
439
-674
-207
-431
265
-56
-136
-87
-266
-262
300
156
214
-37
-301
-284
30
-275
294
-221
995
-722
917
0
-340
249
118
-534
-293
19
137
-958
-278
71
809
-140
-484
88
1134
212
-239
653
-769
845
531
-53
-223
-32
-709
-221
-974
-846
446
435
-32
85
443
-296
-385
-75
-610
-297
967
-122
-1233
915
-594
-617
-1180
489
-196
-53
-225
167
271
254
101
35
-967
133
1278
-956
577
167
-969
125
28
-151
1379
-121
-300
558
-531
147
313
613
-535
-181
-298
291
-454
652
83
-201
791
1371
-899
-1088
-1176
-260
-24
-410
78
1036
-221
1167
627
570
-29
-334
-1029
-896
720
908
-595
679
-479
376
66
-265
-802
550
183
232
-475
-429
-661
66
-1310
465
-436
-365
353
-309
865
-746
-1293
-216
993
86
587
-414
-562
-586
-499
547
-396
738
10
-586
-205
-140
262
19
-563
-1071
878
453
23
448
497
-706
-302
-420
107
934
-200
-505
232
-48
918
312
1030
-767
-101
-495
1405
-663
524
298
-338
-408
751
95
647
399
-26
-80
-499
-292
30
249
-262
733
986
-485
-34
-125
-226
-769
-513
-94
215
-253
-387
-115
-1142
-546
827
-1267
531
239
777
-676
113
-796
385
558
260
-821
66
-259
727
389
234
503
-1112
770
629
236
-932
240
-670
11
-716
-134
-322
141
382
19
361
167
304
-539
-310
-210
344
817
640
270
-211
467
-285
745
195
-142
208
217
355
-698
-273
-186
-292
-343
107
-412
-467
-223
-770
902
-359
381
425
217
-183
-202
25
18
-6
-394
-123
589
804
22
-197
-678
-889
-521
650
-235
308
-149
330
333
-1075
904
-745
669
437
-27
559
-146
258
515
-269
-307
-364
-538
-1427
-604
-1292
-613
-294
74
702
180
787
-479
505
-1136
959
240
80
-232
-359
-26
399
1
361
749
711
-26
905
-293
-426
-487
846
-262
-301
-393
-224
1052
800
-922
723
313
191
-374
194
-1425
-616
-273
-1575
360
-357
60
-562
9
447
870
769
327
-191
347
-419
617
-214
-727
208
325
-571
-461
-9
140
-390
743
563
278
468
612
873
539
333
-243
566
10
559
-57
94
32
-36
6
-239
-293
-512
39
-631
-21
510
230
125
789
-118
168
444
375
75
-467
-458
298
837
137
-1481
401
711
1372
-905
369
-148
707
214
-908
943
890
813
-318
-1087
115
-512
378
-170
844
48
515
223
928
1364
823
-24
64
1034
741
179
-607
980
-902
68
-910
-38
246
344
-597
157
-45
-809
-541
573
-502
720
254
-76
-1152
68
-821
42
1149
-567
-200
264
571
385
-196
119
-416
-106
658
388
55
35
113
-101
-287
-557
171
90
-938
1051
-939
406
875
562
-895
-911
258
-927
-404
-785
525
258
30
-69
336
774
-321
-81
-30
21
909
140
-441
671
263
-378
1144
-85
-1068
-374
-110
274
-223
-462
-1108
84
776
698
-168
700
-548
402
387
-129
68
-350
-218
122
-1023
-77
193
-752
586
-182
709
250
-826
758
-52
-154
-148
-759
-1171
-732
-110
-486
564
-57
44
424
384
230
598
118
1373
686
180
-369
807
-369
-623
133
-56
9
167
131
493
-108
892
195
966
773
361
505
42
863
333
1129
-833
576
-1288
-4
-1035
-1080
48
-1261
955
415
-1499
-177
973
549
398
221
-486
-1010
-233
-458
-358
-1431
-839
669
276
579
325
337
474
-799
-44
232
327
155
131
32
-495
171
-698
27
191
-99
-911
-800
39
899
-840
-349
-990
-797
-554
500
24
989
1027
21
-405
682
-642
562
-681
1152
819
218
158
32
901
-90
788
150
242
1072
-7
-943
-38
-1099
-1115
-714
35
-68
-382
552
555
236
-431
-384
299
-220
830
-445
-858
549
143
615
-911
692
-56
-162
-450
165
202
-192
-969
439
-603
-455
-601
276
-91
-1032
829
486
687
983
254
5
521
794
-698
353
-624
-906
-300
1041
192
930
494
453
-51
-300
86
-577
-1021
196
-131
43
426
-376
-162
-89
985
183
-341
77
296
225
-501
466
291
30
5
115
-540
-18
75
-846
-766
130
121
547
-286
1122
-301
172
-568
468
688
-255
-81
-19
226
-351
-260
236
-53
-768
364
-345
23
1041
-174
387
-551
318
-876
1825
-123
-169
917
71
495
-360
-280
157
1667
-782
-266
-1294
-413
-1113
-1437
-425
-207
-791
-10
717
474
-2
425
1065
114
-545
1355
496
-530
-235
500
43
-593
232
808
-531
51
-8
-209
136
-796
-117
-83
-235
1099
613
943
-537
361
-322
465
569
-290
138
-227
-51
-96
1062
612
191
-674
-431
142
-761
-307
602
-108
45
-483
-457
384
-488
395
-396
528
293
-41
-48
-335
-153
769
85
-798
-570
292
897
-562
137
741
38
-26
724
-1402
95
-307
-521
997
-120
-393
-152
-118
423
256
-803
-413
-61
-442
640
447
402
-132
-979
489
-17
-412
243
349
917
922
-239
-283
316
40
631
52
-285
-869
632
978
-217
206
-802
3
131
-147
676
920
236
-799
1168
917
-888
121
-266
151
385
-592
832
637
265
551
463
-519
-393
-711
-82
-566
-70
300
-1093
410
399
-315
-593
-467
520
336
568
-390
-63
383
310
161
658
520
665
-296
561
195
74
-637
824
156
692
-760
223
-573
384
-708
404
-189
94
187
-397
381
127
434
745
142
657
589
-184
-572
469
-4
615
839
277
619
491
-657
-216
481
-467
540
-307
-9
723
1024
259
198
-213
334
461
196
-340
-672
625
810
-1033
-410
277
236
-347
-849
-636
-886
-1056
-613
-401
98
77
468
642
109
-369
598
-215
790
-441
-81
-546
-493
-258
-474
-546
634
181
-820
-128
-553
483
-116
106
812
498
-348
-25
62
-1091
-434
-419
-229
729
-803
-688
438
-507
720
-100
-1046
979
91
203
-15
-242
54
-434
92
581
139
207
119
345
434
-1203
92
253
961
-884
-400
66
717
311
1256
-10
-946
-595
347
-77
94
-591
259
-243
-533
-573
304
204
128
-128
-383
-474
-140
305
320
223
-95
-179
60
-482
911
595
46
119
-357
360
-956
-286
398
664
-494
126
-122
442
-140
-856
-736
-595
-234
848
-902
1466
134
464
-1150
-195
-569
704
657
-90
805
-3
-794
339
-314
-570
-1432
-440
427
1281
500
1014
979
588
174
319
-332
848
-73
-406
197
-109
298
127
-221
-929
-107
-419
-389
-116
-1196
-407
123
-428
-670
-3
-506
-490
-118
-1453
-148
-211
-516
-1170
-301
1067
8
275
363
-259
-1074
-342
-514
-712
618
499
-262
876
-199
-31
-53
291
298
-165
351
542
178
-375
740
-116
453
777
-1439
-140
186
1395
245
384
-24
-456
-940
332
672
557
518
-844
-783
802
-1
337
-559
383
81
721
-295
-859
-146
1004
-776
-480
-163
154
-601
-260
866
160
-1139
-1278
414
-560
-68
-193
-122
-94
-309
109
-338
911
-314
314
436
-865
332
625
1069
325
-181
-773
-473
-162
515
-1201
21
-108
-168
621
-355
-194
140
-56
-416
-996
274
-32
457
362
-154
432
-546
458
4
459
785
-7
-425
-542
-321
-703
283
719
61
-310
-366
-779
606
-1511
-254
-684
-1169
855
406
360
-319
49
769
580
606
-547
-272
-15
-129
142
-984
720
947
114
147
795
-415
185
-838
-1101
18
-392
-116
-395
676
-156
129
-396
548
-472
-625
358
-928
327
354
-11
-228
414
93
1015
-1350
526
-10
-260
-217
557
308
257
731
1083
-556
-533
235
-984
-286
681
-268
1
-431
108
479
-108
499
180
-555
380
428
-540
137
161
-412
701
-327
-1557
-79
-966
-1598
-509
-604
-515
748
908
-146
360
435
-369
-365
-184
-287
70
692
74
197
-402
195
-238
315
-126
1595
-809
304
299
-242
725
607
225
-579
-590
-1339
-44
-56
-499
-7
-950
266
-419
159
-43
742
131
214
419
1136
-451
-751
73
-533
859
104
-313
467
-439
-558
468
-184
781
149
883
1290
-705
-203
619
126
-972
614
190
550
1776
-606
-675
722
1116
-405
-698
138
452
84
-354
710
-381
158
468
283
223
485
154
678
410
-369
-372
241
-390
-32
967
170
314
213
459
-91
-551
-304
-37
263
-698
-994
114
399
-579
-125
-174
-543
434
-156
-231
-442
503
-769
430
-90
10
243
-1037
-163
-245
-416
-97
-57
157
686
-1135
153
-493
-354
40
679
-108
-1198
408
-1023
699
-40
-16
-332
162
-814
-50
-1169
163
788
555
-155
-892
121
-585
-1057
1070
-721
224
-165
-660
672
-779
-191
-537
15
187
-360
495
-131
-754
409
346
-758
-370
163
-242
753
675
-110
869
-1113
894
-386
-946
523
548
-150
164
183
53
-536
862
-370
36
-1764
220
647
81
430
103
-28
209
-299
-461
257
576
207
-549
500
-400
-1096
550
-753
-163
939
214
474
1095
-310
143
-489
67
-100
-546
-614
410
-825
-254
-989
394
89
-272
539
-47
-935
-635
621
489
-1138
-16
514
-113
805
68
838
-567
-1005
-173
-200
651
-40
-37
-1543
308
-794
58
-904
848
-290
-865
52
193
-300
480
-458
-759
110
436
253
-456
291
-604
-218
-473
-770
137
700
-549
-99
874
-279
-471
937
-191
-92
912
-910
-509
107
137
-933
536
511
985
157
54
699
-6
-626
-74
-223
233
-35
-763
-467
99
-435
477
196
452
-423
163
-421
317
-979
-353
-1166
-478
-1035
-503
120
1011
-302
-218
-498
694
-1043
-601
-13
388
-951
-42
-602
-1323
-894
-1168
-363
-429
225
258
-106
-199
-327
81
1124
-101
-195
-330
172
-188
403
583
-232
681
-792
327
-399
-261
-212
674
-740
85
-280
323
-776
-124
-447
1726
652
-383
-222
8
450
-31
-160
524
111
231
317
-297
1013
155
1212
668
473
51
437
-285
-635
167
284
427
-304
-963
-365
-411
62
7
157
1470
402
-260
935
683
-1029
1025
-450
722
-1221
275
-755
53
-420
104
49
-176
182
52
676
-185
312
-489
295
-289
-288
-429
-1036
-561
700
-344
-72
-176
-828
385
-860
-82
377
-429
1359
-261
-1017
-307
-1078
178
770
-271
1097
558
452
-1130
477
-241
-362
-903
-584
546
-526
843
212
546
150
-143
909
-538
-208
119
-228
-280
-708
344
619
133
-11
641
4
236
-374
107
888
-184
-869
33
732
562
355
133
478
402
-106
-440
526
322
343
-555
851
344
-868
16
-469
-214
232
136
-1317
-599
-121
407
-484
212
-260
-145
-747
30
-428
-1039
197
298
540
1398
2
16
-142
614
-186
17
1035
10
603
-510
502
-448
-47
4
389
-545
-1088
-556
-150
12
-851
796
275
526
-213
-694
-286
-303
57
294
14
-924
20
-121
326
1259
269
194
-162
-882
748
-896
-135
28
816
-157
109
-283
871
-18
-525
-1389
-642
804
317
-35
129
-814
-662
454
-326
605
-346
-378
-326
60
22
-385
-703
-354
-286
-287
1234
808
634
179
-614
416
-122
1112
-424
-92
-397
-303
-198
-99
180
-17
-1165
-532
-160
-264
57
-137
1353
-178
125
-240
-447
-233
803
200
-173
266
-116
1133
-879
112
669
-416
391
423
1260
-93
435
1266
-275
-584
-104
659
252
553
619
349
-287
-1065
-125
-772
-778
-1044
1076
427
-163
-597
-1403
-937
-214
-145
-174
54
744
-231
5
-77
220
1116
-7
618
-278
469
-367
-855
-294
-320
243
-585
-1209
-90
819
-453
-8
-888
-196
-720
-57
-824
-444
897
-512
-218
-254
-748
-647
-912
-921
121
513
-587
218
419
501
227
-378
-670
1588
463
-278
-231
-159
-1765
-814
67
-547
-749
-196
-461
566
-744
-387
995
-840
233
-781
182
1033
-173
776
250
-493
-267
702
-1098
-43
71
424
409
-122
-735
-79
1289
-1035
-377
389
-1284
800
544
-152
1067
389
1050
94
94
-447
301
-755
571
-155
759
1417
-119
-1064
776
-723
-580
-38
-1007
-965
-251
234
97
-547
529
658
-179
1000
-238
99
-327
951
172
-605
-336
58
-461
49
-1501
-879
359
-66
-288
-23
-62
700
-580
356
773
-402
182
99
-504
72
335
45
-821
947
-237
-161
784
113
291
1119
86
-382
-1085
838
-142
-376
-231
20
71
-185
783
131
-468
325
-880
551
199
-529
-279
-1439
252
-342
861
241
90
-314
378
2
-699
384
-715
-320
-180
768
1807
443
214
422
74
32
-317
128
-451
666
-83
76
47
-1679
-149
-1303
527
141
464
-586
-399
1526
463
144
-966
-262
103
-835
-421
-1183
329
-652
-677
-184
1196
-176
1048
-455
-451
653
-31
11
12
887
-476
6
-331
151
1428
48
170
-329
-364
-904
102
-579
794
-679
304
-358
1184
32
47
672
-756
-404
359
450
-490
533
185
-178
400
-249
-12
391
-56
841
-245
277
129
445
132
714
-344
-606
-234
-257
-754
-165
404
671
-537
218
145
-51
788
1032
814
338
-277
170
194
877
378
419
-194
-175
-213
-88
-1717
282
16
-360
-447
1026
-245
-275
-409
-928
-476
-414
-86
-504
-213
575
-175
-343
-396
-352
331
-1309
206
-1090
-153
499
851
70
152
352
-624
-29
1033
464
356
608
17
-437
-7
472
-850
43
-466
-372
465
569
498
-500
-548
585
144
82
47
-551
192
447
797
1013
-466
106
185
-1251
-730
-1198
-427
-781
1558
-142
-184
-281
396
228
105
610
559
-267
-132
225
-265
563
552
-250
451
-897
-28
-208
683
-871
-295
-612
-309
-947
-901
510
-45
-595
-217
1144
679
450
-1154
-43
76
-714
-1246
-47
524
401
722
-117
-329
802
-279
456
1286
158
-709
671
-847
121
-380
7
151
116
-95
-573
-892
1317
-574
83
403
-157
586
275
-797
-398
6
376
-545
-867
-16
-439
393
497
-473
25
-441
444
-356
-731
508
-577
-250
560
-286
299
-426
-1069
1102
279
-64
149
-148
756
19
-838
484
4
-1157
283
612
-26
-654
269
393
-857
9
-514
1074
35
-232
348
652
-48
-531
-417
1051
348
-536
752
-102
-742
-26
158
-756
-522
372
-52
526
852
325
284
-262
-440
1293
-363
188
75
-957
83
-795
912
-777
-584
818
-653
670
-640
-593
-278
-323
-182
-1239
-873
936
-610
523
-20
82
-95
-240
913
-218
362
-302
417
-36
332
-154
925
-641
74
50
13
-401
-385
370
-325
862
-332
-694
721
-264
314
-483
272
-587
-51
-736
-1337
-634
-401
-819
-1373
689
749
-20
1009
-766
638
748
-375
359
-826
-351
-631
-16
-210
-1137
290
-1149
687
280
98
-47
177
-377
-293
379
847
-143
-380
-73
-147
448
617
557
-54
-733
-435
-93
-303
-830
576
-453
736
747
-437
-1486
96
688
-167
588
-192
-15
724
-135
222
214
103
240
327
84
-8
-135
-289
-842
-585
393
997
-421
536
66
-140
158
-713
-514
-341
445
-397
-97
111
42
-297
533
30
-353
-197
-460
-666
91
-288
253
849
-238
-755
610
-884
400
572
962
-1
671
231
991
643
-756
312
-727
-732
-975
-332
-804
-1115
420
854
254
24
53
776
-614
-16
1074
734
75
-80
-1801
-141
-224
-54
-242
266
1045
1192
-815
-260
1025
494
63
889
248
30
-181
-309
-64
135
-28
-686
-947
-553
332
263
-31
-327
-488
-875
-53
649
-644
107
-430
-57
-1247
-97
523
-1053
91
1168
99
-104
-214
-161
307
207
375
-401
541
-1074
433
-29
-934
-382
142
698
-323
2
-309
-790
-244
333
742
-319
-832
87
1471
-238
-150
-274
-428
-331
345
611
-963
-47
217
-194
290
551
788
-1011
-585
14
281
-1594
112
-886
146
-62
290
-545
88
-693
-1604
-155
-293
16
531
319
-264
49
318
486
166
-853
-748
909
1044
541
359
47
63
-101
-425
860
586
-85
780
-552
-536
-178
365
-442
645
67
-606
1179
36
-329
136
-28
-1225
-252
-314
-16
-852
107
529
505
-716
-325
611
-296
200
-139
-208
-459
-113
764
-274
-20
-21
-186
-41
46
-298
-896
-598
-591
-673
-389
-350
280
208
286
129
135
-5
-429
48
353
283
-291
-229
-189
-30
1079
-559
422
865
-139
769
398
376
-670
1039
-884
40
-1234
80
-256
-74
298
422
903
382
201
14
702
-24
439
-62
-1146
297
366
17
1066
829
857
322
889
168
-187
-785
-718
-302
-602
-104
558
352
-993
-218
974
-73
-288
230
472
-5
-1166
365
854
-178
426
334
298
480
-887
480
-954
-446
145
-91
-204
308
579
143
-116
2
23
324
-155
-5
-619
256
-1061
-78
-199
-183
-83
-58
-404
-1019
525
882
266
-450
-434
-56
496
599
209
-269
423
-13
-983
298
869
17
507
-242
-16
-607
571
-636
-356
823
109
377
252
253
-700
69
651
497
180
-350
-336
-365
857
389
-45
-234
596
746
185
-235
1210
103
874
668
-263
878
190
442
712
-133
279
1028
-302
384
-30
-1043
-263
157
621
-869
365
887
481
1210
497
-1011
-445
-1002
-398
-121
313
863
-146
437
526
-561
-77
-899
-762
-351
42
429
357
-441
-433
33
-804
5
169
469
-89
-880
588
718
-149
-261
-132
-9
838
-193
-55
-806
1118
-194
546
-86
-721
-255
-394
-491
-102
-622
548
-395
291
-649
-1115
-582
419
165
-1074
79
604
830
1086
229
732
-613
-512
243
-27
372
614
-166
-11
-271
140
224
-353
-16
442
-159
414
-413
-439
-687
502
-545
50
114
-917
1077
-453
-528
-410
434
67
45
-366
-1000
-555
90
488
-60
-384
-667
-969
-192
985
-330
287
81
-492
311
-351
-22
-521
73
-715
-226
-671
348
88
-26
332
721
179
461
428
-344
910
267
-278
-97
-438
-725
792
506
-297
-619
688
805
197
30
349
-237
-150
88
-89
-406
-911
-294
-730
785
731
-1026
75
-74
215
-201
566
498
-264
112
308
-244
-473
-1141
-710
-286
-15
-98
53
-505
32
-169
-769
543
-969
-101
107
-565
482
1087
-819
-363
-441
-141
485
-663
273
-282
334
591
28
876
184
490
-663
363
-260
-168
-245
397
-402
970
-488
1195
-680
894
336
278
466
1496
234
517
789
903
-598
706
-394
288
-1513
261
583
-198
898
139
-814
638
831
309
-64
187
-38
684
-636
1089
142
855
-385
-213
-255
-59
-204
559
-24
32
650
-815
459
-929
-1090
-1005
1008
66
667
510
-918
175
-1569
583
-592
-529
351
366
235
-397
-613
-257
142
170
659
-2
-304
-2
-321
-594
-5
-173
-1105
-782
16
-409
-69
516
29
-920
33
-88
85
-477
-166
-897
1311
821
-15
36
-423
-45
166
-632
29
101
143
1032
791
434
498
-116
-742
-118
-296
-287
420
-529
944
724
345
-493
-963
-276
-114
-143
39
-1319
-526
8
-666
-368
-1058
-168
874
7
-1004
444
374
-400
-72
50
61
48
415
667
-407
12
-138
-823
691
-130
215
168
-248
438
165
158
-12
-683
-312
-632
-178
1250
-457
182
309
-445
-685
526
479
581
494
714
-271
-962
-496
234
-287
309
-308
-542
-180
129
233
791
361
-938
14
-159
-185
447
-708
1212
-717
49
217
-619
-665
860
118
-1017
-407
-672
-402
420
62
-8
459
-71
-474
589
-523
11
-332
-357
285
-70
947
-386
196
-254
489
338
-817
-1060
-540
252
272
-864
-147
-277
-1102
-514
727
135
-747
-597
-105
-144
1530
-444
-564
346
865
206
-269
562
829
708
675
100
254
497
-530
-455
-365
-1024
782
207
341
835
853
712
-885
106
349
1447
554
637
765
745
-526
794
-1146
229
214
103
1950
547
-175
35
571
-675
-692
-25
107
-511
-1158
-23
147
138
453
122
315
744
337
-1259
220
132
-733
732
-181
863
-478
914
-435
-1008
-252
-1418
515
-264
832
280
190
203
-751
568
612
120
251
357
-175
803
-507
301
-1128
307
-318
-403
114
619
-1217
-1243
-8
-147
500
537
667
-664
69
-1150
-164
-379
-48
469
1090
-221
838
-443
864
-898
-195
-1009
477
-391
153
186
-38
161
-149
31
407
493
75
126
-52
-443
-120
-110
510
545
-162
-192
181
-50
-670
379
-63
920
716
-600
150
-113
-461
-452
-563
-266
339
-7
23
390
435
482
-1044
-666
-182
310
-107
122
-326
-21
97
455
464
140
567
-304
-182
6
-685
-682
-715
-959
-265
-530
560
-127
650
1119
-1018
-239
-265
-543
770
355
729
-160
1271
490
-80
763
397
1223
483
184
-1275
400
665
23
585
-249
378
-685
-585
316
-826
-1005
-584
-189
1176
988
365
699
510
-171
-295
59
364
-9
615
-1301
-283
99
-1344
431
40
-553
121
-750
58
132
-279
-326
149
784
-493
1099
-242
-246
771
-149
380
304
449
418
396
-614
710
662
331
-345
208
37
259
-437
16
874
-1652
-992
-434
-133
592
-131
132
936
130
746
37
767
498
286
42
-618
-283
-519
94
-841
346
-339
586
826
252
-103
391
-5
316
-616
-396
-100
559
-1082
-501
-814
-454
-646
526
-294
211
-1351
936
-96
-433
-261
-166
-7
-64
514
-322
291
199
-335
-73
181
430
-477
-344
71
-38
244
-623
251
-324
491
-124
496
-564
714
-395
222
97
598
-213
260
71
411
-225
470
834
-963
-286
-814
-722
-1267
929
329
749
-431
-102
-1672
41
-143
-378
761
-331
6
-1112
824
567
-124
247
369
472
48
-153
-453
-474
-628
-147
-546
-1053
-33
535
890
68
1029
542
339
-1177
153
-28
570
482
46
-539
-625
104
-502
366
804
968
-259
225
453
53
924
36
-48
196
292
527
-650
-484
578
75
108
-106
750
-627
-154
-393
-588
852
-963
-307
915
-519
172
635
-746
296
530
-879
-876
189
-1472
414
-272
-281
-217
-572
-103
-164
-354
84
-854
-316
-408
674
-919
-100
-255
404
396
509
-737
-542
597
431
1305
429
-220
318
-115
346
-461
-376
-412
173
1060
-847
-302
-442
-447
-721
413
-1294
202
372
-242
-976
-226
387
898
427
-406
351
91
-205
-556
540
-416
51
676
-1575
364
97
-899
-335
-600
-480
1195
-62
297
118
-132
627
1014
-499
333
-1677
-745
7
-387
289
382
-365
-356
-38
-461
-240
73
736
130
-99
-1349
433
3
-420
109
321
372
-328
-540
316
-64
-206
-1040
-482
-459
-353
-297
-711
278
-318
394
-596
-4
125
159
-502
-26
587
-979
985
25
-212
410
346
-570
-461
1333
653
576
-518
547
-122
867
-280
-11
-1002
-180
666
470
-826
636
-237
422
740
53
-448
216
106
-670
626
-498
-388
94
-1081
-538
825
-398
551
163
1357
-129
-73
-182
-192
441
844
-471
701
265
933
942
-193
705
-227
231
-525
262
-516
495
133
294
-43
-28
-169
466
103
820
621
348
-668
-318
322
163
515
-155
-641
441
-934
-309
-867
-896
905
1041
388
-1203
-202
-191
-655
1188
28
140
58
-136
514
61
467
-308
1315
487
275
229
47
-392
475
-667
930
-349
-222
-115
-196
-415
-230
1172
-696
835
-135
-604
249
-375
97
295
-154
-318
-30
1480
163
1072
-219
153
-572
125
-200
34
1227
-629
165
-502
590
1031
-676
-386
239
274
-138
301
49
412
-11
-108
-782
-87
1074
593
395
-78
-267
-187
-721
743
-775
-41
-1212
90
784
-230
326
354
402
696
-18
-518
236
627
-1296
-274
-519
1283
-283
339
-699
-1248
-464
356
617
792
-55
986
-781
286
-549
1566
-378
360
998
-552
165
-1111
-94
161
383
-583
316
-19
297
419
-193
-108
-818
-147
144
-140
-99
-481
30
51
161
-400
-488
324
439
-603
-26
171
388
752
62
-777
179
-452
-275
718
258
645
-532
-1431
-80
-35
301
-857
1175
-476
235
-398
-12
-41
-965
-321
208
-457
-46
448
-722
-971
943
-760
11
431
-773
-128
-427
48
363
314
-174
-555
42
583
186
592
541
-1051
239
316
1079
1201
-399
384
496
-242
486
279
176
591
213
289
-327
-391
1237
1346
188
-123
141
461
-327
-171
-823
-79
-498
-6
270
1113
-427
139
871
-145
33
-428
-687
606
654
312
-128
-779
-1081
-21
-699
-768
1061
67
610
-142
-859
-153
-709
-92
483
-766
1157
723
746
-526
-516
210
794
-406
623
-464
-769
-564
-324
-909
414
-1344
21
-646
90
538
-1020
728
-3
-404
866
-87
96
413
-515
356
-240
174
-1041
-267
-33
-157
-478
-413
54
188
553
254
-449
429
785
-213
884
394
924
566
-699
-376
-643
478
371
-12
511
563
-102
229
349
1204
-50
1048
656
-69
957
140
211
-235
92
253
800
-604
-580
-163
-463
-28
694
-110
-17
-233
-193
-536
300
-231
-214
609
-524
102
-462
-792
-577
224
-1045
240
387
287
193
-235
-157
424
-735
-250
-519
-213
368
462
331
579
726
1232
425
713
755
-46
-296
-221
-455
798
271
-213
385
365
22
107
-285
-904
268
-353
592
-328
-57
-429
869
-201
614
218
-240
-10
302
-229
-353
454
-3
-166
885
-729
-366
1026
-46
-864
-193
-515
171
225
733
537
-46
-358
-892
-524
863
-56
131
232
-742
-845
-951
-407
139
-304
5
206
572
-708
357
137
-1063
-678
-1124
-415
-590
-211
770
-832
-504
780
590
-5
867
704
-516
182
853
-124
-736
-35
-236
246
-113
172
582
-93
693
-391
-208
386
110
430
498
176
579
-870
-74
-1046
-224
680
448
1049
-302
743
752
77
-188
-157
549
-243
-617
-160
-694
-804
-1977
-199
424
231
-552
297
299
-144
283
-360
201
-1061
-445
-636
152
-399
-105
-450
251
751
728
-698
722
-144
-794
-681
-304
-307
1273
63
-225
-734
-1604
-456
-459
-1221
81
565
-145
-367
-515
906
-337
-63
1503
107
-22
702
1257
-126
-572
360
-416
1037
-131
-938
576
19
-134
1047
339
443
-446
1494
150
-591
228
-34
269
24
208
432
326
-342
-114
-574
28
-1166
-282
762
-633
-553
-94
-153
141
-110
-167
-240
412
1243
551
-135
468
-10
1215
262
600
-807
-559
663
-118
170
866
-595
576
-733
131
901
-185
-322
-484
-564
382
594
307
-535
481
-473
419
5
561
955
843
785
-29
-371
580
-837
-583
277
1264
-144
1353
324
-218
889
346
943
-47
404
-174
159
871
-560
875
716
1056
523
-449
219
-338
491
-358
-98
-159
-681
-1205
-854
-482
366
-414
503
-375
123
-334
-341
-849
460
850
668
-254
-844
605
-490
110
897
-502
101
-526
-267
-772
-1007
220
378
-265
-161
-1166
-979
-856
578
243
-386
203
224
47
217
-202
428
-301
-614
-71
-174
-320
630
-590
748
537
-929
-858
462
460
-429
446
-289
213
-829
588
196
-300
1177
369
262
-825
458
-412
-516
356
630
-542
97
801
-848
574
96
-321
6
158
289
-1
409
-503
151
493
314
942
798
-8
523
-780
750
560
122
-651
-853
-162
-1088
962
-1084
-135
-923
329
-550
934
-627
-91
-550
784
-279
800
287
-788
-337
660
-295
792
-276
460
-261
-967
-56
-125
-754
372
-198
126
65
427
-88
452
-230
-414
734
-182
376
933
354
-570
-645
-1235
-183
-217
551
714
131
-406
-1152
-275
-48
334
95
379
367
-804
40
35
553
426
485
-956
-613
1137
579
-366
188
-479
429
-485
-1391
-576
-570
-534
-922
195
-187
392
115
-913
-764
150
732
-96
368
315
-707
-384
222
615
325
-407
-214
447
275
638
222
487
888
1041
-300
-69
-291
-428
497
-71
455
-559
226
425
182
-199
-838
40
-62
122
550
-577
839
-404
652
-663
-757
-382
861
-402
258
183
-308
538
523
493
158
992
-1412
1274
676
-135
263
-741
106
-141
125
214
788
-148
173
-171
-668
-1120
956
787
248
-51
304
-443
-483
361
71
365
-657
508
-532
-260
-149
-379
-937
-69
1080
-29
-317
-1031
-653
198
229
1429
-496
110
-361
-993
-540
204
265
-849
-463
-632
439
-264
643
360
-731
632
339
-118
-1098
558
1225
-476
-507
-353
1545
322
138
-691
185
299
123
-64
934
-358
136
-1391
61
182
-228
-992
-320
-599
527
94
110
625
123
465
-1913
134
-565
1277
-76
510
313
-385
-49
-664
456
795
-572
438
-279
569
-821
380
-1751
-172
91
-309
421
-379
-42
441
615
-41
198
69
446
-460
-172
-267
-425
-176
773
-613
-238
-362
329
236
-205
-675
270
72
727
1160
-210
78
410
639
24
-209
670
3
488
565
208
-613
249
694
69
394
863
46
741
-772
168
-441
-173
408
518
1184
129
-272
1148
565
462
-560
-303
-297
-244
311
-145
-555
-955
-202
-266
-687
694
13
-592
-125
-17
-712
-637
-292
-289
396
757
-213
66
643
-546
807
360
-369
528
-423
209
-220
191
-715
263
-570
-804
-1100
459
-1031
-34
700
563
-511
575
-366
14
-407
-442
-220
79
168
-1017
753
161
142
-353
48
682
-527
-1226
-909
583
-154
702
213
906
-965
529
168
-461
-154
-660
421
259
494
184
-227
1291
-637
72
-248
-389
396
-551
957
-49
-638
-512
-265
386
203
448
-578
269
434
-27
1354
607
900
-385
-171
-176
-286
192
-885
-193
129
-543
362
-217
735
820
-419
714
-636
-252
-518
-247
-121
-48
156
-975
651
298
880
-639
1179
-609
182
119
-262
296
173
-13
757
483
-622
1427
0
-446
942
-441
111
299
178
-385
-632
257
544
112
-574
1037
897
-479
395
29
211
731
-252
348
267
-101
514
331
-125
752
799
-125
-249
800
580
-71
831
-1822
-132
-635
263
-15
453
-949
128
712
1062
332
211
282
328
-249
-536
525
947
-1024
367
292
-180
-1053
-548
194
-404
1013
1939
-374
733
1129
459
823
132
-295
158
-1017
-601
327
726
-848
-119
798
-449
596
193
-195
-229
-210
-25
-435
-86
-1310
244
-235
-1376
69
-205
481
690
806
16
985
-7
553
-477
-63
1350
126
158
-598
694
763
452
500
428
543
25
264
541
387
547
757
178
581
-1268
204
-287
331
-1021
-267
695
-755
-809
245
-300
-519
-129
-1
-727
-778
1118
-848
-296
-378
-406
-1678
-985
194
856
281
-462
338
768
507
-656
-694
-54
710
483
-504
-160
70
-553
-252
-339
139
-331
193
1143
-285
415
352
175
-629
208
408
-158
679
655
-165
461
1112
-100
65
-121
-134
-787
254
-392
443
934
713
226
423
-1061
-629
-194
-869
52
1043
-1203
1034
307
1180
1282
-670
-547
-482
34
-637
172
617
94
649
-834
-170
106
293
-329
409
-478
-17
348
363
353
-67
184
-227
-396
-128
-302
-625
295
-445
389
312
-598
227
1267
-621
-413
-1407
-219
548
-1043
-233
268
-145
-187
-478
284
-298
94
-108
572
99
-443
434
1353
206
712
-253
-1614
142
293
359
744
-34
326
-45
199
-347
781
-333
317
-490
-273
350
35
-367
520
371
-485
-529
-9
494
109
-580
9
-271
380
134
665
-907
180
282
-575
552
142
581
-219
-790
-18
246
477
533
-1685
-34
-199
-895
-261
998
-734
598
17
-476
-26
-289
143
1741
-717
336
-272
-921
190
124
-410
399
621
-314
188
-324
373
1186
-364
-927
279
-1360
428
-820
56
-630
-863
-214
553
-1062
1061
175
482
334
-192
453
865
-173
-1039
88
-258
-39
870
9
194
387
63
798
-833
345
666
1330
-1247
282
296
-400
572
-310
-299
-472
47
-471
-442
-623
-66
-628
501
1085
66
-1081
702
687
-12
460
138
-946
-137
50
-488
-120
-55
-865
1229
75
98
-600
-789
-121
85
-300
156
-134
680
341
691
214
829
240
-204
-594
80
478
343
-19
264
290
456
-939
-8
-82
-225
82
-860
28
-323
-86
-83
126
1148
-104
-225
-532
520
-236
475
243
-470
-547
-1041
775
598
-970
4
1163
697
-192
444
-191
-205
-352
-631
370
291
91
-505
-457
-243
783
-736
810
-418
-23
-860
-401
-1547
-220
1148
45
-234
-397
596
366
1129
613
-199
-117
954
702
131
-125
587
-1109
-44
391
60
-109
-727
-56
-1073
-441
-274
-7
-913
112
602
-738
199
765
-11
903
-687
-433
-108
1022
192
-516
-939
-548
-482
-544
-606
655
294
11
-778
-848
95
1192
-650
240
310
1131
163
-161
120
-632
-556
64
-289
470
-1191
-69
345
285
375
-422
-691
-33
823
288
815
264
-45
252
3
-301
566
-15
-689
611
42
214
-1378
-384
707
-618
-168
379
1221
747
1074
112
-981
843
-1055
-51
757
553
-126
242
-55
510
693
-484
375
709
333
-1560
543
963
160
274
-1020
998
-907
-117
-143
849
-628
1336
420
-430
707
490
-683
358
1300
284
131
543
-346
469
518
527
20
-221
4
-51
281
-75
717
34
-628
-44
-394
953
210
-88
-1044
-58
-347
-481
424
-805
-409
-297
-229
-620
-838
-1139
-41
-12
1523
-147
-42
-25
39
-333
1083
110
467
879
358
46
-322
-471
-315
-252
217
-376
559
-57
818
-59
295
811
-727
-342
628
133
239
143
-486
523
-39
-392
-1017
273
631
-37
-262
76
1238
-293
146
-276
-929
-374
-512
540
-384
-891
652
807
11
-941
-271
-252
171
770
-584
534
951
729
-31
21
706
542
-166
-1245
-1533
773
-287
376
-664
142
-262
-148
-131
203
-790
-110
456
692
-794
-575
710
715
225
-239
-301
113
-15
356
-649
-601
-192
-481
-16
-132
147
-373
-112
-440
-641
105
903
-662
2005
-735
105
204
1008
442
-136
503
-928
1273
-536
-327
-109
-120
137
688
-764
-500
-471
-807
179
106
1200
-973
567
-551
74
-23
114
-787
-537
421
-1141
420
805
347
273
1141
66
-506
-385
-229
-466
44
-251
650
436
772
296
-68
-630
-444
-679
-1449
-1276
192
-84
-13
145
-420
-469
-189
-789
-517
-932
525
-216
-165
1419
-537
594
-1360
73
-94
620
-303
-199
574
198
81
106
18
803
-991
201
-116
340
323
48
367
-1193
-229
-955
880
321
139
-91
68
-287
809
-150
-426
141
-307
-543
530
-264
420
-978
560
636
-536
242
143
-249
83
608
-198
-1532
349
326
411
1143
144
-889
532
516
-410
-6
1259
-188
9
241
205
394
-631
429
-186
-113
-246
-316
730
134
-987
-229
680
-257
157
8
-261
863
-291
-297
357
-799
-563
-215
-346
-230
230
-1229
1005
-399
-608
52
-998
791
-194
-447
-800
-301
346
18
482
-83
481
-751
211
251
-153
380
440
-461
-804
-532
344
222
426
78
-533
-481
-647
248
-789
-442
-660
-264
86
-970
278
613
-98
169
327
211
-381
-144
747
556
828
518
-218
754
701
-1251
-234
738
98
384
-294
681
-856
96
-614
-1041
1074
-632
-182
38
978
-378
97
410
400
351
175
-192
673
441
-414
-106
577
-143
-501
959
-80
125
-687
308
984
-942
441
-742
-521
603
218
-450
272
-37
154
1366
1032
-702
-179
461
845
-90
-781
-27
257
181
307
821
-377
-764
-586
554
153
-1119
-651
846
-990
-441
-60
-598
315
-436
243
394
106
54
-971
-808
66
217
-389
-378
438
113
-305
544
-171
-307
258
849
-562
-384
-81
79
-137
353
96
99
-575
-1175
-655
-235
-511
-629
532
-307
-203
575
303
-28
808
444
106
-506
-405
309
-63
572
42
327
279
-726
145
1349
530
372
-687
-920
1478
-17
1183
-233
627
-263
-272
-843
285
-614
-592
-652
-85
-552
923
-6
-112
-91
320
-809
-34
-176
295
-554
-282
24
-499
177
212
-742
-85
-295
-301
72
-837
-332
-289
946
-560
282
-390
-521
522
-207
574
-51
258
-1004
-167
-1312
731
-9
400
-66
-750
1
-650
-1447
330
69
411
-193
-850
1052
-759
-18
49
-331
-76
631
-1777
-124
584
590
168
794
1021
670
-1210
569
-94
-64
948
-230
-417
52
-414
146
-801
406
18
-518
-524
-461
286
-577
51
521
80
356
50
-103
-113
313
-908
680
181
-161
127
821
728
469
-95
-274
324
-686
508
-753
-51
-1003
211
-895
-312
-457
-328
411
-455
-77
878
329
6
-108
192
-118
191
-19
-1271
-224
-174
-323
-674
423
1036
343
480
-679
65
707
551
-488
197
255
358
743
-768
-335
-336
-845
574
-21
515
432
717
24
-138
-40
550
-665
-444
937
373
-28
29
-333
224
57
-729
-249
308
-5
248
195
-581
43
-943
-782
180
315
109
41
786
-143
-177
-249
560
1447
57
-41
-1054
-156
1256
33
-428
507
475
-195
45
-394
509
-1085
-85
-663
99
429
541
-1232
794
-322
8
318
-708
850
-201
538
-555
352
782
601
822
-688
-524
83
172
115
-126
-375
-619
1115
1132
-68
-415
460
972
960
821
-825
-700
205
54
67
-994
500
132
159
107
-206
-269
-165
1115
-319
-62
-295
465
134
264
-1009
940
-654
-286
-226
-864
-330
-27
1398
257
-227
483
-948
406
1024
-271
-909
-355
535
503
824
471
544
443
-825
-268
-777
-225
1558
276
-154
-1276
-248
207
-45
-119
-220
-158
798
-287
-266
-213
50
286
-74
-382
-1416
-200
-199
500
-409
308
1551
-556
22
11
415
-557
-1093
250
544
-129
-339
901
-382
91
480
-424
-187
-963
-908
411
367
345
-494
15
469
-550
-95
65
-889
-1222
-229
-649
-90
362
187
457
733
1551
358
-188
-207
-1016
-804
856
-1014
238
-1159
5
-209
1422
1246
943
184
-426
-182
395
-540
540
308
709
86
251
250
128
964
36
-549
-864
375
-92
-219
-523
-52
-460
434
-602
-141
600
19
-154
-411
-285
237
-1201
304
-91
-63
56
-663
-853
440
523
789
-405
-114
749
-963
876
80
286
568
-106
-531
-98
391
-1087
162
128
0
938
-727
40
-513
-488
594
-877
-632
514
-458
160
52
620
-938
1296
289
-88
24
52
848
307
-711
-605
-254
-178
351
93
-573
-279
598
369
660
-338
-574
154
536
439
552
321
319
-509
-610
-454
-841
-81
-157
284
-230
-857
279
-217
-171
-414
-414
-212
-781
536
-78
-17
-110
515
-255
322
810
-766
-108
823
-852
330
-217
-74
481
502
-243
421
587
-448
-803
-348
634
-275
-489
131
121
-738
-247
-82
346
337
734
-433
-261
1128
170
-437
686
-503
1003
-57
-468
-325
342
-358
-375
141
-573
-1015
-17
-1243
710
-590
-823
1046
-60
252
930
407
-374
481
955
-377
233
-122
888
235
916
-330
369
-264
-29
562
449
765
898
451
-929
691
-398
955
-470
-1027
-656
728
491
-726
473
422
-352
34
-571
908
-1066
-334
-753
-183
-540
-419
-483
348
626
552
-337
348
384
-350
316
-520
456
-1055
-24
745
28
900
856
-7
-325
-363
1173
837
-567
5
183
-380
887
-1235
-728
-802
-368
490
-191
-406
84
-499
-1151
-518
578
753
-199
-320
248
-37
432
-554
-345
-169
-577
-111
647
528
91
1032
999
692
515
-112
25
916
-655
455
-255
-499
729
422
-730
778
-238
375
-813
-577
-181
-150
511
255
-138
-517
84
-695
-309
-142
-44
85
488
278
1135
190
276
-411
419
-140
-808
-193
167
-676
-216
-1884
-585
697
-591
358
94
41
-53
-138
-1228
36
-639
861
-45
-358
219
-205
613
-120
945
-152
437
250
823
-71
-346
-461
1288
-287
-1109
-175
681
-146
1105
-284
1387
-38
150
-751
-1120
1084
343
471
518
122
-382
-427
359
-462
633
127
-1120
-203
251
302
-116
318
-858
214
9
-242
498
-245
-489
659
296
410
-846
348
70
-314
53
-209
952
265
504
387
136
-733
621
300
-991
-670
103
-568
516
1331
806
530
492
-14
297
-652
-423
-221
-58
-1836
278
588
-200
147
71
-271
149
-46
307
-380
-721
463
384
486
318
445
544
268
136
-745
-439
1018
-183
-995
183
-259
264
-444
154
-351
-877
454
597
-120
995
-268
-296
609
-48
-289
1771
-952
-487
380
270
744
-55
27
316
-124
874
219
-415
564
796
-183
-63
372
-487
-173
-140
68
-21
-365
684
578
513
287
92
-787
18
427
-215
180
403
545
-1011
1249
890
732
-44
322
-1236
-167
-180
721
607
-233
987
464
331
-56
453
223
650
1213
869
190
331
146
-154
-443
136
447
-833
61
271
-1702
-164
-1186
-177
538
-175
627
36
740
4
-428
-439
-260
46
-55
-445
-510
495
-82
764
-463
-1005
-174
567
605
-6
-348
-293
-580
-694
-866
446
17
70
354
455
-660
-91
167
503
1017
288
79
-569
-600
16
-95
-252
384
235
-135
-470
791
326
-757
197
341
63
-492
-181
-562
1142
196
-369
232
1145
-695
866
109
426
577
-211
-126
22
-361
-1151
127
-102
187
802
-152
308
-156
230
-138
-777
446
-878
-178
639
595
434
-118
95
68
-171
-127
-517
1226
401
-212
-182
26
-770
690
789
-595
-306
-441
376
-1160
69
-972
388
873
19
-269
263
841
-1119
-351
228
313
163
534
639
-70
-232
-93
731
-696
-582
-90
-941
176
-344
641
1106
-1102
328
49
-331
-243
-438
212
724
419
431
1533
-613
95
63
-710
-272
523
-316
-776
-1077
920
-244
5
-164
529
391
-36
166
181
790
-434
-448
-217
363
-501
518
547
-109
15
191
-404
-260
792
326
42
-351
726
235
133
-125
410
-61
307
132
185
390
-346
-354
-1278
-19
104
-8
82
28
181
-405
364
-304
-778
648
-1083
631
-217
-967
515
-160
515
-523
228
607
686
-1010
311
-134
23
-722
354
-787
265
1051
-203
692
-71
-422
727
531
165
100
-97
-361
-415
84
480
-413
598
-547
-124
518
712
120
-504
-190
51
-164
778
296
282
478
357
-493
50
767
-561
-205
-12
-485
131
-136
459
-572
138
1516
22
-452
-281
405
-146
98
591
-424
-458
108
-717
67
550
-223
-608
532
691
-447
-565
-55
-429
588
796
997
706
-171
501
-379
360
-488
-55
-66
421
-532
-208
363
823
-345
372
9
-478
-190
-293
-1019
226
237
275
-233
330
1625
74
-292
-854
41
-105
-8
-723
920
589
279
389
377
-137
-1076
-329
-318
-50
-464
501
-701
452
376
-386
-569
698
533
-792
277
522
-405
45
364
-248
113
-957
-20
320
707
-247
1270
-331
247
39
-1070
298
383
-216
-385
-243
668
413
519
459
375
554
-776
890
246
138
394
-377
760
980
1053
-565
26
-87
-300
725
-188
181
-371
-582
250
-843
-66
581
-595
264
185
829
1554
1708
658
-1448
-325
-24
245
-761
41
-843
-417
278
346
102
-397
-415
352
35
-144
-8
414
-10
-952
75
498
-498
117
-1132
271
-372
-341
138
-169
1193
-1127
-424
562
224
159
266
427
485
213
105
304
1246
1058
-212
177
244
-102
-431
429
39
175
1056
270
281
710
1128
-1244
563
-87
289
-697
-687
-120
567
615
-188
1166
510
327
49
-445
-145
-456
-265
139
-436
-378
885
-511
148
-456
-630
859
-417
154
870
299
180
418
299
99
-251
-373
-582
1203
-745
676
328
-221
169
-77
1005
-1005
755
-628
-494
536
770
-632
292
-1409
60
865
152
775
-811
-214
-801
-1300
570
202
291
510
-203
-674
-830
501
-831
20
-956
-1151
248
94
-396
-309
190
-224
-1038
-727
-39
675
807
430
-613
-366
-11
-390
500
-123
12
-406
-604
936
-168
680
38
-281
397
1080
-41
1121
16
586
-423
-18
-715
953
-318
-60
289
-654
-873
-344
215
-365
246
-389
1114
248
-1293
-588
114
300
-281
392
142
-489
790
-851
23
-1081
-118
-281
-644
-408
-762
-345
520
-497
529
-711
-199
-584
-373
402
-36
-431
73
116
-927
1246
586
-509
-26
-102
-327
647
880
-615
-539
-543
-476
190
-651
-285
-630
285
389
425
-431
-283
-278
-73
41
652
-281
-240
-578
-367
109
-302
-821
240
139
232
-874
-607
108
-651
270
46
-905
-433
337
163
-30
-332
832
-231
505
450
773
-318
-191
101
-952
-259
7
-475
933
-882
-148
-111
-376
-81
-478
-200
-693
-927
-190
-188
738
-571
621
-506
-518
449
850
-61
94
232
677
397
571
79
1343
1693
455
681
-586
-245
213
-276
268
786
816
-4
-195
80
45
121
-537
613
-795
-187
633
1219
424
84
-522
-713
592
-525
-544
-1407
-424
308
357
-781
800
-179
87
-419
193
-594
1306
208
-159
-853
542
128
-1147
-670
254
191
-129
325
156
635
-27
334
878
-1159
-445
-767
130
574
757
332
-350
-255
-230
-576
-230
-199
-237
801
514
-1096
400
968
394
-171
358
-235
330
794
-413
807
932
4
1573
-827
-490
628
159
-1063
750
245
747
436
1003
804
496
-562
753
-840
257
-439
-108
978
560
1019
333
-397
-116
601
212
-179
338
424
465
95
-1127
-1206
-248
398
-2
-271
627
-700
-159
-686
1187
-288
288
-16
717
-974
700
-1242
476
911
96
186
-95
463
15
-814
-555
466
-56
-515
55
-280
796
328
251
-598
-719
916
322
-351
239
-298
-409
-1097
498
485
480
439
-315
-1038
-256
-302
24
31
-954
-304
408
-499
544
-37
-89
421
-415
-861
-138
-728
-831
-14
408
-200
-624
-1213
-273
-337
53
761
180
-436
270
-716
2155
926
-213
-395
207
671
-699
-233
627
-400
91
-98
-337
-437
-15
-673
-217
241
-190
1044
922
382
1093
-598
428
263
513
-974
99
480
733
-205
1127
28
762
277
-69
366
-653
24
-81
414
-468
-706
1189
-588
961
-1354
-371
-331
51
304
566
-380
1285
-330
367
57
242
-433
-309
351
404
-168
549
323
1785
1305
-428
323
-193
863
510
-42
-584
20
892
-345
808
-54
-997
92
302
3
-626
-536
1058
-385
-762
-12
-82
-1225
-236
-12
170
-127
167
-626
143
-844
-145
89
483
-329
-659
-1951
-122
-770
621
-548
-321
-261
-468
275
377
943
320
-270
630
371
-587
-820
-463
174
-9
-134
-788
70
334
48
127
534
603
397
1176
356
-130
1040
73
54
1087
-711
-659
119
-515
-96
261
-316
-505
991
-46
748
-788
-1176
-32
392
115
16
-444
87
380
-388
-236
-1063
532
-300
787
-1352
962
-424
-230
511
1143
-558
793
-20
-128
402
-1274
487
597
-503
328
882
236
-391
25
503
458
551
-361
338
-662
317
327
658
51
-56
-407
1503
-634
435
534
254
655
-117
-278
-710
-1014
-114
-105
895
-195
-36
-22
-150
153
-955
-800
-94
-420
47
-301
-152
-418
399
530
-200
-633
381
454
-575
90
914
330
-752
-301
880
277
410
-1054
4
-9
82
-117
-148
-840
-177
708
470
-148
741
-298
549
161
111
255
820
-379
942
-405
169
11
-180
14
660
295
955
-254
-634
96
680
-124
601
-649
-435
-425
152
-1192
689
-28
45
612
102
-1211
101
-143
310
-67
-321
353
-325
450
-458
784
-946
391
-941
66
-410
-142
-166
27
427
709
-961
262
-289
-450
82
130
-469
-262
-305
249
-389
98
-727
101
-84
558
546
424
248
-669
-341
479
-443
-441
-746
-267
156
493
92
343
356
1197
111
172
-684
680
-301
40
-722
-845
705
-5
298
-687
77
-183
11
1343
-136
385
95
-300
-407
567
23
497
-44
-792
506
-422
576
676
580
-336
136
-975
111
-87
734
66
51
-300
258
765
222
-177
-216
1077
-589
1158
-418
982
414
472
375
-580
-385
203
641
322
603
399
-652
-221
169
-435
-329
-1068
-767
-356
-204
-894
634
-619
231
520
581
182
251
527
-521
-272
-127
41
-2175
177
752
395
785
327
-306
-931
156
249
411
-189
522
-248
-59
362
-345
-484
-647
-480
190
-152
4
179
98
-386
46
-1417
351
-69
-1360
969
336
1513
487
255
-552
-623
-549
0
413
-97
-27
3
-359
380
804
-454
-573
485
-424
-983
843
427
25
169
-911
-806
-897
-28
302
422
149
13
-751
-66
-757
354
185
-496
1053
-389
301
-284
-122
616
227
523
192
-159
-226
622
-568
-73
-1146
-643
425
-56
1381
-684
300
291
-680
556
-201
230
903
115
342
-547
-72
377
-455
-61
347
311
756
784
743
3
762
1199
-304
-1233
784
-167
528
460
461
647
-422
519
819
-757
427
-430
763
-772
972
802
-73
-103
21
-626
-9
-587
797
369
807
-320
61
381
280
-546
1076
-607
278
-390
718
-617
475
-747
367
-406
420
365
-286
-704
-325
-49
-19
-637
778
110
560
309
-253
1705
-46
-463
-136
477
-15
145
511
-231
1117
-672
-76
-740
833
234
-225
-33
920
729
-305
109
101
456
232
483
715
-265
-71
-121
1325
-503
-173
-632
-782
451
355
255
-876
1154
-885
888
246
-473
-643
491
631
-11
418
-491
-138
30
-336
-188
-285
-345
482
134
299
-411
284
-969
973
589
244
9
-198
757
-155
615
-920
-624
-28
-725
802
-102
331
-1106
235
-318
-135
-284
-276
254
-381
-316
-344
272
-448
736
99
-524
-170
-1123
109
-303
761
-1056
123
-178
358
-120
-515
-695
-129
-442
-365
-145
-1300
488
112
484
-663
640
-632
-764
261
-473
684
57
-165
10
726
1080
-365
-512
22
158
296
-1363
348
877
-327
15
-586
-663
-1011
-414
0
-55
-590
-145
-348
-1373
-63
20
305
-591
260
486
1663
397
-665
-637
-244
-782
-308
484
-45
1512
226
-737
227
-405
932
537
812
-566
-1273
1132
1270
-511
906
592
613
-834
91
-366
-653
-599
-62
-353
-598
215
-196
-1045
322
781
-84
1131
-1052
-112
-364
-605
-53
98
313
-1222
-530
561
-321
-74
635
601
17
310
1009
263
-164
-195
732
-308
74
-103
-679
629
111
853
891
81
321
754
-195
699
-194
-124
-573
-921
1076
-198
162
-214
161
-745
281
-829
-349
-377
320
-39
-696
11
0
938
-901
-155
-462
1365
258
47
150
487
-40
-142
263
345
-359
933
827
352
301
-646
-482
-318
-1271
-229
-329
242
-439
-935
393
553
-630
-742
961
65
-507
776
-19
-91
-777
294
634
-168
-44
299
117
116
414
-47
312
-111
-1149
-706
675
870
610
-687
-152
-465
-310
-473
117
-253
303
-421
32
-264
-424
570
1018
-133
1254
-528
-648
-956
523
430
-3
54
321
-568
-490
1033
-207
242
-680
-744
811
-25
-8
226
353
-580
-473
-94
136
-555
-103
1445
644
138
-336
-317
952
340
199
730
-94
-540
191
-586
-102
-562
811
-24
-363
1
-158
535
0
1127
861
-530
-943
632
510
225
-983
287
-293
427
816
199
-392
-484
-427
296
-1653
524
-80
662
-326
285
-534
1333
120
611
1379
-321
-362
207
-137
73
178
262
-578
-742
386
-723
302
789
350
-904
-407
429
352
355
478
-167
181
-600
-191
1091
485
-172
-389
759
-425
201
358
324
-579
901
-75
632
334
-184
899
-387
151
-969
1453
-145
446
-1302
-471
206
-863
878
69
-160
-875
-700
233
653
252
341
-493
5
-125
-763
461
-280
-164
-680
348
1
848
-159
-1178
-343
-866
-151
-1023
-156
-95
969
411
467
-845
-142
276
513
-144
160
427
133
363
7
-743
774
-287
-219
491
42
-537
87
-40
-634
84
-399
383
817
491
-19
360
597
-188
123
-739
145
35
-7
-867
-242
-255
187
222
-404
578
