49 90 900
0 35
0 37
1 5
1 47
4 9
5 13
5 24
5 30
5 47
6 29
7 3
7 22
7 33
10 8
11 14
11 18
11 25
12 4
12 38
12 44
13 6
13 32
14 13
14 35
15 33
15 38
15 39
16 36
16 43
17 13
17 17
17 33
18 23
18 24
18 32
18 39
19 7
19 11
19 38
20 12
20 23
21 7
21 19
21 25
22 35
24 46
25 21
26 37
26 47
27 11
27 25
28 45
30 13
30 38
31 37
32 7
32 31
32 47
33 35
34 2
34 5
34 12
34 27
35 39
36 6
36 10
36 48
37 31
37 41
37 47
38 26
38 27
39 32
39 35
40 0
40 28
40 32
41 20
43 22
43 30
45 14
45 24
46 0
46 3
46 19
46 22
46 28
46 41
47 20
48 19
54
1
71
51
26
70
36
52
56
74
86
34
6
16
58
59
17
87
21
18
66
78
41
29
55
13
44
88
31
3
40
25
75
57
82
63
62
38
11
12
72
60
53
35
42
20
19
64
65
46
22
85
39
84
45
33
69
4
89
2
79
8
47
73
7
9
15
49
14
5
28
83
10
0
30
77
37
68
43
23
48
67
76
81
27
61
80
50
24
32
-974
891
856
513
-763
-413
-732
-151
-387
-1338
576
530
-1323
425
-484
-608
-902
1963
413
199
-717
225
285
1068
50
253
18
684
-830
-6
-373
155
642
410
856
-144
608
-301
-249
954
260
1377
2001
-837
1484
790
-280
309
347
341
1471
960
-430
-370
716
-1099
780
-1138
-25
165
-822
-492
-631
515
-338
44
-476
-1570
-437
-1426
-660
-1929
-174
-1280
-79
-468
1205
-763
-286
-795
-790
-606
1183
-16
-99
1379
2118
390
747
-264
-13
-337
-280
441
45
1309
966
-810
-1206
-237
-617
1329
593
846
155
362
-765
-149
340
-213
-944
1462
1128
-308
878
-1170
287
-246
-1466
260
188
-2269
-317
-403
-845
-673
294
-173
-507
97
736
1133
-6
182
649
-221
-735
1070
1846
-486
565
-828
632
-1365
-1777
432
519
769
5
839
-1739
-637
228
52
704
1065
-205
-412
-429
-515
144
-12
2010
-490
-2006
-1045
730
-254
494
-826
486
-886
-433
-1627
-706
1300
-1246
798
-551
-1027
-663
64
478
573
1277
-601
-402
1970
-922
-299
1532
332
-57
315
-1718
-212
-402
-292
661
97
756
328
1072
351
-690
2837
-67
273
-760
-1590
852
-937
812
-55
987
-1326
1162
1600
507
1020
217
-114
-1397
897
-112
149
675
-610
-83
-38
-1195
-308
-452
-493
324
-369
-415
-238
372
692
1348
-607
-393
1497
118
-740
538
825
-1216
-1195
-190
-33
629
-677
-463
1457
-941
-674
-169
-1222
-846
-1385
1248
-446
1037
-550
2
375
-57
1233
808
-430
1133
25
2551
-82
-285
1415
64
-755
182
22
-260
-488
-562
1062
38
-244
711
-830
-393
545
-280
-407
1541
788
533
1209
148
-880
1998
1070
-1057
1763
-823
-207
-540
83
-785
-248
-1587
-930
320
-110
-492
-479
402
-1662
-689
92
170
193
679
-69
2241
673
-225
14
-75
1700
2593
-860
-413
-502
-445
565
-140
1023
-1125
-1873
-333
-277
192
-161
241
-672
1820
-369
320
-1859
50
-221
2712
1323
-334
-897
792
752
-465
-533
-1049
-1273
-1032
-472
-443
630
-940
-114
1405
399
-390
1212
-1008
360
-232
1326
542
-939
1523
-862
1359
-1
-1187
-870
-1625
919
-198
31
1451
-470
-404
645
1463
880
-144
-412
-687
-1192
1569
156
-781
1209
-638
-1327
-559
-1005
-140
772
-384
-438
-133
-848
220
1090
538
-1180
212
-792
-1113
640
-547
-955
866
1207
-1323
4
192
168
130
254
-1097
-488
1184
-67
1112
-1054
563
1123
1161
-480
1502
-1649
623
1703
36
475
-692
742
411
116
1478
-199
141
-239
-1050
-554
-831
-1012
337
-1223
463
399
1185
-549
-699
-250
-583
-93
1143
1305
1659
508
-1157
-1390
-981
-169
-79
-272
148
334
-1029
293
-43
-1677
-971
-850
-244
1184
859
-1900
983
-356
-423
246
-120
-935
1352
-741
2293
507
-137
-346
311
-1020
-1972
-239
509
147
-846
1340
416
62
122
-203
1006
73
-855
355
-862
-347
402
329
719
-787
769
466
-1555
1104
-1858
-368
-1495
-1096
-52
758
100
758
-487
968
835
-976
-1042
-1369
97
-951
88
-2000
512
-326
-781
-144
345
-63
1209
560
-372
270
984
-934
-516
573
-889
-473
209
-206
-1530
-1356
-775
-583
-696
-509
244
904
1075
2034
162
88
-357
1954
-262
-1029
-115
-359
-990
11
-608
-1198
765
36
-929
1498
-725
-17
917
-2
403
-844
1197
890
-305
1080
-1030
-662
1820
355
1377
170
-639
415
691
-1164
18
-904
-1198
-298
116
1002
244
-159
125
1746
-524
1100
-87
-25
179
606
313
334
64
695
322
-140
1411
1675
310
468
161
-1859
560
1125
191
489
-445
1710
1028
1096
-457
57
-1617
-55
-291
-1236
1761
8
541
228
1117
2038
-61
-2054
-302
1227
408
-630
-970
-851
-797
419
-1360
-1525
14
-416
-815
-955
-793
-583
-1560
-770
488
503
807
1041
-251
1253
114
-1121
-432
74
868
-594
739
1730
-1760
-918
779
541
1751
90
257
1579
-13
-715
470
769
-10
-395
-1886
-193
-855
-615
658
-728
-991
1005
-288
599
-1755
1968
-877
-1179
418
-539
-65
1512
-779
654
1428
-486
97
-323
-641
-292
565
1901
-988
-1463
1446
-440
224
-66
-610
469
1673
-1225
-946
-521
-970
-960
291
712
-118
-154
-231
590
569
-576
883
613
104
-850
-1009
635
888
-814
-1105
-1015
2003
268
142
155
88
518
1650
-115
-531
-182
-9
-2796
-210
421
1068
804
679
197
55
833
1176
450
581
-1531
-281
-195
-1379
300
-343
-126
-394
-614
151
-814
-112
921
1127
204
742
1212
-1453
-347
1021
-442
659
84
404
127
302
-885
971
1814
649
329
861
352
1571
899
-449
-66
437
1770
752
-1101
-887
-883
-968
-666
-933
1045
149
-1427
2078
730
431
1219
652
1078
-196
-676
1666
-119
189
-345
-369
598
-753
50
1474
351
828
225
174
583
110
1185
-364
-997
-769
873
976
-723
478
869
480
-59
36
252
315
-593
-1158
123
843
-1461
28
-91
1516
1897
676
527
1243
-984
1528
-541
548
-1508
-932
-324
129
1092
-1205
-538
191
-205
-705
-613
-998
-479
-530
571
-1064
-203
-58
10
1228
-954
-293
-875
382
-617
-1288
-1171
345
8
-650
124
1819
163
-2310
159
-1182
162
-358
-100
-1062
713
814
478
1395
1176
674
242
-2194
183
430
-1035
-1243
-911
28
509
496
-1149
234
-110
-892
878
-1016
-743
-253
-836
915
687
-754
-844
-280
312
612
-832
-1196
1899
786
328
284
-824
254
629
1059
758
-701
-802
-1125
-119
-168
759
-597
72
661
384
-662
-683
-560
305
-651
-278
1051
187
214
421
2
1476
1995
1135
243
612
-126
992
-214
-674
-948
1646
574
223
-1741
-491
786
696
-631
-564
1294
331
-2022
996
-1469
-1959
1054
-785
186
-320
-2
-595
296
-713
431
-14
-668
-767
-316
-569
-1135
-1018
-667
666
320
-2
-877
-988
-1056
-171
-1059
714
865
-655
-840
-32
169
542
22
648
548
658
-200
118
1415
81
442
-220
723
-552
-826
213
-312
-24
1420
-189
-154
-806
681
472
1202
109
-1080
-69
918
194
1038
-468
-273
424
-26
-26
172
-2096
1406
233
615
-1391
13
-304
-841
-1073
-695
685
409
-922
280
-476
1413
670
887
1848
-1132
-233
-72
554
208
199
-556
-541
2195
-873
-1380
498
149
-268
404
-2749
-247
-794
11
1224
-630
-331
343
-395
536
-106
-1223
-246
-506
895
369
-783
-223
1761
-676
-493
-1410
-1278
1826
-492
881
28
1146
883
1364
146
-819
242
-966
873
-125
1556
-2073
-1213
768
1138
1527
-901
1054
-750
1358
-909
-374
858
347
1731
-1130
-373
-1096
-799
-371
1131
-761
-70
6
934
-377
-1210
-1710
167
2015
993
-922
186
592
272
-443
875
1400
959
-264
516
-275
250
-255
143
226
-1185
-558
-573
-547
193
-944
467
339
1478
-1936
458
1205
670
57
-470
1630
-74
-703
650
400
4
-308
-956
373
-289
1451
100
722
-633
-562
-1624
340
1310
840
566
211
-974
23
-402
-472
-212
955
644
137
931
333
-345
800
-3
309
298
817
-153
-303
795
-123
1231
1081
1060
-448
-168
1804
-932
1163
902
-801
852
-786
-1301
-205
686
-1231
38
1095
-994
734
291
145
-2014
617
1036
142
1323
-78
642
966
-862
-1094
900
811
-289
1997
216
-71
542
73
157
-1121
556
249
745
268
-410
-49
-664
-435
984
153
1280
385
1547
-449
103
-355
1066
294
482
146
411
1073
-193
198
675
-715
649
-769
231
-268
306
-112
1003
1886
-159
-758
762
-749
1132
-313
-862
119
439
-499
1230
966
-845
31
-722
-712
436
-343
180
-24
-162
1181
-210
474
-235
893
-1810
776
-1365
-875
-624
-424
-435
-675
-447
-554
451
-1219
2574
-54
735
976
293
1086
587
898
758
-134
752
192
308
559
-1728
-338
-610
-954
674
-210
663
167
-911
107
529
1422
209
849
-244
3
16
429
-608
787
1395
-473
318
-385
-195
155
1084
1292
685
203
-830
762
347
407
-774
575
232
1091
-115
-1065
468
-54
448
1159
-681
404
601
-1344
1837
-1685
-1676
887
725
554
334
-194
-886
-973
-675
-733
837
-1114
-453
-743
105
329
-35
284
-704
-1312
549
339
330
-541
595
-49
-515
-238
-837
1553
-457
61
-980
-304
900
-746
-675
51
1491
-44
-1361
-824
305
-1054
-94
-1004
679
484
-244
1360
1553
-414
-685
-3072
-299
2628
790
217
-1036
-944
-671
622
161
-1292
1590
-204
-391
10
2017
-789
-155
888
-1754
-474
-99
56
63
-892
339
-464
-1004
-1161
-1876
224
-433
-651
566
-490
1840
-1270
-1883
-321
-657
28
873
-1208
1373
-332
187
-660
-306
-780
117
1087
989
-196
904
479
-1427
440
-1176
1263
623
1505
81
1309
795
-1227
855
-905
486
-943
-470
-663
-186
-558
-1649
16
-1327
1035
-282
1604
-44
415
131
574
-68
591
1963
1720
761
880
-427
-721
605
1068
-902
614
-540
-326
552
-763
1568
642
1291
-622
131
18
-655
-92
221
-1200
-310
1250
-458
1374
-883
-87
566
162
-924
1571
1001
-1090
706
129
-987
-450
553
-555
-1657
711
2031
1812
-391
-1996
-997
2370
-528
165
-513
-701
-767
-76
-837
942
243
326
-1184
402
137
-720
-599
-500
-111
459
-293
-311
-673
-1153
-435
822
427
154
98
678
-226
553
-487
-978
-667
-570
263
471
-1586
999
1759
236
-1289
1713
1608
18
955
-1301
-1149
-257
913
-645
-435
-366
464
-202
271
-681
-1710
-2085
-550
-932
-1156
-531
588
1430
350
-575
-1266
-114
1133
-510
-973
-353
1300
548
-28
897
-394
757
-53
-530
874
696
9
-50
655
-699
2250
-210
329
1416
1614
-676
614
-420
1996
-436
1508
-160
282
-1234
-1819
763
-1365
-1586
939
-610
-621
843
2057
-190
-1732
-96
-1039
1175
-321
-1499
982
277
396
-1145
599
-467
-1764
175
1008
564
-1039
795
-354
712
684
-179
549
-296
-1409
-393
1079
1003
-1107
-874
-617
416
-1790
-721
1474
939
248
1117
-1440
81
-1428
-868
233
1259
-476
921
-338
-459
1279
19
234
-1581
-562
-2177
205
-825
-941
235
52
952
750
-2191
-461
631
-1171
-1030
1237
-286
337
805
-486
459
612
-576
1264
215
-1249
399
1112
355
831
72
-7
-419
982
1343
795
-848
362
372
-681
839
-160
638
961
484
171
-2647
2362
-2237
354
548
-983
-1350
-710
389
-1840
-707
-1664
19
-560
29
-488
-364
440
-73
1424
-1185
149
1928
-1107
-532
-555
-450
-183
718
716
-306
1811
-1059
72
-405
-480
1832
570
162
375
-1939
527
-959
-291
-1304
308
1767
-424
-144
-7
246
761
1860
807
647
-239
-263
-1688
-259
1033
558
527
662
1628
174
-824
-287
-1344
1885
448
-555
228
495
-399
-1695
-544
774
-1643
-623
1697
573
1144
152
-189
-1306
686
128
-1571
-72
-878
-332
938
1191
-1554
597
1398
230
1620
310
421
-572
280
1405
1321
723
342
-40
607
32
-600
-1080
-140
-412
535
-1707
-167
-449
220
-1191
143
492
-1462
687
-1248
-225
-445
151
791
-1075
-508
799
263
326
-885
468
-57
-617
189
858
551
-17
881
197
570
905
344
-1022
-409
-330
-54
1116
1357
-321
-276
-1104
-324
-359
-597
801
370
25
-1560
736
-604
-115
83
-1544
-657
1334
-601
-282
-473
-1673
1047
-636
370
1936
-768
266
-581
-1637
889
-1976
-566
-639
998
-190
-838
-220
826
931
-168
-1381
753
-1089
637
-465
1602
566
-751
679
842
579
137
-1336
425
-5
-517
-812
634
540
1068
760
-910
-149
-1588
-1163
-515
-496
-1482
537
441
-933
1352
970
128
1809
-737
200
17
1676
484
-1085
52
1179
-1063
-1092
-522
-1912
-1273
-859
-709
-580
2271
-153
-427
1273
-852
-1951
668
-745
669
99
-1012
488
-60
272
-982
1490
1615
757
235
645
573
883
-1201
164
1
-108
-519
673
990
-820
-65
-79
-601
338
-713
469
1139
384
-950
-978
1189
-1186
2097
105
-261
-1079
-137
732
-1935
-952
907
165
701
1684
-77
-1510
1419
1073
1562
1215
375
1159
-718
-1703
-1390
-1035
-309
386
-122
527
-1168
1453
-220
-1671
1474
1173
-140
-839
44
554
1077
-223
-662
212
443
-237
904
-1032
1626
-345
-1537
335
-37
535
-949
3
1385
949
1123
177
-210
641
-1001
-1312
1036
781
-657
-524
-780
-419
371
-513
1362
-815
2213
776
28
-50
429
-764
-37
462
-460
-704
140
-215
-91
-207
782
-487
-154
134
327
1208
910
-938
-898
485
1600
985
-2217
-1370
1539
-241
-416
1780
609
1056
-983
137
-304
140
1133
-766
-45
355
413
604
907
406
1224
-227
206
-1860
1420
1039
-917
-974
152
1220
-1241
-1139
-899
1124
874
-615
855
613
2127
-335
-265
515
1546
-197
-670
-440
-604
-77
-1245
803
-891
-1508
-270
-533
-248
-1095
1060
-551
-180
-279
-1439
-263
-16
-1147
-2222
-168
733
-2919
557
-200
-139
-377
1065
-27
945
-1254
-536
-1391
127
-1175
100
944
87
366
-979
1435
-1256
356
526
-1476
765
906
-48
776
-181
591
-1026
1400
-78
1709
547
-269
-1490
-512
1609
256
984
623
-809
700
540
-684
553
4
-896
168
-1261
107
1019
463
-564
209
629
3261
-455
-1249
-974
-1270
-847
-367
-205
196
823
529
-224
1077
59
521
-1577
637
-340
1046
344
-796
-317
153
495
28
-1746
296
-31
-31
-648
1957
-924
2692
-191
-580
973
-2112
1015
1148
-1276
-133
92
-235
-370
-1987
-438
-862
1817
-753
-288
262
1199
-85
39
-1106
-188
-1295
-171
1151
914
496
608
-1029
-515
-1927
-483
-80
354
294
1132
-37
-1086
577
-852
822
343
422
213
350
-402
-1167
1223
-1465
459
-999
-452
-268
592
-322
-1080
-282
1759
662
-1226
88
-1492
-17
157
221
730
-348
-953
-1741
-2159
270
-7
-192
-84
-266
522
-1378
-929
-532
1195
945
-1078
738
134
1672
654
83
87
-1081
188
288
751
1212
-674
-1142
-634
764
-1826
-123
30
233
-157
-93
1390
-135
1260
-73
-392
183
1542
16
-118
-358
1456
275
-1669
553
-440
70
-1282
-222
52
-290
-121
431
-269
-204
74
-1297
-2189
-2210
56
295
615
323
403
-1404
714
743
1016
-1447
-544
-852
598
-453
529
1663
1240
-935
-163
-428
366
-335
-891
669
-1056
1343
1470
-185
1681
659
525
295
-901
1226
464
621
-934
466
455
2343
83
-2117
-1668
1667
446
377
-522
-196
-145
-630
2031
698
26
-169
-2111
93
-740
-661
-361
1318
193
619
-1
688
-459
-696
-542
-574
650
-133
183
307
-602
-1034
-795
751
1265
929
-913
-816
478
1657
501
157
559
606
7
-81
-312
-348
-432
-1780
383
314
-801
-512
597
-865
-691
959
-40
-546
-69
-906
-518
683
-534
-857
1014
682
393
-369
-818
484
892
143
1382
-1839
-288
1113
-1778
45
764
-930
-269
1010
1170
-681
17
-265
1243
-470
-562
571
29
-1797
20
754
963
1144
1710
-1816
1236
-1276
-8
1258
1532
482
54
-548
719
770
-596
173
-388
-297
1332
154
947
651
835
-849
-1702
-1356
605
-262
-877
489
528
2100
338
-358
1105
-501
-650
-536
-754
977
1674
-147
172
-393
474
-641
-44
-1161
-1208
-668
1794
917
1
1852
-470
1745
-1124
1592
-1077
-432
121
-970
822
-163
-537
-701
1683
457
-730
460
406
1692
1450
-347
-909
-713
-1423
-1488
79
273
-889
1532
1353
-840
-187
1368
-1231
834
447
-1079
160
182
-290
-254
162
-736
-161
119
-1467
-31
-1300
-1107
-568
-681
872
-496
979
206
30
662
-397
-903
-2660
-284
-607
993
-1209
-351
442
910
245
791
-579
-1025
597
1426
-511
756
-520
1276
1027
-874
-455
1400
-107
-2186
-898
371
-175
1633
329
-460
317
10
-680
391
553
339
-960
1379
1276
284
-1616
-1249
-1057
-637
-179
1055
-1038
-93
-6
-356
1047
-428
575
-690
603
127
-1178
-1443
1122
-960
-630
905
-526
-997
-278
-87
164
-352
1447
-743
207
-975
790
1121
34
203
95
-396
852
1240
-1021
-13
-696
-573
709
-325
-635
559
-582
448
573
-231
-1359
-1117
2945
-1024
-1924
-486
-852
2981
-1088
758
963
844
-13
1228
850
-3104
1859
993
-754
-706
761
139
370
679
1569
-281
160
677
-1283
-498
312
931
-118
-1320
80
-650
1646
1294
-113
478
1263
-806
295
442
72
30
815
429
1025
317
782
-1363
905
196
-81
945
-665
1722
532
-1456
-14
-402
142
-547
658
829
2530
-772
98
1055
-546
1228
1229
-673
-1052
113
-158
539
980
1119
-540
1193
-1235
2151
785
689
-71
494
769
-367
-161
-1029
-1334
1700
283
285
408
-816
792
-534
72
-89
-2489
942
486
575
60
664
-511
926
195
476
417
471
494
-322
-332
-247
1154
-1424
-872
886
1086
437
-723
-696
-1211
256
1024
-353
1039
626
-893
-82
-630
-874
1124
-498
-394
677
820
1757
1150
-173
-949
165
728
-727
-932
-45
739
715
-544
199
225
-205
-629
109
-893
415
-656
643
-971
-675
-351
-327
1365
-437
-1070
611
-1002
1796
-1026
-49
-1360
749
-1288
627
219
590
-594
-220
1213
-1673
-677
26
-1422
-754
-389
-178
-354
-1804
-688
-1064
-268
-8
-1639
-206
195
519
-1689
119
-843
-137
761
-346
35
252
-818
-248
1933
-867
-46
30
-1094
481
-363
1499
732
806
-326
-744
-71
-8
1360
387
-557
10
386
271
296
-706
988
825
520
909
-775
-767
-847
1289
-714
1345
-1086
-393
-1065
853
859
-1117
669
174
-1273
-791
613
-1358
83
-316
343
-162
42
-2036
84
181
-1438
-926
-2014
-211
-1729
235
720
-1250
-192
-264
362
-84
-931
468
546
926
-1109
-1429
-609
507
-165
527
138
-1324
-1326
1147
-542
533
322
-94
166
789
-180
328
-1311
1843
322
-1071
-757
-541
790
1449
-770
-421
-119
345
-7
917
107
680
-1535
958
-64
810
396
754
-6
1060
-975
-234
-1311
-297
-138
-1225
1067
327
826
1135
282
868
279
2206
1951
-418
1348
893
558
-902
541
-2068
-640
1099
213
441
-28
1378
642
2696
-723
186
254
-383
-829
-1471
-93
-599
958
-317
-942
778
1462
509
1106
1233
-735
491
-603
483
422
1912
267
73
1995
277
-90
-278
-1379
-2021
1061
-491
438
-375
-1789
-780
-1072
755
704
115
-10
-208
121
-1023
1149
-498
-1492
94
-565
-2354
888
-914
-24
484
-228
-215
-464
-771
-966
480
1016
-99
-507
-675
546
492
-391
33
56
-177
1121
-898
-1130
1058
-241
-8
-271
-459
1643
-8
149
123
921
1957
143
8
-903
1094
-417
-1812
41
500
732
286
-732
491
-746
822
344
1154
954
120
-233
246
-901
917
467
-224
-778
1196
431
-777
-140
-65
-417
-2026
342
-1120
1506
-353
401
1385
390
408
225
-14
-223
-1308
1122
239
584
-737
158
-431
-761
-571
477
258
-382
1806
-508
1710
-1450
-243
-1988
-299
-2200
1108
230
-520
538
81
1880
191
-172
1071
-986
-2218
938
287
401
1037
-978
166
-778
1315
-1111
591
-453
-261
-614
-466
-743
627
95
-2484
328
816
-350
-262
-1112
934
-46
-821
-1168
126
-407
-1161
497
95
-29
1638
210
-190
1598
-10
-1251
602
976
943
-106
-809
536
-933
210
-765
-557
-336
-127
158
1226
-102
-244
-642
-2451
1351
321
1252
-8
314
-500
-777
825
958
-307
610
-575
-309
-415
-395
-870
541
246
-421
382
75
-419
-925
-686
-945
188
-1385
145
-778
-173
460
-385
-1415
-1056
-261
-16
828
225
-41
-1011
566
-471
603
95
-1268
434
1399
864
469
-1258
-103
819
349
-291
-84
-1351
231
493
-751
-929
824
277
1128
1640
-980
663
633
-281
-849
266
-337
-761
1442
1344
47
-189
-594
501
163
-1018
-1444
22
-11
609
-456
-557
-306
680
1030
1664
778
427
162
-1061
-4
1074
-164
-75
809
-538
-81
-480
-956
-314
-303
-587
527
217
868
-588
2166
-1797
660
-809
-3181
-1413
-39
-394
321
274
541
-433
803
668
206
360
-209
409
1207
-426
-605
-1247
1078
494
831
-422
-1425
751
-1554
-265
1005
-351
778
1527
-28
77
245
57
-1118
-8
519
-594
956
316
273
-978
-1450
-814
32
-740
-1019
-778
-246
-310
2035
-685
591
-38
447
-1603
-408
77
-1008
694
671
254
609
-1403
-327
413
788
667
385
-450
-715
1443
-417
2743
934
-997
-510
914
439
-355
32
1492
-288
269
341
77
-389
396
1290
988
635
288
1140
-81
1127
-792
894
-1405
2080
733
-1860
1293
870
889
-150
-63
-112
-685
414
-41
-949
-680
-160
-1133
-1471
-3028
-122
961
14
962
-1496
-320
-877
-1432
-274
196
501
1906
-970
300
-346
-400
1294
-677
-378
-491
1022
376
978
180
-430
-702
30
-239
-549
269
158
-1109
612
749
206
1284
-1021
-184
-1321
761
-131
-1167
-646
373
-1404
-336
-1
1010
725
-1022
-1323
-571
-669
-563
-1057
-849
955
-1071
499
310
-159
376
-241
-1490
-787
906
-1972
-921
554
-110
-329
998
-583
-176
-14
365
-536
947
34
602
-557
-865
932
-168
63
-256
-425
374
68
710
150
-493
545
-779
201
-153
417
-411
-495
-1409
770
764
299
-690
514
891
-27
914
-919
-507
-1061
200
-277
-617
376
761
-244
-2110
392
1542
2082
-698
1369
1713
406
1590
531
220
379
498
-114
74
243
629
-437
-659
-387
-1922
-30
-1135
766
1391
-34
-1
-573
-129
-1433
-625
241
567
1553
278
1174
1202
1490
197
45
438
763
145
499
1588
405
149
-283
79
619
905
743
-1845
79
-351
-601
540
1077
-882
1465
936
439
464
-127
915
-182
-211
2230
-1271
756
-955
-1085
606
511
-919
344
306
25
-784
-1022
-1665
715
488
482
-285
279
-445
-432
-724
-804
-205
-896
369
-416
-352
-953
763
-1743
-25
-199
-79
-306
-333
1056
365
-373
1455
1645
437
-862
729
-298
-314
347
687
-469
18
477
482
111
-124
-315
-250
-108
3
-390
691
347
121
680
-1709
-313
-845
695
-2277
841
-69
-205
-1297
655
341
992
-1551
-1593
1383
-127
273
254
-910
-2136
-461
579
-1116
-602
510
-584
-716
966
-770
308
-768
-24
-397
412
886
-885
-99
1260
-166
691
-1210
271
-786
-454
54
704
1663
-424
-58
1818
-1494
897
-1150
1993
-1393
-1293
-531
291
397
1357
-1487
-1044
-216
-1124
1114
199
-1563
406
-177
-2037
1878
-811
-1461
-125
675
-519
-550
1900
-1081
-786
-1158
1431
-772
-487
-2421
-224
86
-551
503
-161
518
-131
-544
-1399
294
-1425
1162
-729
-195
-254
632
-279
-596
-1629
-1653
1235
410
1373
-1427
-1826
109
-949
-360
-140
-421
1583
1123
593
-530
-316
225
582
549
-626
-1832
185
-458
605
-242
-551
-320
-645
429
1126
257
-836
-1700
-666
585
-2589
1459
-299
-363
97
-357
853
-383
1389
1215
622
1139
54
-662
-2286
-189
780
-701
-453
-858
-325
837
-849
1283
2135
857
1268
436
-58
543
496
-112
576
580
-199
-981
-118
448
-1164
-915
-823
721
-761
940
361
-1315
-806
-1110
193
1386
-127
-422
217
1397
761
-836
-413
944
-739
1818
-139
-3408
899
902
1142
1451
100
-812
1143
-675
1423
-1148
-290
749
420
-1230
-577
707
-1457
393
-1082
-597
-967
62
513
-540
-400
-10
341
2018
818
672
409
448
321
-241
-294
-1138
-79
245
-906
-1055
429
772
89
634
-1688
1154
715
-1369
596
533
431
-465
1049
555
-946
-534
80
2250
2
-39
-2305
125
60
-968
730
925
-484
-652
-752
-299
783
-1022
864
184
-561
22
-1607
687
155
1106
2194
1257
-877
-1026
-1088
-1212
-571
1274
1505
1203
397
-280
-1617
1122
-63
1120
733
-1431
-12
599
146
-689
1181
-123
-1502
-1496
273
259
-540
143
107
475
576
-214
-1704
-6
665
1093
202
-938
-1287
-315
-296
31
1900
-882
-578
-1997
2392
808
397
-231
1667
868
-376
6
735
-88
-925
632
-559
255
-1597
-1301
-147
615
-8
565
412
470
413
789
-919
-1100
821
-465
18
-475
-1315
665
-971
729
-503
2040
206
1148
-474
-212
178
-97
-1182
394
-414
511
-1051
139
-993
-1992
-1840
289
1397
590
857
-489
-547
-627
-1474
991
-1610
887
836
137
-604
939
684
-877
601
1160
-1145
-252
-1015
918
-432
507
-414
-383
473
-16
-540
-775
-775
137
-678
-425
-1271
549
687
1021
-670
-480
-14
-2040
222
-392
408
1377
497
-608
440
520
-2130
898
1502
-981
1084
-939
719
-2504
1156
-882
1038
-2071
-417
306
195
-1099
1502
-147
-403
781
-975
-1584
1443
770
1184
1490
-621
-437
516
63
769
1071
-711
-1026
-1526
69
89
378
372
466
-530
-1404
-386
-1416
-547
378
-37
164
356
364
-774
112
-2042
1268
-324
-814
45
-1211
325
339
1011
1232
-214
-892
-911
-1595
-329
607
561
409
1652
-1265
-899
-1404
1546
253
-204
-393
279
-276
-87
342
1074
933
260
703
-1085
641
-1524
-1131
-854
848
123
-794
765
-1667
910
-1202
705
861
1426
1136
-162
1679
-751
403
-314
-277
290
-660
661
-1471
734
1542
1102
-1037
-490
559
-90
-663
-295
2890
-213
823
1311
878
-225
219
118
2492
-1038
674
-2041
284
765
270
1073
886
-848
357
798
-1844
635
-791
886
243
1373
897
5
652
353
-745
2261
-270
-369
-1158
-2930
-258
-634
-835
1370
-617
-80
-1742
-567
-1590
541
670
1026
826
-1306
1544
1904
1532
-1186
835
-1246
1419
563
396
996
-135
86
378
-1087
36
-293
-1673
-1932
-128
424
-1562
2623
-257
417
-405
-337
-1974
161
906
607
442
-131
-1258
588
-38
405
-264
2128
271
-521
1124
1994
624
-75
-852
586
1384
-87
-1264
-831
-108
394
-60
347
177
29
917
-2560
1360
805
-1050
-521
136
151
-702
249
-997
354
366
-219
-452
241
364
1572
-81
-1275
750
-273
-2
546
-1305
805
210
706
1365
-1238
-20
-777
996
-521
-309
-229
-640
-1413
1356
-921
-1828
433
-118
399
699
-93
1589
-569
-45
697
-784
956
145
-558
266
-265
-350
-445
34
952
-480
-477
-1451
-149
-1558
-1701
-1747
534
-259
1145
-1079
-862
274
-585
996
31
867
-253
531
-871
1063
-149
-307
690
-278
31
233
592
297
-512
-638
-520
431
303
344
311
-135
1028
241
909
216
-224
-692
-200
-377
1650
-1453
940
-681
-553
-282
-582
1135
625
1310
-389
-929
795
254
-110
1172
-1271
1186
557
-591
-896
-1101
701
183
-515
729
817
-904
268
1507
893
-671
-310
-807
4
376
-142
-199
-266
499
-222
-357
-147
549
694
-501
-916
-1005
2329
193
541
350
699
1342
-82
-275
-673
690
-765
-1559
-404
-1340
-1972
519
985
407
-197
1900
-677
695
255
-296
-1081
755
-124
329
-208
-1358
661
775
-658
-441
835
-49
-1
-700
-481
-994
197
-323
-865
-1086
475
-930
-564
-159
-46
292
-691
-1282
-140
1271
-957
971
-181
-458
70
-1902
-84
-413
363
692
1616
-150
-924
1714
75
-1476
745
-457
-272
-1137
930
414
-196
78
1363
-1702
945
335
-1290
540
149
1572
-644
1697
702
1170
523
-697
232
-727
-1828
1698
-687
-82
1257
1205
-75
141
-813
-1424
997
52
103
1282
836
-1042
-33
-670
736
-2681
1009
292
-587
-428
925
1066
588
-1652
308
-2130
615
411
1360
-451
-479
-32
2
2022
-1297
-1718
-543
2030
314
534
843
-246
1058
83
342
-1568
-241
-539
-234
-1303
1376
-182
392
-126
-501
147
-123
-912
-671
-118
238
403
195
-1224
710
-163
-963
-377
-575
-483
380
-586
-1117
-1119
-710
-463
-208
-364
274
-717
-1402
1524
1737
295
-480
-319
-903
396
523
274
461
1482
214
1186
284
-1090
-134
-294
283
-1347
745
1017
164
-964
-765
4
-308
325
-1142
-53
-1021
-114
-383
1233
642
718
-730
-1202
-1487
-1052
1208
-2170
796
1
-275
-2000
-240
-1211
829
-1075
342
868
512
1138
-294
280
1708
-122
-2111
1307
-154
-762
29
-572
-368
1486
-51
-668
77
937
-998
-836
260
1056
1971
951
229
1091
-347
-281
436
842
87
-281
44
-2665
-452
-2054
-553
824
324
1014
-404
-457
-706
-334
-141
-1097
432
1037
-1668
-347
717
742
557
979
604
-912
702
1551
874
811
927
1741
-1841
1301
-454
1046
-1169
862
-733
-197
-371
-656
760
783
983
-218
525
-332
734
635
-108
-53
27
-1750
1039
-324
1018
-707
1260
-855
834
2207
429
900
-849
-337
-787
-652
604
1376
-7
747
-1289
202
1215
1474
-701
-1125
-1091
653
-1255
-1254
-2255
573
13
-1553
481
57
-1303
-15
705
85
-1115
621
-658
-627
900
1004
1690
-1184
-1274
1802
-1371
395
-743
-354
-1428
-858
60
516
144
906
-754
-358
-692
-901
551
232
-582
-118
368
-201
-715
-2935
-375
4
73
-248
-161
611
-1292
444
-1012
1415
145
-153
678
-860
-823
-1402
527
1282
172
1403
1208
458
1467
437
-1169
2303
2000
-630
-554
-1140
-822
-462
-760
-272
1073
-143
767
-82
-149
426
-331
-951
267
-552
176
1687
-33
1345
-11
1160
-315
484
-1174
1581
-1080
716
837
739
93
86
-606
-120
1484
1145
375
1198
-108
294
-614
807
2581
738
-1398
973
-1484
-237
-848
-798
103
-396
-419
138
-681
-477
-617
-345
-499
392
1523
1988
-566
-2069
204
-1946
165
-1321
1498
-1239
818
793
207
237
124
95
-472
327
-1
-841
-460
-426
-180
-868
-908
1217
2275
112
488
-351
557
-709
-638
-1050
-66
-2286
-835
-1525
556
-961
287
-965
-218
-175
-213
177
405
272
-708
-1300
441
560
559
-511
-476
-1896
1468
-225
612
-1503
-1763
1428
231
838
-315
1249
663
-1681
628
-656
744
-640
-467
-438
-1042
-123
2046
38
163
967
665
1091
66
104
-502
-1074
-264
-531
-471
-1266
-270
394
-872
-943
1258
-353
1394
-684
409
-129
828
542
-341
1283
224
1864
-389
1346
117
764
-219
-1176
199
564
1650
-145
-906
-838
1172
235
511
-1737
-724
-594
850
-56
348
69
1423
447
270
192
2195
319
1741
909
-333
-504
-364
-820
-749
-1151
996
109
-643
-144
-217
-1509
233
-1312
2144
6
-772
-654
322
-727
-848
-1467
1689
309
789
-290
1409
382
-511
576
-197
-830
-1004
758
239
235
-1258
513
-225
1266
-994
476
-86
635
1795
48
-575
770
1969
12
-700
-250
14
1493
157
-9
-843
-676
517
1161
1221
405
-488
1484
227
-1209
530
-946
-1077
1236
298
535
-256
212
-1297
839
-307
1034
197
76
75
-118
1413
-1062
6
164
-1671
593
-360
71
-918
90
468
12
-2445
-582
-769
702
270
1398
-232
145
-725
920
105
300
454
498
683
-957
-670
-421
-324
-471
985
217
1294
492
309
-696
-803
946
1483
610
534
32
925
107
202
-577
-257
1526
-286
1509
-193
2
-110
1679
596
12
-142
-1278
266
299
353
1367
1739
343
-64
-733
1145
-506
-162
-764
-1264
-1071
-774
-764
-535
282
671
980
-676
-831
574
482
45
68
-544
-1001
1574
915
440
-174
616
309
-1270
-107
-145
-269
258
-597
1154
-221
-430
-1334
-343
958
-329
908
-1039
-227
-162
-285
152
2024
-648
-1211
1400
661
-471
1410
715
973
-1061
-1772
363
714
-1226
1997
201
159
258
126
968
-1425
-234
-345
1046
417
398
-812
-687
-1066
-238
363
1373
-383
-1212
1013
-130
942
-1170
323
488
1152
595
246
1655
715
438
-864
13
-395
567
-12
-238
-2198
886
-524
502
-614
-454
-38
1465
-1445
713
404
164
-405
1287
-554
-2144
-658
935
837
-557
-1355
787
-587
-402
657
345
705
-28
-1012
-405
2
1428
70
-862
-216
411
813
418
955
-891
-291
400
84
627
584
-8
-391
1378
1254
438
675
-594
601
-1596
903
555
-1180
175
-512
1072
400
192
1400
-712
-987
-103
1085
-178
-609
1205
-803
467
461
797
184
-291
-449
-925
-494
661
-101
957
189
370
333
-294
-491
99
2517
756
235
555
-831
603
-530
-524
-492
-624
1502
-988
-893
1742
301
-309
-1501
140
-1284
-744
243
-145
837
259
960
1236
-251
-2235
332
1150
-1612
131
526
1530
-435
-750
-264
1727
991
-232
-342
-543
-1360
-414
442
-1098
669
-1263
-555
-277
-827
1967
98
74
477
94
-1011
-1224
-34
361
-425
144
653
126
-85
-191
897
660
-557
-1065
-776
-4
-243
424
-1158
-987
372
499
-504
-446
-1905
178
-337
-355
-1142
-983
-1198
-517
1710
736
799
-222
-2746
1121
-167
384
182
-535
-1531
421
-12
-1810
499
-1309
525
-89
962
-260
-47
-678
225
1450
-1703
-603
55
-558
-646
-99
1263
200
-477
2101
-21
-759
203
908
-839
-343
-1213
-1208
1235
-128
-827
1182
-955
-401
623
-1117
1818
-629
389
1496
171
959
-1
-294
1235
-889
252
936
-78
-271
765
-844
836
704
-1356
-2006
-289
1486
452
-61
-679
705
-587
646
-980
-1794
1451
-114
911
-809
641
-691
31
-1560
-625
-56
928
-128
534
-894
-329
271
-535
-379
871
-247
43
1108
-1199
-38
655
776
225
-522
-235
654
-61
1584
892
1154
-867
-987
-768
346
1777
1947
243
-1605
-1789
-1761
-70
-1854
807
262
299
-776
-1036
-1005
-361
202
-277
814
488
-545
-172
-315
1043
-962
384
-1190
86
-1124
-775
-253
607
-265
-815
990
-929
2044
950
1178
167
331
-767
-33
-122
111
-453
502
-2189
-391
949
-332
1198
585
-402
-74
811
65
511
-521
752
1568
-145
-91
-284
1487
-876
630
-1115
226
1678
-793
291
-183
-1109
-90
-114
-263
2075
-348
-240
52
-722
-1215
-593
37
280
509
-379
89
-980
-2002
-82
-230
-424
893
-164
942
-453
-1024
-610
-143
-365
-1101
-43
-182
-728
-1417
1658
398
-141
1021
-483
-655
444
566
593
-473
-899
812
-872
690
614
-810
-1829
220
-958
960
-335
190
-629
-283
-707
98
-162
-232
-1942
-345
-751
368
133
-822
582
-1241
629
652
-1712
-588
-275
404
111
643
73
-360
1255
-1207
-444
436
1338
-329
-911
978
918
-1616
-1067
-445
-1571
-724
406
-1432
88
-285
-935
-277
311
786
1265
194
-1120
870
-8
986
354
675
-1734
-382
96
-974
112
-1062
127
-490
360
-125
437
-482
-399
978
868
828
-201
-1812
-396
-1410
-285
-548
-75
1343
-54
-2013
-1283
-380
-383
-1332
781
565
178
-716
-43
-1119
1222
279
-379
-180
-52
899
-576
616
-710
124
3
-109
-41
-1327
1219
840
182
-372
460
-191
789
95
-99
-1409
420
-985
228
224
645
922
-1433
-1167
-127
557
-291
-801
250
3
692
565
1291
270
-307
-294
-548
325
1068
-256
87
-356
-278
172
-431
-811
-376
-970
-344
419
713
-657
-13
212
605
1150
-1506
-82
-429
546
201
-64
-833
196
-232
-595
408
69
-487
1309
914
-1187
322
549
849
-612
319
1925
-338
-167
787
-12
-651
-821
-1057
-1834
129
-734
-605
315
1531
-205
198
604
811
-742
49
-1571
-440
-513
289
-361
1382
952
702
-1159
139
1422
-948
-601
795
-989
-423
350
-437
-1966
883
-24
933
-1060
-128
656
-1548
77
-222
-1288
-752
786
-1047
519
1063
-547
2206
582
-1044
440
1059
389
-41
-1181
-1377
-184
1530
384
1417
-245
-915
-928
-384
943
1381
84
-947
379
1706
-37
311
-229
1026
64
988
-278
520
-443
-562
-1125
-1475
-786
-1257
-420
-1402
-316
841
728
-37
-564
1973
2283
-158
212
-528
521
149
3
-144
-401
1853
2123
-935
-1193
1207
595
-31
1138
-2475
444
1680
499
-419
72
830
260
-970
-857
-784
169
367
221
1019
-435
-857
-609
531
-1870
395
467
598
-2883
337
1400
-205
-372
639
-12
-787
-861
316
-1771
-1122
-839
-951
-85
809
668
988
738
1870
-1196
118
2005
-13
384
-212
136
-410
331
-70
129
-119
-1315
1456
441
-966
-689
1151
-302
242
312
838
-705
341
-116
-598
692
-356
-723
-885
1468
1222
-980
-1086
81
-851
-1130
1396
-323
-84
16
470
593
-976
335
-762
1274
-606
-241
260
172
-384
414
452
-63
511
722
-601
83
-1184
-117
1179
624
-236
152
373
2132
2208
-665
73
1062
-1033
-477
1189
2495
800
-1249
-265
-483
39
579
-162
-312
12
-1411
-230
975
382
27
-741
1129
-716
-1043
-1281
-1996
-512
-609
-655
540
1451
491
280
-430
1609
-431
-14
-717
381
-412
-1634
555
-28
1245
-985
-305
-109
539
-1170
-795
451
442
991
335
481
-397
-1134
560
1814
-1345
-268
-864
2596
28
-792
-486
-1328
140
530
300
-27
-1627
1240
-1177
1043
-1468
-1251
1715
-952
-968
-23
-1083
-168
-941
249
387
845
2028
1023
-662
-983
-1003
-1251
174
-116
924
39
1506
-47
-1672
-812
477
-66
-577
-752
1468
1381
597
-294
-36
417
-394
-992
-1081
536
1018
60
-1025
165
845
-564
380
555
-178
-1521
-937
457
0
1454
42
-983
-419
1099
698
380
-563
-150
411
-1163
-481
-861
138
-1637
-322
459
-1351
-743
1306
196
609
1892
-1533
-1431
464
-981
-1006
1592
67
1069
-356
-194
-329
-1370
262
-790
-513
-432
254
-29
-719
1369
708
844
1016
1946
-682
732
1055
54
-359
-180
617
1037
1025
1299
443
-1143
775
1775
-306
-106
1087
-213
1065
-35
-127
417
1305
-1930
1518
-446
1199
555
-1475
-606
206
-380
-350
180
-800
-1366
834
-572
959
-1818
620
-1506
616
-713
547
-121
-625
-535
-270
-956
-1222
-891
-455
-1302
-1017
25
524
1018
420
599
1805
-714
197
655
428
236
-386
-634
320
142
-900
-189
-944
1818
-680
-205
-500
-1151
274
516
748
1303
-18
34
-845
1181
228
3
1194
564
143
-1395
1034
-576
125
-381
-1026
-754
-1150
744
-596
-341
-520
1311
40
-774
-374
-1691
-1178
-1219
-80
1433
343
-1951
-220
403
182
730
171
-953
-941
-712
-822
-684
412
152
1131
1141
1919
135
-1438
289
-122
1061
-672
-1623
153
158
-916
-1160
179
908
241
-930
-251
-599
-1047
-517
502
-834
-991
1841
537
594
-655
-126
-228
-235
-1130
185
-1443
-211
306
641
1204
-1185
-1050
67
845
744
-978
234
2340
193
-664
672
-1095
-148
1322
-1172
323
937
1080
-404
-471
-1081
636
-1563
132
314
-198
873
42
-1479
-615
-562
894
1899
-504
152
1124
-1053
459
563
168
940
-410
-456
76
1732
-1246
-35
108
-794
-1251
208
-1276
260
659
-108
-976
393
-338
-341
296
-279
-146
-706
1000
827
-192
-426
-607
-72
423
455
395
-683
591
-1042
-921
1372
-969
-315
-577
-617
-1949
-1836
-834
-1139
327
387
809
-289
-305
2099
-603
317
912
76
761
125
505
-92
78
2011
-174
-952
702
325
1745
-638
311
-485
756
-283
1619
1696
742
638
-402
-30
-638
-300
1280
-1382
1074
216
611
-10
-337
1386
-810
20
1320
1642
-1172
-809
360
-277
68
-493
929
-343
-735
945
329
333
-1194
-1300
-288
-891
-240
-222
-400
1627
683
230
730
-1170
47
410
793
955
1176
-451
-54
117
473
1431
806
642
1340
394
-199
-450
-1016
736
166
1286
-2080
617
-92
374
331
1683
199
-82
-1065
346
1018
480
1360
-586
201
223
-45
-153
516
6
-1007
-353
-1034
-751
-588
26
610
1305
-466
-638
-1844
718
-1287
-439
128
491
-684
589
463
-855
21
465
-793
-580
1175
-108
-407
-68
-123
-530
1859
-544
48
820
-161
-1213
820
670
1698
11
-3
-554
300
357
108
-1155
-103
389
602
845
60
2003
451
1470
-127
-691
464
387
669
228
338
-909
545
553
-544
548
1381
1447
549
-722
-344
805
-46
1242
-1562
-206
13
-1095
-317
854
-109
1937
-1229
-1065
202
866
-735
269
518
-751
-582
-1062
-756
-770
-268
892
-1335
55
338
36
-103
-545
-1403
772
-1047
491
474
-64
-913
-291
500
216
443
216
485
-58
-577
-632
-751
-1011
-979
603
-609
182
-96
1408
-1725
-1159
658
1004
786
534
-381
359
888
-955
93
-144
1757
-50
1840
-152
-59
480
-107
-391
423
-791
-932
-1236
-372
1502
1597
-1193
-732
-595
-112
198
-520
24
336
-956
-1750
-989
2033
46
1106
987
-992
103
-278
1150
1030
-1244
1440
184
-472
498
-412
39
943
287
320
-453
-41
-223
982
511
855
376
-16
-855
-34
248
68
-231
-309
437
-947
-470
-19
202
-1275
2176
249
278
-434
1668
-90
-1271
-138
-38
-1515
304
871
232
90
-724
930
-1270
-1346
989
38
318
1158
-753
-964
-2029
-906
581
-1646
199
-350
-144
2470
-824
341
595
498
-580
-711
1188
1848
1058
411
-877
355
957
494
227
232
1347
597
971
1153
-384
1254
-428
-435
-387
-232
-7
-1009
202
-960
110
-771
-814
-836
1299
1289
-234
-1982
745
-1110
-125
-1284
-1496
111
-901
-648
219
-107
-466
434
-272
-1754
298
-687
-220
370
217
-877
274
-379
-650
-1135
337
591
-251
-159
1649
106
-1070
551
721
1240
934
-748
461
677
-1473
677
-704
-923
-539
-554
564
-966
811
13
-1235
1598
1519
1731
643
-361
-12
1078
-1072
-129
14
-523
-1165
231
356
249
42
-1749
-1305
706
136
1305
-1331
717
-849
1334
-940
60
610
-712
-543
1259
74
737
14
-1145
-1872
-1601
793
-1475
-2168
608
-327
1374
-1020
467
-1925
-690
856
-421
-773
-214
322
1127
-493
-1342
-306
1761
-226
-769
-1684
1244
-337
-300
659
224
1573
28
364
-178
-863
-507
1022
2169
151
728
475
328
1390
-905
124
-830
82
-1112
203
-271
-406
-190
575
667
785
334
290
-736
-818
-1248
-144
733
-1274
761
-25
479
2249
266
-789
1181
578
-167
478
-57
-1181
-428
-89
1130
-321
1095
1781
1028
279
-564
-290
595
559
-785
-1327
458
2181
-1707
630
-167
430
487
555
625
-760
216
-263
519
-349
201
-378
953
-1880
-507
-580
1628
-271
306
-7
-484
1299
1126
1384
151
2061
2302
-76
-372
1272
-812
424
389
829
309
277
464
-431
-205
590
1237
-157
1617
-30
-1336
-848
98
-195
-1078
610
1828
-556
361
-502
24
-576
-20
1
-133
-381
-187
-219
671
301
227
-17
1133
1323
-159
17
-2051
-881
486
445
-991
-59
627
808
-735
-648
322
-670
-1188
650
876
913
-726
1060
702
1281
-1532
181
-202
499
-23
-381
-781
907
685
-847
-419
-466
198
-1615
-958
-770
-282
-343
5
770
-188
-217
1810
-2786
237
1337
1071
327
-699
-330
556
-43
-259
723
-96
247
1776
23
842
-297
-138
1537
-1158
-518
-652
-394
-698
-363
1128
945
493
-1234
-1210
281
-424
-447
19
215
-222
432
-983
119
82
-32
959
1620
835
-700
570
-296
318
133
-1319
1083
-925
1530
1032
623
-1476
-1022
19
-821
877
-255
-399
776
-1182
-549
-689
1098
-570
2705
432
-757
-1042
20
-371
502
-639
-173
-1300
-197
-479
-1167
1025
-269
108
222
-1408
-224
-1829
850
-36
580
-102
-321
386
-1375
-760
-1097
1296
278
836
674
-360
-266
-411
458
-1671
66
763
-674
582
-430
-922
-238
983
-829
-540
-449
202
-1012
-1236
115
-698
-2210
260
198
-812
-319
658
-313
1035
-20
-1691
382
195
5
-1049
-21
173
-491
-607
-139
-1721
-1839
-1041
1063
-997
483
-1854
526
-336
-247
275
-1358
-1019
16
-205
379
-631
-540
26
-1037
856
-473
-1873
72
-145
-320
-1017
-12
-808
-1027
1662
1250
96
462
-899
-402
-529
574
-904
-433
1232
2435
-617
-1930
1117
-252
607
669
-243
-2099
-146
1318
371
-1030
-418
200
-502
-136
-242
111
665
-520
-969
-1575
1843
-1672
568
-731
160
-948
-794
-1141
-267
-797
335
127
-536
205
204
-1045
-516
-2435
629
128
33
-146
-169
319
-33
-1001
237
-381
122
2244
1460
-111
-819
-430
-594
162
-229
-766
411
-1275
-348
-1159
-307
2063
582
1003
-54
-35
-1441
-472
539
-58
-581
-190
-456
312
425
-607
960
180
806
-117
-184
-34
1117
-1149
-843
-165
-70
-135
-18
-1334
645
-784
410
-1787
-2243
1308
-445
-582
-281
1376
71
-190
262
-1676
214
640
945
475
-741
-245
-544
-557
423
-1570
468
813
688
-463
184
-615
-421
-36
387
-546
954
436
766
1119
261
-1184
-532
-1209
471
-983
912
-270
-258
34
709
1142
1390
291
-1553
253
-124
1779
245
7
-1251
-32
326
592
-536
-1360
479
-948
-26
-1119
-947
-389
-237
-164
-219
465
1006
-1343
-1715
-179
749
1543
108
187
1405
516
549
806
1055
377
-1273
-310
91
-743
-496
780
1072
-641
-783
588
-166
-366
-1988
-297
484
-1934
-1027
-2466
648
-411
483
451
409
2175
-891
20
404
-1448
107
-787
234
145
77
-94
-881
64
1294
602
281
862
-622
-40
-1440
363
1303
-853
-398
-1039
-604
-400
725
2199
-1364
1540
527
-561
-405
-231
332
163
995
-231
2515
171
-285
852
-1456
-978
-400
-31
89
-274
1470
-532
12
366
384
857
-294
-696
679
-338
652
736
409
619
1693
-139
123
533
528
2499
870
-629
25
44
-55
213
1178
-1024
453
237
961
418
-810
-91
401
-2086
-373
1746
-86
-1553
-603
-1346
282
184
24
-119
906
-709
-848
102
-1145
-1758
-118
-969
-994
-664
-1215
758
-1607
-653
-8
848
-744
1020
-416
560
331
-104
786
728
254
-9
-1219
477
779
727
813
-1141
-50
1592
355
-458
-740
865
-1250
-1379
-730
-755
2042
804
-333
175
-1433
-688
129
277
300
976
-787
373
-681
712
318
-1333
-177
-1040
-491
151
623
1013
-27
-185
7
-1361
165
2345
-1073
-314
1482
-618
439
-335
-766
1476
-834
-1399
220
-781
-519
-249
-989
606
-50
-32
-280
-1082
1179
-392
31
115
-885
859
-799
401
-1192
-913
1526
-1090
993
1034
-1576
2778
-632
-1937
-521
-585
1253
1420
-209
195
190
-1305
-607
-484
-859
895
1196
32
562
620
648
-161
26
-71
847
-80
108
909
-456
1113
-545
507
410
-482
1093
86
-1775
440
-336
285
-2253
-480
-242
278
-372
404
740
-594
-722
2612
-1606
-74
218
642
-272
386
-540
-2069
1348
653
-239
-633
-360
669
996
-1227
697
149
1970
45
-1404
18
-622
-43
245
-577
374
-1663
439
-120
146
526
127
164
-333
-456
1014
670
330
-773
389
-334
-708
-278
-703
-1487
-123
990
290
1404
-246
-1430
628
182
884
-349
-233
31
-173
270
1063
-324
637
52
1440
-291
1338
-2878
282
1920
-693
-1376
-453
1279
53
570
1847
1616
-1979
-760
-559
-1087
-1523
804
1009
840
-1818
-2535
-1100
549
55
-703
6
-536
-1121
-1052
53
-1073
-2673
76
822
-812
711
392
-315
-452
1994
413
111
-129
-729
306
-756
-1802
11
-591
-741
435
1147
312
-101
-502
1618
357
287
111
275
192
-255
-309
652
149
492
-135
710
-109
3523
111
-585
300
237
415
-1327
-497
725
60
-135
1096
150
-2010
1954
187
6
-568
49
-215
-1209
608
876
-1424
689
-224
1183
226
-776
990
-413
-255
-609
777
1413
1260
-794
-1461
-787
1544
-73
1520
885
-438
611
644
1132
86
-421
-12
1351
143
-610
44
1382
-1316
-441
-880
-1115
-659
-686
-943
-959
-1022
-5
-1023
-786
101
513
68
-188
1072
-56
195
-1394
-1478
-1602
921
340
-746
713
-206
788
-33
-63
310
-510
-225
1314
166
333
858
-429
-867
-24
135
-1422
-497
784
426
-388
-481
148
-303
678
918
350
-518
-443
-110
203
-661
-1037
-236
-540
-535
-433
-128
-357
-1004
-2087
1221
-995
-2497
-366
-732
1010
19
-158
-393
-804
11
386
258
1444
1317
-792
-570
584
2603
530
-315
-486
-431
443
-802
-499
678
-1215
78
-185
581
229
310
-732
-119
-60
77
233
-881
-137
857
1109
-1189
1282
683
1554
-265
-268
1488
215
4
682
619
-78
-485
-1412
171
1533
-393
174
1520
-929
666
895
-837
-675
-378
397
84
-290
934
144
529
603
-220
-764
-305
1318
313
194
1644
602
-697
1261
-637
-863
-147
606
-1130
485
-858
633
564
282
-1058
170
585
-561
-318
-371
984
834
-617
1465
1235
493
34
478
-818
-2031
428
1190
-172
-551
-736
-1987
2161
-356
-177
1824
747
-146
-269
-364
-108
2058
1101
55
265
294
-1265
88
-1025
-433
1107
-89
310
216
41
-711
-331
-197
270
1229
523
-539
-57
249
1003
802
-707
673
-59
-138
-956
-140
-92
773
615
-174
-538
320
2347
254
-404
1402
603
-1117
-157
-191
935
1564
-97
-377
-1560
-745
-502
-1837
-1380
437
-1150
798
-769
444
-394
-400
1204
-1650
-258
1291
-92
458
53
655
-1264
39
168
-263
-757
105
-781
-1581
680
1593
640
-770
-216
-587
1237
-132
-2203
-1063
-332
-182
540
-317
-851
-57
-792
1044
-236
-1138
-1020
1877
872
624
1078
158
-593
-1158
-673
-926
-346
937
-609
1175
31
511
-500
599
-813
-608
631
-345
-376
589
-470
306
610
-119
-999
813
-277
-1489
-418
519
870
-154
-124
-2007
-815
134
555
1416
-349
-837
322
630
-892
797
-529
545
-291
484
-757
286
258
1189
356
-620
148
13
-1775
-1198
687
-513
369
-1066
67
-443
-218
-943
194
839
2010
-1254
-1021
-464
-61
702
-586
-189
1082
1226
1688
211
1222
770
-1507
-258
549
-743
47
1586
436
-2791
-562
-1863
-661
-318
-516
1425
-659
348
-618
-78
-13
980
699
1853
622
1190
128
176
209
-486
-318
-308
-1001
-137
-674
1087
-213
1442
320
139
415
1130
-432
-1359
91
654
-214
899
-435
658
-205
239
-287
-44
41
239
459
543
-223
175
-318
-42
546
-796
-418
-445
-342
-302
955
-1143
2103
737
-1067
-317
-1416
1291
-647
-353
-794
907
-436
-1740
-671
13
-404
492
-150
303
-1644
763
551
-245
-335
-1216
706
821
1213
994
1526
308
1683
1795
689
-463
8
805
233
862
442
-61
1000
-1418
805
-1197
418
1049
-29
1292
1322
-1498
-1103
826
-752
-647
884
-394
120
2272
263
-78
-423
623
-147
-60
-699
-203
-732
-628
504
-638
-465
586
890
-653
374
-1462
19
229
232
294
-2067
790
-151
-445
588
-371
-186
-790
162
1166
745
381
96
-292
285
-534
1318
389
-1138
840
-322
186
-300
830
-173
206
566
207
-574
-468
-120
286
1554
654
256
378
348
621
-1183
210
-1621
918
-768
182
238
-46
587
-248
-1933
-622
-398
-323
-364
27
-309
82
947
-58
-1632
1175
-82
-54
87
651
11
465
-543
-1523
-827
1162
540
1242
522
2191
-1173
-973
-31
-269
591
-617
215
683
354
-1136
730
511
-1184
1755
-1020
550
-506
-1267
-371
21
-969
845
781
-164
-964
-653
21
1316
552
-350
-140
-952
1109
86
-755
-651
-661
1090
1721
-799
-2069
-10
-206
171
-172
-677
-727
-1016
-168
623
705
-534
-309
675
1149
834
811
-407
550
-1172
1269
-379
992
-356
858
475
1136
-993
-944
296
-1057
-285
-247
600
933
-75
-565
-1477
-899
-461
943
891
-442
1510
-273
1100
186
-878
1291
1006
-166
-80
-1869
594
-297
706
-889
-60
1214
1028
36
878
161
-366
290
-923
-465
-972
-433
107
595
670
2052
-510
-592
87
-195
-1622
-845
611
393
-1664
-930
-46
821
1248
757
265
-811
1095
-373
652
-945
1217
300
24
1485
566
-712
-1185
259
1142
546
261
-306
2136
-271
1217
-254
-1552
-30
-53
-701
-696
-124
-2031
130
796
-44
-899
-350
554
-809
290
443
-301
-8
382
225
-1457
-539
1240
484
-2161
-516
-2097
-303
-97
1638
-43
174
371
-1320
1748
188
486
-1141
-1095
753
-2900
-342
-471
2169
979
1314
-61
1565
531
-1130
-405
7
1152
-365
1535
-1746
49
135
-1069
1326
12
-925
210
-168
375
365
759
-1701
893
-593
-422
-792
-289
-1317
-420
147
-688
-402
-615
142
-878
649
-796
903
-1187
1067
1531
1894
-2583
890
-708
45
-194
-589
913
152
89
1626
895
733
-652
551
1054
-85
408
324
-536
159
-731
100
1451
1357
-3
740
340
-261
-388
891
403
163
-1994
-33
450
104
67
67
-1631
518
298
-13
-426
-1264
562
-350
-540
-549
-894
-143
-1018
966
-505
-783
391
-469
-87
391
65
-1987
-1254
-725
629
-457
95
1987
444
1901
945
-783
-199
2533
-196
-1160
570
-478
-1051
262
-647
1310
929
-791
792
777
242
-644
483
1477
-543
-47
-371
-1712
-553
-2108
-787
-675
222
-990
757
1716
-609
613
-1208
-125
-258
522
854
526
832
-686
-320
138
940
537
676
-1127
-693
1389
477
224
682
130
415
-30
-1577
-1366
-1562
164
910
814
556
716
-1103
-699
1005
363
-1554
-900
-135
-792
291
255
1143
1033
-1009
1606
-1478
-953
872
-622
-1129
26
1061
-275
87
1166
-84
1075
1016
162
-857
-1183
-26
82
-1128
-654
-326
-45
266
-669
790
545
58
502
-566
77
-597
1153
1174
-240
36
1572
-651
-1475
-156
920
-456
-339
-41
-711
-920
55
1158
-556
1566
80
757
-177
-325
-341
-1208
370
625
620
909
-241
224
-132
-1567
-88
-387
1559
-1133
764
-675
-1179
168
621
-1909
-2034
-89
119
434
-405
938
384
179
1928
15
-790
-634
506
573
478
-1640
-438
756
149
-482
69
-2
-138
391
-49
211
-1051
1100
-2091
-915
161
-931
-1213
-74
-679
109
-437
484
1079
-1251
252
-706
-460
-1204
954
-1080
-61
-345
184
-111
35
836
-828
-184
-1238
872
-666
-422
1239
-458
420
1386
-611
35
2437
190
704
-286
-890
-46
-475
335
-1240
-684
-682
356
-135
366
341
-1081
1705
-300
626
-166
1410
-339
817
-163
-878
20
456
-679
-423
159
-660
-703
738
144
433
173
-1061
418
1790
1167
526
-595
-1133
-249
-792
-86
-767
1744
995
945
-1562
1186
-144
-50
1160
-112
-1239
183
-945
156
499
-576
-119
-1661
1332
-909
-730
-347
2136
-1960
-297
331
-8
-102
1819
208
-72
-724
30
942
-736
976
443
-894
242
878
-554
359
786
687
-11
-608
-1419
-70
-55
-78
1838
2026
-1161
-969
11
1404
-1276
632
324
518
-896
982
320
1508
324
-449
-94
1120
-382
510
-1172
-1468
777
-11
850
-100
-1225
-43
551
1091
-626
-424
652
150
-431
480
-978
-1259
288
-417
-1231
-312
-69
346
-299
-6
-201
-2264
-806
379
-1984
-1304
-105
-80
-110
1838
1332
-852
979
-694
-409
-267
-1429
1328
807
-334
-500
-1612
1477
477
2206
7
1220
142
-2165
-575
935
268
189
53
1295
-295
-600
-218
318
245
-1456
307
384
-526
-2036
-295
-328
-707
253
643
1838
-208
2428
-506
1398
-1522
1090
959
-1025
-1152
1070
340
-105
2360
-181
-712
178
328
134
209
560
-1011
-363
832
1295
331
140
-1960
1480
689
-533
-2209
-556
-432
-43
98
105
900
-902
699
-294
666
652
1125
989
-529
932
-870
345
-674
-317
1141
-463
-345
709
-472
-1003
1048
580
-1084
1150
-30
-630
608
577
1161
-176
899
-32
-1691
-856
883
496
451
-624
828
-44
752
556
-325
-949
259
2090
347
628
-468
736
-83
543
1062
254
-773
1289
1339
-1599
1121
1606
1130
1470
159
-1302
-621
1642
-358
-442
-1180
571
-237
1362
-659
-620
-74
1263
-1337
686
412
-333
174
325
-778
326
854
-616
-29
846
1156
-674
574
59
366
554
-39
-274
279
-267
-1046
1498
-1404
-538
1201
-652
231
27
-1237
-778
829
219
-1777
1222
-448
1842
532
1389
-575
204
-355
36
-597
-100
-1261
999
-613
-188
980
-363
637
670
-8
670
-1073
727
-314
-134
-130
-793
-6
213
-1213
-1644
340
182
527
248
1052
597
66
-1277
-677
-968
942
213
-754
-387
-275
-81
-1206
223
-780
-10
2088
434
-248
437
-144
-236
-2172
-1390
-997
51
-115
-1068
595
-401
1301
1850
1107
-1496
985
-49
611
-640
765
-189
-704
-269
289
-498
242
-732
-1236
-940
668
-67
-1165
-1113
110
-514
661
1015
-680
-967
1104
137
403
1438
1504
227
1226
644
-609
-357
348
-2154
828
1485
-4
416
1861
892
917
-207
711
662
-794
-273
-7
1312
1351
-471
753
199
407
-108
-1391
800
546
293
202
113
-1033
-1271
-597
1177
-140
-1641
212
369
-334
-1075
41
35
-566
689
-73
-607
1569
-299
72
363
-187
-188
1160
-822
1176
-984
-269
308
-1362
1462
-108
1925
434
-722
33
1256
149
641
903
-799
327
285
540
-259
1407
-272
710
326
711
523
-743
952
-902
1168
-1277
-608
-519
-840
-708
117
-1042
-268
-1232
-1432
263
1523
-9
449
26
1676
-207
-26
-408
-175
74
-157
-413
45
-254
-78
-912
1147
26
426
52
630
56
1143
134
123
-437
-595
43
1222
1237
-214
-137
-210
-185
1201
-1009
403
660
-625
592
-183
-378
955
