12 71 64
0 0
0 1
0 2
0 3
0 5
0 7
0 8
0 9
0 10
0 11
1 0
1 2
1 4
1 5
1 7
2 0
2 2
2 4
2 5
2 9
2 10
3 1
3 2
3 7
3 10
4 1
4 2
4 3
4 7
4 10
5 0
5 3
5 4
6 0
6 1
6 3
6 4
6 5
6 7
6 9
6 10
7 0
7 6
7 9
7 10
8 0
8 1
8 3
8 4
8 8
8 10
9 0
9 1
9 4
9 5
9 7
9 8
9 10
10 0
10 2
10 3
10 4
10 6
10 7
10 8
10 9
10 11
11 0
11 1
11 4
11 9
47
68
35
12
15
32
50
24
60
66
63
69
29
56
51
5
67
38
61
0
53
30
70
33
57
20
23
65
19
27
26
62
41
55
3
16
59
8
2
49
31
13
64
4
45
11
40
18
42
17
10
39
54
48
43
7
21
36
34
52
1
28
37
44
25
9
14
58
22
46
6
-110
-22
-58
1
40
-7
-37
28
110
193
-102
-9
124
25
-71
62
-47
-17
21
31
1
-113
-57
-8
19
62
-28
-28
-178
26
-56
-81
-44
-64
51
-6
-7
35
-16
-52
-50
173
-36
-39
-27
-120
22
-41
21
45
61
25
-101
77
51
24
5
-121
-28
1
-34
-32
-59
-14
73
-52
44
54
-1
10
42
-72
20
-9
74
-10
-30
-51
-47
24
10
6
62
3
-14
10
18
53
-66
-70
51
-118
-189
-90
105
-68
47
78
-67
-41
33
11
9
46
3
96
-44
7
-146
-16
-35
-34
8
-26
26
64
-137
-132
29
-43
100
-9
56
-48
90
5
-99
-91
18
-68
-49
43
11
27
-51
24
64
97
31
64
51
-7
-51
-7
-82
-95
86
27
-1
85
-22
-55
44
-13
-26
30
101
-5
-7
107
5
96
45
-31
2
75
-46
-57
-100
-67
30
-40
34
45
-44
32
-71
-28
-22
-25
18
95
37
-7
14
84
61
126
97
-128
-51
89
-22
-3
6
63
40
-52
-6
21
30
-9
22
19
-107
16
10
40
31
-73
-90
130
-78
-101
55
-73
-12
-125
97
-120
73
-24
46
35
38
-47
-12
-4
2
-39
-97
-16
6
7
-94
-73
-16
57
171
-5
-22
-31
80
-33
8
-31
58
65
51
8
-15
-38
-56
-7
-87
99
-50
48
-62
-55
18
-77
1
7
-139
61
51
-49
-61
3
7
31
-24
-89
108
123
114
22
-5
-30
54
-74
3
-171
15
121
-23
108
-34
-27
9
-41
74
1
-23
1
-12
48
45
34
34
2
72
56
-65
-20
92
-137
80
-27
38
-88
-30
-87
13
-11
27
21
-58
51
-27
26
69
-60
67
20
43
47
-124
21
-77
-122
-2
4
56
11
26
-15
-38
-95
-34
-19
115
16
6
-101
90
67
3
-69
52
40
-131
26
82
-26
-35
-22
55
-62
16
-11
-29
-86
18
-31
-64
0
-42
57
10
-115
0
76
71
5
44
-99
-73
-21
57
46
-151
9
-90
82
49
61
-15
119
49
25
13
-32
133
125
51
8
-20
-60
-105
22
-123
-48
15
74
137
-7
10
-54
17
-84
-46
-33
-58
-23
16
87
32
-51
3
24
56
-17
19
11
27
68
38
13
112
-5
28
-4
-40
-37
-49
55
36
-48
-24
146
-29
-53
-25
106
-118
26
21
-35
45
-29
-36
88
-48
96
17
77
-11
-6
-147
79
41
62
29
-40
-36
44
-13
-49
2
-22
19
-44
36
-41
40
-43
53
-52
-41
40
67
21
28
-48
13
24
46
-82
19
82
0
-5
-10
77
113
-49
-3
33
10
-10
22
77
18
-7
-27
40
133
49
-93
54
64
68
38
-22
8
52
10
-40
55
18
17
19
6
-34
-32
-16
80
110
-51
141
1
31
-22
-73
-2
68
-57
-113
-19
77
-20
-52
94
53
53
-67
80
20
-14
13
-42
2
-163
27
-88
-60
45
15
83
-72
-104
25
33
47
-1
9
-62
-36
136
-51
21
-36
-6
-7
69
-38
68
-13
109
-21
-28
-48
-136
54
-40
-13
49
35
-2
14
-39
-27
90
-36
12
-12
8
-26
75
18
-44
-49
-4
13
-156
60
84
-35
16
-110
0
79
-103
-35
-42
38
-64
-21
9
-13
-68
103
-27
10
-38
13
66
-39
-51
-68
66
78
7
126
-6
-33
-58
54
72
16
-21
4
30
35
158
27
11
-77
-54
102
-14
39
40
44
24
72
16
76
-77
11
-27
90
16
-49
48
-100
-86
-2
-65
-9
25
88
8
9
76
30
-117
-1
66
38
-120
-18
101
-66
132
46
-32
23
31
-141
-70
12
77
113
3
-59
-18
22
34
-40
-8
49
23
65
5
84
-43
-74
106
-106
2
-55
-7
-101
51
31
12
-68
-59
-14
-92
-2
14
55
-55
67
36
87
10
36
31
-7
-54
-6
-68
-52
-5
112
-100
91
-35
9
61
75
70
95
64
81
-57
-67
85
-47
105
-113
-66
22
19
48
-58
99
33
68
-63
-19
-25
-10
-20
-7
-22
-84
1
66
29
-21
1
-68
-76
11
61
-3
25
2
-83
-14
-66
-38
152
-83
-87
36
142
29
-101
11
-101
75
7
85
14
69
-66
78
162
-36
39
106
-21
-19
57
138
3
14
79
-72
9
-37
8
-58
-20
43
-25
-7
29
-30
-74
174
136
-56
11
-94
-31
-15
0
41
67
12
-85
-12
31
23
-66
-16
-23
38
5
-36
96
-50
-57
-69
8
5
108
-15
-130
-39
102
65
73
-39
-3
43
-30
-81
52
141
39
-129
-11
65
108
-14
7
21
-19
-67
14
43
-5
-48
59
11
8
24
41
-6
-133
151
20
48
50
-32
-16
78
68
47
-33
11
-18
71
-49
36
71
-69
-77
42
-16
33
-22
-26
-40
3
-52
46
48
43
-22
81
-117
76
63
66
2
-38
119
21
-72
-80
86
-24
-109
7
7
-78
-51
-137
-115
-56
-101
82
44
-98
72
-6
88
-48
20
-84
-45
-60
-64
-12
-27
39
-2
-129
85
-126
14
-48
91
8
-58
141
30
-69
-20
50
-27
-44
-28
-28
74
-10
58
167
-14
-9
14
83
-20
89
37
-99
-111
-32
74
3
-27
25
102
-71
-22
-64
-71
39
55
-57
-2
-42
-79
-12
-13
-1
-44
-23
52
13
88
-9
-16
2
-34
-160
-39
64
77
42
-62
-11
36
-113
39
43
56
71
30
22
55
-74
109
-197
-67
-96
-30
-65
-146
58
48
-56
114
-53
-2
-5
-31
22
-72
-55
-5
54
-20
9
42
53
67
5
87
13
1
113
-63
115
55
-16
-115
6
-41
68
-46
-97
3
75
35
11
23
86
8
33
-35
37
-73
0
-30
16
-43
202
-15
-17
78
-21
14
13
68
-44
71
23
45
70
-44
7
-104
-79
-31
-13
-11
92
-14
-49
115
-87
26
58
-137
31
-46
13
34
115
-69
72
81
34
91
-12
5
-27
17
1
14
10
11
1
102
-56
-98
9
79
-16
-60
32
-113
15
-3
28
30
-1
-18
62
17
50
-28
50
28
36
-47
-114
-127
65
18
-15
6
159
-46
6
95
-76
-124
32
114
162
-56
88
-73
-99
-33
52
-81
70
-66
25
-29
-33
-11
-2
-44
14
-93
10
-104
22
60
110
23
-42
90
-100
-67
156
-6
-41
83
-62
-4
-151
-45
-38
21
-14
-70
202
54
30
50
54
146
108
-85
-76
-90
-62
-101
31
29
28
21
95
119
-78
187
108
-55
28
-45
-6
65
-39
-33
-8
-65
-99
103
-26
-83
101
-46
-68
27
-88
-105
-58
155
48
9
73
65
-95
-15
-11
33
-156
-36
-36
40
41
90
0
-2
39
-44
29
-11
-21
-114
-90
66
-25
-52
-20
92
31
-67
12
-161
-106
-82
-29
40
16
-56
-65
-12
23
-59
82
123
4
-31
29
-68
34
-32
-59
130
35
-90
10
2
-115
-9
27
-69
199
48
-48
90
5
-33
-98
-2
47
8
-19
62
-75
-6
79
-10
-88
21
77
177
47
-30
-81
94
-49
8
48
86
-32
99
-53
52
-13
155
-24
129
13
-39
-62
-44
21
41
-74
2
15
-22
48
8
0
26
-126
28
-12
-17
-60
111
-69
-42
68
-12
-51
89
50
-78
-17
-56
-23
-179
-137
-63
-76
-93
32
-28
83
-28
-34
81
-92
91
36
-26
2
-56
-70
-106
-29
-45
-44
55
23
52
88
84
-81
-104
-63
-65
8
-175
-25
79
-95
-1
-81
49
23
-11
-6
-70
33
19
-6
-47
-31
88
44
-68
-54
-48
153
31
-67
-74
-15
-20
128
-12
-11
45
-61
-54
32
14
79
44
-48
-106
65
-44
101
152
-37
-146
5
39
75
43
-12
73
-74
58
-88
46
-53
179
-79
-48
63
33
-22
100
18
36
117
63
105
-75
23
64
37
-49
-140
66
149
9
-54
-10
-77
-12
-48
-141
50
49
55
-80
40
-43
-63
86
39
-100
49
-44
61
-87
51
-90
20
68
67
-4
-53
-139
11
48
27
-70
16
-31
-10
3
-2
-72
-118
84
13
125
-56
-42
-5
124
11
1
-10
-66
-48
17
-28
89
-29
59
-22
-40
4
-16
20
-56
-73
-19
-52
33
32
60
-80
50
15
138
75
17
-88
31
84
13
-77
-119
3
-51
23
-72
106
37
-54
196
-68
-15
-13
-44
-67
146
44
-37
-64
-25
-104
39
81
9
76
-116
143
-30
6
-25
-33
16
8
102
-33
52
34
141
-53
-74
-34
2
-27
-19
0
-138
53
-120
-85
62
-7
-91
1
38
-25
-26
62
220
-12
21
70
-71
88
83
12
37
21
-58
47
48
-59
93
78
1
43
-6
54
19
52
-159
61
-34
-82
-42
93
30
-26
49
26
-80
13
46
62
65
59
97
15
58
57
14
18
-99
-77
-31
106
147
171
121
17
45
-26
-45
27
47
-29
100
1
-113
-29
-39
-80
-67
-60
44
-5
23
19
-16
-21
28
79
-3
92
59
33
-93
38
-97
-50
102
-35
50
64
77
-54
7
35
23
-39
77
-7
-62
16
15
51
37
94
-43
-91
48
-11
-13
38
5
38
-57
-31
141
-29
-10
56
-73
-19
-47
-42
-36
32
14
13
11
71
-91
-42
-58
37
-50
-162
-27
-51
167
-11
92
-46
-14
-31
-2
-64
-102
89
-43
-10
57
-23
-58
49
157
-99
-81
-9
-32
-7
36
-69
33
-40
39
101
37
41
94
-13
-21
7
42
43
-69
40
14
44
96
22
-26
-24
-73
35
47
25
46
-45
-1
47
-37
6
69
-43
36
28
59
-27
51
-88
-35
-10
112
143
88
-67
-5
90
-104
-20
133
7
26
-107
-43
38
28
38
-43
44
-7
23
95
2
-65
87
7
80
-69
-57
-98
199
-30
-17
196
-2
5
27
13
30
-30
15
115
72
33
-108
-5
-50
-188
19
-5
64
-111
10
-19
-91
-6
-24
-55
156
-42
-16
-1
59
37
-8
61
31
39
-115
151
2
-2
-99
39
21
-97
-40
-67
17
3
-2
-23
-10
-90
-78
-34
34
-28
18
27
50
-6
115
-61
-68
-30
0
-29
111
4
-28
47
29
35
-3
-54
42
99
30
5
27
-17
67
36
89
9
-45
-93
63
29
33
-108
21
78
-26
-44
-39
75
-24
47
-101
60
77
-54
-32
77
-79
-59
85
64
-74
92
-77
28
-9
-7
66
-13
73
50
-35
25
138
51
-63
-77
-32
-17
28
26
-127
-57
-81
2
69
26
80
-36
-1
93
87
76
-42
-30
80
97
63
23
-121
-10
-54
-39
-51
-83
-59
-1
-26
-34
-72
44
70
64
-44
-4
17
-2
-32
-58
-20
38
77
-96
-32
19
-42
3
21
19
26
-119
15
78
-68
83
27
-112
54
-41
-49
-12
-86
19
-41
19
-81
-33
100
-65
81
-4
-101
-36
32
-144
-71
60
-105
37
45
14
-95
-66
-62
-99
-131
-133
7
69
27
-37
-105
-103
5
-20
-14
-68
-111
-38
80
26
36
162
104
69
-107
71
22
-2
-65
88
56
31
67
78
130
-28
7
94
-14
46
31
42
-61
3
37
92
-5
61
21
49
-73
12
71
64
-124
7
35
-147
25
-55
-54
38
50
-82
-15
-23
-80
52
-9
12
-19
-3
15
84
26
2
3
-1
-43
-8
-60
84
-24
-72
-8
-35
-11
-61
-16
11
-52
1
-74
-29
12
-2
27
22
7
40
34
-26
-41
13
-51
27
-25
-9
17
-68
-10
3
30
71
41
39
22
-100
-70
34
1
-134
-10
117
75
-41
19
-21
-71
39
-2
5
40
-32
-2
77
53
38
-130
-40
59
46
59
41
-88
15
87
-63
64
-38
94
-20
13
74
-53
93
-125
59
-142
50
-142
34
28
62
-86
-2
-22
29
58
14
125
74
77
73
-55
50
143
36
65
-54
-73
69
-56
-54
43
40
8
-46
33
3
-17
107
9
-54
-13
-72
27
-119
-94
-65
-169
-115
-1
1
-24
-27
-17
-47
38
-93
-60
3
18
167
86
-62
109
-61
-57
-15
56
-6
79
-38
8
35
14
3
-11
-71
-11
48
23
-34
42
3
133
0
67
142
-98
17
-39
74
52
-9
30
10
-32
-109
-47
-7
-29
-115
7
-46
42
144
10
-150
-44
-9
27
-37
53
-34
-73
-9
-47
97
-22
53
114
42
40
-46
-76
22
27
-27
18
38
-61
69
1
45
80
145
42
30
-73
-57
-44
7
115
-153
-57
-80
-43
73
14
-68
-69
-49
-71
-62
14
41
-73
18
17
55
-40
18
-30
104
6
-119
77
-63
86
47
-58
-57
31
68
-46
-32
-76
-56
48
113
55
56
61
59
-45
27
-122
8
-10
34
-31
44
56
-50
167
-27
13
70
-136
15
23
-91
19
-33
5
138
7
-10
49
65
44
-48
-1
0
75
22
-57
14
-36
-17
-29
-2
37
15
-55
-33
-62
-131
125
-14
-102
-63
-84
10
27
56
1
137
-8
-26
-57
119
-42
67
-8
-108
45
115
-124
-33
-34
45
-64
-46
70
-135
-62
13
75
6
26
-66
-31
78
-25
-2
-37
13
-24
30
22
-25
-91
47
-67
-76
35
-106
-30
63
33
94
100
-43
-70
45
42
46
-39
-41
116
-79
-32
31
-14
-55
35
-46
-20
21
-12
31
-94
-3
2
-27
-65
-78
41
-57
-17
-2
-66
30
-51
32
-14
-29
-126
3
-19
-122
-35
127
-69
-50
67
-3
-73
67
54
0
-41
-36
-6
-125
-89
0
2
-16
-25
3
17
90
24
-7
-36
107
1
50
-42
-74
104
87
-54
-31
-57
-32
9
-99
-5
69
30
6
-2
115
-5
116
88
58
47
-111
-123
-68
47
-30
-16
-40
-150
-24
113
24
79
130
-96
25
58
-47
40
-15
-12
-34
3
12
32
-20
-27
143
-73
-30
85
1
-18
-32
51
-2
-53
8
-44
-70
-24
-49
48
55
-80
-18
-124
30
-35
29
-31
111
54
-28
-4
-58
-81
56
59
-43
24
-77
72
-53
83
-57
-35
-32
-16
-91
-78
17
-73
-21
86
35
2
13
-49
-49
23
76
25
-92
-96
98
102
-24
-97
6
-21
-23
22
46
41
-5
0
-30
48
23
-46
-61
142
59
44
-88
50
-62
56
-146
-106
-33
0
19
-77
-122
-116
113
55
-37
35
32
-65
38
-60
37
10
17
-14
-61
32
13
70
-35
11
31
65
-14
-54
14
21
62
-55
131
12
91
22
-1
96
-73
-74
-19
-156
-62
-21
23
-29
38
-34
-28
-23
-67
66
64
-31
-3
20
-64
-18
-17
57
-81
-89
102
-8
68
136
-46
8
-79
-124
-36
10
31
73
13
-146
-9
4
-75
36
83
73
89
72
10
109
44
-83
4
83
-53
-25
-35
-65
-35
-75
-63
-35
116
0
-105
81
46
47
93
-83
-73
167
-76
-6
-58
24
24
7
36
-21
-119
66
-14
-79
80
63
10
-38
-65
-97
25
119
-26
-59
-37
29
27
97
-110
-120
-17
-25
46
-57
6
73
-16
-1
-13
-32
-80
-23
62
86
-25
55
40
-57
37
-29
-52
-39
43
-3
-62
29
-95
-74
-15
44
85
-69
30
46
-54
-49
20
-50
28
-29
69
-101
-135
-128
-28
-8
48
1
-45
-55
-81
89
-45
-1
-28
49
78
10
49
-26
13
-100
-66
27
120
69
6
17
14
8
-5
25
93
37
89
-14
-69
71
32
-60
-98
129
27
19
124
-31
120
-12
36
-42
8
29
4
80
-9
-75
-18
81
112
-6
138
39
35
-8
-36
78
111
30
68
-36
54
201
-56
-24
94
52
17
38
-84
1
48
45
-115
18
89
12
-68
-168
-23
22
-48
-16
-6
-45
-170
-60
6
-2
0
28
0
-7
-17
-101
-110
119
145
-52
-8
194
130
-27
-3
-6
6
80
55
-30
-70
94
83
135
-6
111
54
49
44
64
20
120
-45
96
47
53
11
-15
36
92
-34
-2
-41
-36
-48
-42
-22
-105
34
-132
7
-60
-53
-5
-35
-20
-56
41
31
94
-85
-6
-74
-39
-165
25
0
54
-4
-65
44
46
-6
43
-2
-84
-10
98
-41
-123
96
119
0
-24
-21
-37
-5
-50
59
-23
-14
9
132
88
-14
-3
27
16
-15
54
15
13
18
-10
32
13
-4
-127
51
89
68
21
-73
58
43
23
-37
-9
-98
27
-48
75
-19
-47
-84
30
17
-55
-10
40
-83
-46
50
-4
-49
18
-51
66
21
43
-3
-16
24
112
-127
101
81
-52
-46
-32
-47
7
-23
56
99
-34
-82
-175
-6
-17
-21
-89
-99
74
11
-46
0
-19
-99
55
-95
41
-46
7
-27
51
8
70
-77
2
-24
10
26
65
83
-42
-41
-60
37
20
-75
85
72
-76
-60
6
-50
-17
52
99
-18
-3
17
-77
83
-107
7
-59
-63
-49
164
-18
124
17
77
1
-23
82
-50
16
116
35
62
47
-85
15
-7
97
6
-56
26
124
-57
93
-22
86
66
28
-45
-81
39
17
-25
142
24
52
59
-137
52
71
54
21
-81
-21
-26
31
67
52
-78
117
64
20
19
45
33
48
22
-4
-47
-19
-37
46
-4
10
-47
-10
78
26
-37
-26
-16
80
-49
20
159
-28
22
54
27
20
76
1
-9
-27
-29
55
30
-51
-124
18
-37
-153
29
79
6
18
60
-26
-69
89
-33
23
-18
-87
-19
-20
31
118
41
-36
-70
9
-109
20
11
22
-134
-133
49
-10
14
6
8
57
-98
-4
83
-13
16
-10
-4
18
-1
-77
9
-136
-7
-58
22
-4
-16
39
38
-17
-55
-80
-52
-59
-33
-18
-110
67
-57
16
-102
-57
66
-40
-84
56
2
146
20
-87
-31
-11
-11
-32
52
-58
176
80
-35
79
29
-29
75
-75
42
123
-124
26
-43
-21
-46
-43
68
32
-38
-55
64
97
99
-32
-54
-102
69
-66
46
79
-70
-14
17
-75
50
-30
-29
-1
-21
12
116
-47
98
12
0
-18
131
-130
103
-2
-59
-32
-11
-11
-45
-10
-21
70
-82
54
-37
-60
15
30
-17
-55
-1
-36
28
43
41
-52
33
-86
45
-14
-37
93
12
-68
112
-91
-13
117
-29
-42
-33
-19
-31
26
-107
-44
-54
-9
-26
-162
29
3
30
23
-32
-32
-18
68
-74
56
18
-69
-101
134
39
19
-40
53
-78
146
-27
-29
-106
79
-14
45
57
52
-19
34
-56
-110
-71
34
-49
-10
27
-123
22
16
-38
-22
109
132
0
-49
-75
-102
37
-70
90
6
-109
-115
87
147
17
56
-50
-11
161
31
-34
13
8
-59
-14
43
-92
25
-79
10
-24
-111
36
-44
4
85
25
-38
122
-78
-12
43
57
18
67
45
6
-106
36
-61
-135
9
-9
-130
-90
49
-66
-24
37
-130
-30
-36
-32
1
23
159
-55
-12
-31
-23
-18
-39
60
-26
-41
76
2
-2
11
-2
-33
-28
14
7
-45
34
-1
-15
-78
8
-32
-55
46
-5
112
-22
-130
-52
-124
-39
-17
47
4
138
41
-78
-63
73
3
-14
-36
-71
-44
-11
79
7
126
0
1
11
-16
-78
-155
119
45
-79
-83
-19
-37
2
82
59
-47
-20
0
-48
-37
-23
-56
-56
31
-30
-30
-38
58
10
75
-49
-8
-67
60
51
8
128
-3
-25
6
122
-109
11
-157
60
-4
44
-13
32
-1
159
25
-64
20
-16
-20
89
-131
57
73
-61
52
-14
77
-70
59
-23
15
56
-4
55
-12
-24
7
45
-33
-53
-33
120
6
3
-34
-86
48
92
31
-32
-22
1
-22
-14
118
-39
115
65
-14
152
44
0
30
27
31
6
-53
92
-135
17
-22
28
-96
188
-23
75
9
3
-55
-78
61
-37
-12
-30
-83
-65
6
108
23
83
123
55
47
-61
44
-22
57
22
-35
-18
-79
-21
-40
-82
127
-57
-41
137
13
-22
65
55
12
-148
25
84
-124
-12
-10
13
37
-25
-43
136
-14
23
-39
40
-48
-6
19
5
-28
-64
8
-34
42
108
-59
-98
-6
-5
-58
96
34
100
-87
46
110
19
-90
157
-19
-12
78
-2
18
63
-49
11
124
-64
74
41
150
-160
76
-1
28
67
-142
-75
-50
54
-100
57
33
58
-4
-92
101
-60
-100
31
-21
-4
-77
4
-71
-34
46
47
-55
-28
106
15
-11
-16
10
-62
40
133
37
-6
-96
171
44
-14
-105
-133
12
28
-25
-34
18
9
-100
36
28
127
-10
-57
19
24
-17
41
-104
-20
7
-26
40
18
70
-95
-44
70
109
47
-18
72
-54
11
-48
41
-70
-65
38
-37
-35
15
-29
115
-59
71
-9
56
69
-104
13
-80
-104
-43
-16
-54
30
-16
-5
114
122
-52
-71
-11
-2
-20
8
5
-8
45
10
82
-35
61
-148
11
-143
102
40
-119
-37
-8
-92
-5
41
96
-29
-146
40
-66
-97
138
161
-12
61
6
-42
-49
256
27
57
10
-52
-214
30
-15
15
42
100
37
-49
-79
46
144
86
64
-109
105
-16
39
136
-4
-96
-50
-2
19
-12
1
46
16
-82
30
78
56
-52
-4
-138
57
104
-70
-75
18
-27
44
-16
-1
3
-12
-7
35
48
-74
85
9
-14
84
-77
97
-110
-35
97
0
-74
-136
-18
97
38
74
-38
-133
72
5
-100
-5
117
25
-30
-6
-18
-52
-54
12
11
32
-37
-12
53
1
-68
-47
32
-66
83
-101
74
33
8
-41
35
-33
-30
-40
-38
66
14
-49
-77
138
20
-9
27
-53
-72
-34
75
70
-25
44
22
-4
36
87
53
-3
-72
65
3
88
14
-61
49
73
-149
-119
-12
-88
-19
-4
112
-60
83
63
45
-106
78
7
46
52
-106
43
-21
-68
133
15
73
21
40
-74
46
119
-17
51
10
-87
48
62
-15
-44
33
94
-52
-13
-56
8
15
24
44
-35
51
-25
7
-71
61
-45
-90
45
-91
111
-43
100
74
-44
6
-7
-60
125
14
-20
-39
34
-1
20
-91
43
25
-22
-71
-62
-13
84
-82
-61
-7
-78
57
4
50
225
-42
4
100
-44
16
1
-65
73
75
-56
25
63
70
-40
3
-22
-37
-1
-70
-96
-9
-122
71
11
-20
-19
-90
51
10
-86
-43
18
5
31
88
68
31
-3
40
56
-88
-23
95
-59
-4
82
-89
127
99
-16
48
-22
2
-125
-19
32
66
-64
67
-71
47
-5
60
9
32
37
-16
-161
13
-46
57
42
107
-18
15
151
-60
76
62
-18
-108
44
105
91
-28
93
78
-55
-48
-42
135
10
-27
-163
59
-54
-4
-41
103
47
-2
32
105
56
137
29
87
-2
-31
-31
92
-47
3
51
85
-42
41
-50
-6
-23
47
-68
-30
-55
19
98
34
33
49
-132
110
6
41
45
64
-33
-36
-20
1
44
-51
54
61
39
-51
-3
-8
-35
-71
40
-48
34
-33
-130
-79
-28
-47
-98
65
22
-63
44
46
36
47
-31
-68
-39
31
-73
-10
92
-20
-39
47
-29
-56
88
109
82
37
32
-153
-12
43
-47
-59
-2
-8
-86
13
73
-44
-20
-3
62
34
58
46
94
16
-8
-45
-46
-13
-81
38
-14
37
88
104
-83
-51
-79
79
102
104
11
-30
-207
56
-142
58
-82
25
-27
-52
-33
12
-13
-32
48
-35
-156
-66
7
44
74
8
-164
104
-86
40
68
-12
96
-16
59
-35
-19
-30
90
82
21
66
-33
-30
-36
-54
12
7
34
-2
42
0
39
50
-8
-3
-2
53
-18
-5
29
-21
13
18
80
89
72
11
3
-54
39
-21
-66
48
-25
-56
30
44
-73
-60
-30
-24
15
-97
64
8
-56
27
-9
18
-29
-15
54
19
-39
10
-39
-71
55
51
-24
-85
103
42
-26
2
-7
-5
16
1
57
-39
-70
-97
-71
84
-38
35
23
31
14
68
-67
88
-6
50
-27
3
-18
-73
-13
85
-106
5
76
91
85
28
53
-2
-5
-49
46
-18
-39
-10
-57
101
-22
-96
-10
34
-59
53
-58
-86
-56
-100
-58
-25
-37
-19
9
-83
-63
-54
28
28
-56
-24
39
127
17
-34
38
52
-4
150
14
-12
85
60
-52
-60
12
74
-89
-94
24
33
-28
88
-31
-1
6
-25
-62
101
118
143
-38
-37
13
-11
9
33
63
59
-67
57
-36
-30
-17
20
73
53
32
-57
-114
48
-35
-86
11
-45
-100
29
-16
99
137
-9
-36
-92
-34
-20
61
12
-49
-21
-21
27
15
49
-53
-36
-18
-183
-12
-56
-4
19
-19
93
36
-137
-5
99
-34
-17
167
-17
-33
-62
92
32
-11
23
15
3
-43
7
32
-63
31
71
-23
-45
88
13
35
27
-44
-59
-40
-68
24
-31
57
43
140
40
64
79
-8
4
34
5
57
41
43
-86
-32
44
-74
50
-10
8
0
108
13
-61
34
76
78
1
66
51
-51
-30
48
-31
-68
78
62
-49
-93
-8
127
-29
49
105
60
79
-42
-31
-17
2
-31
37
-100
69
63
25
4
-142
-97
-26
-112
-89
-29
-16
-70
-74
-32
-52
-19
31
107
-113
-31
146
54
-82
86
-37
-76
53
-107
21
55
40
-35
-2
18
140
-18
54
27
-22
35
16
-123
-13
1
45
40
-118
103
2
-55
44
-76
-58
25
39
-4
-22
-92
-58
-31
3
-86
6
43
76
-64
-28
6
115
-61
23
-7
-64
-62
-4
-150
-94
-118
-69
-36
-111
-31
1
-155
29
-107
65
-42
45
-132
8
38
22
93
-62
-47
13
13
-69
-11
-89
-84
96
-49
71
32
-96
-50
62
135
-19
17
-62
-55
129
41
18
-23
25
-10
-47
-38
-46
-46
-49
-47
-11
77
1
-104
-113
-105
-51
-42
40
35
36
-37
-18
41
18
-72
84
-93
-58
24
-28
-95
-5
34
119
-31
-194
71
0
-59
19
-57
77
73
32
-44
-32
83
6
17
106
101
-49
111
-124
16
12
-44
-81
-39
-105
10
-44
68
-80
-10
-25
-46
-72
-45
-31
-22
-17
62
-67
57
9
-1
17
9
-59
-61
-64
53
164
25
69
13
84
68
22
61
5
56
30
-4
105
-136
28
99
-44
-62
78
-19
-4
1
-12
53
-35
33
11
-105
-22
21
32
-44
56
-54
13
31
-43
2
120
-106
97
-35
-2
-40
71
26
-33
-84
-32
-61
30
46
17
41
-38
89
-45
-67
15
20
20
0
8
24
-48
-51
-11
-74
3
-49
81
-38
16
-2
57
82
-5
25
4
-92
-55
5
41
24
49
24
-51
114
-53
-150
-10
-34
71
95
-64
30
102
-47
31
-25
-15
29
45
-62
-43
93
-63
-19
-35
69
54
85
36
28
19
-84
-10
11
45
-20
16
8
-86
34
81
97
118
50
-12
-39
116
12
-12
62
44
-18
-100
-35
-111
68
-4
-6
-35
-38
80
-12
-23
-46
-63
87
-12
94
63
-78
112
-85
23
24
-33
129
-34
-75
-49
45
53
-12
100
24
-1
16
-32
36
-57
63
57
-146
-27
18
-21
-5
-13
-61
-22
78
10
32
-48
37
38
45
-37
-49
54
74
-55
-32
79
78
-55
9
-9
-88
148
-22
-79
-60
146
-30
16
84
22
49
-16
33
-32
0
12
14
-100
41
34
-79
-49
74
80
-57
42
5
-64
-8
74
87
26
-57
-20
-49
-89
8
-22
-134
-46
22
59
18
178
-43
76
11
90
-49
45
-42
130
-38
-25
12
53
-88
-25
15
14
15
59
-136
183
-67
6
99
-33
40
-16
-91
30
44
72
-34
94
32
109
-33
-27
4
44
59
-23
-26
39
-7
79
65
40
35
22
-3
128
-77
47
-84
44
-9
0
30
36
-83
-4
54
-28
63
39
-107
78
-150
-68
30
-9
-15
-39
109
-12
-48
-4
-10
-83
78
58
-70
-58
-42
77
-34
60
52
74
-103
46
41
52
-100
-41
-34
-53
-156
-96
-123
-120
103
-70
-42
-73
25
-20
-15
116
44
77
110
132
23
-30
-73
-100
-74
47
70
16
-21
26
-42
-9
-74
55
19
-21
-84
76
-54
-108
3
27
10
-20
-9
80
14
-94
-8
-13
-36
70
-75
-8
22
55
163
21
-26
-23
-2
-68
71
-61
-6
62
44
114
-68
-20
5
-9
64
-60
126
-60
18
-73
-16
-102
11
-43
95
-69
-33
18
-41
128
-16
128
22
-162
-25
-67
-55
39
31
-145
-44
64
-14
-93
-184
59
-34
-59
-156
171
99
57
52
-32
-3
-48
40
-45
-43
39
-28
-35
-37
100
25
-2
92
77
44
118
-4
90
-66
-25
4
21
63
4
-123
60
66
-12
119
-72
-30
89
-48
-80
77
-13
-21
30
69
-77
-60
-13
-21
46
-2
59
-95
40
-33
-75
-92
-97
-67
-83
-43
-67
35
-81
148
26
92
68
-23
23
93
84
17
-37
-27
-47
-3
24
-12
25
-13
-104
-75
-68
81
-45
77
28
82
-38
8
-82
167
-95
-22
144
13
50
-102
27
22
92
-48
61
-68
27
27
-100
-99
30
-112
30
-32
-74
-93
11
123
67
5
-10
-26
31
-33
-59
12
32
-3
-65
-91
105
46
-125
31
-89
-8
26
19
111
-69
18
-96
5
-51
42
-41
-94
-16
33
-42
2
20
74
50
-45
-98
-55
-43
72
27
64
9
29
144
-81
105
50
-40
-59
59
57
-3
-22
62
110
20
79
20
-42
191
100
-73
-42
-60
-10
1
-19
-9
-48
-30
-7
1
-82
40
104
6
32
44
30
-25
2
78
-23
85
-6
105
27
23
66
6
-34
-51
-46
70
-60
-12
57
-28
50
107
12
-26
-25
19
-52
2
117
-70
19
49
94
43
66
130
21
38
72
-49
-52
68
103
55
42
20
-126
23
46
-40
148
-54
-17
69
36
44
57
3
76
23
-175
-59
33
113
-1
13
-29
70
174
23
-29
-3
-97
5
-89
59
52
-42
-26
-97
-16
-163
9
55
46
66
-39
7
-53
109
97
64
-10
20
37
-37
52
124
-21
-20
-52
6
-30
58
122
100
95
-62
-80
-45
48
51
1
-55
19
77
144
94
-24
131
90
-16
104
-35
32
123
143
-94
-99
-62
21
-112
-34
-113
29
-15
-88
110
-144
23
-111
79
26
-47
-56
33
-31
-4
-65
122
-108
-75
-20
16
70
-47
1
-68
-97
1
200
-40
86
-31
-73
-1
3
10
-188
25
-26
-126
62
37
-87
36
-55
-68
-41
33
-48
10
-28
22
53
49
-86
-5
47
-7
-63
61
55
2
67
-139
-24
60
8
-144
16
-39
67
-102
-99
52
10
13
-11
-65
-13
26
26
34
16
-3
-77
12
-115
1
-80
-29
-68
27
-71
6
-73
-48
38
-30
-53
4
0
-97
5
-61
1
-59
25
2
64
101
-101
-6
-46
-40
-36
53
24
73
-93
24
3
-119
30
-18
112
6
-32
42
9
84
38
-44
46
-62
-41
95
37
26
35
-7
14
-49
8
27
-28
-37
-42
38
-20
-27
0
-32
40
17
-15
18
-59
107
-67
18
-127
-69
18
-161
90
-16
-20
46
52
44
57
23
55
103
-36
-61
57
-7
5
27
-34
49
13
37
-53
91
-26
60
-163
-59
-71
10
-67
6
47
18
-52
25
3
54
8
18
-38
3
-153
0
-56
-4
30
15
-75
-181
23
78
-12
36
-60
-45
122
70
-66
31
84
-25
48
-56
-53
-78
36
5
4
-55
20
45
-131
-65
-11
-13
23
-44
-17
44
62
110
159
-34
-113
-66
15
-21
42
59
-171
37
1
-25
84
-11
62
119
-84
53
-72
6
24
49
109
55
-39
-27
30
32
89
97
67
26
-30
-20
-65
43
-78
57
-40
81
74
-100
33
102
-17
-19
-10
-5
-38
-11
52
-56
-18
-89
25
-42
111
-8
-63
92
57
-39
128
13
94
27
-57
304
-52
-118
-129
-74
-16
69
59
29
2
30
127
30
85
69
-19
-112
-58
-108
40
-51
62
5
111
-102
-50
80
79
33
19
70
-101
-120
-4
42
-3
-22
-37
-60
-5
88
-82
-11
-27
-37
-86
47
-15
15
213
-70
47
64
-72
125
112
-16
-9
-17
-13
-18
94
11
16
-11
87
100
45
14
17
201
58
132
45
-67
2
-107
-46
-55
-22
63
76
26
121
-34
-57
-171
74
-14
11
-67
-176
-75
-49
-48
30
-196
93
-21
-34
15
-8
-62
61
-51
-104
79
-43
-51
4
-64
80
-194
-54
55
135
37
15
5
-60
76
70
-85
190
2
36
15
154
-10
82
-8
-82
47
-17
15
70
-33
-63
32
98
-36
-81
-60
-51
18
-24
-57
18
57
-49
-19
217
-5
39
-39
10
42
-60
180
12
-163
8
49
-106
-71
-32
-105
30
-78
36
-40
9
-60
60
-21
-65
-36
-7
-24
69
-17
84
-55
23
-17
-9
40
-3
100
104
40
40
-23
85
9
-13
108
-44
-33
30
33
4
9
33
-15
-61
21
106
94
18
-11
-4
-26
32
0
113
-10
-71
-100
-89
-67
42
6
-89
-64
-91
47
-60
-85
-42
-133
25
29
-86
28
-50
-38
-73
84
-11
-42
-66
-60
27
-27
-19
-2
-16
-61
25
17
-65
-26
95
-17
-49
13
85
-63
-7
-55
-72
-82
-79
-43
52
-21
104
31
105
-18
-145
66
87
-32
-99
-26
1
32
24
63
-52
-21
8
90
-76
63
7
-1
-33
-107
-66
23
-18
-22
38
15
-51
-79
-41
30
8
18
42
85
8
-19
-94
-37
66
82
-42
-4
-107
9
-23
-64
84
-51
-2
-38
-17
-66
-45
11
41
-34
-87
-55
31
92
-42
14
-3
154
17
-5
-52
-38
-18
47
-48
12
27
9
39
-36
141
-64
140
-19
-10
20
-13
-45
60
97
-10
-62
-96
-104
-127
6
-28
11
30
-13
42
-48
8
2
84
8
0
1
55
74
-7
9
81
-75
-67
-82
-53
-13
46
-18
7
-7
-125
55
-15
-117
-94
-50
-19
-24
-45
-30
44
-31
78
37
-6
69
-15
43
99
2
-19
116
40
-13
-46
-33
-139
42
-37
55
-6
43
-20
52
-49
104
-94
-147
-13
18
-79
78
-75
44
-75
-31
80
30
-91
108
-63
1
-10
81
-38
69
34
72
31
41
-23
32
-67
63
3
-35
-73
-6
4
-27
100
-15
35
-173
-135
-8
-15
104
99
92
53
-26
148
-101
-18
71
131
-61
-43
-125
-25
-57
-155
1
-50
101
56
8
97
-64
-75
-15
-5
68
85
31
67
109
92
14
-101
-88
3
-58
60
8
-47
30
-33
-34
36
11
60
-52
79
-19
4
-17
76
87
-28
-33
-65
-21
-74
32
71
102
54
-10
-109
-7
25
-2
40
-121
1
6
32
-107
27
42
12
43
-34
40
7
53
-52
83
-38
-90
70
-57
-65
-76
72
-34
11
-4
-19
-45
58
-25
109
-43
-48
97
1
125
-47
84
-8
84
69
-33
29
7
-114
-21
55
-43
-63
51
109
58
-54
-64
-24
-11
-58
106
56
-54
-39
-47
-42
119
-107
-13
49
-52
-118
78
54
1
37
-9
4
-9
-77
105
-39
19
3
-74
100
98
0
4
120
-53
-7
-64
42
23
-45
-21
34
63
36
108
57
65
80
148
-43
-62
48
-62
-50
-58
12
-49
-145
-90
7
76
-75
-47
-50
107
-15
-15
-67
-43
78
-19
56
-98
-43
12
-13
-80
-35
-22
1
-114
-54
-23
-24
-20
-29
37
-59
207
-46
110
-3
-36
138
-96
-94
11
-56
21
-26
42
94
-53
39
-95
1
-124
59
21
-50
37
-99
-23
51
-96
-9
20
20
38
-21
-56
-74
94
-1
10
48
-68
-127
-72
-13
-14
-54
-53
-26
-22
116
58
83
39
44
-60
23
-43
33
10
-96
25
22
44
66
118
55
-84
38
47
-10
-1
-69
-13
-77
6
-13
83
2
-66
-72
-1
-3
13
-57
84
41
10
98
12
5
-30
1
-43
19
-25
2
-2
-27
67
-30
-61
-1
-25
-36
147
6
-104
-104
93
-71
14
9
-109
31
42
67
-1
-50
-157
134
53
47
65
58
83
-26
-9
52
-90
-58
7
36
88
-68
-94
-14
-2
-48
129
61
-55
15
45
-104
14
33
52
68
73
67
-62
-125
13
-127
-84
5
-61
21
80
-4
5
116
35
-25
62
-13
-74
68
-99
49
47
-98
5
50
-91
-54
15
95
47
151
-23
-14
33
56
0
39
-15
-3
-143
15
-3
-45
-2
50
88
164
33
119
0
-48
-1
-80
-72
-56
0
-16
-8
-74
116
31
-53
-100
-55
145
-72
-49
-35
-138
43
45
-26
-13
65
31
90
-69
-67
-99
77
-119
72
18
-17
-125
-42
81
-12
8
-4
22
-40
23
-61
43
88
35
-78
-17
31
-61
-24
40
75
52
-11
53
28
82
-39
-6
-36
47
-22
-26
3
5
9
-73
-8
15
75
42
18
-54
99
-6
177
-86
-34
17
123
-1
46
-94
8
6
-19
-74
-23
-51
-70
-55
8
-12
-60
133
-73
-39
100
-73
25
18
-76
20
30
-120
8
-78
-37
-110
-13
72
116
45
117
-22
27
27
-9
-98
96
-48
-107
-36
22
55
-30
-115
-194
-4
73
-15
-50
31
-1
-78
47
63
8
-94
-70
39
8
58
100
-5
21
-1
-6
4
-73
1
16
-78
119
-1
-112
41
-37
65
15
20
66
5
33
53
-34
58
-15
121
39
-9
33
27
-8
48
-62
-30
-39
-90
13
-22
34
-32
-28
37
76
25
40
-41
-13
-73
-52
103
-108
-38
37
-22
-75
-38
71
-60
47
-34
39
-50
115
-24
50
45
-166
-97
-40
-112
-48
-11
-10
66
15
-154
-17
30
81
-79
-105
-63
-33
62
17
-74
-62
29
-5
-161
74
24
-34
-186
47
2
65
142
56
75
-57
-43
-31
117
-75
-79
57
-36
94
-25
-35
-43
-115
-75
-10
52
-42
15
-9
-148
-41
12
39
-33
36
28
-20
-70
24
-4
-4
33
-54
-19
4
74
-79
14
14
11
56
115
-44
33
12
58
-79
-40
44
-98
-42
-18
16
-192
6
-7
-30
118
20
41
-16
81
84
-80
3
27
-47
28
-35
-17
50
-31
137
17
-21
-20
66
39
123
-21
96
-68
130
25
69
-58
27
-135
132
-27
-16
18
-19
39
-14
17
103
54
62
86
-53
-1
6
10
-55
48
65
-21
-112
-17
61
-15
98
40
31
178
-8
76
23
-48
13
-42
-31
-9
-2
62
141
33
-67
-7
26
-42
74
4
25
6
-44
94
0
-54
-54
1
-64
-104
62
48
152
110
-54
-27
118
75
70
7
16
-23
-37
34
-29
25
64
-104
57
65
-58
153
-71
-28
57
41
-57
-135
-62
-65
3
-44
-119
-52
52
90
-20
16
5
9
-19
-49
-42
10
74
54
-20
-88
-59
51
-87
9
-97
-19
78
-7
37
121
73
15
5
0
-90
-28
44
-56
-36
12
-133
-9
6
33
-2
-36
-83
43
20
-63
67
-42
16
-2
-22
-133
-25
-43
14
106
-53
-71
15
131
45
19
-44
-34
20
5
-56
105
39
23
-46
0
72
-36
33
87
47
90
-26
0
28
54
-93
38
20
-55
84
18
-6
135
-41
-35
114
11
-120
69
-16
-100
3
101
-102
42
20
35
-148
17
129
21
-34
-103
-41
6
79
-29
45
-74
42
-14
109
-22
-35
-31
-22
-87
-56
98
-169
-67
-68
46
119
-26
62
-101
45
24
61
47
34
148
-17
0
-69
-11
68
109
-15
-33
45
16
2
-41
-29
-157
17
-31
-43
63
-2
18
14
41
28
6
15
-57
13
-69
107
-51
-16
51
87
49
57
8
-62
37
52
43
53
-75
14
-33
6
-93
58
98
-87
4
71
74
-21
-5
-54
16
38
11
0
-14
-28
22
26
-81
-39
-62
-82
-4
74
-23
-22
-76
-22
28
-15
-140
27
-51
10
-17
-49
46
-78
-71
93
-6
-116
54
-10
79
28
56
-27
66
-7
88
66
39
1
-31
-175
-50
8
-2
76
10
-54
11
-17
58
29
-108
55
10
51
32
-42
11
-122
18
71
-64
46
-3
7
21
6
-33
102
54
-77
-48
91
98
-29
-82
19
17
-60
152
38
43
93
-66
-75
35
110
15
70
-72
-12
86
51
-28
-25
-55
-65
-92
-21
-25
55
-49
-18
19
29
-56
1
-1
63
-61
44
-4
40
-12
38
76
-46
-80
4
1
-75
-110
-69
37
-34
71
-95
19
7
-92
-77
101
35
-110
-90
25
89
-71
43
-82
-104
-70
58
-85
-30
-58
118
-20
165
42
-100
-57
38
26
-160
74
15
-78
-34
34
0
49
65
-90
-33
-41
-4
10
174
89
50
-80
40
-65
-64
-150
56
29
87
5
-58
71
23
46
24
-24
-51
-31
84
-11
-56
-62
48
-68
-30
64
52
16
70
96
-72
-14
16
60
6
-76
-35
40
-40
53
-84
-40
20
-37
11
-56
7
-68
31
62
44
39
-78
18
-162
-73
14
-18
20
21
166
39
10
-65
-41
109
-26
59
16
-40
105
94
-2
51
73
62
-70
-13
-43
-52
-28
79
-77
103
53
-72
41
-78
-50
-109
-77
61
37
38
-16
-56
7
-79
-67
-185
-40
40
-68
-25
-99
20
-5
112
15
208
42
-42
-39
-88
7
-35
-59
-50
123
-77
-46
68
-79
29
-72
3
-97
-56
29
-16
-36
26
96
50
46
40
0
-12
-17
-5
41
-42
65
118
-44
-11
101
24
12
1
-70
-3
-11
-51
-51
-39
-122
34
-55
-78
-5
86
-4
53
-10
23
-42
-34
64
20
-60
-8
31
100
66
-57
47
79
167
38
-8
4
7
-76
33
-46
-29
103
-51
10
72
80
-62
-55
104
29
48
3
-8
-9
-67
74
3
99
-1
-87
-5
-134
-39
61
57
-106
-11
-94
-85
-120
-11
-55
2
-77
-13
27
89
-80
-94
-25
-83
92
24
72
57
-72
-72
81
22
15
-137
0
43
60
-4
166
-48
44
24
109
-70
-6
8
21
-20
-11
8
-8
-40
85
-48
27
26
-29
-24
49
-102
80
-122
168
34
-120
11
22
-59
221
23
44
4
-6
-48
14
85
-132
98
51
-86
-80
-46
2
17
26
21
142
-126
-49
-113
141
-13
-74
-18
-23
24
-52
74
-96
-53
-110
73
43
-92
68
-13
58
-98
114
21
70
27
17
-54
59
-126
-138
-6
88
81
1
-53
10
113
32
101
-49
12
-24
11
-47
105
27
-43
6
17
-22
-5
70
-40
-19
-78
-21
-82
70
69
-103
-64
2
-34
-3
-56
-80
70
69
5
52
22
-26
-67
-28
48
-69
7
-31
-24
5
-36
62
-25
4
-8
23
17
2
72
45
-11
72
-79
-130
100
-67
-21
-34
-34
67
98
-71
17
24
35
28
6
-61
28
99
13
9
-56
59
-11
-59
-123
4
17
64
47
-15
-36
-66
-108
2
-56
-67
45
-44
52
-27
-56
-39
131
18
64
-4
21
-20
-28
-95
-128
-83
21
-117
26
23
-84
-68
-164
45
-1
40
79
-43
-53
74
148
-17
-57
-3
64
70
19
-69
-41
91
51
-48
-25
-55
53
-17
-33
14
-65
101
-3
-24
-34
30
-32
-47
75
-54
-5
-111
12
64
-82
-44
74
5
-94
-44
86
78
-87
144
-38
-41
110
1
-88
13
-14
-21
36
-41
101
71
1
65
12
-14
52
10
-31
-4
87
-15
-9
-1
-15
23
76
-36
-126
20
-98
-22
20
53
-86
37
78
3
25
-102
9
14
37
98
23
56
22
0
58
123
-94
-44
45
-26
-64
12
-124
4
-90
-34
-68
124
42
46
46
22
16
101
-144
97
92
-18
-43
52
34
102
-20
52
-1
76
-20
-133
-52
114
13
159
6
14
52
-16
-21
-7
-3
-51
17
-4
-33
60
7
-82
5
71
-42
105
-20
28
17
-24
-45
10
-78
-11
19
-77
-32
58
35
-18
-23
12
50
90
112
-6
14
-101
63
12
14
-42
-47
86
7
37
36
-85
45
-56
-10
-31
-90
6
7
-7
11
-18
-43
73
-48
-79
-102
61
-26
74
27
-19
-4
90
-46
-33
-31
-64
-28
-101
-14
-41
123
97
168
-20
-128
94
-62
46
-53
-34
42
66
59
-12
-129
-47
-102
-38
83
26
22
93
-7
-20
58
-20
-159
96
92
-2
-78
86
47
21
47
82
-16
-4
38
-94
-18
-151
-49
101
-45
51
-2
28
32
-121
-54
20
156
44
-16
-47
-43
-49
-96
15
-6
103
92
108
-37
-30
41
67
69
-16
4
2
21
-89
-32
93
56
52
102
50
38
67
-43
-42
1
-18
-2
-12
-11
-3
-10
112
15
-43
21
-9
76
38
14
-57
23
-61
-22
-150
95
12
-58
2
19
14
59
-76
29
31
-42
-16
-60
62
-35
11
32
103
-129
80
-41
55
13
-78
28
-4
17
-26
35
43
-142
-55
-14
76
64
95
-73
50
81
43
-32
2
33
-17
-72
-17
43
42
-25
92
-63
-104
-17
28
62
-144
-128
-133
-16
-9
-44
97
32
-75
56
-52
-92
-22
-159
93
-10
-104
-30
17
-36
-67
-58
74
-20
-78
50
-31
144
-34
71
136
34
-32
8
-80
-36
70
73
-86
-50
60
23
-52
-91
47
-137
-137
58
-65
-100
-30
-55
-37
161
5
47
-43
6
7
-36
71
-60
-76
87
-13
-150
38
-15
-14
76
-68
26
3
38
1
-72
-9
-96
-13
75
-43
-66
-11
37
43
-7
11
182
-81
-82
143
83
16
2
56
-103
6
-102
20
68
2
-8
-6
-99
-43
72
77
-26
110
154
45
47
103
108
-1
74
-100
-1
-55
-22
9
15
31
-45
123
-25
87
28
24
-17
18
-90
26
55
-10
122
41
-25
14
15
-59
76
99
-14
39
79
-18
-50
50
56
158
-34
-43
-8
-49
110
82
-64
-60
25
34
83
73
-70
86
-1
87
-9
-17
-7
20
24
31
-37
113
15
0
-26
-34
74
-22
-52
30
-117
38
48
70
49
-64
63
-21
-131
12
-20
181
67
-18
74
-54
-6
56
40
74
-55
29
-20
-20
9
-13
139
49
50
11
-31
37
23
-31
100
-19
2
-127
9
14
35
-25
32
-141
-58
-93
-53
30
-183
-52
31
16
56
7
49
44
100
6
23
-20
-35
-8
-27
-58
-62
-31
-105
-34
-36
-39
-48
-85
-17
-2
58
2
35
13
-10
-30
-24
39
53
-1
-80
28
-89
28
-26
-66
96
-31
-36
59
-64
59
27
35
17
-16
264
-100
-62
-23
-27
68
65
-77
13
73
-156
-151
38
156
108
-19
59
-53
35
-169
48
-32
35
8
87
-116
-32
-31
5
33
23
-45
-58
42
138
120
-61
28
-49
-79
-54
32
-138
26
-43
67
57
20
6
20
-115
-55
-54
41
37
120
-163
-29
-84
-97
-56
10
-39
15
-12
-50
-33
23
165
-12
-65
47
11
31
99
-11
11
82
-24
47
-64
-43
75
44
90
23
-49
97
-56
-128
62
-93
56
-188
-84
21
19
59
66
17
61
16
-58
-90
-36
61
77
52
23
1
9
-43
-64
-82
51
20
-31
-23
-73
63
-62
-32
-25
-12
-73
-18
16
43
-73
-71
-115
-88
-14
101
-72
87
-46
41
143
38
-13
-34
-27
31
-5
20
-16
55
-91
11
47
-71
115
-33
-72
-50
57
-32
44
45
139
19
104
-34
-16
-18
-118
-5
27
43
71
58
-32
59
32
19
-97
37
-10
-89
7
9
57
-111
-74
-53
-40
49
101
85
-80
30
1
37
15
-102
48
108
-35
108
-2
11
59
-88
15
64
-20
-7
100
45
75
-11
-16
81
18
-79
17
-23
69
-55
-68
-81
-146
-26
84
3
35
20
-11
9
51
33
-42
-41
-49
122
-95
2
86
13
66
-9
-13
-3
43
-69
-13
-84
10
-14
-28
25
-135
-52
-62
38
-33
-13
-46
100
77
30
-32
-39
79
49
-13
-23
19
24
49
-20
-51
4
63
3
45
30
1
-42
69
-162
-30
-22
121
40
-6
-15
-120
-48
11
-22
-129
-44
34
57
9
-66
-60
111
38
26
-14
-92
-101
100
-4
112
134
22
38
-4
107
-11
40
-38
54
-108
122
-45
-72
-59
61
7
-78
22
11
-11
-48
-12
-35
-7
43
-23
-17
-97
-6
-3
4
-120
109
12
-59
34
85
-71
-51
31
-23
39
37
-70
-22
0
-71
35
13
-49
35
-43
1
30
66
24
28
-89
17
-187
-74
-118
-81
-66
43
-1
-17
-50
-14
71
-94
65
142
-107
-53
61
-26
-170
13
97
-37
-95
-40
-119
19
-7
-39
124
55
11
36
-52
-96
87
46
-26
32
-31
27
28
-149
-62
45
-42
-1
61
16
-2
69
90
22
1
110
-31
-30
168
98
-43
15
-24
48
-20
-25
71
-55
-7
-14
-64
68
20
-67
-2
56
33
53
-1
30
15
-80
71
-109
4
32
-102
-20
75
83
-21
0
-40
12
-43
5
-52
-18
-94
34
-16
65
34
-60
-132
16
2
23
122
-188
74
74
39
3
5
-51
7
-8
48
55
23
-19
40
47
51
58
-80
-41
-32
36
-66
64
22
-34
59
51
60
26
27
-19
43
87
1
24
75
-110
54
16
-83
33
72
56
-38
-91
10
31
-12
-92
10
-47
-52
-4
-53
27
-89
50
31
72
97
-81
53
-32
47
11
24
31
-42
42
11
-31
71
-35
-188
7
-112
-58
-17
-20
67
-72
0
34
-20
-59
0
-1
-57
25
13
-77
-115
10
-7
7
36
-67
81
10
-16
100
158
49
-88
58
-144
-53
-35
-34
3
-66
36
34
103
-69
33
-148
-34
26
-95
81
-4
-72
-16
10
-18
19
91
-73
43
-150
-122
-58
-4
-3
-39
-31
14
-31
72
13
-57
36
-41
19
-83
-112
-18
-16
63
-87
-42
-28
-9
121
-81
30
34
41
-26
73
-65
-119
18
-11
-30
30
70
-31
51
25
98
-46
72
-97
-14
-33
67
-34
-22
-45
-63
-35
-75
66
103
21
36
21
22
-64
111
22
112
30
27
-37
-57
61
-12
83
-150
-7
43
2
45
-34
-61
10
147
-19
-49
31
-62
90
-88
-10
-69
-27
-26
61
49
-33
44
12
-2
-42
68
47
145
24
46
-20
4
14
-36
25
-31
117
12
115
90
46
-32
15
11
20
30
15
77
-96
-108
38
6
84
17
154
-24
20
-26
93
110
77
-83
25
8
-23
12
23
59
82
-92
87
59
-79
-11
-48
-75
-73
-37
-37
51
-44
-38
46
72
4
15
-32
86
-145
43
38
50
-4
-58
47
-94
-51
-50
37
-44
22
-8
82
-97
82
-22
-57
75
-32
48
-74
-11
50
-3
-59
-13
-67
-40
92
54
-36
59
15
-33
96
-16
37
6
92
-40
44
111
118
7
135
18
-57
-23
-79
-26
34
-93
-1
-63
-5
15
24
70
-38
4
-15
-12
-62
77
-131
143
88
102
-69
1
-7
82
-104
-29
29
-34
-85
71
-79
15
-95
96
10
-49
114
-54
1
12
102
50
-89
-80
9
56
46
-44
-159
84
-31
29
59
31
-14
11
-25
-101
-26
-33
-49
-33
35
44
-64
-62
-23
94
14
38
-60
36
-82
28
-38
-16
19
16
-57
46
24
49
48
48
0
-11
112
26
43
-103
-17
62
119
130
33
-1
68
199
23
-11
-45
17
44
9
-24
50
-51
-28
-46
-44
-31
-86
-57
4
-9
-58
-73
-24
-65
-106
-20
23
-27
10
17
98
53
24
-25
-122
29
-14
-14
45
45
69
36
61
-40
23
6
142
7
122
-80
-41
5
-53
23
-10
32
-69
16
-8
-80
-100
11
40
5
-7
-9
-103
28
-48
45
11
-59
-63
38
27
12
38
-68
-124
84
-65
24
83
38
-2
76
-66
6
38
-22
-6
-2
2
-65
-60
121
-38
-20
6
68
-17
16
63
99
44
9
131
22
-66
-85
92
-26
-85
29
92
11
-117
73
-66
50
-10
-2
-10
-18
66
20
26
68
21
171
32
-95
103
36
3
4
-25
134
-31
56
53
-75
-63
2
1
12
55
15
-101
40
-5
-16
-68
-76
5
30
62
-83
-83
57
-45
51
69
17
-11
-93
67
-147
-95
22
22
-123
19
-14
90
59
-61
-33
73
67
-12
-74
55
83
-83
70
-64
-30
-22
31
40
75
-106
81
-143
-3
-36
8
26
0
23
-31
22
46
-24
-54
-72
-105
-49
-31
139
-42
-21
-108
64
0
75
129
-39
90
-43
44
82
62
-50
-66
95
29
94
-45
-64
-33
15
-82
-59
-54
-62
-8
-28
-48
45
62
-114
-7
7
45
29
-18
139
25
146
42
-128
81
-22
-16
-17
52
28
124
-22
-12
-55
-3
-8
17
-13
-46
-49
-52
-36
14
-28
170
-23
64
36
12
-148
-27
16
142
-69
73
63
-51
3
-57
52
20
-33
-138
-17
43
-16
70
-66
92
41
79
-30
-20
11
115
37
-16
-4
-85
-143
-79
-27
-43
-77
-51
9
23
87
12
-51
-9
87
46
-46
-88
34
34
-44
99
-60
-106
-17
11
