42 93 144
0 25
0 29
0 36
1 8
2 13
2 30
2 32
3 5
4 2
4 7
4 15
5 28
6 1
6 28
6 35
7 9
7 14
8 23
8 40
9 21
9 37
9 39
11 10
11 11
13 3
13 24
14 4
14 31
14 35
15 6
15 11
15 20
16 7
16 40
17 11
19 4
19 41
21 14
21 19
21 31
22 18
23 1
23 37
24 1
24 17
25 11
25 30
26 0
26 25
27 28
27 30
28 1
28 20
28 32
28 36
29 5
29 19
29 23
29 36
29 40
30 6
30 9
30 37
30 38
31 6
31 37
32 24
32 31
32 39
33 4
33 32
34 3
34 20
35 0
35 5
35 8
35 31
35 37
36 11
36 27
36 28
37 13
38 1
38 2
38 25
39 0
39 31
40 11
40 17
40 29
41 8
41 15
41 23
88
84
10
81
82
45
32
79
3
11
8
67
17
57
37
54
42
62
44
28
55
36
60
61
41
9
69
25
29
86
35
59
74
91
56
48
72
24
66
4
78
87
19
83
51
23
33
20
65
52
7
89
39
1
6
13
68
76
58
26
12
70
30
77
53
73
15
21
34
90
49
63
92
38
64
27
47
85
31
0
18
40
2
50
16
14
71
5
80
43
75
22
46
68
38
-47
69
-108
-95
-198
10
-31
141
65
-21
-42
160
-331
-19
-44
-217
246
55
-17
3
-138
-164
257
-100
-28
248
-80
7
162
-86
185
124
-69
-79
-73
127
-117
-39
-182
-143
235
46
152
-122
114
-126
124
123
48
32
-81
137
196
-153
-301
141
-202
231
218
-34
169
187
64
-15
-111
-62
40
1
-98
111
-106
-52
-48
104
-414
66
81
-80
-112
25
-154
30
68
222
-48
-34
282
-91
-200
-326
-61
281
207
75
111
-22
-124
-87
-142
140
114
-106
84
-17
-131
129
282
71
64
232
109
238
190
65
238
159
-50
60
41
67
-11
-277
143
16
57
-45
-9
173
-54
136
-312
121
3
-143
4
-89
-74
-508
-57
-264
33
3
65
99
-89
140
112
-53
-14
-89
135
-91
51
-14
160
-6
-37
182
-20
-74
-190
-105
-36
34
141
-61
-52
-124
-95
-11
127
-145
-29
-66
120
-245
-4
26
-22
14
4
137
24
-119
222
-59
-147
55
-110
167
180
270
73
87
125
-68
95
-146
40
-135
98
-162
18
134
292
-175
-81
67
-5
45
-50
-78
-301
-63
30
71
-45
-299
-173
56
-6
-1
-127
158
-81
181
-140
73
-33
-133
104
60
-190
61
-114
-170
-83
39
59
75
191
60
-33
-8
-164
-176
-24
200
-113
36
124
53
181
82
70
169
-39
-16
-14
35
43
111
105
-50
47
300
-87
-5
136
110
123
22
-90
-50
49
1
-91
236
-231
-16
182
60
66
-31
-162
246
25
-210
41
-1
-207
129
-116
212
216
-152
110
-261
55
-9
57
232
-23
-60
142
-215
162
-112
-119
68
-143
-62
-258
1
276
123
-10
-93
43
91
123
75
3
55
155
170
-57
200
75
80
-93
-485
198
98
113
42
32
124
-193
37
34
-29
-59
169
28
-365
67
176
-56
-54
128
-79
-106
-174
-119
43
67
-35
45
177
7
15
-167
403
104
-118
-61
205
-191
-302
31
-76
1
-139
-132
61
20
192
-138
-47
212
71
-98
30
26
-33
-81
-131
115
127
389
141
46
34
321
160
69
52
24
-92
86
199
43
-82
7
60
85
2
-38
-226
-80
-212
-24
-220
29
-166
-86
-19
-175
-12
103
-242
-71
36
-96
-36
-93
305
-167
16
-171
-168
13
32
-41
-196
29
-369
58
97
174
46
-175
-212
107
-76
-36
-212
93
63
-347
-47
159
74
121
-141
15
-37
-29
94
36
-73
20
-122
74
320
97
-180
50
-42
144
-17
-65
157
-20
8
1
93
58
14
-91
31
-221
44
-102
92
190
-262
-45
165
169
-94
-17
-146
70
-5
131
-37
164
103
-49
-70
58
28
-23
28
281
-242
-112
125
-255
-19
90
-34
200
127
-121
304
4
-29
26
-159
22
89
-80
-146
160
-23
52
-162
-15
2
88
-153
108
-2
-29
221
27
226
-142
-87
193
-17
76
187
-98
64
-45
-118
-215
240
36
-39
-78
60
-61
65
108
13
65
131
-63
-6
72
-15
237
-51
133
-118
-21
169
-45
-262
242
88
88
-105
268
108
82
-30
2
-105
145
445
-27
36
23
10
40
262
-331
-112
173
174
136
-48
-201
-89
91
-140
-32
51
62
-45
-119
5
-62
46
-201
-124
-33
-10
269
-176
186
321
194
-171
-44
137
-69
84
-150
57
130
205
114
-44
29
151
-154
-60
115
118
41
91
-64
-58
108
96
-236
-4
109
-37
147
212
161
81
-88
-147
44
276
-94
17
-252
87
-182
29
-172
-31
-320
13
189
-128
-5
-253
116
-35
133
451
250
153
-69
-63
-122
58
-156
-144
-56
-109
56
154
-46
-207
283
328
-124
13
256
174
-129
169
-44
83
11
-219
26
-36
22
176
11
-96
74
-4
132
-46
138
-184
-85
38
-268
-31
5
77
231
25
-285
129
113
-205
38
-287
98
-127
68
-41
158
48
21
186
-237
-180
330
153
90
-71
-15
-17
-41
30
34
-105
171
-275
342
42
89
151
135
-117
-197
-98
13
-103
86
-114
-71
118
-66
253
104
-176
-38
28
-87
-111
-442
-158
-17
-123
-93
-55
-52
82
-50
96
59
162
-54
-6
102
123
76
-41
-177
90
-71
138
-128
18
67
56
-44
229
-124
-75
17
-40
116
-19
217
196
200
72
64
-239
-51
-48
67
-247
-84
-136
-86
28
-62
-26
-135
57
-188
48
-22
-296
-141
65
-115
-30
-27
104
259
-146
-90
-146
51
-138
152
25
-219
231
113
249
152
-56
-39
212
-177
93
210
149
-110
-62
26
-264
-17
154
141
-92
129
54
69
54
-163
-62
-226
157
99
166
12
-52
-215
-51
50
-209
129
-106
95
99
-169
31
-216
-43
-105
141
168
-126
40
-33
304
58
-187
-23
-31
110
160
-247
-60
65
111
-43
196
-79
63
-141
-26
333
-19
-129
82
70
-15
212
107
33
43
-80
145
-30
170
9
108
149
-94
-273
97
-134
1
-276
-98
-170
190
54
-69
-139
16
134
-1
60
282
116
-181
-58
-118
56
-2
-98
-9
72
74
-19
-130
-145
196
-121
124
-94
-11
65
30
288
-127
-94
-25
61
254
-211
-106
25
-63
16
168
-119
163
130
48
-90
174
-33
185
-204
72
0
68
110
-26
200
-101
-109
-47
-21
53
-76
8
92
-136
121
42
141
86
31
-112
-159
14
-212
83
120
-144
68
89
5
127
-182
-231
-1
-35
-154
51
-89
10
47
-80
64
79
109
10
36
-95
-90
-107
34
154
-16
-47
143
76
121
-6
-171
89
111
-50
1
-160
-9
-68
-152
177
30
49
-230
86
-138
-144
107
-166
17
142
-155
-195
220
126
-138
-2
97
218
293
60
41
-113
75
81
-45
103
424
210
93
71
-117
0
-161
147
8
-22
-48
-11
190
26
94
240
43
-187
-130
-63
-107
27
242
-90
-36
-48
-20
240
166
-14
9
174
172
340
-133
45
52
-290
-11
59
-185
-140
171
-22
361
-176
135
5
7
23
72
-34
-135
127
112
152
95
-120
-161
73
1
-144
44
-156
-137
178
28
133
-73
55
339
251
49
-48
36
71
-2
-153
-179
-161
53
48
-10
-153
88
-88
100
6
81
-89
-87
62
-41
65
72
-119
-140
-24
162
23
41
-55
-116
-55
25
-108
341
70
-238
-157
-88
-24
390
-69
94
-282
-294
101
278
122
63
-106
257
42
-67
213
92
69
-6
-33
96
111
-34
144
58
350
-35
188
-7
50
-118
21
-100
-145
-67
99
-13
170
-63
73
242
140
112
181
-206
90
372
9
-213
254
-210
32
94
-83
-23
-80
304
134
-32
-203
95
197
76
230
-156
-33
-111
-12
33
-113
-55
296
6
-60
-104
51
-59
-94
19
-263
92
-57
125
-424
84
487
82
126
-186
-273
178
74
-163
39
39
80
217
153
-134
10
29
-77
-153
2
-48
-34
72
28
159
-33
19
-107
79
131
-116
80
107
-55
-220
-389
-152
74
70
102
-83
-129
53
62
-141
-73
26
-182
-67
118
32
-3
297
-145
0
-77
-26
-108
167
52
11
148
57
-90
-23
-106
188
25
60
-39
-294
-7
137
65
44
208
-5
222
209
-118
-88
-263
62
-25
24
125
-236
-135
-5
-78
123
-189
260
-220
-229
-6
142
96
-151
144
102
-49
-307
-57
72
168
128
-123
-22
49
-99
-113
-78
13
-18
-137
201
-61
200
-172
52
-154
-92
210
47
137
59
-87
-30
127
66
40
298
-60
-223
-201
202
-72
-37
-9
117
72
-92
-8
54
-160
-158
128
-35
126
82
243
88
64
31
127
-81
-58
-266
-2
-180
22
39
73
32
-132
-194
54
-137
20
135
-149
19
51
-211
109
-154
5
-73
119
-197
-223
-241
12
3
141
261
123
-81
90
97
1
-144
128
-57
192
48
-72
-255
-104
13
-197
-150
181
-26
-117
363
140
142
-93
-49
172
-180
-106
-44
27
167
-74
-126
12
36
118
-1
-7
-135
-218
-94
-161
-90
-156
41
193
-81
-70
0
68
94
285
-214
235
74
273
43
157
384
72
41
106
-7
88
107
-145
-196
9
-42
-106
-105
192
-61
41
-304
-113
85
73
202
-52
98
-24
213
-127
-21
70
-137
-125
161
63
-170
-55
-268
-5
7
242
130
26
34
-118
166
-115
-86
92
-278
-89
-176
-358
-37
-36
-56
-147
-72
35
92
-293
-103
-123
-183
-54
-54
-168
-326
-139
47
231
-40
104
87
83
37
179
73
7
0
83
-34
-134
-79
-382
123
115
-47
158
-188
35
245
-165
178
132
-152
-111
-211
157
-241
-290
200
-413
52
-202
32
-52
188
-51
-68
-44
54
2
0
254
-4
135
-105
-172
-1
151
132
31
141
-165
84
-63
-149
-67
192
-20
-186
35
6
159
11
148
-16
-169
-68
453
-58
86
-337
-61
26
16
-171
-20
-8
-219
-74
-39
7
-9
-38
233
92
158
267
-371
-59
-86
39
-183
56
148
114
-14
-4
155
4
-22
-239
130
-114
-11
148
-3
-101
-115
212
-146
197
145
-96
173
-58
115
-20
32
-25
19
120
129
14
1
-124
-37
-63
-274
99
87
41
2
-284
127
-115
32
342
-115
289
-23
-6
-114
-143
-69
152
192
-174
238
131
17
-359
110
-1
142
67
-81
-406
196
189
154
-231
-14
-213
22
19
73
-202
68
-149
-38
-178
-301
-165
100
-96
-88
181
-15
-11
113
-69
257
112
237
-92
158
-106
-237
-102
71
-267
91
267
5
-8
-82
-78
92
141
41
48
59
205
-28
96
-81
153
-39
-179
59
-271
210
18
-113
-14
-95
110
33
52
-93
-155
-6
348
-110
70
73
-176
-122
-102
198
-12
-23
-32
31
66
61
287
-81
-151
38
91
126
-236
84
-184
-173
99
121
12
138
41
-71
86
281
16
82
152
62
-2
186
185
161
184
-182
-145
3
-67
302
11
153
-167
-219
95
107
-172
-80
22
116
179
-152
206
1
32
288
-97
3
41
-111
-58
27
85
83
-61
374
43
-58
5
252
78
-227
68
120
-64
-100
-108
110
-26
167
-185
-273
183
-164
-79
125
77
43
-76
-38
118
-33
-25
-98
-233
-3
42
-64
182
-199
137
114
-34
293
150
223
49
119
-60
-67
-99
84
157
-169
85
-92
243
245
-42
123
18
-31
-77
-25
218
-176
-100
131
-14
-66
-164
46
340
67
-168
141
-287
-145
-56
100
-46
-6
-193
-175
103
-53
182
285
-15
-44
-59
59
-68
-149
48
270
-58
-80
242
138
377
61
60
-1
-155
110
139
-84
58
32
-222
37
30
80
161
1
197
-261
226
-89
97
-32
-94
-185
25
-163
-9
15
-14
128
-248
-99
-6
210
98
-132
213
52
33
61
-251
124
67
-52
-69
10
-17
-99
-75
-58
246
135
-22
172
-26
62
-121
-15
-151
-137
79
165
-104
-173
-11
118
165
-109
-6
167
30
-84
-31
245
2
66
5
-139
-251
26
-33
16
262
-276
-65
97
-53
-24
-27
-143
21
-1
-62
-40
-258
-44
86
-49
33
108
23
-187
-137
35
-72
94
-59
-254
-1
-18
-124
53
-235
-75
67
-24
264
-207
37
114
21
155
-61
16
257
-79
-120
37
10
-18
288
-336
183
66
-11
-16
130
155
-36
39
-71
4
144
-269
-172
37
259
-77
-125
-59
166
43
-218
158
282
89
237
-129
13
104
181
-59
-120
-176
84
192
-18
-234
232
-256
34
-99
160
-119
88
154
-40
195
-26
133
-242
297
184
22
161
-27
-103
7
6
107
-57
66
150
57
231
-10
127
-110
-267
236
6
354
87
192
40
-14
46
-203
29
197
-9
-98
71
83
-4
-29
21
-56
9
12
134
-83
-65
-264
53
66
-100
-109
-95
15
225
134
99
-154
-230
-114
190
78
344
-259
-34
264
-162
116
189
47
28
109
-90
-100
219
-78
-91
104
27
63
-104
-96
109
-286
-238
-69
251
-122
123
-100
125
28
15
-14
-142
-130
162
-34
184
-77
-113
-12
-32
-20
-278
-330
-111
-36
3
-94
-216
-200
56
49
-89
5
80
-46
144
-121
115
-303
-56
-161
-75
-35
-142
165
-62
110
-155
235
-45
55
-65
203
-204
236
2
-8
-179
120
-89
-109
-99
95
141
-20
-21
179
-285
12
-94
189
-50
1
-126
8
178
15
124
-141
-133
-21
-340
4
-88
-333
-319
-234
-35
128
30
-20
-185
28
28
-81
-13
-70
-249
289
-69
41
89
38
-392
-91
-151
88
-103
-108
172
121
-61
-117
85
43
39
54
-2
186
118
34
13
-125
-188
108
146
-46
-20
119
159
-63
-238
114
34
-202
157
220
19
-93
-146
184
138
-70
-10
-225
188
-351
6
95
42
90
-85
37
309
130
41
-18
134
33
-145
28
21
-1
-37
-117
-195
9
101
-50
-490
116
-208
151
-63
139
195
-91
-14
165
112
88
233
-18
-40
-12
87
-51
-36
3
-175
91
53
-236
-240
-104
109
25
-21
65
97
-158
-136
-114
-128
-29
137
-109
55
-119
18
226
-260
-32
80
234
-226
131
-91
135
1
77
7
172
157
-212
-58
23
130
-112
21
-170
-86
-30
130
-216
-102
-33
-82
98
-130
-174
74
7
-124
-160
-11
50
18
-163
-224
-35
25
-49
17
33
-240
21
297
-279
-127
-156
-47
78
36
-242
-44
-152
63
-105
200
-241
140
-51
46
98
209
-54
257
-138
110
-9
-140
-177
-213
14
-391
120
228
-56
-14
-161
-205
56
17
-219
153
-86
7
248
-236
-54
-196
14
-145
-61
-97
43
88
-171
-37
-122
159
-2
-30
-14
-153
-74
-206
44
-19
-30
75
86
129
-128
-40
69
-13
-163
68
-51
10
92
-46
-54
23
-183
-15
-6
-106
48
-5
176
-110
-313
-282
51
133
163
227
-130
197
32
-131
260
236
-34
184
-165
-197
-146
-92
170
199
51
-122
-48
-75
19
-23
-17
-17
100
-160
-151
50
-133
90
-66
209
238
18
42
-61
269
-175
-230
-14
-101
-97
-84
-79
235
304
233
102
14
61
72
-86
-336
102
172
155
-12
158
46
173
192
-128
30
63
147
-144
200
80
36
206
215
1
99
-220
134
-102
-19
127
30
-240
56
117
128
-35
-119
144
58
-77
-180
171
-147
191
47
165
-67
24
-142
95
-38
144
70
-135
265
335
10
204
192
-17
-158
32
-40
-32
-78
-517
-5
154
125
188
-65
60
120
-28
77
0
286
118
18
-112
237
122
95
-202
-208
47
-140
-135
-10
-108
53
-191
-70
226
188
73
-205
-270
-159
83
-151
48
-107
86
-8
-38
87
274
-35
97
207
1
51
130
-52
17
85
-81
-15
35
50
-107
59
-137
-108
-125
-233
32
-68
244
-162
73
-4
64
17
16
69
288
-26
-435
-226
59
-72
-128
-191
-298
161
161
263
232
-179
-269
-107
645
123
246
139
128
-137
38
137
-62
-24
50
-19
-34
-145
74
-26
-12
-78
-174
24
-11
-261
152
-28
305
-190
-316
102
-55
18
-190
188
-10
-147
-257
-137
-77
152
-115
-28
295
-180
28
-174
-85
59
119
-93
-271
-178
270
-27
105
-31
226
-9
367
66
-103
-132
41
-48
-48
53
211
191
22
221
-86
258
164
-64
241
161
65
-54
-104
35
118
1
-19
-389
0
176
-77
121
-107
108
-99
-110
-123
-59
-100
40
205
144
44
-26
-53
-26
-87
-132
122
-40
-46
-53
213
-147
234
107
-32
-186
159
209
296
125
42
-86
-13
178
-74
113
125
-63
-39
61
205
-181
17
19
88
125
-279
61
107
-430
188
18
55
-146
35
101
57
-14
-94
219
-69
-71
7
-402
101
147
-126
-62
84
-87
-75
272
-132
40
-14
70
-89
2
215
168
-101
-52
-96
148
76
243
-451
-39
204
52
-27
-244
250
-172
-184
-185
-393
353
-111
-79
155
58
-71
-23
-122
242
10
56
35
260
8
93
-48
-34
-143
113
-21
-216
191
128
165
-290
-191
-132
63
121
-37
135
309
-127
-53
6
96
-49
-46
3
-14
-63
-25
82
94
-179
20
109
150
336
-131
365
125
-89
103
198
34
-25
-275
168
86
-88
29
-1
38
-137
-183
-40
215
-7
-264
-172
-60
282
22
-3
323
126
-6
-80
-56
119
-66
9
27
60
-160
46
79
65
1
-108
-229
-141
26
-252
26
-230
-196
185
29
162
-181
-20
0
-31
10
-20
-34
201
51
-55
-5
-40
-95
142
246
68
292
-196
76
-208
-105
-36
183
-65
71
52
-135
119
205
-47
31
152
-107
58
-198
79
192
-27
99
243
35
-63
-158
68
-18
367
44
-63
-151
98
-78
-1
98
23
149
-97
-158
-207
-36
-45
20
81
132
-182
212
60
126
187
-225
-49
137
-129
137
-335
-162
-95
-122
280
-140
-156
87
291
-89
238
-87
206
-122
-26
-87
-127
-130
25
315
-33
78
133
-282
409
134
-36
-160
-205
-169
29
-73
-138
125
149
-198
-32
-146
31
77
-162
-221
-36
95
-267
-88
-4
47
17
-128
-282
234
72
-14
-115
-183
124
92
115
14
10
279
-169
-17
-129
-58
303
-304
135
13
11
421
311
115
-82
74
155
105
-75
-170
-142
-141
152
321
-175
-204
-24
121
66
-57
353
-5
-213
221
12
-20
-154
-109
11
45
-32
-140
-52
162
181
-74
-94
-60
88
61
-15
82
-161
-37
259
60
-148
47
47
78
15
-292
-178
179
80
94
-49
-107
108
11
121
5
29
-32
244
205
204
-58
184
49
-16
-13
24
-106
19
-76
-173
3
73
-96
43
377
66
57
-55
-295
133
2
156
-63
241
376
-118
-72
-32
-54
-345
27
82
-42
128
-254
-231
29
179
125
166
-41
7
239
-67
91
69
-71
-116
-90
84
4
298
162
47
151
-212
-5
28
-88
223
25
-41
77
-126
95
-68
64
-36
-172
-215
-163
266
41
169
151
-17
79
242
73
32
40
-52
-57
-29
13
507
-72
172
-114
20
-102
121
182
35
-167
73
93
-31
-6
-172
-102
214
-239
-11
12
264
-318
38
-108
88
-181
158
287
-7
94
3
-43
-58
94
4
101
-40
82
-125
208
9
30
-222
258
83
-230
-5
-102
-196
-132
-70
-39
-140
-70
73
358
99
50
76
158
-250
74
-272
-193
-96
-199
63
-2
-88
-114
79
-200
314
-141
-56
-96
-126
214
219
9
-329
-245
-84
-53
-115
-64
-43
19
-26
-322
-10
-113
-7
-95
107
95
-17
-107
-178
108
131
135
-118
174
109
86
143
-79
-154
21
-3
181
-6
240
-232
-180
164
74
-47
90
177
277
-123
-184
205
-58
-176
-32
65
-31
51
-27
-140
109
85
101
-104
-13
-166
168
-190
-3
-421
-170
-265
-62
211
-130
185
226
-144
-91
113
-28
-144
77
-104
-123
-69
-14
149
-36
-13
-124
18
53
-52
158
39
-144
-26
387
157
-216
-126
-118
-178
-203
-30
-133
61
-267
-102
67
-74
28
-225
-11
-93
141
210
76
229
233
-131
-67
285
-166
-85
49
30
-350
46
59
-207
15
-8
68
183
-194
-57
129
-103
22
-38
-17
97
37
-74
-147
-120
184
-74
-331
-114
-173
-89
55
-105
136
98
-39
190
-80
-80
1
41
-46
213
38
-57
-244
47
126
87
-150
71
52
106
-45
-193
-258
230
-113
6
-165
-96
-30
276
-46
-95
-93
-238
61
15
-30
10
6
-160
144
-246
3
-53
61
-143
-215
-79
-154
58
-165
-67
81
207
208
-134
64
46
71
-92
-113
55
-45
15
113
-212
-248
75
-14
71
116
-22
-125
57
-283
-31
-47
-170
-3
-53
133
-71
-36
0
-67
254
32
-120
-246
157
65
88
-90
263
-93
-66
92
-351
-12
-71
27
418
94
63
-17
216
-67
116
-25
74
-39
-120
60
-100
262
64
111
-190
97
-57
-96
109
194
-129
-231
96
-257
-121
-27
36
-70
-107
225
152
177
116
39
-107
-127
244
-119
30
-71
118
50
133
-90
136
-109
91
-49
297
-214
-31
134
-258
175
22
141
179
-60
-66
384
220
-90
188
98
107
69
94
290
-25
-246
-270
95
23
101
179
-6
124
-217
-161
-69
-115
58
-66
135
41
168
249
228
41
-62
62
42
93
-97
45
-166
-140
-15
91
297
-137
147
101
-162
-131
262
169
53
-95
191
-138
-161
-72
209
56
85
157
-28
82
-24
-82
18
-34
-78
-78
16
-85
-35
-37
15
-79
-14
340
199
-169
-107
-109
8
73
-63
-273
67
159
155
153
111
88
-93
-236
-14
197
127
-190
-223
-262
-204
75
235
90
-253
38
-6
24
43
-127
18
129
-397
-115
112
-2
-27
32
-48
-328
-166
59
93
68
-108
165
67
53
23
-64
-7
-140
-190
-12
295
70
-7
71
35
-37
12
91
126
-256
-79
139
3
-15
175
265
-15
-140
-73
-180
86
-26
138
140
-55
-188
-168
52
-156
-32
449
111
-24
69
156
11
38
120
6
72
-8
-388
-157
-118
-169
-124
-78
-96
70
90
-172
180
-62
-107
70
-111
76
131
-8
197
38
-11
-75
7
94
-140
105
95
-170
91
162
229
-5
199
230
-108
-208
55
-258
-97
-315
11
103
-100
195
153
93
-318
88
-150
-122
361
-58
-18
183
-78
41
-79
1
-263
65
-89
-101
25
122
260
176
-130
158
-233
-161
82
64
62
-118
122
183
43
40
38
32
-121
-94
-180
111
97
-117
-20
-82
-9
-242
-134
24
111
269
-255
-191
-94
147
208
166
15
35
114
-61
-207
241
-129
39
126
-66
132
0
134
133
181
-33
141
20
0
185
187
-81
47
-100
56
169
-104
-25
168
-11
-213
39
-10
-101
60
-20
29
131
84
-121
33
-140
-121
-87
-183
-111
-121
86
-34
89
-38
-198
-204
20
217
-108
137
5
18
255
-108
-4
-197
372
-66
-159
169
169
15
184
-63
71
-11
-86
-167
132
-184
156
17
252
115
239
43
197
129
-30
1
-54
-28
-6
229
-80
28
378
-56
232
279
6
117
-48
16
-105
-302
112
78
-26
-146
-249
70
282
-145
-72
-2
-11
77
-93
-69
-132
164
21
62
-178
217
-136
-7
-98
363
109
-197
-6
106
-1
-63
-183
-156
-225
46
60
-6
-65
217
130
-176
26
-275
-98
137
-87
-201
-178
136
-94
-29
-66
128
-131
59
41
-64
-129
60
-209
41
70
61
-88
-86
-137
-174
118
238
42
19
83
180
212
-33
76
-26
-34
85
75
-240
-378
-72
-143
-250
26
97
-174
65
-171
-49
12
109
-111
-39
31
18
-35
-8
-88
-132
240
-106
-165
-44
33
-224
22
55
-262
-251
162
-228
-55
12
-309
43
29
-101
11
0
129
-209
103
-304
214
66
46
229
-168
-7
125
131
-54
7
127
-79
-182
-10
-197
-8
91
-6
100
-231
172
120
-25
-412
-163
106
100
-107
86
-75
-34
12
-130
-171
99
99
-142
-30
153
28
-65
-130
91
234
77
14
106
63
52
-1
83
70
105
149
-25
271
-111
-83
-15
12
-73
52
-70
-80
-31
-30
94
-17
-31
142
-7
-127
-103
-200
-81
-30
102
142
154
71
-127
152
-165
-20
29
189
-56
-65
240
-14
-40
109
100
76
23
-194
-106
-113
248
-152
-72
-96
-179
-42
84
20
291
-4
-140
231
107
75
-189
-91
-125
-103
129
-131
-64
124
-98
114
-22
-198
-141
-20
99
81
150
7
27
56
18
-50
-147
-45
-103
365
-165
171
34
-81
-322
104
-389
-5
-17
135
-90
32
60
-11
0
-129
-111
116
-299
-38
51
-84
73
61
-41
-312
-14
206
-148
242
173
-50
-251
311
-343
85
166
34
4
19
-316
-10
-36
-46
-130
-156
60
-203
137
65
-353
-20
-273
-59
112
94
-67
-37
382
13
25
-335
89
6
-52
-221
171
141
60
27
60
200
-262
-97
239
-196
-13
203
2
31
19
180
125
21
264
148
-79
44
194
113
56
246
221
380
179
75
117
-94
56
106
-81
-295
-6
29
-204
-2
-218
-44
53
2
-156
246
-83
34
40
-110
-20
-11
229
225
79
-134
-37
-110
200
-111
89
-216
50
62
-213
97
51
-90
-226
-171
-4
-44
92
-138
50
76
91
-34
-52
-111
-122
128
-241
27
12
158
186
-42
111
-182
-163
-23
-164
22
-354
123
-23
80
-101
-65
-114
56
188
-51
-260
134
56
251
-89
121
74
48
38
210
220
116
-49
-169
-231
-42
-86
147
-78
24
94
-87
-252
11
130
109
154
-295
198
-138
-17
77
-257
46
-48
235
66
-109
156
228
-68
29
202
150
-23
-337
91
276
130
2
-141
-227
23
-167
-179
-20
-195
-244
160
-32
-51
138
23
-24
-257
-82
49
107
107
113
30
-120
-59
10
10
16
-36
-99
-171
-222
-2
214
95
156
168
-99
96
16
196
-186
-107
-30
63
-170
-36
83
82
11
-11
-43
-219
-142
175
97
-32
-10
93
24
-60
53
-97
370
-169
-94
-163
153
115
101
-30
-4
104
-314
93
55
37
198
114
-225
-27
19
190
100
95
87
30
-20
62
-177
78
-51
104
121
-264
-56
-70
-16
-79
-30
-11
39
-3
-270
-69
144
128
76
-33
58
-189
129
241
196
339
-111
-7
177
-4
-36
-171
-145
120
155
135
180
54
-380
55
41
247
-19
25
252
-72
-231
350
80
70
-92
-110
-80
61
71
177
-46
-57
65
56
-29
35
45
62
134
55
263
-16
86
-174
-153
-38
-12
117
69
-49
-18
-98
-310
4
72
-6
-92
139
8
-102
-325
93
138
14
96
117
-189
144
-74
-104
-156
-9
-177
-257
77
-200
172
109
-156
-135
-47
-33
-54
195
-145
-138
36
-159
-47
-190
-83
174
-65
143
51
-102
125
25
21
-76
161
9
-132
-285
-256
53
61
-231
45
-94
102
-97
217
16
-67
211
-105
150
-80
186
7
23
65
84
-126
67
-57
180
12
-33
-79
23
76
-3
-30
-40
-75
48
95
199
290
-309
70
-139
-145
-119
-132
141
-80
89
66
-77
34
-90
51
216
63
-51
-12
-58
-28
273
-282
-176
33
-63
212
276
78
35
120
-15
-52
-67
-98
53
6
47
355
-73
72
-1
4
30
139
68
169
-145
123
-43
-194
204
49
159
-130
121
56
244
-280
102
96
149
-109
-120
-82
68
176
-40
-312
129
48
-136
-245
184
-16
-230
15
-82
-30
161
-220
81
-99
-105
-19
-26
100
-144
-70
196
-87
-29
145
125
-66
-46
116
62
-217
46
38
47
98
111
25
25
-73
-49
-72
-216
-74
286
127
79
51
225
180
146
122
-29
234
-11
56
-208
100
-58
-140
89
3
-55
81
403
173
-59
204
71
-222
-29
59
-10
155
55
-124
87
67
0
-25
2
-73
-18
-176
-71
17
13
-57
36
2
106
157
279
46
-78
-131
152
-230
24
121
-143
7
142
-71
-123
153
85
-271
252
-95
-266
-330
-70
137
56
1
103
-128
78
-208
-14
28
-91
100
93
-179
-74
-75
-146
153
-26
30
43
-84
-43
-30
98
-182
-63
104
124
-259
-150
2
-163
-135
-78
101
94
35
187
-110
-263
-117
196
97
210
94
-59
-4
243
111
-171
-14
-8
-173
46
-347
16
-6
223
-195
5
-134
182
-60
22
-19
-143
20
-180
85
-79
75
-49
-116
2
30
-90
-143
-138
-195
-57
-40
0
21
377
-1
67
66
177
-120
186
88
-107
-113
-4
-194
-169
-122
-32
70
229
-77
-113
56
-125
48
190
-211
97
72
-7
-177
189
248
-53
-113
-11
-41
-223
203
140
-12
219
15
218
-226
38
157
219
-24
-27
125
235
33
66
10
-48
61
-24
100
-54
-272
63
-15
37
53
-9
21
120
20
-285
-155
-56
125
-117
96
23
164
18
-194
-9
-208
-19
-146
47
195
-10
-93
-33
61
-105
-143
203
196
-169
-164
305
-56
-92
9
-204
-142
-34
-4
-143
-129
54
-92
186
-152
420
50
16
-2
-111
17
226
-83
303
13
-90
-204
-320
-141
-140
-23
0
31
-200
-12
3
37
52
115
-20
-136
76
32
-359
202
-95
94
-130
210
-54
-2
-58
30
-131
160
79
-172
157
21
13
-104
125
29
34
-35
-69
146
-45
73
-2
259
233
-211
251
7
-19
41
-201
165
-28
128
-94
89
-179
-287
-211
6
143
285
212
1
-141
45
162
85
12
124
-87
119
-56
145
64
-136
19
-19
1
-9
42
68
106
-264
156
209
133
-7
7
-139
-22
53
-15
-65
65
309
-225
-92
96
-189
-11
-66
5
72
94
97
153
157
83
-4
8
-84
-64
-68
162
-52
32
-149
-14
130
-21
63
311
-351
220
107
39
42
-183
12
10
115
33
14
-141
-93
-7
-190
45
-57
-66
-99
299
-139
-167
17
-97
-197
137
176
-246
-188
-118
-384
-102
-89
-263
-45
90
76
195
53
-20
-65
-108
44
215
36
-85
-71
78
47
-229
174
-90
-62
109
47
-222
-113
-96
-141
-49
-316
85
166
-141
-234
185
-36
108
-185
-225
196
108
53
33
-19
-51
-135
213
215
-1
109
-15
-19
33
-21
-33
197
108
167
111
77
-122
178
105
-79
210
49
-6
-7
-21
-172
23
15
-39
154
-34
-26
71
4
-141
-159
35
134
-93
122
-206
-81
56
-8
-188
86
-48
-103
170
130
102
156
78
-8
-70
-145
-328
32
-78
-111
-403
-317
157
89
3
71
35
-222
186
-9
-149
124
34
101
2
-86
-194
-22
61
220
130
-77
37
74
217
66
14
-117
-71
74
-75
-81
-36
-235
70
73
123
186
-226
-97
332
128
23
-54
153
31
-224
-118
254
-129
88
-29
-99
244
-211
196
-261
-123
-230
58
90
66
87
107
-30
-89
97
191
94
16
130
-36
-204
-8
52
8
259
-118
-35
173
219
320
277
-72
102
188
-141
149
-8
61
-22
-59
-152
-41
170
-85
317
-4
64
297
-150
-54
-30
163
-58
-3
1
-161
-179
-36
52
-70
-175
84
-251
38
-170
46
-30
-16
143
222
-14
-317
104
240
273
229
-72
-101
-73
154
64
119
-201
-64
-122
117
93
-56
-93
-32
36
-114
-93
293
-382
-299
61
18
64
154
-141
89
42
83
262
2
-31
-115
-16
-156
-17
-60
145
-84
34
-64
-95
-118
-160
199
-3
125
-228
-260
41
37
39
-187
-88
-166
-1
7
-235
241
9
136
-68
267
-114
71
62
299
225
-244
267
52
157
59
-1
142
171
39
-49
73
34
62
-58
-83
131
-160
-20
-19
-6
-38
69
51
-22
88
31
-49
-12
-7
28
-234
128
99
-40
226
-249
60
-122
-8
-4
180
0
-4
-21
47
102
-36
-44
9
47
-35
-170
-35
-66
-304
-153
321
31
-104
84
25
-92
75
78
-29
171
79
-8
-64
154
-75
276
-140
251
108
-46
6
-106
-73
-147
-36
-85
26
-160
59
-12
-113
20
-137
-89
-110
34
-48
-67
47
-310
210
-60
-42
-195
-157
118
21
158
59
-78
-59
-99
127
-187
-87
56
136
102
276
-22
31
-95
-158
-44
16
-41
-22
-109
-55
-108
165
-45
-27
-33
-49
72
-195
203
56
68
-98
187
-12
17
203
-31
-106
114
-54
352
49
-35
0
13
74
3
100
-159
-191
150
78
80
-115
-310
-159
-207
-236
-68
-324
-237
-282
80
-117
-68
9
-28
-36
71
245
43
243
153
-146
-90
-91
-319
-56
-52
-190
-240
17
-44
36
-148
-42
91
-404
43
-184
40
258
-205
3
136
-10
-145
-123
159
112
-70
-116
-6
121
-7
32
-154
142
-201
-109
214
-279
13
14
-42
-157
305
182
106
207
62
135
116
56
-126
3
-13
-150
66
-99
126
-126
-251
-34
42
-80
18
215
-288
220
-153
-26
330
-22
-142
-13
-338
-100
228
-135
-227
-81
158
202
222
110
43
-38
-102
-1
-238
26
-67
-104
-206
124
17
41
0
-40
125
124
-131
94
-107
44
146
307
-57
36
82
-211
20
149
189
-49
-62
72
-143
10
-84
17
112
-74
-71
-97
72
-10
-1
27
199
-38
363
120
-38
-19
186
214
-41
52
-2
65
-282
-97
152
-498
194
-97
65
70
-78
174
270
-83
-36
-142
100
181
151
9
-81
-471
190
-12
110
93
14
-27
162
-201
-112
0
26
139
21
351
82
41
97
-75
-52
0
51
-152
-218
253
-22
189
-62
23
-129
-109
225
-161
142
56
-134
-61
261
-24
238
221
-8
-53
185
-264
45
22
44
6
-142
1
-151
54
-140
102
55
-50
429
4
111
-53
-12
17
-32
-17
-156
122
-121
265
52
19
132
-250
255
174
-354
59
-70
-105
-47
-38
116
-70
149
2
39
-7
-18
48
-25
-53
-25
39
30
211
-129
45
128
25
-145
-31
-109
-2
-92
228
-16
42
22
-100
278
-84
32
-74
-126
-92
92
-174
-141
-73
-48
55
3
-156
-247
-85
293
-253
11
-46
83
-80
384
104
-12
57
-70
-33
15
73
280
-29
109
-11
78
309
-21
10
117
-49
-332
43
-76
56
125
-226
163
127
184
-88
-74
-104
72
-265
255
18
229
70
78
-114
89
50
206
266
12
-95
87
7
-35
-122
15
-141
-15
-147
-45
123
66
171
29
-141
6
-78
-42
-60
144
9
93
100
-106
185
-11
-109
-8
97
-13
-44
217
304
33
-25
97
97
-77
6
-175
-242
-30
-56
-70
244
143
68
-54
5
-161
117
-4
29
-72
-34
48
0
-22
10
133
59
-10
-334
67
-63
29
-101
-39
-30
344
-251
8
-426
5
105
-11
99
168
160
-157
260
259
-33
189
186
105
-23
7
70
129
-110
75
171
-155
-21
-109
-146
-314
-1
33
246
129
77
-156
-31
-103
-128
128
-214
-299
-27
232
-349
-6
-79
222
259
-49
61
-15
-36
-20
-125
-28
-77
-218
53
194
238
33
-194
108
-201
-219
56
-105
41
146
183
-81
157
-16
31
369
-246
37
-174
242
315
42
86
264
-189
69
71
-15
281
-3
-286
-150
-162
-172
-181
34
-99
59
271
-83
57
-48
59
79
76
-291
-56
-11
-30
218
286
117
21
-118
-213
95
-1
34
-151
7
-65
-92
21
-53
-32
2
-13
276
-77
-11
130
210
150
167
-422
158
-69
-41
209
104
86
165
-12
124
-33
-1
-53
-254
-88
-64
-87
-97
-34
-302
308
-93
-48
100
230
-47
-353
160
28
153
223
126
166
6
89
158
-38
7
-6
-26
58
0
-118
28
262
128
91
-204
-58
109
-202
297
-12
80
-21
-91
-87
0
-84
-76
-4
-373
159
26
-40
-72
-46
-24
-225
-75
-56
3
-229
97
66
-135
7
-72
-62
-66
223
18
159
-59
20
84
-79
-155
44
-157
126
87
-19
-68
-91
73
-114
57
40
-69
-22
348
78
-2
1
111
437
133
23
45
185
14
77
-323
105
34
270
-64
-90
-286
87
-159
-53
211
86
-274
72
255
115
117
-32
354
22
23
115
-19
292
-241
135
-51
-39
-229
-136
-164
-24
-108
-87
193
145
180
60
-248
-87
-37
-384
122
-84
-139
-19
-57
-157
-11
71
141
73
134
-240
66
1
69
62
-108
-147
-18
59
-247
217
22
-157
-113
18
-78
50
94
26
124
44
309
61
-7
-44
37
-95
20
-25
-144
-31
179
-57
226
212
-73
-229
113
238
-297
52
-232
-213
-13
-55
-5
-227
50
138
155
114
-36
-97
129
-45
173
-208
43
157
324
-35
-51
-33
-3
-112
21
-111
-189
281
-29
-204
-119
124
-96
-33
-46
-210
158
110
-88
28
90
27
19
-60
89
-112
50
161
-3
4
-20
-155
121
32
-6
-222
-185
-206
-367
61
-301
189
-276
8
-6
199
94
219
96
-169
109
-16
128
87
-46
147
59
176
-108
43
-62
118
-151
309
324
54
-189
124
34
-158
93
132
115
80
-98
169
57
-257
21
234
-48
-58
207
-205
-5
-343
-131
26
156
-115
24
-134
253
-86
-152
68
175
2
-18
302
-67
15
155
12
-90
132
-103
-104
396
60
25
-42
-229
116
322
-167
-8
-51
58
-8
115
69
-153
-15
34
-44
-57
62
-230
-57
207
-367
238
-135
-66
-338
-69
25
-274
8
38
-30
-26
128
19
109
42
-30
-228
-136
137
180
201
-6
70
165
224
-193
54
153
-381
58
106
-12
-95
-46
-50
-120
-117
148
19
-78
-271
590
-77
-1
37
-152
26
2
37
113
-258
16
-29
31
-52
-107
53
104
-86
-275
-16
141
-122
186
275
233
-145
-77
-216
13
40
127
119
-153
123
34
-308
-63
28
110
57
-244
178
-18
-147
-38
73
-30
-262
-91
-9
-3
-95
171
129
137
284
-245
-150
176
-54
-22
270
329
208
274
59
-66
-85
59
-193
223
-212
-70
-146
-82
91
179
295
13
105
231
3
79
-93
-86
17
88
-16
-213
379
200
281
201
195
87
-36
-154
-360
-6
-8
-66
50
24
277
71
99
-139
-279
138
-297
-151
239
354
-103
-31
-62
171
33
43
82
73
21
106
51
-161
-35
-157
15
35
56
248
204
83
81
-1
168
100
-6
73
175
-91
6
114
88
-107
182
-99
12
207
36
104
18
33
-283
-9
310
-146
54
1
-208
87
-112
111
165
-8
173
177
-170
-148
98
47
99
-90
-365
-46
57
-99
3
185
-145
78
-34
-76
37
128
-159
22
139
-20
-109
174
-195
-127
-205
-73
-76
36
129
-12
-13
-32
-29
173
-74
-195
71
40
15
-295
39
-79
287
-35
300
173
-92
-51
172
38
141
29
-22
312
83
180
-36
-162
-160
-10
57
12
-30
127
149
129
21
130
212
-115
-95
-2
-325
-152
47
125
70
61
21
-40
136
29
-31
-66
151
137
52
-69
40
240
-143
11
-41
-269
-39
-95
-64
-16
-59
149
-366
102
-61
-38
17
-28
-140
-165
-158
-113
-256
-227
150
16
57
14
-90
-40
88
-221
-13
1
297
188
107
48
11
-79
106
-282
-90
158
-1
-80
252
97
38
-340
-27
-102
93
190
-270
273
-47
-10
23
11
-366
250
11
120
111
-44
-130
-64
189
196
63
-200
321
-79
-150
221
-250
77
-78
10
23
59
142
9
-198
229
-31
18
-13
-50
14
257
-15
80
330
122
63
7
11
242
-73
195
-117
-322
118
-10
-48
141
-46
-120
-141
-131
-247
249
36
148
63
-43
39
252
116
-92
-265
280
21
46
86
-34
73
-72
-12
38
95
12
-354
6
53
14
74
91
-145
-257
111
-171
70
32
107
63
189
-91
111
29
-56
215
254
-21
-173
98
-10
-137
-86
-67
-84
20
88
-198
-94
12
50
-256
197
-77
-184
-25
-102
-172
118
-21
22
-96
-182
-115
-114
-191
-303
71
118
105
231
78
40
-22
87
201
36
-92
-106
201
81
150
-82
237
-66
-119
152
6
-51
-94
-56
-108
-129
51
-175
171
-179
335
51
6
-307
-42
-23
2
76
220
-196
-163
95
77
151
-180
231
-160
176
185
-35
115
28
-143
-299
7
-6
-25
219
168
50
25
291
-405
-87
-119
142
173
-62
196
-188
-154
-167
-91
101
1
154
-262
22
-123
75
103
-266
12
57
-42
174
-93
-166
221
-182
157
108
-55
-99
162
-14
157
23
-95
203
-59
-20
-204
34
192
23
-60
-118
10
-282
9
-149
343
206
262
9
-226
-84
-118
-255
-114
105
-49
197
-40
-188
-28
-3
-12
82
-98
175
49
-152
-43
248
-352
53
-117
55
163
86
81
-2
-274
121
0
196
250
49
-197
12
3
-116
-122
14
-180
-105
12
274
-113
169
108
12
43
-78
-53
22
395
26
-421
60
294
-5
-189
-3
132
-340
88
-63
56
151
-22
182
-210
73
-177
90
20
164
-41
-184
39
-186
127
133
68
272
118
-43
153
-187
-60
10
31
146
154
-50
152
-143
189
127
54
-34
291
-194
21
-14
-148
-251
161
131
-46
-55
41
-90
-141
7
126
60
109
1
-113
-137
98
-17
187
135
-59
10
127
-182
-229
51
174
21
-145
-223
-34
8
-103
-292
-277
95
-27
358
-57
-80
-152
-141
160
-74
151
82
145
-76
-122
250
-189
52
-184
-233
-175
-289
138
-73
-82
-59
-118
-5
129
-157
104
21
-93
-12
2
51
59
177
185
451
-106
-229
65
-258
-36
141
-2
90
120
-48
-152
-169
-23
-333
149
-206
198
102
117
86
-42
-64
10
278
-224
87
112
-192
27
-29
-191
4
-208
274
-90
-156
-105
-58
-78
-42
-86
-118
-15
-106
-32
60
-160
132
-112
-88
-266
-178
249
-6
-202
-225
9
-33
15
-131
-9
-78
-196
265
-36
-36
-221
-24
-106
-9
49
-3
140
84
-122
-65
-70
132
-108
20
16
74
72
-31
74
277
-77
-343
16
-352
-48
-31
-39
-9
-63
54
-145
-430
-233
-100
166
30
-232
-39
-207
5
-79
-2
-237
100
123
-110
-62
126
82
-30
-23
-177
-82
-35
-13
205
49
-36
-38
-51
163
173
-57
16
79
-51
-95
56
-67
123
-27
-78
4
-51
304
34
53
36
54
163
-40
89
-3
27
130
115
-57
-289
20
-185
-129
-80
41
-68
-134
190
70
-235
141
-182
-133
-127
149
-256
-122
81
-129
-235
-49
1
77
-79
261
-70
-57
71
-6
180
-43
-55
20
-12
185
-94
221
-108
135
-24
-46
-44
380
37
80
56
-50
275
29
1
64
105
-286
-8
-83
-74
176
-7
109
299
-91
56
-41
14
122
-102
40
2
-63
37
311
62
-61
228
245
-24
41
2
-49
17
114
125
160
108
-91
-78
91
57
11
-47
-209
-119
102
6
-111
6
114
-161
-180
106
-276
72
-84
207
-162
11
440
-103
-90
-139
198
148
-16
80
-167
-125
6
36
-261
219
224
94
108
-88
-220
-63
-72
40
385
24
-43
-137
-155
-247
-94
4
-165
-330
218
86
73
-23
15
-167
106
-148
-53
-15
-16
-44
-243
-101
28
21
-76
18
-52
-4
36
-70
-241
47
88
111
-259
148
210
-240
-249
-233
-113
88
-404
223
183
82
35
155
-41
-207
196
9
-220
-62
-133
59
-153
-196
84
56
45
-162
24
131
78
-18
-66
85
-120
-173
-41
-8
248
-118
-28
-66
-37
60
-152
-75
-232
-121
143
155
-112
287
-251
299
-191
198
-81
-27
-131
-13
-209
-139
-161
-99
378
-14
-36
69
82
-179
15
3
158
-34
2
-54
154
7
191
-147
-81
12
28
71
-125
-140
-141
13
164
-39
-106
41
20
-140
-188
-95
-85
224
39
-16
-98
-8
7
147
2
-83
85
-147
43
-116
-84
25
-109
-22
-79
-29
-118
340
66
148
-67
-2
1
-35
73
10
-205
-125
91
41
102
137
-9
-157
-37
234
169
-20
83
-405
-97
-131
-199
-275
-253
-29
-199
48
5
137
59
-120
170
-183
46
121
-328
-27
-126
52
-54
-211
-125
-224
-80
97
-29
147
97
73
219
-268
10
244
400
-78
-302
-67
189
-308
199
-84
10
-52
110
-244
-39
36
-137
-69
-132
65
-125
73
47
-18
81
-46
54
39
-109
-146
-44
162
54
31
180
28
-64
52
-205
-204
409
-51
141
44
-73
73
39
37
16
123
38
-82
33
58
6
127
17
-75
-167
2
2
-20
7
-208
243
-72
165
-173
196
-125
38
-174
-89
-395
7
98
-108
82
287
263
83
6
33
-55
-110
44
97
-58
-37
-86
160
-203
178
121
290
89
-91
50
-2
126
-150
-18
-189
27
-185
-4
-177
25
252
-227
-122
1
-17
-301
-284
3
243
-157
-194
160
-152
37
-44
15
-167
-216
-408
217
-24
-5
-57
-86
103
-157
6
-25
-65
-193
160
-182
39
-237
-132
75
277
-267
0
182
-45
254
-264
110
-33
-159
163
112
76
-18
70
102
-182
-105
219
116
-57
6
118
195
-186
-155
81
-173
204
118
56
43
123
190
3
35
186
1
-77
-79
116
-183
-110
104
-293
-140
-277
-76
-86
-137
304
197
243
351
128
-65
-247
-41
5
272
25
-29
-156
-320
101
38
-248
232
-333
-134
-86
-165
280
12
137
-146
-120
9
186
-97
-53
61
11
106
58
305
-166
138
-309
44
-333
-11
12
81
174
295
-109
-29
-69
127
25
311
-142
-87
154
32
-56
-1
-29
151
-127
157
24
-102
-127
186
-81
-10
167
305
-12
-3
-96
229
205
-127
225
-28
8
89
109
16
-93
56
-76
152
-140
-314
243
-29
-11
-160
174
-108
176
-58
217
-169
168
-68
-146
165
-206
-149
92
-48
45
193
68
95
-110
257
-209
75
6
170
343
199
-55
-128
-84
150
-1
111
154
-4
-133
-111
-175
-144
241
47
-22
-187
393
-244
-168
80
19
-198
-202
-53
149
-101
-206
-77
163
-172
181
253
35
-99
61
-77
78
-107
-264
142
-69
-247
81
-68
120
-358
-82
88
-5
72
-19
-105
-62
-94
-93
83
41
-127
100
-170
71
-183
43
207
-122
149
-179
-279
102
-43
-168
264
-87
102
61
-46
-150
106
15
-105
-333
98
-17
-36
-29
43
99
80
31
30
-139
-159
70
-40
225
101
193
282
89
210
90
9
-289
170
48
-146
-106
46
47
188
127
32
15
230
115
283
68
118
5
-33
123
18
3
-77
-165
-112
147
-63
-272
-9
-79
-115
51
210
-170
37
138
-32
69
-188
47
211
439
-116
173
132
183
133
-212
-26
-111
-209
-427
-33
-42
127
140
-168
-125
-345
35
-237
36
44
158
116
167
79
-20
247
58
-49
-93
90
-85
-129
-197
-179
-121
-5
-286
-85
36
234
213
217
71
-1
-4
332
-74
-205
-58
111
-21
-124
141
-41
-30
-73
248
-1
-213
-186
318
53
-52
79
138
-4
98
-94
-88
-61
117
-85
104
54
94
202
138
101
103
139
159
10
186
32
-237
-106
-76
-4
-148
240
-103
241
402
118
35
175
158
51
54
-80
-184
-149
19
218
-59
-77
52
14
198
10
-191
25
-106
-94
-137
-155
-114
-31
-206
115
-86
163
-83
-2
-31
-36
236
112
-191
57
12
-60
-248
-238
112
172
226
60
-105
-61
-117
165
134
101
-115
38
-105
75
-26
174
69
-49
17
168
81
165
313
-75
71
-101
-117
34
280
131
212
13
-42
45
-362
38
58
-127
50
170
-73
-234
-61
45
180
-73
10
-330
-107
81
-59
-1
-160
-108
-21
150
-49
-83
-129
-81
-6
56
49
152
-399
0
315
-2
-15
185
-111
-23
164
4
-121
-117
4
-235
91
32
18
-96
4
66
114
-34
-36
354
-150
-120
-217
87
20
137
169
184
-194
25
137
-43
-32
356
-234
-28
-72
98
-56
228
180
-127
-160
254
-156
73
111
-197
-378
115
-12
-186
190
-343
273
111
-172
23
202
108
-124
77
195
3
4
172
269
106
66
-7
58
53
138
-115
250
63
-83
128
-148
-76
3
-141
-84
-30
165
241
167
31
55
10
242
-228
-106
-109
170
56
-4
-118
5
18
-79
-306
-18
-9
-328
54
92
81
-189
14
35
60
-232
47
-15
-155
309
-58
49
-100
-9
-133
106
-95
67
-299
217
-119
108
129
-150
-30
-44
-10
175
283
5
52
-37
-63
58
49
-80
24
24
-50
-192
-12
24
-38
-70
311
193
150
-72
5
118
-85
238
-95
173
-167
136
-111
-210
-165
66
31
88
227
-49
139
-107
-16
-59
28
18
-129
32
29
154
-69
5
-198
-340
71
-118
-288
-12
-130
-200
-143
159
-62
222
184
-45
25
-160
-8
509
-40
227
-27
90
-16
47
-153
-60
-69
123
24
281
-71
136
-45
290
-63
-157
-96
53
173
204
-25
107
-154
88
-123
-41
16
-13
93
-39
-146
106
86
47
109
-118
-95
80
0
33
35
-229
121
54
21
-92
87
189
-392
-100
-220
-180
-90
84
113
43
134
118
-53
39
144
140
51
-57
-180
-25
177
36
-26
-11
14
-3
-364
197
111
251
0
105
83
-19
77
21
2
75
0
-103
-209
146
-39
-248
-48
146
-71
-47
-44
-203
-20
211
217
-142
112
123
177
201
220
-3
-64
77
9
68
33
-9
153
26
15
102
-12
-59
92
-13
-63
-46
174
-62
132
75
173
20
-5
127
-20
-84
-150
-222
131
-121
-291
-36
-60
-42
192
-127
12
-64
-190
-64
-65
1
-319
130
70
-84
131
-144
221
-117
233
-174
181
122
-67
178
-94
-70
16
-251
-275
-149
115
-294
173
-237
-274
185
266
171
172
-45
-155
-96
78
-46
-54
162
-218
188
-2
80
32
-203
324
-76
56
-11
-266
-209
-184
-326
294
210
-130
182
18
26
46
73
211
-3
133
-49
-148
-108
125
-335
-47
184
-171
-23
190
-165
-32
86
10
109
90
71
-72
201
-203
275
-34
22
-78
38
106
-73
133
-198
93
266
305
-7
151
-68
-17
135
146
-62
-53
-251
-38
256
121
55
-27
-97
-39
-33
-250
-168
55
-164
168
485
-325
-24
47
138
-185
-35
-36
-187
165
-117
-32
77
271
95
-26
33
-22
-139
-93
87
-226
-77
-122
-69
44
-398
5
26
261
85
-215
-63
131
-88
-102
-17
134
-205
106
92
143
81
36
-214
-115
28
108
-104
-36
150
328
69
32
125
-243
-11
-69
-232
225
182
47
155
-249
-19
34
-69
-319
-174
-283
-39
197
-141
402
170
164
-129
-4
132
-93
69
-163
60
-104
213
-6
-16
89
-180
-24
172
134
-14
171
76
33
-53
-300
213
68
119
12
114
54
0
-108
77
44
-155
271
27
221
-187
-139
60
-3
-283
-99
-103
-114
94
5
-179
125
155
123
-61
-182
-3
-20
113
-151
-105
101
41
48
-65
-67
206
93
-89
-92
153
-89
-94
-198
35
169
-184
-127
16
208
30
119
-120
242
-71
270
-66
-57
-8
-188
19
72
128
83
-115
29
2
-274
14
-109
44
121
-87
11
125
-157
60
-174
25
90
36
316
-74
-170
-259
51
-195
-27
-318
48
-161
-199
-75
-57
-94
85
14
134
-52
-22
-17
206
6
-22
-188
144
65
-99
209
235
53
63
-238
225
144
19
-260
198
-41
-118
334
9
184
-49
197
-153
324
47
150
173
-365
-101
27
81
-134
-96
-46
-96
-24
-185
32
14
320
127
-224
-130
158
175
-147
84
136
2
16
39
174
-63
-131
339
-152
152
-92
-45
-39
12
-251
178
-189
58
53
-255
-218
178
195
85
49
-167
-58
108
60
98
216
-56
-136
-8
84
52
12
-133
288
-109
-8
103
139
35
-233
-140
24
135
199
102
213
-13
92
55
-29
93
-33
227
37
40
-22
-232
-81
-171
-80
2
-66
-164
-195
-288
73
-65
87
-236
-86
368
122
-24
-200
11
-69
101
86
-149
-45
-35
-134
45
-64
120
-103
0
-295
-226
3
-255
175
-181
-23
19
116
145
47
-104
-162
-25
273
88
-184
89
107
-27
-109
-32
3
-372
-41
-34
-230
176
-10
156
161
19
-300
246
-70
-48
140
232
-54
-139
-52
-98
-110
-114
0
71
-54
13
-20
-162
182
-108
137
-83
-180
206
-96
-61
-144
-164
35
-157
39
-201
-214
-82
-286
-305
259
143
20
32
5
95
298
-60
-164
37
-297
0
-216
-231
-369
-92
-40
29
110
-50
65
-32
78
80
70
173
-359
-96
320
164
-167
-188
-241
80
-292
32
-275
-166
141
47
-18
283
161
178
-8
-12
27
-68
-156
53
-32
-54
-275
-14
-16
-142
-29
97
-134
45
-102
195
48
-130
132
-246
212
-213
224
34
164
-190
-154
62
-182
-297
111
-9
-145
264
152
-118
-99
-17
-103
71
191
-68
49
-59
6
-50
-112
-64
-123
64
-33
-24
-206
-184
-11
108
232
22
236
306
-156
-121
104
-172
-107
-29
11
134
269
-88
151
64
149
124
-333
-104
-25
-47
-200
1
124
-69
-57
-94
351
285
-68
35
-172
-134
39
140
-280
-83
-8
191
175
289
-399
-15
44
-97
131
42
-43
50
-2
23
227
46
176
-103
-122
48
175
60
151
358
-247
60
-95
-446
166
278
53
-78
-275
67
-133
-185
8
-34
-14
-107
-122
-37
-154
-129
235
62
172
134
162
159
-241
270
61
-191
203
95
-310
113
-7
59
192
-17
340
110
-44
120
-85
-49
-110
145
42
15
13
-36
-42
89
-63
-98
-46
168
-19
177
86
10
-12
-139
-165
-202
84
57
165
187
211
-58
-168
194
-29
177
-84
17
-245
-66
247
-251
-145
-115
-218
-162
216
4
-203
427
114
-89
205
147
-241
-51
-52
84
-170
-179
-52
28
63
261
271
78
319
131
-193
272
-113
95
163
128
-234
55
67
57
-1
-181
284
111
41
-128
-95
97
176
-89
-168
-107
118
77
-46
140
-57
26
-1
-75
125
265
-120
67
-31
107
54
-34
-78
-157
129
-108
81
-151
205
-71
-229
-178
-302
-131
-70
-196
19
184
232
66
3
4
-61
269
-163
180
104
-320
-141
19
-23
163
240
327
-10
295
121
174
31
179
-254
144
-46
148
62
44
-62
-138
-199
100
-14
144
7
-211
19
211
-108
194
228
-90
46
128
-178
99
37
1
181
-15
-250
-289
-58
61
11
98
96
-6
-245
145
-38
63
-202
250
-155
57
164
132
28
-134
24
142
116
-115
-21
85
23
89
162
26
-371
-4
39
-154
-206
321
91
-164
73
2
-155
-7
-174
-2
-60
111
-55
182
-171
-48
76
-35
-29
-65
-41
-167
91
-39
45
150
-78
-195
