46 70 841
0 23
0 33
0 35
1 37
2 33
3 21
4 25
6 2
6 9
6 11
6 24
6 34
7 9
7 35
8 36
8 42
10 44
11 4
11 14
11 35
12 23
16 1
16 25
16 31
17 2
18 34
18 38
18 39
19 11
19 35
20 5
20 6
21 25
22 37
22 39
23 41
24 36
24 44
25 9
26 14
27 28
27 30
27 34
31 37
31 45
32 3
33 4
33 34
34 24
35 20
37 4
37 16
38 1
38 20
38 23
39 24
39 34
39 40
39 44
40 0
40 1
40 27
40 42
42 23
42 41
43 11
43 20
43 25
45 16
45 17
8
0
2
17
66
19
69
31
38
6
21
20
32
12
18
58
34
4
36
25
30
59
24
23
33
14
48
52
42
60
45
57
55
43
50
28
65
44
27
68
41
67
11
7
62
29
47
49
9
26
40
64
39
10
35
16
13
1
61
15
37
3
22
51
5
46
63
53
56
54
515
91
1575
-135
-225
-1262
-802
-485
-255
420
-371
1218
1846
188
-560
-244
-269
-576
-348
-1045
574
-373
-125
276
-682
509
1151
-419
-974
1821
-108
410
-1247
-557
-73
469
768
-423
592
261
-1698
-528
84
306
796
74
-210
-177
-610
467
759
-280
-429
363
-527
-80
1045
-1244
309
-683
20
-1066
1139
-950
-673
-80
279
702
219
-146
296
524
-463
163
365
-466
475
-1597
466
688
1008
-300
546
-250
-526
1612
319
203
-297
-621
-597
-521
-527
130
-408
-1
545
-1412
-1292
-435
404
433
-1101
-485
1793
950
490
1176
491
1311
-1743
56
-1120
1436
-43
543
1260
-328
29
114
1414
531
-692
1323
-903
-2022
-1410
562
17
-751
-668
4
-637
1025
-1329
-1505
218
-1439
-311
624
-578
-762
795
909
71
198
-650
123
-335
-1345
1792
1154
729
-1310
733
-1001
461
884
795
-716
558
-466
-978
-231
1808
1156
-204
-615
1315
-765
1145
-823
-1397
727
-519
758
388
-774
-899
416
-790
-1370
1066
699
-659
272
-238
598
165
1247
784
404
-871
-708
615
-342
-586
-727
-85
-54
1585
-821
-725
-886
569
-172
-127
534
29
2012
-2007
967
-542
786
126
442
736
275
636
-165
163
325
490
546
-1387
1534
10
701
418
757
433
719
-1689
1552
465
1243
-1241
-268
243
-935
464
-1185
136
-1062
-367
797
-18
347
614
-248
1271
170
526
468
-703
-1545
1397
-1022
-782
-1287
-389
519
355
1022
-265
-594
-567
1353
-684
-611
334
-474
-462
217
-190
-1715
-496
-2037
-1130
900
93
-874
-95
-379
-702
479
-325
464
-249
439
649
153
678
-540
-51
223
-953
588
31
-296
-2559
310
-139
42
960
578
-173
220
-142
549
-1349
692
971
1006
717
1179
-1554
-713
-475
-1183
992
-220
-357
1691
-1221
-598
536
928
-786
-443
-1131
-176
-1551
-1173
1025
855
840
-614
386
-300
817
-673
319
-447
79
240
-1365
1870
249
610
202
26
-1352
565
-1868
1701
-351
1684
-792
-45
1007
1074
-452
-1166
-402
48
857
-1136
-525
-369
967
-903
-272
763
-918
-266
-871
1438
-1646
-592
-1131
-85
-1204
-1311
-226
402
1667
556
830
488
293
330
-1736
487
662
1504
-711
-100
-172
70
375
1068
1857
-2562
331
1126
-200
-293
1065
22
-592
700
-576
2011
-1464
659
507
-719
-475
-123
-396
-354
-397
917
565
768
1414
170
-865
723
461
-224
-182
895
323
1000
1984
144
-509
385
366
-386
-430
-738
2279
329
1417
262
1103
-11
905
43
-864
57
932
806
-745
-255
-1118
-660
814
-148
-835
-559
789
-1152
525
-25
-29
-1084
-398
252
1057
679
522
138
891
109
198
587
-384
271
654
-648
1974
-452
1039
362
928
1345
-560
1603
-2658
86
-1408
-975
1324
755
-783
417
-485
-179
975
-64
-203
-2511
1419
320
793
32
-1308
971
219
-674
701
-324
-101
826
-386
-230
336
333
-416
951
900
149
-544
-45
24
-1629
-247
-1576
-735
-883
-148
1072
167
578
-674
-432
43
1311
947
750
-650
-739
417
1156
659
-60
149
-42
1205
945
-435
-374
-1170
-185
6
631
-1146
-20
1320
1245
-680
724
1285
196
-181
-563
192
-65
-592
-332
136
653
-416
447
90
-108
-574
-510
339
811
41
-1264
185
-811
372
-65
592
-1196
-1046
142
166
325
-484
985
255
163
-197
-689
436
1374
-929
108
-1230
-581
819
1562
-1450
860
-1196
1157
1653
-1169
-136
293
707
330
506
1601
1557
206
-1069
535
-688
-285
-973
-534
41
-725
448
695
-20
126
-376
-271
696
-945
-45
1523
1451
746
-984
618
732
-590
-552
-741
-213
-146
721
1396
1098
-854
-222
-593
1072
418
-542
-38
-13
775
-112
361
196
202
-19
-875
342
849
-585
800
-582
665
-284
-950
-598
-1109
-1498
975
1014
441
-724
58
-213
-1087
-758
724
-6
14
647
2705
86
411
-409
-204
-678
-1153
-341
-1012
1281
-241
728
-264
886
-89
-975
-408
-527
742
-961
-2074
847
49
-1268
-319
1525
-789
637
2168
-348
-137
-362
-155
87
925
153
-128
1411
-18
-960
782
-651
-1704
-1011
782
-309
-279
396
-645
-515
144
-1538
592
-1168
-68
-116
1020
-180
-74
864
19
398
254
1572
1203
-262
-822
-686
381
-262
1105
-202
-419
195
-442
1561
-1653
1393
-311
-372
882
348
317
-42
652
97
-1052
821
416
-34
374
-92
-30
2019
625
731
-1605
51
-328
1084
-1048
-1043
-844
50
-452
-66
-480
602
-565
-832
-213
1139
849
-671
-184
-414
273
1343
611
143
-729
-892
-644
949
-422
-567
-239
-95
-109
780
384
879
-886
-349
222
971
-2291
293
227
922
-1224
-552
916
1235
-1300
-575
-119
1232
-88
39
-342
-1084
522
-332
-678
-776
644
195
-904
69
1250
-634
927
982
-118
-150
246
638
-807
428
1048
-343
-1542
810
-56
-898
370
1465
-682
114
724
-1123
-283
1670
517
1989
264
58
-454
680
-2009
911
1807
1171
-103
604
-438
173
541
-1651
-910
752
-163
-330
1672
-768
-227
-216
-166
-83
941
1313
381
358
255
1491
-8
-137
-2
356
-714
-1172
1026
-538
1226
-24
1303
-1186
-1017
813
-96
-968
2000
1245
671
513
776
1758
1491
-382
-245
-272
-909
-870
106
302
43
1018
547
-692
266
-503
-1
221
618
-255
-676
1656
583
-258
-411
-1584
-726
71
-647
-1454
256
-299
-536
618
849
469
122
750
1858
501
-403
1703
-18
695
548
-265
-243
-1100
429
540
287
-988
-316
-340
-653
-845
71
-122
1898
452
-1096
-604
56
533
-1292
-95
1313
-95
540
1226
561
760
441
-356
-1070
157
-178
316
249
704
-567
674
513
-361
-455
260
-995
56
1221
-807
-135
-123
-816
-862
-273
118
-61
44
1226
545
619
1256
135
-1598
385
266
432
687
-127
-518
-936
418
659
759
693
397
1376
170
-340
158
-1794
-1473
-606
1673
-477
227
1005
439
-1799
-483
-932
-75
-981
716
823
-427
-328
348
-679
1275
28
-112
-525
-619
29
77
-1386
-422
-613
744
-262
-421
532
-536
370
144
725
-1494
1019
-1314
297
-848
-240
701
-1294
1069
596
-707
110
-703
213
65
659
-528
1510
746
-245
-120
-884
-723
328
-368
1378
-769
1675
-6
51
649
128
-632
208
12
408
-815
467
-501
102
355
836
2244
-170
-302
-1182
244
-1615
-369
-114
38
776
-1334
-1397
-63
712
328
-313
611
-110
-104
1036
-471
-1413
-477
552
-1165
-1007
120
-1029
887
130
1165
105
-73
-651
916
73
534
351
-7
-500
132
281
279
383
-614
-715
-1638
-709
-501
-860
583
182
-153
1134
2475
1671
778
1357
235
-292
401
810
46
-160
493
55
-456
-1276
1507
1211
-1037
-978
701
-7
472
899
99
711
1272
-250
-452
-493
-2630
-1008
-374
-109
-229
292
934
-784
-96
698
1189
-7
1208
692
1293
-1551
54
752
2113
-213
894
-322
1121
-106
-1089
785
-641
254
1838
-1150
724
436
338
-714
399
358
-608
-1005
-895
312
-1188
256
193
-1939
39
-423
527
-1079
-1397
1063
-405
-685
-405
129
390
-1014
-417
1261
1404
1025
873
994
1037
-1162
42
1365
-643
245
539
899
1139
7
-226
-931
-190
598
242
1244
-1206
398
125
800
201
-530
-599
-2278
736
258
474
491
-396
-1057
-1787
1244
-1114
664
184
-1188
-189
390
-1755
-272
-218
-544
724
-21
1739
854
-1616
50
-294
-1131
-1451
-726
756
1294
419
268
245
656
-890
581
-254
15
-483
-844
1332
-1025
725
-1017
-93
-452
-1417
-618
-1117
1096
-642
368
-1218
18
278
9
-575
217
485
-292
-919
-755
-1026
1312
334
-2748
57
153
-433
-1106
-66
-693
-541
667
444
370
-63
1531
-1728
-1312
109
-1168
-534
-679
-539
-1352
-218
202
-19
1412
90
-563
-1612
141
909
-379
169
-331
165
-1244
-289
291
303
-962
79
1946
2297
-380
97
741
-617
-166
-643
-479
-1325
-914
1694
281
2288
1843
70
-855
457
-151
-1
2494
-1268
1230
496
749
487
-215
-1815
330
-438
-772
1146
-578
-385
437
1059
-513
-13
567
-83
108
-405
-925
-208
-22
-675
722
-308
1656
883
570
-301
1209
-546
-940
-500
400
1305
1150
-279
-1235
-1885
283
523
235
652
264
-1837
647
-859
591
-568
589
-1431
968
-943
-562
-1227
371
-42
999
-177
-534
564
42
-46
570
-817
3
85
-571
-2
-65
1969
-99
489
-417
-132
-449
-1083
1655
1262
-21
-39
-987
705
-163
1169
-405
-130
-330
105
-681
453
18
1388
1690
-100
674
688
906
-1336
1443
-249
405
102
719
480
-1022
-182
1199
-468
585
850
217
228
-304
-406
960
-709
-243
1400
-1063
451
-13
784
-63
746
-624
-698
50
-284
1006
2078
-1007
752
138
452
-517
325
-476
344
-1750
-457
182
767
36
86
1755
-133
-645
-380
-197
-1187
-405
-1230
699
868
-1187
230
1212
840
1757
477
388
343
157
-450
-1282
-60
246
18
1519
366
414
-185
497
-1475
623
-357
574
-703
1102
-510
-1168
-598
-970
-255
553
-569
384
-371
989
-710
-443
-1979
-509
402
143
-182
-476
-133
690
59
-158
236
2095
744
-1067
533
279
263
1723
-303
593
466
404
303
16
614
-841
-216
617
-133
-1919
887
1036
1633
348
-1093
104
-685
-1398
-394
341
585
-739
-119
-977
213
211
40
1148
1007
-706
637
401
803
-419
-256
-1571
215
-900
403
402
-1389
794
-493
-919
-243
744
-191
-795
34
-569
-1064
-461
-588
341
-48
-431
-350
482
-446
501
-936
267
274
-866
1315
44
-266
655
-789
586
-236
-719
1092
-281
-869
724
3
-1765
1378
-691
-967
19
-677
-53
-477
264
576
-416
-26
-1397
317
1241
301
68
-440
-1358
431
1031
-1193
-270
-2250
-68
993
-379
-921
1305
-432
-189
-128
1295
158
318
-249
-877
716
-427
309
89
-1121
522
-317
261
-466
828
-624
-626
-771
1140
-205
-631
-128
313
722
1031
-1436
-740
-24
-818
418
-363
-581
-617
378
-1136
45
-1137
1247
-626
-1073
1066
1102
230
299
609
1176
-455
-139
-863
-39
-1508
-507
-360
524
-313
-1255
1000
-156
-1614
-19
-1025
1053
-803
-886
681
719
-1097
-879
285
-1112
-124
-1827
-1460
-384
-245
-1654
258
-907
87
-149
-102
-184
1741
-1300
-1258
517
-118
81
120
468
-159
-196
-1667
611
1332
-1237
1130
-383
166
-70
-111
-216
203
744
-2899
-1884
822
-270
-484
693
118
-1758
-1
-211
-618
654
666
1031
-872
-531
-322
-193
240
-734
309
-843
869
1311
-211
113
-673
778
362
-1272
1771
49
-431
684
-158
-1163
-108
-161
1416
930
-633
-1150
-356
-968
-682
183
-409
-165
-840
923
1188
-13
-260
757
-69
181
251
1024
1081
-1790
299
1385
769
657
1370
9
1148
80
371
36
280
-1271
-556
352
8
468
-995
-965
-319
1126
-264
-175
-352
-537
671
-810
-241
-656
-105
-35
284
2171
395
1212
-949
-590
944
941
1344
-1416
842
-42
-220
-283
1203
-229
443
672
-45
521
539
92
301
124
579
105
550
-207
901
-94
674
365
-507
-994
1029
302
577
545
-1079
270
-793
-573
848
-225
-88
-1382
-1829
654
-1083
-835
977
66
-864
65
-834
-470
281
-824
-1184
1948
-1496
1152
1218
-642
526
806
961
1008
477
1773
273
-664
619
285
846
974
185
1704
748
94
1292
356
939
1454
709
-890
873
-473
-190
377
-311
666
-125
537
-455
-181
354
-62
822
503
77
-91
242
-21
-493
-512
7
-1054
-503
336
-260
-555
484
1042
-65
1000
-682
1902
1030
-546
-679
-217
-1014
-56
119
-818
-721
650
122
1742
-978
-1606
-277
-117
-487
-804
434
281
-1130
-346
-715
140
190
834
82
271
-570
-180
123
-343
332
233
-147
292
1867
160
-1402
-1699
-474
-359
-353
27
-342
-1655
628
-48
-713
-464
1133
-609
-932
1644
-206
477
1274
-333
1301
443
-3001
-961
529
720
755
-92
-1234
-447
-997
-1367
-449
-1645
-30
1210
-904
942
77
275
-646
-813
1510
0
-1107
-797
-305
1471
-225
728
-507
-382
2002
-608
498
954
-311
-454
-512
-499
1324
-729
831
-731
-573
353
-510
-1040
302
337
-964
685
113
-1285
-430
1144
-1292
1428
-231
417
-82
-1658
361
-201
-180
170
-19
-293
715
-198
-6
-674
2194
-220
324
113
-232
-1827
456
834
-274
-254
372
168
-656
-901
174
583
1092
335
105
-271
891
454
-829
111
-36
43
-202
-907
82
-830
-681
-1160
-290
587
315
445
126
383
-133
-83
1257
78
-268
303
1461
-654
-315
581
-959
-208
1377
308
-363
-1766
-381
1338
-1009
-917
1203
124
-1847
71
-976
-996
432
132
71
1137
63
-1738
223
1026
548
818
-274
-127
-917
-40
-92
275
-536
794
-980
-1133
991
491
-1026
-631
-907
432
-104
-1184
272
194
-77
-1503
651
552
352
-269
1072
102
-51
-538
397
-698
-88
-893
899
274
2127
-674
173
-657
1278
36
-566
355
-448
-695
-558
-111
1062
-35
-517
-85
-945
325
207
-2209
-453
1211
2028
-1814
472
221
1673
-777
593
-1403
-512
447
-400
896
-1501
-534
671
450
444
791
733
-788
1837
675
32
94
685
611
-428
853
862
-144
250
552
809
-800
-752
-1033
568
-842
865
100
-122
1028
1882
-561
-1391
-1378
-1470
-1305
607
-750
-964
-331
-371
1276
9
-642
95
-544
-462
184
-837
1691
1150
-584
1046
925
-1128
-996
243
90
-821
-324
-523
-214
611
417
1083
-1377
959
-1744
-66
-819
1266
629
1110
-578
-322
165
704
-949
661
-546
511
1155
357
-423
-1964
393
608
-754
-27
179
66
-19
1126
-424
-1627
1
-50
834
-379
1082
-660
-863
132
1171
-910
-957
409
640
-666
-1048
579
256
825
858
97
1279
-858
798
806
162
149
-688
-1560
-785
963
-1058
-897
275
818
563
669
862
-1979
1007
361
-2255
1204
344
-50
-544
579
-1394
-355
80
-848
788
89
-404
58
-329
810
95
800
709
533
967
861
-1054
-55
-164
-286
934
204
506
-12
-628
369
154
-581
-1565
892
-1008
-929
-425
145
-884
530
1454
-830
105
-1127
-606
-563
-497
-784
-725
-518
1515
-425
657
-1679
800
-81
1068
935
2144
-174
91
678
-299
-1785
-186
-93
1320
695
-170
-498
-733
-742
-79
-607
1001
330
1282
-552
-1261
-54
-151
316
-212
-1334
-676
-54
-55
2174
31
1512
1809
209
704
29
-253
2081
-91
-459
363
-327
1273
-2153
795
723
-240
-501
828
1016
352
-587
366
533
1239
424
1495
-168
-706
552
-611
1763
1067
-531
-596
1541
717
282
747
-1014
-347
-320
264
131
282
479
348
1306
-119
-1035
656
292
518
131
-609
899
199
435
927
988
-423
740
-1089
1317
392
134
532
1031
-862
-1035
757
431
719
687
-98
752
108
-503
694
-269
-953
295
-1122
-853
-1007
-513
-169
-1679
-179
345
-351
647
338
427
-849
344
-594
1310
64
1056
-2063
-1151
606
1402
-70
-786
176
-281
978
326
1208
-815
97
-524
1121
-69
944
798
-306
-350
-1552
643
-1191
287
-386
-274
-1111
701
1301
-73
720
-271
1151
-174
1017
800
514
-979
-468
1640
-1063
1782
-206
608
737
-139
-855
299
145
-1223
696
1318
-785
74
337
-377
-1270
-624
285
-342
1868
-523
680
-1096
544
970
-830
117
-151
-30
-1254
-290
1140
-221
-89
607
-748
799
-1518
526
62
163
18
136
823
-386
-8
-943
727
-421
-1773
-631
-777
-1855
635
-578
-851
570
-608
-383
-857
-473
536
-117
-315
-1459
-145
406
574
-741
-381
595
-797
52
602
3
-803
805
99
909
-1155
1093
1934
215
109
1361
-219
-327
1338
717
682
-867
-1102
-757
206
834
498
-246
-522
-104
-628
1144
202
-404
-563
-124
273
1296
-340
-776
-896
424
-30
519
1465
-1957
-384
-894
-475
512
-589
577
-470
1918
1328
-856
-811
476
415
-265
-92
-1811
305
794
-1910
-95
-1178
318
-1011
2034
-457
-1181
158
-503
53
-46
51
1822
-1842
77
316
615
2077
1199
830
10
1748
-248
-97
282
-50
-1441
-12
70
719
-500
-368
-574
-909
-439
607
975
-462
-638
46
-665
430
-1166
728
-650
605
-813
211
1147
-1155
-2558
1129
-1146
-1486
-271
2268
-173
367
245
-166
-62
-1730
432
26
169
828
104
-102
-228
829
-264
425
-228
616
430
-675
579
-1991
131
-1365
1334
-641
-402
547
-940
457
474
663
1592
445
1262
1120
61
-316
-541
1547
291
455
-106
793
-1906
409
1535
528
-216
362
19
-1034
102
-1465
-1750
-410
-792
759
-955
165
2222
141
-636
384
871
-869
-594
849
-173
-117
-674
1478
-2042
-554
-142
1727
-662
-699
464
1321
1617
-839
259
442
302
582
-441
-390
-297
-1124
1170
-520
-64
1086
-2471
546
123
-323
517
208
1438
932
-434
902
-2484
-274
468
573
-725
560
-141
567
-1380
-745
300
-1125
-109
1583
-327
-816
83
-962
297
753
668
-368
-1647
786
-157
2887
-843
-39
906
496
173
1109
858
-1269
-682
564
217
1766
1449
229
-898
-1084
741
103
-325
525
993
46
-104
572
-932
-1141
-1007
-165
1278
-549
-424
-673
404
732
114
-276
-728
1659
-681
78
309
1460
217
-749
535
391
-1344
295
662
304
114
-22
379
-78
-653
1223
957
1909
-1461
-409
-1623
1752
-982
638
220
-683
787
-979
-187
-941
0
227
790
-2519
-130
653
-1727
-237
1382
613
1308
1124
-1182
-16
-791
371
1671
-165
-504
2194
75
64
1016
-102
35
204
-851
-606
551
594
-1125
881
765
181
-173
-1202
-476
487
-246
326
-812
-2353
742
-264
-261
403
-21
1155
-817
1237
323
-712
1322
-176
14
1240
1419
-163
-550
770
-168
181
788
203
682
922
-55
-191
-150
-1287
689
1089
827
73
742
-540
-238
-395
-12
127
132
-640
-509
-108
508
1067
520
445
130
-1642
383
925
1372
768
2018
-848
1361
-405
137
967
-526
-1800
1997
-383
-109
966
-606
-515
398
-688
87
-423
-1007
790
-392
282
690
-669
-1187
466
526
1329
51
1369
304
-135
801
1524
-933
-214
-805
-64
-183
-1149
2549
-1654
-968
-684
-81
-824
438
-313
-1213
1830
-743
1745
1101
1121
394
-566
-298
-120
-120
-1103
-298
-986
144
-380
157
-961
497
105
-1016
46
1247
-502
2099
1299
-820
771
416
-474
569
-1074
-1247
44
1502
615
629
-35
616
64
-236
-975
559
-2234
-117
1528
-871
-892
260
-245
224
346
1536
232
210
768
409
-951
651
127
21
-284
-375
-355
-714
-17
-1145
-31
1175
-118
241
271
321
493
76
-78
-648
-725
-754
-1521
1396
545
-482
-189
-159
-1270
-1879
-302
2149
-157
22
400
-520
-1435
380
325
164
-497
1081
909
628
599
-630
-1496
1258
-46
-814
1644
215
350
745
646
-159
1009
-53
135
-640
317
243
-139
1452
842
-12
-65
1215
-1753
-431
343
499
1254
-80
-356
-588
1621
1131
333
-388
-1375
-760
-638
-655
35
658
20
87
-18
1820
-811
1250
-1051
548
887
904
447
-493
-742
-1275
1365
-65
-60
517
-1095
2067
-524
414
133
116
-603
-294
297
-280
27
589
609
306
1069
463
-1256
660
830
621
2382
-411
853
660
294
583
-1373
-233
1649
142
-72
-670
594
-653
1683
222
-158
-114
876
-1830
548
115
-842
1219
-421
-602
294
-914
-683
-1094
906
890
791
-308
-764
1141
-148
767
-1848
-1104
139
-1218
-697
-784
684
54
745
-1368
1351
-197
623
204
1042
-310
-985
615
-1022
533
155
123
-1280
1076
-415
-1004
-123
-1170
-534
-28
556
-1076
998
-1008
480
-146
1108
1230
-233
883
256
-283
20
-1430
335
-574
-948
86
-863
324
-3
-840
-1665
1523
1373
997
1531
-458
336
400
1002
85
1077
220
320
-856
-1103
-89
-149
-1735
806
698
-444
-1417
-320
-469
865
-163
1024
1644
1832
749
1033
626
45
487
-333
-689
-222
-82
-1283
-1221
848
-498
547
-519
-1017
903
-612
1008
159
-747
1577
-653
312
407
102
-235
-203
142
73
-1324
-816
252
1476
1078
-885
-1820
1301
379
1890
649
237
728
-919
-387
946
-757
41
-850
1678
-190
-815
-74
-869
-1154
1530
853
917
576
537
-834
-1378
-1258
-781
1375
1201
661
-811
-504
-92
-288
113
853
-333
2027
290
512
182
-768
631
1299
437
120
1493
-978
-400
52
368
169
599
738
-1783
924
-760
-509
483
-421
-540
-1393
404
-1213
-1104
-881
260
743
876
1358
-214
1923
-2566
-580
83
638
582
83
-1664
-144
545
-523
-227
-136
-255
549
-454
479
-550
292
43
991
352
1225
706
-550
-500
1035
883
-408
-1545
-814
-172
24
-1707
1059
889
-1278
923
263
181
1448
-1241
856
-364
-1205
-1260
-385
772
1689
1154
1113
-804
1702
642
1586
-1052
-582
69
77
946
1324
-1032
74
957
809
515
-1236
-2
747
-713
-1629
-1715
1231
785
910
-278
234
-831
-790
-1177
1360
181
-147
213
-2055
107
1135
-705
-443
313
-484
1298
-38
-73
-247
-145
745
-993
920
378
12
435
-97
-310
1048
-602
597
545
-836
-339
-462
432
1198
1312
-897
-1139
-122
971
1380
-725
-485
-1030
-464
-160
50
619
-11
1384
349
-634
1078
-1045
1454
-132
706
249
-939
814
-619
26
382
-282
-138
94
-1124
465
47
764
-194
-1861
-969
-1026
1091
-1766
-391
-825
-571
1265
437
483
227
-89
-2187
407
529
-921
203
1255
-21
331
781
2109
1367
-964
-1457
138
-600
386
-394
956
904
-470
-47
930
1633
-380
-360
-1184
-1308
714
1081
-1103
1201
-1019
-39
570
-790
-201
388
-1167
896
1247
-2099
-134
1581
596
-916
1389
-252
1287
-1055
59
-1273
-2125
-814
-1152
-81
486
-414
246
511
-364
-394
-1385
930
394
-606
623
808
-311
1621
-1503
368
473
-734
125
-160
145
-1903
-1280
-764
1528
486
1143
12
408
1256
-1064
-696
-51
535
-1188
-889
857
-698
1350
-51
832
-1075
-1438
-195
1064
303
929
48
454
676
-1918
-3
1428
432
1134
3
101
-91
-1709
302
1372
1045
814
112
-1350
192
319
-95
-1514
932
-689
695
-76
-484
671
-596
11
396
554
-112
312
322
504
-18
1860
211
1340
-366
1598
1662
308
-419
142
-66
-2154
113
1105
-727
-581
-378
1069
282
599
527
414
569
-1515
-1643
1374
74
-39
250
661
1643
737
-21
-337
1523
513
-295
-950
-2557
775
-859
-454
-378
-129
487
1733
-176
-666
196
953
-365
858
-1285
484
372
192
1350
143
159
949
-455
544
982
1201
-447
-1329
-353
-332
147
375
914
13
258
886
-895
237
472
-116
99
-634
1387
-613
2350
282
78
446
33
483
424
-303
-228
823
386
-543
-1303
86
-415
160
-2196
187
-1671
-319
-451
-521
-515
-48
2125
-500
-615
436
-482
490
1373
1111
-301
-416
-344
136
-697
-80
-665
1690
495
1128
-805
1385
-808
-1950
181
697
1601
-124
-490
-225
-204
-900
-367
-1175
813
250
1648
690
-1462
-386
39
-1531
1206
-1387
1439
-948
1316
1844
505
-729
-320
-631
67
702
826
-397
776
-597
584
-885
1102
241
-1393
1464
-569
-1041
-602
359
260
180
1769
-556
689
-1101
-2352
-2248
-1213
196
-435
-943
679
761
-952
1188
-373
-813
-94
141
-648
783
-406
-584
-487
152
-827
1656
900
-568
-892
-236
1083
-787
452
569
-358
-190
967
247
-370
591
799
747
657
655
97
-1363
-154
1416
-695
-1
-264
-753
334
-273
-663
-506
1127
1610
1148
-923
-191
998
-483
-260
-2059
589
-488
99
59
-461
1532
-612
1147
-875
-243
1116
1125
117
-1192
-204
107
1162
-437
-188
1034
1
-566
188
-116
1423
263
-91
174
544
1361
589
-188
-1576
-566
-404
-1379
585
-162
-476
-3444
450
147
881
157
1802
901
1483
-434
-444
-965
349
184
892
421
-640
317
-682
1112
-1080
598
938
-644
-666
-409
-904
-926
-965
495
-1666
-1307
514
38
179
306
1017
56
54
1561
-310
-923
-1090
524
-1593
425
794
1157
-260
-311
1026
1087
-156
-410
412
-1415
-327
-861
-145
2498
2972
728
977
71
-1119
-306
634
-2611
1187
-38
-280
1657
-698
671
702
453
-12
767
131
-4
-25
978
-1006
-231
463
-1
154
830
246
-2243
1927
47
661
-787
189
-817
1603
1398
1133
670
506
97
620
-111
314
-620
-2661
-549
-130
562
156
796
392
-759
213
72
-481
763
331
624
-70
-725
1020
-707
1603
704
-572
1535
-576
-457
-592
109
-348
220
-785
840
1230
-92
-211
-241
608
-927
469
459
748
574
1048
-76
1175
969
463
775
-116
-604
310
625
-323
-1257
41
-487
845
-975
-662
-25
-190
-422
-659
-599
623
1107
946
627
-428
821
387
350
1408
-632
-204
-284
-153
-256
942
-1721
-634
-1077
-14
-1423
-754
-725
1608
-1023
-1079
-659
-979
102
-1216
-908
-572
16
155
-101
-1812
839
-1044
258
689
-401
401
642
557
-349
1294
466
233
-105
-949
-1034
-2472
1748
-244
672
-593
-307
82
-748
-229
1105
706
413
-646
856
275
406
-495
52
-47
380
715
1280
106
268
-28
1984
-897
-1017
90
-296
774
1200
-1527
-223
-339
142
-1965
-86
603
277
245
-408
-238
735
-667
403
-662
300
-315
-1268
-24
699
-214
-175
398
803
567
68
408
1412
-879
-408
-1072
-173
707
256
993
308
-923
-310
1207
-1188
-1189
-771
195
1565
726
-653
188
240
-339
-935
803
-1496
-542
-813
432
-241
466
-299
667
1487
-1154
-21
619
349
-753
578
27
1540
291
-1533
-829
-1153
-567
610
280
271
-944
-795
-1070
-946
-835
-58
554
364
-169
-133
217
-1957
691
-881
742
-1773
861
-78
305
-773
-766
-57
-1891
77
191
520
-1036
760
206
-766
-338
744
-771
-721
659
-1231
634
279
1032
261
931
774
-325
-749
-115
-562
-794
-506
1272
959
1699
-955
747
995
-412
102
-415
-248
-1693
845
-683
-248
1308
-880
741
-89
-262
-151
787
1752
-693
-91
-968
-76
1949
55
693
-816
276
-554
1415
-357
-713
-678
1574
700
268
-838
-1070
-479
-123
447
-442
248
-879
428
546
-32
-435
-514
-937
993
-41
1149
-645
-557
1225
-803
-520
292
424
-681
-310
-213
-237
690
-1800
-1836
807
271
441
744
-1924
-1128
767
1037
-155
-107
-691
-1102
-480
739
299
-1140
-1942
-710
-494
395
582
869
-15
-322
885
-430
661
-2027
-763
-649
-658
-662
-853
-350
-172
582
357
198
541
319
-370
198
154
251
507
325
-824
151
188
18
-938
-43
2051
643
-1414
1377
493
-1716
298
-416
1147
-624
-769
-1849
439
796
647
402
360
-435
753
-881
-524
-1560
488
-1118
-447
1885
381
136
761
677
1642
-126
-483
319
109
1377
-358
-914
-175
740
-150
727
728
117
-1564
-221
-464
252
-417
776
-27
-787
-474
66
-1938
-260
375
903
1963
659
-1072
-268
-788
1591
-343
-296
-912
1266
169
207
-424
-111
465
-51
247
-1021
592
-182
1124
-319
92
949
99
-1341
968
-937
-172
218
603
-241
353
-524
387
-129
-325
7
384
-1087
106
-641
203
2070
663
-840
1167
-952
545
-239
-130
-1541
135
-216
581
-53
-44
-248
145
-332
-1199
662
-1821
-24
536
-895
-734
-1205
-312
-134
-245
919
760
866
231
983
742
-646
4
-1382
270
1085
-1392
437
-1126
-1289
-1155
475
-1318
1007
-1066
500
1328
-42
-550
-361
463
-975
21
-97
-687
-133
-665
96
-699
222
771
-215
144
-1021
-711
650
-416
-16
-89
541
-527
476
20
2719
813
-676
1525
-229
-812
1047
-1328
1686
2169
-1224
677
1229
381
-1050
-456
-816
231
964
-184
-1
598
-1088
519
-571
-544
-9
-1425
652
704
-53
-526
41
1389
-702
26
-674
-818
-238
-452
1446
-482
-167
835
126
367
1068
-1222
-710
1432
-769
422
1304
-966
539
802
1366
-1240
-249
-939
236
-780
691
148
280
-355
343
-112
-1600
-699
342
-1069
619
236
-283
-526
489
281
1192
-412
-829
-640
1017
-721
707
-1410
-2159
324
254
190
1147
463
978
-765
-1308
342
722
918
449
1914
-1737
-164
1144
52
718
379
256
224
499
874
370
-728
505
140
-802
-187
1093
-856
34
89
498
-709
-1014
-1243
734
559
1595
637
-468
1115
-235
1219
1278
908
-442
-374
-1082
486
516
1151
-568
-135
93
-345
-1108
64
383
-1120
-1388
128
-8
-609
1248
604
-1892
-983
128
-448
625
736
866
-47
-328
207
159
-1341
-1263
1270
-1664
-331
987
415
-591
-602
882
826
1532
1046
1165
276
139
-530
824
-529
-439
-1357
-699
-1196
-1134
173
-506
-890
2281
350
-606
-119
-1563
-820
-196
-89
-123
101
-533
-484
-1660
75
-132
640
-361
-1307
-368
478
-218
1560
743
917
-925
-762
-326
349
803
952
0
1038
633
-718
807
1453
-1404
-534
-887
1051
760
432
-1315
153
-311
-1019
443
-49
-696
-1145
1197
107
-1067
-271
-251
-1067
-156
1042
-1080
2262
-1788
235
-91
1806
433
572
994
468
-502
-1740
716
219
-483
901
32
-739
-558
497
1552
529
407
810
959
489
357
-855
925
1224
114
-1533
676
1141
-1317
497
-1181
223
578
-8
800
786
64
1012
202
492
758
702
-525
-225
633
504
-705
-774
9
-486
-511
52
1191
-1226
-435
502
883
378
-469
668
934
753
-955
946
-541
-589
1392
2240
-1064
-682
49
1909
-312
978
295
269
488
-172
-1042
-995
874
-254
-341
-636
363
278
-505
765
-1247
1308
-267
772
-217
392
337
1641
148
756
-805
1651
-1415
301
83
538
-998
-173
444
453
488
-2682
-570
1715
235
-24
-1687
1123
-75
-1779
-582
2454
447
884
-117
-584
1411
-608
726
4
-808
228
-9
-562
784
685
-486
-645
310
-1454
-70
-2220
-616
-28
-774
-187
-1255
16
901
115
-613
-439
287
-276
170
-807
526
676
-16
-653
1407
444
-1276
604
-976
-316
-1638
-1680
-301
990
838
390
575
512
60
874
-1521
-1258
-330
-1110
-772
1
915
-228
-1450
1393
-1185
-75
-465
-173
-560
-1693
52
851
-724
1088
-439
-249
1361
21
78
1088
-28
-209
395
-1667
424
-1111
615
392
957
948
822
-1063
-850
241
-416
906
-694
626
-307
-888
196
-530
662
382
278
329
-699
-778
560
542
984
280
765
797
337
862
7
1718
269
1794
431
-2065
-57
-1812
-558
658
-141
1070
-379
11
179
1631
510
536
-22
982
86
-564
1378
-255
205
323
-1499
160
-607
-839
-751
620
450
-114
598
749
-319
-843
735
-289
1426
-568
-817
-1138
-1080
-1023
-143
-1293
-1071
-221
-599
-906
526
1004
-2033
272
1311
141
-411
35
50
-197
550
-174
1330
-1443
-268
-113
239
-1062
606
-226
-58
296
-537
-62
-2107
471
291
1988
-568
-371
666
-237
-86
61
-1978
-234
815
-254
-1496
-400
-558
741
-317
-641
617
478
-111
254
312
206
728
552
-426
-86
-1914
-598
954
-458
92
-923
-1297
-1010
-510
431
-2158
-338
-278
87
34
1694
-104
1018
-1134
550
934
709
-270
-801
-588
349
-464
176
-779
-291
300
-1276
-116
127
-66
444
719
838
-932
481
851
-462
309
-466
905
-1347
-642
1359
-868
-859
-239
1996
-56
651
-236
1012
1
97
-632
696
1361
169
-837
709
307
79
1837
-206
-144
1488
-536
-941
-125
15
-1630
-1305
-204
1817
-1634
1291
1170
-318
535
437
890
-860
150
715
390
745
35
-1666
264
-736
324
-319
-715
-122
-1438
829
-285
936
1221
-116
-821
1312
-322
1400
-631
-659
644
-154
-931
1977
1077
150
542
1048
-187
399
-1715
-361
-306
-1347
344
-542
748
460
-248
-948
-208
51
-626
991
1612
349
582
882
993
617
378
-40
438
-357
1404
-577
172
-494
-399
-989
439
-1571
-221
1335
26
681
-835
817
-650
-98
685
612
-821
-112
1048
-884
-205
1068
-1179
1314
16
536
1545
1126
-586
-1733
-337
-989
-150
-665
-34
580
-382
-1627
133
142
988
-297
-629
-367
-123
-1233
-516
-849
-941
422
-1182
2534
785
277
1097
-1125
772
-761
1298
158
1105
94
-772
743
-511
-403
-137
1561
181
461
-225
-546
-31
-1249
160
-903
-334
-83
1144
101
617
2256
233
663
-149
-367
991
-1074
-1338
95
1158
1497
94
988
1381
434
553
1069
1072
299
-449
932
-296
118
-748
232
-33
1214
951
177
1912
674
526
120
2111
478
-396
-124
-22
1151
278
412
21
-160
422
-1047
811
-292
45
250
1
-304
8
680
-694
-170
747
663
118
101
488
-893
-236
768
552
1283
-1858
-543
248
1288
299
-823
-1012
-167
517
267
-189
-775
358
-223
1072
-1550
-9
-597
119
-87
-264
159
1341
228
1370
-1125
348
381
-1140
25
-336
288
-225
-643
-733
1451
353
781
846
29
-684
-151
1028
1087
682
1123
971
-7
646
-141
459
1701
-244
-608
687
-514
-1115
867
1068
173
-557
-1487
-900
-270
-1369
-118
990
-774
-402
593
236
556
-76
354
3
-1035
597
339
-677
-798
337
1401
-2402
-422
-634
-536
-181
53
-164
472
260
-448
818
-923
1289
1
551
48
433
17
-987
367
670
-529
601
-245
-735
837
82
140
659
-532
561
644
-870
738
-633
-771
1004
448
-2091
-92
-294
-43
-384
1496
41
-1145
-242
1289
711
8
-164
465
560
-1711
365
1171
-279
-305
437
246
-59
556
-1468
-48
-1007
-1048
-141
709
1693
957
722
-47
-104
-183
247
284
-719
-324
337
-880
-31
-338
-1
744
-444
-350
242
-1810
471
-1518
379
-88
-1080
-920
-588
516
-2029
-1124
729
185
942
-130
-695
-840
-1450
1671
-425
322
-300
629
-343
185
-1013
801
439
502
-322
-48
-233
643
829
-1512
455
292
573
2073
1043
672
735
400
-7
821
-255
505
179
254
-341
550
1668
-334
-184
-1207
-2092
530
797
-442
1346
521
-513
312
268
552
-122
-740
-1136
-1844
-957
183
-692
-498
-910
-407
157
-7
-206
-226
114
1847
162
129
-399
99
-398
-626
705
-1405
739
-537
-195
-1492
-478
-900
30
-481
-534
436
421
1663
195
183
-153
1057
-621
-283
-383
492
1493
1382
4
267
-62
-73
841
-241
757
-965
-1025
-2599
1384
-1592
-316
-378
309
97
72
1122
734
2563
-856
51
-1416
-1455
727
2075
-20
389
381
90
-857
-577
-336
-315
1036
-463
-800
-14
158
443
1439
1002
-1139
205
99
1813
-310
-314
484
-390
881
-60
191
-1514
1192
1434
-15
-189
-255
2491
582
8
-440
178
392
-42
306
146
887
-310
-1798
-557
-212
1264
-1323
1058
-1154
-892
390
-727
-633
-730
173
-1166
733
-1346
-400
-356
763
959
-1046
1636
-738
-206
-636
1416
169
215
-1360
-288
-1166
404
-351
-1201
-1288
-235
612
243
-16
1347
-345
-1102
-1583
-538
-850
-1140
1763
299
267
61
1177
-739
-508
-1083
859
248
40
-373
1282
-1077
-224
-1028
210
295
314
616
687
-525
29
-393
-833
-625
307
-449
-746
-198
1494
-481
-223
-1207
35
1211
422
-646
390
130
1377
377
704
221
-1247
125
640
167
28
1404
366
877
-1086
356
-240
285
-933
-159
1386
923
716
544
-419
672
-244
1036
-15
-657
159
-506
974
-1214
1035
70
389
-103
-103
504
384
-417
367
1047
1081
-374
802
1045
720
-705
278
1476
-1079
-587
-2242
-1671
928
-677
-374
-952
1562
-1375
167
-68
44
-1014
-684
1622
-857
-7
-624
-119
-153
-164
-758
1248
-1464
-1066
-285
157
1085
316
-1137
846
914
1466
693
-1070
-368
-507
403
622
-917
-1060
1076
-1292
227
-1360
32
-1457
-274
134
-398
-676
109
-920
2363
-213
375
-1318
475
-501
822
519
230
-346
435
-1739
-346
224
-1268
-784
817
-361
1037
-667
-29
1111
1338
1517
-1059
-722
-92
-611
-621
-1536
571
-830
-602
-1433
1541
481
1730
-1065
835
80
93
-221
381
-1078
-573
256
470
975
588
2268
-811
-1000
2058
230
1776
-627
65
531
-2
-922
257
110
-250
-10
-747
-172
-22
-169
-1744
276
312
663
91
-467
-493
704
-351
-286
-1520
-65
-398
352
-853
-446
428
1124
-1045
-428
16
-729
-1421
-161
-139
1319
-1441
826
-152
-1439
1373
-527
-209
-786
575
1120
-712
-1006
-16
1161
996
-953
-152
870
-59
-992
-305
905
765
-19
625
681
-1524
-1461
266
581
719
30
2920
879
-1014
186
-1662
422
1250
626
37
213
-482
-696
14
2211
635
-1108
86
-94
-1084
345
-763
-1142
12
1250
-35
-48
661
-1016
232
1079
1378
373
866
1275
145
-572
1380
-179
853
-1336
-842
1010
-407
-988
109
335
-1581
-1558
1356
-844
1026
1088
-74
-1020
247
2041
713
1169
-1509
160
-1247
768
1027
1454
-103
124
420
-689
-427
639
127
282
-238
-459
-72
467
-879
-76
90
-239
-1724
855
-172
-1164
-614
-572
82
3018
302
-854
-301
810
-1107
-176
-570
1670
-144
-874
-627
252
-343
-690
-49
563
366
-236
1216
1670
635
-1597
60
-204
1115
-1532
425
-993
306
87
840
1577
-997
1071
-1448
-540
753
212
-818
-789
71
-273
314
171
-693
2152
-313
0
-247
833
-1133
1036
513
436
-1248
1250
-1135
-2047
-715
-30
1300
781
-370
196
-903
-472
452
-1447
594
947
35
610
1224
730
187
560
-1
614
448
-169
2132
409
528
-129
176
1573
867
-1407
-198
-77
-885
-1107
-33
-520
-388
-332
-856
25
-767
-389
-741
78
196
-1209
548
168
-843
-1233
867
223
-620
270
1512
-1035
2562
-771
-42
-624
-266
-913
749
-669
1241
-936
737
917
1378
-409
-1456
-303
1020
399
-230
-1486
494
-635
-18
605
1192
855
616
-199
-246
-1064
-56
-275
-179
899
525
376
1720
250
652
287
878
-131
1143
-870
-89
514
591
159
-989
830
2443
-979
-422
1023
-278
1613
2
-931
402
88
616
-572
868
-970
130
209
-643
-369
232
-2531
1993
-2640
-452
769
1227
-656
2206
791
-328
1302
-1239
6
-186
-1224
-322
-625
-996
-1679
-1461
180
440
-202
-1069
-133
292
944
895
-185
1231
153
-516
-919
-740
-682
-2424
-766
1146
-1029
726
-1455
-513
1155
355
-1365
921
58
-192
56
730
-1680
-834
-379
-1464
570
437
-258
227
-99
-1392
-385
49
-1034
885
-41
-316
492
660
-630
1098
-243
-215
518
-1543
523
-2540
-1093
-88
-185
-150
295
947
-135
-337
287
-303
528
1139
481
1510
-1641
505
-834
208
360
1710
766
-176
88
-276
-912
699
-170
-1253
-189
417
-40
81
-759
-1226
1119
-1804
-1034
-1129
543
834
-277
914
-195
33
-294
36
212
587
516
-588
974
-1753
305
-603
-465
-935
45
1330
1039
-967
-870
-239
1143
-1266
178
46
213
763
308
-1188
-381
634
-163
1123
-173
245
-506
-1699
-1754
120
-381
174
186
-106
-145
-875
849
-56
-257
-172
464
464
-1777
507
1488
38
-1098
-1137
-1205
278
-1002
1086
343
-294
-241
-483
-840
-581
58
16
79
-259
-668
-4
-166
-65
-991
-656
1132
-481
367
85
985
-697
111
8
821
-409
-333
219
128
251
-82
172
181
401
889
-17
-282
-1796
-1613
-429
429
876
-170
-317
-919
257
-1441
949
1467
675
-853
167
-318
-180
-456
-1692
695
-1036
-1215
-201
-151
451
254
208
842
241
66
-1224
1158
-2149
1011
-1189
-1190
622
-690
900
842
980
547
1809
-602
-609
-1395
269
682
-67
608
1419
-785
532
-1181
709
1132
108
-551
-456
616
40
-210
-1997
1087
-352
522
-85
-1307
-734
1042
691
844
873
559
1375
-844
416
-300
-218
-1299
387
547
-524
534
-155
-1044
-213
547
-2148
-1197
-362
-960
1051
835
-453
-74
870
-216
-218
-329
337
-855
-357
-781
218
-1403
1035
-894
-529
-585
586
1138
-653
462
667
-673
-283
-3
1069
817
467
-579
-1687
68
1066
-1932
1041
-232
1186
583
-208
18
726
-189
71
146
73
1544
124
-913
-208
466
-1054
-113
-576
-712
354
-729
2009
1190
706
-1151
646
173
636
643
-310
-1987
839
-674
-723
-1452
-40
-607
-1364
-1107
-1795
1619
-42
1753
-1733
435
-1029
933
224
1127
-612
363
-156
-445
778
-340
697
896
1521
244
775
-838
-1263
147
-158
-947
-1621
-856
-249
657
-998
-713
-1595
32
-330
1220
-57
-878
-76
-106
618
537
-772
-519
1344
68
-738
179
806
-1025
621
-1087
453
-273
-22
668
118
-767
-266
-592
516
-700
405
345
811
-283
-256
-1018
290
1948
363
-319
-934
1362
-186
123
1329
-196
412
328
-286
1820
-759
1393
-1200
-1126
448
533
-870
-1962
709
-1547
97
-7
-34
-62
884
-1043
-909
2000
-1618
736
-1180
561
-1604
44
-199
800
-130
1695
-209
-208
-566
915
102
-1529
-954
-980
-258
-1416
-672
-331
-918
127
-781
-228
185
-495
-981
1
-249
727
998
831
-102
154
-566
1134
1235
-100
-1834
-351
1569
-350
28
-597
-220
925
-1102
82
1007
631
1044
442
-594
532
-249
-1341
-1512
-701
-650
352
-1186
433
850
-384
1072
-916
1031
171
144
538
167
-965
1326
-199
-1168
62
1244
233
215
1275
-634
-876
933
-894
-242
-836
875
-26
-462
-734
-1391
-1079
-627
-938
-135
-664
-1512
751
-1468
-231
1232
-407
-134
-812
328
-421
-815
-126
-38
-297
1385
-175
430
658
760
173
2402
-279
16
1060
1129
-388
210
-366
-774
-1039
554
-1841
1146
-804
1109
1783
235
509
137
716
431
943
392
811
792
90
796
-2041
683
-650
-709
-752
-1050
861
-1049
-940
141
-902
1244
27
1606
490
576
168
1796
-1672
-212
-93
1850
-130
621
737
-1375
-203
-1689
217
-143
635
443
178
-352
323
-348
1334
-224
-141
-236
1877
18
615
69
189
447
793
902
-292
-1384
-358
215
-163
271
-1519
-1269
-526
2163
267
-585
460
-1250
289
550
376
136
-351
1490
245
122
128
-335
257
-1666
1985
140
849
-179
678
-655
-859
1076
1091
1787
-928
-218
-1165
-477
-1095
632
1834
-718
-1140
-407
-861
-418
849
-108
697
-1283
-854
-171
-1708
295
74
-394
-189
-34
-896
-57
-572
78
-391
519
318
-9
-225
-1198
-934
-276
1357
511
473
1335
868
-243
28
-873
-415
-365
519
650
-1033
462
-79
26
-1189
-813
87
119
753
-315
-392
1823
-722
-74
945
-17
474
1001
542
885
-271
81
-1044
-1187
879
72
1165
-652
-98
816
345
-1270
186
-1057
-971
653
1278
48
-507
2153
699
806
-554
-95
1028
529
66
-330
-959
1604
97
-83
1178
-91
-207
871
-752
-1189
456
163
-480
1286
1389
-535
-638
1977
737
-1015
50
-1383
664
91
146
-1071
546
-1572
468
527
-1030
-832
-890
-1117
444
1262
2036
-256
51
-766
205
652
1959
110
-553
86
677
-316
-259
-446
-1791
805
476
1136
986
632
555
1247
878
1318
1092
-304
-301
-798
1071
63
-574
731
-257
-1514
1112
1500
-223
-547
384
181
-687
-392
-867
40
-925
720
577
1045
-357
-4
-481
-670
-424
-1181
1058
-424
39
484
97
171
-599
462
43
219
-72
-455
632
-715
89
-1071
-426
-799
661
323
344
-675
-369
-65
1639
-485
-2505
-969
-382
-235
979
1473
1003
-1273
1548
-971
-1241
50
-301
-512
-528
226
532
-89
-204
1064
-1824
-1315
-675
-1495
-1754
-1139
60
461
-1253
871
441
1180
879
-304
-158
838
-993
-376
172
67
773
850
-88
-247
103
-318
35
-512
608
1169
1103
50
-2230
593
-1206
1367
2106
0
-475
-1282
1629
-44
-994
-2548
-1463
760
-153
-1596
-365
-1519
593
12
100
-844
11
-550
570
-1768
-244
214
901
-356
367
67
-1747
234
-666
-1306
-2117
-1044
318
371
30
184
-1060
-1624
-654
341
754
18
-734
1660
396
103
-524
147
459
801
-717
-627
348
-333
-1125
-772
-630
29
782
416
550
746
1253
-1000
227
1181
1364
-456
893
-1000
-578
635
779
1215
414
-211
-338
421
252
-620
372
620
-1126
-12
785
-783
-1436
-82
-1124
-484
-335
223
177
-269
125
-576
-235
265
-598
-1562
315
318
-252
-1370
-763
-252
-1868
-746
668
-1169
1097
897
188
-1072
-1242
939
68
-107
155
114
-118
-234
-374
-162
-1597
-682
798
132
-118
-194
665
-50
570
83
820
-50
-100
272
-408
1508
233
-135
-381
516
661
2062
845
-83
146
-303
1580
431
155
-1204
573
-932
-791
-353
672
-89
1194
-1757
-2338
1171
854
793
-546
122
915
245
-933
606
332
724
-965
720
171
-335
417
-224
3
579
114
467
-867
558
274
-304
-427
501
-1
1440
-1183
468
529
978
-856
-1741
240
-1432
824
-982
773
-1147
-1280
-1123
1336
-1050
149
-2059
-843
-652
-1553
-1416
80
-817
1404
529
2
-255
926
398
-409
-840
-307
-652
338
50
59
264
-1113
714
6
-1110
-150
-917
230
1265
-35
-907
-1796
-62
-567
-568
-405
1648
-70
-1138
-216
-1188
153
-651
919
-950
-326
-1348
-321
118
-599
-799
-1369
-982
-56
-1454
372
495
690
1839
-310
1190
306
523
-915
73
608
29
94
742
564
987
850
1105
604
-907
-850
-149
752
716
1451
-369
785
-351
461
-220
720
-12
385
307
-440
-1516
-102
-34
-242
112
310
-195
-925
-1063
512
920
626
-190
261
-710
1084
1054
1181
-1519
1894
-118
-424
764
-647
609
-1119
70
423
-194
1026
-161
-231
-573
1018
-79
128
-767
1414
425
104
961
489
-515
295
-583
381
-381
-374
-415
328
600
-617
174
-42
-10
127
-32
-37
157
-814
1354
-729
-325
223
-493
-1155
559
-269
854
-574
-461
1660
1347
-837
1401
431
-319
-42
468
-1088
-766
-1558
375
1430
164
-154
910
-769
-428
454
71
-298
-413
-893
647
766
809
500
701
-517
-1201
610
431
-371
288
1809
-48
-795
-765
516
-975
203
-203
1384
-461
-172
-1029
294
946
-841
-1663
501
-1578
630
-23
783
126
-46
1295
410
-135
258
-1325
-499
-510
-772
712
-210
543
-51
959
651
-138
-64
379
-274
-313
512
-862
263
-773
1491
122
1210
-1451
-632
334
671
737
-920
-172
-684
-772
-748
1195
-501
-1410
-273
-1587
2080
189
-328
-101
-752
-334
-419
480
256
-292
155
-720
-632
-930
710
1066
-247
-1161
604
-588
-649
-872
270
1595
-547
389
-162
166
775
-155
-28
1174
-613
1272
1102
83
43
-127
-171
-1643
830
-22
184
-1195
-1349
1388
443
-891
1807
370
-1393
-337
1625
-237
-248
388
334
490
731
454
-1115
-186
517
125
626
1183
205
-2042
563
-867
-261
-140
-631
-859
935
-864
777
-445
1411
417
291
992
-127
461
947
399
617
-912
-736
677
792
-284
778
-404
702
2038
128
-159
16
-2175
-89
1084
699
285
623
-1633
555
-380
-1486
828
167
-1180
1049
-98
-2566
47
-384
-1225
1253
185
-425
29
741
28
550
74
198
30
233
1372
-334
586
-897
-152
392
-751
216
-712
-14
0
171
-748
1175
-1413
425
846
-109
1568
1209
714
-579
-396
989
413
883
424
-460
-554
-801
351
119
-476
-469
1633
221
-289
430
541
780
-844
-1001
-1278
-605
1737
735
781
-397
607
-358
378
-143
491
-940
504
-486
694
2145
-289
-948
352
1289
-1293
-1949
883
451
-937
-933
-241
409
1278
415
-1025
-939
826
-2128
-648
212
-14
452
1178
-223
-761
1014
1029
-713
-14
-177
706
441
725
-142
-672
737
948
-113
1672
-575
-1804
436
-81
695
920
-148
479
-82
-264
-284
610
-1385
1930
-158
1747
-277
907
173
-19
-434
-675
349
-925
429
825
439
-83
-766
-724
-507
1037
-371
-180
15
640
-1008
652
559
314
-1115
782
-218
-782
-1818
-99
163
-719
-16
-567
1874
484
220
-108
713
-1779
-2276
277
-229
-1182
-649
-1721
295
-845
-279
-809
888
-41
-544
-694
318
-299
148
-93
-849
-586
-413
139
-1008
161
1232
-1777
177
811
-289
2075
-583
1269
157
-1220
-19
229
-619
-319
-765
-1050
1427
569
-168
1659
-661
-694
-508
-1032
266
45
-11
601
795
996
884
32
-205
-369
-366
507
844
-791
160
-918
-945
-470
-112
-752
-818
1083
-1889
-757
253
-87
-792
9
1034
407
540
-929
-904
-114
-1099
-293
-1018
-1165
-439
-43
-252
329
-125
1406
-911
1011
-85
198
904
374
211
272
643
-443
637
-310
-27
724
410
-346
998
266
-19
-357
-559
-209
1930
-368
153
-284
-60
-35
-2121
332
-497
1278
36
762
176
-329
-1044
-720
1241
-160
339
-843
973
-365
-903
-18
-512
904
25
-167
1342
-1151
-790
-160
333
1525
-609
429
373
-910
-117
160
1823
-562
-220
-965
-600
235
-1865
1382
763
1500
-18
545
319
-904
-475
-577
1262
818
-503
-382
605
1002
-946
226
-1145
330
-353
-769
1089
304
-230
45
1019
-425
642
-509
-745
990
-1273
-1970
-1372
-1125
822
-69
-1215
-270
-366
-203
627
1980
-1225
-113
698
-761
-1591
50
781
-1019
915
359
-446
148
-1521
-500
930
296
-394
1772
-90
-503
-212
2746
-319
910
-1561
-622
109
-54
-376
-1380
602
-422
-1402
-181
-427
-747
1416
-161
-440
222
46
289
51
-23
-303
387
-24
-960
-538
-1272
-1134
99
-567
803
778
8
496
52
-374
-1640
140
-838
-89
258
994
-473
-372
-1017
-1291
-111
-423
-579
-387
-417
790
-57
992
50
544
-1715
-1056
499
-124
1604
-71
1191
672
1750
398
-2100
-750
320
258
557
-1890
-33
1019
-252
-102
639
667
-94
-373
51
290
-1277
-690
-1228
-59
1782
-707
-307
-342
1041
164
1072
829
-290
-404
1145
-259
-593
1535
-1433
-502
1631
-764
826
824
292
-99
576
-289
111
35
-23
-1512
1702
-279
151
1217
212
-782
1173
100
457
77
-625
-511
-549
-594
541
-582
-426
2122
-1003
325
-332
404
-1320
-548
1115
1104
243
284
462
-348
1995
550
-490
-611
-601
-561
-203
-74
1192
382
488
1785
-1455
-152
-1173
901
-957
-1436
292
205
-58
385
-1178
-2287
-361
394
1523
-861
-1045
-767
-352
-165
258
801
1566
-149
96
168
1231
-1405
-410
483
317
446
-573
1077
-594
-107
1442
965
1320
-647
-91
-1126
1548
28
1148
896
234
431
-572
548
900
-546
100
-358
-359
299
1136
866
612
-1181
983
200
-583
558
-416
-507
-47
-797
-103
-551
306
-946
653
938
-2234
1902
518
446
-156
1263
1527
263
-117
84
-235
695
-389
74
288
-131
224
-59
353
664
734
-493
-1309
-455
247
-984
1510
-40
-267
1846
597
853
-1155
733
226
-656
87
-780
-146
-349
-1213
-156
122
-943
-510
2140
-1034
465
265
801
-859
1368
-772
1517
297
-888
1253
1351
-272
-345
792
776
274
-350
1264
-117
75
-359
-879
1280
123
1305
-113
885
-471
-444
-415
101
-492
-649
453
1178
-441
-516
218
847
-522
578
-371
726
-651
-833
-483
-206
859
149
-766
-1862
1295
840
-684
-183
265
213
894
1036
-602
-1418
1227
-417
-231
-129
-628
-1785
-483
-141
198
-880
-445
918
-593
-13
149
-793
-295
134
-314
-25
568
-1455
-19
851
971
857
-769
1593
497
578
1389
1476
-1304
-899
-1726
76
-382
765
-441
-105
525
266
674
-466
-248
821
-1333
-376
-5
-318
523
1125
-804
-1055
-97
-320
2233
-842
1322
1407
-895
548
-931
149
139
557
-157
264
-666
-711
127
-554
-671
39
-446
351
-537
1372
-475
568
-631
-135
-1484
506
1026
315
-175
301
719
377
-262
853
-416
856
848
192
-632
588
-163
-999
116
-1580
902
318
280
-84
440
138
616
186
-782
-8
-272
662
-120
-468
404
607
63
1113
-442
31
-1172
402
-78
751
1642
-772
989
-1946
-586
411
-1212
-60
-850
1373
415
539
-699
316
-447
444
535
400
-714
-426
-1269
176
-8
1343
-7
551
482
839
-494
-764
975
725
1210
-497
1024
-104
-198
-810
-1556
820
361
1681
1360
-27
-346
315
-311
-225
630
-548
-247
-2399
502
734
1468
-619
-581
283
1474
227
369
-456
130
1441
934
338
-1255
1116
643
-1132
-970
-696
246
1377
1009
-321
265
-377
211
316
-959
-667
-370
295
-913
-556
303
-1674
37
-366
-232
-1178
-440
479
-421
550
-225
-232
1178
-571
-1410
51
431
552
358
574
-51
-496
534
-287
765
124
-177
258
-295
886
512
-294
1124
798
319
1491
-502
952
-1057
173
-353
154
-102
-505
-141
-576
-340
-1301
-265
1648
-146
390
830
906
-274
-364
535
151
1634
-1066
480
-358
-1566
-790
-1844
-560
-762
1834
-982
2018
-293
633
-539
-512
-447
332
-877
-87
-1031
217
33
199
-1463
1001
-694
283
17
2155
-567
-219
-789
-378
718
-725
-916
-976
-222
-588
180
-644
-441
-453
-99
-800
39
1036
928
624
-2027
-1200
-373
1807
458
472
-105
1408
1232
494
-679
-303
670
-48
-944
499
236
-887
-1305
-508
-1685
282
1045
227
1491
-68
-942
-1037
865
-321
441
-337
1072
340
918
-251
550
-954
520
532
686
-998
355
279
-397
-41
16
399
197
935
751
-1238
-1136
-202
-991
76
919
-439
-808
490
-396
180
-1173
-1222
989
-626
-691
-509
-272
-963
422
-744
-680
-545
219
277
-662
-590
-359
-823
-284
-235
155
-213
-534
406
350
-81
1004
888
477
-824
-580
811
320
135
-254
165
-595
-1509
-1629
196
1096
1052
-1034
-893
1079
675
-757
-240
455
-1982
1081
-833
171
825
1515
-1006
-519
91
-422
-1296
335
-1114
929
-1186
-1034
295
-525
-643
2112
1184
660
-632
522
-996
276
-327
518
-468
216
-769
-15
172
56
-468
695
-312
1497
-750
333
-595
876
-913
-770
430
-564
504
307
901
-412
1
-1757
-1382
-1240
-1012
-1302
-932
-1590
1164
-224
985
1076
969
1527
-703
-1090
-903
3127
158
1029
-75
-861
411
2888
-856
893
-377
349
-732
358
1432
41
-465
-827
579
266
1809
370
56
-548
-1282
-659
-814
546
-757
218
255
207
-261
-435
-2581
898
578
224
107
-11
-607
-1094
-463
-2104
573
-383
297
1008
1209
869
-217
-1176
-353
-524
-711
-262
1988
482
1464
1543
1040
-200
865
264
489
-672
414
-826
-1191
1769
-47
-612
-702
-100
451
799
-154
-420
-3
-693
2224
299
142
-423
-827
537
-2251
-358
-925
-69
800
299
19
-574
1149
629
66
973
285
2463
50
-201
603
376
1076
-215
1643
-160
-405
10
241
2380
-483
1100
30
-558
846
-911
-543
826
-869
1066
1571
273
-330
-477
-1927
-548
-582
683
234
-29
1899
341
634
-1450
189
-244
-1797
904
-334
-601
290
-554
-1538
549
-1677
-297
537
-570
877
1135
607
439
153
1564
-277
-504
-172
213
-857
-318
-442
-304
117
-1278
952
-258
759
2187
-957
-424
1553
-314
-487
-1018
286
-584
248
21
895
-158
-201
-190
2117
219
472
-138
-982
432
494
301
52
-1
-393
530
660
-164
1378
-165
-454
248
422
-283
909
1256
-366
296
-1475
-1355
657
-352
151
537
497
2113
433
-153
-7
1151
-898
705
659
700
338
-394
1032
-1138
752
747
-1591
-648
712
1256
-713
-376
-582
1390
35
491
-230
-24
-165
759
347
-182
1033
660
-613
654
-64
-56
741
822
-386
-1428
-1126
141
1567
-52
-1103
442
695
1101
-984
-301
-762
713
-382
-1851
732
452
-989
-1492
463
1020
-936
605
-400
691
-280
-652
-682
-445
-17
-348
-1244
1929
803
-739
1559
-1420
1236
-254
985
-1271
-42
157
-241
-909
-1744
-1348
1943
-1056
1279
1194
-2128
797
-864
-248
1187
1019
57
-386
188
-303
455
-1391
1056
891
516
-1312
-433
-922
211
-271
1560
-291
-974
-509
1813
16
719
-1488
746
936
654
-731
-483
-324
-850
73
-448
80
-817
-1223
1513
-567
-666
-632
1818
-209
-1676
-969
436
244
817
-440
1031
503
1029
-176
-120
-1407
802
-564
-597
-1261
198
-369
31
47
-625
76
530
143
-251
1715
-850
-1333
1417
1476
385
726
82
528
-396
663
-116
-495
882
1174
644
457
173
68
1548
165
885
-721
-316
-990
616
1300
-1638
143
-550
466
10
1390
423
-292
-1143
-1029
-663
-528
1303
-720
332
-1063
604
474
235
222
-327
751
-227
-1905
-38
-126
-772
635
449
-850
-395
1140
-2158
-913
-2334
-205
-606
474
-649
387
-1133
606
-300
-272
-390
-1741
355
635
1093
-888
-962
496
409
-381
653
155
644
-560
-440
-774
-19
102
486
-1368
1437
1378
-103
-145
891
-2140
654
-1145
33
729
-255
-221
-286
-64
1514
2168
623
33
310
-28
2190
278
-1552
-678
322
-38
