42 65 676
0 30
2 7
2 18
3 24
3 30
4 23
4 25
6 4
6 22
6 27
6 30
8 1
8 27
8 37
9 20
9 37
10 3
10 35
10 38
11 24
11 28
12 7
12 34
13 0
13 21
14 34
17 2
17 4
18 0
18 14
18 33
18 41
19 0
19 21
19 24
20 32
21 18
23 23
24 1
24 26
24 34
24 38
24 40
24 41
25 14
25 15
26 7
30 16
30 27
30 34
30 35
31 34
32 8
32 19
33 2
33 17
34 7
34 10
34 19
36 17
38 3
38 33
39 34
39 41
41 6
22
13
17
56
19
35
7
24
39
25
3
50
48
30
64
1
15
33
60
53
52
5
59
51
34
9
14
2
8
43
38
45
10
44
18
57
63
12
46
26
55
41
49
36
40
0
16
29
23
28
31
11
58
54
21
42
6
32
4
27
62
20
61
47
37
167
89
-314
51
1111
454
-42
-39
227
-39
-713
21
210
35
225
639
1
367
1040
-53
454
728
78
185
325
356
1729
-45
-7
-658
166
597
-48
-752
-663
683
1453
-237
881
-632
-371
467
-214
356
575
1188
-155
297
225
774
445
778
182
205
-1013
549
445
141
-564
-1119
-56
520
236
158
-413
957
-643
-152
467
-91
-548
-660
471
86
105
211
-905
568
-567
-1031
-230
518
503
-436
-339
-221
-952
-650
656
69
462
1006
-1067
18
100
786
-832
-336
-770
431
-41
36
73
292
20
-497
-873
235
1568
1503
-335
-726
-24
902
-18
-287
-898
-25
203
1063
51
-593
-156
521
-242
-382
61
-821
-535
237
-267
-666
-131
-201
231
-953
-622
397
-331
-70
180
-60
550
118
384
78
831
-348
-235
337
-697
-1194
487
-679
-902
65
270
-53
-244
-231
960
1078
-266
-625
734
0
327
-340
-317
416
557
1027
37
-806
-735
-200
919
-729
-589
-215
397
-540
158
-92
153
415
162
-430
283
-106
-958
198
-665
537
-904
1047
682
-697
170
-170
-565
-1594
-262
183
-907
88
143
1267
340
713
-386
-630
964
659
733
-219
212
650
394
390
-892
430
-993
-333
970
-1914
-83
-87
-403
-644
147
-262
-1042
438
763
-232
853
582
-266
2
-414
-989
388
-553
342
785
-531
-1618
-99
-246
337
366
-215
1147
72
1621
-994
674
1447
487
-1087
-227
398
-217
1676
360
737
566
1443
-915
-454
-900
-543
702
1457
212
-247
-207
819
-89
580
334
-409
-634
-376
147
810
-398
-318
-1300
117
641
390
919
-369
673
-742
919
2009
498
26
441
1900
293
868
817
-564
490
163
-824
183
447
-113
770
-391
270
-413
-1035
606
321
-450
290
-924
40
-914
-40
-675
-410
1381
-83
-604
-1889
-206
-490
234
-1033
497
-652
-1348
-483
-841
211
-503
-196
-927
-481
115
896
-657
634
-269
-79
530
-48
61
534
-1055
-672
-261
-1091
-438
598
92
-1381
169
129
-50
120
-496
449
-199
-773
307
403
-329
213
-98
-420
-239
1453
-413
-1076
-772
300
-150
-878
-400
421
-1083
-634
423
1373
1060
244
-309
-102
-430
391
-494
436
-1007
-461
379
-775
805
327
-403
390
1242
270
-410
-1293
-310
-798
388
-422
152
1314
-618
1249
138
-367
891
-29
1277
-1775
-633
-142
-95
143
-123
629
431
186
-972
657
-1103
-244
371
743
-138
379
-1398
418
-674
323
146
183
-198
1020
-809
-90
-669
377
-1175
-56
373
-724
490
-852
-146
93
-257
50
-1006
-1175
-704
78
611
286
1426
-372
72
1158
426
-144
650
-255
-179
23
584
239
298
-1044
31
-354
446
-2456
873
-74
265
214
-440
535
160
182
-768
333
231
659
158
-31
817
140
31
759
-437
668
-45
1097
813
637
-57
-235
-306
898
698
-936
940
-1415
-769
-219
-467
408
-829
-535
560
538
297
-449
469
-365
292
576
772
369
-720
616
-875
-1136
815
-20
210
137
158
635
-206
282
-15
335
-948
-532
46
358
204
34
-430
654
-299
14
1169
-332
1034
252
-629
-945
251
-136
966
964
157
-490
164
1151
-402
-31
-62
391
-822
753
-740
-532
65
354
420
-769
-555
-998
643
-86
-610
-470
-17
-807
-645
28
-632
-526
821
-407
1286
1254
-1661
-371
-1713
730
688
-953
230
-717
-1022
-262
575
227
-951
1123
8
1553
1359
-198
-1494
-457
1611
-14
310
601
191
-394
656
1564
-1335
454
-202
-222
424
546
124
536
-458
-417
-211
-687
31
-318
-5
-783
-1413
62
1806
-1095
578
114
-21
1100
756
-695
57
1448
-568
-317
-88
639
-18
-478
1403
-1382
804
-206
-761
1195
378
163
-107
1
164
582
168
-86
879
383
-838
381
-696
14
877
-187
300
236
-519
-167
1334
133
1226
-268
-657
142
-1952
1171
-1008
-47
564
-663
220
768
-384
677
-193
-849
872
236
189
-210
411
-348
-357
713
875
525
-87
795
-500
-548
478
1045
582
486
-253
-553
1128
276
-422
1219
-790
256
-138
-1026
110
163
-385
-397
-389
365
1026
-724
-577
669
-434
-619
-568
81
-386
742
1
-267
-598
552
-309
-872
-79
-835
485
-1337
371
188
328
-114
-846
-431
119
-501
-999
-632
-1146
-67
41
415
-446
105
-374
-751
-1276
940
182
568
-79
1207
-160
600
-505
197
144
1427
44
529
-626
295
600
1035
282
-998
-52
332
1249
436
-35
672
-959
-1247
-570
744
-318
570
-499
590
-1297
8
402
-244
202
216
-644
757
613
662
797
-1453
167
689
-1204
-558
-77
-1216
95
-428
502
150
-185
-968
347
-151
-168
554
1179
709
90
-39
-65
17
814
-344
-1027
883
-5
895
338
896
-470
265
-1813
149
-498
-14
1165
-522
868
1254
-259
-997
-857
565
496
-374
-124
-455
58
-96
147
-545
394
945
-343
451
-428
684
991
716
1338
-100
-32
-219
129
-218
-461
0
140
-115
1363
-251
-172
-757
783
-1206
1074
-256
-1075
1092
401
553
713
781
-582
-497
344
-1783
-411
621
1084
528
-1035
-97
137
-764
-530
684
-652
350
630
344
-471
-655
-34
-810
-425
502
88
606
283
-1426
-1332
-370
-522
83
-613
1354
1765
-369
840
-171
-147
-512
-778
-224
-930
-457
-102
1479
1347
690
66
-292
-587
1368
51
304
85
-512
-1202
72
-1401
-766
-592
192
-414
-435
-479
-562
105
73
782
112
7
-334
-459
-814
-696
-818
456
-63
317
92
938
180
447
453
1674
644
987
24
183
382
-336
-738
562
206
527
-574
-584
152
-1168
-622
-334
1772
-1351
548
1911
-64
-9
-1209
-234
467
191
633
22
1007
485
519
338
-81
-242
-197
-1
-941
-796
-648
-1190
1117
-1020
-1148
-479
-1225
-339
-436
-493
1075
12
-384
1125
-472
-352
-825
-510
-9
58
-164
-534
-236
-360
-998
-917
-476
-214
555
-632
1376
349
342
-206
-119
538
-372
821
-584
266
-1409
132
-1355
85
493
1449
258
540
-1087
-223
-325
351
-114
168
175
29
659
72
944
-421
-835
-192
-755
112
18
-1168
244
901
-770
207
-237
516
597
-96
550
536
774
-192
106
240
-109
-96
84
575
-710
174
-603
-824
-555
-96
-301
-563
-841
426
-502
353
391
-437
774
625
823
-149
231
67
454
257
-297
996
-327
-665
1532
-622
476
-182
-700
130
-31
581
413
-711
567
-583
625
80
-275
1134
-328
-320
8
306
386
309
-2293
-1493
1272
105
1247
-163
-24
165
113
458
431
-674
123
-481
740
662
851
-286
1383
52
982
-518
-1503
816
388
283
177
247
630
812
-455
-865
-179
134
1041
-692
896
-248
740
-231
-389
90
-846
-16
315
226
186
743
1149
-57
-224
-927
1889
470
-884
678
143
114
1179
6
-273
-1096
-737
-1452
197
-92
577
730
-484
365
886
1503
-687
-722
-68
-1168
-340
-1112
-175
874
506
-245
246
-368
-166
-517
749
-337
-52
178
-510
343
736
100
298
-53
-1008
-1817
26
627
-136
-806
-518
364
-530
975
-432
-207
1197
-728
-753
-356
-774
-936
256
-352
696
-13
764
-1029
-49
-257
-1038
23
-16
-330
-171
669
-621
-764
456
-1138
-843
555
-4
-747
-282
462
144
303
-150
517
-474
99
-88
760
-495
-249
79
-718
-2009
-135
-523
605
809
95
834
169
84
752
-300
-695
-216
693
-737
-245
-747
-204
-415
484
355
-368
1721
-113
-721
-259
858
-615
811
831
-738
10
-877
874
-546
613
-888
-388
-533
-744
-113
-930
-7
-125
-396
655
336
-606
630
-115
1004
1025
287
-1715
-129
-250
-515
-581
-258
-11
-716
-215
-707
-442
421
-514
425
-701
-447
809
35
-630
153
311
683
502
765
678
287
427
-410
109
-421
-5
1030
-1207
146
1747
341
1417
-267
48
-1613
422
488
33
-283
-53
226
-1121
1176
-1051
-352
-718
698
-677
689
883
1073
670
-1096
-527
257
-1740
743
-53
904
-39
370
-286
319
-249
-18
-1098
-510
-677
-251
-637
137
-315
764
-475
-218
-728
514
735
-326
618
-209
260
-431
-883
623
627
327
235
719
-213
-983
108
235
475
-406
837
-734
-586
762
419
662
-162
840
-774
303
-275
1000
137
78
255
-6
41
-144
-184
-487
-215
-231
-231
86
-104
341
2
565
-747
-32
652
-180
80
882
-1024
637
65
449
584
-704
-126
868
24
275
-337
-968
343
1275
-206
-49
1393
531
853
-634
-1007
272
402
-409
-598
-76
-108
-238
940
127
-205
74
218
676
-765
-1485
997
-588
85
-43
-1040
-954
-622
-411
1448
12
382
-832
689
1014
189
-453
-595
-194
-974
937
-529
301
-90
-857
-1079
561
-825
-628
281
796
-368
218
814
125
358
-766
596
-176
301
27
-521
-50
-1254
-1065
-834
-780
636
751
-816
-298
1424
412
-417
-1249
51
25
-143
-301
-385
-233
733
612
-178
1074
138
174
-824
518
729
253
431
-486
663
494
-523
917
-678
-1011
915
62
-344
-695
-1062
-921
-301
824
-10
690
-247
1253
297
-771
-366
212
-389
-167
1212
-42
664
11
-584
-797
-756
705
477
-81
159
-387
299
1697
237
476
-1681
-482
-49
42
-957
-611
1616
1761
-7
-215
1323
-912
318
231
-735
921
412
-662
-815
1156
-521
380
392
-311
-214
640
297
249
-546
-200
-1046
57
-860
-774
147
-312
-1097
9
26
34
294
-306
-404
-1196
-228
-518
407
221
318
-331
-1279
95
604
104
320
80
-250
90
-1231
477
948
6
648
-1072
-60
71
-585
27
496
-299
-477
-26
-541
1214
1293
-334
-1281
36
375
793
-949
251
696
94
165
-1042
-633
-196
433
-89
-628
-1502
-75
-367
395
-817
1344
-1444
703
310
-85
-182
169
-130
176
-17
517
1664
-462
532
-20
-851
139
-129
-271
13
-424
-35
-55
-808
-1444
-151
778
199
417
-122
-924
-146
278
-148
-189
-820
292
-140
-833
59
207
645
168
-1243
1317
-253
-939
57
35
-1045
606
205
-363
-1468
1097
-1113
634
360
567
84
34
-1307
-34
1073
-168
287
-241
62
-411
-949
-6
-690
581
159
-727
1005
1347
365
382
-435
722
-335
-3
1374
-327
-279
-36
224
-354
618
-867
-39
91
416
718
392
-1222
-368
-970
1452
229
-184
266
343
-594
245
161
823
1540
-212
-874
-1168
785
330
-896
686
564
-186
-496
-519
1323
-929
297
-1233
1180
-324
-384
188
465
-931
493
-700
-1275
592
152
-153
-427
0
-842
389
126
534
-840
-668
583
588
413
-1025
193
232
-620
-214
-330
1119
-1035
540
262
-26
92
-1434
-485
-1086
273
594
-638
166
576
680
160
2434
362
373
-173
951
-216
-331
342
-761
277
-567
600
617
972
-1380
250
84
-558
-1105
-725
961
105
648
-96
-724
-174
125
-260
-598
-365
361
-1305
151
-508
-1081
-159
-5
645
215
-1052
44
1513
-1409
-296
-1400
53
-726
-228
331
-975
-1379
619
248
141
-225
216
849
863
-798
556
-778
851
535
-1048
-814
101
-67
77
652
837
-154
1164
151
-139
-506
-288
-290
262
928
-453
937
1108
-379
-196
-668
-594
698
-45
-605
-744
-239
-970
-378
667
414
1019
-328
-1029
84
-111
-78
-14
-294
386
247
-661
-4
858
-242
-1395
-961
1294
629
864
-712
359
-172
379
-225
-1868
628
-249
361
1175
250
-60
-542
-1200
-369
334
-1461
1178
-601
1950
801
-82
645
-316
-534
-499
-1238
-713
-207
-313
-729
197
466
790
281
273
65
-184
-674
1122
562
49
893
-410
505
-354
-747
-205
-1826
1439
-992
11
-1470
-423
-682
-854
-348
-235
99
1116
-122
-35
-903
-1516
-284
1130
-364
-594
-1033
661
-1322
-210
778
-106
-166
-520
-132
363
666
-296
-9
-248
726
-491
-191
327
-1888
-90
-14
1446
-218
-105
5
149
-997
-748
644
159
-733
58
-58
-35
-321
-306
192
308
-634
265
-555
-542
-358
-379
-655
927
-373
-620
236
-732
-176
530
-429
148
883
203
281
-23
-67
915
-1315
950
-1038
1169
493
1386
137
-364
-783
-90
-536
483
262
-972
1270
-1226
209
-428
1253
1409
-663
34
-375
-51
-73
417
411
-210
165
-69
340
-223
839
439
-1201
367
-779
-882
-695
544
400
-583
1010
643
-102
285
-526
-1531
429
-774
-218
41
-480
-727
-42
-501
-922
-332
-771
-204
-249
121
115
166
-351
890
1059
-485
389
564
-446
68
382
327
13
668
645
-244
-645
-678
852
727
226
945
-476
164
1029
-336
-414
1069
611
486
247
654
267
-355
180
24
-1610
-681
382
-392
-198
-10
-262
-67
-372
-846
-634
-155
187
-494
926
-891
-486
-2
574
-547
257
23
-1102
-706
194
-785
794
-389
-1069
976
254
1030
1618
-501
-702
-241
-350
54
647
-310
-186
-789
-991
-698
-672
731
-131
105
-343
133
285
363
-886
-468
-310
-433
-67
-815
915
524
-775
22
471
-311
242
660
-288
-1209
557
-232
246
548
-228
-404
-589
1568
-123
407
-153
1339
-2114
-83
891
792
52
769
-432
952
187
-1027
80
297
117
-469
30
1070
-686
29
-510
-1315
856
-515
-949
-195
-114
-244
149
-272
516
-540
-1206
149
326
-171
-670
880
1183
311
474
190
1766
-748
922
214
558
1084
869
214
-1624
573
992
982
-608
-97
840
-900
789
82
160
-41
633
94
-384
95
-333
37
-947
432
-48
-288
613
-483
-1379
-864
10
1742
-445
-898
-1220
-432
271
383
602
1261
-269
147
-235
1351
-90
-56
812
52
359
601
285
-403
565
429
-90
-119
-32
-237
-366
-520
365
560
-288
-1259
359
1498
165
1042
150
865
832
-129
629
155
-259
195
-282
236
-1234
1239
574
913
-516
1273
-569
-160
651
574
-519
-247
-631
-23
-100
168
-173
398
1801
-240
226
-766
-757
-315
-124
960
-259
-53
943
522
-623
1295
-20
879
761
1301
701
710
-120
-416
-703
347
-1014
-16
-58
271
1644
-252
72
-403
-882
-1926
-765
58
220
-19
-106
257
1005
-617
-515
-394
145
490
-458
-135
-675
1029
145
-871
-686
-312
-1142
17
89
47
527
156
-991
-575
519
657
1480
458
1310
371
-364
-478
578
756
162
1215
232
65
25
-310
607
244
-1158
-585
-228
313
-988
-668
-552
779
-293
-282
119
374
222
-66
-753
51
-1293
69
-262
-1069
555
-497
810
165
-68
135
1109
446
229
-1305
-654
-439
26
-379
-36
610
-1500
569
696
-610
796
-45
329
-249
-1029
634
-947
1418
-657
-98
377
-150
126
-469
-166
1270
13
-375
74
-14
244
-569
-113
403
-1104
-54
671
794
181
627
387
263
883
396
-546
93
-1023
-292
562
-226
-1535
-74
1005
-696
109
480
297
354
111
1218
156
152
151
-300
-422
-30
-602
874
157
1655
1580
-71
50
527
162
633
622
87
404
-260
566
-114
-508
-80
-295
171
-471
-264
444
146
296
113
242
289
-434
-569
833
34
-64
-976
-655
-53
116
-641
793
-246
236
193
-17
-725
10
947
619
807
-511
-86
574
-591
526
-468
652
1443
-79
1043
649
-573
-341
-1302
-132
-523
1384
466
-255
-226
82
772
-825
-508
-671
-493
-571
-588
-100
-495
-310
-653
128
230
273
-475
705
968
-385
108
1489
-707
787
-258
-861
664
-878
-770
575
-1658
-288
-1029
897
155
-26
1176
-730
395
-377
-382
-16
-462
26
771
32
475
425
-1648
-242
198
98
-1517
782
882
-332
319
-395
307
1121
256
615
-674
28
-1538
-451
-264
-376
-239
977
-320
-78
-329
843
68
176
-818
-772
393
-109
-469
465
-1011
-128
-147
347
-498
-757
597
277
285
965
659
-811
-1017
-202
226
616
117
-124
-242
152
-40
337
-976
-240
943
1080
139
1493
472
-540
-39
478
-469
-5
-1142
1053
-182
493
39
-329
43
-379
-1050
-146
-22
842
384
-649
251
680
-934
-36
412
1633
-34
-434
401
125
436
-596
254
205
-626
-669
249
1262
-984
156
-124
922
-587
-119
717
-285
-92
-212
655
-208
366
116
-924
-342
-310
741
91
263
274
-410
-1367
58
158
-370
45
601
-436
-166
-138
-291
25
706
-226
324
386
901
-1459
-506
-1132
-819
189
1266
-796
577
-391
-199
18
454
257
160
-382
-1029
-606
-251
-277
-707
1103
255
1324
545
1120
-829
420
1669
-2
-245
957
1038
25
-845
997
-100
1554
-695
-142
663
364
70
680
-1305
-82
42
383
-1167
177
624
-513
165
357
-635
-255
885
579
891
574
887
-717
-1738
197
-61
-439
-668
67
1787
-94
510
-371
-700
405
134
1394
-1484
-1011
-961
1633
-194
-465
-1369
328
308
270
-1247
276
623
674
-358
-274
-985
-133
74
-446
-34
-433
1259
-377
-603
-506
109
1331
-1098
978
1654
1562
-892
531
-432
-435
266
204
-836
352
-1663
-97
-26
262
-786
-1354
-158
-203
609
1049
99
831
-1034
1001
-855
1458
-1123
232
-639
284
1189
741
-42
-65
148
484
-344
-835
269
59
880
-361
1
439
-130
539
-108
328
698
1395
-687
-54
-148
-332
177
263
-131
-236
-206
-1802
-997
305
369
-256
110
833
-446
-83
61
394
847
-267
-203
-286
473
1211
1447
-1084
-898
-1013
-547
763
-835
661
256
-133
-435
-849
635
872
979
-205
310
-393
312
1355
-1324
-752
-1100
660
-53
817
427
907
-1084
351
180
-607
83
-385
-423
-996
143
-1105
-1372
1031
-574
970
-458
771
-22
393
-1602
103
-188
-305
-269
157
34
757
75
1025
158
-905
1320
1335
-135
-763
1294
737
569
-853
-6
988
-372
-41
-610
160
-1079
-259
-1470
380
-807
1138
-794
-604
-503
-240
-282
-598
1549
724
-687
575
-773
562
-852
999
-923
-223
-392
-329
723
186
-263
29
263
145
596
-622
-462
893
-142
-65
-360
-164
-640
440
-439
-290
-374
591
84
-532
627
662
-359
823
879
91
-63
-378
797
-304
329
475
-470
216
-364
-355
-736
795
-130
177
650
126
738
-494
-125
194
-240
762
-315
226
-750
261
233
-1356
61
1343
749
1331
5
90
310
-33
113
-741
-687
-858
790
974
-305
1472
-26
-494
-347
-285
1213
518
-739
183
-92
-257
348
246
356
-383
744
-1228
847
151
-448
252
-93
-669
361
-97
-662
313
407
803
-274
-655
-806
-852
-416
-1397
-1316
-526
-1020
736
54
1109
-402
-229
-639
-549
-294
-287
-198
-631
-1061
678
434
1267
-1460
-126
-82
-743
-544
-1022
904
916
-1169
-207
-518
356
499
-1295
270
174
-514
-82
-987
-19
818
-844
-881
690
-79
367
688
328
-765
515
-809
31
-597
652
605
14
-218
-1041
-833
-238
-663
-93
-269
830
-2155
-501
-36
121
511
-345
-1054
643
-414
213
99
232
-2
544
348
-508
879
-164
306
76
-139
-1132
87
-92
-1924
-889
-154
986
-1267
1028
224
-572
572
-33
-327
-793
227
-1455
-181
-317
-432
183
-1684
-1507
596
580
-16
-252
-97
-167
-1028
-641
-220
-698
213
727
239
342
-668
-196
466
406
-630
71
-963
596
-341
1127
21
432
-808
-185
462
352
109
-1422
-241
-526
-14
824
1161
-844
86
431
-195
619
394
-92
55
699
112
-288
288
-1380
344
789
731
246
-695
599
-1226
566
1162
550
-130
-602
29
-55
711
-358
-407
342
984
1303
-105
-131
427
-717
510
658
1541
-365
1204
62
-1830
800
161
381
385
-153
634
-384
-194
-1211
982
-235
50
245
1169
-148
569
-1392
134
-1543
-349
1098
-1283
714
409
120
347
-478
1126
108
421
29
748
-1271
75
-93
-412
-665
-955
-549
-379
-908
-890
-1528
-899
339
1075
417
298
137
763
1542
-319
189
-840
-354
13
362
-641
877
336
123
834
269
679
-377
320
688
-142
634
198
88
-852
-189
134
-655
-331
-947
171
-705
679
722
340
-469
43
965
92
372
628
-162
-596
451
732
-824
-215
512
-715
924
-1034
-937
1141
-488
-587
-477
74
-99
200
862
-553
1050
-87
392
-955
379
484
-112
929
-674
210
-1391
1475
-184
14
-180
981
1384
-925
49
-399
-293
724
-412
1989
78
-101
454
-438
887
-530
-817
-230
-711
-1037
-906
56
81
368
787
926
237
-510
-654
-146
1341
-492
-509
734
584
-576
713
-796
-520
-977
429
-42
-375
1737
-615
-1650
421
-544
1470
174
-910
1029
-444
-556
548
229
972
197
-551
-374
-199
439
262
97
-57
-656
-1105
-139
-411
1833
557
711
-12
-78
445
-110
-313
1
-527
-467
1152
318
-930
276
229
731
-503
392
-294
-345
368
549
658
1395
1224
-404
21
-832
-1315
-462
1720
117
-752
-930
-905
103
-299
-737
856
-546
587
521
258
-1396
8
989
328
-15
-61
302
329
109
415
639
-145
-859
-249
793
-31
1049
-1836
-744
536
-369
118
337
882
-3
152
543
-272
201
-238
760
-588
1283
-740
94
1399
1099
-1047
-21
-511
205
507
-186
93
606
-170
-845
628
32
36
-504
-438
-142
-885
-160
1178
-54
-215
-682
1547
910
-1398
22
-469
-431
-352
-654
80
-568
-1964
-471
180
-1115
149
184
-197
-650
-877
-146
744
297
-795
774
16
-359
-532
138
130
-1021
-699
-251
-302
-779
122
53
-522
-987
501
210
-1432
1550
-324
-814
-158
103
253
-1075
-425
471
-547
231
-877
1073
1
-93
-264
402
632
129
-956
-1777
-421
-770
-478
138
-107
-45
490
-974
1293
-253
-465
-124
992
-30
-1585
124
403
252
1145
1270
191
-154
2
220
317
1263
-696
224
148
-14
-698
-221
362
-539
-5
-308
-925
176
127
1359
-1429
-34
-1068
-320
-101
338
1253
-220
-1459
-2007
252
481
472
881
139
639
78
-599
553
299
-336
-906
-274
985
259
-1428
-722
-516
-431
-827
-868
779
612
352
-359
44
-377
547
1295
879
-286
431
177
-715
102
224
791
811
-308
-269
-1277
243
225
-22
949
216
92
343
98
-117
381
596
-530
515
-358
483
-407
773
-666
-139
-636
455
369
-541
-392
-95
-606
-77
84
-985
35
-525
545
-64
-300
214
761
-1082
-1115
193
-953
147
-517
730
-58
-737
120
-114
-1113
-883
454
-598
-723
721
-207
31
147
-88
-93
-293
1855
206
-126
-1053
1194
703
856
423
-1093
130
630
-668
251
230
-460
355
-1098
604
386
1315
-417
-10
-277
-797
-229
587
650
395
386
-338
-461
761
31
267
-527
-107
342
128
-1123
549
717
433
-861
-943
-311
-1192
103
-608
-797
349
1127
56
-1211
534
-866
404
1404
-974
25
-716
-918
126
-657
-610
-1350
-677
1185
363
227
1168
-191
-1699
251
-830
180
-1470
933
-158
-542
177
399
1128
1019
1667
1514
709
175
-369
-256
-959
-894
-30
-73
-41
529
267
-299
-487
197
-131
-142
-549
1471
11
324
-371
-205
153
235
-261
1190
469
-846
-318
-906
64
-1383
673
-124
1381
-1677
756
-339
-632
-189
191
-332
-562
829
211
444
928
486
-254
-88
641
-1748
-18
-1309
217
-534
154
-1528
-13
365
161
625
856
-756
-937
-708
-585
24
748
-433
-1146
464
-237
-141
-843
800
-144
-359
-496
204
487
-643
193
57
-678
-71
-240
-650
960
-1087
643
860
-898
607
82
-1003
-290
978
-679
-684
-435
-719
567
1700
556
845
-649
1320
581
888
-855
-671
-28
144
-783
45
1105
636
-667
657
1505
-507
659
-494
-1274
435
848
713
-422
27
913
814
-929
1206
395
1704
208
250
368
-1160
-280
-272
301
846
563
-1062
-1249
-168
1157
555
1109
-595
-254
582
-833
607
-1071
464
1809
807
-365
43
-240
-705
-944
-595
-309
74
-1394
8
186
968
-516
719
127
580
-1313
43
588
-637
-1457
-330
-384
424
414
-438
-937
-106
376
172
-103
564
341
-806
-504
-52
1067
2066
-893
-1018
929
202
350
1004
-168
180
-325
-218
785
185
200
551
-229
52
-180
70
293
217
491
1029
-444
-123
593
-558
-15
1189
-1583
-1118
326
633
1007
-459
-190
-859
-287
507
714
-110
-474
777
196
-914
-6
-8
-394
253
738
132
-87
-856
-1125
-720
449
-627
-156
-865
-491
-442
-1416
35
191
-785
-219
904
-447
-22
534
-6
445
-1080
223
339
236
2062
-105
786
-336
-1950
38
-255
-542
-15
514
-348
-282
1639
746
-404
281
-291
-193
-933
-1441
-737
-250
198
449
-228
-1666
-843
-1119
178
-1381
747
1182
-572
-292
252
-324
395
-576
588
-1253
41
64
-894
-1081
252
163
366
-40
-1726
487
-87
1348
33
-388
-539
-1510
-431
-136
-514
-973
-341
-581
152
620
-642
-619
-610
56
1472
668
498
351
1390
156
-340
1123
-655
-56
-1051
369
-382
-738
-803
-357
-148
-736
722
15
-243
-521
-592
-1604
-446
1092
-441
-51
903
-196
-508
-4
-232
-813
-807
358
285
-111
-94
-2145
321
1094
-624
1010
455
-217
1079
208
-409
-371
541
295
737
20
87
212
486
-836
564
402
619
-174
967
57
-902
126
-1235
-123
-450
142
1088
-233
-273
383
314
-518
10
-905
709
1426
817
553
562
-265
966
1555
-229
836
-752
1066
-1082
-219
-299
443
-814
113
33
-253
308
-548
-421
-10
-426
-58
-1572
283
998
495
-406
101
842
-104
-567
-1063
-386
484
-155
151
730
218
-85
782
-271
420
-4
232
416
-2207
-224
287
-512
-278
755
686
-881
908
-673
685
523
1715
117
-165
627
425
246
209
-279
-105
-1416
-246
-883
-926
475
-68
465
348
-509
459
-692
-206
-356
-506
-867
317
11
1729
172
-643
95
731
632
-135
113
-66
1826
-395
383
1591
-499
457
-1353
-317
-875
-464
527
-1105
227
-13
-141
275
1020
517
-2005
215
-79
112
-753
165
-125
-390
1209
366
316
-1363
-79
-1130
583
13
-152
1253
-59
150
-238
-303
488
796
-193
-563
114
740
-564
-449
-50
-605
-705
-345
-367
-698
590
406
127
150
-364
370
516
-1014
279
-898
155
-255
604
205
156
95
481
-2125
266
-107
628
-663
863
-50
-1050
-489
-379
-594
-630
-613
-428
-302
-21
187
712
-281
-1058
594
840
459
261
456
278
-776
642
427
518
1070
-440
414
-136
951
-713
57
-1934
833
-227
-1004
-30
1333
-401
248
964
519
-797
314
-179
321
767
-94
-1764
-131
319
-432
799
231
-172
559
-676
789
166
280
909
-101
-399
-19
490
-592
-164
-503
333
3
739
785
-227
-571
-36
795
854
375
222
-311
-1090
-16
228
-262
-629
330
78
864
-14
516
55
609
267
-435
1261
315
-952
-1092
94
230
176
-97
292
-624
-539
-1667
396
-925
288
-50
976
-187
206
-527
-119
-1370
406
-316
-1597
-273
1313
157
-389
-91
-742
175
-167
246
218
363
1478
-591
-54
-233
415
-59
305
1001
1399
-13
587
259
-794
1420
393
482
-1000
997
-22
-270
-1810
1173
56
-63
1037
1034
726
-430
-33
28
-767
673
-452
517
-799
1258
-509
315
-363
-401
-709
-231
-502
-679
89
-529
849
249
43
185
-504
-738
-71
1275
-299
-323
-407
-110
76
88
485
-591
28
75
-688
1094
598
-275
637
-1472
572
-304
-829
452
-1659
-609
-128
-561
-160
565
26
-455
213
-246
1153
525
-410
1006
-949
135
146
-497
-1279
-293
218
-422
426
-245
-378
752
-252
968
-752
-114
1373
-546
-552
597
245
420
-1091
531
-90
-773
-421
744
-1612
1012
249
-743
1002
339
-59
-1333
-247
474
79
-976
-119
199
-400
-175
-438
-9
772
-1065
-560
-929
394
235
727
-124
-1398
-1419
422
-107
279
831
561
81
-1027
468
424
-444
78
-260
-401
80
456
-665
841
641
41
768
806
1191
-1868
-230
-1296
225
-263
955
-157
-813
-619
-1145
-218
-1112
11
380
732
-679
942
245
-1170
-873
-1062
-431
107
68
132
428
-259
-184
100
-70
-66
545
721
-339
-2385
-556
-484
125
676
560
-616
-1239
-631
171
104
-710
117
336
-1380
463
1592
-676
713
-232
-374
-632
331
-60
1772
-81
1467
-173
984
264
707
326
-479
-1079
-693
149
-603
611
-304
616
318
619
-287
-1627
417
-80
1548
-854
251
-284
-1366
-119
-433
-1119
-294
307
1328
263
-466
-89
-265
586
-540
1295
460
-478
-451
-1429
322
-60
-358
-286
-512
945
561
-998
-311
-140
-298
372
-713
-221
-315
610
397
1115
-332
-786
59
-706
-1298
-866
374
-600
408
1207
-445
1306
577
663
786
259
-1014
-401
53
890
898
717
200
-4
-709
-806
80
-712
-559
814
-325
-87
-330
131
720
1163
323
-906
234
-707
-265
-187
-23
-747
-669
-532
-627
-156
155
300
1459
320
2200
-435
330
383
115
55
435
522
-97
-564
127
-447
259
-915
58
-284
731
785
-974
-476
-909
690
-855
761
391
932
670
915
-917
1332
-169
-254
-14
-739
27
-503
-458
-982
416
-448
336
465
1233
-227
-136
-742
-738
500
-1242
-765
177
-35
367
-681
-1116
-760
410
-194
-472
-1152
-316
336
-1634
66
-1570
-495
-132
-423
934
324
-1023
657
454
-669
-807
-49
416
-396
-475
-2405
362
-858
-13
-523
803
815
948
-25
1085
-1028
217
596
-797
82
-46
794
243
534
233
-12
-102
2093
-54
-268
153
659
-1431
200
-158
213
-359
970
394
-420
-165
-627
-498
-396
-516
-898
-321
81
-279
395
-598
23
336
1200
-1365
-1062
1025
-370
1261
-158
-568
101
-8
-717
-284
-914
-149
-263
-324
-134
747
-116
-647
769
13
-654
-300
-798
-367
-437
-441
1005
250
1040
1103
-325
-807
-517
-1894
-564
783
-166
219
-330
77
-1684
116
-892
-480
-125
64
727
-542
352
-108
-443
154
322
-57
-44
-1032
-690
1061
1409
-1583
-906
98
-1093
377
-260
-429
678
-572
-475
-577
-1093
-312
585
-589
225
169
290
930
90
-109
-62
238
964
400
-940
1040
216
-1347
999
709
183
1289
409
-431
243
-268
186
915
492
304
-296
-207
-683
114
-471
1425
763
-75
246
-335
-746
220
-336
-428
182
433
621
-678
423
-1233
236
260
21
900
480
191
110
-1286
-623
-315
-770
515
-443
577
-34
-509
-776
-808
510
-612
-170
316
-351
83
83
-1252
-775
22
998
-366
-78
-528
398
-376
355
310
-359
1148
-141
-126
-616
301
-459
421
-717
-137
291
-663
-507
-123
681
-103
282
1543
606
-252
-76
-736
-104
-249
-48
811
378
52
-745
169
-685
234
557
564
2109
-152
-436
114
809
1017
1268
-581
-1478
-1129
478
-120
-363
107
417
124
1023
450
-834
-593
369
-796
579
-325
896
-555
218
-969
249
-366
813
-1830
14
-406
-78
-573
530
-1480
-5
280
496
509
-281
-740
279
-280
-908
-190
-64
469
637
862
445
50
349
-102
-1336
527
115
114
-212
526
430
484
-83
-560
-662
147
-262
-614
328
116
105
1104
-720
346
-575
482
-809
-641
-805
-1523
940
705
-297
-329
-573
-324
1073
-908
1219
-892
498
-591
-206
809
-43
-1023
-1517
-344
1165
-1020
88
-1794
-322
472
904
-676
2048
-560
7
485
103
24
-628
-44
-603
-52
-245
54
338
951
296
-664
370
-525
349
-632
230
-1724
-302
-27
123
1020
-148
-181
695
1000
113
1399
314
641
-122
-103
-167
784
-138
-537
1238
739
-519
2052
-206
-152
632
263
324
1006
-105
-153
561
-203
1440
-923
766
-358
1863
-113
-1179
238
359
357
-1452
369
-617
623
-652
656
-584
-146
1461
-441
523
881
-67
214
-271
-812
423
105
65
-1023
368
-169
270
175
285
36
319
-311
-596
-656
286
219
241
-1030
616
276
265
35
238
897
-197
765
1508
631
-426
-582
-417
389
-463
-310
-525
-124
-1205
-314
-819
-785
-327
-203
1787
-738
1711
-66
-766
-126
-1378
-320
-597
1135
677
-124
-198
199
-335
357
712
-291
935
-105
-1320
475
-698
104
1074
-76
-888
317
-68
-622
593
-169
-1102
-301
-572
-127
-742
-204
1121
-946
341
545
-258
-1234
317
403
-99
-972
1589
-469
-451
335
-28
129
63
531
174
-225
-383
-532
89
453
330
381
109
1137
873
215
-797
-490
603
-408
384
-17
-188
-351
217
1292
-1404
22
-1056
102
530
-714
258
-84
-745
-517
436
362
829
1327
-515
195
-1644
292
905
853
-160
480
1145
-726
24
149
-596
572
556
-250
-465
269
481
-1011
-861
777
100
986
1151
-361
1117
418
-381
237
692
-47
1895
-492
-788
-276
-1015
417
-745
-431
-163
845
38
880
1259
1644
1658
403
79
-894
-735
-805
825
-86
-618
211
46
-919
872
-182
-132
-359
-837
-336
-30
215
6
-1145
-233
-339
492
-1024
-1027
552
301
-958
-126
326
-246
364
-182
-422
-1018
-116
714
-20
-1531
65
-531
72
26
389
-774
138
-289
369
341
-348
291
-99
696
-219
-262
-85
-107
-934
1077
-1170
17
370
-8
-1140
134
-1027
730
-350
-794
-203
-932
996
77
792
893
-1473
1361
-332
782
-464
226
16
439
-17
380
485
-351
-1148
-419
-652
421
231
-89
127
447
1088
231
543
-848
507
-564
-1972
-277
-568
501
-775
-546
-668
19
213
152
-84
-823
-1178
1068
-259
711
-103
85
-33
444
89
-515
-468
323
-317
63
-613
948
-492
-724
152
-275
567
851
-447
953
-629
-626
192
-443
-502
-696
612
210
1277
487
-694
286
-681
22
550
159
-246
79
-37
-804
606
-105
-851
1090
-393
740
505
220
99
905
-857
-989
1038
-273
-79
-576
838
587
-619
902
555
111
-825
455
-696
-394
-498
-70
456
1058
259
870
-266
-360
-709
37
-532
-114
-259
290
-768
-692
-2667
-952
725
425
132
-169
-160
-983
-261
-68
-9
462
639
542
-396
-865
407
253
301
-1236
-119
602
-1229
-374
-574
379
362
-290
-1757
-321
-1376
1112
-286
-91
-814
666
-12
-581
-339
-776
202
-227
212
187
31
-312
-76
1090
-68
705
889
-1323
141
569
-557
848
414
704
861
792
-1235
-956
-170
-27
1163
-277
-791
1028
1020
-392
-445
1100
-94
1007
-1394
129
826
-773
69
-290
755
-607
-665
-100
-466
197
-368
-798
-122
-802
370
-894
189
-533
-181
-456
215
-42
-925
241
-826
-130
-1278
1639
-467
-277
189
199
-84
-848
257
-130
-592
675
-953
889
-481
302
-545
786
-92
-171
-373
-890
-548
102
-132
318
-547
-507
-108
241
945
1049
490
4
-557
704
230
-929
-1051
162
-1295
-77
-1225
-450
15
440
267
-333
155
26
215
411
-198
616
962
-362
587
-36
53
65
-340
-99
-223
-919
32
-231
792
1427
-544
403
922
-361
891
449
267
45
-393
420
-969
136
1476
-889
238
-126
-927
438
-716
-971
394
-567
-796
427
-231
834
-32
370
-453
-426
-398
-36
204
-647
-552
-276
-469
-650
669
-458
-529
-55
768
-275
567
-452
289
604
1289
147
1277
474
-1049
-1654
524
-291
-426
-180
-10
-195
502
-653
-336
-608
399
-330
161
518
-842
443
-1606
-766
1313
-294
395
-531
-561
870
260
-724
464
736
2
-78
1495
212
907
-49
616
168
1228
-605
228
660
-521
218
-488
168
650
-240
759
1131
-1449
-266
-368
816
799
-150
880
553
-899
-426
94
-570
-654
-371
-403
297
1707
-374
-13
-478
-317
480
518
1367
476
652
1183
-125
-268
-481
-218
-114
-990
-921
967
1177
682
440
1078
56
-163
523
1173
600
-1589
384
-1570
-617
481
-431
-26
981
142
138
208
709
-535
-411
488
456
311
232
380
-621
383
0
-437
275
-314
322
-125
-991
-1078
895
-227
-448
-144
-212
709
677
943
-569
-36
-1128
-288
-419
-617
1043
-128
-369
520
-676
193
64
-232
-1265
586
385
308
-470
-1043
-603
-639
-200
-1008
-693
628
-251
-709
212
-569
775
-813
-97
-707
-49
150
-59
960
-251
371
-468
952
146
153
-343
745
124
-1180
-845
-31
-1060
-1268
-198
1072
661
-415
-468
231
-649
106
615
197
-1181
737
-130
202
238
-739
60
124
371
-560
255
72
-1118
-543
502
346
221
313
715
144
959
-358
-683
951
389
11
992
-29
-148
271
-971
64
-569
-1248
280
64
-309
19
329
377
-353
-163
21
-156
-429
-359
-294
653
301
-521
94
59
566
1202
-662
1259
1020
-251
-669
-948
-490
-2
-186
-96
-414
470
595
71
-333
1009
13
-27
83
-1061
675
-615
453
-842
310
138
-367
-26
918
-62
87
102
884
-459
-121
635
-818
-1198
597
-464
-303
-4
-194
1557
1168
1711
-469
-887
-421
121
-526
-992
496
950
-292
-631
71
20
-176
-164
46
-674
408
653
523
747
1
-981
-1197
-323
-207
-1798
1197
137
28
1054
317
1259
24
-595
-14
1350
61
-1534
210
1055
1231
284
-646
-636
39
-239
1106
646
-360
-469
-1545
906
-379
1694
-529
303
274
204
-148
-239
108
843
-1328
-269
-1235
167
-45
-131
232
25
1188
-550
378
104
98
-655
-747
111
-85
-782
8
339
-150
37
-620
212
933
-887
118
977
255
61
259
464
677
94
462
523
-877
-395
-245
440
-725
-422
-36
912
589
838
-415
515
347
511
672
284
506
-763
-662
431
145
-652
644
-320
1055
730
-1194
418
188
-840
-1278
197
-1770
-64
306
721
1315
551
-548
-1027
709
1205
2
-1525
-59
-962
-631
749
687
734
-235
519
-394
-507
-346
117
565
443
1237
869
-562
439
-1154
50
545
-396
-24
-205
260
813
-231
-853
117
-257
1806
677
301
-1323
-315
1399
1013
-63
-215
-341
-374
-2
369
-160
484
1950
954
-219
-1053
-427
-312
310
-358
439
-1131
-232
67
366
-160
-969
281
490
110
843
450
806
229
-267
-256
869
415
658
-541
-622
10
750
161
-31
1198
26
-326
-365
-894
-111
517
981
697
-127
287
526
604
418
792
434
-187
192
-1604
-1024
-1213
-539
-702
-777
-973
262
-385
179
-392
475
52
710
-1382
-111
241
-329
-329
-226
-598
-872
906
-1261
-217
564
1022
141
-1012
55
-1452
46
735
1134
-1303
77
-1209
568
495
-53
-4
-779
111
183
-119
234
-860
-534
5
191
-533
235
10
596
954
-908
916
845
737
-1208
-1108
-181
406
406
626
-714
-272
272
256
504
188
238
-197
258
364
-709
-1441
396
-288
495
-101
583
695
475
62
1472
12
214
-830
-1360
-1328
-1639
242
-1226
808
-70
-180
403
-310
-1763
596
-126
352
-1209
2112
-200
-399
576
1098
152
17
1145
1545
-69
-243
71
450
975
-129
-413
177
-1296
148
-815
-385
1353
1558
-820
6
626
-481
-603
1227
1584
775
647
1159
170
-396
919
105
-80
-182
1113
567
846
1441
753
797
1259
106
665
725
-471
-197
-112
-277
498
-68
-530
107
-156
392
-1074
199
-288
-263
924
833
-609
-177
-516
1028
-195
377
520
-498
660
-897
25
-403
-174
-33
154
-1094
1994
66
-525
-823
268
82
1526
-413
404
-180
-329
-624
543
-950
-385
-63
-657
816
-990
820
641
-607
470
417
84
808
-578
413
-374
509
-1288
-668
540
-1544
600
128
845
-508
-787
780
1003
236
-1391
109
-820
442
39
-7
445
-76
494
390
220
-534
-191
-6
55
241
387
-84
-97
104
530
13
434
57
-306
-443
-708
-412
768
-646
-657
-1671
61
739
483
-52
-862
226
1289
-429
-464
1616
-65
498
539
-578
-267
-148
-743
367
271
-660
206
333
410
736
377
258
1076
-715
-250
-25
70
-537
62
-252
-336
-859
-668
1490
-134
613
-139
-444
-754
917
14
526
-94
260
-1189
-207
-1027
-537
-587
536
-1040
1709
299
-249
468
790
-997
333
294
-146
-39
467
-1311
100
-26
97
-106
542
-1585
760
575
-610
-204
635
-343
1052
46
-753
59
-1587
-455
788
263
591
-118
-41
-378
-611
-591
-74
1461
-1277
1569
265
68
1781
-207
-444
-1428
-281
-1533
69
-555
-724
139
-848
-623
188
1423
504
-452
550
-1521
-785
519
598
700
-322
140
478
349
-1123
-483
-12
-679
721
331
675
-685
-113
-251
-826
-273
113
-1076
-353
551
-337
539
-61
-439
485
-951
-1200
232
-455
125
-326
-689
841
272
-329
-1366
-274
647
1115
550
-793
838
-157
51
-753
-909
-718
542
1229
-341
-503
103
-104
-314
-471
384
-676
-858
-839
-416
52
-135
8
-932
-583
-123
-664
884
273
-403
-1020
44
-4
-274
717
-598
201
-440
-1405
-341
268
537
-957
-65
493
1402
-167
176
974
-895
854
-801
-539
1792
716
490
-920
-667
-754
389
649
-598
-209
107
-130
522
-322
542
-522
1107
179
-860
224
-484
-1226
-556
947
-648
1150
360
93
-1437
-255
2484
-503
77
1821
137
-820
-126
155
-1412
180
-1393
-844
-45
-1319
-1148
966
705
-337
-16
-316
426
335
-103
56
578
609
-35
1222
-165
-882
-410
278
619
-388
880
-227
547
322
-781
-155
233
-621
-88
477
-39
-472
354
-75
-540
-224
235
-669
-262
621
-211
-471
-947
34
104
-456
-78
-817
-431
-305
-1239
671
-405
-799
1908
671
-1097
307
251
-893
616
-242
31
-75
905
-678
326
-143
265
178
-679
-652
-1459
-543
-284
1881
-1081
-586
-35
-896
525
-19
-82
-114
-163
-753
242
-1023
-1255
-128
312
-303
-542
-1501
-642
-1018
-597
816
188
671
89
1057
1355
488
-345
491
-702
-1170
93
-653
642
94
-810
389
-674
-1024
784
284
91
-232
-516
757
191
514
-741
-109
544
12
-686
-788
520
-973
869
625
-1043
-570
-578
690
-964
-139
-1072
-472
-74
618
117
916
319
-654
-41
-63
-3
113
106
137
1162
-1106
529
-73
623
1024
88
190
130
848
-332
757
31
8
668
-250
936
3
498
-446
351
428
318
96
-190
-186
-852
-326
-7
131
1545
-58
-1109
547
801
267
-363
176
-418
1
89
239
1365
-2143
154
795
942
-1635
614
-522
306
-407
-437
-237
-428
510
-193
-187
621
439
-576
-15
-487
-1351
-968
-306
-114
-338
-516
-77
-626
-430
348
211
-741
-141
-622
143
147
48
-688
771
275
-271
-458
500
1277
-400
342
-227
215
709
-534
1195
-794
899
784
-1028
-350
521
-498
1013
744
424
135
-82
-1130
-610
-84
750
742
278
-1561
-709
725
-19
272
-401
-383
599
137
249
-698
-1417
-835
450
440
-550
-1260
748
283
24
739
-263
-1082
1465
158
582
1250
217
-1525
-2298
115
-1044
-1058
240
925
-138
-432
-827
324
1634
583
-114
341
1140
-202
-635
615
-614
770
-462
-235
-259
-346
-339
941
978
-177
527
-821
163
491
-1130
-320
435
402
-495
13
587
693
2
210
289
1408
-1500
-639
-402
431
150
-691
-64
-571
-1012
236
933
-193
-470
-670
-68
616
-1045
65
-970
-311
75
1369
-1330
-24
172
1965
36
-100
-410
2
-714
-941
-239
1529
-401
-930
198
-1347
542
-116
154
301
-1078
-376
-375
23
1164
-688
1188
443
319
846
-1140
614
-855
85
-1448
-201
734
-294
-460
-698
-658
280
1044
-87
527
440
-33
840
64
862
694
-47
-1556
741
-539
-137
-218
-361
1175
-312
-942
835
-99
569
931
-310
-392
-1036
887
-452
-18
1366
-805
-1066
-478
-1350
1139
618
-924
1295
-1019
-250
434
59
-438
723
693
203
141
-99
-2494
159
-816
16
-541
-216
-31
-44
-353
-889
-697
1000
-655
599
1157
358
568
-744
522
-487
7
1130
2051
143
-216
79
-678
-801
-160
-715
299
1366
-333
-123
593
-694
1073
87
41
78
108
-1073
653
688
731
275
-949
726
-547
-502
1171
-766
80
1227
-781
-371
465
-335
-207
176
998
-789
639
36
-138
192
973
1027
-308
-534
138
-715
172
-381
388
551
1371
893
-144
655
692
-609
190
8
-728
-295
243
254
1611
-943
-315
435
-572
-671
276
-417
131
-991
233
-386
-259
221
-37
789
763
-1077
-1291
-767
1061
-793
-1100
-23
388
1100
172
685
-219
621
436
1120
-824
753
-1032
-402
-24
-107
1295
714
-680
-1978
576
645
92
300
-16
282
-402
469
368
-542
-834
1236
-180
271
-518
528
218
-977
-288
-770
11
-210
725
725
1137
818
13
1271
277
315
357
-1909
-353
497
719
-273
1068
841
114
651
886
-569
170
284
92
-532
-502
249
-629
-475
-1165
605
-87
646
338
-237
-1016
589
-271
-125
-1613
-215
819
-154
-579
-240
-1018
647
1682
-839
-378
-411
-265
-999
642
178
-230
1031
-731
240
260
-30
-187
-434
-395
368
-846
-157
-264
1075
537
1176
-667
-288
-317
14
571
18
743
-228
162
216
225
-1605
-924
284
125
688
134
-448
-1631
-132
465
-1402
-446
-1215
-93
926
-1693
-345
251
-1152
158
577
634
-356
1497
49
660
-825
400
682
516
-451
458
200
182
68
-110
-133
579
156
132
-196
-1057
63
-1377
-1141
-25
-285
284
316
533
480
-192
-154
-216
158
-159
305
-546
335
539
-123
74
603
611
230
1080
467
334
28
450
-986
-534
695
169
496
-801
-842
534
895
-172
307
511
-34
1155
-78
132
-35
320
505
-503
-112
-137
142
103
-532
239
59
-859
121
165
-1197
-783
-415
1102
-53
606
-228
1635
-238
-806
-658
-293
48
-123
286
-712
1215
-460
-130
-408
163
-1229
634
985
834
621
678
496
-514
-1081
-107
708
-856
-1062
-964
-605
737
-496
-298
523
30
464
-142
-1525
286
982
-249
215
-1496
344
910
4
820
-460
-540
963
-575
636
-1035
-247
553
356
-453
79
1114
-1224
-39
183
-128
-566
-881
37
623
468
259
-289
-1028
290
32
-271
-351
632
-20
-2701
37
492
-807
-1432
396
-640
543
942
-246
-927
33
-724
1830
332
398
1703
183
-396
361
-629
-357
-758
-305
-563
773
378
641
96
400
465
-229
-375
-125
-816
-183
909
584
-222
-307
-1617
-1013
-797
83
-987
464
-1070
-292
605
525
366
-902
-696
529
-1331
-645
21
-81
69
334
-437
-201
519
886
925
476
-17
1004
616
796
358
78
394
-464
-843
462
-1138
286
-126
303
616
423
-429
-1063
1060
-234
353
300
758
675
-1745
456
357
-254
189
-511
126
97
372
807
2018
618
-925
-127
-795
28
-813
-293
-881
-752
116
2115
-69
294
900
824
251
401
-377
397
-1310
117
387
170
83
-605
-966
13
-146
133
-545
400
421
177
-800
-326
-97
-446
152
738
-38
60
766
1138
-218
-823
-132
886
-459
-1132
-1070
1197
-47
104
423
-1054
-1788
121
-196
1211
626
-158
166
-752
-204
669
-26
-244
1264
92
-16
746
-466
-1060
-222
245
-219
950
-230
-949
-437
1071
-263
176
-273
22
-126
-776
1214
492
-29
-143
59
-790
-176
-690
-488
616
-108
306
-878
563
491
-410
423
349
-12
-428
472
826
-880
-973
11
601
592
735
-48
383
211
638
-546
1060
38
599
-355
217
909
575
-307
350
-293
-232
730
1190
-751
603
-1057
-339
610
-816
-506
-617
416
-1216
75
-1064
-69
-146
-443
23
-451
392
894
-137
-230
261
-467
-22
-13
-251
-439
391
376
-540
-704
-933
691
736
-534
-501
321
-640
57
-602
-1333
-392
301
1401
1726
676
772
-410
570
-12
-103
306
-751
500
523
-915
-157
615
561
-437
-3
-331
949
272
-325
-73
1085
-18
-546
902
-283
-271
-535
398
-373
-964
-373
-510
628
-935
623
33
-1328
1277
-307
-282
-1386
-617
-742
198
866
1113
246
-610
-1029
717
1154
447
-427
-598
-30
276
-469
1165
-1122
-616
132
-356
274
-216
812
-966
-1169
-378
-1565
-38
322
59
-1105
448
-658
-1021
-145
379
-328
252
-803
274
-483
1353
386
190
-1053
-164
1193
-715
-1044
778
975
291
-637
37
-643
353
-447
-739
292
945
979
128
335
-919
483
-89
-292
470
-741
-363
627
-82
564
933
877
151
-524
534
-654
247
-736
-435
390
621
349
-607
-71
-52
-412
638
478
564
181
-142
118
-475
-535
-228
338
-276
186
-433
-310
715
-943
472
105
1449
37
-122
194
-526
-20
373
-96
655
-1634
384
-34
466
41
837
641
-1025
125
-309
720
692
-904
1158
947
255
876
379
1126
524
377
122
497
-279
-398
798
69
1428
-387
645
305
-194
453
-77
57
-418
421
-420
-832
-559
10
-433
-512
544
-311
983
275
-869
-406
-692
341
-421
-241
-335
519
218
-69
571
-46
-243
-610
-383
253
-503
203
-658
481
574
-848
-1045
850
-1037
-358
-227
-606
-513
314
93
977
-167
770
336
-389
-292
63
537
-685
-421
117
641
-1322
135
-984
884
1633
355
-338
1256
328
-150
-261
-20
-1228
-333
916
498
-9
55
-661
466
865
-709
163
-69
-1327
702
531
1905
770
3
188
-517
82
332
274
833
204
-1809
-228
-667
-1
-912
307
548
-763
-349
133
257
767
-382
-744
1148
1633
-1391
-560
-291
616
551
287
-209
32
1557
-826
429
-850
-197
-977
670
371
-498
-46
608
-995
-579
736
358
238
285
-151
-106
-1338
-586
-839
-238
-88
-827
567
-988
-288
366
928
1255
629
-709
585
-223
-1233
-123
1628
-545
-824
-1074
-190
650
484
893
477
102
170
632
1567
-376
728
-284
478
867
117
-865
85
-555
-194
771
34
177
-216
576
593
-268
-50
280
-108
952
-19
-55
337
770
492
1035
-267
586
-599
88
589
3
-882
-315
-434
446
-404
96
340
-25
-183
229
-62
-595
-2
766
-686
952
-12
-420
875
-406
105
-240
-181
218
529
-1062
-1157
1223
-701
586
449
1203
-167
590
1004
-420
565
-411
528
-168
-954
-311
-157
575
-903
-479
719
775
113
-148
-362
1330
-785
-587
62
534
241
674
144
104
413
203
1100
-732
921
-912
367
-210
128
-29
259
197
-600
630
77
-35
917
-324
-1051
581
228
-97
416
-320
-744
4
-430
-686
-1147
249
-938
-826
-79
-288
457
773
159
366
70
-495
-537
1058
-435
566
-510
-553
832
-1452
-50
-616
-612
-1158
-1190
-245
-358
-257
1224
244
-1389
260
-829
726
-315
-312
667
-641
971
271
-1044
-12
176
1104
443
-11
-418
-283
-295
169
-300
-795
-73
-635
-1309
949
257
982
-32
-49
-437
723
-32
-571
-1521
687
669
412
-1230
19
1518
1614
-1366
-1113
-882
-359
67
58
36
166
-688
100
-807
-947
-576
847
-798
819
-550
-260
-122
-1031
115
687
483
-79
-657
-1331
-258
-592
-594
-1027
852
-250
-165
-305
538
574
-1086
326
-602
514
-1690
436
1353
871
138
-419
623
229
1083
861
-181
-183
-108
832
-146
636
-325
483
-934
-420
-1063
297
899
211
387
517
-579
-596
391
-442
820
-954
-1812
-634
-1337
702
851
620
210
-958
-503
127
963
191
829
664
40
-807
-443
619
-697
-484
551
684
143
-961
1027
-34
1211
144
4
-491
-967
-1183
922
483
-277
835
-802
628
-738
-1037
268
258
517
-430
-74
-365
564
-34
307
604
268
-330
318
634
197
-83
761
287
-1021
1023
-678
95
-1640
348
246
-666
-594
964
-320
1011
-368
238
-503
-184
855
-868
-258
-173
-461
1628
1237
-403
-357
519
1593
-232
-100
-466
-1124
-280
-100
265
-382
-723
147
-633
-491
100
42
-639
249
-675
676
506
-447
604
-406
598
313
416
-681
443
154
247
-15
-100
-925
-1037
-287
-1373
-673
-23
-170
-251
245
-1098
515
-291
280
-12
-581
-700
389
161
-498
-1175
365
-651
122
-433
-192
-1088
-378
-649
-445
-171
356
-1566
-14
710
-1662
233
605
-523
20
-526
-215
-379
-33
894
541
-466
873
418
817
-619
602
-1060
740
-1236
333
458
-181
576
357
-1041
190
841
53
93
1118
-1091
-516
71
-748
-336
733
372
468
-461
-16
-267
52
972
949
-1150
-103
191
-529
-415
-208
-147
-1490
-328
351
-930
144
-61
-716
590
592
587
-507
1274
554
-1234
-284
-732
207
-619
-1422
486
566
-8
-573
186
8
828
530
694
-283
-354
-947
704
-30
-237
324
1156
459
251
732
566
143
672
167
-191
741
67
587
787
-1005
-875
-47
-83
-623
1288
-975
306
205
302
503
1008
173
187
364
358
433
847
-557
1305
-488
548
671
-47
-410
1224
-107
-327
18
-385
392
774
-380
526
-305
140
147
-697
-83
-923
732
681
459
26
-943
452
-969
25
1100
-740
1232
67
882
521
-890
-308
-270
107
-222
-158
-300
-140
-966
-105
480
-1536
46
676
750
625
-446
182
-447
-509
62
393
-965
-684
592
917
-289
455
107
1476
-320
-1776
137
-68
-258
416
10
739
468
-98
136
-406
164
626
-3
-275
1349
618
388
-1358
-805
-374
629
261
103
-149
134
293
724
-297
505
-826
552
-105
1137
309
1487
553
-319
1561
345
507
230
-140
560
567
-181
-1198
306
-343
-1231
-1654
-757
1394
942
831
-1566
597
142
277
597
349
428
597
-975
-291
-335
-257
1243
495
90
-420
-624
1353
-149
445
907
-780
-1095
-257
-141
447
-1060
-129
-391
-21
-179
864
253
-73
-203
384
1353
707
622
-148
-739
-1572
-306
-95
605
-667
-466
-1094
78
284
-311
-333
276
-619
-821
-294
819
-1051
204
665
402
358
932
629
-509
-1346
-1337
947
114
-57
360
245
555
-1584
250
-88
95
-661
-47
-375
115
-271
80
123
-628
-856
-1307
265
552
-226
538
928
383
1366
-1162
-933
-36
-166
-837
99
-381
153
-769
139
219
381
271
-639
-833
174
902
638
-447
-82
422
25
-35
-656
-670
852
-1159
-188
-223
-179
28
-1260
-251
-540
233
429
1677
-1017
-78
474
903
711
-822
385
971
686
1624
-233
460
208
267
-233
-371
368
-1032
-489
-233
-46
705
-716
-253
473
-256
880
-619
-899
1305
-484
-727
320
226
-625
765
-1124
-1065
145
-631
-593
883
58
-285
218
-381
1001
705
-889
634
310
146
-823
331
241
-250
-370
555
806
680
440
1273
-800
-49
-635
990
-41
-176
344
1578
128
506
374
-276
-329
-881
-1036
-704
1160
438
-389
-61
684
-312
-826
250
346
-499
118
-322
602
209
-1140
-362
370
-11
340
1238
1415
730
-218
-892
230
-823
-1219
-922
712
-296
-245
232
17
629
756
200
79
-1096
36
-4
-1604
-415
758
-716
685
-711
-743
1064
-370
-1334
200
-364
918
233
388
907
-876
442
339
568
-484
-4
1117
-706
35
-1123
-556
-14
453
45
-69
837
205
706
-542
-116
433
-101
1453
-87
776
-182
-526
294
-225
-491
61
-220
-48
-624
-576
686
-243
13
863
751
-268
251
-980
180
460
-231
-574
244
20
468
-298
-748
-420
-1142
178
-273
639
195
953
-1082
-876
-174
712
52
-1296
554
-360
1036
-1695
1212
410
1084
-133
-540
689
163
-673
-103
-222
-520
227
-827
214
166
402
992
335
-672
489
487
379
-792
714
2
-777
-487
851
-305
543
-816
786
-380
1194
-201
-87
74
108
823
486
236
101
689
-391
666
-216
-81
-1546
575
78
-594
-284
-838
670
-834
151
-667
1077
-466
-445
927
434
906
-188
-576
-736
-376
-456
-73
-341
-108
-684
3
155
956
470
-1706
-335
-487
714
-1
-12
-572
-1131
162
723
-4
-448
664
629
1163
345
-326
691
369
86
-409
-281
825
-418
968
-132
-868
-354
-177
-450
-448
-661
-365
125
182
149
123
357
917
432
-178
1490
463
-541
-706
718
-282
-330
-280
-1533
-187
14
525
-501
-582
430
-350
-274
693
93
-1590
141
-859
731
-78
-87
766
593
-489
940
-504
192
-643
-77
207
-827
241
233
876
293
813
793
497
-65
-286
723
-181
73
-366
-346
-548
-281
1093
-293
-782
-1126
431
1012
233
218
-75
393
-412
1199
-521
-1145
-254
194
-355
-15
103
-831
1241
-682
-166
-741
489
205
220
-40
-852
-6
1421
117
-1366
962
-1602
332
-63
-65
-383
-170
789
1079
355
573
369
-960
175
175
-120
-431
-1767
454
-679
410
905
