28 79 289
0 4
0 17
1 0
1 5
1 18
1 23
2 9
2 12
3 6
4 0
4 5
4 9
4 19
4 22
5 1
5 4
5 5
5 17
5 22
6 11
6 12
6 14
6 20
7 3
7 21
9 7
9 12
9 24
10 19
11 16
11 27
12 7
12 13
12 22
12 23
12 26
13 19
14 25
15 0
15 3
15 4
15 21
15 24
16 0
16 1
16 5
16 13
16 23
17 5
17 16
17 26
18 4
18 23
19 3
19 5
19 6
19 15
20 9
20 22
20 24
20 26
20 27
21 21
21 27
23 2
23 8
23 12
23 22
25 5
25 12
26 0
26 1
26 10
26 11
26 16
26 21
27 12
27 14
27 23
74
7
29
37
61
43
62
69
51
0
75
70
8
28
47
41
9
6
12
5
66
59
78
18
46
39
77
71
42
58
60
4
34
31
36
19
64
50
23
17
2
27
44
67
53
45
10
33
26
76
73
52
20
13
55
15
72
48
49
68
65
35
25
22
56
3
24
16
11
32
57
40
38
30
1
54
63
21
14
-159
144
-57
-419
781
-64
-112
160
-200
313
-339
543
-161
-728
87
-574
186
-110
140
155
-214
-275
-315
51
-458
95
616
-77
-377
-40
355
243
500
114
359
-195
-299
-212
-29
360
344
-669
74
79
-281
553
-60
-503
-155
229
-93
-468
236
-10
430
129
-241
156
247
354
-18
-27
240
197
-32
146
30
358
-276
-586
323
49
-177
249
5
-306
-125
754
-558
34
-93
183
385
192
160
292
-434
-121
-359
835
-363
-609
-773
-181
-348
-134
323
-73
-180
-33
-353
-287
-50
-351
-101
227
-162
30
63
357
-174
-29
-33
-216
-426
262
-47
-119
113
-237
-531
-125
-252
-175
-208
-148
-115
-295
-131
-45
92
23
-95
185
-221
249
-197
-147
517
96
465
142
82
338
-461
167
150
302
28
-181
229
21
-24
-119
-110
-6
-130
86
322
403
184
-135
-76
404
115
-32
-332
25
442
-278
-126
-534
19
161
-140
196
-203
-6
-303
114
-320
283
-162
-86
-610
-135
204
119
-597
19
528
-15
-120
345
54
247
-14
164
-393
-642
15
354
-53
742
526
-196
-435
501
260
-387
338
84
-130
-133
-332
197
-292
36
-66
38
-274
177
270
-261
201
6
-190
359
389
133
237
95
107
-184
447
152
25
-340
-208
413
130
-108
184
-106
-364
-31
514
10
-519
-431
360
-144
-412
-278
-143
57
-81
49
60
680
-321
214
213
-163
-67
-456
6
128
-157
113
42
9
23
92
254
-232
-225
154
-143
475
132
87
38
-463
386
-170
393
-85
-214
-214
26
503
-106
178
-182
-21
15
105
-173
-293
-658
-155
-38
188
-293
384
-258
13
8
-158
217
-15
-118
166
-5
202
18
-10
2
153
224
9
-300
72
-115
5
522
-41
339
-63
-348
109
-259
-35
-2
-486
264
284
-289
93
386
53
-299
-102
-125
-121
310
210
168
420
-96
167
123
165
-186
136
369
122
-158
117
-190
82
211
307
-353
-30
-563
204
-129
72
-412
-64
-112
-239
174
231
214
-82
-1
-501
-218
212
-78
-221
5
-45
-107
-302
80
-160
-122
203
-536
-73
17
-209
-12
339
-182
155
224
160
776
-8
316
152
328
-288
-136
303
-434
214
-183
-282
-389
-248
67
337
-186
-378
-83
227
185
-149
-223
-161
37
-163
-602
262
-94
179
-480
278
303
158
-288
-296
-318
-225
173
-173
156
143
-119
-118
361
-261
177
-414
156
0
309
-349
7
-509
241
-288
356
334
395
344
-93
-142
380
-135
102
-31
224
241
467
-36
-109
-305
-439
186
286
-546
-48
8
3
-400
71
-45
-172
29
-414
-313
-671
335
-136
61
114
-83
79
377
57
223
166
-51
-17
291
-254
-178
102
-124
-332
161
-139
-141
-269
-139
-127
-467
-492
-503
435
-51
278
313
343
132
103
167
-62
444
477
-666
-141
146
-20
200
117
361
117
74
44
95
25
-217
-79
-113
105
71
13
34
-171
-37
-127
220
-274
-467
52
52
-382
22
-4
-390
-313
466
-511
-250
49
184
-91
-318
-171
32
119
-108
-100
-281
-476
220
-57
-133
455
-378
-54
82
156
-362
518
-131
263
465
377
295
57
-146
87
333
-244
354
-280
-128
133
-448
-176
260
-290
-21
88
-94
-270
-124
-312
250
221
-90
-570
408
-587
4
-118
321
220
-56
-27
-194
-409
160
452
-169
-433
-87
-455
-397
-598
106
149
153
380
98
376
237
115
-342
78
650
-80
-100
45
179
27
-97
-158
136
-643
581
-25
-15
-254
-267
62
52
46
284
307
111
-262
-577
-77
199
-470
7
1
-318
-418
-350
114
-55
-352
-681
-127
264
679
126
36
448
191
288
-196
713
240
371
204
123
39
-141
-504
22
84
-256
42
8
-70
462
-199
62
654
-196
397
58
-39
-103
-246
-610
-293
249
423
-161
-180
-135
110
232
-125
-134
346
334
83
-270
375
329
340
71
1
-29
-41
165
-1
204
-507
150
87
224
62
-483
132
87
557
124
92
-761
448
270
-295
15
300
-185
383
-46
298
-10
-81
634
-148
-220
92
-336
-285
-356
-217
-33
-78
-200
-362
415
14
422
377
-240
-151
-9
-219
331
297
592
-135
65
-110
-192
242
128
58
-376
413
-24
-10
401
-240
210
742
-410
-16
76
193
-215
-147
-128
-351
119
-265
98
207
-585
286
-178
480
-485
-114
213
203
-301
23
148
-639
291
-105
624
238
187
-292
-47
116
757
367
-553
205
297
-160
-497
-177
-101
-105
546
-621
-696
344
77
289
-204
-491
162
-215
41
-460
174
-236
156
-207
92
-596
-92
390
-429
-414
-514
-205
-22
-184
-273
517
-150
343
-381
465
-116
134
127
-3
-92
324
-20
690
72
104
-368
-36
341
-145
159
8
69
-407
-214
337
93
40
348
133
-63
189
-226
719
-165
-96
189
-943
190
40
-35
-71
265
-468
122
-430
74
-173
205
330
475
386
252
-81
223
434
-273
-301
418
-596
-421
169
6
271
-70
257
-251
37
-345
58
-40
277
-18
-317
-400
-44
145
391
-266
-31
-97
308
72
164
-254
123
38
289
525
-127
-580
-161
-608
106
-174
310
-312
-302
-195
-143
-620
-41
190
410
-126
-269
109
193
482
211
-506
-170
244
-189
142
-114
95
-48
-114
753
77
20
620
476
56
513
-363
-17
292
258
388
254
-375
-329
183
-238
98
-192
-148
191
-248
183
74
-376
-234
28
-92
-598
74
-213
-234
105
-347
112
103
-58
126
-122
462
275
-31
58
-190
507
300
177
-63
-166
-20
-780
-244
280
19
184
77
171
229
-124
-549
386
-48
378
350
57
29
-217
107
-325
-217
404
-28
495
-222
515
-525
250
-271
54
72
-748
33
-32
123
65
-503
125
137
-43
-205
101
35
-93
-104
-177
-80
263
143
80
255
-118
-117
203
-546
-86
4
-124
36
125
-337
-301
274
-108
-20
120
175
100
79
-219
-66
-53
-53
270
-148
716
149
271
52
271
-440
-263
253
-177
-276
-129
-522
-54
151
-616
-24
386
47
302
-49
-226
24
154
45
-313
578
367
66
-230
-272
-89
-327
275
353
192
63
14
-44
-4
16
-300
371
-253
457
-56
-206
379
-389
190
413
630
113
-201
378
-438
-174
113
241
-265
-132
-183
18
-258
-308
199
377
191
282
-279
105
195
20
392
8
-12
-105
190
-219
-92
75
-544
379
-3
265
397
-251
-467
-51
-194
-258
107
479
-92
642
-216
426
69
411
274
450
48
-592
-12
450
42
-280
-181
511
241
-186
-320
-100
-345
-47
301
-549
75
276
419
320
43
-190
-220
-91
259
178
-243
163
-320
-23
225
71
-340
-138
17
104
-178
114
-227
-77
489
-566
0
-310
271
-197
-254
389
25
214
43
31
73
171
124
-184
510
195
-427
471
-190
-361
597
455
23
-41
-16
94
-13
60
106
-573
12
1033
361
266
-16
25
-181
340
423
-77
-167
347
-35
-47
153
461
-175
-251
-203
140
-320
297
-278
-14
-315
-275
227
-231
110
-395
391
251
451
-322
-99
-107
-32
-21
-107
-306
-334
92
-328
-32
-225
-45
51
359
-223
-140
212
50
-273
-72
-762
-98
-130
644
229
229
-60
126
-838
58
-149
-82
-726
180
-100
-345
369
-253
82
-192
27
206
58
23
348
-166
12
166
-581
203
-49
-430
233
-48
31
651
-82
-177
-545
-79
110
-42
67
-123
274
-226
-114
146
355
-435
190
22
256
203
-11
-123
-440
284
97
-51
-401
-645
-136
-304
-237
352
360
185
75
-227
35
-143
249
261
505
-252
74
-181
-12
579
355
-117
138
-227
475
254
-146
115
-10
-3
-167
-421
-361
-134
276
126
-116
115
200
417
-234
206
-16
426
129
-184
-656
625
491
108
255
-102
-320
-25
-178
95
228
-297
-419
1
656
-49
-254
-105
-576
525
239
-162
226
167
-126
-155
-203
-89
347
69
158
243
289
-191
142
-70
164
10
-149
3
-248
-296
125
-296
-513
-120
647
75
-146
-240
-522
-335
-54
-214
-436
137
-426
-99
-99
-553
255
-335
161
-126
-315
55
207
-26
-131
383
-81
-268
254
-540
-648
-103
280
-95
-591
-50
-206
208
-157
342
-171
240
41
51
644
269
549
-263
282
-335
-119
562
305
645
309
-237
7
336
-767
59
-540
49
62
-247
176
-6
31
312
135
376
28
87
2
396
-138
336
-522
-203
-62
131
-238
-67
73
478
-199
-161
-120
655
-274
144
671
148
20
225
-169
-299
456
-147
168
-328
207
-368
-143
56
469
536
87
15
-444
28
-775
64
-92
-238
33
-186
159
-73
-107
-93
193
271
170
295
-334
-368
57
-711
-395
221
89
-226
211
454
-417
-162
-104
95
-80
-1
0
-17
-241
-104
-12
-85
-34
237
1
-241
-182
166
159
-59
-570
263
-119
-113
127
-384
-8
356
-299
488
-203
-436
-432
-210
636
-461
29
4
-6
384
-172
-135
324
-148
239
265
232
300
23
-54
-311
-274
-305
-524
388
61
124
502
277
-422
-257
153
-458
162
-409
-410
81
-413
333
-153
-198
209
10
263
283
293
736
39
-418
256
-117
-85
132
-397
3
-50
246
-352
-39
63
-246
-644
-14
69
55
-805
103
677
-163
156
-109
484
201
154
-327
-417
77
389
115
-463
-506
-642
8
534
201
215
-366
-2
-368
338
104
364
-398
-193
739
226
635
-125
-601
35
68
-47
-161
-426
-77
-45
158
406
223
-322
741
-28
-159
8
163
-493
134
381
-235
324
357
-578
-148
184
-6
6
-75
-216
28
-264
317
141
-51
170
209
-113
363
-126
-31
101
-20
-172
135
-445
-127
-64
217
378
181
-190
-699
187
-353
-42
28
239
-120
33
203
-322
301
-199
-43
175
-487
168
212
75
-256
-122
-245
32
428
-41
170
249
61
143
-232
119
165
-410
-146
-118
-601
-161
-36
-107
-64
-303
357
293
119
306
176
42
-109
75
-151
226
304
371
300
177
331
-257
-523
230
-60
-110
-24
-569
143
-318
334
-372
-122
19
-357
61
120
-18
-350
-160
38
108
451
207
-289
492
-45
128
-411
344
-188
345
-186
115
237
-534
287
-448
661
1
-207
440
82
-221
-41
-114
424
487
-186
-136
42
-130
439
-633
-94
450
452
-159
-648
189
105
46
146
-166
-207
440
528
96
149
12
-83
185
439
-431
139
229
35
-81
263
-443
-278
-339
7
355
19
-503
23
129
-144
1
-423
-287
-1
-248
131
3
-195
64
-492
-340
-350
153
410
230
-131
88
17
-419
-340
607
-11
-74
123
-122
-41
120
-63
573
-165
67
-278
-38
-41
-123
-686
173
-175
124
109
-180
-68
119
-142
225
-315
224
383
-127
317
-355
402
-69
88
277
-152
504
-357
5
32
8
201
126
227
-38
-26
-507
-91
-196
234
155
-120
-532
-135
48
180
-213
321
287
198
-130
197
-141
444
-406
-84
-229
223
342
-59
-53
-273
-344
319
141
-66
138
-382
316
25
-637
89
103
-160
-9
-320
216
-28
155
866
93
-285
-59
95
3
197
66
-277
230
119
-244
62
-39
-404
-616
-276
107
-39
-511
214
-87
242
-90
119
75
91
-147
-563
-518
148
-64
-86
305
55
401
-388
-226
57
-343
484
-675
23
628
-319
-620
194
-151
243
401
-254
96
-110
159
242
450
396
-150
60
-472
211
-214
-50
212
-276
-319
-195
-406
-3
-445
-89
362
-69
-232
-261
-262
217
-217
44
-697
-47
-462
-229
-135
530
238
225
355
-58
-311
257
-283
-84
89
432
222
-1027
122
190
228
139
-112
456
262
-71
-121
29
242
60
-273
-215
-236
-185
12
-289
161
-341
127
489
220
-110
84
-591
130
245
558
-44
172
-195
-175
157
17
-95
43
-262
425
-19
167
113
-140
-315
378
105
-206
-3
-190
-255
57
-303
249
-382
-39
92
-448
164
-139
-221
-40
-297
289
54
-146
-160
-390
-31
-450
-238
162
471
-103
-145
108
298
-79
283
545
462
299
-536
-404
245
427
-309
472
-289
285
-382
539
-399
-174
373
421
130
-266
122
-540
-218
177
118
210
-666
242
204
-434
203
513
-734
-342
-188
-108
185
-417
-73
542
177
-420
170
164
-157
8
88
-20
-336
204
437
690
-338
-428
-89
-93
178
223
-162
104
243
0
20
-170
54
31
-396
91
-125
-13
-236
248
-141
-51
120
-674
-273
-618
146
-190
206
-246
-364
-251
-166
9
107
299
189
-535
-162
-179
185
100
235
-262
-524
476
9
-88
-321
-102
21
250
-253
-451
513
-35
-25
18
-122
35
366
165
-27
-20
199
25
-129
-311
165
364
-211
57
39
399
247
330
337
233
-4
280
11
-477
-94
10
241
72
-145
182
454
-282
231
310
-270
317
617
-194
307
115
120
211
-188
122
-160
-3
-286
-144
-320
-27
-274
108
254
222
61
591
-96
125
89
66
-473
414
270
219
-218
-436
114
52
-102
-323
-297
-257
-209
348
50
-145
136
-3
369
84
395
-187
368
-70
-13
-568
-380
-181
-146
-43
-415
90
25
-30
22
144
-305
-155
-562
138
374
-325
108
-71
-147
211
340
483
-78
335
70
652
184
-159
16
538
255
274
231
101
188
-298
-103
250
-649
3
38
-27
67
180
-371
-270
484
-155
456
468
91
-7
-240
126
-146
-93
16
-123
223
304
260
38
352
12
251
-22
-178
95
153
834
-189
-326
-348
-152
-96
138
144
114
286
-79
-138
165
-240
-256
223
108
8
-389
57
-165
174
-367
-43
-433
97
350
146
-5
-575
196
-166
603
80
416
-337
-90
188
108
-320
466
-152
-52
307
-5
325
323
165
-453
-71
719
420
-53
-694
397
-509
63
-493
370
394
67
-267
-683
122
-28
-372
174
366
-645
1
44
-147
36
197
-355
104
-98
-189
47
568
0
-210
-35
-46
-483
258
-77
-141
330
-63
134
198
13
230
213
13
-3
195
-73
197
415
525
77
295
-83
303
400
568
-310
476
-1
183
349
267
-143
253
99
149
-275
282
33
-100
181
-104
-231
-723
-136
126
-32
178
8
130
-173
-640
-149
-337
-143
-10
10
-537
80
245
-91
528
-5
-691
-419
35
-59
290
-123
260
-217
58
-329
226
520
-203
-55
-22
358
-448
484
89
-212
235
-88
-785
55
-157
23
87
-379
-96
-239
178
-188
-21
-289
-304
-735
-212
278
556
411
283
778
-139
-438
140
-94
-1
-127
371
330
145
-315
15
-118
226
109
-139
-68
97
55
-486
74
384
-343
105
432
438
54
327
-182
531
161
414
-425
82
349
-312
245
-345
10
-505
-235
-358
91
128
223
-14
154
-173
-75
-230
-56
48
-317
-62
26
351
375
-315
-128
-103
39
581
571
453
-212
-229
357
416
178
174
-7
297
-157
-145
-13
463
140
-505
368
-319
73
-252
-193
-490
98
32
-78
-197
768
107
-283
266
-357
-233
57
634
411
258
-68
177
83
-584
-118
-20
240
174
-423
-235
-201
196
-233
259
-32
442
161
-38
-85
98
-859
-344
-141
122
77
32
-142
372
-22
235
90
-595
117
229
-223
-4
865
-464
808
116
-179
-41
457
82
9
-75
-82
155
-8
177
494
243
32
63
437
-65
134
119
127
-76
-4
103
222
462
-337
-180
146
318
-119
-245
176
148
401
46
-311
-502
52
-226
-601
-203
584
-88
-489
321
114
423
488
-111
135
-21
-254
-97
239
-162
63
440
109
77
232
-14
-191
-740
-457
-345
173
-150
-60
437
316
809
71
-79
-133
134
22
-231
81
-458
-523
-86
488
-15
37
183
121
-298
80
-298
-403
-313
-419
-326
-424
594
3
261
285
238
238
100
-37
-163
313
-300
280
-530
-62
-362
-152
-384
-70
-205
-151
76
-119
-5
47
-781
9
-71
-535
63
31
129
114
-265
374
258
-615
-51
-180
-101
-85
51
321
154
270
-29
420
-373
-280
-153
186
34
-15
104
-308
93
-106
205
439
-218
476
-551
456
-272
288
120
-183
309
197
-119
-21
-395
-117
-22
178
290
352
-384
259
315
434
250
-18
-133
47
-190
204
-328
226
460
377
-78
137
184
56
233
108
135
296
-165
-46
-36
-58
319
191
-368
-443
186
-473
297
57
569
268
-254
-141
455
303
-222
-30
84
-40
-514
653
-417
-546
-508
473
600
-9
584
171
7
-150
-157
-136
-155
-180
325
55
-68
-453
242
165
-37
-117
-459
-181
-51
-162
32
393
-83
628
-263
-163
-156
-78
139
384
-148
-70
507
-599
66
56
37
141
113
-303
-326
-177
233
-4
-334
-217
-68
191
157
-358
-110
148
-147
166
-327
343
348
-155
238
-50
-270
637
-14
-327
77
409
-291
440
-609
-424
116
1
118
-25
-59
167
495
99
122
600
-115
-372
79
-283
-340
-190
-39
-132
-377
479
156
244
-114
126
27
-92
-518
32
-273
281
123
75
515
178
-372
-482
217
-384
-373
933
298
211
-194
-263
47
-279
-389
194
-271
140
247
-381
83
420
49
311
-275
-284
-386
-14
50
414
-74
391
57
472
441
-160
371
19
-529
207
101
-214
702
-25
-194
83
-38
-67
-163
118
-101
161
801
-150
-491
261
-17
478
46
56
55
218
210
129
213
-167
250
345
615
288
241
-90
-321
375
74
-23
655
508
16
-195
293
101
529
-226
731
566
-183
-112
132
-806
206
-72
-289
841
291
102
-107
592
405
-304
-431
-198
672
-539
-289
417
302
567
-6
-109
453
-181
155
66
-146
107
82
-524
-72
113
197
17
-644
107
-278
552
232
11
300
-554
-28
-161
-193
101
259
-507
371
-1
-68
86
-172
18
71
141
-340
-199
-106
-354
291
196
13
-960
-173
-236
368
-665
-2
-563
-649
-166
-163
185
85
406
281
212
51
20
-32
317
214
304
-351
93
-273
-482
453
-61
220
-19
-466
-192
-19
-73
93
-50
-343
-5
717
383
-423
271
69
-271
-520
161
-42
-200
67
-19
646
151
-410
-299
298
379
748
235
107
-113
228
0
170
272
153
-155
-148
-60
-444
-102
-188
52
-121
-301
275
182
163
-654
-70
-217
-256
-58
-316
44
331
-131
-164
-226
613
108
86
25
48
161
105
-179
450
-477
162
-251
-481
-359
436
-236
177
23
251
466
-323
180
-356
286
-151
-75
-268
292
6
-130
-457
218
482
152
-193
304
361
-74
-30
470
80
34
307
-224
-166
306
-296
-388
313
243
174
350
38
-95
-408
-126
279
-108
389
315
-74
-388
31
-32
7
110
-454
-324
-9
-286
-821
322
-105
99
-213
-12
5
213
25
-422
233
250
-144
8
-28
-344
4
-209
-154
465
81
245
162
52
165
-293
11
91
-203
-203
-360
172
-568
-41
33
-188
-192
335
-583
-201
27
-187
779
125
27
-602
-129
244
-259
436
-182
316
55
230
892
407
221
417
-293
-480
198
250
419
-98
429
45
-91
4
-214
278
-130
-254
154
-293
-114
367
-235
30
202
74
61
71
-191
-663
-582
-211
168
62
240
-73
-178
299
-478
80
385
263
106
415
-59
91
-211
-104
312
-43
16
-274
-108
-468
90
200
-105
-378
188
-345
-848
-8
-27
125
-51
-6
120
-125
30
191
212
104
-346
190
157
218
162
88
156
15
-392
144
217
-127
-210
84
-581
-123
-133
-273
-299
251
629
50
-289
142
259
35
-600
137
-114
216
74
85
-298
50
-209
-274
368
-41
-663
-95
-482
146
-376
-399
-245
-210
-149
354
-246
127
198
-52
-333
-88
-58
27
-450
-365
155
37
205
91
212
293
-42
-604
-369
215
22
16
-378
-10
470
251
-60
962
402
-71
4
435
-93
110
-37
-294
-55
189
255
-76
-508
109
-70
131
137
442
50
-232
-165
-488
-410
-172
-474
-108
472
419
-48
299
-15
-120
-80
-382
224
-241
505
-19
-134
-71
-280
115
-475
309
-210
50
-22
275
88
-88
132
370
300
112
-127
-746
51
116
-79
-113
-27
-76
-9
-44
12
338
-400
407
583
-379
196
62
57
166
352
-153
677
-536
-660
433
-135
304
-167
-227
500
-205
68
91
161
-195
-314
-31
99
20
214
0
328
83
18
-361
-102
-85
410
-102
-20
-708
-62
-177
235
212
137
38
-261
554
411
53
-81
181
-201
-195
0
703
-39
-359
-203
-318
-95
270
-101
-36
398
164
-2
336
-444
695
-278
-704
-48
-519
-403
375
126
-189
462
-184
39
-205
117
-157
-183
249
370
-11
155
76
-170
-302
-361
52
169
-270
-256
-121
-440
144
21
286
-87
-6
116
374
40
502
-225
244
29
41
144
280
87
-10
-89
-76
-551
489
60
509
-281
224
32
288
116
-324
267
154
157
-141
521
432
469
-192
-287
-70
146
142
83
-453
-329
-223
-157
195
-155
191
-72
73
46
-693
-211
311
19
82
78
-23
-155
263
128
57
-74
-175
-41
-395
-252
3
-433
-430
-692
193
-204
-85
263
301
-107
15
-285
-32
225
-188
-117
113
-218
339
-230
-723
-96
-36
723
43
83
-137
-1
-242
-77
-206
-302
-59
396
-88
-58
-157
-435
-184
-107
-228
288
678
98
410
184
408
727
114
-17
-122
319
-62
-254
85
316
-602
141
389
222
-265
-369
262
87
-358
163
361
508
352
-45
-320
15
459
270
90
59
303
12
-139
160
308
385
-408
-229
265
532
214
-244
451
-9
415
-42
-299
54
-25
41
-168
-270
153
-133
-265
256
-156
181
-6
288
33
72
-24
-23
159
320
96
-250
179
-152
-416
-273
296
-252
128
192
121
34
195
-212
97
-399
571
-458
104
-270
-153
401
158
278
111
-156
-214
165
-71
-76
-275
-4
275
101
476
392
329
87
-403
414
523
111
-61
-278
461
-192
18
347
-487
-435
187
48
74
587
-40
428
164
-148
-26
155
-570
-441
-114
437
-66
621
105
-26
-470
-213
-51
116
359
161
176
574
-393
-394
-69
50
207
-365
22
-27
-291
570
-135
247
-98
384
426
242
341
414
-120
116
-159
-738
-204
-229
-91
405
45
117
133
105
-79
271
-376
306
-198
30
-560
345
97
-483
-311
-336
88
-368
-184
389
-431
-328
96
-293
207
-215
-167
59
371
48
-247
-19
-69
-154
-32
370
-7
389
485
132
-546
382
241
-575
30
-225
450
-154
-205
-383
299
-111
-555
51
-494
630
-32
246
239
146
-398
-28
114
-85
193
69
128
248
-214
-320
543
-39
-3
-489
-399
336
38
380
214
267
324
-454
226
-139
188
261
64
128
27
-351
-329
65
261
-204
258
401
599
440
251
199
129
-184
-344
229
-566
24
-123
-82
72
-113
77
-162
-91
-346
327
-138
393
-217
104
234
-333
203
-95
197
116
217
387
287
124
-70
384
-952
-229
-196
-106
187
31
-100
-339
3
-629
-146
-164
-136
-175
44
399
-68
380
-132
-601
505
42
4
-51
-67
-518
-24
488
16
-6
91
460
-81
-136
161
-108
153
135
246
132
-531
-176
382
23
-349
228
86
259
-374
339
-466
-455
120
-760
-443
377
36
-438
-162
303
532
-143
-416
-523
264
362
-306
-505
-225
-238
-160
26
474
98
-135
120
4
37
-52
29
154
76
147
-217
-4
116
59
483
-91
384
-566
26
-151
127
-441
64
-340
-51
151
-196
320
283
208
280
-119
-112
-279
213
-253
83
42
-15
196
270
196
-80
-352
-207
338
-118
362
203
430
-290
-234
99
362
-425
-70
-117
78
192
-36
80
-238
-89
-136
175
-53
39
-390
-57
-198
209
-58
779
810
-486
587
51
82
505
-398
-104
315
494
-8
-34
-329
45
-220
721
345
-17
-38
78
344
-123
-10
-338
-123
-123
-369
-453
-181
-64
504
-265
-116
-5
-366
-466
8
687
-20
23
-17
-312
507
1
39
77
606
216
140
5
298
360
108
-147
262
-103
307
-399
-20
-252
-9
-466
97
264
-398
95
197
219
197
-171
-276
-126
68
63
560
96
-266
446
-547
-151
-59
237
15
-104
50
1
-140
-569
-203
-44
-108
-365
-353
141
-770
183
343
166
-184
-114
-328
-33
-130
413
24
-246
-33
-335
-247
48
-3
-351
196
447
609
221
129
171
279
579
112
107
-349
-183
215
170
157
97
278
-346
-109
-22
98
235
311
228
390
604
-109
-129
-115
-175
0
42
-367
-294
-315
92
611
-69
-99
272
-64
368
-265
269
73
35
-19
22
-76
378
-357
-57
-4
-5
33
-43
-174
-418
128
-63
-44
-68
819
-431
198
851
-197
-29
145
-246
29
198
-46
32
-314
612
-343
-437
277
169
-116
357
-352
64
-319
-101
-277
54
229
-333
-309
-384
136
16
307
268
-181
333
-189
563
141
-204
55
181
155
488
67
385
438
-256
-272
-151
262
-294
361
661
368
389
143
-104
-16
270
344
92
-270
463
105
-71
-26
-737
432
-96
-168
125
66
-87
-373
421
-743
241
214
-130
-79
20
-410
-17
108
-262
-13
587
79
-102
-109
126
106
70
-271
311
-472
324
-382
-300
100
-102
-31
17
-249
142
-252
369
-426
306
418
-29
475
-405
-49
-190
152
-101
-583
386
-5
187
98
690
-645
-366
-486
-340
284
-70
211
547
189
473
-338
-110
-319
-216
132
-153
597
154
677
-488
251
-143
-55
-72
-208
-144
331
68
-46
463
344
-239
33
235
-154
-597
-639
-285
166
-342
151
-387
-112
473
1080
5
-429
-199
-295
-180
-496
-357
-88
174
-72
-643
152
250
-97
406
242
-53
386
164
-560
13
-263
170
-111
-345
-177
61
243
393
-321
74
88
-53
-158
178
-309
1
-7
21
-24
-242
-375
212
290
-446
223
121
-590
-124
-520
-32
-330
23
-27
510
-481
669
-312
-129
-618
-189
-123
-140
-441
-40
268
55
26
95
-380
67
233
363
264
-56
-438
199
-155
-413
191
-120
-305
258
115
314
431
369
-70
-207
195
-375
89
622
-175
-112
21
242
-4
-72
569
-414
-320
381
80
-73
151
-71
9
-240
127
261
6
-460
-28
482
-122
93
369
-504
-224
-417
164
-208
-299
-302
0
-472
415
-286
-299
-544
-312
154
259
454
330
191
-150
21
537
-183
200
632
-312
60
171
-159
311
-487
-140
-370
-551
66
-196
46
-296
346
147
424
-105
348
-111
346
353
388
36
316
253
-416
214
278
-81
-315
-218
-22
565
529
-5
-189
68
-350
-159
197
29
-87
-326
-176
-479
406
-569
-56
-267
-327
-112
-597
-134
-348
-499
-206
-172
529
-170
-264
-242
36
346
799
736
319
312
-380
116
29
-606
-59
-240
-175
-136
83
-22
-42
348
365
-179
112
176
100
105
-133
44
71
-52
32
-231
-468
-237
-18
-200
383
-158
-474
17
402
-3
64
298
-430
-307
-149
242
162
188
-323
60
-67
-281
-102
-210
294
-362
-36
55
-166
19
-260
250
-140
60
26
-243
56
-22
54
24
-116
167
-411
-69
559
-137
-466
470
67
128
29
51
-343
-100
-373
364
-305
237
4
-36
167
-254
-318
-11
125
293
-398
-164
116
-535
45
-396
-29
16
-81
-245
-27
-509
414
204
-132
-623
-67
-113
-352
42
16
211
-357
-191
-83
-52
-70
85
319
186
22
-305
-30
181
165
86
-206
-634
302
247
390
128
471
-204
118
389
410
-255
371
-361
257
235
-249
7
210
40
-188
-176
194
-11
298
121
-363
-256
727
248
-91
301
310
-225
310
725
-1072
-172
188
334
794
205
-449
456
-91
-53
102
124
74
-60
152
304
191
-499
-157
51
-52
206
-138
375
-130
330
85
-355
35
-270
-513
-94
-174
209
-3
-159
-212
76
-58
-35
-352
257
-219
47
283
179
-191
-129
-270
153
230
-178
592
116
-109
58
-496
-507
347
126
295
-124
-78
463
-97
193
255
611
608
-232
5
131
108
284
144
75
470
-162
-223
-105
-380
-23
289
-307
-160
40
399
-358
144
-147
113
98
-391
148
53
36
-174
739
-152
318
-405
-329
-234
-72
-163
-243
252
405
-437
381
155
289
22
331
-300
44
77
19
-184
-246
-315
-619
-7
809
55
-71
-447
-631
43
-61
158
-136
188
78
15
39
148
-86
591
180
-439
254
352
-443
-174
-131
126
34
-592
-48
177
-286
-40
-473
-98
-659
124
546
-37
392
89
283
46
-635
50
-459
-159
95
-419
40
89
-579
-373
-33
-616
225
113
-33
184
-211
371
173
-354
-113
-23
253
38
115
137
593
161
451
248
120
109
8
307
-450
55
-473
177
-50
165
-488
-158
172
132
102
351
124
-335
-5
182
-138
-62
503
77
-208
-20
-463
645
230
61
-10
-66
-173
-100
139
319
422
22
-54
-11
-210
320
295
61
-18
82
-219
-34
263
306
407
-351
-287
186
193
47
-157
297
141
-141
-121
-286
220
-51
136
-233
-220
94
-710
-59
-135
59
-198
108
-391
94
150
265
-150
-190
-255
-38
132
422
144
-273
-138
353
29
336
-540
29
-6
-215
-13
-149
-200
339
150
-1
4
101
84
53
334
-192
176
-15
163
-62
-180
13
-77
-120
-146
-917
-285
-48
447
160
118
196
-211
-150
197
140
228
204
117
83
-130
-55
216
81
3
117
-121
-149
-32
292
-113
12
-236
-310
246
101
124
-360
-274
246
-163
472
123
548
-148
161
-22
-161
-150
-221
-44
-228
-212
-66
507
237
108
-271
209
187
-115
172
-386
-169
-25
-363
93
-60
215
281
-256
581
195
68
2
162
394
-260
224
-78
-138
-269
-74
-402
-154
201
-108
103
418
-234
-222
-102
81
-1
135
-38
492
-347
27
-32
109
10
393
232
212
-234
95
-106
-207
-219
-393
-266
-54
305
-175
-226
-42
-543
259
136
-344
-148
342
148
-177
246
-29
-63
319
-336
168
73
3
125
-118
-125
-280
-76
-188
-374
-299
-34
-292
-449
351
-322
21
172
159
290
-14
-337
-460
-391
87
305
747
-155
2
254
259
-375
271
328
-193
9
345
-359
-132
563
-231
1
-397
20
414
108
-321
-44
65
-408
175
-99
-171
224
186
-127
250
-642
-122
-11
66
264
74
-382
252
556
83
219
-320
379
-92
103
90
53
519
-307
69
-193
-11
213
-152
470
-182
102
-181
-208
-232
572
435
-34
2
-115
574
-315
-183
70
-410
106
-384
-230
38
-15
229
39
-57
-272
473
303
162
-454
77
-43
13
-175
-174
161
112
-189
95
-72
-124
-80
-202
183
-70
375
-249
104
633
-159
678
-55
-624
-120
526
305
32
171
554
-242
-168
-84
-362
334
-441
211
-126
549
8
-328
58
-208
-33
-181
779
-382
775
32
156
29
-340
-526
-637
-310
225
121
325
-754
92
591
324
138
229
-407
272
24
243
109
-51
-425
-107
-54
78
-53
-24
172
-312
-152
16
6
281
4
3
-23
425
152
284
-174
376
-164
-756
142
119
125
-55
-664
467
402
391
620
199
94
88
270
-222
-442
312
-409
-120
151
-284
167
-320
32
386
15
299
495
-318
-234
-49
-136
-181
-346
73
242
813
30
-77
399
90
184
6
-263
-224
-471
290
177
-59
-166
80
79
-67
870
-180
149
-460
-533
457
-30
-83
-498
455
-546
-164
275
-909
683
-56
26
-45
130
-419
-186
-455
-340
328
296
-201
-170
-211
315
206
123
126
-89
-177
102
506
153
-263
490
-359
-42
-181
-17
-367
-628
552
-281
-130
-965
-280
268
-218
-225
106
-80
199
203
-286
-104
-49
-166
-61
275
380
-627
67
29
295
-190
191
242
403
-92
270
-125
-175
-48
285
258
-452
-213
673
202
-313
-142
-433
71
86
-12
-22
-36
-451
-209
100
-360
554
-212
-256
-105
-220
-240
481
-189
-434
366
106
-100
-63
-19
252
17
449
533
-170
-30
289
-26
172
-84
-87
-351
573
304
-441
-9
-313
-122
91
334
187
-267
169
-246
318
368
-284
363
-414
-340
-476
254
332
205
-221
165
-206
189
173
253
32
490
141
-407
-429
-4
155
-139
-48
-58
-451
258
237
410
-893
-305
57
-301
-336
-180
371
349
107
135
-304
210
-607
-316
-583
369
228
-1
369
132
-196
2
189
-371
-179
-13
282
-251
33
-260
615
795
-123
406
-519
-40
76
-59
-85
-43
-145
-293
-351
-399
275
302
-98
-104
261
94
-194
143
443
13
254
-269
232
216
-204
139
67
67
-395
-485
-260
-51
-393
151
-71
-528
33
157
-309
312
41
132
83
-98
-173
74
156
322
101
4
434
-267
-46
-246
366
-200
-191
-119
56
-83
-503
280
41
21
874
4
492
374
22
119
-78
-405
144
388
-167
-306
196
-388
134
26
256
89
-233
-755
68
279
280
564
69
-622
-342
402
398
68
-86
173
375
147
22
100
351
-181
225
-477
-448
-19
-249
-112
234
385
258
444
393
-373
-500
-16
-26
427
-171
33
-574
-671
-319
457
-83
147
-152
-139
-220
42
-262
-318
-108
-197
-169
-271
-130
340
-231
267
212
-161
-69
136
410
-200
-171
221
-20
-359
361
-552
-523
-388
-421
164
97
-128
-199
135
-77
228
42
-387
-244
-388
-28
180
-163
-105
-43
91
-316
475
-296
409
140
82
396
-101
-93
13
-71
-57
189
-17
221
9
-400
-51
425
476
338
76
105
20
168
542
-396
539
160
261
389
262
21
586
-15
362
125
82
244
-273
276
-218
-372
156
-291
76
-320
-160
-176
-482
-499
-113
130
-247
294
-234
-36
-33
200
392
-298
-90
423
261
324
233
469
88
217
-175
105
-90
230
154
227
-427
41
183
-281
-336
27
-103
-109
-29
27
25
-401
236
553
-73
56
-304
-89
-532
-510
-167
-317
-134
27
-93
313
-56
490
-140
1
17
-110
-412
58
-136
-139
73
-148
801
21
-347
-79
113
104
421
852
462
-259
-178
16
-204
14
463
54
58
-66
59
279
-397
341
91
-222
58
-253
-388
375
364
607
-383
-31
-51
-322
188
-459
21
73
51
378
-301
-213
376
212
392
384
119
-649
-432
-38
-217
28
-70
-175
-135
29
-161
-502
-86
297
11
239
-164
130
-526
-3
-187
231
-136
315
-103
272
-127
-145
37
-20
-103
-395
126
-204
22
-319
183
-546
43
-91
-86
-350
75
637
31
390
305
426
-595
158
92
183
114
353
-77
134
321
-120
53
242
439
475
-125
-206
43
31
120
-52
-232
-248
-298
76
-362
41
-283
-373
-117
-35
-546
-301
-220
207
36
325
79
-124
592
-330
306
-366
-527
-275
-35
-96
-49
2
125
-158
102
94
73
-342
18
-311
68
8
-191
27
261
-369
27
223
272
299
-122
-690
-59
294
-326
356
197
-215
447
-112
-314
19
110
268
-253
453
-132
-177
-143
-83
-14
18
-169
153
-271
383
30
48
-19
41
-28
366
39
352
12
-252
-85
223
-230
-418
-277
260
-120
131
-153
-164
-114
-121
157
-132
289
182
-209
226
375
802
-103
77
-48
-169
204
-80
10
-255
395
75
253
-558
14
-251
413
-195
70
-194
-50
263
46
-496
179
679
-709
200
-274
616
14
-5
62
-603
128
109
53
33
505
-139
-224
-54
-447
3
-67
150
68
70
148
337
-308
251
142
533
-199
-70
118
-155
202
90
-221
25
32
2
-154
-295
-60
-133
595
617
-197
-228
-228
215
22
257
448
65
140
204
380
-380
-317
-147
-302
485
113
-244
177
-8
66
312
-102
-28
-500
26
-498
169
-232
-281
-114
93
-23
-76
-51
287
186
179
7
322
-193
-77
232
-490
6
128
-16
245
548
-158
245
210
666
286
189
630
168
456
-47
212
22
-650
-111
-4
419
330
256
162
327
-290
-292
55
185
300
-267
429
-273
-288
-146
-282
863
39
-84
505
40
-49
-41
-299
-95
481
-139
207
46
-369
-75
-374
-207
-383
89
11
-540
319
-261
200
282
41
-317
36
168
-99
-329
-133
-189
95
89
23
38
319
-29
-45
65
272
435
-592
-313
-247
846
-68
388
270
-214
-143
-42
-402
-499
-110
-453
193
227
13
130
-393
202
-342
136
-121
-55
55
28
-66
-314
-32
24
-11
-283
-175
393
162
391
425
335
-19
-98
-61
-55
-24
155
-253
-67
6
-138
271
-585
-59
222
426
-405
306
339
-168
-7
291
787
-279
180
-144
-501
520
-133
296
-44
-327
-421
22
-101
3
-316
360
-299
-203
-618
-172
34
-314
-202
-255
223
-187
228
140
120
-404
174
-458
-71
203
124
-202
242
55
-182
65
-281
17
490
-215
-522
460
-300
-88
-185
145
-387
642
244
409
-256
182
592
274
26
-85
311
293
-91
-114
-55
-428
170
-362
-325
241
-25
145
160
-8
195
107
392
268
-430
-53
107
61
147
52
-140
-62
-16
510
318
352
-84
-64
-144
142
-445
198
-247
615
-60
154
554
-106
-181
-16
-61
-25
-247
43
311
36
-122
281
432
-425
315
64
-108
74
-299
95
328
-279
-118
178
324
257
102
571
255
23
-55
255
238
-225
106
143
307
80
-116
106
-117
308
-122
-184
368
401
110
303
-28
-289
-205
51
-47
262
-59
70
7
663
-288
144
149
-414
87
-189
-201
568
-186
-332
-58
-7
45
129
187
550
-582
-2
133
-162
265
-381
10
858
-97
138
-312
-265
536
5
-164
116
249
-70
-486
232
262
104
78
-134
-8
-272
194
50
-318
-127
-452
-754
-497
347
157
59
254
-107
-186
-104
228
-129
40
288
-65
-63
369
-261
161
-6
-23
-457
260
182
97
-245
-225
2
-385
-421
-235
-93
6
-28
-269
79
225
52
-101
456
-159
764
194
19
196
556
-71
-69
232
-25
164
-1
190
-151
521
-393
487
175
500
289
-362
-682
-195
-14
-230
-97
60
-453
-366
-119
-237
-200
-119
45
-135
207
-258
-53
-126
57
-272
187
-41
470
214
239
-64
27
-448
-265
-530
-84
-427
333
-223
-42
-185
-455
-71
-32
177
234
125
448
-582
111
-400
-165
-141
-652
-8
-175
446
-430
55
259
289
132
550
-443
-268
264
207
421
95
312
641
-82
197
77
-243
-21
-39
33
216
98
510
110
-474
58
-235
-525
-471
74
-38
625
185
217
51
36
443
53
-101
-335
152
-364
-303
362
-185
-138
71
-161
782
-307
-379
133
-359
-236
-39
181
109
529
284
-239
-13
-342
122
131
-483
-156
-188
100
-486
-167
62
-86
119
285
273
77
13
-644
687
56
99
-141
247
-250
-483
270
487
0
-235
15
-81
-285
257
14
-376
583
298
-98
314
-180
-72
-14
410
39
15
194
-540
217
242
244
58
-100
-566
-267
-720
481
-688
293
-124
47
505
-147
50
-38
464
150
120
-190
22
195
-806
-60
255
-392
-147
-3
235
-88
-87
279
-93
16
-182
588
-120
-504
44
-722
-66
445
-504
-355
-5
183
-262
-69
-18
-239
-168
149
-880
-7
-247
768
144
414
570
-19
-517
27
15
-8
-54
-164
-30
336
-558
262
-20
120
515
98
313
-116
-222
90
105
92
-277
797
-86
91
-566
379
-111
-209
101
-775
-279
314
-163
-473
170
-454
-48
121
172
-171
188
-40
-422
146
435
-448
284
244
-218
-262
-77
154
178
-6
-381
245
-4
189
258
96
-173
12
160
304
565
389
211
-120
5
-254
-151
172
-47
-49
-42
366
412
200
-464
-297
633
218
239
69
-496
-601
-597
-146
-246
195
-396
-327
-268
-120
-78
-135
373
134
-68
334
-448
269
-167
-150
-102
239
211
-368
42
172
272
-237
193
-65
-92
188
-29
76
-6
-414
-39
181
19
-377
-242
83
181
141
107
-140
-153
87
312
-201
144
-502
66
158
-588
-62
21
-140
345
-236
411
88
-223
-135
157
159
294
184
-16
56
-235
-191
386
305
-543
-324
-219
40
-199
-226
329
-228
-475
-247
13
-44
54
483
-332
-624
232
330
437
125
-90
7
-41
66
-1
-107
-32
-390
259
-188
-577
-283
33
-113
-279
-257
175
94
281
-435
127
7
205
-95
-487
724
-59
230
32
-86
-173
-246
251
-442
16
-211
21
131
47
-595
220
-569
79
-56
-111
101
-72
177
76
236
-466
2
169
491
-354
-30
156
-66
399
96
156
74
217
191
264
-415
590
495
-185
-298
-18
211
290
-145
296
-102
386
-686
-481
-375
529
190
-327
208
259
194
-25
-453
-129
-323
394
-142
-236
-309
199
-199
-248
-33
159
70
14
-340
73
39
58
253
129
-417
757
167
86
100
559
-381
669
-227
-208
315
215
341
0
410
-280
-335
179
-170
92
-218
-126
-386
26
103
300
79
144
-245
-47
403
-288
73
-132
108
35
120
-21
121
-80
-19
-310
68
-153
129
65
-172
-39
251
373
-224
-55
277
-274
-167
297
51
-405
-44
39
-10
-170
166
-230
699
248
250
-43
208
-227
-4
179
-3
54
281
117
47
-228
-97
-744
-528
-376
-152
-131
56
-592
-239
-448
665
-33
-284
437
-195
-211
149
241
-138
163
-249
97
-161
35
-160
-784
2
-708
147
159
-96
0
30
-330
-264
187
210
-91
34
34
-435
335
125
-49
435
467
22
245
-168
538
144
-278
-87
886
219
78
306
-346
238
-100
-899
173
-101
245
208
502
86
-255
-4
337
-7
296
-173
231
260
-2
338
-10
-189
82
395
-109
-187
15
153
-47
400
1
299
404
176
53
-156
648
156
-72
598
-77
298
-171
128
373
-354
200
-130
-119
-313
-170
284
-594
244
-261
-494
-474
-136
-83
213
-184
195
-657
-25
535
-222
7
-112
267
705
42
-34
-89
-388
-57
250
-185
-360
380
460
-237
32
167
-42
482
-37
174
-205
-146
360
109
243
270
127
-98
-145
-330
-132
54
-286
134
-121
-212
-15
17
173
250
217
-251
18
-485
402
227
-654
-364
-63
-296
-500
-18
215
-5
217
35
-210
-1
544
17
511
-97
-277
-28
-432
-348
-141
-171
53
-266
236
-479
339
154
-51
-119
352
59
47
-159
369
-145
188
301
90
-137
1
-618
-81
413
-20
73
634
-87
27
199
-507
-206
46
-78
357
578
281
-652
-416
-62
461
201
350
-198
314
-704
201
-60
121
-492
-88
-148
272
542
-96
323
-339
163
-174
-127
520
414
-34
374
-151
222
-104
-416
87
-258
-514
142
371
-49
70
-300
-313
-509
-276
-85
559
-258
-388
-179
-41
-148
519
312
79
-131
224
78
-211
-163
246
-522
76
-175
128
194
105
238
57
-124
530
-355
-393
162
-62
455
-147
-492
-501
-376
313
47
-174
-59
366
-241
-320
-282
7
44
-199
150
-294
-9
-413
293
-473
-347
-165
149
112
53
179
-32
508
-347
-381
284
238
-642
-488
-87
207
-261
89
-57
-211
51
233
320
-264
-207
224
214
265
-57
-81
-381
-739
202
-216
-103
301
-374
-252
302
229
477
-7
270
-308
-106
-398
46
306
523
210
226
312
-407
-74
35
-181
-544
-345
-138
272
221
314
-517
-339
-94
68
-195
-210
10
-29
-76
326
174
48
-273
604
-83
109
187
135
76
-77
-401
492
185
-307
-319
-325
-296
-419
-60
-83
-501
413
-54
167
-134
-66
179
454
-313
-263
-162
-220
-218
703
257
58
97
240
448
-382
347
65
-483
358
-464
172
-504
-403
-52
-437
-159
238
-463
416
207
403
-4
-474
-194
-107
26
52
-333
-26
-186
48
31
266
-246
-164
320
-284
-300
-186
-265
-186
287
428
-439
99
-123
-260
-132
15
-474
448
228
22
236
150
-134
-128
101
-625
173
-226
132
332
177
-212
-38
82
24
427
-332
-453
-240
310
-332
-123
-147
188
-42
46
-202
79
-149
-98
348
115
-231
-109
-29
226
23
73
399
-102
-320
505
-352
406
368
244
-31
-129
91
-70
2
194
-275
-41
258
721
171
481
46
-98
-3
15
59
-71
38
-110
131
330
71
-173
274
168
16
32
190
106
245
-426
-530
495
470
290
90
95
62
167
3
-229
119
307
-22
-398
778
444
89
469
420
9
106
-27
-91
-97
134
80
302
-737
438
168
-303
-239
44
310
219
28
-203
-48
-213
-275
-112
-199
-110
246
35
-417
-16
265
464
-283
-260
15
-2
12
320
-240
151
4
-148
-150
253
130
-191
45
-434
276
-315
136
-18
482
71
317
-163
785
671
-118
145
259
-73
64
-353
248
258
-72
-110
447
179
-10
-244
210
242
66
-66
-128
-363
187
-148
-131
22
95
5
-343
149
-7
-408
-292
-252
-522
-136
284
-17
-375
-12
16
-113
-411
320
-316
-309
-22
-48
-221
-62
7
299
62
-169
-455
-316
32
320
-236
458
-70
345
21
305
-69
-188
-209
-70
220
-112
916
-6
-472
266
537
85
-41
171
-191
313
288
444
223
-190
96
-624
169
379
-490
71
25
-582
148
358
-493
-496
27
407
100
331
-465
45
-44
673
-233
51
156
-266
59
203
620
171
-122
-568
553
201
-686
-174
12
8
335
376
389
253
-538
-215
171
433
476
472
149
-80
-237
304
-4
462
272
-324
-129
93
-90
237
-249
308
137
540
302
-164
-227
-138
483
231
-50
-375
164
89
-435
-115
667
196
220
594
43
-193
-57
-410
-132
-178
100
137
-260
-417
-108
207
322
-223
40
-137
-391
-156
-97
-581
35
-500
-203
-151
-15
-109
530
233
-276
-10
-51
-256
-184
-158
-238
-327
93
-204
-34
-270
115
22
-132
31
-608
-31
91
-80
295
198
6
407
709
533
-37
-451
-45
-80
62
78
-355
-55
264
-108
536
614
628
268
570
-287
-13
227
-96
-602
-9
-3
-614
132
73
-140
-146
34
-244
22
-136
-89
601
441
-77
79
395
-264
-224
-31
235
-351
-147
250
-547
-346
-62
-341
206
408
92
14
-423
529
-322
470
119
-512
237
-166
-57
-83
-336
198
533
-645
-165
137
-308
-328
444
149
127
199
-372
-216
-31
-4
109
31
369
194
619
-709
325
-336
214
85
-144
284
-81
-101
-170
-180
309
345
319
423
-118
247
-347
-433
-238
307
-46
194
-426
-155
-56
-283
14
-62
-298
-604
357
-68
-93
58
-160
26
-107
-448
-121
354
194
26
185
-260
375
-77
-360
-76
-101
194
-240
446
-126
-158
-642
-50
199
-308
-160
-147
-551
176
281
-98
-331
12
-379
-98
-23
8
198
300
434
361
471
100
-226
-72
-160
-128
185
-192
414
-116
-198
-168
-439
410
359
-688
13
362
25
-205
284
43
-150
-3
-134
139
-278
-187
132
-284
-16
-409
-501
400
120
-295
-518
89
89
-712
-259
-304
656
-43
75
305
-11
-770
303
140
59
-545
283
-412
-174
-197
33
-332
-386
364
-159
-37
-344
761
338
-279
-478
-417
783
-62
-301
163
-483
-125
151
-218
257
115
-145
83
-307
292
92
-151
180
222
-317
-321
620
476
-245
251
-128
5
282
182
300
434
-117
201
107
147
-182
585
32
227
-224
38
-265
117
-633
156
-179
-609
-216
342
66
163
-33
-125
354
-404
-47
-305
-179
-301
71
-232
-138
330
-204
708
-160
114
76
420
-515
-196
-120
251
-12
431
-378
-181
-241
375
-75
-383
194
271
-79
-377
335
-449
-419
60
-15
81
167
-196
-83
-447
-111
-132
366
211
-370
152
421
130
210
-247
221
193
-401
-195
87
-212
6
130
430
-276
172
100
126
-348
107
200
644
-31
280
-96
-101
29
63
47
196
80
-70
35
-459
-389
-183
111
291
-7
262
121
-720
-362
-190
-304
275
15
-70
-498
16
174
642
-33
141
349
51
-41
199
128
478
-17
-332
133
339
-231
-176
-196
121
300
291
-196
-266
254
-195
-709
-345
-147
-150
-124
34
-349
-212
-281
110
44
-23
-102
-48
138
-260
295
569
75
842
-357
134
142
-212
-236
-64
-64
40
-102
-71
-154
353
-265
73
56
-286
-461
-224
-290
-12
-177
674
260
261
141
128
339
-337
-54
-647
78
-175
341
-48
304
-578
10
-233
214
-231
-548
-28
-520
-1
-292
531
192
-408
-429
-37
-256
217
-195
429
41
50
-69
203
196
-227
-100
336
78
476
-161
382
55
364
-169
257
-137
253
-313
11
346
68
180
-55
-180
-619
-191
-204
-401
79
424
-94
476
228
-601
-196
-318
298
83
334
48
50
142
51
-201
25
-40
445
-250
-99
-241
-392
70
-128
-71
613
-199
-4
-114
169
130
692
-492
433
297
448
81
106
35
218
-293
-135
410
457
-222
260
91
252
125
79
381
71
7
200
-313
60
127
0
83
-81
-19
-485
-223
-445
143
-155
-58
423
-265
59
223
-13
70
-80
-243
-10
329
-478
-242
233
-400
714
415
-475
-149
-90
-15
236
-367
-139
36
-34
-118
47
-249
228
-30
214
-64
-477
1
168
-255
603
-130
514
-182
415
237
157
108
19
-337
158
-36
-313
21
40
-523
-70
-34
400
-35
590
-647
-296
-389
26
-386
-752
-343
-27
-31
232
380
-136
346
130
274
-416
-293
551
-268
133
-172
-117
-190
309
515
-86
247
-464
-181
15
2
37
113
268
412
582
-337
-42
-450
-41
-330
-98
-128
-228
-7
320
36
130
278
54
-36
57
677
-203
90
-24
92
-158
-295
-292
-127
280
-531
110
13
-12
220
551
-325
19
108
-256
279
-36
263
-733
46
-63
-263
-127
-201
294
-189
-295
172
-453
-669
-493
-28
407
139
-300
-105
334
-60
-55
115
18
-424
-288
477
-41
61
601
641
9
-132
201
-34
62
0
-20
-273
-32
80
-207
-585
-137
-67
140
-92
186
-297
288
-40
-378
445
-265
132
28
-173
359
16
80
58
287
-185
-182
319
135
-215
24
-805
-125
588
109
-435
-711
-401
-128
47
65
796
-269
23
-242
128
-185
641
-252
-952
222
258
117
272
-500
-361
-378
-311
-104
-347
-462
349
-306
-259
234
468
57
107
299
161
21
281
261
312
-16
21
-264
-44
-136
-31
268
-296
-488
-132
385
80
215
29
-213
-44
-100
278
-160
309
18
-540
242
-234
-92
-456
237
463
-552
36
-42
-488
92
243
467
-734
305
69
-639
-240
-191
519
24
-299
339
-145
143
-47
409
-169
-47
322
14
-216
-189
-111
-68
-181
500
-317
-110
-79
346
-432
-442
-145
-146
-227
-344
-187
-343
-274
-397
-631
191
28
527
204
92
464
-529
76
-4
349
65
537
433
267
32
-375
-211
-143
349
666
36
160
-17
166
616
-344
231
-204
22
306
-99
-503
-205
270
383
347
-68
232
-252
65
411
-76
312
-12
396
-421
-4
-732
234
290
107
357
-67
114
76
-432
-19
500
-6
78
337
-493
-29
-2
382
72
322
149
-84
231
262
95
-277
240
945
91
21
456
-145
-232
40
-301
-146
47
917
-25
-308
31
-80
-199
85
250
-11
98
833
229
-341
413
107
123
-310
14
-113
-381
225
298
101
598
275
-182
-87
214
-387
131
-231
-111
-164
317
-110
-202
188
354
206
-107
-160
146
152
106
-548
-329
372
36
-520
-116
217
-171
60
225
-261
-399
-142
-35
-566
587
48
350
-476
-167
246
136
691
305
-188
-331
193
176
-51
60
-361
455
-161
-388
-92
-155
200
-119
491
-371
154
-520
563
370
-459
249
-334
-337
-48
-332
245
-158
-65
-18
233
-129
-291
-80
-45
-515
-154
224
-475
-89
44
180
-55
-233
205
33
320
-266
193
-86
-82
-200
-418
-384
191
396
200
-199
606
-14
-254
159
581
-229
147
238
-270
-117
3
760
-199
-134
232
158
331
434
116
303
181
207
165
-63
136
334
89
103
-654
32
-202
-24
119
-144
227
-106
393
-60
-363
-19
70
184
103
-79
199
-9
40
63
634
-41
-59
-176
142
-310
-64
268
-161
-48
37
-447
3
-106
155
-425
-3
167
97
262
82
29
-101
-145
119
231
-135
-25
-87
-140
-453
-18
270
33
-158
92
147
379
-366
97
263
107
155
106
-167
51
123
45
124
179
169
-61
-549
279
299
-478
-144
307
-749
-121
338
-1081
75
-47
436
-232
-115
-213
-122
62
-515
-185
-359
143
48
-174
292
-395
-278
-100
-252
257
382
160
-156
28
102
-217
-69
696
-99
-32
-177
254
221
-446
-310
576
-154
-272
599
-310
-57
256
15
320
67
445
-80
-180
-243
-27
-372
-3
232
-483
68
398
314
46
5
20
-1
490
314
-70
-180
-27
452
200
-294
-133
365
-96
-385
-334
242
-444
-566
39
144
-273
195
-10
449
103
289
473
899
76
-288
-18
73
350
-318
-164
25
-229
237
149
-365
18
-221
-67
-33
-292
-631
255
-12
-75
137
-396
252
219
451
465
285
3
-225
52
-579
-6
385
-322
-326
-762
-235
151
-318
-654
284
97
94
-390
237
464
488
-212
-272
-528
368
-10
91
371
-49
109
-162
-160
-228
-358
-75
-143
589
485
152
322
432
33
-569
53
-782
88
355
20
-61
-249
-91
-341
397
479
161
-85
181
-303
78
23
-380
255
-113
198
-200
169
94
-128
101
267
-505
-135
2
260
4
-47
-284
-106
65
-264
-203
-115
-40
758
-309
354
125
138
-255
-199
-249
481
-235
204
145
59
-160
104
-213
59
-177
-45
-416
-31
272
207
-615
295
-80
661
18
336
133
-167
268
18
-401
-55
-483
191
-201
-44
234
51
266
-43
32
-224
243
-346
257
-84
80
572
-230
208
-527
-489
-283
-169
53
-53
-386
-80
293
242
191
-280
266
-376
253
-444
-132
166
-293
-250
-121
-95
149
333
-265
-42
-294
-476
-213
-11
-290
-144
-143
-135
2
108
-103
-582
-464
67
378
24
186
-111
-198
328
70
-122
-558
-101
-121
14
527
466
-533
-136
-59
403
127
-274
-100
-169
-519
10
73
83
324
413
26
-94
-225
141
444
-155
-177
-284
132
360
285
-275
71
-123
527
641
-67
-18
-145
-74
14
-534
-82
224
-374
-96
418
-27
-125
-4
158
-722
-559
-428
-556
334
372
101
409
150
152
145
-434
-250
21
151
207
-319
-250
363
459
-370
-124
458
469
-353
-652
290
194
228
148
-269
-31
164
