15 83 169
0 0
0 1
0 2
0 3
0 8
0 14
1 5
1 6
1 13
2 0
2 3
2 4
2 5
2 6
2 9
2 11
3 2
3 3
3 6
4 0
4 5
4 8
4 10
4 11
4 13
4 14
5 5
5 7
5 8
5 13
6 3
6 7
6 9
6 11
6 12
7 1
7 4
7 5
7 11
8 1
8 2
8 3
8 4
8 9
9 2
9 3
9 4
9 8
9 12
9 13
10 0
10 2
10 3
10 4
10 11
10 14
11 0
11 2
11 4
11 6
11 8
11 9
11 11
11 12
11 14
12 0
12 5
12 6
12 8
12 9
12 10
12 11
13 6
13 9
13 12
13 13
13 14
14 0
14 2
14 3
14 8
14 10
14 11
72
26
73
53
38
9
56
40
45
61
34
5
36
8
76
17
82
20
32
7
6
33
51
14
57
55
41
29
44
54
12
23
81
69
59
39
79
48
58
68
52
4
16
13
19
0
49
75
43
60
66
70
77
22
50
3
78
27
24
71
15
31
28
11
10
21
65
62
1
25
47
80
67
35
18
64
30
46
63
2
42
37
74
222
-27
257
8
48
190
213
135
234
157
-184
160
6
-56
28
-42
194
-25
-80
293
-158
-136
0
-93
-110
16
150
98
-16
68
214
-267
-126
235
78
326
-215
375
133
-124
-202
-55
196
-99
-374
-89
-88
411
-60
-136
36
-375
172
327
104
-19
312
-30
8
22
-95
-118
72
-212
-26
59
-166
146
128
32
-58
127
301
-341
76
-163
-119
74
-82
115
487
-17
86
-95
268
295
122
-51
-130
148
128
-188
-147
-122
-117
-32
-178
85
10
-14
-277
55
36
-103
187
-18
-64
57
-268
-1
311
-141
-145
145
-214
-66
45
-141
-87
-33
-8
-140
-128
-168
-32
117
56
102
-348
-105
243
212
-121
-2
-16
153
13
26
125
-87
235
-145
-291
218
56
-51
76
-216
-26
93
11
72
-94
-25
35
287
-20
-35
-115
-248
60
19
-38
-481
47
174
396
-52
121
117
49
32
-147
53
122
147
-118
49
-119
123
0
25
-238
-151
70
46
120
-254
283
8
-243
-42
-87
-159
274
-13
40
-2
-367
141
29
393
-167
52
50
-79
169
327
-36
-60
70
129
67
57
11
87
-47
-176
-276
-24
30
75
122
-97
-201
50
186
68
9
77
-289
-193
232
-309
-241
-6
106
-93
-238
-67
-23
116
-79
47
-165
-140
278
-14
3
4
-187
71
-144
209
36
-230
85
-254
27
13
211
68
-333
-87
179
-34
151
-278
-270
-16
-100
-83
-182
-17
192
9
-203
-47
273
70
17
105
-113
-250
109
-39
173
153
465
157
58
444
-89
96
98
204
-221
-270
1
-33
-151
-16
315
-148
-155
-19
120
13
-16
244
95
234
-79
198
-158
-151
187
-297
264
-128
68
-405
79
45
333
-99
-6
154
-57
188
-70
130
-378
-7
-467
93
280
-151
73
14
-137
-182
287
53
-134
-211
-35
-51
18
20
-205
-107
-129
271
-56
-276
-102
-306
-214
-21
73
-221
136
-154
2
246
129
49
-303
-298
232
-1
26
408
63
147
14
-164
-83
-131
-99
-16
110
-125
120
-193
-1
-98
193
-180
-125
-167
-51
-1
211
70
-46
104
8
25
-163
35
51
-384
-206
193
144
86
32
355
-145
-43
48
37
57
-296
-2
107
-73
175
-148
-61
-117
355
66
-35
-80
178
-96
75
-163
89
-101
-245
33
-91
-176
-132
186
-226
-59
193
-20
7
-334
-302
-26
-301
-42
181
89
-186
-176
82
-293
369
41
52
34
91
-163
-55
180
-51
-384
-26
123
168
201
59
-61
19
196
174
-54
-329
-61
128
17
102
109
34
-263
-189
75
-87
203
140
-28
139
150
-155
-620
-125
-60
131
-292
-34
103
118
48
121
261
42
-285
82
-93
10
-94
194
-18
189
-148
-21
-2
220
-140
46
241
82
266
-108
-165
-240
-34
-173
-84
-121
88
-69
-193
121
-195
-153
93
28
-142
-3
156
47
-140
142
-6
-74
573
52
-222
-144
167
252
279
-145
76
-448
351
-183
-80
-140
118
533
-287
95
195
-37
26
-186
90
85
-179
116
-91
-103
56
17
-43
139
-79
214
-210
-234
147
-103
86
-81
-19
52
73
-289
-118
118
-143
-131
-160
-235
-30
-124
262
169
297
-140
15
-20
-283
-310
80
137
-77
224
27
-122
-42
-101
168
-41
138
-74
2
64
15
113
-47
397
25
4
-111
17
-5
-142
26
41
187
-89
35
211
-78
403
140
118
18
-2
242
-73
-14
-258
-33
149
26
-5
-104
179
42
308
-42
8
-90
120
-226
70
-27
-180
23
86
98
181
141
-14
162
-59
113
-177
-121
-252
-6
268
-54
-5
-196
72
-102
-67
-150
103
238
-334
188
-147
123
-257
49
128
88
-351
209
156
-259
179
-287
311
-256
148
-110
-214
-164
-86
107
-163
246
-110
162
-3
150
-142
167
342
174
-272
47
-329
166
44
222
-288
-94
-131
-202
160
-524
1
-278
174
-171
76
-207
58
-55
134
84
78
-65
83
10
-165
-324
178
-89
-279
27
-67
-304
-251
6
57
223
119
-176
112
-69
290
-115
-112
15
-231
-30
2
38
-38
69
-8
227
-229
-57
-170
155
-32
101
108
83
65
-123
226
284
-49
54
-57
124
354
51
154
-109
-142
-54
204
-69
-27
-45
42
88
446
-56
-159
174
26
-243
172
-152
-174
-211
191
477
-122
-214
32
-200
6
17
13
37
98
-240
-32
-21
-69
97
-24
127
-290
-192
-17
-166
-240
-136
-318
97
-192
321
69
-194
101
37
45
161
144
-152
-284
-178
227
-72
89
1
-96
-12
-160
65
43
-517
-83
-160
-134
58
-275
288
-63
-298
-181
7
-156
72
-30
180
100
-27
-113
175
-205
37
-56
13
23
-263
16
-38
287
-120
153
-118
-28
-265
-37
107
-259
-57
9
-63
41
-271
-128
131
0
-65
-37
21
-155
201
121
-119
63
-102
-12
-7
47
-169
-255
107
-25
-122
148
22
163
-425
110
166
-282
-33
-81
79
-48
66
215
-188
199
-14
106
-10
-75
-233
-109
-38
68
-376
-102
-70
-303
355
-17
-215
-27
12
-43
207
335
202
299
-21
75
43
324
167
-110
-188
54
-37
-82
102
-99
24
60
195
163
144
-120
-91
355
111
121
174
87
201
-203
282
-331
107
-76
-18
34
234
284
42
99
35
92
-250
123
230
-203
-19
154
-3
-84
217
240
45
197
-236
366
64
-93
149
3
218
95
-133
203
-5
-398
-246
-59
-3
-148
28
124
214
-370
417
17
-179
-109
298
34
-147
-133
-200
-166
-26
-24
-100
104
-291
-52
270
-75
-182
229
385
253
33
15
173
28
202
81
118
-79
-17
113
90
-185
264
-297
26
51
-54
158
-159
-186
-106
40
-172
-154
-5
113
-69
49
307
-141
106
-110
-195
-41
222
130
46
-99
-174
79
-81
34
-23
-164
-141
-5
-8
-141
-49
218
16
-130
1
198
-46
5
84
92
63
13
-129
-13
359
-141
156
107
-124
-288
342
-162
-67
-22
-45
242
371
-435
131
10
103
14
-191
12
-80
-243
-194
29
65
99
22
-176
94
-23
10
-137
-208
-125
-100
-24
-85
53
-95
236
-86
107
-251
79
-41
-74
23
-108
113
-150
50
-27
8
-398
-21
-94
-20
-157
-231
-211
13
137
-106
-53
102
43
167
331
61
129
-189
99
0
-97
266
63
-11
-20
56
-44
-8
104
338
160
197
170
-67
73
-9
-245
-75
-207
78
14
93
-1
-205
-100
81
251
-70
90
253
-25
41
276
90
136
62
-172
-57
-146
90
-63
-42
158
188
132
-187
-47
174
-16
-204
-198
-270
-267
51
-20
211
-215
141
95
152
-115
202
-157
104
148
-125
154
-41
155
229
49
186
112
-100
273
-106
-163
-82
-71
159
27
106
-336
108
-63
181
-86
241
55
34
-171
-92
-67
32
97
348
121
134
118
76
-489
216
-69
-139
-225
46
-195
151
-138
-41
105
-198
-157
-72
-285
-35
-60
-84
84
-112
153
-199
185
165
-129
-221
-226
28
-167
-219
-21
96
-112
-87
-57
88
-98
-82
131
248
-121
-195
-282
76
-76
-68
-91
99
3
-305
133
-102
168
-490
151
-226
210
158
-84
204
-47
120
194
129
155
58
79
148
232
-105
19
-23
171
282
-60
-355
-1
172
176
-126
44
63
-256
-234
-43
243
53
47
-13
-94
12
-25
-17
-14
143
324
-61
418
72
-327
10
-132
-56
-34
-57
39
-126
172
-274
194
-392
149
56
-57
-187
-146
-85
-155
110
-260
-60
-183
61
474
-63
-49
349
-161
13
6
-29
-126
103
128
2
-483
-246
-135
-15
282
245
-160
-73
-59
18
-53
-131
31
-179
113
-25
-121
-9
379
251
-86
27
-36
256
-230
-135
-106
47
0
79
-93
75
-234
252
277
35
215
115
-11
103
34
150
-26
-12
-175
132
-58
156
202
180
-117
-45
-212
263
148
-125
281
-275
-168
-129
88
-68
287
-60
-15
164
-33
-88
-17
136
-124
89
-16
-184
-74
276
70
-138
154
-58
-22
-130
31
-148
140
-49
-345
-47
-26
-77
-225
-103
90
4
-118
79
140
-75
193
-27
52
126
-89
50
237
-7
262
-18
257
6
172
-91
-120
214
22
-190
-115
-51
329
-23
-206
-118
-5
-238
276
41
-222
196
-220
206
-7
-212
-96
-16
422
-197
-192
-194
-83
324
1
5
49
-299
-32
56
141
-154
46
489
2
67
-136
-42
-70
-325
84
-118
378
149
-13
-25
-140
-64
-265
145
45
-225
-83
61
221
152
-109
201
33
-56
-276
-31
-264
-148
126
-264
-288
-183
-153
-39
107
-271
17
-144
-73
-88
65
31
40
-116
6
-157
-221
-187
-57
108
-290
108
97
225
-28
23
-2
-125
-165
16
-127
-123
46
-80
18
-568
-365
170
53
6
120
-215
-23
114
-6
85
-122
37
-120
-108
124
11
-10
-15
-394
268
-72
57
126
83
-57
47
-4
-97
168
93
-128
-372
-97
-67
201
-92
97
-6
-298
96
-12
61
-340
-29
9
267
-142
135
-34
180
28
-12
19
-65
-98
-153
-15
140
188
-227
157
-75
27
32
-28
261
-58
-141
-94
36
-113
153
158
95
-158
-16
145
4
-127
-2
-13
163
90
186
-173
-184
-93
137
-120
196
-192
-140
15
-146
310
63
-160
204
-65
-77
-272
-82
-89
-142
-37
-54
289
-96
-282
121
-167
490
-198
-141
-92
-182
170
-101
297
97
317
7
254
22
-235
-279
258
-228
136
-238
328
-260
379
-229
114
-284
-70
-53
-88
59
-187
-306
125
86
98
52
73
35
67
-16
-108
-62
-191
-35
244
290
-56
143
127
176
32
390
-51
66
-207
258
81
-67
-94
-213
197
-27
86
-6
-274
10
-47
339
43
-88
130
222
-124
-50
64
35
31
-213
249
-37
76
61
156
14
-53
-58
49
180
82
263
322
-106
101
-73
116
128
91
-93
-76
-24
25
-334
-88
13
3
-44
246
118
-48
183
100
-275
203
-84
-329
-156
-85
138
72
11
58
67
128
40
335
198
202
152
-75
-59
183
-43
-170
-177
-279
114
-5
12
11
65
-96
8
184
-31
-256
105
216
299
153
-43
88
106
-185
259
-121
-265
-97
131
-48
323
-59
-280
5
-164
192
4
21
-4
-101
173
-49
-145
18
216
105
-4
190
105
77
39
-291
168
175
178
-40
-103
96
-112
89
-83
105
261
-205
151
4
-242
221
-41
-163
8
224
26
58
181
-282
382
-61
45
-26
-142
141
-291
92
-10
-53
-8
-146
-136
5
-105
8
-8
119
215
19
-29
-59
167
1
163
86
-133
8
20
-87
-87
-36
47
-23
-223
124
-299
147
89
-278
-76
-173
-165
56
-182
76
-88
-354
-136
354
-111
45
2
-339
-46
-50
-123
-273
-13
85
-115
83
-325
-128
-230
-148
-63
205
375
0
84
111
67
-145
-42
-227
262
97
-108
-44
87
-193
-252
161
-106
412
-196
-154
16
-70
143
-327
-106
67
-197
352
-328
-13
39
-212
47
14
101
-218
35
-23
-15
-96
-229
-50
-40
13
-216
160
270
124
-23
-94
144
343
-23
-307
-100
43
-98
4
-285
239
42
-271
-117
-88
-85
-177
74
-130
317
39
-50
-93
-295
-8
343
76
103
61
-323
-419
135
194
171
26
279
-341
-266
142
-38
146
-158
1
383
168
-98
57
218
97
-197
34
-38
102
-59
160
50
191
-14
57
-69
27
-42
82
65
300
-320
114
328
-252
193
-139
318
167
78
-84
-52
153
-96
148
-203
-367
51
-27
-18
114
-152
-61
-10
233
-27
-41
66
116
82
33
-115
-187
-167
68
123
-46
276
17
-12
138
-235
71
149
-223
140
-362
-255
-51
118
-91
-199
51
331
0
-59
53
-8
413
56
-221
-260
-82
-390
411
-123
-183
-77
156
-139
-282
138
82
385
274
-36
33
145
-230
-239
-297
380
130
18
74
99
191
126
-4
-43
99
31
-194
108
-261
31
46
-8
-64
-130
6
-127
14
204
-11
-190
-155
163
15
160
165
42
-119
81
51
-246
-45
-65
-303
-55
-208
242
91
-172
291
107
203
-59
-217
88
-144
-25
-21
198
-333
-2
-165
43
285
130
116
-203
299
-338
73
-151
142
296
-194
-239
224
10
36
97
-149
-85
-47
36
23
-36
108
-107
85
149
292
194
-98
211
-2
-219
203
-100
62
277
128
-237
309
-147
178
123
-201
212
60
-32
-112
148
-423
2
247
-35
-164
-34
-378
-106
-143
-75
42
105
39
96
-97
-381
14
48
113
-167
83
153
-23
104
110
46
209
108
-167
-375
72
189
131
-136
102
-96
-28
331
52
65
-103
-124
213
143
118
165
199
-34
-164
-109
73
-41
-121
47
-139
-45
58
168
81
46
10
-250
-33
135
57
-11
11
-3
-65
151
26
109
-45
298
155
233
199
-20
24
-9
-88
155
-107
166
-245
145
-109
52
-59
275
-128
116
-300
7
-105
-91
60
143
-20
-74
-2
-134
-252
-39
-152
284
46
202
112
-56
82
-190
-255
-352
-142
9
125
112
217
-22
150
-21
53
-234
159
-43
106
139
-70
-206
206
480
84
-72
-115
-54
3
-192
380
27
-374
-125
-75
92
94
-190
92
-222
35
-48
9
334
133
-79
-201
-74
128
391
34
73
-45
-47
-5
133
206
-207
221
-174
269
164
47
-68
214
98
151
-105
-130
47
18
-67
202
-117
-191
-7
17
206
-2
128
-18
-214
-251
313
-56
-136
258
256
28
17
360
159
240
86
-73
-100
197
-186
127
33
76
-224
-49
-71
28
96
-278
-201
170
5
83
-214
312
99
107
-108
32
-218
-269
100
-255
-117
-188
373
339
51
14
150
81
43
71
4
-2
-12
3
-7
-95
-12
95
-374
-35
245
86
79
140
-148
181
248
-214
352
16
168
-41
136
3
-52
-70
159
-22
79
428
132
-207
-25
-178
36
-345
-504
32
-134
-146
115
263
236
102
147
-4
27
-123
140
408
-4
155
127
-108
327
19
-11
-20
-114
-334
-29
225
-53
101
144
-7
145
-12
19
-200
175
252
27
74
311
-58
-323
-111
-88
291
-358
-299
5
98
-180
-72
187
111
49
91
-158
59
154
-1
-64
-109
-43
61
-137
5
-105
413
270
103
116
-101
-113
75
135
89
-15
133
-261
381
-72
-213
112
-189
183
9
292
-118
-178
81
140
312
-10
159
-330
33
138
69
-8
-149
-48
-131
-224
320
-249
3
-112
-104
-173
-223
110
25
99
277
39
6
-159
-127
5
87
68
46
-58
69
138
-119
82
-149
-42
-139
-47
105
-143
205
-80
-124
152
-245
-22
238
21
-169
31
63
-170
-187
23
422
13
-21
85
-41
-31
-89
-22
-72
241
198
209
-345
4
-29
3
170
239
-279
-58
-49
305
237
211
157
431
302
-36
-101
18
143
49
65
67
-116
227
42
43
-34
71
-70
-218
-92
9
106
-41
-368
-62
190
-200
-177
-25
-247
94
-85
62
241
21
-506
233
10
-163
-21
-40
136
195
-165
-93
294
-190
-98
-88
-41
229
-11
171
-213
337
-227
229
-170
93
355
-42
-238
108
76
131
176
170
28
-262
-60
-111
98
-238
-284
43
-125
55
107
-84
-208
-32
275
40
219
-191
59
-144
232
16
-346
44
221
-12
-331
-83
18
-11
205
3
-366
-210
-135
-46
334
-20
44
22
-127
105
150
36
81
15
144
-35
-113
-90
95
330
275
-181
-42
-73
-207
28
-161
76
103
-150
-209
74
-233
109
-68
-62
-43
-29
-190
285
-35
126
-111
-216
168
-129
192
-300
211
-76
401
-106
159
221
-30
-164
-123
61
-37
-236
-251
-45
398
7
267
-60
-262
-4
-5
-140
101
-148
284
-312
129
161
150
-149
-72
130
-124
-241
-93
299
-312
-169
-48
188
52
156
-69
164
32
-95
-285
359
174
-45
-62
-150
-35
186
18
-78
-44
217
-7
-181
-202
74
142
-94
-22
-174
34
-27
-69
136
-57
-41
-67
-370
-58
149
291
62
-260
-155
-77
-175
256
-288
182
-37
-187
77
194
-35
-71
-94
283
150
56
-9
-411
-29
-93
142
80
166
-38
-172
17
95
118
-31
-90
-210
357
47
0
-48
101
270
-132
199
-40
-138
154
133
-63
327
233
85
-155
32
-427
-92
-363
249
284
-250
276
-113
59
-97
279
220
-331
104
64
-335
84
100
61
-286
249
-98
-69
206
-162
188
-81
23
23
-1
-29
146
211
-77
104
-88
-199
211
-1
-3
18
-3
375
140
-16
-259
-47
152
337
-113
-16
127
-115
36
113
320
273
90
-45
58
48
45
113
125
-67
154
148
-114
26
-243
-45
-251
125
-32
135
-81
-177
-113
63
-65
-162
-92
267
-75
14
123
-172
74
137
18
-107
-151
74
66
-446
-127
-137
-35
-28
-46
-37
-147
174
-198
51
327
350
45
-123
-198
-80
198
-157
61
-202
2
283
-186
228
-109
156
104
-233
-164
-94
262
160
11
-145
-120
13
37
211
-53
208
16
-73
-46
-230
62
46
-136
-284
284
48
276
-148
-56
42
41
-164
39
202
293
290
-167
139
-101
-228
-107
138
269
-45
334
54
438
259
-56
102
163
43
-167
107
-318
18
-79
223
-9
-95
-206
-208
-126
335
-101
103
53
100
248
-246
172
-107
122
-272
-124
363
39
97
-295
17
-45
-71
100
-289
-82
-120
-167
227
-205
66
-84
84
201
46
37
260
194
-26
-1
-109
65
-128
-45
164
81
-38
24
-86
-279
-141
69
38
-418
212
106
-135
-79
294
11
-203
153
-10
75
-57
-84
-103
32
96
185
-88
378
-32
110
355
-33
191
61
-43
17
-3
106
1
-43
195
228
5
55
65
-16
-160
129
-198
33
77
184
-135
60
-258
-344
-172
-216
119
201
-91
-290
-43
122
-9
76
64
-6
-49
158
98
178
141
123
220
-76
-34
-100
-61
-103
142
318
13
236
-335
92
103
307
-134
51
179
-248
151
19
112
36
39
-159
160
107
146
-23
-268
-153
-71
123
330
259
58
176
-69
-12
-45
219
10
147
-346
-308
-29
229
9
-202
-295
138
-229
-399
258
-72
34
-83
-260
99
-164
193
-175
100
-131
272
75
-136
-36
-107
-210
-37
-207
-63
74
-137
110
-410
-32
-178
186
-79
124
-246
157
-66
25
-132
251
298
151
52
-4
46
38
238
38
193
-149
130
-59
-101
-338
258
34
112
-96
156
14
125
-65
-233
-120
199
-213
-47
112
-159
42
70
74
-78
-214
-229
-392
-88
6
-228
-88
-147
-261
90
213
-51
-63
-192
23
-52
109
77
28
-144
19
-111
-139
-141
234
-182
-279
-71
-9
55
-150
19
322
-40
-80
111
105
-10
-210
-127
-103
-82
-254
402
-64
117
-259
-86
-176
65
146
433
189
-299
-180
-161
-49
54
155
-210
-46
424
296
-92
74
-195
-87
-296
352
48
-61
23
126
116
-31
-107
-38
198
-271
98
-90
293
-63
33
-290
-74
69
67
56
-50
6
-217
-157
150
-110
192
153
-63
-32
45
-120
-139
106
-181
216
-101
230
-155
-189
132
30
-139
227
-91
-127
8
169
186
-258
39
152
-8
96
11
-94
-78
-60
195
21
200
11
-394
-192
38
-177
100
-9
-184
-31
41
-188
-92
-201
107
-14
-64
-136
-270
1
341
17
-177
93
368
-24
-36
203
32
306
-54
129
374
-359
153
-19
-24
-11
-364
-125
-67
-48
257
120
101
36
12
-58
9
41
113
-22
-30
21
-85
-81
2
296
-7
-470
55
260
36
161
124
-93
-116
161
205
64
-71
-236
-145
131
-9
153
-187
328
182
-250
-81
73
-43
-173
18
-432
19
-245
-278
91
307
-82
105
178
85
-194
504
-29
-223
-374
4
163
2
81
366
117
22
-100
132
178
196
37
-43
-121
6
-113
134
-278
-40
144
-189
3
-148
306
-228
-228
74
182
68
-444
157
-303
99
-129
110
-171
14
-213
143
-332
35
-59
55
-259
-64
-206
-149
251
452
20
-103
17
-14
-202
42
-371
-28
-55
-53
223
-120
-59
-12
153
-304
11
161
-53
-39
-83
52
-87
42
-66
-329
-25
-130
-219
-306
133
-170
321
211
-14
258
-87
23
-105
-208
210
-51
-6
100
258
161
144
77
-27
-120
-210
240
102
-103
134
-209
143
-21
133
-195
127
69
-32
71
-343
-175
10
-9
376
264
-129
157
320
-87
-181
-92
203
104
-220
36
384
153
174
-42
79
-49
-34
79
-178
70
-41
-211
40
-58
-346
-217
290
247
-64
179
207
42
98
-208
-76
-189
58
-103
58
-174
12
-317
71
248
214
-369
252
27
-70
11
-377
194
344
26
88
-19
-93
126
60
-92
-27
280
-97
60
-164
53
57
161
212
49
-406
130
302
38
-179
-163
109
71
127
401
60
175
116
288
-147
-289
-34
105
-156
-98
68
244
-110
-75
-100
119
-30
44
32
-46
-22
19
-94
83
4
141
59
-189
-51
106
15
-121
67
-150
23
173
-310
82
-82
-196
19
45
-258
221
-230
-249
106
-154
-52
33
61
-126
-14
-92
-176
155
220
127
183
-49
104
69
-140
45
-200
45
-179
-250
251
19
43
-121
272
4
298
34
126
130
134
-484
310
38
-151
-14
52
148
105
-55
68
-152
95
-57
-206
304
126
114
161
-84
93
-452
-67
42
306
270
144
148
4
147
-48
16
5
-231
-45
-7
90
268
154
-168
-51
163
226
-175
-366
-18
87
-149
89
-263
159
-208
-219
38
32
-95
79
-29
303
-27
62
-39
52
156
-224
-154
-210
159
131
-181
-141
204
35
-200
-126
143
-82
49
-64
-48
-258
21
-14
161
280
151
-1
-1
285
124
92
285
124
-108
26
135
-142
-195
152
37
130
18
121
-133
-112
62
-51
-71
117
-206
144
170
123
98
-226
-139
143
-323
165
277
-329
-123
166
279
-76
5
7
20
-66
150
45
-128
-61
-130
-108
-92
174
153
-146
77
53
81
-230
172
-119
213
-68
-106
104
168
43
-356
-204
256
113
-69
-260
-129
-207
-84
-140
155
-131
-203
48
-336
-27
105
116
-3
-7
-211
-81
35
62
68
-175
9
92
-24
283
67
93
-133
-83
254
111
29
-130
-160
35
42
-37
6
53
76
-258
-61
-108
16
-57
-72
53
7
-41
212
-26
24
-9
-108
24
-121
65
182
44
25
213
-280
-63
169
139
-16
145
-307
-181
-160
209
-39
-136
-155
22
-152
87
93
214
-15
-231
144
101
-58
-52
-50
187
102
93
-128
31
48
-26
81
58
36
-59
78
-35
33
155
-316
-126
-95
208
-273
16
28
261
75
-315
111
36
-10
-106
-36
-48
141
-284
-198
-24
192
96
-465
319
304
-367
78
-89
-72
-322
-67
142
-381
77
0
33
39
-156
118
194
-178
-222
168
8
317
39
240
83
240
-176
-216
-248
-6
-84
47
-108
43
118
-65
82
159
-511
248
82
-102
250
95
16
200
-70
180
57
36
-77
-122
390
62
133
237
54
-108
-51
-110
-169
-205
-161
144
215
-202
-134
-314
-12
94
-85
236
-98
-313
-139
18
160
242
-262
215
7
64
-31
-100
-12
-40
-144
378
273
52
103
-21
167
455
53
-110
-45
110
2
317
211
-227
-20
-214
-9
79
-27
76
-52
14
-189
-244
-283
-307
-153
144
190
298
-127
78
158
-107
123
44
-157
-47
244
219
-121
-258
-6
67
-22
308
79
-84
-73
197
262
319
-15
-129
-157
103
62
-180
83
170
6
165
87
14
279
-136
59
204
-157
390
160
-147
-176
90
-136
18
-115
30
-48
-102
2
84
-85
-190
-41
32
43
-89
256
121
55
-8
-22
-339
-76
12
-68
-25
-304
-105
-24
-23
51
-164
72
-361
-304
-37
95
77
150
-74
125
-69
-121
156
8
4
195
164
-184
166
-99
-35
88
-68
-24
-148
75
174
-50
-114
19
50
-53
210
-21
-200
70
67
-114
102
113
-73
1
123
-30
-471
20
-33
354
-64
-139
-16
-18
28
-61
-88
-180
87
152
-230
339
197
53
-50
-26
44
92
-10
-108
-51
262
178
-29
-80
176
197
383
164
209
88
90
150
389
-296
71
260
199
116
10
26
217
-213
24
-48
70
310
337
83
229
-252
-98
300
7
369
-16
-115
128
-151
-175
-218
-363
-1
-38
34
135
-223
99
15
322
-59
-31
-121
-331
53
-86
78
55
-208
-121
75
-8
-108
-70
-69
-49
-23
200
-112
84
-191
61
58
-69
-299
-120
-272
-14
-30
136
630
256
-14
-34
-35
76
119
55
-193
34
-5
238
-25
223
24
81
-59
-138
142
-63
-318
100
-14
-154
-45
36
137
118
148
36
122
346
218
-36
-42
-257
129
-20
21
-168
-70
-51
-297
112
-210
175
151
31
-215
-225
-158
139
235
149
-216
55
-210
-142
253
-186
-79
58
139
70
323
-153
239
260
-121
135
187
-94
-251
170
179
-329
162
-1
-157
-108
-27
15
186
163
-181
-24
228
63
156
255
43
-121
-157
-209
11
117
70
70
23
110
-106
-2
89
4
-26
336
-218
-217
116
370
187
-224
37
103
-234
181
-143
-17
460
80
-397
-11
-621
-86
-71
164
-131
-252
122
-205
-14
-15
-103
76
0
-242
-169
-24
-313
-73
46
-169
-1
14
-346
-299
-206
293
26
294
-59
-327
63
-133
-398
105
239
40
64
-68
-104
-197
-42
147
-70
70
-274
-246
-112
-66
117
140
-156
12
319
110
32
114
-340
-81
312
-352
62
54
60
26
83
120
-77
73
-249
-157
-224
166
110
83
40
209
-82
-171
-184
-235
114
80
-162
60
-154
-408
-20
-356
100
83
180
-46
156
-140
-201
27
-195
-147
-370
59
-155
42
189
16
-378
-36
-4
-18
394
-117
-245
-15
-134
-171
-129
14
274
-310
-108
97
-108
26
-342
-46
112
-48
-24
141
8
-100
205
160
216
-202
-102
238
101
-138
-105
-102
-223
190
-28
23
142
-247
44
123
-60
237
-173
-157
66
-94
71
-100
-310
291
-231
-36
-268
143
42
-110
243
-23
-40
-168
75
-330
127
22
295
-388
93
-101
-270
-388
80
120
-53
-206
-164
-71
-429
194
20
-17
55
6
38
74
192
170
143
-150
66
138
130
-270
-25
391
-3
-87
-65
98
422
-47
-96
83
-113
37
24
-4
126
86
47
66
-102
-283
-10
148
49
-5
-184
176
117
-136
-257
157
178
-153
119
47
39
-24
145
10
402
49
-2
-86
-283
-98
31
-2
-4
20
36
-129
312
-137
373
-145
-147
64
170
362
-162
16
-4
-172
-261
343
-37
365
-345
11
48
34
84
161
-260
-60
179
136
-146
42
79
31
73
-276
68
-261
101
92
-195
-101
-277
111
-6
-94
-203
308
-240
168
-372
114
15
52
301
-12
-115
-71
-81
-145
44
-22
164
289
39
203
185
41
-196
149
235
-191
253
56
30
-265
-98
-249
340
65
73
67
122
300
-34
-302
140
138
36
-101
106
76
70
-38
393
-45
-81
44
-49
-1
117
9
-342
-49
-258
-42
-43
-260
-15
-129
144
-180
148
-13
-102
-97
-216
7
27
325
278
196
-266
-53
-5
207
18
183
-88
-117
-67
-236
141
-109
-418
-326
38
145
-36
150
-133
-168
201
65
-146
-204
-13
-192
-30
214
179
-210
-70
-46
-132
2
79
137
-324
-413
146
-72
173
299
60
-192
-2
-163
250
-162
-66
-90
146
159
211
-399
9
-174
210
146
60
-393
47
117
180
204
28
-137
89
16
42
-120
-448
80
103
240
133
-263
-17
-218
-20
58
87
-32
42
-106
367
207
117
298
48
-200
-164
-301
110
110
-8
-90
14
-177
36
-145
-250
87
225
24
166
-511
94
-240
-22
86
-1
-25
-278
-134
-111
-40
141
163
-159
158
40
49
-23
33
45
43
-92
85
187
-175
70
-61
7
161
302
-41
-212
160
110
-80
-185
-329
-145
-271
17
159
-258
-123
-14
73
-140
-265
-120
-94
-34
10
334
20
75
-269
-144
-69
-107
-47
203
174
-128
260
-12
-32
95
43
-27
-18
57
85
108
-36
-365
10
-131
-147
57
-163
-22
438
-240
-89
139
-159
-280
-141
326
-197
226
240
123
220
-11
93
-265
235
-52
-33
6
186
-54
-212
78
-280
81
228
-14
34
-139
-51
-241
55
41
-192
100
-161
-114
-64
-39
-21
-77
191
-153
-60
27
-35
40
-217
-110
249
158
107
143
-86
95
268
57
-41
-72
182
-147
-105
206
303
-243
-245
-222
-354
-255
104
-22
308
-62
-330
348
47
0
-101
-35
108
-189
146
66
-169
76
327
88
118
-131
-168
-66
103
-189
58
-64
319
-40
-107
89
-91
207
359
159
-139
231
-30
-84
-34
471
169
-322
133
-76
-74
297
314
-293
93
98
1
111
-133
-179
69
-68
183
409
-43
-3
69
-256
-23
293
279
-3
-407
27
-86
-85
85
-52
-17
-45
61
-197
-209
-44
48
71
-182
40
-123
11
-58
-273
185
-194
-243
507
317
-78
188
124
122
285
-73
0
-213
405
-25
62
-72
28
23
134
-222
343
-111
-27
246
-138
-2
-137
80
187
-160
-4
-148
-70
-46
-268
-191
-3
-80
191
23
-190
-256
13
145
106
3
-229
-368
67
-165
-180
115
-210
-70
12
-84
100
251
-66
-149
-111
-92
342
-153
-173
-130
46
3
-101
-186
64
-336
159
-38
-111
-155
-193
-68
422
-109
-5
-26
46
-324
227
95
-227
187
165
-166
72
-65
5
210
85
-38
280
-51
-64
98
-65
-256
-99
98
93
20
304
-32
189
92
-38
52
28
-30
-168
126
196
-100
-65
-32
32
167
149
-168
-274
99
-112
136
137
-179
-83
172
-368
3
-97
-38
282
18
-45
46
-223
-69
-108
336
-110
10
-28
59
8
105
-85
255
43
-243
-280
97
53
-88
204
122
23
-195
181
108
61
-48
138
-260
7
-135
202
-68
59
88
136
117
33
213
-144
-148
-143
103
-395
-11
-31
-76
118
-27
186
-195
-26
-92
105
-418
-55
-156
-262
88
-44
-436
29
-153
-6
346
-375
160
-39
-14
-456
-222
3
-48
134
-198
117
206
172
-166
-110
-111
240
-111
-209
-116
51
-160
-72
125
165
-47
-181
-197
-6
-211
-28
165
-32
41
-18
-126
-117
-124
-132
66
-164
-101
73
-199
-380
-79
-121
-79
-47
24
-198
-56
-16
-124
-89
130
30
-149
189
-158
390
-222
46
79
64
-127
362
196
241
-148
9
-7
84
-111
46
-63
307
-36
-226
136
99
-29
112
87
-2
-37
95
-48
-98
41
11
-330
-12
26
-36
120
-72
386
-103
68
26
133
-64
148
-266
-74
-128
4
-80
-438
35
86
-30
-31
-200
-52
-150
-50
-142
43
-108
111
-22
77
65
8
211
111
-169
124
301
273
24
102
-27
387
-94
-254
164
-13
-131
-124
-247
-243
243
37
263
-6
-108
50
52
64
-146
274
-18
-241
27
333
-28
179
201
-179
149
-54
93
-23
107
-185
-134
-182
-44
-152
-56
128
-240
59
280
310
-145
-132
-139
-22
257
-2
-262
277
-195
-56
-392
-54
110
166
-54
81
-157
87
30
246
-69
-184
254
-322
206
280
130
-280
8
106
-44
453
167
-1
-195
-160
-9
122
-125
-258
-261
16
24
-6
-63
156
-153
-70
92
72
-337
160
-45
-149
411
-205
214
-232
59
-220
-336
-216
-84
113
-47
137
395
-15
90
-71
192
-49
-38
133
104
-22
30
-5
-48
73
-185
-24
283
-21
-344
209
-158
63
248
133
-129
182
-150
-24
-234
-35
61
53
42
241
-71
50
-101
219
150
9
-123
81
-175
-78
-118
194
-75
-182
-89
52
-67
107
-7
-77
149
339
-167
-250
-13
333
85
-223
274
140
86
-285
-50
176
-306
-250
-83
-17
33
-137
49
-149
55
-129
258
-328
-47
217
-264
-94
-162
226
18
183
228
139
-51
-253
229
-87
-1
-41
375
-18
-29
-291
295
-148
-17
231
256
153
32
-19
-308
-101
-75
96
44
-43
273
-15
72
-79
199
58
57
-21
138
-211
-171
209
-169
38
0
-171
-157
138
-53
136
-121
-142
25
180
-192
-182
41
63
-205
185
33
-153
-53
46
186
-91
-306
152
175
-5
-39
291
295
-86
67
-200
9
-153
-200
-228
155
-86
113
-151
47
166
-197
-55
-130
151
80
-219
72
-198
21
155
-204
46
180
203
31
-205
315
-235
168
-69
-42
-21
-125
313
30
-187
157
-465
-36
-153
-41
308
109
-58
229
-43
-27
-122
-7
455
-291
-83
16
170
14
63
-328
41
184
40
-16
92
-66
-247
210
-85
189
131
-77
-123
-60
-60
415
-221
-176
136
63
-13
-14
-53
71
-40
24
27
-152
-199
91
-19
19
-336
-155
69
19
129
19
137
-20
27
-192
-249
-300
62
21
159
257
285
142
115
89
-119
194
23
-119
-159
-427
98
-283
312
174
98
203
-303
-146
172
-47
129
84
-194
-132
-313
134
159
51
-15
63
160
-182
-56
-45
-41
77
209
-109
29
178
105
-161
-443
187
-113
191
53
63
241
101
-113
14
-41
200
73
-201
277
96
-234
-69
110
72
302
-53
157
-17
11
-85
233
-9
-215
-69
-50
-61
176
-193
-32
-475
-98
7
-13
-6
-45
-207
14
54
163
242
221
-65
-142
2
-141
277
-323
-108
-4
285
186
-268
-127
7
-22
15
127
-37
-16
-53
49
103
330
-121
4
145
8
-34
58
101
-67
-78
-243
33
-29
12
-144
166
-17
52
-150
-88
103
221
-176
151
-132
184
288
-61
71
-322
85
-338
-114
22
-105
230
-343
-104
138
24
502
-170
-112
-102
-169
188
-7
-92
302
-212
83
66
-111
110
-172
12
-64
262
-52
-242
-353
72
-39
77
35
-213
-88
137
27
48
99
-136
325
88
85
119
-15
20
-138
240
303
47
122
-208
-248
4
-198
107
141
106
-118
85
-289
31
-149
155
286
88
-352
-93
-30
-67
-186
62
-144
254
-242
-213
88
0
-78
66
-3
-28
173
71
35
216
20
-130
-188
-14
228
-3
78
-236
3
-109
219
-46
-118
-239
98
-450
39
-139
49
-85
47
96
43
231
-42
175
-240
-64
111
264
313
154
17
290
476
226
-275
-248
-30
88
-176
153
-132
-68
-1
-28
-4
109
374
22
-115
165
-36
-255
124
65
307
-115
138
-26
24
-30
153
-87
-152
7
37
-470
-11
-188
-51
428
257
258
-230
212
-53
44
-15
-109
53
45
218
-42
-365
-257
68
120
244
-204
-33
256
96
-103
30
263
-93
-99
-31
-220
63
110
-59
178
-2
120
73
-76
103
208
-131
66
-111
86
175
-24
4
151
-217
-20
-117
-283
-245
-261
-115
52
33
136
130
-301
335
104
69
-71
-244
-98
15
-123
-4
-52
-285
237
208
-124
-36
-188
-209
-93
-152
17
78
29
75
-86
119
100
-220
146
269
242
69
34
-206
16
-113
-95
153
27
143
290
2
218
67
-102
86
81
245
-191
-101
109
11
-74
40
-173
0
-110
236
-179
190
56
68
-106
201
-67
50
-164
121
34
-118
152
-151
-29
99
208
-246
-95
76
133
173
119
38
-103
-75
189
-173
-66
-34
-55
-219
-395
-20
298
58
44
-304
28
-79
-52
123
-7
29
-136
116
-114
382
67
195
-154
285
415
4
230
140
234
14
-182
162
30
-10
-97
119
213
8
-28
89
-466
143
-62
-10
-188
149
-206
36
-129
105
-128
223
-44
159
-173
-56
-199
-213
87
-54
50
224
338
56
13
-67
-14
118
-231
98
141
145
-61
-83
-135
-138
30
317
-203
-214
158
-122
-160
8
93
-111
-290
19
-61
-47
-42
-24
-33
119
-52
159
229
34
150
498
104
7
24
-225
33
298
-108
-62
62
22
170
51
-315
-73
-17
253
-47
-355
-1
159
-228
185
95
27
-39
-390
61
-45
195
216
243
177
-50
75
140
154
65
-195
-291
-103
-144
216
-124
54
16
-148
124
424
-104
-246
-156
-122
57
-103
-171
-136
-237
-131
46
-112
61
-48
183
-240
14
-55
199
-27
-373
163
224
-44
116
-204
72
-19
167
-98
-174
-529
237
-110
388
16
15
254
55
-29
-66
59
-105
138
-139
-239
13
145
-11
240
9
-187
-389
130
6
26
-280
221
-66
-144
-85
-110
-2
32
-56
-176
-6
102
-358
-170
7
81
-60
233
-55
-277
260
-112
-19
-169
146
-101
229
83
-18
212
-155
-219
-111
-406
46
95
-120
-183
-314
-147
-196
48
54
-223
-103
283
29
105
-176
81
200
35
-180
90
-127
226
142
183
236
102
421
-89
-216
61
-89
-25
122
-129
137
-267
32
255
98
168
-69
-114
129
91
-50
-4
-235
17
208
-14
-39
80
158
-47
108
278
2
297
-299
2
151
19
101
-27
72
75
-148
33
189
196
-9
-21
307
9
113
-117
56
-230
-26
-67
-325
260
-131
7
22
-199
97
-229
32
162
294
-53
-12
203
95
53
350
79
63
-58
138
-105
284
-111
-138
197
123
-37
-278
-329
106
101
-31
-227
-7
-164
-185
81
155
-320
12
143
43
342
-116
-56
-153
424
2
-32
-358
-435
280
46
1
-183
-85
258
136
-296
-90
-113
17
18
193
110
124
-7
94
98
244
-122
-141
-403
28
-135
74
192
119
-228
200
108
182
104
-31
-267
-228
-101
-96
-276
-172
22
-214
-84
156
-21
-19
106
-108
82
168
196
129
-12
-251
193
137
325
29
-195
-97
80
-225
41
-220
-170
4
-110
80
-156
5
8
-280
49
68
-43
11
95
148
-233
-5
-22
-225
76
-240
7
-97
282
-205
88
-245
340
95
-215
-34
183
125
195
-58
-60
-198
-11
34
-365
-182
4
239
-40
-50
-22
-24
19
-236
196
130
-197
-401
147
68
286
151
225
237
-271
99
-317
-170
61
-119
199
-33
-175
33
134
-37
15
13
-17
-19
107
-159
-4
-244
-49
-14
-216
-57
-88
-86
316
409
-29
82
-47
184
55
176
-13
-264
-53
-27
-80
-392
-3
23
124
-296
19
169
-163
55
107
-82
9
-211
22
142
116
-27
92
79
-370
161
-17
135
-84
134
-80
-307
-91
-78
-170
63
73
-13
-264
-86
38
-169
138
363
71
105
-70
-2
-18
-82
161
46
-98
-104
86
110
19
-36
270
25
271
122
27
24
289
-208
-310
-240
-152
79
61
22
-279
-360
-67
-93
-223
-204
-240
128
-3
-123
388
-80
97
-200
-125
34
-309
-319
29
-13
158
-8
334
47
-225
106
148
249
-72
-169
-162
117
-134
248
40
191
-16
102
-231
192
-228
-37
-389
-13
-181
22
367
-85
61
-25
-56
130
308
183
-130
-68
185
10
-80
-76
-518
108
35
-398
111
173
-182
-157
89
-6
-122
-178
37
160
288
285
-20
-110
100
-104
11
41
-173
73
149
-15
-77
-385
-245
-133
-96
-185
218
301
-40
-67
-225
85
108
-93
-111
-201
70
-14
-269
13
27
108
-370
261
-11
35
-4
94
-211
28
-25
-195
-32
85
-22
-124
-306
-64
-205
128
-208
85
-248
-209
41
276
140
130
135
85
-204
349
238
-167
-90
146
18
84
265
23
85
21
-94
-39
270
-218
-40
-3
212
78
54
42
-46
117
69
158
59
79
-254
-254
36
302
-28
-227
-101
143
244
137
-23
-238
36
48
328
9
-328
-209
-188
-159
67
-291
33
-281
-9
-36
-199
196
155
-213
83
251
-194
-31
-23
-236
-69
-115
17
89
-14
97
-53
-59
-33
24
-16
23
147
-224
180
-334
-240
-130
-49
-15
3
-76
-133
95
-392
-137
-283
295
-653
-163
-165
-87
-161
-20
-107
243
282
-39
368
114
86
-214
130
-224
153
-234
120
49
6
226
132
184
314
216
258
64
115
95
-180
-65
32
-198
-142
-13
65
-79
-197
-171
-266
-23
125
-21
-390
-205
174
-228
55
105
-175
410
-314
-56
20
182
-63
11
425
-113
-66
-55
-487
-79
113
-90
8
19
-253
-14
84
-122
146
321
301
168
-99
-131
-70
123
-127
-226
-93
299
157
-404
74
287
-38
69
132
285
-329
-5
170
-162
-91
331
16
-40
-143
-481
308
8
-310
50
39
3
15
220
-148
70
-138
-5
-108
26
12
91
36
-126
-80
-136
12
94
147
-272
176
-296
-85
-40
-131
-321
140
-189
11
119
-313
-517
195
-106
-26
164
-105
-35
74
155
-242
47
81
179
-10
67
28
66
110
244
149
201
10
-76
-141
270
-155
30
262
-74
257
21
99
-333
-11
8
177
105
-52
-57
151
-46
46
73
-156
-97
165
102
-123
-184
-90
-242
85
96
-20
-122
-160
-278
-189
-27
91
-3
-74
252
-130
-252
289
-171
43
20
-163
76
49
-54
144
-146
21
106
16
-129
161
37
49
-156
-257
-85
-92
336
214
137
221
146
47
-179
25
214
2
-51
-203
-41
-463
-10
118
-20
29
220
107
-125
-11
64
-14
63
45
-37
-410
21
88
-366
87
-40
-133
-121
215
138
69
-196
98
136
26
142
250
-162
-80
2
20
-80
315
146
-78
-304
-161
39
10
-70
-228
76
-123
-174
-196
-230
-399
61
-499
152
-65
-354
63
95
275
-241
-101
-25
-150
63
0
4
204
-138
-268
-258
156
-21
-42
277
215
-9
165
276
92
72
23
8
-84
-144
-40
234
-173
256
187
-291
-66
-201
24
-375
-75
-15
-64
-300
-225
-109
141
482
-178
159
-6
10
9
91
57
41
137
-79
-12
233
88
56
-19
-245
-121
33
-21
163
101
-16
-50
-36
-12
153
11
20
61
-116
164
194
-212
-221
89
149
-35
-139
233
216
-258
-41
14
-87
94
-113
95
-206
-107
-105
-104
59
190
34
201
153
127
-136
128
218
-108
-125
18
-140
-108
287
-225
14
-261
-308
-13
122
25
-125
-356
-89
-299
-217
-216
383
77
89
-236
20
155
296
-174
-253
-238
-32
-68
-209
50
-358
220
-31
-10
128
-113
138
180
-11
-40
-102
28
-419
160
131
-383
-293
67
34
38
-124
7
226
-129
-86
-15
-123
158
-1
-121
106
-141
-541
-214
-132
-82
-33
180
63
173
-59
3
-68
139
82
-39
-278
-237
38
-141
167
-26
273
-21
-82
16
285
146
2
147
-162
-334
173
322
-67
143
149
187
55
-45
-69
201
47
-19
197
15
84
145
-48
-167
6
-75
-53
-104
219
-251
205
161
-130
46
238
413
-146
-356
44
204
186
-289
-183
-129
155
-147
-14
-182
-234
306
-68
-145
22
206
-86
-126
170
355
103
9
162
116
-32
280
254
219
-60
-93
-187
38
29
39
120
-241
239
-197
-100
53
13
-101
153
310
149
-256
26
69
-64
-38
-49
-376
12
322
5
120
128
-453
-49
-122
195
459
30
65
-105
145
-180
102
129
275
-60
120
54
154
-179
87
-68
21
-41
-205
124
133
-14
-35
57
-520
-68
135
100
28
-72
-157
39
-121
31
190
19
118
-10
28
247
35
24
438
48
-193
-171
-23
-154
107
15
-74
-10
30
209
-305
102
-49
-63
-212
-69
-244
256
46
-210
-68
-68
-156
49
3
-214
98
1
-17
-39
-340
393
81
96
-210
-101
-125
159
-151
25
-229
-103
-349
123
-349
68
98
118
121
42
74
-129
-42
-52
-59
-170
-29
-145
59
-112
-76
42
-50
459
6
-138
-59
-283
-344
-52
-154
484
-137
119
-174
117
-62
-158
-218
-306
-209
-82
313
81
-97
-217
168
159
-70
113
-63
-182
95
-187
25
-66
-104
-21
27
-25
285
180
20
-217
194
233
-293
200
-190
-80
-13
60
92
144
74
-110
-145
46
-127
-321
-25
-108
62
-183
195
332
-151
31
50
-122
192
-117
-51
-193
-276
41
-126
49
290
-125
104
-129
169
-79
58
-15
217
-53
152
-30
329
-241
-113
20
-27
-172
-15
-91
-215
239
59
-125
-57
-250
48
-189
-189
75
-33
143
-263
-223
158
116
-438
-22
21
-49
-115
109
-39
122
-129
230
90
-136
24
167
-27
-30
30
123
62
-29
165
94
-502
-18
-84
98
-251
-190
232
455
85
-196
2
145
-47
48
-122
-175
-205
38
-17
-135
30
-104
279
148
-233
81
30
259
95
32
234
69
114
-134
-171
-108
-301
-203
-127
21
-161
-144
201
-1
-210
-223
-109
-205
62
115
-136
260
115
-219
-101
-170
-16
55
-121
24
-231
-39
-173
-256
60
-42
124
135
110
-40
-236
-120
53
-103
-112
76
170
52
306
108
341
-118
18
-154
-259
306
-217
24
549
-86
90
235
110
-176
156
-62
-71
-151
-62
-53
168
-126
214
-131
171
-92
147
-159
-101
227
-107
41
-58
-95
-278
56
170
50
-295
-48
10
-219
-72
-7
-81
-98
-212
-59
229
-35
-246
50
152
-44
-176
-218
-17
202
-198
-282
-93
47
-163
53
224
-254
-122
-10
-92
-195
-47
71
-177
-122
146
-142
-316
118
89
24
-40
202
93
43
162
-58
-214
-217
3
-29
-198
34
-163
-56
10
-294
10
21
-19
-294
-123
375
-173
63
-181
-45
93
-82
-161
2
-222
-76
149
135
91
-371
14
30
179
154
-67
146
123
18
-9
31
110
184
-276
-433
410
63
-94
-14
-235
285
-6
74
-124
114
71
78
2
172
-132
-253
-46
-45
-202
-153
38
40
-76
-114
-206
283
-64
-8
-292
171
42
192
-195
-186
71
24
68
-285
177
169
-136
68
-121
97
14
84
-27
225
28
-58
70
268
-3
-69
-118
20
68
-43
29
-124
-77
14
-3
65
-215
-119
164
322
-34
7
-21
26
-21
191
259
181
169
296
133
462
283
-15
-317
35
55
358
-54
-62
-276
-53
-102
53
69
-40
-212
-373
56
-55
-59
-40
-148
29
54
180
97
238
52
114
145
-51
68
-9
145
-166
172
202
42
30
25
-36
128
58
130
-295
252
65
-73
157
-165
-146
-36
-169
-134
10
-39
-300
-164
288
91
-75
-177
-11
266
69
-164
-158
49
-291
178
277
27
-38
-302
-217
-225
64
108
64
1
-143
-187
48
-22
159
-312
108
66
252
-268
-174
-173
-50
7
-13
126
-107
-132
1
-14
202
154
188
144
-322
-64
-193
313
-69
-189
-22
-34
19
-282
-10
244
-191
-141
-43
-216
163
425
137
36
-14
306
109
-42
-134
-95
-51
9
164
267
159
93
-229
215
218
351
206
-159
151
84
171
30
-47
-296
-29
18
-75
231
-57
83
104
-37
-216
-114
136
243
-17
-82
-102
-38
-141
108
35
-304
-147
-2
-117
102
8
-260
163
-80
88
-212
114
-98
55
37
121
-68
-139
318
182
-14
-155
-157
30
175
183
-75
-85
277
106
213
-65
-83
-139
-45
159
49
110
-99
187
-179
-3
-40
-164
118
-153
0
-79
30
-200
16
136
-54
-6
39
9
-324
-61
73
-71
-179
-208
-258
89
-3
48
-134
-276
-58
69
191
57
-137
-116
158
-19
-12
65
96
-142
210
-182
292
460
95
148
55
118
6
24
98
106
136
-111
-245
-284
-54
-161
-128
-229
-214
289
32
-7
-18
131
-170
133
214
-235
21
213
-97
-144
-48
-216
22
168
88
132
475
-84
-36
97
19
51
-19
18
74
-111
235
158
-69
165
-392
171
33
227
293
295
-146
36
37
-236
107
11
-334
51
161
-26
-158
-289
38
-61
168
-142
239
245
-194
-192
68
274
-238
-125
141
92
116
237
400
-35
246
191
55
201
-284
-221
-240
1
142
-213
-308
-252
-185
-93
121
97
311
68
-87
-30
-448
-160
130
46
116
215
-4
15
-152
-146
-24
107
-228
-89
-77
-163
-127
-10
-243
66
9
-168
266
-146
256
-100
183
-311
76
167
1
-151
-224
-170
-253
-384
-405
-22
265
-63
-113
-8
-180
-138
-16
129
-46
16
-55
-43
202
131
-64
149
7
81
-320
31
308
-117
44
200
267
-107
-98
-75
40
52
64
-31
114
13
-7
-237
210
262
-54
247
-90
241
-255
132
-23
39
-128
56
141
-288
-110
223
-315
-10
-122
42
-140
-258
264
169
-87
-448
231
-249
-105
-2
407
-102
2
-18
-118
-54
-13
40
-252
-158
-77
-114
78
-3
82
-57
36
226
-176
-264
13
-98
97
-22
85
106
-6
153
136
125
-404
-131
171
60
-348
-11
312
132
-30
48
-32
263
-36
367
-255
-171
157
199
147
-20
297
-37
118
197
83
62
4
44
148
-58
-3
114
-47
50
324
45
123
-187
-187
57
-210
-309
127
136
135
43
28
69
-103
30
-157
-55
17
-19
123
-393
23
28
-203
-99
-106
181
196
-50
-90
224
-76
244
160
-8
-18
13
271
402
38
253
149
104
36
-167
-48
186
-66
-147
-25
54
51
166
34
98
58
-253
97
129
96
164
6
121
95
-402
111
171
-20
103
-160
-118
1
185
183
59
170
83
-50
-250
49
67
228
-129
-183
-121
-207
85
105
-252
-141
101
-246
77
-126
55
165
-173
-34
231
-61
103
29
-172
191
-87
-102
70
-52
-86
167
285
8
-205
-53
-79
-138
110
113
-14
292
104
102
-47
23
93
131
-42
237
-216
221
-153
92
90
-173
41
-42
7
269
-180
-222
-102
-115
-95
132
-134
-119
-79
289
-128
-330
25
-200
-68
-24
140
-231
55
-91
224
59
36
-101
44
-251
-43
93
40
258
-57
-12
-160
11
-297
252
84
251
-123
55
243
-76
-390
146
215
-221
94
411
93
-294
46
269
100
178
51
43
-227
-65
-67
303
1
106
79
-51
-98
42
29
-38
-164
-246
-114
149
-272
-118
97
247
218
44
-208
-9
62
202
-131
-99
210
-144
-159
366
193
477
-104
-118
-54
56
-226
-203
155
-61
-123
-173
-32
244
-80
-278
-265
26
-284
-115
-259
-130
489
39
-14
35
-157
-240
204
296
90
-16
252
96
-344
84
-63
73
-160
-46
173
-155
-180
1
-30
81
-336
157
-175
-223
-215
-248
-170
-210
-21
52
54
-165
91
-75
-101
128
-54
-132
-254
69
114
-191
146
-7
160
35
-97
137
44
-148
-69
-16
-225
230
-263
136
-123
408
102
197
-8
-233
353
-81
-27
-213
-106
-113
-79
363
269
-175
-128
176
152
-39
-66
25
-101
75
-21
-187
58
-155
-100
-178
78
-98
-309
145
307
-326
101
116
180
53
-268
74
189
-191
-254
0
-108
114
391
26
-144
-189
-9
-244
284
176
-403
-166
-263
222
70
-163
-465
-293
104
-1
269
-39
277
-166
130
261
-340
-125
-117
-122
129
160
80
120
3
26
-215
-39
245
-156
324
-155
239
-398
-192
294
38
7
135
-208
-314
-448
133
80
63
231
-226
-149
127
-212
-20
-78
137
-143
71
-28
-407
-82
-271
106
-43
172
37
-153
171
-127
-126
-18
336
78
111
-122
138
297
155
-111
202
86
-150
-286
255
-330
-131
122
52
-199
-83
223
41
-124
-124
192
424
-294
17
-23
-3
102
9
129
-211
-172
191
-178
-26
-198
42
49
415
-183
111
-274
85
-264
119
-96
59
88
19
131
-141
3
-115
113
-68
-152
-44
-133
-92
-43
-294
164
271
2
47
-218
-151
122
-30
-106
22
140
517
-164
-11
103
272
-57
27
162
69
75
-121
59
-72
408
-95
140
91
-50
-99
-80
-97
-31
17
94
-28
102
-202
-307
-307
-47
-29
175
115
-95
-20
28
70
-18
91
201
183
-10
345
-237
-335
-81
88
103
-85
53
95
66
-4
191
65
31
85
332
-81
94
-55
280
95
21
-59
-39
59
270
-185
54
-68
125
73
371
-238
31
-133
98
70
212
152
-101
130
71
-113
44
146
-50
-56
223
96
202
188
125
205
95
-24
-6
189
415
296
65
-125
-181
-59
-7
-365
-17
-17
39
14
130
77
-51
203
-35
95
-78
-194
66
-81
196
51
-228
-287
245
-47
-30
-41
28
280
-160
-382
254
117
-9
56
-136
-78
-102
-292
57
-309
125
74
-95
17
50
15
-137
-184
101
-94
-4
-153
-132
-113
-222
-89
-163
129
-131
-163
239
249
-49
-194
169
6
92
238
205
181
-170
-177
-101
85
-103
3
92
54
-347
-7
-67
-18
-98
-155
92
-442
-76
402
-23
114
136
-15
-75
186
304
-198
284
25
245
-102
295
90
224
161
98
-123
136
56
44
144
199
-100
524
11
-38
57
64
49
79
210
8
167
227
202
82
180
12
-47
-100
25
210
270
-166
269
9
-244
-4
170
66
131
83
446
182
94
172
-179
-117
-184
86
137
30
-22
67
-145
-268
-265
-54
-118
213
76
39
-132
-66
26
-84
-12
-285
-137
163
-210
-35
81
8
108
-186
268
-127
275
-318
-4
13
110
383
-246
46
-54
7
280
25
114
-327
-410
-104
148
-47
-57
-139
77
151
57
149
185
-57
65
-307
-115
185
-297
206
-119
-68
-66
-268
-143
53
-13
12
124
164
40
60
-317
-180
81
-302
213
-341
209
-192
146
186
118
-244
210
148
154
53
-99
-399
-60
-112
52
234
85
-49
-161
322
-113
67
-122
36
-3
1
-49
-30
-484
141
29
-130
288
254
-61
208
-223
160
-30
-108
324
64
-56
406
-48
256
-63
-49
20
354
-3
21
255
-76
0
-223
-25
-16
87
-9
-8
203
-149
-42
-137
165
-147
-109
-7
-52
109
237
31
-165
142
-100
-178
-515
29
-276
5
-58
-62
-14
196
64
199
104
-197
-66
-118
-239
-24
-100
-163
-286
18
-164
305
-33
-55
-157
53
68
86
-53
235
-143
-213
-310
297
43
87
-9
-79
-16
155
42
139
-88
247
-12
109
-25
135
27
-309
48
96
166
149
-55
144
-243
130
-94
228
