979 850 1000 876
173 132 1000 133
214 133 1000 135
33 30 1000 32
211 133 214 1000
979 876 1000 1000
0 0 3 1000
328 398 334 1000
33 44 37 1000
243 327 249 1000
3 22 8 1000
520 580 1000 592
3 0 1000 6
214 135 1000 143
214 143 1000 152
18 22 1000 30
420 398 1000 413
8 22 18 1000
148 90 1000 102
86 44 1000 56
33 32 1000 44
112 90 126 1000
398 398 420 1000
18 30 33 1000
328 376 1000 398
249 327 272 1000
3 6 1000 22
328 327 1000 351
328 351 1000 376
37 44 57 1000
126 90 148 1000
148 132 173 1000
214 197 243 1000
86 90 112 1000
148 102 1000 132
57 44 86 1000
86 56 1000 90
173 133 211 1000
753 850 979 1000
214 152 1000 197
272 327 328 1000
334 398 398 1000
243 267 1000 327
243 197 1000 267
420 413 520 1000
753 592 1000 850
520 413 1000 580
520 592 753 1000
173 132 1000 133
214 133 1000 135
33 30 1000 32
211 133 214 1000
0 0 3 1000
328 398 334 1000
33 44 37 1000
243 327 249 1000
3 22 8 1000
520 580 1000 592
3 0 1000 6
214 135 1000 143
214 143 1000 152
18 22 1000 30
420 398 1000 413
8 22 18 1000
148 90 1000 102
86 44 1000 56
33 32 1000 44
112 90 126 1000
398 398 420 1000
18 30 33 1000
328 376 1000 398
249 327 272 1000
3 6 1000 22
328 327 1000 351
328 351 1000 376
722 724 785 1000
37 44 57 1000
126 90 148 1000
148 132 173 1000
214 197 243 1000
785 891 1000 1000
86 90 112 1000
148 102 1000 132
57 44 86 1000
86 56 1000 90
173 133 211 1000
214 152 1000 197
785 724 1000 891
722 592 1000 724
272 327 328 1000
334 398 398 1000
243 267 1000 327
243 197 1000 267
420 413 520 1000
520 413 1000 580
520 592 722 1000
173 132 1000 133
214 133 1000 135
33 30 1000 32
211 133 214 1000
0 0 3 1000
328 398 334 1000
33 44 37 1000
243 327 249 1000
3 22 8 1000
3 0 1000 6
214 135 1000 143
214 143 1000 152
18 22 1000 30
420 398 1000 413
8 22 18 1000
148 90 1000 102
86 44 1000 56
33 32 1000 44
112 90 126 1000
398 398 420 1000
716 880 832 1000
18 30 33 1000
328 376 1000 398
249 327 272 1000
3 6 1000 22
328 327 1000 351
328 351 1000 376
37 44 57 1000
126 90 148 1000
832 880 1000 1000
148 132 173 1000
214 197 243 1000
86 90 112 1000
148 102 1000 132
57 44 86 1000
86 56 1000 90
173 133 211 1000
520 511 592 1000
214 152 1000 197
272 327 328 1000
334 398 398 1000
243 267 1000 327
520 413 1000 511
716 710 1000 880
243 197 1000 267
716 511 1000 710
420 413 520 1000
592 511 716 1000
818 968 825 1000
825 968 832 1000
173 132 1000 133
214 133 1000 135
33 30 1000 32
211 133 214 1000
0 0 3 1000
33 44 37 1000
3 22 8 1000
832 968 1000 1000
3 0 1000 6
214 135 1000 143
214 143 1000 152
18 22 1000 30
8 22 18 1000
148 90 1000 102
86 44 1000 56
33 32 1000 44
112 90 126 1000
18 30 33 1000
3 6 1000 22
521 489 1000 526
619 526 1000 574
818 866 1000 968
37 44 57 1000
126 90 148 1000
400 392 1000 426
243 327 1000 354
365 392 400 1000
148 132 173 1000
214 197 243 1000
86 90 112 1000
284 354 321 1000
148 102 1000 132
321 354 1000 392
243 354 284 1000
619 866 818 1000
321 392 365 1000
57 44 86 1000
521 426 1000 489
86 56 1000 90
173 133 211 1000
214 152 1000 197
243 267 1000 327
521 526 619 1000
243 197 1000 267
400 426 521 1000
619 574 1000 866
173 132 1000 133
214 133 1000 135
33 30 1000 32
211 133 214 1000
0 0 3 1000
33 44 37 1000
3 22 8 1000
3 0 1000 6
214 135 1000 143
214 143 1000 152
853 848 903 1000
18 22 1000 30
853 794 1000 848
853 739 1000 794
8 22 18 1000
148 90 1000 102
86 44 1000 56
33 32 1000 44
112 90 126 1000
18 30 33 1000
903 848 1000 1000
3 6 1000 22
521 489 1000 526
619 526 1000 574
37 44 57 1000
126 90 148 1000
400 392 1000 426
243 327 1000 354
365 392 400 1000
148 132 173 1000
214 197 243 1000
86 90 112 1000
284 354 321 1000
148 102 1000 132
321 354 1000 392
243 354 284 1000
321 392 365 1000
57 44 86 1000
521 426 1000 489
86 56 1000 90
173 133 211 1000
214 152 1000 197
243 267 1000 327
521 526 619 1000
243 197 1000 267
619 739 853 1000
619 574 1000 739
400 426 521 1000
214 135 1000 136
173 132 1000 133
214 133 1000 135
33 30 1000 32
211 133 214 1000
0 0 3 1000
33 44 37 1000
3 22 8 1000
3 0 1000 6
18 22 1000 30
8 22 18 1000
148 90 1000 102
745 699 779 1000
779 699 813 1000
745 606 1000 647
86 44 1000 56
813 794 1000 855
33 32 1000 44
269 173 284 1000
112 90 126 1000
678 507 1000 547
745 647 1000 699
18 30 33 1000
678 547 711 1000
745 547 1000 606
678 460 1000 507
711 547 745 1000
3 6 1000 22
813 699 1000 794
37 44 57 1000
126 90 148 1000
148 132 173 1000
86 90 112 1000
148 102 1000 132
813 855 1000 1000
284 286 322 1000
57 44 86 1000
214 136 1000 173
86 56 1000 90
284 173 1000 218
173 133 211 1000
322 286 1000 350
214 173 269 1000
284 218 1000 286
322 350 397 1000
492 350 1000 460
397 350 492 1000
492 460 678 1000
214 135 1000 136
173 132 1000 133
214 133 1000 135
33 30 1000 32
211 133 214 1000
861 848 879 1000
879 876 902 1000
0 0 3 1000
879 848 1000 876
33 44 37 1000
861 820 1000 848
3 22 8 1000
3 0 1000 6
18 22 1000 30
8 22 18 1000
148 90 1000 102
86 44 1000 56
33 32 1000 44
902 876 1000 1000
269 173 284 1000
112 90 126 1000
18 30 33 1000
3 6 1000 22
37 44 57 1000
126 90 148 1000
148 132 173 1000
731 820 861 1000
86 90 112 1000
731 730 1000 820
498 439 1000 489
498 489 1000 539
148 102 1000 132
284 286 322 1000
57 44 86 1000
214 136 1000 173
86 56 1000 90
284 173 1000 218
173 133 211 1000
574 539 649 1000
498 539 574 1000
649 539 731 1000
322 286 1000 350
498 350 1000 439
214 173 269 1000
284 218 1000 286
322 350 397 1000
731 539 1000 730
397 350 498 1000
214 135 1000 136
173 132 1000 133
214 133 1000 135
33 30 1000 32
211 133 214 1000
0 0 3 1000
33 44 37 1000
3 22 8 1000
3 0 1000 6
404 244 413 1000
518 320 1000 335
18 22 1000 30
961 772 1000 1000
8 22 18 1000
148 90 1000 102
86 44 1000 56
33 32 1000 44
269 173 284 1000
112 90 126 1000
518 506 545 1000
413 244 432 1000
18 30 33 1000
284 218 303 1000
3 6 1000 22
352 218 1000 244
495 244 518 1000
37 44 57 1000
126 90 148 1000
518 335 1000 377
545 506 588 1000
148 132 173 1000
86 90 112 1000
148 102 1000 132
57 44 86 1000
214 136 1000 173
86 56 1000 90
284 173 1000 218
173 133 211 1000
518 244 1000 320
303 218 352 1000
588 506 1000 601
352 244 404 1000
767 601 1000 772
767 772 961 1000
214 173 269 1000
432 244 495 1000
518 377 1000 506
588 601 767 1000
214 135 1000 136
173 132 1000 133
214 133 1000 135
33 30 1000 32
211 133 214 1000
0 0 3 1000
33 44 37 1000
3 22 8 1000
3 0 1000 6
404 244 413 1000
786 889 851 1000
518 320 1000 335
18 22 1000 30
8 22 18 1000
148 90 1000 102
86 44 1000 56
33 32 1000 44
269 173 284 1000
112 90 126 1000
518 506 545 1000
413 244 432 1000
18 30 33 1000
284 218 303 1000
3 6 1000 22
851 889 1000 1000
352 218 1000 244
495 244 518 1000
37 44 57 1000
126 90 148 1000
518 335 1000 377
545 506 588 1000
148 132 173 1000
86 90 112 1000
148 102 1000 132
57 44 86 1000
214 136 1000 173
86 56 1000 90
284 173 1000 218
173 133 211 1000
518 244 1000 320
303 218 352 1000
352 244 404 1000
214 173 269 1000
432 244 495 1000
588 506 1000 622
786 622 1000 889
518 377 1000 506
588 622 786 1000
173 132 1000 133
33 30 1000 32
0 0 3 1000
756 747 1000 760
743 747 756 1000
411 441 1000 447
33 44 37 1000
586 650 1000 660
577 521 586 1000
3 22 8 1000
3 0 1000 6
511 508 1000 521
411 447 424 1000
18 22 1000 30
8 22 18 1000
148 90 1000 102
86 44 1000 56
33 32 1000 44
112 90 126 1000
296 401 319 1000
18 30 33 1000
3 6 1000 22
267 218 1000 240
37 44 57 1000
126 90 148 1000
148 132 173 1000
267 240 296 1000
743 660 1000 747
319 441 359 1000
86 90 112 1000
148 102 1000 132
666 660 743 1000
267 182 1000 218
586 660 666 1000
319 401 1000 441
57 44 86 1000
296 361 1000 401
359 441 411 1000
86 56 1000 90
511 521 577 1000
173 133 211 1000
424 447 1000 508
211 133 1000 182
424 508 511 1000
211 182 267 1000
586 521 1000 650
756 760 1000 1000
296 240 1000 361
33 30 1000 32
0 0 3 1000
33 44 37 1000
173 132 178 1000
3 22 8 1000
178 140 1000 147
3 0 1000 6
220 156 1000 164
178 132 1000 140
220 147 1000 156
18 22 1000 30
509 425 1000 442
454 242 1000 258
509 352 1000 370
509 370 1000 389
8 22 18 1000
148 90 1000 102
454 258 1000 277
86 44 1000 56
33 32 1000 44
618 442 1000 473
112 90 126 1000
373 242 391 1000
335 221 1000 242
18 30 33 1000
391 242 411 1000
3 6 1000 22
509 389 1000 425
37 44 57 1000
126 90 148 1000
851 864 1000 1000
148 132 173 1000
851 715 1000 864
86 90 112 1000
148 102 1000 132
57 44 86 1000
335 242 373 1000
86 56 1000 90
411 242 454 1000
178 147 220 1000
509 277 1000 352
335 164 1000 221
454 277 509 1000
282 164 335 1000
220 164 282 1000
509 442 618 1000
618 715 851 1000
618 473 1000 715
33 30 1000 32
0 0 3 1000
33 44 37 1000
173 132 178 1000
3 22 8 1000
178 140 1000 147
3 0 1000 6
220 156 1000 164
178 132 1000 140
220 147 1000 156
18 22 1000 30
509 425 1000 442
454 242 1000 258
509 352 1000 370
509 370 1000 389
8 22 18 1000
148 90 1000 102
454 258 1000 277
86 44 1000 56
33 32 1000 44
618 442 1000 473
112 90 126 1000
373 242 391 1000
872 891 1000 1000
335 221 1000 242
872 781 1000 891
18 30 33 1000
391 242 411 1000
3 6 1000 22
509 389 1000 425
37 44 57 1000
126 90 148 1000
148 132 173 1000
86 90 112 1000
148 102 1000 132
57 44 86 1000
335 242 373 1000
86 56 1000 90
411 242 454 1000
178 147 220 1000
509 277 1000 352
335 164 1000 221
454 277 509 1000
282 164 335 1000
220 164 282 1000
618 781 872 1000
509 442 618 1000
618 473 1000 781
938 890 1000 896
509 352 1000 354
938 865 1000 890
33 30 1000 32
0 0 3 1000
33 44 37 1000
173 132 178 1000
3 22 8 1000
178 140 1000 147
3 0 1000 6
220 156 1000 164
938 896 1000 1000
178 132 1000 140
220 147 1000 156
18 22 1000 30
454 242 1000 258
8 22 18 1000
148 90 1000 102
454 258 1000 277
86 44 1000 56
33 32 1000 44
112 90 126 1000
373 242 391 1000
335 221 1000 242
18 30 33 1000
391 242 411 1000
3 6 1000 22
37 44 57 1000
126 90 148 1000
148 132 173 1000
86 90 112 1000
148 102 1000 132
719 773 1000 865
57 44 86 1000
335 242 373 1000
719 865 938 1000
86 56 1000 90
411 242 454 1000
178 147 220 1000
509 277 1000 352
335 164 1000 221
454 277 509 1000
574 354 1000 450
509 354 574 1000
282 164 335 1000
220 164 282 1000
574 450 719 1000
719 450 1000 773
787 836 791 1000
787 829 1000 836
778 829 787 1000
33 30 1000 32
846 918 872 1000
0 0 3 1000
33 44 37 1000
173 132 178 1000
791 918 846 1000
3 22 8 1000
178 140 1000 147
3 0 1000 6
220 156 1000 164
178 132 1000 140
220 147 1000 156
18 22 1000 30
8 22 18 1000
148 90 1000 102
872 918 1000 1000
86 44 1000 56
33 32 1000 44
112 90 126 1000
373 242 391 1000
335 221 1000 242
18 30 33 1000
391 242 411 1000
3 6 1000 22
791 836 1000 918
37 44 57 1000
126 90 148 1000
655 829 778 1000
148 132 173 1000
589 667 655 1000
522 667 589 1000
86 90 112 1000
148 102 1000 132
57 44 86 1000
335 242 373 1000
86 56 1000 90
178 147 220 1000
335 164 1000 221
282 164 335 1000
522 388 1000 484
220 164 282 1000
655 667 1000 829
522 242 1000 388
411 242 522 1000
522 484 1000 667
391 242 1000 243
391 243 1000 245
33 30 1000 32
0 0 3 1000
33 44 37 1000
173 132 178 1000
3 22 8 1000
178 140 1000 147
3 0 1000 6
220 156 1000 164
178 132 1000 140
220 147 1000 156
18 22 1000 30
787 852 1000 890
651 759 686 1000
686 790 727 1000
727 852 787 1000
686 759 1000 790
8 22 18 1000
148 90 1000 102
787 890 881 1000
86 44 1000 56
33 32 1000 44
112 90 126 1000
881 890 1000 1000
373 242 391 1000
335 221 1000 242
18 30 33 1000
3 6 1000 22
727 790 1000 852
37 44 57 1000
126 90 148 1000
148 132 173 1000
86 90 112 1000
148 102 1000 132
57 44 86 1000
335 242 373 1000
86 56 1000 90
178 147 220 1000
335 164 1000 221
391 245 445 1000
445 245 502 1000
282 164 335 1000
220 164 282 1000
502 420 1000 541
502 541 651 1000
651 541 1000 759
502 245 1000 420
951 823 1000 824
951 824 1000 829
391 242 1000 243
951 807 1000 823
391 243 1000 245
33 30 1000 32
0 0 3 1000
33 44 37 1000
173 132 178 1000
3 22 8 1000
178 140 1000 147
3 0 1000 6
220 156 1000 164
178 132 1000 140
220 147 1000 156
18 22 1000 30
951 829 1000 1000
8 22 18 1000
148 90 1000 102
86 44 1000 56
33 32 1000 44
112 90 126 1000
373 242 391 1000
335 221 1000 242
18 30 33 1000
3 6 1000 22
37 44 57 1000
126 90 148 1000
148 132 173 1000
86 90 112 1000
148 102 1000 132
57 44 86 1000
335 242 373 1000
86 56 1000 90
689 389 1000 490
689 634 775 1000
775 807 951 1000
644 245 689 1000
178 147 220 1000
335 164 1000 221
775 634 1000 807
391 245 445 1000
445 245 502 1000
282 164 335 1000
689 245 1000 389
689 490 1000 634
220 164 282 1000
502 245 644 1000
335 221 1000 222
935 860 1000 871
943 871 1000 886
935 871 943 1000
33 30 1000 32
396 427 400 1000
335 222 338 1000
0 0 3 1000
33 44 37 1000
173 132 178 1000
3 22 8 1000
178 140 1000 147
3 0 1000 6
220 156 1000 164
943 886 1000 1000
178 132 1000 140
220 147 1000 156
18 22 1000 30
935 738 1000 860
400 427 1000 441
8 22 18 1000
148 90 1000 102
86 44 1000 56
33 32 1000 44
112 90 126 1000
18 30 33 1000
3 6 1000 22
37 44 57 1000
126 90 148 1000
148 132 173 1000
396 259 1000 297
86 90 112 1000
338 222 1000 259
148 102 1000 132
57 44 86 1000
396 297 1000 347
86 56 1000 90
490 441 546 1000
178 147 220 1000
335 164 1000 221
338 259 396 1000
282 164 335 1000
396 347 1000 427
400 441 490 1000
220 164 282 1000
722 738 935 1000
722 441 1000 738
546 441 722 1000
335 221 1000 222
33 30 1000 32
396 427 400 1000
335 222 338 1000
0 0 3 1000
33 44 37 1000
173 132 178 1000
3 22 8 1000
178 140 1000 147
3 0 1000 6
220 156 1000 164
178 132 1000 140
220 147 1000 156
18 22 1000 30
400 427 1000 441
8 22 18 1000
148 90 1000 102
86 44 1000 56
801 836 870 1000
33 32 1000 44
112 90 126 1000
490 441 513 1000
18 30 33 1000
801 762 1000 836
513 441 1000 472
3 6 1000 22
513 472 1000 505
727 762 801 1000
37 44 57 1000
126 90 148 1000
870 836 1000 1000
148 132 173 1000
396 259 1000 297
86 90 112 1000
338 222 1000 259
148 102 1000 132
57 44 86 1000
396 297 1000 347
86 56 1000 90
178 147 220 1000
335 164 1000 221
338 259 396 1000
282 164 335 1000
396 347 1000 427
400 441 490 1000
220 164 282 1000
727 505 1000 762
513 505 727 1000
335 221 1000 222
33 30 1000 32
335 222 338 1000
0 0 3 1000
33 44 37 1000
173 132 178 1000
3 22 8 1000
178 140 1000 147
3 0 1000 6
220 156 1000 164
178 132 1000 140
220 147 1000 156
18 22 1000 30
8 22 18 1000
148 90 1000 102
86 44 1000 56
754 741 1000 786
33 32 1000 44
708 741 754 1000
112 90 126 1000
676 601 708 1000
676 561 1000 601
824 786 1000 861
18 30 33 1000
754 786 824 1000
396 535 1000 561
3 6 1000 22
708 684 1000 741
37 44 57 1000
126 90 148 1000
148 132 173 1000
396 259 1000 297
86 90 112 1000
708 601 1000 684
824 861 1000 1000
338 222 1000 259
148 102 1000 132
57 44 86 1000
396 297 1000 347
86 56 1000 90
178 147 220 1000
335 164 1000 221
338 259 396 1000
282 164 335 1000
396 347 1000 427
220 164 282 1000
396 427 1000 535
396 561 676 1000
335 164 1000 165
335 236 337 1000
33 30 1000 32
0 0 3 1000
33 44 37 1000
173 132 178 1000
3 22 8 1000
178 140 1000 147
3 0 1000 6
220 156 1000 164
178 132 1000 140
337 301 1000 311
220 147 1000 156
18 22 1000 30
8 22 18 1000
148 90 1000 102
607 551 1000 578
86 44 1000 56
33 32 1000 44
337 353 1000 372
112 90 126 1000
337 311 1000 331
453 458 478 1000
478 525 1000 551
18 30 33 1000
337 331 1000 353
337 236 1000 260
3 6 1000 22
478 458 1000 491
478 491 1000 525
37 44 57 1000
126 90 148 1000
148 132 173 1000
916 725 1000 1000
86 90 112 1000
148 102 1000 132
337 260 1000 301
57 44 86 1000
86 56 1000 90
178 147 220 1000
282 164 335 1000
335 165 1000 236
220 164 282 1000
337 372 1000 458
607 578 1000 725
478 551 607 1000
337 458 453 1000
607 725 916 1000
335 164 1000 165
335 236 337 1000
33 30 1000 32
0 0 3 1000
33 44 37 1000
173 132 178 1000
3 22 8 1000
178 140 1000 147
3 0 1000 6
220 156 1000 164
178 132 1000 140
337 301 1000 311
220 147 1000 156
18 22 1000 30
8 22 18 1000
148 90 1000 102
86 44 1000 56
33 32 1000 44
337 353 1000 372
112 90 126 1000
337 311 1000 331
453 458 478 1000
478 525 1000 551
18 30 33 1000
337 331 1000 353
337 236 1000 260
3 6 1000 22
478 458 1000 491
478 491 1000 525
37 44 57 1000
126 90 148 1000
148 132 173 1000
86 90 112 1000
685 739 776 1000
148 102 1000 132
337 260 1000 301
57 44 86 1000
776 874 1000 1000
776 739 1000 874
86 56 1000 90
178 147 220 1000
282 164 335 1000
335 165 1000 236
220 164 282 1000
478 739 685 1000
337 372 1000 458
337 458 453 1000
478 551 1000 739
922 840 1000 843
335 164 1000 165
335 236 337 1000
33 30 1000 32
0 0 3 1000
33 44 37 1000
173 132 178 1000
3 22 8 1000
178 140 1000 147
3 0 1000 6
220 156 1000 164
178 132 1000 140
337 301 1000 311
220 147 1000 156
18 22 1000 30
866 780 1000 840
477 433 1000 449
866 840 922 1000
8 22 18 1000
148 90 1000 102
86 44 1000 56
33 32 1000 44
922 843 1000 1000
112 90 126 1000
18 30 33 1000
337 236 1000 260
3 6 1000 22
37 44 57 1000
126 90 148 1000
148 132 173 1000
866 615 1000 780
807 615 866 1000
86 90 112 1000
148 102 1000 132
337 260 1000 301
57 44 86 1000
86 56 1000 90
807 449 1000 615
411 378 1000 433
178 147 220 1000
411 433 477 1000
282 164 335 1000
337 311 1000 378
337 378 411 1000
335 165 1000 236
220 164 282 1000
668 449 807 1000
477 449 668 1000
422 329 1000 330
33 30 1000 32
422 324 1000 329
0 0 3 1000
649 704 1000 713
422 318 1000 324
33 44 37 1000
154 151 1000 156
3 22 8 1000
148 102 154 1000
219 156 1000 163
3 0 1000 6
422 330 1000 341
154 142 1000 151
18 22 1000 30
8 22 18 1000
148 90 1000 102
939 831 1000 1000
86 44 1000 56
33 32 1000 44
154 156 168 1000
112 90 126 1000
219 163 1000 180
18 30 33 1000
3 6 1000 22
649 657 1000 704
397 318 422 1000
37 44 57 1000
126 90 148 1000
86 90 112 1000
219 180 1000 214
57 44 86 1000
649 713 751 1000
751 713 1000 831
86 56 1000 90
751 831 939 1000
154 102 1000 142
219 272 1000 318
219 318 272 1000
499 584 1000 657
272 318 327 1000
168 156 219 1000
219 214 1000 272
327 318 397 1000
422 341 499 1000
499 657 649 1000
499 341 1000 458
499 458 1000 584
422 329 1000 330
33 30 1000 32
422 324 1000 329
0 0 3 1000
422 318 1000 324
33 44 37 1000
154 151 1000 156
3 22 8 1000
148 102 154 1000
219 156 1000 163
3 0 1000 6
947 884 1000 1000
422 330 1000 341
154 142 1000 151
18 22 1000 30
874 884 947 1000
798 884 874 1000
8 22 18 1000
148 90 1000 102
86 44 1000 56
33 32 1000 44
154 156 168 1000
112 90 126 1000
219 163 1000 180
18 30 33 1000
3 6 1000 22
397 318 422 1000
37 44 57 1000
126 90 148 1000
798 779 1000 884
699 779 798 1000
699 706 1000 779
86 90 112 1000
219 180 1000 214
57 44 86 1000
86 56 1000 90
154 102 1000 142
219 272 1000 318
219 318 272 1000
272 318 327 1000
168 156 219 1000
499 430 577 1000
499 341 1000 430
219 214 1000 272
327 318 397 1000
422 341 499 1000
577 430 699 1000
699 430 1000 706
33 30 1000 32
0 0 3 1000
33 44 37 1000
154 151 1000 156
3 22 8 1000
148 102 154 1000
219 156 1000 163
3 0 1000 6
154 142 1000 151
18 22 1000 30
8 22 18 1000
148 90 1000 102
86 44 1000 56
33 32 1000 44
577 528 602 1000
154 156 168 1000
649 644 1000 678
112 90 126 1000
219 163 1000 180
422 318 1000 342
18 30 33 1000
3 6 1000 22
422 342 1000 370
524 493 1000 528
397 318 422 1000
422 370 450 1000
450 370 479 1000
37 44 57 1000
126 90 148 1000
602 528 649 1000
86 90 112 1000
524 528 577 1000
219 180 1000 214
649 678 732 1000
57 44 86 1000
479 370 524 1000
86 56 1000 90
154 102 1000 142
732 870 1000 1000
219 272 1000 318
219 318 272 1000
272 318 327 1000
649 528 1000 644
168 156 219 1000
219 214 1000 272
327 318 397 1000
732 678 1000 870
524 370 1000 493
33 30 1000 32
0 0 3 1000
33 44 37 1000
154 151 1000 156
3 22 8 1000
148 102 154 1000
219 156 1000 163
3 0 1000 6
915 728 1000 800
915 800 1000 884
154 142 1000 151
18 22 1000 30
8 22 18 1000
915 884 1000 1000
148 90 1000 102
86 44 1000 56
33 32 1000 44
577 528 602 1000
154 156 168 1000
112 90 126 1000
219 163 1000 180
422 318 1000 342
18 30 33 1000
3 6 1000 22
422 342 1000 370
524 493 1000 528
397 318 422 1000
422 370 450 1000
450 370 479 1000
37 44 57 1000
126 90 148 1000
602 528 649 1000
86 90 112 1000
524 528 577 1000
219 180 1000 214
57 44 86 1000
479 370 524 1000
86 56 1000 90
154 102 1000 142
219 272 1000 318
219 318 272 1000
272 318 327 1000
168 156 219 1000
219 214 1000 272
327 318 397 1000
524 370 1000 493
649 528 1000 728
649 728 915 1000
