705 839 807 1000
807 839 1000 1000
0 0 60 1000
705 623 1000 839
60 623 705 1000
60 0 1000 623
60 88 65 1000
0 0 60 1000
60 0 1000 88
65 847 1000 1000
65 88 1000 256
65 256 1000 847
60 88 65 1000
0 0 60 1000
60 0 1000 88
65 88 318 1000
318 88 1000 508
318 508 1000 1000
695 804 767 1000
60 0 77 1000
767 804 1000 1000
0 0 60 1000
695 0 1000 804
77 0 695 1000
60 0 77 1000
0 0 60 1000
386 743 1000 1000
77 462 386 1000
386 462 1000 743
77 0 1000 462
741 674 1000 1000
0 0 97 1000
358 674 741 1000
97 274 358 1000
97 0 1000 274
358 274 1000 674
0 0 97 1000
306 517 526 1000
97 274 306 1000
306 274 1000 517
526 517 1000 1000
97 0 1000 274
833 857 1000 1000
653 857 833 1000
0 0 97 1000
653 441 1000 857
653 0 1000 441
97 0 653 1000
0 0 30 1000
720 785 1000 1000
720 297 1000 785
279 0 1000 297
30 0 279 1000
279 297 720 1000
0 0 30 1000
279 613 501 1000
501 613 747 1000
747 613 1000 1000
30 0 279 1000
279 0 1000 613
328 562 486 1000
486 562 737 1000
737 562 1000 1000
0 0 116 1000
116 0 328 1000
328 0 1000 562
860 512 1000 1000
0 0 116 1000
328 316 1000 512
116 0 328 1000
328 0 1000 316
328 512 860 1000
917 568 1000 608
917 608 1000 1000
0 0 55 1000
361 568 917 1000
55 0 361 1000
361 0 1000 568
0 0 55 1000
779 715 1000 1000
779 297 1000 715
361 0 1000 297
361 297 779 1000
55 0 361 1000
