216 39 217 1000
942 837 1000 860
217 39 220 1000
0 0 4 1000
302 39 308 1000
4 0 1000 8
942 860 1000 1000
4 8 1000 22
308 39 1000 61
36 22 1000 39
76 39 97 1000
97 39 122 1000
122 39 148 1000
4 22 36 1000
36 39 76 1000
308 61 358 1000
452 236 1000 326
630 837 942 1000
358 153 1000 236
358 61 1000 153
148 39 216 1000
358 236 452 1000
220 39 302 1000
452 519 630 1000
452 326 1000 519
630 519 1000 837
216 39 217 1000
217 39 220 1000
0 0 4 1000
302 39 308 1000
4 0 1000 8
784 947 1000 1000
4 8 1000 22
308 39 1000 61
36 22 1000 39
76 39 97 1000
97 39 122 1000
122 39 148 1000
4 22 36 1000
672 585 1000 686
672 686 784 1000
36 39 76 1000
308 61 358 1000
452 236 1000 326
358 153 1000 236
784 686 1000 947
358 61 1000 153
148 39 216 1000
358 236 452 1000
220 39 302 1000
452 585 672 1000
452 326 1000 585
216 39 217 1000
874 887 1000 906
217 39 220 1000
0 0 4 1000
302 39 308 1000
4 0 1000 8
800 887 874 1000
725 887 800 1000
874 906 1000 1000
614 887 725 1000
4 8 1000 22
36 22 1000 39
76 39 97 1000
97 39 122 1000
122 39 148 1000
4 22 36 1000
517 674 614 1000
36 39 76 1000
614 674 1000 778
614 778 1000 887
148 39 216 1000
220 39 302 1000
308 39 1000 192
308 192 1000 365
308 365 517 1000
517 365 1000 674
0 0 4 1000
4 0 1000 8
436 182 1000 202
4 8 1000 22
36 22 1000 39
436 202 1000 232
436 232 459 1000
586 626 1000 670
216 39 1000 63
76 39 97 1000
97 39 122 1000
122 39 148 1000
216 148 1000 182
402 182 436 1000
4 22 36 1000
216 107 1000 148
216 63 1000 107
36 39 76 1000
865 670 1000 1000
148 39 216 1000
320 182 402 1000
586 463 1000 626
216 182 320 1000
586 670 865 1000
586 232 1000 463
459 232 586 1000
911 938 921 1000
895 938 911 1000
0 0 4 1000
921 938 1000 1000
4 0 1000 8
436 182 1000 202
4 8 1000 22
36 22 1000 39
216 39 1000 63
76 39 97 1000
97 39 122 1000
122 39 148 1000
216 148 1000 182
402 182 436 1000
895 672 1000 938
4 22 36 1000
216 107 1000 148
759 531 1000 672
216 63 1000 107
36 39 76 1000
759 672 895 1000
148 39 216 1000
320 182 402 1000
216 182 320 1000
436 531 759 1000
436 202 1000 531
216 148 1000 151
325 165 1000 169
0 0 4 1000
4 0 1000 8
216 165 226 1000
798 956 1000 1000
216 151 1000 165
4 8 1000 22
36 22 1000 39
216 39 1000 63
76 39 97 1000
97 39 122 1000
122 39 148 1000
4 22 36 1000
216 107 1000 148
285 165 325 1000
216 63 1000 107
36 39 76 1000
226 165 285 1000
432 169 1000 271
148 39 216 1000
325 169 432 1000
589 271 1000 488
798 488 1000 956
589 488 798 1000
432 271 589 1000
216 148 1000 151
325 165 1000 169
0 0 4 1000
4 0 1000 8
216 165 226 1000
216 151 1000 165
4 8 1000 22
36 22 1000 39
216 39 1000 63
76 39 97 1000
97 39 122 1000
122 39 148 1000
4 22 36 1000
697 439 1000 543
216 107 1000 148
285 165 325 1000
216 63 1000 107
36 39 76 1000
697 543 783 1000
783 784 1000 1000
226 165 285 1000
783 543 1000 784
148 39 216 1000
697 169 1000 439
325 169 432 1000
432 169 697 1000
216 148 1000 151
0 0 4 1000
4 0 1000 8
216 165 226 1000
216 151 1000 165
4 8 1000 22
36 22 1000 39
705 587 1000 644
605 542 1000 587
216 39 1000 63
76 39 97 1000
97 39 122 1000
122 39 148 1000
4 22 36 1000
216 107 1000 148
216 63 1000 107
36 39 76 1000
705 644 819 1000
605 587 705 1000
226 165 285 1000
819 644 1000 1000
148 39 216 1000
605 368 1000 542
285 368 445 1000
445 368 605 1000
285 165 1000 368
216 148 1000 151
0 0 4 1000
4 0 1000 8
216 165 226 1000
782 847 840 1000
216 151 1000 165
4 8 1000 22
36 22 1000 39
782 770 1000 847
705 770 782 1000
216 39 1000 63
76 39 97 1000
97 39 122 1000
840 847 1000 1000
122 39 148 1000
4 22 36 1000
216 107 1000 148
216 63 1000 107
226 165 270 1000
36 39 76 1000
148 39 216 1000
705 528 1000 770
430 385 1000 528
270 385 430 1000
430 528 705 1000
270 165 1000 385
502 209 1000 212
502 139 1000 143
0 0 4 1000
502 143 1000 153
134 49 1000 56
4 0 1000 8
76 39 1000 49
4 8 1000 22
36 22 1000 39
844 860 1000 1000
181 107 1000 139
502 153 1000 209
502 212 538 1000
634 860 844 1000
4 22 36 1000
538 212 1000 280
465 139 502 1000
36 39 76 1000
181 56 1000 107
134 56 181 1000
181 139 239 1000
76 49 134 1000
239 139 319 1000
538 280 634 1000
319 139 465 1000
634 280 1000 860
502 209 1000 212
502 139 1000 143
0 0 4 1000
502 143 1000 153
134 49 1000 56
4 0 1000 8
76 39 1000 49
701 955 1000 1000
4 8 1000 22
36 22 1000 39
181 107 1000 139
502 153 1000 209
502 212 538 1000
4 22 36 1000
465 139 502 1000
36 39 76 1000
181 56 1000 107
134 56 181 1000
701 502 1000 654
181 139 239 1000
76 49 134 1000
239 139 319 1000
538 502 701 1000
701 654 1000 955
319 139 465 1000
538 212 1000 502
0 0 4 1000
134 49 1000 56
4 0 1000 8
715 564 1000 593
76 39 1000 49
715 807 769 1000
769 880 867 1000
4 8 1000 22
867 880 1000 1000
36 22 1000 39
769 807 1000 880
574 343 604 1000
181 107 1000 139
4 22 36 1000
36 39 76 1000
181 56 1000 107
134 56 181 1000
604 564 715 1000
181 139 239 1000
76 49 134 1000
715 593 1000 807
239 139 319 1000
465 343 574 1000
604 343 1000 564
465 139 1000 343
319 139 465 1000
195 107 1000 109
714 943 779 1000
0 0 4 1000
779 943 859 1000
134 49 1000 56
4 0 1000 8
859 943 1000 1000
76 39 1000 49
195 109 207 1000
181 107 195 1000
4 8 1000 22
36 22 1000 39
207 360 233 1000
207 194 1000 218
4 22 36 1000
36 39 76 1000
181 56 1000 107
134 56 181 1000
76 49 134 1000
207 109 1000 194
233 360 349 1000
505 600 714 1000
714 600 1000 943
349 360 505 1000
207 218 1000 360
505 360 1000 600
195 107 1000 109
0 0 4 1000
134 49 1000 56
4 0 1000 8
76 39 1000 49
195 109 207 1000
181 107 195 1000
4 8 1000 22
36 22 1000 39
207 360 233 1000
207 194 1000 218
349 360 1000 390
763 745 880 1000
880 745 1000 1000
4 22 36 1000
636 745 763 1000
36 39 76 1000
181 56 1000 107
134 56 181 1000
560 390 636 1000
76 49 134 1000
207 109 1000 194
233 360 349 1000
207 218 1000 360
349 390 560 1000
636 390 1000 745
316 309 1000 313
0 0 4 1000
4 0 1000 8
76 39 1000 49
134 49 1000 61
792 781 1000 838
792 838 873 1000
4 8 1000 22
36 22 1000 39
316 420 1000 446
792 685 1000 781
873 838 1000 1000
194 172 222 1000
222 172 1000 206
4 22 36 1000
134 132 1000 172
36 39 76 1000
638 685 792 1000
134 172 194 1000
76 49 134 1000
134 61 1000 132
316 206 1000 309
316 313 1000 420
222 206 316 1000
638 446 1000 685
316 446 638 1000
316 309 1000 313
0 0 4 1000
4 0 1000 8
879 931 1000 1000
76 39 1000 49
134 49 1000 61
4 8 1000 22
36 22 1000 39
194 172 222 1000
222 172 1000 206
879 707 1000 931
4 22 36 1000
134 132 1000 172
760 707 879 1000
36 39 76 1000
760 537 1000 707
487 420 560 1000
134 172 194 1000
560 420 1000 537
76 49 134 1000
134 61 1000 132
316 206 1000 309
316 313 1000 420
222 206 316 1000
560 537 760 1000
316 420 487 1000
0 0 4 1000
864 906 921 1000
690 755 1000 773
921 906 1000 1000
4 0 1000 8
76 39 1000 49
134 49 1000 61
4 8 1000 22
36 22 1000 39
864 773 1000 906
194 172 222 1000
222 172 1000 206
4 22 36 1000
134 132 1000 172
36 39 76 1000
690 773 864 1000
521 755 690 1000
134 172 194 1000
316 309 1000 386
76 49 134 1000
134 61 1000 132
316 206 1000 309
222 206 316 1000
316 386 1000 522
316 522 521 1000
521 522 1000 755
0 0 4 1000
821 917 873 1000
590 734 613 1000
134 172 142 1000
4 0 1000 8
613 917 715 1000
715 917 821 1000
76 39 1000 49
216 172 228 1000
134 49 1000 61
873 917 1000 1000
4 8 1000 22
36 22 1000 39
142 172 162 1000
4 22 36 1000
134 132 1000 172
36 39 76 1000
162 172 216 1000
228 338 300 1000
76 49 134 1000
228 264 1000 338
134 61 1000 132
613 734 1000 917
228 172 1000 264
300 734 590 1000
300 338 1000 734
0 0 4 1000
134 172 142 1000
4 0 1000 8
76 39 1000 49
216 172 228 1000
134 49 1000 61
4 8 1000 22
846 718 1000 815
36 22 1000 39
142 172 162 1000
846 550 1000 718
846 815 1000 1000
4 22 36 1000
134 132 1000 172
36 39 76 1000
460 338 1000 414
162 172 216 1000
228 338 300 1000
646 414 1000 550
76 49 134 1000
228 264 1000 338
134 61 1000 132
228 172 1000 264
646 550 846 1000
300 338 460 1000
460 414 646 1000
254 264 259 1000
0 0 4 1000
134 172 142 1000
4 0 1000 8
259 264 271 1000
76 39 1000 49
216 172 228 1000
134 49 1000 61
4 8 1000 22
36 22 1000 39
142 172 162 1000
228 264 254 1000
744 813 1000 896
612 813 744 1000
744 896 1000 1000
4 22 36 1000
134 132 1000 172
36 39 76 1000
162 172 216 1000
76 49 134 1000
134 61 1000 132
228 172 1000 264
271 264 1000 379
612 551 1000 813
271 379 1000 551
271 551 612 1000
254 264 259 1000
0 0 4 1000
134 172 142 1000
4 0 1000 8
259 264 271 1000
76 39 1000 49
216 172 228 1000
134 49 1000 61
4 8 1000 22
36 22 1000 39
142 172 162 1000
228 264 254 1000
4 22 36 1000
134 132 1000 172
36 39 76 1000
162 172 216 1000
532 551 1000 663
415 551 532 1000
76 49 134 1000
134 61 1000 132
532 663 722 1000
271 551 415 1000
228 172 1000 264
271 264 1000 379
722 663 1000 1000
271 379 1000 551
0 0 4 1000
134 172 142 1000
4 0 1000 8
76 39 1000 49
216 172 228 1000
134 49 1000 61
4 8 1000 22
36 22 1000 39
142 172 162 1000
745 626 1000 693
686 626 745 1000
686 546 1000 626
495 493 1000 546
4 22 36 1000
134 132 1000 172
745 854 1000 1000
36 39 76 1000
745 693 1000 854
162 172 216 1000
495 401 1000 493
76 49 134 1000
134 61 1000 132
228 172 328 1000
495 546 686 1000
328 401 495 1000
328 172 1000 401
526 294 527 1000
0 0 4 1000
134 172 142 1000
4 0 1000 8
76 39 1000 49
824 941 1000 1000
134 49 1000 61
4 8 1000 22
36 22 1000 39
142 172 162 1000
527 468 573 1000
300 172 1000 212
4 22 36 1000
134 132 1000 172
824 735 1000 941
36 39 76 1000
162 172 216 1000
76 49 134 1000
573 468 1000 598
300 212 1000 294
573 598 1000 735
134 61 1000 132
573 735 824 1000
216 172 300 1000
527 294 1000 468
300 294 526 1000
