578 571 581 1000
0 0 4 1000
581 571 592 1000
32 35 38 1000
4 0 13 1000
296 358 1000 374
276 358 296 1000
13 35 32 1000
164 143 1000 168
164 168 1000 195
107 35 1000 62
38 35 66 1000
164 195 204 1000
13 0 1000 35
276 308 1000 358
66 35 107 1000
204 308 276 1000
107 62 164 1000
164 62 1000 143
296 474 1000 571
296 374 1000 474
592 571 785 1000
204 195 1000 308
785 571 1000 1000
296 571 578 1000
578 571 581 1000
0 0 4 1000
581 571 592 1000
32 35 38 1000
4 0 13 1000
296 358 1000 374
276 358 296 1000
13 35 32 1000
164 143 1000 168
164 168 1000 195
107 35 1000 62
38 35 66 1000
164 195 204 1000
13 0 1000 35
276 308 1000 358
66 35 107 1000
204 308 276 1000
107 62 164 1000
164 62 1000 143
296 474 1000 571
296 374 1000 474
592 571 785 1000
204 195 1000 308
785 571 1000 1000
296 571 578 1000
0 0 4 1000
32 35 38 1000
4 0 13 1000
296 358 1000 374
276 358 296 1000
649 792 716 1000
578 792 649 1000
13 35 32 1000
164 143 1000 168
164 168 1000 195
107 35 1000 62
38 35 66 1000
164 195 204 1000
13 0 1000 35
276 308 1000 358
66 35 107 1000
204 308 276 1000
107 62 164 1000
716 792 1000 1000
164 62 1000 143
296 474 1000 571
296 374 1000 474
204 195 1000 308
578 571 1000 792
296 571 578 1000
0 0 4 1000
32 35 38 1000
4 0 13 1000
296 358 1000 374
276 358 296 1000
914 808 1000 1000
13 35 32 1000
164 143 1000 168
164 168 1000 195
107 35 1000 62
778 808 914 1000
38 35 66 1000
164 195 204 1000
13 0 1000 35
276 308 1000 358
66 35 107 1000
564 714 1000 808
564 808 778 1000
204 308 276 1000
107 62 164 1000
164 62 1000 143
296 714 564 1000
204 195 1000 308
296 374 1000 521
296 521 1000 714
0 0 4 1000
32 35 38 1000
296 530 309 1000
296 521 1000 530
640 981 1000 1000
4 0 13 1000
296 358 1000 374
276 358 296 1000
13 35 32 1000
164 143 1000 168
164 168 1000 195
107 35 1000 62
38 35 66 1000
164 195 204 1000
13 0 1000 35
276 308 1000 358
66 35 107 1000
204 308 276 1000
107 62 164 1000
164 62 1000 143
204 195 1000 308
309 530 1000 665
296 374 1000 521
309 665 640 1000
640 665 1000 981
0 0 4 1000
32 35 38 1000
296 530 309 1000
296 521 1000 530
4 0 13 1000
296 358 1000 374
276 358 296 1000
13 35 32 1000
164 143 1000 168
164 168 1000 195
107 35 1000 62
38 35 66 1000
709 665 1000 765
164 195 204 1000
13 0 1000 35
276 308 1000 358
66 35 107 1000
204 308 276 1000
107 62 164 1000
164 62 1000 143
709 765 1000 1000
204 195 1000 308
309 530 1000 665
296 374 1000 521
309 665 709 1000
884 904 909 1000
0 0 4 1000
32 35 38 1000
733 904 801 1000
801 904 884 1000
909 904 1000 1000
4 0 13 1000
13 35 32 1000
164 143 1000 168
164 168 1000 195
107 35 1000 62
38 35 66 1000
164 195 204 1000
13 0 1000 35
276 308 1000 358
66 35 107 1000
572 744 733 1000
733 744 1000 904
204 308 276 1000
107 62 164 1000
164 62 1000 143
204 195 1000 308
572 532 1000 744
276 358 1000 532
276 532 572 1000
204 308 205 1000
927 891 1000 910
927 910 1000 931
0 0 4 1000
927 931 1000 1000
32 35 38 1000
205 432 220 1000
4 0 13 1000
220 432 237 1000
927 748 1000 891
13 35 32 1000
164 143 1000 168
164 168 1000 195
107 35 1000 62
38 35 66 1000
164 195 204 1000
13 0 1000 35
66 35 107 1000
107 62 164 1000
164 62 1000 143
204 195 1000 308
205 308 1000 432
237 432 1000 574
237 574 1000 748
237 748 927 1000
204 308 205 1000
0 0 4 1000
32 35 38 1000
205 432 220 1000
4 0 13 1000
220 432 237 1000
13 35 32 1000
164 143 1000 168
164 168 1000 195
107 35 1000 62
38 35 66 1000
735 879 1000 1000
164 195 204 1000
13 0 1000 35
735 748 1000 879
455 748 593 1000
593 748 735 1000
66 35 107 1000
107 62 164 1000
237 748 455 1000
164 62 1000 143
204 195 1000 308
205 308 1000 432
237 432 1000 574
237 574 1000 748
204 308 205 1000
0 0 4 1000
32 35 38 1000
205 432 220 1000
4 0 13 1000
853 890 1000 1000
13 35 32 1000
164 143 1000 168
164 168 1000 195
107 35 1000 62
38 35 66 1000
164 195 204 1000
13 0 1000 35
66 35 107 1000
853 602 1000 890
107 62 164 1000
220 432 320 1000
320 432 421 1000
541 602 686 1000
686 602 853 1000
164 62 1000 143
421 432 541 1000
541 432 1000 602
204 195 1000 308
205 308 1000 432
0 0 4 1000
32 35 38 1000
4 0 13 1000
793 897 1000 941
696 897 793 1000
594 897 696 1000
793 941 1000 1000
204 431 226 1000
13 35 32 1000
164 143 1000 168
164 168 1000 195
107 35 1000 62
38 35 66 1000
164 195 204 1000
13 0 1000 35
226 431 291 1000
66 35 107 1000
204 308 1000 364
204 364 1000 431
107 62 164 1000
164 62 1000 143
291 431 1000 532
204 195 1000 308
291 532 594 1000
594 532 1000 897
0 0 4 1000
32 35 38 1000
4 0 13 1000
204 431 226 1000
13 35 32 1000
164 143 1000 168
164 168 1000 195
107 35 1000 62
38 35 66 1000
703 788 1000 886
562 788 703 1000
164 195 204 1000
703 886 1000 1000
13 0 1000 35
226 431 291 1000
66 35 107 1000
204 308 1000 364
204 364 1000 431
107 62 164 1000
291 788 562 1000
164 62 1000 143
291 532 1000 630
291 431 1000 532
204 195 1000 308
291 630 1000 788
939 788 1000 812
0 0 4 1000
32 35 38 1000
4 0 13 1000
939 812 1000 1000
204 431 226 1000
13 35 32 1000
164 143 1000 168
164 168 1000 195
107 35 1000 62
38 35 66 1000
164 195 204 1000
13 0 1000 35
226 431 291 1000
66 35 107 1000
204 308 1000 364
204 364 1000 431
107 62 164 1000
291 788 562 1000
164 62 1000 143
291 532 1000 630
291 431 1000 532
562 788 939 1000
204 195 1000 308
291 630 1000 788
921 788 1000 793
921 793 928 1000
0 0 4 1000
32 35 38 1000
4 0 13 1000
204 431 226 1000
928 793 1000 1000
13 35 32 1000
164 143 1000 168
164 168 1000 195
107 35 1000 62
38 35 66 1000
164 195 204 1000
13 0 1000 35
226 431 291 1000
66 35 107 1000
204 308 1000 364
204 364 1000 431
107 62 164 1000
164 62 1000 143
291 532 1000 630
291 431 1000 532
204 195 1000 308
291 630 1000 788
291 788 921 1000
787 918 792 1000
0 0 4 1000
32 35 38 1000
4 0 13 1000
291 431 1000 445
527 445 1000 466
204 431 226 1000
792 918 1000 1000
13 35 32 1000
164 143 1000 168
164 168 1000 195
107 35 1000 62
38 35 66 1000
164 195 204 1000
13 0 1000 35
226 431 291 1000
66 35 107 1000
204 308 1000 364
204 364 1000 431
107 62 164 1000
164 62 1000 143
204 195 1000 308
787 466 1000 918
291 445 527 1000
527 466 787 1000
0 0 4 1000
32 35 38 1000
4 0 13 1000
291 431 1000 445
527 445 1000 466
204 431 226 1000
13 35 32 1000
164 143 1000 168
164 168 1000 195
107 35 1000 62
38 35 66 1000
164 195 204 1000
13 0 1000 35
226 431 291 1000
66 35 107 1000
204 308 1000 364
709 835 1000 1000
204 364 1000 431
107 62 164 1000
527 466 1000 583
164 62 1000 143
709 583 1000 835
527 583 709 1000
204 195 1000 308
291 445 527 1000
0 0 4 1000
32 35 38 1000
815 911 898 1000
4 0 13 1000
898 911 1000 1000
226 571 253 1000
204 431 226 1000
670 911 815 1000
13 35 32 1000
164 143 1000 168
164 168 1000 195
107 35 1000 62
38 35 66 1000
164 195 204 1000
13 0 1000 35
66 35 107 1000
204 308 1000 364
204 364 1000 431
107 62 164 1000
164 62 1000 143
253 571 433 1000
204 195 1000 308
433 571 670 1000
226 431 1000 571
670 571 1000 911
835 968 864 1000
769 968 835 1000
0 0 4 1000
864 968 1000 1000
32 35 38 1000
4 0 13 1000
226 571 253 1000
204 431 226 1000
13 35 32 1000
164 143 1000 168
164 168 1000 195
107 35 1000 62
38 35 66 1000
164 195 204 1000
13 0 1000 35
66 35 107 1000
204 308 1000 364
204 364 1000 431
107 62 164 1000
164 62 1000 143
253 571 433 1000
204 195 1000 308
769 571 1000 968
226 431 1000 571
433 571 769 1000
937 571 1000 623
0 0 4 1000
32 35 38 1000
4 0 13 1000
226 571 253 1000
204 431 226 1000
253 571 284 1000
284 571 317 1000
13 35 32 1000
164 143 1000 168
164 168 1000 195
937 623 1000 1000
107 35 1000 62
317 571 379 1000
38 35 66 1000
164 195 204 1000
13 0 1000 35
66 35 107 1000
204 308 1000 364
204 364 1000 431
107 62 164 1000
164 62 1000 143
204 195 1000 308
226 431 1000 571
379 571 937 1000
0 0 4 1000
32 35 38 1000
4 0 13 1000
226 571 253 1000
204 431 226 1000
253 571 284 1000
284 571 317 1000
13 35 32 1000
164 143 1000 168
164 168 1000 195
107 35 1000 62
317 571 379 1000
38 35 66 1000
164 195 204 1000
13 0 1000 35
66 35 107 1000
204 308 1000 364
204 364 1000 431
107 62 164 1000
164 62 1000 143
600 800 1000 1000
204 195 1000 308
600 571 1000 800
379 571 600 1000
226 431 1000 571
987 473 1000 627
0 0 4 1000
987 627 1000 1000
32 35 38 1000
4 0 13 1000
204 431 226 1000
289 431 316 1000
13 35 32 1000
316 431 350 1000
164 143 1000 168
164 168 1000 195
107 35 1000 62
350 431 393 1000
393 431 1000 473
38 35 66 1000
164 195 204 1000
13 0 1000 35
226 431 289 1000
66 35 107 1000
204 308 1000 364
204 364 1000 431
107 62 164 1000
164 62 1000 143
204 195 1000 308
393 473 987 1000
0 0 4 1000
32 35 38 1000
4 0 13 1000
204 431 226 1000
289 431 316 1000
13 35 32 1000
316 431 350 1000
164 143 1000 168
164 168 1000 195
107 35 1000 62
350 431 393 1000
393 431 1000 473
38 35 66 1000
164 195 204 1000
13 0 1000 35
226 431 289 1000
66 35 107 1000
204 308 1000 364
393 473 478 1000
204 364 1000 431
107 62 164 1000
164 62 1000 143
204 195 1000 308
478 818 1000 1000
478 473 1000 818
0 0 4 1000
32 35 38 1000
4 0 13 1000
204 431 226 1000
13 35 32 1000
164 143 1000 168
164 168 1000 195
107 35 1000 62
38 35 66 1000
718 696 1000 793
164 195 204 1000
13 0 1000 35
226 431 289 1000
66 35 107 1000
289 431 360 1000
204 308 1000 364
360 696 519 1000
204 364 1000 431
107 62 164 1000
718 793 1000 1000
519 696 718 1000
360 431 1000 529
164 62 1000 143
204 195 1000 308
360 529 1000 696
360 696 365 1000
365 696 1000 700
0 0 4 1000
32 35 38 1000
4 0 13 1000
204 431 226 1000
13 35 32 1000
164 143 1000 168
164 168 1000 195
107 35 1000 62
38 35 66 1000
164 195 204 1000
13 0 1000 35
226 431 289 1000
66 35 107 1000
289 431 360 1000
204 308 1000 364
204 364 1000 431
107 62 164 1000
360 431 1000 529
164 62 1000 143
204 195 1000 308
365 700 679 1000
679 700 1000 1000
360 529 1000 696
360 696 365 1000
365 696 1000 700
0 0 4 1000
32 35 38 1000
4 0 13 1000
204 431 226 1000
13 35 32 1000
164 143 1000 168
164 168 1000 195
107 35 1000 62
38 35 66 1000
164 195 204 1000
13 0 1000 35
226 431 289 1000
365 700 487 1000
66 35 107 1000
289 431 360 1000
204 308 1000 364
204 364 1000 431
107 62 164 1000
360 431 1000 529
164 62 1000 143
204 195 1000 308
360 529 1000 696
487 700 1000 1000
360 696 365 1000
365 696 1000 700
0 0 4 1000
32 35 38 1000
4 0 13 1000
204 431 226 1000
13 35 32 1000
164 143 1000 168
164 168 1000 195
107 35 1000 62
38 35 66 1000
164 195 204 1000
13 0 1000 35
226 431 289 1000
365 700 487 1000
66 35 107 1000
289 431 360 1000
204 308 1000 364
204 364 1000 431
107 62 164 1000
360 431 1000 529
164 62 1000 143
204 195 1000 308
360 529 1000 696
487 700 1000 1000
360 696 365 1000
0 0 4 1000
32 35 38 1000
4 0 13 1000
204 431 226 1000
13 35 32 1000
164 143 1000 168
164 168 1000 195
107 35 1000 62
38 35 66 1000
164 195 204 1000
13 0 1000 35
503 696 1000 766
226 431 289 1000
66 35 107 1000
289 431 360 1000
365 696 503 1000
204 308 1000 364
204 364 1000 431
107 62 164 1000
360 431 1000 529
164 62 1000 143
204 195 1000 308
360 529 1000 696
503 766 1000 1000
0 0 4 1000
32 35 38 1000
4 0 13 1000
13 35 32 1000
164 143 1000 168
164 168 1000 195
107 35 1000 62
830 696 1000 841
745 597 1000 696
745 696 830 1000
38 35 66 1000
830 841 1000 1000
692 431 745 1000
164 195 204 1000
13 0 1000 35
66 35 107 1000
745 431 1000 597
204 308 1000 364
204 364 1000 431
107 62 164 1000
380 431 480 1000
164 62 1000 143
204 195 1000 308
204 431 380 1000
480 431 692 1000
947 700 1000 724
947 724 1000 755
0 0 4 1000
32 35 38 1000
4 0 13 1000
947 755 1000 1000
13 35 32 1000
164 143 1000 168
164 168 1000 195
107 35 1000 62
38 35 66 1000
692 431 745 1000
164 195 204 1000
13 0 1000 35
66 35 107 1000
204 308 1000 364
204 364 1000 431
107 62 164 1000
380 431 480 1000
745 700 947 1000
164 62 1000 143
745 431 1000 700
204 195 1000 308
204 431 380 1000
480 431 692 1000
0 0 4 1000
820 905 865 1000
32 35 38 1000
770 867 820 1000
820 867 1000 905
4 0 13 1000
692 867 770 1000
865 905 1000 1000
13 35 32 1000
164 143 1000 168
164 168 1000 195
107 35 1000 62
38 35 66 1000
164 195 204 1000
13 0 1000 35
66 35 107 1000
204 308 1000 364
204 364 1000 431
107 62 164 1000
380 431 480 1000
164 62 1000 143
204 195 1000 308
204 431 380 1000
480 431 692 1000
692 431 1000 867
0 0 4 1000
950 891 1000 1000
32 35 38 1000
4 0 13 1000
380 431 399 1000
835 891 950 1000
763 801 835 1000
835 801 1000 891
688 801 763 1000
13 35 32 1000
164 143 1000 168
164 168 1000 195
107 35 1000 62
38 35 66 1000
164 195 204 1000
13 0 1000 35
66 35 107 1000
204 308 1000 364
204 364 1000 431
107 62 164 1000
164 62 1000 143
204 195 1000 308
204 431 380 1000
688 431 1000 801
399 431 688 1000
0 0 4 1000
32 35 38 1000
399 431 411 1000
956 806 1000 1000
4 0 13 1000
380 431 399 1000
13 35 32 1000
164 143 1000 168
164 168 1000 195
107 35 1000 62
38 35 66 1000
164 195 204 1000
13 0 1000 35
477 431 538 1000
411 431 477 1000
66 35 107 1000
204 308 1000 364
204 364 1000 431
107 62 164 1000
538 431 641 1000
641 806 956 1000
164 62 1000 143
204 195 1000 308
204 431 380 1000
641 431 1000 806
0 0 4 1000
32 35 38 1000
399 431 411 1000
4 0 13 1000
641 806 691 1000
380 431 399 1000
13 35 32 1000
164 143 1000 168
164 168 1000 195
107 35 1000 62
38 35 66 1000
164 195 204 1000
13 0 1000 35
477 431 538 1000
411 431 477 1000
66 35 107 1000
204 308 1000 364
204 364 1000 431
107 62 164 1000
538 431 641 1000
691 806 1000 1000
164 62 1000 143
204 195 1000 308
204 431 380 1000
641 431 1000 806
