148 159 149 1000
79 50 1000 51
146 159 148 1000
79 51 1000 53
12 0 1000 2
167 238 170 1000
805 787 1000 799
79 47 1000 50
805 799 820 1000
391 497 397 1000
62 28 1000 32
62 32 1000 38
130 72 1000 79
79 64 1000 72
71 38 79 1000
79 38 1000 47
62 38 71 1000
79 53 1000 64
40 17 1000 28
276 301 292 1000
146 145 1000 159
0 0 12 1000
397 497 1000 518
820 799 1000 872
130 145 146 1000
149 217 167 1000
362 497 391 1000
12 2 1000 17
731 787 805 1000
130 79 1000 98
167 217 1000 238
130 98 1000 119
107 72 130 1000
40 28 62 1000
521 518 1000 564
130 119 1000 145
820 872 1000 1000
618 725 1000 787
618 787 731 1000
79 72 107 1000
12 17 40 1000
521 564 1000 633
618 633 1000 725
292 497 362 1000
521 633 618 1000
149 159 1000 217
170 238 1000 301
397 518 521 1000
170 301 276 1000
292 301 1000 497
148 159 149 1000
79 50 1000 51
146 159 148 1000
79 51 1000 53
12 0 1000 2
79 47 1000 50
62 28 1000 32
62 32 1000 38
736 832 770 1000
826 860 867 1000
130 72 1000 79
770 832 1000 860
79 64 1000 72
71 38 79 1000
770 860 826 1000
79 38 1000 47
62 38 71 1000
867 860 1000 930
867 930 1000 1000
79 53 1000 64
40 17 1000 28
146 145 1000 159
0 0 12 1000
130 145 146 1000
149 217 167 1000
12 2 1000 17
130 79 1000 98
167 217 1000 238
456 390 485 1000
130 98 1000 119
107 72 130 1000
40 28 62 1000
130 119 1000 145
79 72 107 1000
542 530 1000 588
343 238 1000 279
385 279 1000 323
12 17 40 1000
542 588 615 1000
343 279 385 1000
485 463 542 1000
542 463 1000 530
456 323 1000 390
736 692 1000 832
615 692 736 1000
485 390 1000 463
615 588 1000 692
385 323 456 1000
149 159 1000 217
167 238 343 1000
148 159 149 1000
79 50 1000 51
146 159 148 1000
79 51 1000 53
12 0 1000 2
79 47 1000 50
62 28 1000 32
702 681 715 1000
338 373 1000 380
149 207 155 1000
383 380 1000 388
62 32 1000 38
130 72 1000 79
79 64 1000 72
71 38 79 1000
79 38 1000 47
62 38 71 1000
880 821 1000 894
79 53 1000 64
40 17 1000 28
146 145 1000 159
0 0 12 1000
155 258 172 1000
880 894 1000 1000
130 145 146 1000
12 2 1000 17
130 79 1000 98
715 762 1000 821
130 98 1000 119
215 258 242 1000
107 72 130 1000
40 28 62 1000
130 119 1000 145
715 681 1000 762
79 72 107 1000
12 17 40 1000
338 380 383 1000
715 821 880 1000
289 373 338 1000
172 258 215 1000
242 319 289 1000
289 319 1000 373
460 495 539 1000
149 159 1000 207
155 207 1000 258
242 258 1000 319
383 388 460 1000
702 495 1000 681
460 388 1000 495
539 495 702 1000
863 949 865 1000
865 949 869 1000
342 543 343 1000
79 50 1000 51
79 51 1000 53
12 0 1000 2
79 47 1000 50
62 28 1000 32
813 911 863 1000
863 911 1000 949
62 32 1000 38
130 72 1000 79
869 949 1000 1000
645 758 1000 777
79 64 1000 72
71 38 79 1000
79 38 1000 47
62 38 71 1000
79 53 1000 64
40 17 1000 28
146 145 1000 159
0 0 12 1000
519 704 564 1000
130 145 146 1000
12 2 1000 17
343 543 376 1000
130 79 1000 98
130 98 1000 119
564 758 645 1000
519 662 1000 704
107 72 130 1000
40 28 62 1000
130 119 1000 145
146 292 179 1000
564 704 1000 758
813 777 1000 911
79 72 107 1000
295 437 342 1000
12 17 40 1000
342 500 1000 543
179 292 231 1000
645 777 813 1000
295 383 1000 437
231 383 295 1000
342 437 1000 500
376 662 519 1000
146 233 1000 292
146 159 1000 233
231 292 1000 383
376 543 1000 662
79 50 1000 51
877 850 886 1000
79 51 1000 53
12 0 1000 2
811 815 822 1000
886 850 1000 869
822 815 835 1000
79 47 1000 50
62 28 1000 32
466 472 1000 480
62 32 1000 38
835 815 1000 850
130 72 1000 79
835 850 877 1000
79 64 1000 72
71 38 79 1000
79 38 1000 47
62 38 71 1000
79 53 1000 64
40 17 1000 28
0 0 12 1000
12 2 1000 17
886 869 1000 1000
682 546 715 1000
130 79 1000 98
130 98 1000 119
295 304 1000 331
230 304 259 1000
107 72 130 1000
40 28 62 1000
130 119 1000 145
715 546 1000 628
421 472 466 1000
259 304 295 1000
79 72 107 1000
12 17 40 1000
195 212 230 1000
559 480 1000 546
377 331 421 1000
230 259 1000 304
421 411 1000 472
811 628 1000 815
715 628 811 1000
230 212 1000 259
421 331 1000 411
466 480 559 1000
195 145 1000 212
295 331 377 1000
130 145 195 1000
559 546 682 1000
