0 0 2 1000
321 305 326 1000
795 721 1000 753
556 442 1000 457
889 828 1000 893
889 753 1000 828
2 22 12 1000
31 60 42 1000
889 893 1000 1000
76 140 1000 153
12 22 31 1000
522 392 556 1000
2 0 1000 22
556 392 1000 442
326 358 1000 392
795 753 889 1000
795 579 1000 721
42 60 76 1000
326 305 1000 358
31 22 1000 60
682 457 1000 579
682 579 795 1000
321 229 1000 305
556 457 682 1000
76 153 1000 229
76 60 1000 140
221 229 321 1000
76 229 221 1000
326 392 522 1000
830 828 833 1000
0 0 2 1000
941 903 1000 1000
2 22 12 1000
31 60 42 1000
833 903 941 1000
732 788 1000 828
76 140 1000 153
833 828 1000 903
440 569 471 1000
256 401 1000 422
732 828 830 1000
12 22 31 1000
256 422 289 1000
2 0 1000 22
116 260 149 1000
116 229 1000 260
76 229 116 1000
42 60 76 1000
471 569 1000 630
31 22 1000 60
732 630 1000 788
149 401 256 1000
76 153 1000 229
76 60 1000 140
440 422 1000 569
289 422 440 1000
471 630 732 1000
149 260 1000 401
182 261 183 1000
0 0 2 1000
863 849 878 1000
878 935 921 1000
921 935 1000 1000
221 445 231 1000
2 22 12 1000
31 60 42 1000
878 849 1000 935
163 261 182 1000
863 724 1000 849
12 22 31 1000
296 483 335 1000
2 0 1000 22
183 409 221 1000
634 724 727 1000
221 409 1000 445
231 445 1000 483
42 60 76 1000
231 483 296 1000
31 22 1000 60
727 724 863 1000
634 600 1000 724
163 196 1000 261
335 483 1000 600
76 60 163 1000
163 60 1000 196
335 600 634 1000
183 261 1000 409
0 0 2 1000
31 60 1000 65
72 65 1000 71
72 133 1000 140
2 22 12 1000
72 161 1000 175
943 763 1000 1000
482 365 1000 394
535 484 567 1000
677 711 1000 763
482 394 1000 427
12 22 31 1000
72 140 1000 161
2 0 1000 22
72 71 1000 95
535 427 1000 484
482 427 535 1000
567 711 677 1000
72 95 1000 133
31 22 1000 60
31 65 72 1000
677 763 943 1000
253 274 1000 365
253 365 361 1000
168 175 253 1000
253 175 1000 274
361 365 482 1000
72 175 168 1000
567 484 1000 711
0 0 2 1000
31 60 1000 65
72 65 1000 71
72 133 1000 140
2 22 12 1000
812 758 1000 811
72 161 1000 175
812 811 885 1000
12 22 31 1000
734 758 812 1000
72 140 1000 161
885 811 1000 1000
2 0 1000 22
72 71 1000 95
319 175 1000 212
193 175 233 1000
72 95 1000 133
31 22 1000 60
31 65 72 1000
564 758 734 1000
564 310 1000 407
564 407 1000 508
564 635 1000 758
439 212 1000 310
564 508 1000 635
233 175 319 1000
439 310 564 1000
319 212 439 1000
72 175 193 1000
348 418 1000 419
944 726 1000 759
0 0 2 1000
767 689 775 1000
31 60 1000 65
72 65 1000 71
72 133 1000 140
775 689 1000 726
2 22 12 1000
944 759 1000 1000
12 22 31 1000
2 0 1000 22
72 71 1000 95
693 689 767 1000
348 419 404 1000
72 95 1000 133
31 22 1000 60
404 419 469 1000
31 65 72 1000
775 726 944 1000
693 537 1000 689
348 345 1000 418
469 537 579 1000
579 537 693 1000
348 264 1000 345
469 419 1000 537
72 140 159 1000
159 140 1000 264
159 264 348 1000
0 0 2 1000
24 31 31 1000
851 850 1000 897
804 850 851 1000
737 818 1000 850
12 22 1000 31
2 22 12 1000
737 850 804 1000
85 72 1000 84
12 31 24 1000
361 386 382 1000
56 31 1000 45
851 897 1000 1000
2 0 1000 22
31 31 56 1000
85 45 1000 72
56 45 85 1000
85 84 1000 116
270 335 1000 386
737 659 1000 818
154 116 1000 172
270 386 361 1000
85 116 154 1000
382 488 505 1000
382 386 1000 488
505 659 737 1000
505 488 1000 659
154 172 270 1000
270 172 1000 335
0 0 2 1000
24 31 31 1000
12 22 1000 31
2 22 12 1000
85 72 1000 84
12 31 24 1000
56 31 1000 45
657 646 1000 692
657 760 723 1000
723 760 1000 835
723 835 1000 911
2 0 1000 22
600 497 1000 553
657 692 1000 760
31 31 56 1000
723 911 1000 1000
85 45 1000 72
600 553 657 1000
534 439 1000 497
56 45 85 1000
85 84 1000 116
657 553 1000 646
534 497 600 1000
154 116 1000 172
534 326 1000 439
85 116 154 1000
154 172 270 1000
270 172 1000 326
270 326 534 1000
0 0 2 1000
869 899 913 1000
602 645 1000 658
348 566 360 1000
24 31 31 1000
602 626 1000 645
869 834 1000 899
913 899 1000 1000
12 22 1000 31
2 22 12 1000
12 31 24 1000
714 747 765 1000
56 31 1000 45
765 834 869 1000
765 747 1000 834
2 0 1000 22
31 31 56 1000
85 45 1000 72
714 658 1000 747
56 45 85 1000
602 658 714 1000
360 566 1000 626
85 254 1000 296
251 566 348 1000
251 462 1000 566
360 626 602 1000
85 296 251 1000
251 296 1000 462
85 72 1000 254
