194 0 1000 136
478 652 1000 1000
0 0 194 1000
194 136 478 1000
478 136 1000 652
842 136 1000 402
842 402 1000 1000
194 0 1000 136
0 0 194 1000
194 136 842 1000
194 0 1000 80
485 80 1000 411
0 0 194 1000
194 80 485 1000
485 411 1000 1000
589 887 1000 1000
194 0 1000 80
0 0 194 1000
589 80 1000 887
194 80 589 1000
194 0 1000 80
194 80 319 1000
319 80 444 1000
0 0 194 1000
444 80 1000 1000
194 0 1000 80
194 80 319 1000
319 80 444 1000
0 0 194 1000
444 80 1000 1000
194 0 1000 80
194 411 1000 624
0 0 194 1000
194 80 1000 411
194 624 1000 1000
194 0 1000 80
859 411 1000 1000
0 0 194 1000
194 80 1000 411
194 411 859 1000
194 0 1000 80
194 363 390 1000
0 0 194 1000
194 80 1000 363
390 363 1000 1000
194 0 1000 80
194 363 390 1000
0 0 194 1000
194 80 1000 363
390 363 1000 1000
194 0 1000 80
884 363 1000 1000
0 0 194 1000
194 80 1000 363
194 363 884 1000
194 0 225 1000
841 616 1000 1000
0 0 194 1000
225 616 841 1000
225 0 1000 616
194 0 225 1000
721 421 1000 1000
0 0 194 1000
225 421 721 1000
225 0 1000 421
814 886 1000 1000
609 886 814 1000
194 886 609 1000
0 0 194 1000
194 0 1000 886
194 0 1000 179
815 179 1000 1000
0 0 194 1000
559 179 815 1000
194 179 559 1000
194 0 1000 179
815 179 1000 1000
0 0 194 1000
559 179 815 1000
194 179 559 1000
717 711 1000 1000
194 0 299 1000
299 711 717 1000
0 0 194 1000
299 0 1000 711
447 799 703 1000
703 799 1000 1000
0 0 194 1000
194 0 447 1000
447 0 1000 799
447 544 625 1000
625 544 1000 1000
0 0 194 1000
194 0 447 1000
447 0 1000 544
194 864 1000 1000
194 0 1000 145
194 145 1000 325
0 0 194 1000
194 325 1000 864
194 960 1000 1000
194 0 1000 145
194 145 1000 325
0 0 194 1000
194 325 1000 960
194 0 1000 145
194 145 1000 325
0 0 194 1000
194 325 1000 622
194 622 1000 1000
284 979 1000 1000
194 269 284 1000
0 0 194 1000
194 0 1000 269
284 269 1000 979
194 269 284 1000
0 0 194 1000
194 0 1000 269
284 269 1000 612
284 612 1000 1000
888 692 1000 1000
625 692 888 1000
0 0 194 1000
625 0 1000 692
194 0 625 1000
0 0 37 1000
37 0 102 1000
417 684 1000 1000
102 0 417 1000
417 0 1000 684
0 0 37 1000
37 0 102 1000
417 0 1000 336
102 0 417 1000
417 336 1000 1000
