530 523 1000 525
530 520 1000 523
0 0 3 1000
10 56 16 1000
3 0 10 1000
33 127 44 1000
349 317 364 1000
426 411 1000 429
10 0 1000 11
16 77 1000 90
16 90 33 1000
10 11 1000 29
16 56 1000 77
44 156 70 1000
814 673 1000 796
530 525 1000 575
10 29 1000 56
44 127 1000 156
70 238 110 1000
70 156 1000 190
33 90 1000 127
364 411 426 1000
814 796 1000 1000
110 238 163 1000
530 429 1000 520
70 190 1000 238
530 575 1000 673
163 317 243 1000
426 429 530 1000
364 317 1000 411
163 238 1000 317
243 317 349 1000
530 673 814 1000
530 523 1000 525
530 520 1000 523
0 0 3 1000
757 968 857 1000
857 968 1000 1000
10 56 16 1000
3 0 10 1000
33 127 44 1000
349 317 364 1000
426 411 1000 429
10 0 1000 11
16 77 1000 90
16 90 33 1000
10 11 1000 29
16 56 1000 77
44 156 70 1000
10 29 1000 56
44 127 1000 156
70 238 110 1000
70 156 1000 190
33 90 1000 127
364 411 426 1000
110 238 163 1000
530 429 1000 520
70 190 1000 238
163 317 243 1000
426 429 530 1000
364 317 1000 411
163 238 1000 317
757 680 1000 968
243 317 349 1000
530 680 757 1000
530 525 1000 680
0 0 3 1000
10 56 16 1000
3 0 10 1000
33 127 44 1000
349 317 364 1000
426 411 1000 429
530 641 560 1000
10 0 1000 11
16 77 1000 90
16 90 33 1000
10 11 1000 29
684 682 1000 739
560 641 1000 682
560 682 618 1000
16 56 1000 77
618 682 684 1000
44 156 70 1000
10 29 1000 56
44 127 1000 156
70 238 110 1000
70 156 1000 190
33 90 1000 127
364 411 426 1000
110 238 163 1000
530 429 1000 520
70 190 1000 238
163 317 243 1000
530 520 1000 641
426 429 530 1000
364 317 1000 411
163 238 1000 317
243 317 349 1000
684 739 1000 1000
364 317 1000 318
770 937 789 1000
0 0 3 1000
789 937 839 1000
716 937 770 1000
839 937 893 1000
364 318 370 1000
370 318 376 1000
10 56 16 1000
893 937 1000 1000
3 0 10 1000
33 127 44 1000
349 317 364 1000
10 0 1000 11
16 77 1000 90
16 90 33 1000
10 11 1000 29
16 56 1000 77
44 156 70 1000
10 29 1000 56
44 127 1000 156
70 238 110 1000
70 156 1000 190
33 90 1000 127
110 238 163 1000
70 190 1000 238
163 317 243 1000
163 238 1000 317
243 317 349 1000
716 671 1000 937
376 318 1000 489
376 671 716 1000
376 489 1000 671
364 317 1000 318
0 0 3 1000
364 318 370 1000
370 318 376 1000
10 56 16 1000
376 489 388 1000
3 0 10 1000
33 127 44 1000
349 317 364 1000
10 0 1000 11
16 77 1000 90
16 90 33 1000
388 544 1000 572
10 11 1000 29
16 56 1000 77
44 156 70 1000
848 572 1000 746
10 29 1000 56
44 127 1000 156
70 238 110 1000
70 156 1000 190
388 489 1000 544
33 90 1000 127
388 572 476 1000
476 572 564 1000
848 746 1000 1000
110 238 163 1000
70 190 1000 238
163 317 243 1000
163 238 1000 317
243 317 349 1000
376 318 1000 489
564 572 848 1000
364 317 1000 318
0 0 3 1000
364 318 370 1000
370 318 376 1000
10 56 16 1000
376 489 388 1000
3 0 10 1000
33 127 44 1000
349 317 364 1000
10 0 1000 11
16 77 1000 90
16 90 33 1000
388 544 1000 572
10 11 1000 29
16 56 1000 77
44 156 70 1000
10 29 1000 56
44 127 1000 156
70 238 110 1000
70 156 1000 190
388 489 1000 544
33 90 1000 127
388 572 476 1000
476 572 564 1000
110 238 163 1000
70 190 1000 238
564 572 677 1000
163 317 243 1000
677 572 1000 749
163 238 1000 317
243 317 349 1000
677 749 1000 1000
376 318 1000 489
364 317 1000 318
0 0 3 1000
364 318 370 1000
370 318 376 1000
10 56 16 1000
677 982 1000 1000
376 489 388 1000
3 0 10 1000
33 127 44 1000
349 317 364 1000
10 0 1000 11
16 77 1000 90
16 90 33 1000
388 544 1000 572
10 11 1000 29
16 56 1000 77
44 156 70 1000
10 29 1000 56
44 127 1000 156
70 238 110 1000
70 156 1000 190
388 489 1000 544
33 90 1000 127
388 572 476 1000
476 572 564 1000
110 238 163 1000
70 190 1000 238
564 572 677 1000
163 317 243 1000
163 238 1000 317
243 317 349 1000
376 318 1000 489
677 572 1000 982
364 317 1000 318
0 0 3 1000
364 318 370 1000
370 318 376 1000
556 489 565 1000
10 56 16 1000
376 489 388 1000
886 815 1000 875
3 0 10 1000
886 746 1000 815
33 127 44 1000
349 317 364 1000
10 0 1000 11
16 77 1000 90
886 875 1000 1000
16 90 33 1000
10 11 1000 29
16 56 1000 77
44 156 70 1000
10 29 1000 56
44 127 1000 156
70 238 110 1000
70 156 1000 190
33 90 1000 127
110 238 163 1000
70 190 1000 238
163 317 243 1000
163 238 1000 317
243 317 349 1000
565 746 886 1000
388 489 556 1000
376 318 1000 489
565 489 1000 746
163 238 1000 239
166 239 1000 241
166 241 169 1000
163 239 166 1000
925 860 1000 892
0 0 3 1000
10 56 16 1000
3 0 10 1000
925 892 1000 1000
33 127 44 1000
10 0 1000 11
16 77 1000 90
16 90 33 1000
637 860 757 1000
10 11 1000 29
16 56 1000 77
44 156 70 1000
284 286 316 1000
757 860 925 1000
10 29 1000 56
44 127 1000 156
70 238 110 1000
70 156 1000 190
316 286 1000 334
316 334 366 1000
33 90 1000 127
169 241 1000 286
110 238 163 1000
70 190 1000 238
169 286 284 1000
637 334 1000 562
637 562 1000 860
366 334 637 1000
163 238 1000 239
166 239 1000 241
166 241 169 1000
163 239 166 1000
0 0 3 1000
10 56 16 1000
3 0 10 1000
33 127 44 1000
10 0 1000 11
16 77 1000 90
16 90 33 1000
10 11 1000 29
16 56 1000 77
44 156 70 1000
284 286 316 1000
10 29 1000 56
44 127 1000 156
70 238 110 1000
70 156 1000 190
316 286 1000 334
316 334 366 1000
33 90 1000 127
169 241 1000 286
110 238 163 1000
827 757 1000 1000
70 190 1000 238
631 635 1000 757
631 757 827 1000
366 334 450 1000
631 458 1000 635
450 334 1000 458
169 286 284 1000
450 458 631 1000
163 238 1000 239
166 239 1000 241
166 241 169 1000
163 239 166 1000
0 0 3 1000
10 56 16 1000
3 0 10 1000
33 127 44 1000
10 0 1000 11
16 77 1000 90
16 90 33 1000
10 11 1000 29
16 56 1000 77
44 156 70 1000
284 286 316 1000
10 29 1000 56
44 127 1000 156
70 238 110 1000
70 156 1000 190
33 90 1000 127
741 860 1000 1000
169 241 1000 286
110 238 163 1000
615 674 741 1000
70 190 1000 238
512 547 615 1000
741 674 1000 860
615 547 1000 674
316 286 385 1000
512 403 1000 547
385 286 1000 403
385 403 512 1000
169 286 284 1000
215 528 1000 531
0 0 3 1000
915 861 943 1000
10 56 16 1000
3 0 10 1000
202 398 215 1000
943 861 1000 1000
915 762 1000 861
569 531 587 1000
33 127 44 1000
711 726 1000 762
10 0 1000 11
110 369 1000 383
16 77 1000 90
110 383 1000 398
16 90 33 1000
10 11 1000 29
16 56 1000 77
44 156 70 1000
10 29 1000 56
44 127 1000 156
70 238 110 1000
70 156 1000 190
33 90 1000 127
70 190 1000 238
711 762 915 1000
110 238 1000 293
110 398 202 1000
711 531 1000 726
587 531 711 1000
110 293 1000 369
215 398 1000 528
215 531 569 1000
215 528 1000 531
0 0 3 1000
10 56 16 1000
3 0 10 1000
202 398 215 1000
33 127 44 1000
10 0 1000 11
110 369 1000 383
16 77 1000 90
110 383 1000 398
819 792 1000 872
631 743 690 1000
690 743 1000 792
16 90 33 1000
10 11 1000 29
16 56 1000 77
44 156 70 1000
819 872 1000 1000
10 29 1000 56
690 792 819 1000
44 127 1000 156
70 238 110 1000
70 156 1000 190
33 90 1000 127
215 531 295 1000
70 190 1000 238
110 238 1000 293
110 398 202 1000
110 293 1000 369
295 531 448 1000
631 531 1000 743
448 531 631 1000
215 398 1000 528
295 531 299 1000
813 988 1000 1000
215 528 1000 531
0 0 3 1000
10 56 16 1000
3 0 10 1000
202 398 215 1000
33 127 44 1000
10 0 1000 11
110 369 1000 383
16 77 1000 90
110 383 1000 398
16 90 33 1000
10 11 1000 29
16 56 1000 77
44 156 70 1000
10 29 1000 56
44 127 1000 156
70 238 110 1000
70 156 1000 190
299 603 1000 652
33 90 1000 127
215 531 295 1000
299 652 419 1000
419 652 1000 725
70 190 1000 238
110 238 1000 293
813 725 1000 988
299 531 1000 603
110 398 202 1000
110 293 1000 369
215 398 1000 528
419 725 813 1000
295 531 299 1000
215 528 1000 531
0 0 3 1000
10 56 16 1000
3 0 10 1000
202 398 215 1000
33 127 44 1000
10 0 1000 11
110 369 1000 383
16 77 1000 90
110 383 1000 398
16 90 33 1000
10 11 1000 29
813 725 1000 830
16 56 1000 77
44 156 70 1000
10 29 1000 56
44 127 1000 156
70 238 110 1000
70 156 1000 190
813 830 1000 1000
299 603 1000 652
33 90 1000 127
215 531 295 1000
299 652 419 1000
419 652 1000 725
70 190 1000 238
110 238 1000 293
299 531 1000 603
110 398 202 1000
110 293 1000 369
215 398 1000 528
419 725 813 1000
295 531 299 1000
215 528 1000 531
0 0 3 1000
883 967 1000 1000
10 56 16 1000
3 0 10 1000
202 398 215 1000
33 127 44 1000
10 0 1000 11
110 369 1000 383
16 77 1000 90
110 383 1000 398
16 90 33 1000
10 11 1000 29
16 56 1000 77
883 788 1000 967
44 156 70 1000
755 689 1000 788
10 29 1000 56
755 788 883 1000
44 127 1000 156
70 238 110 1000
70 156 1000 190
33 90 1000 127
215 531 295 1000
70 190 1000 238
110 238 1000 293
110 398 202 1000
110 293 1000 369
484 531 1000 689
484 689 755 1000
299 531 484 1000
215 398 1000 528
215 528 1000 531
0 0 3 1000
10 56 16 1000
3 0 10 1000
202 398 215 1000
33 127 44 1000
10 0 1000 11
110 369 1000 383
16 77 1000 90
110 383 1000 398
16 90 33 1000
254 531 289 1000
10 11 1000 29
215 531 254 1000
16 56 1000 77
44 156 70 1000
559 531 1000 586
559 586 1000 642
559 642 1000 700
10 29 1000 56
44 127 1000 156
70 238 110 1000
70 156 1000 190
33 90 1000 127
701 700 1000 831
559 700 701 1000
70 190 1000 238
110 238 1000 293
701 831 1000 1000
110 398 202 1000
110 293 1000 369
215 398 1000 528
289 531 559 1000
215 528 1000 531
0 0 3 1000
747 700 759 1000
10 56 16 1000
3 0 10 1000
202 398 215 1000
33 127 44 1000
10 0 1000 11
110 369 1000 383
16 77 1000 90
110 383 1000 398
16 90 33 1000
254 531 289 1000
10 11 1000 29
215 531 254 1000
16 56 1000 77
44 156 70 1000
559 531 1000 586
559 586 1000 642
559 642 1000 700
10 29 1000 56
44 127 1000 156
70 238 110 1000
70 156 1000 190
33 90 1000 127
70 190 1000 238
110 238 1000 293
110 398 202 1000
559 700 747 1000
110 293 1000 369
759 700 1000 1000
215 398 1000 528
289 531 559 1000
0 0 3 1000
10 56 16 1000
3 0 10 1000
202 398 215 1000
33 127 44 1000
622 753 1000 781
10 0 1000 11
110 369 1000 383
16 77 1000 90
622 719 1000 753
110 383 1000 398
16 90 33 1000
10 11 1000 29
16 56 1000 77
44 156 70 1000
444 620 502 1000
10 29 1000 56
44 127 1000 156
215 528 275 1000
70 238 110 1000
70 156 1000 190
502 719 622 1000
33 90 1000 127
622 781 792 1000
70 190 1000 238
792 781 1000 1000
110 238 1000 293
502 620 1000 719
444 528 1000 620
110 398 202 1000
110 293 1000 369
275 528 444 1000
215 398 1000 528
215 398 216 1000
423 462 427 1000
0 0 3 1000
10 56 16 1000
3 0 10 1000
202 398 215 1000
33 127 44 1000
10 0 1000 11
110 369 1000 383
16 77 1000 90
110 383 1000 398
16 90 33 1000
10 11 1000 29
935 687 1000 1000
16 56 1000 77
44 156 70 1000
427 462 468 1000
10 29 1000 56
543 462 593 1000
44 127 1000 156
70 238 110 1000
70 156 1000 190
33 90 1000 127
423 398 1000 462
468 462 543 1000
70 190 1000 238
110 238 1000 293
593 462 688 1000
110 398 202 1000
110 293 1000 369
688 462 1000 687
688 687 935 1000
216 398 423 1000
215 398 216 1000
423 462 427 1000
0 0 3 1000
10 56 16 1000
3 0 10 1000
202 398 215 1000
33 127 44 1000
10 0 1000 11
110 369 1000 383
16 77 1000 90
110 383 1000 398
16 90 33 1000
10 11 1000 29
16 56 1000 77
44 156 70 1000
427 462 468 1000
10 29 1000 56
543 462 593 1000
44 127 1000 156
70 238 110 1000
70 156 1000 190
688 687 1000 795
33 90 1000 127
423 398 1000 462
468 462 543 1000
70 190 1000 238
110 238 1000 293
593 462 688 1000
110 398 202 1000
688 795 1000 1000
110 293 1000 369
688 462 1000 687
216 398 423 1000
0 0 3 1000
10 56 16 1000
3 0 10 1000
33 127 44 1000
10 0 1000 11
110 369 1000 383
16 77 1000 90
709 726 757 1000
110 383 1000 398
512 697 1000 726
16 90 33 1000
757 726 817 1000
817 726 1000 816
10 11 1000 29
16 56 1000 77
44 156 70 1000
10 29 1000 56
44 127 1000 156
70 238 110 1000
70 156 1000 190
415 502 1000 557
817 816 1000 1000
33 90 1000 127
512 622 1000 697
415 622 512 1000
415 557 1000 622
70 190 1000 238
110 238 1000 293
512 726 709 1000
110 398 202 1000
110 293 1000 369
202 398 1000 502
202 502 415 1000
0 0 3 1000
10 56 16 1000
3 0 10 1000
881 939 1000 1000
757 939 881 1000
33 127 44 1000
10 0 1000 11
110 369 1000 383
16 77 1000 90
709 726 757 1000
110 383 1000 398
512 697 1000 726
16 90 33 1000
10 11 1000 29
16 56 1000 77
44 156 70 1000
10 29 1000 56
44 127 1000 156
70 238 110 1000
70 156 1000 190
415 502 1000 557
33 90 1000 127
512 622 1000 697
415 622 512 1000
415 557 1000 622
70 190 1000 238
110 238 1000 293
757 726 1000 939
512 726 709 1000
110 398 202 1000
110 293 1000 369
202 398 1000 502
202 502 415 1000
0 0 3 1000
909 895 939 1000
10 56 16 1000
939 895 1000 1000
3 0 10 1000
909 809 1000 895
33 127 44 1000
10 0 1000 11
110 369 1000 383
16 77 1000 90
110 383 1000 398
16 90 33 1000
10 11 1000 29
16 56 1000 77
44 156 70 1000
10 29 1000 56
44 127 1000 156
70 238 110 1000
70 156 1000 190
415 502 1000 557
33 90 1000 127
512 622 1000 697
415 622 512 1000
668 697 1000 809
415 557 1000 622
70 190 1000 238
668 809 909 1000
512 697 668 1000
110 238 1000 293
110 398 202 1000
110 293 1000 369
202 398 1000 502
202 502 415 1000
711 837 719 1000
719 845 733 1000
719 837 1000 845
733 857 752 1000
0 0 3 1000
733 845 1000 857
10 56 16 1000
3 0 10 1000
33 127 44 1000
10 0 1000 11
110 369 1000 383
16 77 1000 90
110 383 1000 398
16 90 33 1000
10 11 1000 29
16 56 1000 77
44 156 70 1000
10 29 1000 56
44 127 1000 156
70 238 110 1000
70 156 1000 190
415 502 1000 557
752 857 1000 1000
33 90 1000 127
415 557 1000 622
70 190 1000 238
110 238 1000 293
110 398 202 1000
711 622 1000 837
110 293 1000 369
202 398 1000 502
202 502 415 1000
415 622 711 1000
920 894 930 1000
0 0 3 1000
10 56 16 1000
3 0 10 1000
930 894 1000 1000
754 894 832 1000
832 894 920 1000
33 127 44 1000
10 0 1000 11
643 894 754 1000
110 369 1000 383
16 77 1000 90
110 383 1000 398
16 90 33 1000
10 11 1000 29
16 56 1000 77
44 156 70 1000
10 29 1000 56
44 127 1000 156
70 238 110 1000
70 156 1000 190
415 502 1000 557
530 714 643 1000
415 714 530 1000
33 90 1000 127
70 190 1000 238
110 238 1000 293
110 398 202 1000
643 714 1000 894
110 293 1000 369
202 398 1000 502
415 557 1000 714
202 502 415 1000
415 502 1000 503
491 503 493 1000
0 0 3 1000
493 503 500 1000
530 503 1000 513
10 56 16 1000
3 0 10 1000
33 127 44 1000
10 0 1000 11
110 369 1000 383
16 77 1000 90
110 383 1000 398
500 503 530 1000
16 90 33 1000
702 879 842 1000
10 11 1000 29
842 879 1000 1000
16 56 1000 77
44 156 70 1000
10 29 1000 56
44 127 1000 156
70 238 110 1000
70 156 1000 190
33 90 1000 127
415 503 491 1000
70 190 1000 238
110 238 1000 293
110 398 202 1000
110 293 1000 369
202 398 1000 502
530 513 702 1000
202 502 415 1000
702 513 1000 879
415 502 1000 503
491 503 493 1000
0 0 3 1000
493 503 500 1000
530 503 1000 513
10 56 16 1000
3 0 10 1000
33 127 44 1000
10 0 1000 11
110 369 1000 383
16 77 1000 90
110 383 1000 398
500 503 530 1000
16 90 33 1000
10 11 1000 29
16 56 1000 77
44 156 70 1000
10 29 1000 56
44 127 1000 156
70 238 110 1000
70 156 1000 190
33 90 1000 127
805 513 1000 706
415 503 491 1000
70 190 1000 238
110 238 1000 293
702 513 805 1000
110 398 202 1000
805 706 1000 1000
110 293 1000 369
202 398 1000 502
530 513 702 1000
202 502 415 1000
867 817 1000 819
850 800 1000 803
850 803 1000 817
0 0 3 1000
850 817 867 1000
10 56 16 1000
3 0 10 1000
33 127 44 1000
10 0 1000 11
110 369 1000 383
16 77 1000 90
110 383 1000 398
16 90 33 1000
10 11 1000 29
16 56 1000 77
44 156 70 1000
867 819 1000 1000
10 29 1000 56
44 127 1000 156
70 238 110 1000
70 156 1000 190
202 502 270 1000
33 90 1000 127
652 800 850 1000
70 190 1000 238
110 238 1000 293
512 622 652 1000
110 398 202 1000
512 502 1000 622
652 622 1000 800
110 293 1000 369
202 398 1000 502
270 502 512 1000
893 760 1000 779
0 0 3 1000
912 779 1000 816
893 779 912 1000
912 816 1000 866
893 649 1000 694
10 56 16 1000
3 0 10 1000
893 694 1000 760
33 127 44 1000
10 0 1000 11
912 866 1000 1000
16 77 1000 90
16 90 33 1000
10 11 1000 29
16 56 1000 77
44 156 70 1000
10 29 1000 56
44 127 1000 156
70 238 110 1000
70 156 1000 190
33 90 1000 127
468 542 562 1000
70 190 1000 238
562 542 1000 649
110 238 1000 293
745 649 893 1000
339 542 468 1000
562 649 745 1000
237 369 339 1000
110 293 1000 369
110 369 237 1000
339 369 1000 542
110 238 111 1000
111 238 1000 240
111 240 114 1000
0 0 3 1000
10 56 16 1000
3 0 10 1000
33 127 44 1000
10 0 1000 11
16 77 1000 90
16 90 33 1000
10 11 1000 29
114 240 1000 261
16 56 1000 77
114 261 1000 285
44 156 70 1000
154 470 200 1000
114 385 154 1000
703 470 1000 554
10 29 1000 56
44 127 1000 156
806 665 1000 810
70 238 110 1000
70 156 1000 190
703 554 1000 665
703 665 806 1000
33 90 1000 127
806 810 1000 1000
114 342 1000 385
70 190 1000 238
114 285 1000 342
154 385 1000 470
200 470 422 1000
422 470 703 1000
110 238 111 1000
111 238 1000 240
111 240 114 1000
0 0 3 1000
936 675 1000 734
10 56 16 1000
3 0 10 1000
33 127 44 1000
10 0 1000 11
16 77 1000 90
16 90 33 1000
936 734 1000 1000
10 11 1000 29
114 240 1000 261
16 56 1000 77
114 261 1000 285
44 156 70 1000
154 470 200 1000
114 385 154 1000
10 29 1000 56
44 127 1000 156
70 238 110 1000
70 156 1000 190
33 90 1000 127
114 342 1000 385
70 190 1000 238
422 470 510 1000
510 470 600 1000
114 285 1000 342
154 385 1000 470
600 470 1000 675
600 675 936 1000
200 470 422 1000
110 238 111 1000
111 238 1000 240
111 240 114 1000
0 0 3 1000
10 56 16 1000
3 0 10 1000
33 127 44 1000
10 0 1000 11
16 77 1000 90
16 90 33 1000
10 11 1000 29
114 240 1000 261
16 56 1000 77
114 261 1000 285
44 156 70 1000
154 470 200 1000
114 385 154 1000
10 29 1000 56
44 127 1000 156
70 238 110 1000
70 156 1000 190
33 90 1000 127
114 342 1000 385
732 675 1000 827
600 675 732 1000
70 190 1000 238
732 827 1000 1000
422 470 510 1000
510 470 600 1000
114 285 1000 342
154 385 1000 470
600 470 1000 675
200 470 422 1000
110 238 111 1000
111 238 1000 240
111 240 114 1000
777 941 816 1000
816 941 855 1000
0 0 3 1000
122 285 128 1000
10 56 16 1000
114 285 122 1000
3 0 10 1000
855 941 1000 1000
33 127 44 1000
10 0 1000 11
16 77 1000 90
16 90 33 1000
10 11 1000 29
114 240 1000 261
16 56 1000 77
114 261 1000 285
44 156 70 1000
10 29 1000 56
44 127 1000 156
70 238 110 1000
70 156 1000 190
33 90 1000 127
224 360 289 1000
289 360 356 1000
70 190 1000 238
128 360 224 1000
128 285 1000 360
356 360 556 1000
777 360 1000 941
556 360 777 1000
110 238 111 1000
111 238 1000 240
111 240 114 1000
0 0 3 1000
122 285 128 1000
10 56 16 1000
114 285 122 1000
3 0 10 1000
33 127 44 1000
10 0 1000 11
16 77 1000 90
16 90 33 1000
10 11 1000 29
114 240 1000 261
16 56 1000 77
114 261 1000 285
44 156 70 1000
556 772 655 1000
10 29 1000 56
880 772 1000 1000
44 127 1000 156
70 238 110 1000
70 156 1000 190
33 90 1000 127
224 360 289 1000
289 360 356 1000
70 190 1000 238
655 772 880 1000
128 360 224 1000
128 285 1000 360
556 586 1000 772
556 360 1000 586
356 360 556 1000
