695 893 714 1000
0 0 5 1000
495 296 1000 308
16 14 1000 22
5 14 16 1000
5 0 1000 14
81 81 98 1000
16 22 35 1000
98 81 1000 104
35 55 1000 81
231 244 268 1000
714 893 1000 1000
35 22 1000 55
322 244 1000 296
98 244 146 1000
268 244 322 1000
35 81 81 1000
98 186 1000 244
146 244 231 1000
495 308 1000 440
98 104 1000 186
495 440 695 1000
322 296 495 1000
695 440 1000 893
0 0 5 1000
495 296 1000 308
16 14 1000 22
5 14 16 1000
5 0 1000 14
81 81 98 1000
16 22 35 1000
98 81 1000 104
35 55 1000 81
231 244 268 1000
35 22 1000 55
322 244 1000 296
98 244 146 1000
268 244 322 1000
35 81 81 1000
695 699 1000 843
695 843 1000 1000
98 186 1000 244
146 244 231 1000
495 308 1000 440
98 104 1000 186
695 440 1000 699
495 440 695 1000
322 296 495 1000
0 0 5 1000
495 296 1000 308
16 14 1000 22
5 14 16 1000
5 0 1000 14
81 81 98 1000
16 22 35 1000
98 81 1000 104
925 699 1000 1000
35 55 1000 81
231 244 268 1000
35 22 1000 55
322 244 1000 296
98 244 146 1000
268 244 322 1000
35 81 81 1000
98 186 1000 244
146 244 231 1000
495 308 1000 440
695 699 925 1000
98 104 1000 186
695 440 1000 699
495 440 695 1000
322 296 495 1000
0 0 5 1000
495 296 1000 308
16 14 1000 22
5 14 16 1000
695 440 1000 481
5 0 1000 14
81 81 98 1000
16 22 35 1000
98 81 1000 104
35 55 1000 81
231 244 268 1000
35 22 1000 55
695 891 1000 1000
322 244 1000 296
98 244 146 1000
268 244 322 1000
35 81 81 1000
98 186 1000 244
146 244 231 1000
495 308 1000 440
98 104 1000 186
495 440 695 1000
322 296 495 1000
695 481 1000 891
0 0 5 1000
495 296 1000 308
16 14 1000 22
5 14 16 1000
695 440 1000 481
5 0 1000 14
81 81 98 1000
16 22 35 1000
98 81 1000 104
35 55 1000 81
231 244 268 1000
35 22 1000 55
695 891 1000 1000
322 244 1000 296
98 244 146 1000
268 244 322 1000
35 81 81 1000
98 186 1000 244
146 244 231 1000
495 308 1000 440
98 104 1000 186
495 440 695 1000
322 296 495 1000
695 481 1000 891
0 0 5 1000
495 296 1000 308
695 978 1000 1000
16 14 1000 22
5 14 16 1000
695 440 1000 481
5 0 1000 14
81 81 98 1000
16 22 35 1000
98 81 1000 104
35 55 1000 81
231 244 268 1000
35 22 1000 55
322 244 1000 296
98 244 146 1000
268 244 322 1000
35 81 81 1000
98 186 1000 244
146 244 231 1000
495 308 1000 440
98 104 1000 186
495 440 695 1000
322 296 495 1000
695 481 1000 978
0 0 5 1000
495 296 1000 308
16 14 1000 22
5 14 16 1000
5 0 1000 14
81 81 98 1000
16 22 35 1000
98 81 1000 104
35 55 1000 81
231 244 268 1000
35 22 1000 55
322 244 1000 296
98 244 146 1000
268 244 322 1000
35 81 81 1000
733 308 1000 473
733 473 1000 658
98 186 1000 244
146 244 231 1000
98 104 1000 186
495 308 613 1000
613 308 733 1000
733 658 1000 1000
322 296 495 1000
0 0 5 1000
495 296 1000 308
16 14 1000 22
5 14 16 1000
5 0 1000 14
81 81 98 1000
16 22 35 1000
98 81 1000 104
35 55 1000 81
231 244 268 1000
35 22 1000 55
322 244 1000 296
98 244 146 1000
268 244 322 1000
35 81 81 1000
733 308 1000 473
733 826 1000 1000
98 186 1000 244
146 244 231 1000
98 104 1000 186
495 308 613 1000
613 308 733 1000
733 473 1000 826
322 296 495 1000
0 0 5 1000
16 14 1000 22
5 14 16 1000
5 0 1000 14
81 81 98 1000
16 22 35 1000
98 81 1000 104
35 55 1000 81
231 244 268 1000
35 22 1000 55
322 244 1000 296
98 244 146 1000
268 244 322 1000
35 81 81 1000
495 452 583 1000
98 186 1000 244
583 602 715 1000
715 809 1000 1000
715 602 1000 809
583 452 1000 602
146 244 231 1000
98 104 1000 186
495 296 1000 452
322 296 495 1000
0 0 5 1000
16 14 1000 22
5 14 16 1000
5 0 1000 14
81 81 98 1000
776 924 1000 1000
16 22 35 1000
98 81 1000 104
35 55 1000 81
231 244 268 1000
35 22 1000 55
322 244 1000 296
98 244 146 1000
268 244 322 1000
35 81 81 1000
495 452 583 1000
98 186 1000 244
146 244 231 1000
583 452 1000 614
776 614 1000 924
98 104 1000 186
583 614 776 1000
495 296 1000 452
322 296 495 1000
960 592 1000 688
0 0 5 1000
16 14 1000 22
5 14 16 1000
960 688 1000 1000
5 0 1000 14
81 81 98 1000
16 22 35 1000
98 81 1000 104
35 55 1000 81
495 296 532 1000
231 244 268 1000
35 22 1000 55
322 244 1000 296
98 244 146 1000
268 244 322 1000
35 81 81 1000
98 186 1000 244
146 244 231 1000
98 104 1000 186
532 592 743 1000
743 592 960 1000
322 296 495 1000
532 296 1000 592
0 0 5 1000
16 14 1000 22
5 14 16 1000
5 0 1000 14
81 81 98 1000
16 22 35 1000
98 81 1000 104
35 55 1000 81
495 296 532 1000
231 244 268 1000
35 22 1000 55
322 244 1000 296
98 244 146 1000
268 244 322 1000
35 81 81 1000
532 592 638 1000
763 592 1000 786
763 786 1000 1000
638 592 763 1000
98 186 1000 244
146 244 231 1000
98 104 1000 186
322 296 495 1000
532 296 1000 592
0 0 5 1000
16 14 1000 22
5 14 16 1000
5 0 1000 14
81 81 98 1000
16 22 35 1000
98 81 1000 104
35 55 1000 81
495 296 532 1000
231 244 268 1000
35 22 1000 55
837 804 1000 1000
322 244 1000 296
98 244 146 1000
638 804 837 1000
268 244 322 1000
35 81 81 1000
532 592 638 1000
98 186 1000 244
146 244 231 1000
98 104 1000 186
638 592 1000 804
322 296 495 1000
532 296 1000 592
0 0 5 1000
16 14 1000 22
5 14 16 1000
937 804 1000 1000
5 0 1000 14
81 81 98 1000
16 22 35 1000
98 81 1000 104
35 55 1000 81
495 296 532 1000
231 244 268 1000
35 22 1000 55
322 244 1000 296
98 244 146 1000
268 244 322 1000
35 81 81 1000
532 592 638 1000
98 186 1000 244
638 804 937 1000
146 244 231 1000
98 104 1000 186
638 592 1000 804
322 296 495 1000
532 296 1000 592
0 0 5 1000
16 14 1000 22
5 14 16 1000
5 0 1000 14
81 81 98 1000
16 22 35 1000
98 81 1000 104
35 55 1000 81
231 244 268 1000
35 22 1000 55
322 244 1000 296
98 244 146 1000
268 244 322 1000
35 81 81 1000
688 296 1000 454
98 186 1000 244
786 454 1000 704
688 454 786 1000
786 704 1000 1000
146 244 231 1000
593 296 688 1000
495 296 593 1000
98 104 1000 186
322 296 495 1000
0 0 5 1000
16 14 1000 22
5 14 16 1000
5 0 1000 14
81 81 98 1000
16 22 35 1000
98 81 1000 104
35 55 1000 81
231 244 268 1000
35 22 1000 55
322 244 1000 296
98 244 146 1000
268 244 322 1000
786 803 1000 1000
35 81 81 1000
688 296 1000 454
98 186 1000 244
688 454 786 1000
146 244 231 1000
593 296 688 1000
495 296 593 1000
98 104 1000 186
786 454 1000 803
322 296 495 1000
322 296 1000 301
0 0 5 1000
336 301 1000 310
16 14 1000 22
322 301 336 1000
5 14 16 1000
5 0 1000 14
81 81 98 1000
16 22 35 1000
98 81 1000 104
35 55 1000 81
231 244 268 1000
35 22 1000 55
322 244 1000 296
98 244 146 1000
268 244 322 1000
35 81 81 1000
98 186 1000 244
146 244 231 1000
98 104 1000 186
460 851 1000 1000
336 310 460 1000
460 310 1000 473
460 473 1000 851
322 296 1000 301
0 0 5 1000
336 301 1000 310
16 14 1000 22
322 301 336 1000
5 14 16 1000
5 0 1000 14
81 81 98 1000
16 22 35 1000
98 81 1000 104
35 55 1000 81
231 244 268 1000
35 22 1000 55
322 244 1000 296
98 244 146 1000
268 244 322 1000
35 81 81 1000
98 186 1000 244
146 244 231 1000
460 873 1000 1000
98 104 1000 186
336 310 460 1000
460 310 1000 473
460 473 1000 873
322 296 1000 301
0 0 5 1000
336 301 1000 310
16 14 1000 22
322 301 336 1000
5 14 16 1000
5 0 1000 14
81 81 98 1000
16 22 35 1000
98 81 1000 104
35 55 1000 81
231 244 268 1000
35 22 1000 55
322 244 1000 296
98 244 146 1000
268 244 322 1000
35 81 81 1000
98 186 1000 244
146 244 231 1000
98 104 1000 186
336 310 460 1000
460 549 697 1000
460 310 1000 549
697 549 1000 1000
322 296 1000 301
0 0 5 1000
336 301 1000 310
16 14 1000 22
322 301 336 1000
5 14 16 1000
5 0 1000 14
81 81 98 1000
16 22 35 1000
98 81 1000 104
35 55 1000 81
231 244 268 1000
35 22 1000 55
322 244 1000 296
98 244 146 1000
268 244 322 1000
35 81 81 1000
98 186 1000 244
460 310 1000 409
146 244 231 1000
98 104 1000 186
859 409 1000 1000
336 310 460 1000
460 409 859 1000
0 0 5 1000
16 14 1000 22
5 14 16 1000
5 0 1000 14
81 81 98 1000
16 22 35 1000
98 81 1000 104
35 55 1000 81
231 244 268 1000
35 22 1000 55
322 244 1000 296
98 244 146 1000
912 551 1000 1000
268 244 322 1000
35 81 81 1000
466 470 1000 551
322 296 1000 365
98 186 1000 244
466 365 1000 470
146 244 231 1000
98 104 1000 186
322 365 466 1000
466 551 686 1000
686 551 912 1000
686 551 1000 553
0 0 5 1000
16 14 1000 22
5 14 16 1000
5 0 1000 14
81 81 98 1000
16 22 35 1000
98 81 1000 104
35 55 1000 81
231 244 268 1000
35 22 1000 55
322 244 1000 296
98 244 146 1000
268 244 322 1000
35 81 81 1000
466 470 1000 551
322 296 1000 365
98 186 1000 244
466 365 1000 470
146 244 231 1000
98 104 1000 186
322 365 466 1000
466 551 686 1000
686 553 1000 1000
686 551 1000 553
0 0 5 1000
16 14 1000 22
5 14 16 1000
5 0 1000 14
81 81 98 1000
16 22 35 1000
98 81 1000 104
35 55 1000 81
231 244 268 1000
35 22 1000 55
322 244 1000 296
98 244 146 1000
268 244 322 1000
35 81 81 1000
466 470 1000 551
322 296 1000 365
98 186 1000 244
466 365 1000 470
146 244 231 1000
98 104 1000 186
322 365 466 1000
466 551 686 1000
686 553 1000 1000
466 551 470 1000
470 551 475 1000
0 0 5 1000
16 14 1000 22
5 14 16 1000
5 0 1000 14
81 81 98 1000
16 22 35 1000
98 81 1000 104
35 55 1000 81
231 244 268 1000
35 22 1000 55
322 244 1000 296
98 244 146 1000
268 244 322 1000
35 81 81 1000
466 470 1000 551
322 296 1000 365
98 186 1000 244
466 365 1000 470
146 244 231 1000
98 104 1000 186
322 365 466 1000
475 551 1000 1000
466 551 470 1000
470 551 475 1000
0 0 5 1000
16 14 1000 22
5 14 16 1000
5 0 1000 14
81 81 98 1000
16 22 35 1000
98 81 1000 104
35 55 1000 81
231 244 268 1000
35 22 1000 55
322 244 1000 296
98 244 146 1000
268 244 322 1000
35 81 81 1000
466 470 1000 551
322 296 1000 365
98 186 1000 244
466 365 1000 470
146 244 231 1000
98 104 1000 186
322 365 466 1000
475 551 1000 1000
645 994 1000 1000
434 388 1000 392
0 0 5 1000
434 366 1000 377
434 377 1000 388
16 14 1000 22
5 14 16 1000
5 0 1000 14
81 81 98 1000
16 22 35 1000
98 81 1000 104
35 55 1000 81
231 244 268 1000
35 22 1000 55
98 244 146 1000
268 244 322 1000
35 81 81 1000
98 186 1000 244
146 244 231 1000
322 366 434 1000
98 104 1000 186
322 244 1000 366
434 392 645 1000
645 392 1000 994
434 388 1000 392
0 0 5 1000
434 366 1000 377
434 377 1000 388
16 14 1000 22
5 14 16 1000
5 0 1000 14
81 81 98 1000
16 22 35 1000
98 81 1000 104
35 55 1000 81
231 244 268 1000
35 22 1000 55
98 244 146 1000
268 244 322 1000
35 81 81 1000
98 186 1000 244
146 244 231 1000
322 366 434 1000
98 104 1000 186
322 244 1000 366
863 392 1000 1000
434 392 645 1000
645 392 863 1000
0 0 5 1000
434 366 1000 377
434 377 1000 388
16 14 1000 22
5 14 16 1000
5 0 1000 14
81 81 98 1000
16 22 35 1000
98 81 1000 104
35 55 1000 81
231 244 268 1000
35 22 1000 55
98 244 146 1000
268 244 322 1000
35 81 81 1000
434 566 1000 649
434 649 1000 735
98 186 1000 244
146 244 231 1000
322 366 434 1000
98 104 1000 186
322 244 1000 366
434 388 1000 566
434 735 1000 1000
0 0 5 1000
434 366 1000 377
434 377 1000 388
16 14 1000 22
5 14 16 1000
5 0 1000 14
81 81 98 1000
16 22 35 1000
98 81 1000 104
35 55 1000 81
231 244 268 1000
35 22 1000 55
98 244 146 1000
268 244 322 1000
35 81 81 1000
434 566 1000 649
434 649 1000 735
98 186 1000 244
146 244 231 1000
322 366 434 1000
98 104 1000 186
322 244 1000 366
434 388 1000 566
434 735 1000 1000
0 0 5 1000
434 366 1000 377
434 377 1000 388
16 14 1000 22
5 14 16 1000
968 649 1000 1000
5 0 1000 14
81 81 98 1000
16 22 35 1000
98 81 1000 104
35 55 1000 81
231 244 268 1000
35 22 1000 55
98 244 146 1000
268 244 322 1000
35 81 81 1000
434 566 1000 649
98 186 1000 244
146 244 231 1000
322 366 434 1000
98 104 1000 186
322 244 1000 366
434 388 1000 566
434 649 968 1000
0 0 5 1000
434 366 1000 377
434 377 1000 388
16 14 1000 22
5 14 16 1000
5 0 1000 14
81 81 98 1000
16 22 35 1000
98 81 1000 104
35 55 1000 81
231 244 268 1000
35 22 1000 55
98 244 146 1000
268 244 322 1000
35 81 81 1000
898 566 1000 1000
98 186 1000 244
146 244 231 1000
322 366 434 1000
98 104 1000 186
322 244 1000 366
706 566 898 1000
434 388 1000 566
434 566 706 1000
0 0 5 1000
434 366 1000 377
16 14 1000 22
5 14 16 1000
5 0 1000 14
81 81 98 1000
503 592 544 1000
16 22 35 1000
98 81 1000 104
434 554 1000 592
35 55 1000 81
231 244 268 1000
434 592 503 1000
35 22 1000 55
98 244 146 1000
268 244 322 1000
35 81 81 1000
98 186 1000 244
146 244 231 1000
322 366 434 1000
98 104 1000 186
322 244 1000 366
434 377 1000 554
544 592 1000 1000
0 0 5 1000
16 14 1000 22
5 14 16 1000
5 0 1000 14
81 81 98 1000
860 875 1000 1000
16 22 35 1000
98 81 1000 104
860 708 1000 875
779 708 860 1000
35 55 1000 81
231 244 268 1000
35 22 1000 55
98 244 146 1000
268 244 322 1000
35 81 81 1000
98 186 1000 244
434 366 1000 469
146 244 231 1000
322 366 434 1000
98 104 1000 186
322 244 1000 366
434 708 779 1000
434 469 1000 708
0 0 5 1000
16 14 1000 22
5 14 16 1000
5 0 1000 14
81 81 98 1000
16 22 35 1000
98 81 1000 104
35 55 1000 81
231 244 268 1000
35 22 1000 55
563 796 724 1000
98 244 146 1000
434 708 563 1000
563 708 1000 796
268 244 322 1000
35 81 81 1000
98 186 1000 244
724 796 1000 1000
434 366 1000 469
146 244 231 1000
322 366 434 1000
98 104 1000 186
322 244 1000 366
434 469 1000 708
0 0 5 1000
16 14 1000 22
733 901 821 1000
5 14 16 1000
5 0 1000 14
81 81 98 1000
821 901 1000 1000
16 22 35 1000
98 81 1000 104
35 55 1000 81
231 244 268 1000
35 22 1000 55
98 244 146 1000
268 244 322 1000
35 81 81 1000
98 186 1000 244
434 366 1000 469
733 679 1000 901
146 244 231 1000
322 366 434 1000
98 104 1000 186
322 244 1000 366
434 679 733 1000
434 469 1000 679
480 366 1000 372
0 0 5 1000
480 372 488 1000
16 14 1000 22
5 14 16 1000
840 932 1000 1000
5 0 1000 14
81 81 98 1000
16 22 35 1000
98 81 1000 104
35 55 1000 81
231 244 268 1000
35 22 1000 55
98 244 146 1000
840 686 1000 932
268 244 322 1000
35 81 81 1000
98 186 1000 244
146 244 231 1000
98 104 1000 186
322 244 1000 366
322 366 480 1000
488 686 840 1000
488 372 1000 686
480 366 1000 372
0 0 5 1000
480 372 488 1000
16 14 1000 22
5 14 16 1000
5 0 1000 14
81 81 98 1000
706 878 847 1000
16 22 35 1000
847 878 1000 1000
98 81 1000 104
35 55 1000 81
231 244 268 1000
35 22 1000 55
98 244 146 1000
268 244 322 1000
35 81 81 1000
98 186 1000 244
146 244 231 1000
98 104 1000 186
322 244 1000 366
322 366 480 1000
488 372 706 1000
706 372 1000 878
480 366 1000 372
0 0 5 1000
480 372 488 1000
16 14 1000 22
5 14 16 1000
5 0 1000 14
81 81 98 1000
16 22 35 1000
98 81 1000 104
35 55 1000 81
231 244 268 1000
35 22 1000 55
98 244 146 1000
268 244 322 1000
35 81 81 1000
706 666 1000 825
706 825 1000 1000
98 186 1000 244
146 244 231 1000
98 104 1000 186
322 244 1000 366
706 372 1000 666
322 366 480 1000
488 372 706 1000
488 736 490 1000
480 366 1000 372
0 0 5 1000
480 372 488 1000
16 14 1000 22
5 14 16 1000
5 0 1000 14
81 81 98 1000
16 22 35 1000
98 81 1000 104
35 55 1000 81
231 244 268 1000
35 22 1000 55
488 673 1000 736
98 244 146 1000
268 244 322 1000
35 81 81 1000
98 186 1000 244
146 244 231 1000
98 104 1000 186
322 244 1000 366
322 366 480 1000
490 736 1000 1000
488 372 1000 673
0 0 5 1000
16 14 1000 22
5 14 16 1000
5 0 1000 14
81 81 98 1000
16 22 35 1000
98 81 1000 104
480 455 519 1000
519 455 1000 500
35 55 1000 81
231 244 268 1000
35 22 1000 55
519 500 1000 569
519 569 1000 639
98 244 146 1000
268 244 322 1000
35 81 81 1000
480 366 1000 455
98 186 1000 244
146 244 231 1000
98 104 1000 186
322 244 1000 366
322 366 480 1000
519 639 1000 1000
0 0 5 1000
16 14 1000 22
5 14 16 1000
5 0 1000 14
81 81 98 1000
16 22 35 1000
98 81 1000 104
480 455 519 1000
519 455 1000 500
35 55 1000 81
231 244 268 1000
35 22 1000 55
519 500 1000 569
519 569 1000 639
98 244 146 1000
268 244 322 1000
35 81 81 1000
480 366 1000 455
98 186 1000 244
146 244 231 1000
98 104 1000 186
322 244 1000 366
322 366 480 1000
519 639 1000 1000
989 733 1000 1000
473 410 479 1000
0 0 5 1000
16 14 1000 22
5 14 16 1000
458 244 473 1000
5 0 1000 14
81 81 98 1000
16 22 35 1000
98 81 1000 104
35 55 1000 81
231 244 268 1000
35 22 1000 55
98 244 146 1000
268 244 322 1000
35 81 81 1000
98 186 1000 244
146 244 231 1000
98 104 1000 186
473 244 1000 410
657 733 989 1000
322 244 458 1000
479 410 657 1000
657 410 1000 733
473 410 479 1000
0 0 5 1000
657 797 684 1000
16 14 1000 22
5 14 16 1000
458 244 473 1000
5 0 1000 14
81 81 98 1000
16 22 35 1000
98 81 1000 104
35 55 1000 81
231 244 268 1000
35 22 1000 55
98 244 146 1000
268 244 322 1000
35 81 81 1000
98 186 1000 244
684 797 1000 1000
146 244 231 1000
98 104 1000 186
473 244 1000 410
322 244 458 1000
479 410 657 1000
657 410 1000 797
473 410 479 1000
0 0 5 1000
16 14 1000 22
5 14 16 1000
458 244 473 1000
812 810 880 1000
5 0 1000 14
81 81 98 1000
16 22 35 1000
98 81 1000 104
880 810 1000 1000
35 55 1000 81
231 244 268 1000
35 22 1000 55
98 244 146 1000
268 244 322 1000
35 81 81 1000
98 186 1000 244
146 244 231 1000
98 104 1000 186
812 410 1000 810
473 244 1000 410
322 244 458 1000
479 410 812 1000
0 0 5 1000
16 14 1000 22
5 14 16 1000
458 244 473 1000
5 0 1000 14
81 81 98 1000
16 22 35 1000
98 81 1000 104
35 55 1000 81
231 244 268 1000
35 22 1000 55
638 762 773 1000
98 244 146 1000
268 244 322 1000
35 81 81 1000
638 637 1000 762
98 186 1000 244
773 762 1000 1000
473 637 638 1000
146 244 231 1000
98 104 1000 186
473 244 1000 410
322 244 458 1000
473 410 1000 637
