51 0 13 36 44 32
42 46 23 14 40 25
57 45 54 6 8 22
11 38 47 20 7 9
37 21 55 41 33 24
35 4 48 39 34 58
44 54 51 28 8 58
42 55 41 45 38 21
9 3 24 33 30 49
39 56 25 40 57 46
1 27 32 23 18 16
22 29 19 4 31 47
7 3 29 26 13 19
40 25 37 8 44 23
0 49 56 17 35 24
11 5 1 21 47 10
34 2 39 12 18 41
22 9 59 53 54 58
34 54 21 14 17 48
44 57 43 38 41 37
8 42 6 27 56 7
45 1 10 0 49 46
13 4 29 51 2 50
18 24 22 12 11 59
20 52 24 13 35 32
39 54 40 5 49 18
50 28 8 44 56 14
19 26 45 58 23 37
43 57 11 25 0 31
41 38 33 3 36 10
38 46 14 12 31 29
48 21 55 44 35 49
6 18 2 0 58 42
47 22 53 28 59 43
8 51 36 27 19 7
57 45 54 5 39 34
55 25 11 49 53 44
51 10 34 27 21 18
16 47 32 39 41 28
15 5 3 46 36 13
33 24 48 42 17 31
29 9 59 20 14 30
49 44 47 57 34 30
35 37 53 24 13 46
31 3 55 16 56 9
6 28 52 14 21 41
33 12 2 40 27 54
45 32 29 22 1 38
3 20 53 1 38 55
6 35 32 19 16 14
57 25 10 59 0 41
39 2 56 54 15 43
31 8 37 4 33 27
21 23 50 12 5 58
53 6 50 45 11 43
7 32 8 18 33 21
15 47 28 9 25 41
17 36 35 40 26 56
14 48 54 12 37 29
19 10 23 42 30 39
