55 35 26 42 59 34
56 20 16 45 41 27
12 17 46 49 54 48
4 1 22 6 40 15
9 29 38 39 36 23
43 28 3 32 10 8
47 29 17 43 8 4
15 7 20 53 39 22
1 46 12 34 2 0
25 6 42 11 3 40
24 18 38 33 23 26
44 5 41 57 13 28
51 27 18 42 23 19
36 58 28 24 37 41
2 11 9 34 10 29
13 4 0 8 54 47
38 22 25 1 53 33
49 5 55 30 3 31
5 50 20 57 48 30
3 9 29 17 35 24
18 23 49 40 12 14
39 34 47 8 41 21
13 43 37 28 58 31
32 6 36 19 7 45
26 3 11 43 41 17
18 50 56 13 45 14
21 5 16 6 25 49
40 1 34 46 10 33
8 22 37 2 53 29
15 48 39 59 51 20
44 30 51 35 5 40
32 53 18 28 8 0
55 12 3 23 7 39
45 1 27 2 25 13
22 36 47 58 19 17
15 20 57 54 33 26
15 26 27 0 3 7
10 16 17 33 34 8
47 40 49 29 52 21
42 28 2 19 1 56
32 44 9 14 23 18
53 4 48 24 51 43
48 59 55 57 17 18
47 37 52 32 31 9
41 7 19 30 33 45
46 14 6 49 16 29
2 54 28 56 44 25
12 3 50 36 43 27
28 6 45 41 23 4
56 50 26 44 38 58
55 42 48 49 20 43
46 57 14 16 0 36
35 24 15 12 5 21
51 11 34 59 40 13
4 0 18 8 35 54
31 56 58 13 7 22
50 48 59 12 24 11
42 44 46 1 9 17
55 40 45 30 29 43
21 15 38 32 53 23
