2733
2110 0 0 4
1908 0 0 38
3869 0 0 84
2329 0 0 62
2283 0 1 20
3574 0 1 65
1470 0 1 84
3274 0 1 90
63 0 1 38
3874 0 1 4
2782 0 2 5
2502 0 2 20
1408 0 2 65
5506 0 2 44
3849 0 2 92
5268 0 2 80
3605 0 3 5
193 0 3 84
1475 0 3 14
4985 0 3 44
209 0 3 21
2449 0 3 24
4539 0 3 51
1609 0 3 65
331 0 4 4
1912 0 4 24
5548 0 4 65
5677 0 4 43
1217 0 4 84
3687 0 4 92
4476 0 5 14
5026 0 5 62
1692 0 5 90
2788 0 5 75
732 0 5 84
401 0 5 5
3170 0 5 35
5702 0 6 4
3582 0 6 14
20 0 6 75
3694 0 6 62
3194 0 6 84
4645 0 7 4
3223 0 7 62
3228 0 7 75
2919 0 8 22
5317 0 8 58
593 0 8 2
1431 0 8 79
1033 0 9 88
3572 0 9 93
2938 0 9 10
5311 0 9 2
1112 0 9 39
1820 0 10 10
608 0 10 59
4182 0 10 74
4250 0 10 88
2974 0 10 94
3684 0 10 3
5719 0 10 38
3999 0 11 3
925 0 11 74
5703 0 11 22
2977 0 11 69
1658 0 11 95
1599 0 11 77
1059 0 11 10
3092 0 11 38
3006 0 11 48
3923 0 11 59
4448 0 12 88
2059 0 12 8
3629 0 12 12
1862 0 12 94
4544 0 12 58
4172 0 12 2
4251 0 12 22
1365 0 12 28
4104 0 12 39
3764 0 12 74
5071 0 13 39
2326 0 13 93
3647 0 13 2
4900 0 13 8
2489 0 13 22
4218 0 14 80
1701 0 14 96
3099 0 14 49
2963 0 14 1
1157 0 15 10
3392 0 15 13
1388 0 15 80
1502 0 15 96
4807 0 15 1
1558 0 15 86
165 0 15 49
5331 0 15 54
51 0 16 54
89 0 16 13
2 0 16 7
4816 0 16 96
2617 0 16 27
1867 0 16 86
7 0 16 1
2453 0 16 59
2772 0 16 80
5002 0 17 2
1937 0 17 55
5283 0 17 96
4222 0 17 34
814 0 17 27
580 0 17 82
268 0 17 13
3358 0 17 10
2838 0 17 44
162 0 17 59
1307 0 17 71
41 0 17 90
5281 0 17 23
153 0 17 86
997 0 17 16
2216 0 18 82
1287 0 18 1
117 0 18 22
216 0 18 10
2760 0 18 58
729 0 18 6
5415 0 18 54
907 0 18 90
314 0 18 34
2980 0 19 1
2576 0 19 82
931 0 19 22
198 0 19 10
5848 0 19 54
5667 1 0 4
683 1 0 62
2401 1 0 90
408 1 0 26
1184 1 0 37
90 1 1 26
1612 1 1 5
1631 1 1 38
5398 1 1 65
2661 1 1 84
2982 1 1 92
5092 1 2 75
3443 1 2 38
2044 1 2 26
3215 1 2 5
4137 1 2 51
3862 1 2 84
5539 1 2 65
2218 1 2 92
1169 1 3 38
547 1 3 65
958 1 3 21
497 1 3 6
2249 1 3 26
2424 1 3 44
158 1 3 75
5300 1 3 84
4689 1 3 92
2547 1 3 14
4864 1 3 51
4962 1 3 70
71 1 4 5
272 1 4 38
4913 1 4 92
3130 1 4 51
1825 1 5 5
3135 1 5 62
1293 1 5 76
336 1 5 44
927 1 5 21
1121 1 5 14
4575 1 5 65
2186 1 5 84
5451 1 5 90
2258 1 5 35
381 1 6 62
5470 1 6 76
4888 1 6 4
5767 1 6 43
4768 1 7 26
2471 1 7 84
2566 1 7 4
5378 1 8 58
4901 1 8 79
3044 1 8 22
605 1 8 86
3102 1 8 2
1440 1 8 8
3248 1 9 74
4426 1 9 58
5694 1 9 79
2058 1 9 12
1987 1 9 86
1282 1 9 28
2549 1 9 2
2355 1 9 22
4779 1 9 93
3378 1 9 39
4904 1 10 58
2754 1 10 28
4355 1 10 12
1483 1 10 48
10 1 10 93
1741 1 10 23
5786 1 10 79
5581 1 10 61
4840 1 10 2
5384 1 10 86
1597 1 10 39
5400 1 11 18
3220 1 11 28
3294 1 11 39
1698 1 11 13
3984 1 11 74
717 1 11 4
2049 1 11 23
5349 1 11 61
5001 1 11 48
4464 1 11 69
4703 1 11 95
3381 1 11 80
4549 1 12 2
2435 1 12 28
1865 1 12 13
2265 1 12 86
556 1 12 61
2175 1 12 77
2799 1 12 39
1498 1 12 95
710 1 12 74
5838 1 13 86
2179 1 13 13
3691 1 13 2
3416 1 13 74
47 1 13 39
2064 1 14 1
375 1 14 82
393 1 14 48
75 1 14 10
1338 1 15 10
2790 1 15 33
1691 1 15 49
1039 1 15 71
5295 1 15 88
929 1 15 1
260 1 15 6
1810 1 15 82
671 1 16 2
1026 1 16 92
4678 1 16 33
111 1 16 44
1037 1 16 10
4092 1 16 71
3720 1 16 82
2206 1 16 49
3840 1 16 88
3989 1 16 22
4439 1 16 6
4687 1 17 92
2438 1 17 55
4849 1 17 71
950 1 17 13
5262 1 17 59
1384 1 17 16
1840 1 17 38
1923 1 17 27
4228 1 17 82
5683 1 17 34
2187 1 17 44
3242 1 17 49
3019 1 18 59
1046 1 18 33
2145 1 18 44
118 1 18 27
2676 1 18 9
5177 1 18 13
2593 1 18 2
1846 1 18 88
2518 1 18 94
81 1 19 80
1574 1 19 13
3283 1 19 88
976 1 19 8
5143 1 19 33
5070 1 19 1
279 2 0 4
5407 2 0 37
3623 2 0 24
4125 2 0 80
2307 2 0 62
885 2 1 43
3733 2 1 86
436 2 1 5
626 2 1 24
2345 2 1 51
5164 2 1 30
1575 2 1 37
3861 2 1 62
5609 2 1 80
5190 2 2 30
3357 2 2 37
953 2 2 81
1973 2 2 43
3226 2 2 5
979 2 2 51
1062 2 2 24
1921 2 2 86
1328 2 3 75
2014 2 3 56
2860 2 3 21
2672 2 3 14
4205 2 3 6
2189 2 3 31
5573 2 3 51
3740 2 3 38
177 2 3 72
5461 2 3 44
738 2 3 65
5267 2 3 92
3718 2 4 5
5485 2 4 37
2045 2 4 70
5633 2 4 84
2703 2 5 84
1089 2 5 21
5342 2 5 65
93 2 5 35
1487 2 5 76
830 2 5 26
4728 2 5 91
4679 2 5 62
1985 2 5 51
1142 2 5 14
3338 2 5 5
936 2 5 44
244 2 6 5
607 2 6 26
4877 2 6 75
1700 2 6 84
4585 2 6 43
2640 2 6 65
4113 2 6 90
4584 2 7 84
3608 2 7 34
4917 2 7 26
3482 2 7 4
1375 2 7 75
5420 2 8 8
4903 2 8 86
3752 2 8 38
4164 2 8 2
3306 2 8 74
80 2 9 95
1322 2 9 38
3723 2 9 3
3531 2 9 59
918 2 9 48
421 2 9 8
3523 2 9 17
1608 2 9 74
783 2 10 8
378 2 10 4
4965 2 10 77
2560 2 10 17
3906 2 10 38
2318 2 10 74
2037 2 10 28
3088 2 10 57
4141 2 10 95
3486 2 10 48
3106 2 11 13
4778 2 11 80
3413 2 11 4
2087 2 11 62
5689 2 11 48
4447 2 11 39
3515 2 11 23
4740 2 11 28
2758 2 11 18
5413 2 12 71
670 2 12 48
2358 2 12 79
3166 2 12 3
4306 2 12 94
5240 2 12 12
3816 2 12 38
5720 2 12 22
2191 2 12 61
4576 2 13 38
5055 2 13 94
4201 2 13 2
5023 2 13 61
1170 2 13 79
3210 2 13 12
2495 2 14 89
1424 2 14 8
3095 2 14 1
5559 2 14 48
3396 2 14 27
2431 2 15 8
306 2 15 27
1914 2 15 34
1341 2 15 71
1813 2 15 48
5700 2 15 1
2492 2 15 89
2237 2 15 94
2119 2 16 37
2791 2 16 2
3543 2 16 8
3880 2 16 94
2643 2 16 89
660 2 16 27
4419 2 16 71
1626 2 16 82
764 2 16 97
3599 2 17 49
289 2 17 61
2611 2 17 71
467 2 17 41
2048 2 17 27
5834 2 17 59
2704 2 17 82
1756 2 17 74
3883 2 17 44
4328 2 17 38
3485 2 17 16
154 2 18 97
3939 2 18 71
420 2 18 27
914 2 18 37
4159 2 18 2
5569 2 18 49
361 2 18 16
458 2 18 7
3483 2 18 80
599 2 18 90
4605 2 19 27
475 2 19 80
4974 2 19 90
678 2 19 49
5423 2 19 1
519 2 19 7
4562 2 19 59
1537 3 0 51
2657 3 0 75
2658 3 0 4
1226 3 0 23
311 3 0 40
824 3 1 40
1547 3 1 12
4413 3 1 34
1021 3 1 23
3971 3 1 70
4065 3 1 51
4107 3 1 5
4412 3 1 84
4032 3 1 62
5114 3 1 75
2393 3 2 40
2382 3 2 70
5282 3 2 75
5404 3 2 84
1724 3 2 23
2270 3 2 12
1333 3 2 89
3833 3 2 50
1244 3 2 6
514 3 2 15
3886 3 2 62
786 3 2 66
3488 3 2 36
5446 3 3 92
5275 3 3 66
5790 3 3 51
1999 3 3 6
21 3 3 56
5850 3 3 76
2849 3 3 45
2857 3 3 15
1677 3 4 14
4207 3 4 21
3817 3 4 26
586 3 4 50
5351 3 4 76
645 3 4 65
4782 3 4 44
959 3 4 91
517 3 4 71
1370 3 4 6
4883 3 5 76
609 3 5 91
1255 3 5 14
3913 3 5 21
5083 3 5 37
476 3 5 65
173 3 5 6
5827 3 5 26
3431 3 5 51
1468 3 5 70
5776 3 5 44
4765 3 5 84
3650 3 6 91
5716 3 6 40
2446 3 6 5
1373 3 6 21
1284 3 6 75
932 3 6 34
4911 3 6 65
1501 3 7 4
1014 3 7 21
3398 3 7 34
3007 3 7 65
3957 3 7 90
4586 3 8 2
5746 3 8 28
3143 3 8 44
1304 3 8 13
1387 3 8 59
4194 3 8 94
291 3 9 77
3372 3 9 94
3568 3 9 44
3925 3 9 59
620 3 9 23
3499 3 9 2
2097 3 9 69
160 3 9 13
5008 3 10 44
1006 3 10 13
4953 3 10 59
2296 3 10 49
2832 3 10 23
3410 3 10 77
1906 3 10 4
5534 3 10 64
4770 3 10 94
1453 3 11 39
4278 3 11 62
2051 3 11 44
1859 3 11 64
4501 3 11 24
4837 3 11 28
5511 3 11 80
1764 3 11 49
5510 3 12 2
5020 3 12 38
2484 3 12 11
4838 3 12 77
1219 3 12 89
3077 3 12 64
3295 3 12 48
866 3 12 18
2685 3 12 59
3882 3 12 28
3439 3 13 89
4561 3 13 11
2095 3 13 28
2586 3 13 48
1414 3 13 2
4304 3 13 59
767 3 13 77
2829 3 14 1
2467 3 14 34
2106 3 14 90
2430 3 14 54
1391 3 14 7
534 3 14 22
3806 3 15 71
4769 3 15 93
875 3 15 54
1405 3 15 22
2903 3 15 80
2968 3 15 34
4336 3 15 90
2833 3 15 59
567 3 15 48
2343 3 15 2
257 3 15 7
1318 3 15 16
596 3 16 48
730 3 16 69
1532 3 16 7
5195 3 16 2
2742 3 16 34
5494 3 16 97
1776 3 16 93
1114 3 16 28
438 3 16 39
3932 3 16 91
5736 3 16 80
3539 3 16 54
3462 3 16 59
2958 3 16 16
1895 3 16 22
3732 3 17 44
1839 3 17 17
790 3 17 61
2840 3 17 82
1063 3 17 69
373 3 17 28
574 3 17 41
5108 3 17 49
3747 3 17 74
2427 3 18 92
4577 3 18 71
5142 3 18 97
2746 3 18 1
829 3 18 17
1330 3 18 12
2824 3 18 44
5785 3 18 59
4321 3 19 1
819 3 19 17
1815 3 19 59
2370 3 19 44
4863 3 19 92
3635 4 0 46
4121 4 0 40
15 4 0 52
4836 4 0 75
4129 4 1 7
1004 4 1 55
3895 4 1 75
2644 4 1 16
2795 4 1 46
2421 4 1 40
808 4 2 40
1150 4 2 46
3781 4 2 75
2109 4 2 51
293 4 2 55
2426 4 2 16
2613 4 2 7
1352 4 3 56
4043 4 3 45
1668 4 3 7
495 4 3 51
2924 4 3 15
5797 4 3 92
816 4 4 23
5572 4 4 51
4725 4 4 62
5456 4 4 38
3063 4 4 66
1710 4 4 29
3265 4 4 11
1257 4 4 84
4395 4 4 6
2149 4 5 66
5252 4 5 38
489 4 5 62
801 4 5 29
4885 4 5 51
2853 4 5 11
784 4 5 23
5257 4 5 84
255 4 5 89
1100 4 5 6
853 4 6 62
1073 4 6 11
3017 4 6 23
1016 4 6 84
5432 4 6 5
2220 4 6 30
3087 4 6 51
2650 4 6 76
3600 4 6 38
5505 4 7 67
5315 4 7 38
472 4 7 23
2019 4 7 4
3089 4 8 48
3948 4 8 69
5 4 8 28
2148 4 8 89
634 4 8 2
2369 4 8 11
2463 4 9 11
5152 4 9 48
3995 4 9 28
133 4 9 89
507 4 9 18
3328 4 9 57
4775 4 9 2
3765 4 9 69
3206 4 9 77
2150 4 10 53
3369 4 10 57
1109 4 10 18
4918 4 10 77
1652 4 10 89
140 4 10 48
1228 4 10 28
1863 4 10 32
4055 4 10 11
4246 4 10 69
3293 4 10 3
2983 4 11 64
4674 4 11 62
370 4 11 49
1174 4 11 32
1243 4 11 28
4316 4 11 40
1106 4 11 80
5046 4 12 32
681 4 12 84
116 4 12 22
554 4 12 74
4700 4 12 3
1247 4 12 10
295 4 13 11
1660 4 13 22
4507 4 13 2
4705 4 13 84
4753 4 14 55
2763 4 14 39
4157 4 14 71
2129 4 14 61
4101 4 14 10
669 4 14 81
3330 4 14 18
2285 4 14 51
1276 4 15 41
1099 4 15 29
4650 4 15 61
5237 4 15 17
1481 4 15 50
4430 4 15 55
1761 4 15 12
3807 4 15 71
3105 4 16 71
3100 4 16 61
1196 4 16 12
5101 4 16 17
691 4 16 29
4680 4 16 45
1186 4 16 50
1036 4 16 41
709 4 17 74
2126 4 17 45
192 4 17 50
1077 4 17 61
4815 4 17 41
4276 4 17 17
3974 4 17 28
2392 4 18 16
2786 4 18 34
238 4 18 79
2311 4 18 71
1490 4 18 61
363 4 18 2
454 4 18 12
874 4 18 86
2516 4 19 1
473 4 19 86
5009 4 19 97
2926 4 19 12
2955 4 19 71
972 4 19 34
1768 5 0 52
4671 5 0 46
2642 5 1 86
570 5 1 5
167 5 1 76
565 5 1 36
5198 5 1 55
227 5 1 44
3835 5 2 67
5106 5 2 44
2879 5 2 76
1833 5 2 6
2922 5 2 30
2810 5 2 82
5877 5 2 16
3340 5 2 56
5053 5 3 5
571 5 3 87
1361 5 3 16
4478 5 3 31
1569 5 3 37
4327 5 3 44
870 5 3 21
3494 5 3 67
1045 5 3 76
1212 5 3 56
2210 5 4 44
734 5 4 76
5399 5 4 37
5606 5 4 5
817 5 4 21
4245 5 4 31
1269 5 4 87
3002 5 4 67
876 5 4 56
630 5 5 21
5809 5 5 37
4720 5 5 5
942 5 5 76
2569 5 5 31
5447 5 5 89
2127 5 5 67
4986 5 5 44
3048 5 6 5
2478 5 6 76
1593 5 6 82
1176 5 6 67
5337 5 6 30
4516 5 6 37
1549 5 7 5
1097 5 7 67
4491 5 7 37
5291 5 7 76
1548 5 8 43
3445 5 8 49
5845 5 8 62
682 5 8 84
5580 5 8 32
2725 5 8 81
1484 5 9 62
5752 5 9 43
5860 5 9 48
5353 5 9 32
346 5 9 81
2748 5 10 48
5792 5 10 84
4124 5 10 32
1439 5 10 62
5372 5 10 80
558 5 10 28
3800 5 10 43
4063 5 11 80
1638 5 11 49
1857 5 11 32
3697 5 11 64
5175 5 11 40
4721 5 11 28
3059 5 12 3
2487 5 12 15
5176 5 12 32
3266 5 12 68
4455 5 12 53
2636 5 12 86
62 5 12 49
3237 5 13 15
5560 5 13 2
2242 5 13 68
25 5 13 49
1325 5 14 75
3181 5 14 61
5778 5 14 18
4343 5 14 51
1803 5 15 82
321 5 15 3
5698 5 15 69
818 5 15 44
19 5 15 58
632 5 15 13
40 5 15 74
965 5 15 89
5439 5 15 41
3749 5 16 2
3451 5 16 37
5280 5 16 13
385 5 16 44
3949 5 16 74
334 5 16 89
5113 5 16 58
2152 5 17 37
1892 5 17 44
3069 5 17 2
1539 5 17 74
4242 5 17 13
4309 5 17 86
2571 5 18 2
1579 5 18 37
360 5 18 74
2510 5 18 13
229 5 19 1
3934 6 1 20
149 6 1 78
545 6 1 47
5218 6 1 6
4408 6 1 91
5194 6 1 63
2548 6 1 26
2606 6 1 35
3698 6 1 13
2263 6 1 66
1533 6 2 26
214 6 2 35
3355 6 2 13
87 6 2 47
4969 6 2 63
1471 6 2 66
3471 6 2 6
2781 6 2 20
4216 6 2 83
1430 6 2 91
3115 6 3 63
1945 6 3 43
1309 6 3 66
2785 6 3 83
1003 6 3 26
1696 6 3 6
2288 6 3 13
2293 6 3 20
5241 6 3 90
5393 6 3 35
2252 6 4 89
1617 6 4 43
1499 6 4 13
3504 6 4 35
4622 6 4 52
5647 6 4 62
164 6 4 66
5077 6 4 58
1197 6 4 6
2038 6 4 20
780 6 4 83
79 6 5 43
3091 6 5 35
4492 6 5 82
5847 6 5 89
3814 6 5 13
3644 6 5 58
4198 6 5 62
4995 6 5 5
4151 6 5 52
2456 6 6 5
5628 6 6 58
3596 6 6 52
4185 6 6 78
2396 6 6 82
2033 6 6 13
3179 6 6 35
2403 6 7 78
1038 6 7 35
223 6 7 5
345 6 7 52
3344 6 8 84
585 6 8 32
1829 6 8 49
2900 6 9 53
3196 6 9 3
1403 6 9 44
5448 6 9 37
2166 6 9 88
727 6 9 64
937 6 9 29
695 6 9 12
5735 6 10 20
5125 6 10 44
3251 6 10 86
5136 6 10 37
98 6 10 29
4692 6 10 64
4310 6 10 3
2730 6 11 86
2842 6 11 29
4620 6 11 44
1380 6 11 64
569 6 11 3
4400 6 12 2
1093 6 12 20
3533 6 12 78
1066 6 12 49
3003 6 12 29
2929 6 13 2
740 6 13 44
2028 6 13 29
4443 6 13 78
4489 6 14 51
2440 6 14 62
3690 6 14 75
3845 6 15 28
566 6 15 86
4051 6 15 49
4987 6 15 69
700 6 15 11
512 6 15 17
207 6 15 38
3268 6 15 23
4523 6 15 94
4451 6 15 2
5869 6 15 61
968 6 15 73
3809 6 15 80
3137 6 16 49
1302 6 16 69
980 6 16 17
2578 6 16 94
2273 6 16 77
2035 6 16 2
2514 6 16 28
5322 6 16 61
5641 6 16 80
1885 6 17 49
426 6 17 80
4014 6 17 94
952 6 17 2
3799 6 17 69
429 6 17 17
3917 6 17 61
4003 6 18 2
2918 6 18 61
2975 6 18 80
2394 6 18 86
2939 6 18 16
1507 6 18 49
2084 6 18 69
327 6 19 80
3822 6 19 2
705 6 19 61
812 6 19 16
2590 7 1 24
5213 7 1 88
498 7 1 40
1918 7 1 64
1168 7 1 29
1578 7 1 76
1965 7 1 6
387 7 1 49
5054 7 2 24
5377 7 2 40
5119 7 2 5
5044 7 2 21
3288 7 2 64
2324 7 2 16
3771 7 2 88
108 7 2 83
550 7 3 16
3621 7 3 66
5124 7 3 83
5079 7 3 21
5048 7 3 40
1482 7 3 5
4800 7 4 21
1996 7 4 66
5116 7 4 5
2695 7 4 83
834 7 4 40
57 7 5 40
2589 7 5 5
1061 7 5 21
3364 7 5 82
335 7 6 21
3761 7 6 3
1715 7 6 77
4135 7 6 83
5088 7 6 47
4293 7 7 3
1332 7 7 39
844 7 7 71
4980 7 7 57
2668 7 7 17
1778 7 7 77
4956 7 8 50
3780 7 8 84
1032 7 8 32
2122 7 9 43
88 7 9 62
788 7 9 71
3519 7 9 88
666 7 9 3
4610 7 10 3
172 7 10 11
3642 7 10 23
276 7 10 73
4002 7 10 86
657 7 10 62
4723 7 11 62
4252 7 11 3
2342 7 11 23
2632 7 11 82
5093 7 12 62
5547 7 12 28
2778 7 13 62
4568 7 14 51
2708 7 14 62
1274 7 15 27
2572 7 15 11
3014 7 15 51
4590 7 15 45
1656 7 15 16
4496 7 15 90
1369 7 15 38
179 7 15 32
5744 7 15 77
5542 7 16 77
3707 7 16 86
113 7 16 27
1067 7 16 51
3953 7 16 90
1275 7 16 38
2203 7 16 11
2908 7 16 4
548 7 16 45
1229 7 16 16
112 7 16 32
1072 7 17 74
1055 7 17 90
5135 7 17 8
1158 7 17 16
4176 7 17 27
2322 7 17 86
4042 7 17 3
142 7 17 11
416 7 17 38
5396 7 17 77
1120 7 17 45
3625 7 17 61
4889 7 18 90
4571 7 18 2
4868 7 18 8
1351 7 18 27
527 7 18 38
4031 7 18 74
879 7 18 16
993 7 18 86
502 7 18 61
2096 7 19 86
5217 7 19 61
3763 7 19 2
4181 7 19 8
5535 7 19 27
1155 8 2 78
5146 8 2 87
3177 8 2 54
2360 8 2 5
2139 8 2 16
5219 8 2 26
2351 8 3 38
528 8 3 6
2881 8 3 13
3704 8 3 83
3015 8 3 42
2813 8 3 29
4206 8 4 38
5839 8 4 78
3172 8 4 54
982 8 4 29
3480 8 4 5
4487 8 4 82
2592 8 4 13
4542 8 5 5
3567 8 5 29
2947 8 5 78
511 8 5 54
886 8 7 76
5830 8 8 69
718 8 8 38
5452 8 10 61
5144 8 11 61
5289 8 12 60
2123 8 13 23
4224 8 13 80
1714 8 13 3
2331 8 13 64
4290 8 14 3
5210 8 14 25
4010 8 14 14
2542 8 14 64
2008 8 14 87
5668 8 14 84
984 8 14 46
3493 8 15 84
2332 8 15 3
1657 8 15 46
2882 8 15 14
1948 8 15 25
134 8 16 2
2607 8 16 14
4621 8 16 25
5743 8 16 84
1126 8 17 14
490 8 17 92
3452 8 17 76
614 8 17 60
2390 8 17 2
606 8 17 12
5699 8 17 30
145 8 18 41
2313 8 18 57
3970 8 18 73
974 8 18 2
479 8 18 9
4383 8 18 12
505 8 18 30
11 8 18 92
2011 8 19 9
4961 8 19 92
650 8 19 1
3693 8 19 57
5687 8 19 30
3214 9 0 24
1573 9 0 48
3335 9 0 5
3476 9 0 81
3184 9 4 35
1661 9 4 5
1884 9 4 54
3980 9 4 78
2250 9 5 74
3801 9 5 47
1371 9 5 16
724 9 5 5
3039 9 7 18
127 9 7 39
1823 9 7 49
349 9 7 76
2070 9 7 4
991 9 8 21
4555 9 8 39
305 9 8 62
1118 9 8 3
3477 9 8 74
4617 9 9 62
1313 9 9 39
2497 9 9 18
3658 9 9 3
2767 9 9 67
840 9 10 28
3011 9 10 3
1930 9 10 18
3649 9 10 62
4415 9 11 37
2177 9 11 20
2599 9 11 78
2692 9 11 2
1385 9 12 60
2255 9 13 35
3627 9 13 2
1988 9 13 80
4560 9 14 38
2397 9 14 89
3323 9 14 64
1670 9 14 3
5036 9 14 21
1427 9 14 15
166 9 15 3
2538 9 15 89
3036 9 15 15
4077 9 15 38
248 9 15 64
2847 9 15 11
1005 9 15 57
2302 9 16 57
1376 9 16 11
3321 9 16 38
3900 9 16 2
4929 9 16 89
2439 9 17 30
485 9 17 76
3139 9 17 92
1047 9 17 60
2227 9 17 3
2503 9 17 14
891 9 17 80
4295 9 17 9
4353 9 17 41
748 9 18 9
4681 9 18 57
3514 9 18 73
1416 9 18 91
1746 9 18 41
5197 9 18 2
2846 9 19 41
3717 9 19 1
838 9 19 91
5328 9 19 60
2007 10 0 15
759 10 0 73
3440 10 0 5
247 10 0 83
3788 10 0 88
5739 10 0 36
938 10 1 54
2107 10 1 48
5235 10 1 42
5068 10 1 83
2490 10 1 24
5554 10 1 6
3250 10 1 37
2350 10 1 64
4143 10 1 74
1891 10 1 15
1681 10 1 89
1230 10 1 31
1001 10 2 16
2267 10 2 6
3876 10 2 24
4717 10 2 36
508 10 2 53
319 10 2 65
4803 10 2 82
4127 10 7 84
679 10 7 66
1245 10 7 78
2681 10 7 20
1052 10 7 10
5031 10 7 30
5416 10 7 5
2665 10 7 37
3187 10 7 40
1604 10 7 73
5109 10 8 37
1208 10 8 78
1743 10 8 20
3175 10 8 30
444 10 8 5
4341 10 8 65
1418 10 8 73
5669 10 9 73
4510 10 9 4
212 10 9 37
2677 10 9 30
4938 10 9 17
1149 10 9 20
1488 10 9 65
3420 10 10 3
2869 10 10 65
513 10 10 17
1883 10 10 30
668 10 11 78
2098 10 11 19
1017 10 11 23
5059 10 11 2
4329 10 11 37
802 10 12 60
789 10 13 60
4994 10 14 60
5570 10 15 4
4886 10 15 48
919 10 15 67
5717 10 15 76
1022 10 15 30
4488 10 15 60
2679 10 15 42
4874 10 15 14
3616 10 15 92
631 10 15 37
2388 10 15 80
5807 10 15 64
5614 10 16 64
2970 10 16 60
2066 10 16 41
4131 10 16 14
995 10 16 80
2274 10 16 48
151 10 16 67
5091 10 16 30
4466 10 16 4
3688 10 16 76
3253 10 16 92
368 10 17 60
4307 10 17 30
316 10 17 64
3408 10 17 76
4718 10 17 3
1719 10 17 80
1034 10 17 48
2641 10 17 14
9 10 17 92
4479 10 17 9
760 10 17 41
1647 10 18 48
4599 10 18 80
4860 10 18 2
5615 10 18 60
466 10 18 73
4624 10 18 30
188 10 19 91
16 10 19 2
3278 10 19 60
856 10 19 73
251 10 19 30
577 11 0 36
1213 11 0 74
4912 11 0 83
4677 11 0 89
3757 11 0 42
1442 11 0 64
1900 11 0 15
58 11 0 24
2797 11 0 48
3153 11 0 5
3947 11 1 42
5249 11 1 82
1163 11 1 89
1767 11 1 24
4236 11 1 6
3636 11 1 48
2050 11 1 15
2080 11 1 64
2523 11 1 37
4967 11 1 74
3030 11 1 31
2443 11 2 64
3156 11 2 36
4595 11 2 74
5623 11 2 82
5296 11 2 5
3727 11 2 16
4881 11 2 53
955 11 3 21
277 11 4 53
338 11 4 23
775 11 4 4
5115 11 4 66
5253 11 5 13
3829 11 5 31
4338 11 5 4
3770 11 5 61
2389 11 5 73
1086 11 5 85
2811 11 5 92
1404 11 6 85
5263 11 6 41
2656 11 6 89
1435 11 6 12
3110 11 6 61
3545 11 6 5
1386 11 6 31
2323 11 6 25
2615 11 7 89
4041 11 7 35
3354 11 7 41
254 11 7 12
5098 11 7 31
4832 11 7 4
1002 11 7 25
2272 11 7 73
1305 11 7 85
3802 11 7 20
4924 11 7 65
3317 11 8 35
5841 11 8 85
123 11 8 12
2526 11 8 41
3512 11 8 4
3942 11 8 25
1874 11 8 20
5648 11 8 65
5637 11 9 19
86 11 9 25
1145 11 9 4
5058 11 9 35
2474 11 9 65
3653 11 9 85
2565 11 10 3
2437 11 10 85
2666 11 10 19
4067 11 10 35
2428 11 11 90
1151 11 11 2
5154 11 11 60
4505 11 11 18
726 11 12 76
4230 11 12 90
849 11 12 44
702 11 12 21
4093 11 12 2
2508 11 12 60
708 11 12 18
2055 11 13 90
4202 11 13 2
839 11 13 64
4283 11 13 95
4240 11 13 44
1420 11 13 18
3123 11 13 60
5132 11 13 76
4209 11 13 21
4508 11 14 60
1159 11 14 39
4739 11 14 65
5003 11 15 2
3797 11 15 54
281 11 15 28
1191 11 15 18
1107 11 15 91
739 11 15 25
3991 11 15 38
806 11 15 73
2190 11 15 85
2727 11 15 95
3962 11 16 38
4423 11 16 25
3564 11 16 54
1057 11 16 18
776 11 16 73
1103 11 16 85
5397 11 16 91
3714 11 16 2
181 11 17 85
150 11 17 18
2451 11 17 25
1053 11 17 38
3528 11 17 2
1527 11 17 15
215 11 17 54
3125 11 17 91
5742 11 18 25
3021 11 18 15
2647 11 18 2
5387 11 18 85
130 11 18 54
3252 11 19 91
3811 11 19 1
1749 11 19 15
5624 11 19 60
1025 11 19 25
597 12 0 5
464 12 0 36
4029 12 0 83
1824 12 0 48
3484 12 0 64
2016 12 1 5
422 12 1 82
18 12 1 31
1295 12 1 15
5829 12 1 37
2936 12 1 53
1623 12 1 74
67 12 2 53
5755 12 2 74
736 12 2 31
4170 12 2 5
2948 12 3 20
2036 12 4 65
2892 12 4 51
2580 12 4 10
3114 12 4 71
658 12 4 81
3475 12 4 17
882 12 4 43
5563 12 4 23
1772 12 4 88
5692 12 4 35
4716 12 5 35
5684 12 5 5
1690 12 5 88
2575 12 5 51
4884 12 5 23
5211 12 5 64
69 12 5 43
1536 12 5 10
2591 12 5 71
3405 12 5 17
2147 12 5 81
1258 12 6 81
3506 12 6 64
4887 12 6 5
1104 12 6 71
4486 12 6 42
2160 12 6 51
4289 12 6 88
3269 12 6 17
4348 12 6 23
4165 12 6 35
3540 12 7 12
4302 12 7 64
1970 12 7 35
1098 12 7 42
37 12 7 23
1917 12 7 51
3264 12 7 88
5256 12 7 81
3529 12 7 4
2949 12 7 17
226 12 8 23
2528 12 8 17
4091 12 8 41
1460 12 8 4
3284 12 8 64
2209 12 8 88
442 12 8 51
4085 12 8 81
44 12 9 88
538 12 9 23
1646 12 9 17
5571 12 9 64
430 12 9 51
2061 12 9 3
4802 12 10 35
4394 12 10 88
588 12 10 3
964 12 10 51
3898 12 11 2
791 12 11 37
862 12 11 88
2202 12 11 10
4564 12 12 92
2555 12 12 73
249 12 12 3
2224 12 12 37
4266 12 12 16
3795 12 12 59
4636 12 12 88
1081 12 12 10
3726 12 13 3
2830 12 13 21
1992 12 13 92
901 12 13 59
2915 12 13 10
2873 12 13 44
4866 12 13 64
2184 12 13 37
294 12 13 16
2841 12 13 73
5294 12 13 88
641 12 14 39
3142 12 14 60
4519 12 14 65
5329 12 15 3
1712 12 15 79
2794 12 15 9
985 12 15 92
3055 12 15 34
4545 12 15 14
2103 12 15 69
1645 12 15 46
676 12 15 85
1085 12 15 60
3931 12 15 64
273 12 15 49
4417 12 16 9
4294 12 16 3
4799 12 16 16
4115 12 16 69
3275 12 16 79
2193 12 16 60
2710 12 16 34
3741 12 16 92
3762 12 16 46
95 12 17 3
1702 12 17 79
5801 12 17 57
4727 12 17 60
2511 12 17 92
3547 12 17 16
4111 12 17 9
2442 12 17 34
728 12 17 77
3126 12 17 46
5010 12 18 76
1472 12 18 2
1818 12 18 9
1342 12 18 34
3630 12 18 57
3400 12 18 91
5200 12 19 25
1585 12 19 1
804 12 19 76
5465 12 19 92
2951 12 19 9
2248 13 0 87
3042 13 0 4
3713 13 0 42
2876 13 0 51
2671 13 1 87
481 13 1 92
1394 13 1 51
4952 13 1 4
5244 13 1 25
4867 13 1 42
858 13 1 65
3391 13 2 33
2732 13 2 25
2662 13 2 92
105 13 2 65
3052 13 2 51
1349 13 2 70
446 13 2 13
3379 13 2 4
5750 13 3 20
5364 13 4 34
1589 13 4 66
996 13 4 20
3920 13 4 39
1639 13 4 15
4632 13 4 58
5579 13 4 78
2185 13 4 73
4734 13 4 26
1323 13 4 9
4117 13 5 58
2895 13 5 39
3380 13 5 26
1555 13 5 73
4658 13 5 15
4893 13 5 34
943 13 5 9
474 13 5 66
837 13 5 78
5756 13 5 53
2341 13 6 65
1586 13 6 58
3305 13 6 53
4378 13 6 15
4528 13 6 34
5022 13 6 6
4047 13 6 8
2477 13 6 39
2683 13 6 26
4579 13 6 77
3924 13 7 34
2362 13 7 53
1200 13 7 26
3004 13 7 77
5835 13 7 58
1894 13 7 4
647 13 7 39
3825 13 7 15
453 13 7 73
4948 13 7 93
199 13 7 8
96 13 8 4
3821 13 8 34
5223 13 8 93
1974 13 8 58
3703 13 8 73
5663 13 8 15
106 13 8 8
1790 13 8 81
518 13 8 39
1510 13 8 53
533 13 9 15
3360 13 9 53
5855 13 9 93
3033 13 9 34
4637 13 9 3
352 13 9 73
3734 13 10 3
1190 13 10 93
4570 13 10 53
437 13 10 34
977 13 11 87
2645 13 11 19
5562 13 11 1
3216 13 11 59
1137 13 12 2
109 13 12 19
1808 13 12 37
3633 13 12 59
3054 13 12 69
126 13 12 87
794 13 12 22
1727 13 13 28
1534 13 13 87
4654 13 13 92
4524 13 13 34
2017 13 13 22
2820 13 13 2
939 13 13 60
2718 13 14 60
4258 13 14 39
5710 13 14 64
720 13 15 3
524 13 15 10
129 13 15 28
4034 13 15 83
5651 13 15 76
2024 13 15 59
4737 13 15 38
395 13 15 17
5709 13 16 76
3386 13 16 10
243 13 16 59
5225 13 16 2
3556 13 16 28
1695 13 17 79
242 13 17 92
624 13 17 2
5682 13 17 16
175 13 17 46
2120 13 17 56
3351 13 17 73
5622 13 18 92
3569 13 18 73
5370 13 18 34
2233 13 18 9
1628 13 18 16
121 13 18 56
2536 13 18 1
1981 13 19 92
766 13 19 25
651 13 19 16
4168 13 19 56
1310 13 19 1
5502 14 0 30
1822 14 0 77
3701 14 0 3
250 14 0 18
1960 14 1 18
1841 14 1 42
1869 14 1 77
2962 14 1 87
1654 14 1 4
1259 14 1 30
3585 14 2 77
1401 14 2 92
1958 14 2 30
4566 14 2 51
2173 14 2 14
2075 14 2 18
4405 14 2 4
5475 14 2 42
4656 14 3 20
1160 14 4 91
3231 14 4 30
5525 14 4 25
805 14 4 37
1128 14 4 83
2054 14 4 70
3197 14 4 51
4184 14 4 20
2214 14 4 61
2916 14 4 5
2400 14 4 57
4939 14 4 12
5064 14 4 42
1734 14 4 78
4540 14 5 12
5074 14 5 29
182 14 5 37
1263 14 5 57
4714 14 5 77
5084 14 5 25
1466 14 5 61
673 14 5 83
307 14 5 91
2998 14 5 20
4197 14 5 4
1606 14 5 70
2144 14 5 51
4274 14 5 42
3319 14 6 37
1721 14 6 94
2535 14 6 4
3803 14 6 82
3140 14 6 91
1162 14 6 70
4609 14 6 25
4367 14 6 12
5186 14 6 57
4265 14 6 29
587 14 6 20
1362 14 6 51
3247 14 6 77
2470 14 7 4
2747 14 7 16
3191 14 7 29
4450 14 7 73
3144 14 7 25
2304 14 7 37
3212 14 7 82
3279 14 7 91
2457 14 7 12
2156 14 7 19
3419 14 7 57
863 14 7 70
5340 14 7 51
1751 14 8 51
5227 14 8 4
4947 14 8 16
5588 14 8 82
2404 14 8 25
3086 14 8 70
5731 14 8 39
2653 14 8 57
2546 14 8 29
5411 14 9 51
4066 14 9 82
2039 14 9 70
5595 14 9 29
3675 14 9 67
2141 14 9 93
966 14 9 16
537 14 9 25
3325 14 9 3
3641 14 10 82
1294 14 10 51
4670 14 10 67
269 14 10 3
3260 14 10 16
3157 14 11 22
2244 14 11 9
612 14 11 60
4418 14 11 1
5401 14 11 93
2598 14 12 22
1636 14 12 69
33 14 12 93
4758 14 12 9
3148 14 12 2
1969 14 12 38
309 14 12 60
4386 14 13 46
1890 14 13 69
3586 14 13 9
3084 14 13 12
239 14 13 38
686 14 13 60
235 14 13 3
532 14 13 93
5246 14 14 17
3842 14 14 60
1368 14 14 39
3071 14 15 57
4346 14 15 25
4646 14 15 2
5492 14 15 21
3602 14 15 87
535 14 15 48
4053 14 16 48
4399 14 16 87
4859 14 16 1
1359 14 16 21
1577 14 16 25
3459 14 17 76
3136 14 17 22
898 14 17 30
3127 14 17 44
719 14 17 1
403 14 17 3
1355 14 17 46
2737 14 18 1
723 14 18 27
351 14 18 44
170 14 18 22
274 14 19 1
4619 14 19 22
3038 15 0 3
5163 15 0 17
1784 15 0 46
2347 15 0 81
2702 15 1 46
3851 15 1 64
38 15 1 81
1625 15 1 87
1989 15 1 4
1130 15 1 17
5414 15 1 25
4058 15 2 46
1192 15 2 81
5203 15 2 25
3164 15 2 29
1805 15 2 57
3388 15 2 64
4554 15 2 4
3276 15 2 78
1554 15 2 17
2979 15 2 87
5095 15 2 12
961 15 3 20
1225 15 3 36
5174 15 3 59
4754 15 4 5
957 15 4 78
4148 15 4 81
3520 15 4 35
3554 15 4 10
711 15 4 15
3437 15 4 31
1195 15 4 61
54 15 4 73
4675 15 4 41
1530 15 5 10
36 15 5 31
1075 15 5 20
2682 15 5 35
4166 15 5 25
1882 15 5 51
463 15 5 57
4233 15 5 5
799 15 5 61
895 15 5 73
5507 15 5 67
721 15 5 42
3154 15 5 77
3503 15 5 81
3896 15 6 16
578 15 6 41
3560 15 6 57
1182 15 6 30
2674 15 6 5
1528 15 6 35
322 15 6 10
4839 15 6 67
4434 15 6 73
4437 15 6 19
2046 15 6 81
1962 15 6 25
777 15 6 51
5073 15 6 94
1088 15 7 19
2654 15 7 57
881 15 7 16
2289 15 7 93
3211 15 7 73
4481 15 7 10
846 15 7 30
3298 15 7 51
1164 15 7 67
5812 15 7 35
1919 15 7 25
3818 15 7 4
4711 15 8 82
1377 15 8 16
304 15 8 67
1755 15 8 73
5078 15 8 93
4132 15 8 3
900 15 8 25
138 15 8 57
230 15 8 51
4726 15 8 30
4736 15 9 67
1901 15 9 3
5544 15 9 25
5111 15 9 82
1864 15 9 51
3492 15 10 22
1319 15 10 33
1181 15 10 90
258 15 10 7
240 15 10 1
2812 15 11 7
677 15 11 69
4387 15 11 33
2384 15 11 90
1546 15 11 57
755 15 11 2
3037 15 11 93
4729 15 11 22
5169 15 12 2
1207 15 12 7
2377 15 12 17
2925 15 12 57
2513 15 12 97
2735 15 12 90
3365 15 12 69
2522 15 12 73
1382 15 12 37
1301 15 12 33
5522 15 13 2
1804 15 13 79
5269 15 13 22
4604 15 13 90
1476 15 13 17
4847 15 13 37
4144 15 13 57
2957 15 13 33
4940 15 13 73
1393 15 13 7
1187 15 14 77
1337 15 14 39
983 15 14 60
3790 15 14 17
2739 15 15 79
4099 15 15 73
4320 15 15 2
1441 15 15 37
4735 15 15 14
2305 15 15 9
4118 15 15 57
4796 15 16 1
4232 15 16 73
4136 15 16 37
1877 15 16 97
999 15 16 9
2667 15 17 52
2858 15 17 13
4024 15 17 28
884 15 17 34
1409 15 17 71
722 15 17 22
5831 15 17 83
409 15 17 3
553 15 17 76
591 15 17 30
969 15 17 46
5862 15 18 71
4213 15 18 46
832 15 18 3
3225 15 18 95
17 15 18 1
2420 15 18 27
693 15 19 1
5836 15 19 27
1141 16 0 19
1641 16 0 3
1240 16 0 58
5590 16 0 73
5222 16 0 88
5748 16 0 29
3638 16 1 58
4016 16 1 81
889 16 1 35
1570 16 1 88
1653 16 1 29
1042 16 1 4
5184 16 1 73
1526 16 1 19
800 16 2 58
366 16 2 14
4291 16 2 4
2506 16 2 88
4498 16 2 29
3438 16 2 35
1642 16 2 19
2454 16 2 73
2861 16 2 77
1477 16 2 65
2402 16 3 6
4175 16 3 35
3152 16 3 59
3659 16 3 20
3879 16 3 39
4427 16 4 5
4027 16 4 34
5441 16 4 77
1222 16 4 73
4844 16 4 94
2907 16 4 41
1010 16 4 47
1936 16 4 59
1907 16 4 16
4333 16 4 91
3411 16 5 25
930 16 5 64
4158 16 5 14
2897 16 5 29
1198 16 5 88
3337 16 5 4
2034 16 5 39
3415 16 5 52
297 16 5 58
4536 16 6 88
221 16 6 73
4050 16 6 29
302 16 6 58
5705 16 6 14
3171 16 6 4
4667 16 7 10
1935 16 7 67
1928 16 7 87
1523 16 7 14
1541 16 7 57
5305 16 7 83
5299 16 7 93
1567 16 7 4
2798 16 7 29
1285 16 8 83
792 16 8 4
4643 16 8 10
4314 16 8 87
92 16 8 29
3532 16 9 10
5817 16 9 3
2015 16 9 83
4303 16 9 81
3855 16 10 10
5338 16 10 1
152 16 10 56
318 16 10 71
4691 16 10 82
461 16 11 10
5081 16 11 7
2726 16 11 82
4593 16 11 56
3342 16 11 71
415 16 11 1
1750 16 11 90
1713 16 11 28
2441 16 12 56
3985 16 12 60
4204 16 12 71
1091 16 12 10
1422 16 12 82
3348 16 12 14
1030 16 12 34
4746 16 12 92
2213 16 12 2
867 16 13 48
826 16 13 71
1167 16 13 44
4873 16 13 60
5551 16 13 14
4312 16 13 31
1020 16 13 37
4298 16 13 88
348 16 13 92
526 16 14 60
2738 16 14 73
4846 16 14 48
1738 16 14 17
3887 16 14 76
217 16 14 39
1451 16 15 28
1674 16 15 23
3327 16 15 97
904 16 15 12
541 16 15 92
1152 16 15 79
492 16 15 1
1627 16 15 60
1514 16 16 1
3464 16 16 23
185 16 16 79
2226 16 16 92
2825 16 17 95
4596 16 17 13
1356 16 17 34
4744 16 17 3
909 16 17 76
357 16 17 98
3219 16 17 54
120 16 17 83
1925 16 17 22
2344 16 17 46
5110 16 17 52
2271 16 18 95
2040 16 18 76
2171 16 18 13
3050 16 18 30
4973 16 18 98
184 16 18 33
389 16 18 71
5730 16 18 44
5712 16 18 1
4366 16 18 22
4509 16 19 1
1649 16 19 44
350 16 19 30
332 16 19 95
1542 17 0 45
5854 17 0 3
3461 17 0 88
3178 17 0 11
3603 17 0 57
3395 17 0 70
2529 17 1 70
3183 17 1 11
5659 17 1 29
5822 17 1 4
3290 17 1 45
5652 17 1 57
2413 17 1 86
3725 17 1 15
1321 17 2 15
1760 17 2 64
3472 17 2 35
5516 17 2 86
3834 17 2 5
4546 17 2 70
5444 17 2 11
2452 17 2 45
1553 17 3 33
3535 17 3 35
5725 17 3 77
1428 17 3 20
2030 17 3 5
5523 17 3 42
1216 17 3 12
2482 17 3 59
5302 17 3 93
4820 17 3 26
2827 17 3 39
2219 17 3 87
5127 17 4 73
3080 17 4 47
935 17 4 16
3823 17 4 5
3008 17 4 27
1331 17 4 94
2693 17 4 41
503 17 4 59
4804 17 4 70
2138 17 4 91
1123 17 4 34
1350 17 5 4
5849 17 5 39
1048 17 5 32
3387 17 5 45
5607 17 5 59
2074 17 5 70
2776 17 5 83
3292 17 5 25
477 17 5 52
3577 17 5 11
35 17 6 86
5795 17 6 52
3389 17 6 57
5309 17 6 3
795 17 6 25
2990 17 6 32
1926 17 6 45
324 17 6 70
1116 17 6 11
1967 17 7 3
3527 17 7 25
1425 17 7 45
3489 17 7 52
1902 17 7 57
70 17 7 70
3272 17 7 86
1270 17 8 70
1079 17 8 45
2174 17 8 83
2291 17 8 3
1812 17 8 52
4591 17 9 3
110 17 9 70
2101 17 9 81
1390 17 10 28
5532 17 10 52
595 17 10 1
2071 17 10 85
1827 17 11 71
1253 17 11 56
2628 17 11 28
1193 17 11 52
1265 17 11 85
1635 17 11 5
1860 17 11 1
3 17 11 88
3162 17 12 57
665 17 12 13
1806 17 12 85
3518 17 12 44
2353 17 12 88
315 17 12 5
5424 17 12 28
1432 17 12 52
131 17 12 92
4396 17 13 30
3425 17 13 5
284 17 13 44
3356 17 13 9
97 17 13 37
3160 17 13 34
5326 17 13 59
1497 17 13 88
4356 17 13 97
1249 17 13 80
3032 17 13 48
933 17 13 14
2744 17 14 3
3987 17 14 36
3447 17 14 48
1096 17 14 59
5112 17 14 71
1007 17 14 17
4362 17 14 79
5105 17 14 93
2659 17 14 76
3070 17 14 73
2826 17 14 38
107 17 15 17
13 17 15 47
4497 17 15 71
733 17 15 38
1455 17 15 57
4525 17 15 3
186 17 15 14
2867 17 15 22
3563 17 15 9
5392 17 15 30
4277 17 15 34
2006 17 15 76
2032 17 15 86
2973 17 16 71
3536 17 16 14
1423 17 16 57
1185 17 16 76
1963 17 16 86
2162 17 16 22
3615 17 16 25
1938 17 16 34
2406 17 16 3
3710 17 16 46
921 17 16 9
3363 17 16 30
3189 17 17 83
1178 17 17 86
988 17 17 3
869 17 17 8
4142 17 17 22
1828 17 17 34
31 17 17 54
579 17 17 14
850 17 17 57
1415 17 17 71
2944 17 17 46
934 17 17 76
4009 17 18 86
125 17 18 71
30 17 18 14
5330 17 18 52
4732 17 18 1
49 17 18 83
2769 17 19 52
3910 17 19 83
5386 17 19 1
3837 18 0 86
4045 18 0 67
2425 18 0 3
3173 18 0 16
5320 18 0 29
2964 18 0 51
5126 18 1 4
2251 18 1 29
4834 18 1 39
1562 18 1 25
171 18 1 81
2013 18 1 57
2366 18 1 67
3311 18 1 16
1296 18 1 86
1473 18 1 51
4467 18 2 9
3043 18 2 57
4084 18 2 51
2086 18 2 39
5437 18 2 46
1127 18 2 81
1563 18 2 19
1147 18 2 16
3959 18 2 25
3966 18 2 67
2581 18 2 73
5679 18 2 4
5067 18 3 70
1971 18 3 26
3634 18 3 47
765 18 3 59
1817 18 3 77
2198 18 3 35
353 18 3 10
1449 18 3 33
2194 18 3 83
4704 18 3 19
3963 18 3 42
264 18 3 5
1802 18 3 39
333 18 3 93
64 18 3 73
3217 18 4 67
2986 18 4 34
747 18 4 16
615 18 4 91
5865 18 4 81
3960 18 4 4
3664 18 4 46
1194 18 4 26
2455 18 4 73
2740 18 4 58
3858 18 5 39
2904 18 5 67
1799 18 5 57
2780 18 5 34
246 18 5 51
4583 18 5 4
5658 18 5 16
4028 18 5 85
341 18 5 91
4996 18 6 34
1777 18 6 26
4978 18 6 70
234 18 6 16
749 18 6 51
2498 18 6 85
5158 18 6 91
1986 18 6 3
690 18 6 32
1732 18 7 85
3454 18 7 51
1397 18 7 26
2712 18 7 3
1736 18 7 32
3188 18 8 81
3850 18 8 26
398 18 8 3
4370 18 8 51
1254 18 9 70
202 18 9 26
1650 18 9 2
5173 18 9 45
2276 18 10 30
3505 18 10 1
4187 18 10 13
189 18 10 71
2230 18 10 79
1582 18 10 44
644 18 11 4
3012 18 11 1
2978 18 11 28
1633 18 11 44
210 18 11 13
2466 18 11 96
3218 18 11 52
191 18 11 71
136 18 11 79
3234 18 11 85
4056 18 12 28
623 18 12 79
5464 18 12 96
23 18 12 44
859 18 12 56
1138 18 12 4
515 18 12 13
557 18 12 88
3689 18 13 83
1398 18 13 1
275 18 13 59
5014 18 13 96
4472 18 13 85
449 18 13 56
82 18 13 80
945 18 13 88
3176 18 13 8
3057 18 13 30
187 18 13 34
951 18 13 14
5655 18 14 48
1521 18 14 33
2417 18 14 79
5690 18 14 14
1951 18 14 73
1993 18 14 2
197 18 14 8
480 18 14 27
1291 18 14 11
868 18 14 17
435 18 14 24
2886 18 14 69
205 18 14 38
4112 18 14 93
414 18 14 59
1446 18 15 25
3245 18 15 88
135 18 15 92
745 18 15 33
3185 18 15 1
114 18 15 44
2612 18 15 48
4086 18 15 69
1600 18 15 79
3592 18 16 33
2181 18 16 69
716 18 16 79
2314 18 16 8
521 18 16 1
2172 18 16 48
1774 18 16 88
4915 18 17 13
2874 18 17 22
5471 18 17 46
4344 18 17 69
1043 18 17 76
5429 18 17 3
3613 18 17 33
1452 18 17 48
2691 18 17 96
208 18 17 79
798 18 18 33
203 18 18 96
1201 18 18 3
2609 18 18 22
1703 18 18 52
3182 18 18 13
1076 18 18 46
2751 18 18 76
3875 18 18 69
8 18 19 69
1407 18 19 76
4588 18 19 3
2834 18 19 46
4080 18 19 95
3930 18 19 22
3941 18 19 1
1456 19 0 32
2761 19 0 67
1769 19 0 82
3775 19 0 3
1740 19 1 32
1718 19 1 70
542 19 1 16
2996 19 1 3
2852 19 1 57
1292 19 1 45
425 19 1 82
194 19 1 93
3728 19 2 39
308 19 2 32
2491 19 2 45
4999 19 2 57
954 19 2 93
2965 19 2 70
4335 19 2 15
285 19 2 83
4130 19 2 3
2638 19 3 93
2410 19 3 35
4506 19 3 4
4771 19 3 26
26 19 3 10
531 19 3 52
5789 19 3 59
4894 19 3 70
3819 19 3 45
1629 19 3 83
196 19 3 32
920 19 3 15
3204 19 4 88
2197 19 4 34
2371 19 4 45
1565 19 4 14
1831 19 4 52
4909 19 4 10
940 19 4 26
1821 19 4 4
1787 19 4 58
2556 19 4 81
2221 19 5 10
1961 19 5 26
128 19 5 57
5796 19 5 91
610 19 5 67
725 19 5 14
1757 19 5 81
1279 19 5 4
1854 19 5 45
4655 19 5 52
5151 19 6 52
5872 19 6 3
359 19 6 26
4662 19 6 81
300 19 6 14
1317 19 6 45
3299 19 6 85
2579 19 6 70
2153 19 6 10
5644 19 7 3
851 19 7 45
3753 19 7 14
3521 19 7 52
2085 19 7 10
3755 19 7 81
561 19 8 81
3951 19 8 45
2336 19 8 3
2140 19 8 14
4755 19 9 70
1183 19 9 2
674 19 9 14
2135 19 9 45
667 19 10 1
4483 19 10 30
2130 19 10 71
2859 19 11 44
457 19 11 71
4409 19 11 1
2559 19 11 80
4792 19 11 13
4037 19 11 30
1910 19 12 80
2094 19 12 4
2494 19 12 96
4300 19 12 85
619 19 12 30
3353 19 12 1
4332 19 12 52
536 19 12 71
1896 19 13 8
2093 19 13 56
807 19 13 88
855 19 13 30
4039 19 13 52
3384 19 13 80
299 19 13 1
1345 19 13 85
3240 19 14 23
611 19 14 48
4199 19 14 59
4627 19 14 56
4998 19 14 14
1909 19 14 1
4469 19 14 89
3899 19 14 27
5157 19 14 8
625 19 14 93
4282 19 15 22
2753 19 15 8
1485 19 15 89
3076 19 15 14
4021 19 15 27
4611 19 15 69
5806 19 15 83
2104 19 15 1
3937 19 15 56
4012 19 15 86
5601 19 16 96
2310 19 16 56
750 19 16 52
445 19 16 83
4842 19 16 1
3307 19 16 22
4981 19 16 33
1242 19 16 86
298 19 16 14
169 19 17 33
811 19 17 69
5844 19 17 83
4018 19 17 52
5802 19 17 1
427 19 17 79
1450 19 17 96
3546 19 18 13
1335 19 18 79
3107 19 18 1
2422 19 19 69
4951 19 19 1
975 19 19 46
