2678
3970 0 0 7
3369 0 0 35
2064 0 0 51
1301 0 0 80
3101 0 0 47
1421 0 1 7
2244 0 1 26
3022 0 1 35
2918 0 1 46
2219 0 1 52
3530 0 1 80
4012 0 2 7
2977 0 2 80
1684 0 2 25
1437 0 2 52
1960 0 2 46
2789 0 2 35
3931 0 3 46
628 0 3 52
3565 0 3 69
2577 0 3 80
3652 0 3 7
1733 0 3 35
873 0 3 25
3310 0 4 46
788 0 4 69
963 0 4 80
332 0 4 7
358 0 4 52
614 0 4 35
3286 0 4 17
2391 0 4 24
122 0 5 69
2456 0 5 80
3245 0 5 17
2254 0 5 24
3925 0 5 52
3531 0 5 8
2369 0 5 46
4064 0 6 7
3482 0 6 52
1140 0 6 24
2215 0 6 46
3883 0 6 69
3017 0 6 17
2068 0 6 80
2073 0 7 8
2220 0 7 35
1951 0 7 80
3343 0 7 90
3420 0 7 69
2177 0 7 17
2095 0 7 46
601 0 7 24
2625 0 7 52
1092 0 8 62
3653 0 8 24
3574 0 8 16
729 0 8 8
3974 0 8 31
1922 0 8 35
2818 0 8 69
2618 0 8 90
2163 0 8 52
3503 0 8 43
3776 0 8 79
2324 0 9 69
1873 0 9 16
620 0 9 62
422 0 9 8
1385 0 9 78
1158 0 9 43
1881 0 9 52
1126 0 9 90
2411 0 9 31
1180 0 10 6
756 0 10 31
1814 0 10 16
3527 0 10 43
258 0 10 62
330 0 10 78
2072 0 10 69
2804 0 11 41
328 0 11 31
3560 0 11 5
3990 0 11 87
3638 0 11 78
2827 0 11 62
831 0 12 62
1731 0 12 5
936 0 12 31
3099 0 12 78
4021 0 13 68
3214 0 13 27
236 0 13 46
353 0 13 73
433 0 13 13
3825 0 13 30
3154 0 13 5
1053 0 13 53
4056 0 13 63
46 0 14 88
3754 0 14 30
3468 0 14 13
1247 0 14 61
269 0 14 73
2624 0 14 46
542 0 14 68
1754 0 14 27
1983 0 14 5
750 0 14 93
1011 0 14 22
660 0 15 5
2723 0 15 61
2989 0 15 20
84 0 15 78
3758 0 15 41
2381 0 15 13
1737 0 15 68
2890 0 15 46
700 0 15 27
3063 0 15 50
366 0 15 88
420 0 16 46
2202 0 16 50
4059 0 16 40
3880 0 16 5
1927 0 16 13
3707 0 16 20
2560 0 16 61
3603 0 16 68
319 0 16 88
2184 0 17 61
3265 0 17 20
2080 0 17 88
2697 0 17 5
1702 0 17 13
1373 0 17 39
1366 0 17 50
3791 0 17 45
1978 0 17 68
3207 0 18 65
1386 0 18 13
3163 0 18 20
3079 0 18 4
20 0 18 45
823 0 18 61
513 0 18 39
706 0 18 88
1063 0 19 3
942 0 19 61
2166 0 19 13
3726 0 19 88
3317 0 19 39
649 1 0 36
2317 1 0 51
1470 1 1 23
984 1 1 61
2747 1 1 30
1972 1 1 12
2590 1 1 52
565 1 2 19
1559 1 2 61
2761 1 2 43
570 1 2 29
1034 1 2 72
2766 1 2 12
2403 1 3 71
2448 1 3 12
1438 1 3 43
2387 1 3 19
920 1 3 27
1157 1 3 61
3010 1 4 19
632 1 4 71
2378 1 4 12
1078 1 4 61
673 1 4 43
3485 1 5 12
252 1 5 29
72 1 5 71
1719 1 5 43
3160 1 5 59
3953 1 6 65
3790 1 6 70
2292 1 6 41
1653 1 6 12
3183 1 6 29
1884 1 6 89
3110 1 7 65
836 1 7 87
1464 1 7 12
1321 1 7 57
2203 1 7 29
3608 1 7 70
3402 1 8 7
1828 1 8 12
393 1 8 87
1979 1 8 46
1258 1 8 70
199 1 8 30
1232 1 8 65
1503 1 8 41
1237 1 8 57
3497 1 9 56
2563 1 9 7
3312 1 9 30
3124 1 9 64
2860 1 9 70
511 1 9 46
2821 1 9 59
363 1 9 12
3971 1 9 87
2601 1 10 87
75 1 10 46
78 1 10 12
3787 1 10 56
2919 1 10 6
2347 1 10 64
68 1 10 70
2525 1 11 56
3227 1 11 12
1946 1 11 64
1174 1 11 87
3316 1 11 41
9 1 11 6
3374 1 12 56
1161 1 12 27
2963 1 12 5
3932 1 12 87
2656 1 13 5
2950 1 13 56
3678 1 13 46
1413 1 13 69
3501 1 13 73
1909 1 14 12
1993 1 14 34
3797 1 14 50
3331 1 14 91
1429 1 14 5
2808 1 14 42
1203 1 14 24
247 1 14 56
1283 1 15 12
3580 1 15 23
24 1 15 42
2519 1 15 79
2419 1 15 91
696 1 15 56
1303 1 15 87
1015 1 15 5
2368 1 15 18
1634 1 15 34
2586 1 15 50
2668 1 16 4
3964 1 16 34
3697 1 16 18
2681 1 16 91
3637 1 16 11
3090 1 16 78
2014 1 16 23
3613 1 16 85
1083 1 16 53
394 1 16 42
2935 1 17 11
13 1 17 42
1222 1 17 18
1211 1 17 61
530 1 17 4
2657 1 17 34
1545 1 17 91
557 1 17 85
989 1 17 78
1774 1 17 23
659 1 18 4
1677 1 18 65
1013 1 18 23
2232 1 18 42
853 1 18 85
1177 1 18 18
1701 1 19 3
911 1 19 18
861 1 19 42
914 2 1 84
2262 2 1 77
2930 2 1 67
1200 2 1 11
2447 2 1 19
2251 2 2 67
957 2 2 11
2780 2 2 59
2442 2 2 19
1000 2 2 77
2370 2 2 85
3304 2 2 49
2664 2 3 49
4014 2 3 41
127 2 3 77
1652 2 3 67
2475 2 3 84
2392 2 3 19
613 2 3 11
3905 2 4 18
4038 2 4 66
2044 2 4 77
910 2 4 83
2302 2 4 49
3960 2 4 8
3384 2 4 41
3352 2 5 7
2241 2 5 77
3150 2 5 18
1856 2 5 49
3340 2 5 41
3946 2 5 66
2662 2 5 60
604 2 6 77
1332 2 6 60
2711 2 6 41
120 2 6 49
2356 2 6 73
1562 2 6 7
3632 2 6 66
3643 2 6 17
2089 2 7 41
487 2 7 77
1554 2 7 7
585 2 7 48
2536 2 7 17
3465 2 7 66
188 2 7 60
2082 2 7 73
59 2 8 48
3793 2 8 86
2328 2 8 66
817 2 8 7
3732 2 8 56
2764 2 8 17
1395 2 8 60
1712 2 8 41
2556 2 8 73
1620 2 9 17
35 2 9 73
1520 2 9 66
3073 2 9 48
3856 2 9 34
4015 2 9 41
3277 2 9 59
2412 2 9 6
2323 2 9 86
1329 2 10 41
2191 2 10 17
1798 2 10 59
3720 2 10 66
3854 2 10 46
3428 2 10 33
888 2 10 86
1771 2 10 6
751 2 11 41
471 2 11 17
3714 2 11 28
535 2 11 59
811 2 11 33
663 2 11 6
434 2 11 66
2554 2 11 86
3084 2 12 33
1625 2 12 59
1193 2 12 86
206 2 12 17
4031 2 12 5
796 2 12 27
3891 2 13 5
3408 2 13 46
1595 2 13 69
3586 2 13 73
597 2 14 17
588 2 14 53
1618 2 14 46
2425 2 14 4
1996 2 14 65
608 2 14 31
3959 2 14 79
2833 2 14 58
2127 2 15 12
2222 2 15 5
3460 2 15 24
3772 2 15 53
230 2 15 31
2178 2 15 78
1110 2 15 83
2942 2 15 45
2964 2 15 89
267 2 15 69
1833 2 16 65
1130 2 16 24
42 2 16 31
317 2 16 12
2698 2 16 45
69 2 16 83
839 2 16 5
3354 2 16 53
2582 2 16 69
388 2 17 53
2527 2 17 83
439 2 17 65
2088 2 17 12
429 2 17 5
2518 2 17 45
514 2 18 12
1827 2 18 65
954 2 18 45
1586 2 18 78
3623 2 18 4
927 2 19 24
97 2 19 45
3191 2 19 3
350 2 19 85
1974 3 1 62
2471 3 1 33
1466 3 1 7
2315 3 2 7
538 3 2 85
3215 3 2 31
770 3 2 20
3898 3 2 60
534 3 2 45
3243 3 3 60
781 3 3 31
2592 3 3 7
2887 3 3 75
3624 3 3 36
3119 3 4 26
1853 3 4 45
462 3 4 64
3018 3 4 7
2602 3 4 75
2500 3 5 6
167 3 5 20
3112 3 5 31
346 3 5 76
225 3 5 45
2146 3 6 26
2734 3 6 70
2337 3 6 6
302 3 6 45
1762 3 7 80
2878 3 7 6
1077 3 7 23
2010 3 7 36
3601 3 7 44
3975 3 7 64
171 3 8 54
1485 3 8 27
3104 3 8 44
1756 3 8 18
4048 3 8 81
1457 3 8 36
2272 3 8 12
2663 3 8 7
1491 3 8 64
2104 3 8 88
1643 3 9 12
3288 3 9 27
3969 3 9 80
149 3 9 59
2027 3 9 44
844 3 9 54
4066 3 9 88
738 3 9 7
1590 3 10 88
3771 3 10 80
1433 3 10 27
1848 3 10 44
1346 3 10 6
1156 3 10 12
4043 3 10 54
2431 3 11 79
23 3 11 88
3804 3 11 28
3552 3 11 6
1674 3 11 44
1324 3 11 54
3088 3 12 44
854 3 12 27
586 3 12 5
594 3 12 79
548 3 13 73
51 3 13 6
3839 3 13 46
3472 3 14 5
2443 3 14 42
2211 3 14 22
679 3 14 27
1317 3 14 12
2252 3 14 54
1910 3 14 69
2236 3 15 5
949 3 15 69
1354 3 15 42
1968 3 15 22
643 3 15 27
1128 3 15 54
2008 3 15 11
3694 3 15 91
2778 3 16 50
2281 3 16 11
2926 3 16 68
3272 3 16 79
718 3 16 42
974 3 16 56
1227 3 16 5
3341 3 16 24
4037 3 16 73
1299 3 16 31
3368 3 16 91
3533 3 16 61
3357 3 17 4
3568 3 17 61
426 3 17 31
472 3 17 53
3795 3 17 68
1243 3 17 11
321 3 17 24
467 3 17 42
1159 3 17 87
3572 3 17 91
3979 3 17 78
2230 3 18 91
2678 3 18 61
2870 3 18 34
1666 3 18 78
3569 3 18 42
327 3 18 24
1688 3 18 68
3508 3 18 85
2976 3 18 4
3812 3 19 3
3454 3 19 65
10 3 19 24
2360 3 19 85
4007 3 19 34
626 4 9 7
2350 4 9 28
2342 4 9 31
2119 4 9 46
1866 4 9 13
2646 4 9 73
3241 4 9 22
786 4 9 82
1558 4 9 57
528 4 10 28
1498 4 10 57
1338 4 10 13
1005 4 10 46
2538 4 10 72
3062 4 10 82
3980 4 10 21
719 4 10 88
3102 4 10 6
3645 4 11 82
254 4 11 36
3961 4 11 21
2958 4 11 46
260 4 11 6
2006 4 11 72
3820 4 12 5
3551 4 12 21
4053 4 12 36
3963 4 12 72
1568 4 13 6
763 4 13 73
525 4 14 77
387 4 14 73
288 4 14 61
180 4 14 56
764 4 14 40
3861 4 14 14
2823 4 14 6
4063 4 14 24
276 4 15 82
1678 4 15 24
1254 4 15 39
3262 4 15 56
2353 4 15 86
2713 4 15 14
141 4 15 61
1919 4 15 73
3935 4 15 6
2305 4 16 14
1411 4 16 24
495 4 16 39
25 4 16 61
1758 4 16 73
2680 4 16 82
1205 4 16 56
2988 4 16 6
3504 4 16 34
348 4 17 34
441 4 17 39
1089 4 17 65
1480 4 17 73
2297 4 17 56
1165 4 17 24
1252 4 17 14
840 4 17 82
2775 4 17 50
2737 4 17 4
1935 4 18 34
1867 4 18 65
3674 4 18 82
2439 4 18 23
61 4 18 39
3965 4 18 89
2512 4 18 50
3185 4 18 4
2124 4 18 56
2511 4 19 4
1523 4 19 50
1585 4 19 65
3205 4 19 20
3770 4 19 82
2242 5 1 84
1528 5 1 38
1127 5 1 7
3395 5 1 65
3 5 1 29
397 5 2 38
3899 5 2 7
1549 5 2 84
1118 5 2 24
999 5 2 66
3949 5 3 38
2123 5 3 59
3423 5 3 7
654 5 3 84
1925 5 4 38
3349 5 4 6
1658 5 4 46
730 5 4 24
3278 5 4 70
1556 5 5 24
676 5 5 55
465 5 5 6
2819 5 5 36
1064 5 6 59
3796 5 6 36
3296 5 6 6
1502 5 6 29
1880 5 7 6
3054 5 7 29
3246 5 7 71
1644 5 7 46
1583 5 9 86
1409 5 9 39
742 5 9 18
405 5 9 77
3075 5 9 6
893 5 10 77
3396 5 10 5
47 5 10 83
2005 5 10 24
2282 5 10 46
1444 5 11 24
3752 5 11 54
688 5 11 5
2313 5 11 36
3747 5 11 77
866 5 12 54
3779 5 12 5
1225 5 12 36
3538 5 13 6
1201 5 14 54
228 5 14 27
2051 5 14 19
2270 5 14 69
992 5 14 6
324 5 14 44
2575 5 14 74
3792 5 14 90
3576 5 15 4
3724 5 15 31
803 5 15 44
2576 5 15 89
1722 5 15 19
1238 5 15 69
2263 5 15 74
2041 5 16 53
1135 5 16 89
2021 5 16 74
985 5 16 19
3004 5 16 4
1918 5 16 31
3344 5 16 44
12 5 16 69
3561 5 17 89
4060 5 17 44
2548 5 17 4
2011 5 17 74
4022 5 17 68
1300 5 17 31
3513 5 18 61
1630 5 18 89
3351 5 18 44
3280 5 18 4
1245 5 18 20
775 5 18 68
2093 5 19 44
3459 5 19 89
205 5 19 20
2533 5 19 4
3013 5 19 61
683 5 19 68
1378 6 1 43
2067 6 1 25
690 6 1 33
635 6 1 15
3197 6 1 57
3201 6 1 66
824 6 1 80
921 6 2 43
655 6 2 79
1755 6 2 89
298 6 2 33
2849 6 2 66
282 6 2 22
3585 6 2 8
591 6 2 15
1729 6 2 57
126 6 3 15
251 6 3 33
1217 6 3 57
3558 6 3 66
3841 6 3 79
2320 6 3 8
271 6 3 22
564 6 3 43
752 6 3 73
3765 6 4 57
3546 6 4 15
2800 6 4 7
3957 6 4 46
105 6 4 73
177 6 4 22
2355 6 4 33
2732 6 4 79
1458 6 5 33
2038 6 5 7
3049 6 5 46
106 6 5 22
464 6 5 57
987 6 5 73
2901 6 5 90
2495 6 6 73
257 6 6 22
315 6 6 57
2990 6 6 46
336 6 6 7
1610 6 7 22
253 6 7 57
285 6 7 6
2394 6 9 42
3909 6 10 75
2841 6 10 42
2709 6 11 42
1759 6 12 42
2588 6 13 7
2226 6 14 46
1210 6 14 87
868 6 14 31
2545 6 14 7
3749 6 14 20
2147 6 14 54
2633 6 14 73
1392 6 14 65
747 6 14 38
3921 6 15 5
3788 6 15 54
943 6 15 82
371 6 15 87
3303 6 15 15
2105 6 15 73
444 6 15 31
1231 6 15 46
3285 6 15 20
2891 6 15 38
3956 6 16 30
2501 6 16 38
924 6 16 82
3706 6 16 69
203 6 16 46
3884 6 16 5
2075 6 16 73
3543 6 16 87
2258 6 16 20
3120 6 16 54
1131 6 17 86
4028 6 17 69
1799 6 17 20
3502 6 17 30
2349 6 17 38
677 6 17 54
138 6 17 82
2941 6 17 5
3843 6 17 45
901 6 18 82
1844 6 18 69
485 6 18 54
3710 6 18 4
2645 6 18 45
111 6 18 38
158 6 18 30
1240 6 18 20
2740 6 19 30
2250 6 19 45
540 6 19 82
1531 6 19 4
1707 6 19 69
3077 7 0 22
1181 7 1 25
2615 7 1 73
2594 7 1 60
1861 7 1 47
2984 7 1 7
2612 7 2 73
3213 7 2 42
2309 7 2 8
857 7 2 25
1752 7 2 60
2874 7 2 46
2452 7 2 55
2066 7 3 73
599 7 3 25
1980 7 3 43
3996 7 3 7
1436 7 3 60
3937 7 3 19
3798 7 3 54
3853 7 4 42
1682 7 4 7
4055 7 4 90
2696 7 4 19
2992 7 4 71
3846 7 4 60
583 7 4 25
3628 7 4 54
1405 7 4 35
1877 7 5 71
1333 7 5 90
3495 7 5 42
1567 7 5 7
2331 7 5 18
2275 7 5 54
2114 7 5 34
3696 7 5 60
979 7 5 25
334 7 6 25
3976 7 6 6
1787 7 6 71
3992 7 6 54
906 7 6 41
1932 7 6 18
2571 7 6 46
66 7 6 90
3314 7 6 33
179 7 7 54
1207 7 7 6
2277 7 7 25
2160 7 7 41
4030 7 7 90
1151 7 9 76
2371 7 9 5
3386 7 9 24
313 7 9 41
2913 7 10 5
2121 7 10 35
1673 7 10 59
2357 7 10 75
2026 7 11 30
3371 7 11 5
3162 7 11 74
2493 7 11 17
2559 7 11 59
1492 7 12 44
294 7 12 59
1551 7 12 75
3886 7 12 4
164 7 12 32
1994 7 13 28
529 7 13 4
725 7 13 74
2951 7 13 90
2462 7 13 63
112 7 13 35
2857 7 14 45
151 7 14 74
2866 7 14 5
1779 7 14 63
1807 7 14 28
2291 7 14 90
874 7 14 35
173 7 14 18
3874 7 15 63
2276 7 15 5
2483 7 15 27
2617 7 15 90
2863 7 15 17
2539 7 15 34
3462 7 15 44
1824 7 16 17
384 7 16 90
1506 7 16 5
1313 7 16 27
3415 7 16 63
944 7 16 34
2933 7 16 44
1560 7 16 57
419 7 17 63
1538 7 17 17
3830 7 17 34
3938 7 17 82
2451 7 17 4
1570 7 17 26
1475 7 17 57
670 7 18 26
3512 7 18 30
1889 7 18 63
777 7 18 17
1214 7 18 57
1474 7 18 4
865 7 19 4
1075 7 19 26
2490 7 19 57
4067 8 0 17
2717 8 0 29
2065 8 0 59
3761 8 0 89
2399 8 0 37
3274 8 0 73
2018 8 1 22
642 8 1 35
716 8 1 48
2752 8 1 12
3406 8 1 72
1226 8 1 57
981 8 1 81
582 8 2 22
52 8 2 48
1209 8 2 57
2405 8 2 72
1228 8 2 81
3896 8 2 7
2155 8 2 12
863 8 3 60
2793 8 3 35
331 8 3 87
1320 8 3 22
3857 8 3 72
3876 8 3 79
3282 8 3 7
1062 8 3 41
948 8 4 22
856 8 4 7
340 8 4 35
3988 8 4 72
3828 8 4 87
795 8 5 41
2894 8 5 88
2138 8 5 6
820 8 5 60
3212 8 5 67
1416 8 5 72
2025 8 5 22
2861 8 6 6
855 8 6 88
1141 8 6 33
1816 8 6 67
2720 8 6 60
2673 8 7 87
3978 8 7 5
1098 8 7 60
1111 8 7 25
1642 8 9 21
4039 8 9 59
1633 8 9 5
1335 8 9 68
3392 8 9 49
342 8 10 57
1223 8 10 5
2434 8 10 28
774 8 10 49
2466 8 10 72
1208 8 11 72
3869 8 11 49
2670 8 11 85
3137 8 11 4
1966 8 11 29
1613 8 12 4
339 8 12 72
2465 8 12 85
1530 8 12 28
460 8 12 49
4051 8 13 37
21 8 13 20
50 8 13 64
486 8 13 28
1963 8 13 85
2852 8 13 15
2182 8 13 7
2970 8 13 49
1623 8 13 55
2245 8 13 73
1976 8 14 74
3536 8 14 20
3627 8 14 49
3573 8 14 36
3656 8 14 5
2479 8 14 15
1274 8 14 85
3981 8 14 64
3505 8 15 36
3597 8 15 64
1291 8 15 73
2954 8 15 5
2953 8 15 43
955 8 15 85
3756 8 15 15
2423 8 15 49
2118 8 16 5
3751 8 16 15
3182 8 16 64
344 8 16 49
1095 8 16 73
3121 8 16 36
1637 8 16 43
1021 8 16 84
1487 8 17 84
1234 8 17 43
3390 8 17 72
2426 8 17 36
2947 8 17 15
1310 8 17 64
1033 8 17 5
3615 8 18 36
440 8 18 15
2139 8 18 72
469 8 18 84
1041 8 18 64
912 8 18 4
504 8 19 4
3290 8 19 15
2623 8 19 64
1648 8 19 84
2621 9 0 8
448 9 0 89
4069 9 0 44
3255 9 0 17
2889 9 0 59
2568 9 0 28
2383 9 0 37
4001 9 0 70
218 9 1 55
3007 9 1 88
356 9 1 37
1404 9 1 9
2469 9 1 28
2152 9 1 59
3157 9 1 17
3161 9 1 67
1442 9 2 28
1624 9 2 17
1116 9 2 80
483 9 2 36
2872 9 2 54
1093 9 2 9
3000 9 2 88
1452 9 2 59
2799 9 3 54
272 9 3 59
2535 9 3 79
2092 9 3 88
2555 9 3 16
3076 9 3 9
368 9 3 36
917 9 3 28
88 9 4 35
728 9 4 54
3046 9 4 66
3025 9 4 78
3936 9 4 28
3438 9 4 88
139 9 4 8
2013 9 4 16
1094 9 5 16
3722 9 5 28
1319 9 5 78
3158 9 5 54
1006 9 5 6
3050 9 5 88
43 9 5 41
1987 9 5 67
3515 9 6 78
3915 9 6 5
2204 9 6 54
2567 9 6 48
1693 9 6 28
3399 9 6 87
1046 9 7 48
2726 9 7 25
687 9 7 5
611 9 7 78
2742 9 8 40
2541 9 9 40
1029 9 10 40
970 9 11 40
829 9 12 40
3684 9 12 82
1992 9 14 40
28 9 14 61
3488 9 14 82
715 9 14 6
1379 9 14 70
3626 9 14 54
1786 9 14 31
1002 9 14 90
720 9 14 16
1859 9 15 54
134 9 15 90
468 9 15 31
259 9 15 81
2492 9 15 69
238 9 15 6
36 9 15 16
561 9 15 40
103 9 15 61
2626 9 16 61
2655 9 16 81
170 9 16 31
96 9 16 40
1456 9 16 54
161 9 16 86
1363 9 16 25
3939 9 16 5
418 9 16 16
2132 9 17 54
3491 9 17 81
3484 9 17 4
3855 9 17 39
3831 9 17 25
270 9 17 16
2440 9 18 16
3111 9 18 39
305 9 18 81
1147 9 18 54
2496 9 18 4
1651 9 19 4
2844 9 19 39
925 9 19 54
2058 9 19 81
1596 10 0 1
2498 10 0 72
2749 10 0 56
446 10 1 17
625 10 1 63
2248 10 1 40
2438 10 1 76
1188 10 1 56
60 10 1 1
1194 10 1 72
1198 10 2 56
345 10 2 43
1183 10 2 63
1990 10 2 1
807 10 2 80
455 10 2 40
2721 10 2 72
195 10 2 18
2112 10 3 86
602 10 3 13
2956 10 3 1
518 10 3 40
2722 10 3 18
1248 10 3 71
2253 10 3 63
1948 10 3 43
2134 10 3 56
952 10 3 80
1626 10 4 71
2605 10 4 1
986 10 4 32
2608 10 4 43
1632 10 4 56
2428 10 4 58
3486 10 4 63
3589 10 4 9
2269 10 4 80
474 10 4 86
3783 10 4 92
1579 10 5 51
746 10 5 1
4027 10 5 63
2859 10 5 71
1196 10 5 86
1051 10 5 92
190 10 5 58
3596 10 5 98
830 10 5 43
34 10 5 26
2613 10 5 80
929 10 6 43
1714 10 6 66
3774 10 6 74
3904 10 6 80
2091 10 6 51
1741 10 6 86
3900 10 6 26
2641 10 6 92
1447 10 6 58
1508 10 6 63
1793 10 6 1
3223 10 6 71
1256 10 7 77
2398 10 7 86
146 10 7 62
3651 10 7 66
1462 10 7 28
743 10 7 72
3930 10 7 51
1985 10 7 43
814 10 7 95
737 10 7 59
202 10 7 80
2962 10 7 92
3338 10 7 1
3202 10 8 1
32 10 8 28
1168 10 8 59
1323 10 8 52
300 10 8 80
3240 10 8 86
3091 10 8 92
1123 10 8 72
1598 10 8 12
2354 10 8 43
1747 10 8 95
689 10 8 34
1418 10 9 77
3734 10 9 43
1782 10 9 12
1439 10 9 52
1895 10 9 30
1953 10 9 72
2167 10 9 87
3786 10 9 1
2422 10 9 28
2111 10 9 59
1977 10 10 12
1823 10 10 53
2943 10 10 72
1255 10 10 2
3383 10 10 59
2141 10 10 77
629 10 10 44
306 10 10 30
2923 10 10 87
1521 10 11 30
1476 10 11 64
701 10 11 16
523 10 11 88
1104 10 11 59
2704 10 11 44
3862 10 11 72
3009 10 11 77
129 10 11 1
784 10 12 79
3451 10 12 44
3829 10 12 2
1199 10 12 72
2299 10 12 64
2045 10 12 30
1206 10 12 88
2001 10 12 59
1739 10 12 16
3401 10 14 87
2077 10 14 27
3703 10 14 4
1115 10 14 17
1695 10 14 35
2210 10 14 64
772 10 15 6
2593 10 15 28
62 10 15 69
3373 10 15 59
2333 10 15 46
278 10 15 38
1445 10 15 14
2875 10 15 33
2187 10 15 73
2810 10 15 49
2510 10 15 87
1748 10 16 28
1837 10 16 73
3523 10 16 38
896 10 16 33
1680 10 16 4
576 10 16 68
567 10 16 87
411 10 16 14
223 10 16 49
2433 10 16 59
1563 10 16 83
1860 10 17 83
2130 10 17 38
1934 10 17 87
2792 10 17 4
27 10 17 68
851 10 17 73
44 10 17 33
3620 10 17 54
1149 10 17 28
3302 10 17 23
3559 10 17 49
783 10 18 49
2924 10 18 33
1698 10 18 54
1318 10 18 83
1325 10 18 23
192 10 18 28
396 10 18 68
1806 10 18 4
3579 10 19 49
3322 10 19 68
453 10 19 3
734 10 19 28
189 10 19 23
402 11 0 47
828 11 0 1
1407 11 0 8
1685 11 0 71
1938 11 1 17
3411 11 1 88
2773 11 1 1
552 11 1 76
2023 11 1 21
1501 11 1 47
438 11 1 8
2658 11 1 71
3299 11 2 13
2271 11 2 72
1427 11 2 90
3294 11 2 25
1038 11 2 76
1441 11 2 1
299 11 2 37
1858 11 2 21
3757 11 2 47
424 11 3 32
2481 11 3 73
3718 11 3 92
1020 11 3 76
1775 11 3 47
3640 11 3 13
2099 11 3 1
2084 11 3 22
1529 11 3 25
475 11 3 9
490 11 3 37
1916 11 3 55
3680 11 4 9
1018 11 4 2
442 11 4 51
1176 11 4 55
3528 11 4 73
3186 11 4 13
3633 11 4 25
740 11 4 37
1621 11 4 47
2851 11 4 32
3418 11 4 76
2811 11 4 98
2190 11 5 47
2597 11 5 51
1330 11 5 88
2117 11 5 37
3902 11 5 55
3270 11 5 2
553 11 5 76
959 11 5 9
160 11 5 26
1517 11 5 32
2359 11 6 33
70 11 6 47
1512 11 6 63
2153 11 6 37
3180 11 6 55
2206 11 6 88
2477 11 6 3
2551 11 6 76
938 11 6 26
1750 11 6 52
427 11 7 47
2574 11 7 76
3837 11 7 37
163 11 7 55
3598 11 7 88
3222 11 7 33
2028 11 7 66
2142 11 7 63
3740 11 7 26
650 11 7 3
909 11 8 80
3785 11 8 88
3238 11 8 47
37 11 8 63
2458 11 8 76
3105 11 8 42
755 11 8 37
560 11 8 55
768 11 8 4
3866 11 8 26
2806 11 9 91
674 11 9 63
2743 11 9 76
2845 11 9 4
1406 11 9 27
255 11 9 47
352 11 9 9
1822 11 9 55
623 11 9 38
1640 11 9 80
607 11 9 88
210 11 10 4
3038 11 10 27
1052 11 10 48
3159 11 10 91
2234 11 10 38
2648 11 10 80
2677 11 10 55
1347 11 10 66
2944 11 10 63
3717 11 10 88
2325 11 11 48
3264 11 11 28
2820 11 11 80
2928 11 11 88
3318 11 11 55
481 11 11 4
450 11 11 63
799 11 11 39
209 11 11 67
3806 11 12 88
3031 11 12 44
3118 11 12 64
1100 11 12 67
2256 11 12 80
759 11 12 4
1071 11 13 82
2877 11 13 22
1069 11 14 82
1839 11 14 22
1971 11 16 82
939 11 16 22
370 11 16 64
1197 11 16 12
1870 11 16 45
3252 11 16 89
2729 11 16 30
3350 11 16 75
281 11 16 57
2716 11 17 30
1003 11 17 45
2287 11 17 57
1711 11 17 75
2695 11 17 8
216 11 17 12
175 11 17 22
2686 11 17 82
503 11 18 8
1044 11 18 22
573 11 18 28
1699 11 18 75
3195 11 18 4
341 11 18 54
2103 11 18 45
2449 11 19 22
2424 11 19 45
2762 11 19 3
2467 11 19 68
296 12 0 88
3767 12 0 1
309 12 0 14
2205 12 0 40
665 12 1 8
2957 12 1 88
1842 12 1 43
1267 12 1 90
3461 12 1 1
1720 12 1 14
74 12 1 70
1297 12 2 24
2725 12 2 43
1749 12 2 84
1250 12 2 14
1371 12 2 2
757 12 2 8
435 12 2 93
3511 12 2 90
1221 12 3 8
1065 12 3 43
903 12 3 98
1572 12 3 85
3138 12 3 2
1467 12 3 70
343 12 3 93
1788 12 3 14
2260 12 3 24
1728 12 3 58
3458 12 4 14
3712 12 4 2
1424 12 4 8
1820 12 4 43
711 12 4 93
3410 12 4 58
3507 12 4 24
3407 12 4 70
2494 12 5 43
1292 12 5 26
312 12 5 14
2828 12 5 8
496 12 5 3
524 12 5 58
1984 12 5 80
3143 12 5 66
91 12 5 70
619 12 5 93
3464 12 6 8
988 12 6 3
3206 12 6 66
3742 12 6 80
1745 12 6 85
3702 12 6 26
2550 12 6 43
1171 12 6 93
2489 12 6 70
1879 12 6 58
1950 12 7 67
2129 12 7 3
1914 12 7 13
410 12 7 8
1390 12 7 70
3882 12 7 58
1878 12 7 75
1843 12 7 86
3095 12 7 93
2318 12 8 70
3164 12 8 86
2537 12 8 75
1514 12 8 58
121 12 8 64
2259 12 8 8
3525 12 8 93
4052 12 8 3
2952 12 8 13
2173 12 8 67
1058 12 9 86
2650 12 9 8
1869 12 9 79
1724 12 9 58
606 12 9 4
509 12 9 93
2212 12 9 70
2455 12 9 13
2520 12 9 30
2786 12 10 79
2979 12 10 8
2837 12 10 13
2285 12 10 30
1136 12 10 4
815 12 10 93
3332 12 10 58
2578 12 10 42
1805 12 10 86
3171 12 10 70
972 12 11 47
2651 12 11 30
510 12 11 67
2674 12 11 93
733 12 11 7
2639 12 11 59
3242 12 11 42
516 12 11 87
1808 12 11 34
1178 12 11 4
1493 12 12 67
3577 12 12 4
2053 12 13 79
2643 12 16 72
1067 12 16 18
697 12 16 27
2128 12 16 4
2071 12 16 49
3549 12 16 40
2649 12 16 66
3187 12 16 11
1615 12 16 89
1715 12 17 49
2634 12 17 66
3901 12 17 27
3269 12 17 88
237 12 17 18
3261 12 17 4
3135 12 17 40
1868 12 17 61
193 12 17 72
2994 12 18 3
539 12 18 40
89 12 18 61
1488 12 18 49
227 12 18 18
2739 12 18 27
1841 12 18 88
2995 12 18 66
3808 12 19 40
1380 12 19 3
3998 12 19 88
2429 12 19 61
248 12 19 27
766 13 0 40
1663 13 0 1
1495 13 0 25
2125 13 0 55
461 13 0 85
1187 13 1 32
1757 13 1 1
415 13 1 25
1726 13 1 70
3068 13 1 92
1270 13 1 85
2699 13 1 11
1305 13 1 55
780 13 2 76
2614 13 2 85
144 13 2 11
4011 13 2 97
2733 13 2 1
2946 13 2 25
1515 13 2 92
714 13 2 17
1941 13 2 50
1463 13 2 70
2769 13 2 55
581 13 3 11
2096 13 3 76
3247 13 3 55
3986 13 3 85
3671 13 3 92
1906 13 3 94
3358 13 3 97
2635 13 3 2
2824 13 3 50
1956 13 3 35
2098 13 3 17
877 13 3 25
1790 13 3 70
2705 13 4 35
1016 13 4 55
1600 13 4 12
1958 13 4 50
1533 13 4 25
2557 13 4 76
2884 13 4 17
2661 13 4 85
2882 13 4 1
3300 13 5 35
3600 13 5 55
3537 13 5 24
3126 13 5 51
1913 13 5 17
1736 13 5 12
3072 13 5 1
2692 13 5 76
2503 13 5 94
2062 13 6 25
3336 13 6 43
922 13 6 35
3689 13 6 1
1309 13 6 76
3122 13 6 80
3744 13 6 62
361 13 6 55
2116 13 6 12
445 13 7 30
1099 13 7 1
432 13 7 24
2284 13 7 35
2019 13 7 75
1105 13 8 80
98 13 8 15
1743 13 8 90
633 13 8 1
154 13 8 62
2459 13 8 55
143 13 9 23
265 13 9 1
307 13 9 35
801 13 9 55
2791 13 9 89
3636 13 10 2
208 13 10 28
4044 13 10 70
40 13 10 15
3641 13 10 55
1477 13 10 62
2002 13 10 83
2558 13 11 55
2971 13 11 79
1802 13 11 2
2909 13 11 17
1547 13 11 34
782 13 12 2
3001 13 12 34
837 13 12 23
372 13 12 85
2573 13 12 80
3086 13 13 19
169 13 13 86
2194 13 13 2
118 13 13 50
31 13 16 75
1119 13 16 63
1355 13 16 36
1224 13 16 44
933 13 16 81
1854 13 16 87
2388 13 16 4
3174 13 16 41
3782 13 16 16
1988 13 16 22
303 13 17 36
3130 13 17 16
886 13 17 87
212 13 17 63
2020 13 17 75
675 13 17 4
2382 13 17 41
1513 13 17 22
787 13 18 36
2261 13 18 16
2042 13 18 3
176 13 18 86
1509 13 18 63
1048 13 19 86
1631 13 19 3
131 13 19 36
3147 14 0 1
862 14 0 68
3913 14 0 40
3859 14 0 86
3764 14 0 18
2566 14 0 13
2542 14 1 9
207 14 1 18
3052 14 1 24
3984 14 1 68
421 14 1 86
2897 14 1 1
648 14 1 94
3217 14 1 14
1383 14 1 40
1182 14 1 32
1132 14 1 58
3609 14 2 14
517 14 2 18
551 14 2 9
409 14 2 68
1694 14 2 29
73 14 2 35
1903 14 2 40
1965 14 2 24
2516 14 2 2
2229 14 2 94
3039 14 2 58
627 14 2 86
2532 14 2 99
2758 14 2 32
651 14 2 74
4029 14 3 24
3566 14 3 2
3982 14 3 35
3555 14 3 58
3924 14 3 94
1279 14 3 86
3801 14 3 29
224 14 3 78
584 14 3 33
263 14 3 74
3103 14 3 18
2855 14 3 15
562 14 3 40
1191 14 3 48
691 14 3 68
3554 14 4 15
3434 14 4 58
443 14 4 4
1897 14 4 48
710 14 4 61
1124 14 4 78
2237 14 4 86
956 14 4 68
398 14 4 94
3211 14 4 18
3509 14 4 33
2386 14 4 74
2069 14 4 40
1008 14 5 45
478 14 5 4
2016 14 5 68
3066 14 5 74
1336 14 5 61
869 14 5 94
3447 14 5 86
1665 14 5 33
4047 14 5 78
3444 14 5 40
3397 14 5 18
2807 14 5 48
3649 14 6 65
849 14 8 50
290 14 9 54
1410 14 9 50
1892 14 10 54
262 14 16 58
2339 14 16 5
3548 14 16 51
1817 14 16 14
3850 14 16 23
241 14 16 80
1367 14 16 87
1239 14 16 27
822 14 16 65
240 14 17 14
3326 14 17 3
54 14 17 80
3534 14 17 51
2599 14 17 58
3132 14 17 23
726 14 18 23
3289 14 18 13
2367 14 18 19
1085 14 18 86
373 14 18 58
484 14 18 3
2770 14 18 51
3993 14 19 2
1142 14 19 19
2584 14 19 51
284 14 19 86
512 15 0 1
748 15 0 81
3259 15 0 21
1871 15 0 4
2744 15 0 63
3784 15 1 21
1831 15 1 37
101 15 1 10
2611 15 1 43
3473 15 1 25
887 15 1 81
3089 15 1 89
4071 15 1 63
1656 15 1 4
916 15 2 43
3189 15 2 25
275 15 2 95
407 15 2 38
3081 15 2 81
314 15 2 89
543 15 2 69
1349 15 2 10
821 15 2 32
2453 15 2 58
3194 15 2 4
3685 15 2 63
1886 15 3 69
935 15 3 21
4013 15 3 86
907 15 3 95
858 15 3 64
2303 15 3 29
639 15 3 81
3666 15 3 48
1202 15 3 43
322 15 3 4
1804 15 3 10
382 15 3 89
274 15 3 38
392 15 4 21
3149 15 4 51
3220 15 4 38
2809 15 4 28
114 15 4 81
2402 15 4 64
2505 15 4 89
1459 15 4 4
3669 15 4 43
1614 15 4 96
1152 15 4 13
357 15 5 21
3679 15 5 39
3148 15 5 64
3026 15 5 1
3659 15 5 81
2009 15 5 27
3325 15 5 89
2330 15 5 44
1469 15 5 12
4026 15 5 51
423 15 6 30
2216 15 6 65
292 15 6 81
2170 15 7 51
1166 15 7 22
3644 15 7 1
3526 15 7 91
451 15 8 2
3642 15 8 37
1040 15 8 83
1414 15 8 56
1148 15 9 44
186 15 9 37
1602 15 9 73
476 15 9 2
1428 15 9 56
2521 15 10 2
3199 15 10 44
900 15 10 22
2106 15 10 73
2193 15 10 56
3686 15 10 17
578 15 11 56
990 15 11 61
3945 15 11 44
8 15 11 83
661 15 11 19
130 15 11 2
2955 15 12 88
425 15 12 3
4005 15 12 37
386 15 12 22
2719 15 12 51
973 15 13 18
6 15 13 3
1460 15 13 35
2814 15 13 58
2869 15 13 86
1295 15 16 19
1145 15 16 35
847 15 16 61
967 15 16 64
3607 15 16 28
2497 15 16 74
2294 15 16 12
2039 15 16 41
3016 15 16 4
3011 15 16 86
1334 15 17 13
211 15 17 4
4033 15 17 61
3673 15 17 35
3810 15 17 21
1896 15 17 74
1375 15 17 86
3190 15 17 28
558 15 18 3
128 15 18 35
3348 15 18 61
3032 15 18 85
1114 15 18 74
2228 15 18 12
1763 15 18 21
2835 15 19 61
736 15 19 21
2938 15 19 74
3942 15 19 2
3203 16 0 17
38 16 0 55
2375 16 0 1
566 16 0 77
3872 16 1 37
1542 16 1 77
2907 16 1 17
2982 16 1 1
1481 16 1 81
923 16 1 8
349 16 1 55
2199 16 1 21
2765 16 2 25
568 16 2 17
1084 16 2 91
884 16 2 2
1001 16 2 8
996 16 2 40
3802 16 2 55
1973 16 2 77
1108 16 3 69
945 16 3 40
2847 16 3 38
1173 16 3 8
113 16 3 55
3224 16 3 81
2906 16 3 91
1761 16 3 95
3442 16 3 44
1995 16 3 25
2316 16 3 2
1573 16 3 77
680 16 3 17
3631 16 4 69
2151 16 4 8
771 16 4 17
3372 16 4 77
662 16 4 84
3759 16 4 2
3216 16 4 40
519 16 4 91
1723 16 4 35
178 16 4 25
802 16 4 55
3612 16 4 58
3575 16 4 44
246 16 5 3
3426 16 5 77
3667 16 5 64
2437 16 5 17
3476 16 5 51
1276 16 5 58
1911 16 5 36
965 16 5 84
3646 16 5 8
2427 16 5 41
3906 16 5 69
2569 16 5 55
1278 16 5 25
311 16 5 44
2552 16 5 91
56 16 6 30
879 16 6 65
2801 16 6 50
1079 16 6 79
482 16 6 58
702 16 7 81
1389 16 7 1
1576 16 7 51
132 16 7 16
1339 16 7 29
184 16 8 22
3002 16 8 2
449 16 8 81
1007 16 8 87
2627 16 8 11
2278 16 8 29
2393 16 8 51
41 16 8 68
883 16 8 16
1050 16 9 16
1057 16 9 22
119 16 9 12
3389 16 9 2
256 16 9 35
1676 16 9 81
1097 16 9 68
2249 16 9 29
2444 16 9 87
3166 16 9 51
1876 16 10 16
1891 16 10 3
93 16 10 51
859 16 10 30
1917 16 10 22
1121 16 10 12
2463 16 10 62
1821 16 10 68
76 16 10 91
2797 16 10 35
647 16 10 82
596 16 10 87
1025 16 11 23
3518 16 11 68
2102 16 11 35
2760 16 11 12
2060 16 11 3
2400 16 11 16
1426 16 11 30
2731 16 11 42
1638 16 11 62
1435 16 11 82
1657 16 11 51
1022 16 11 92
2888 16 12 16
693 16 12 87
3168 16 12 3
135 16 12 62
3225 16 12 30
2384 16 12 45
3047 16 12 42
58 16 12 72
2609 16 12 23
2619 16 12 82
1012 16 12 36
1888 16 12 51
2057 16 12 68
2035 16 12 92
1425 16 13 36
1269 16 13 54
3021 16 13 62
3042 16 13 16
1287 16 13 31
969 16 13 72
2063 16 13 6
3204 16 13 82
1326 16 13 93
3127 16 13 23
1580 16 13 45
11 16 14 17
1936 16 14 36
1691 16 14 72
172 16 14 31
3814 16 14 93
2101 16 14 45
3881 16 14 23
2312 16 14 6
3400 16 14 62
3480 16 14 82
3379 16 14 54
3813 16 15 73
3952 16 16 71
3885 16 16 33
3606 16 16 19
3474 16 16 93
2529 16 16 4
4072 16 16 57
4058 16 16 24
3003 16 17 24
2293 16 17 12
3403 16 17 71
3030 16 17 57
3281 16 17 93
2595 16 17 3
1423 16 17 19
242 16 18 19
2522 16 18 2
33 16 18 24
590 16 18 71
3394 16 18 57
2265 16 18 85
2561 16 19 74
1253 16 19 2
1054 16 19 21
2233 16 19 57
671 17 0 1
1162 17 0 47
2908 17 0 10
2925 17 0 69
2376 17 1 1
1942 17 1 10
3903 17 1 47
107 17 1 69
79 17 1 63
1629 17 1 77
2606 17 1 13
3024 17 2 11
2803 17 2 63
2628 17 2 1
1601 17 2 69
3578 17 2 17
631 17 2 13
1103 17 2 84
1419 17 2 43
2050 17 3 55
2332 17 3 84
902 17 3 43
3683 17 3 63
1584 17 3 2
150 17 3 92
2296 17 3 37
532 17 3 13
3875 17 3 25
2198 17 3 69
3020 17 4 84
773 17 4 43
215 17 4 89
95 17 4 63
1664 17 4 13
1847 17 4 38
1516 17 4 92
3968 17 4 24
2003 17 4 2
758 17 4 48
2401 17 4 95
1473 17 5 74
838 17 5 28
2436 17 5 38
2200 17 5 43
1969 17 5 51
14 17 5 48
1042 17 5 63
2286 17 5 89
2478 17 5 95
997 17 5 24
2669 17 5 2
2307 17 5 92
1907 17 5 13
3877 17 6 51
3388 17 6 89
3057 17 6 55
3346 17 6 34
615 17 6 29
1282 17 6 64
3542 17 6 78
3947 17 7 1
2341 17 7 39
731 17 7 24
4025 17 7 84
4004 17 8 84
2460 17 8 62
2767 17 8 1
1552 17 8 24
1975 17 8 90
1408 17 8 16
1155 17 8 39
962 17 9 68
1852 17 9 85
289 17 9 90
1660 17 9 47
2189 17 9 62
3562 17 9 2
971 17 9 24
598 17 10 90
2113 17 10 2
672 17 10 47
152 17 10 20
1840 17 10 67
1186 17 10 24
18 17 11 14
1945 17 11 47
3080 17 11 67
2895 17 11 2
1696 17 11 20
3109 17 11 24
3323 17 11 90
204 17 12 47
554 17 12 53
1068 17 12 33
1809 17 12 90
2817 17 12 20
2078 17 12 14
379 17 12 24
1893 17 12 3
1043 17 13 15
1284 17 13 47
897 17 13 90
644 17 13 24
1773 17 13 33
3382 17 13 3
1770 17 13 53
3146 17 13 94
3665 17 13 20
3053 17 14 24
1454 17 14 47
1399 17 14 15
81 17 14 89
488 17 14 53
2181 17 14 63
3443 17 14 3
2940 17 14 33
3821 17 14 94
3634 17 15 73
1646 17 15 31
3244 17 15 6
732 17 16 51
3660 17 16 67
1080 17 16 21
1524 17 16 41
1109 17 16 61
2862 17 16 3
80 17 16 35
1360 17 16 82
899 17 16 28
1534 17 16 89
2781 17 16 45
2900 17 16 12
2839 17 17 93
3092 17 17 45
1527 17 17 21
2776 17 17 51
2922 17 17 35
3475 17 17 67
864 17 17 89
1184 17 17 82
2642 17 17 3
778 17 18 51
1220 17 18 21
3470 17 18 89
2122 17 18 2
287 17 18 45
1125 17 18 82
544 17 18 35
3421 17 18 67
2168 17 19 2
2939 17 19 82
3391 17 19 35
124 17 19 51
2903 18 0 40
1605 18 0 63
2981 18 0 1
3588 18 1 47
791 18 1 40
1172 18 1 63
790 18 1 70
3800 18 1 6
1705 18 1 1
437 18 2 1
157 18 2 70
4046 18 2 40
3356 18 2 77
229 18 2 47
1340 18 2 6
2665 18 2 4
1710 18 2 13
976 18 3 41
616 18 3 18
3329 18 3 77
1036 18 3 6
3367 18 3 47
1374 18 3 70
2565 18 3 84
233 18 4 92
1153 18 4 47
1393 18 4 71
83 18 4 77
3345 18 4 41
875 18 4 55
82 18 4 18
3027 18 4 6
2654 18 4 24
1060 18 5 47
2660 18 5 55
712 18 5 71
67 18 5 6
1998 18 5 20
1134 18 5 77
2879 18 5 96
1259 18 5 74
1218 18 5 42
1289 18 5 50
1039 18 6 71
3324 18 6 92
1611 18 6 55
3879 18 6 29
506 18 6 64
2543 18 6 78
390 18 6 27
2787 18 6 50
1337 18 6 96
1031 18 6 44
1912 18 6 87
2373 18 7 1
417 18 7 44
592 18 7 71
2022 18 7 29
85 18 8 29
147 18 8 39
545 18 8 44
337 18 8 48
3522 18 8 78
168 18 8 1
812 18 8 15
196 18 8 71
1555 18 9 29
293 18 9 48
1851 18 9 39
1574 18 9 15
2531 18 9 44
3892 18 9 90
92 18 9 62
930 18 9 78
3888 18 9 71
2149 18 9 2
2757 18 10 2
2364 18 10 15
3436 18 10 82
3258 18 10 29
571 18 10 44
308 18 10 78
941 18 10 62
3155 18 10 39
104 18 10 72
2007 18 11 29
125 18 11 52
3941 18 11 44
2238 18 11 33
2408 18 11 82
2514 18 11 15
1794 18 11 78
2881 18 11 10
1697 18 11 62
612 18 11 72
3550 18 11 2
1525 18 11 39
1273 18 12 34
3283 18 12 39
102 18 12 45
536 18 12 82
2418 18 12 29
1765 18 12 91
15 18 12 3
477 18 12 15
3481 18 12 22
222 18 12 52
2441 18 12 62
2755 18 12 78
983 18 12 11
3907 18 12 72
1144 18 13 15
1073 18 13 27
3807 18 13 82
1163 18 13 45
3630 18 13 49
266 18 13 22
3584 18 13 39
1795 18 13 52
1212 18 13 91
1537 18 13 34
686 18 13 3
3750 18 13 30
3257 18 13 62
1647 18 13 73
1899 18 14 34
2632 18 14 73
3719 18 14 92
845 18 14 31
2362 18 14 82
1700 18 14 6
1725 18 14 62
500 18 14 49
1272 18 14 45
245 18 14 12
1377 18 15 31
3510 18 15 73
934 18 15 6
3178 18 16 63
546 18 16 27
430 18 16 57
669 18 16 91
3333 18 16 3
2224 18 16 79
2081 18 16 68
1312 18 16 18
3739 18 16 94
572 18 16 22
749 18 16 42
1059 18 17 57
634 18 17 18
3117 18 17 3
3471 18 17 68
2547 18 17 52
1882 18 17 42
531 18 17 91
3966 18 17 22
1777 18 18 68
1540 18 18 91
2255 18 18 2
3233 18 18 22
1776 18 18 42
1056 18 18 17
1440 18 18 52
3221 18 19 2
2346 18 19 68
1669 18 19 22
1358 18 19 52
1645 19 0 5
1365 19 0 1
1478 19 0 37
3469 19 1 10
2772 19 1 1
1061 19 1 37
2409 19 1 63
4003 19 1 68
940 19 1 5
3404 19 2 17
2689 19 2 37
2865 19 2 63
3273 19 2 8
2774 19 2 2
1175 19 2 10
1037 19 2 68
1298 19 2 5
3499 19 2 75
3815 19 3 8
3198 19 3 63
399 19 3 75
3315 19 3 37
3045 19 3 14
185 19 3 17
2513 19 3 68
1797 19 3 5
809 19 3 78
1415 19 3 21
2899 19 3 2
2344 19 3 10
1446 19 4 43
2109 19 4 1
1661 19 4 18
3516 19 4 14
2365 19 4 69
55 19 4 78
779 19 4 75
3287 19 4 25
2679 19 4 10
1017 19 4 21
767 19 4 37
2927 19 4 84
3699 19 5 37
1235 19 5 2
2975 19 5 55
1670 19 5 78
2120 19 5 43
1088 19 5 11
3237 19 5 25
1883 19 5 29
2848 19 5 69
232 19 5 22
1364 19 5 75
3209 19 5 84
280 19 5 92
1778 19 6 78
2464 19 6 75
239 19 6 37
1249 19 6 2
1341 19 6 50
3097 19 6 92
1308 19 6 43
2991 19 6 69
1900 19 6 29
3169 19 6 26
156 19 6 84
1496 19 6 87
3051 19 6 96
1430 19 6 11
1465 19 6 94
1257 19 7 20
2915 19 7 1
3670 19 7 68
1811 19 7 42
931 19 8 44
892 19 8 68
1709 19 8 12
2107 19 8 42
3868 19 8 1
2174 19 8 72
1566 19 8 20
541 19 8 29
159 19 9 42
1081 19 9 72
1448 19 9 79
621 19 9 26
2310 19 9 12
136 19 9 20
1369 19 9 2
3151 19 9 48
1343 19 9 68
664 19 10 87
1179 19 10 72
1769 19 10 68
2336 19 10 2
261 19 10 79
1372 19 10 20
2334 19 10 12
550 19 10 42
3705 19 10 48
3432 19 10 26
2507 19 11 20
703 19 11 79
563 19 11 52
932 19 11 68
3604 19 11 26
3675 19 11 42
1740 19 11 87
45 19 11 48
3034 19 11 2
2345 19 11 12
3170 19 12 20
2921 19 12 42
3817 19 12 45
2831 19 12 12
1901 19 12 53
2049 19 12 87
2708 19 12 33
1143 19 12 68
1800 19 12 26
1718 19 12 3
1815 19 12 79
3172 19 12 90
3360 19 12 48
463 19 13 3
3200 19 13 12
3773 19 13 42
2144 19 13 26
1721 19 13 68
2338 19 13 79
498 19 13 57
3928 19 13 91
3065 19 13 49
1760 19 13 22
3890 19 13 33
3889 19 13 53
587 19 14 26
1937 19 14 68
316 19 14 90
915 19 14 94
603 19 14 72
235 19 14 42
108 19 14 3
2549 19 14 34
666 19 14 57
2724 19 14 22
1500 19 14 61
3520 19 15 22
3619 19 15 69
3838 19 15 72
2421 19 15 79
1398 19 15 87
1727 19 15 35
2961 19 15 39
1649 19 15 62
3867 19 15 94
793 19 15 4
3165 19 15 14
1926 19 15 26
1716 19 16 39
913 19 16 14
1504 19 16 26
1810 19 16 67
3040 19 16 72
406 19 16 85
3545 19 16 3
624 19 16 54
3617 19 16 62
2445 19 16 22
958 19 16 35
1150 19 16 79
3858 19 17 14
2197 19 17 72
3335 19 17 35
521 19 17 79
1650 19 17 3
1431 19 17 67
1511 19 17 49
3064 19 17 91
1348 19 17 26
1204 19 17 57
4057 19 17 62
2972 19 17 53
383 19 17 39
1825 19 18 14
2385 19 18 62
359 19 18 2
57 19 18 26
3435 19 18 53
408 19 18 67
2017 19 18 79
1539 19 18 48
110 19 18 39
2083 19 19 26
3682 19 19 2
1604 19 19 48
2034 19 19 62
1070 19 19 67
