2638
942 0 0 19
1535 0 0 31
3884 0 0 61
3729 0 0 83
2891 0 0 3
482 0 1 4
281 0 1 31
3939 0 1 93
1628 0 1 42
2180 0 1 19
3278 0 1 61
3438 0 1 69
2032 0 1 83
4214 0 2 83
3302 0 2 93
1455 0 2 31
1017 0 2 45
4663 0 2 69
3511 0 2 4
3539 0 2 61
4703 0 3 52
2895 0 3 40
2646 0 3 61
2403 0 3 77
3710 0 3 5
4282 0 3 19
414 0 3 31
1507 0 3 69
2042 0 3 45
2816 0 3 83
4018 0 3 88
4568 0 3 25
2596 0 4 83
3598 0 4 66
2174 0 4 93
3090 0 4 40
1935 0 4 19
2468 0 4 4
3784 0 5 61
4034 0 5 74
545 0 5 83
57 0 5 17
2997 0 5 3
578 0 5 32
2077 0 5 93
2157 0 5 41
3722 0 6 16
687 0 6 32
458 0 6 83
4181 0 6 3
1071 0 7 40
1174 0 7 61
4336 0 7 3
2134 0 8 1
3096 0 8 31
3319 0 8 11
3382 0 8 59
236 0 8 86
540 0 9 71
4701 0 9 11
206 0 9 2
1360 0 9 36
3080 0 9 86
4323 0 9 31
924 0 10 11
417 0 10 32
777 0 10 71
705 0 10 26
3233 0 10 59
3333 0 10 41
71 0 10 36
165 0 10 87
1324 0 10 3
1158 0 11 36
905 0 11 32
610 0 11 47
2274 0 11 16
1087 0 11 41
1340 0 11 87
3392 0 11 11
2299 0 11 3
993 0 11 69
333 0 11 79
3846 0 11 91
1856 0 12 69
726 0 12 31
4020 0 12 91
3312 0 12 9
1978 0 12 41
4103 0 12 59
3450 0 12 2
4274 0 13 31
2764 0 13 59
1162 0 13 71
397 0 13 17
3782 0 13 1
3751 0 14 26
354 0 14 34
1232 0 14 38
1837 0 14 47
469 0 14 55
1233 0 14 22
3429 0 14 90
428 0 14 63
374 0 14 14
388 0 14 41
1686 0 14 68
361 0 15 41
728 0 15 63
3655 0 15 26
3087 0 15 14
338 0 15 55
3334 0 15 33
1 0 15 90
1137 0 15 47
1180 0 15 38
3724 0 16 74
4280 0 16 47
3372 0 16 26
2824 0 16 56
4063 0 16 7
1618 0 16 33
1555 0 16 11
2597 0 16 38
2613 0 16 14
3558 0 16 63
140 0 17 10
238 0 17 14
3502 0 17 83
1190 0 17 33
2540 0 17 56
733 0 17 38
3184 0 17 47
2351 0 17 63
3628 0 17 6
136 0 17 74
1056 0 17 26
1552 0 18 10
4355 0 18 2
2713 0 18 6
3303 0 18 83
2668 0 18 47
4763 0 18 63
4305 0 18 33
163 0 18 25
2494 0 19 47
2629 0 19 83
2419 0 19 97
1684 0 19 6
2144 0 19 25
828 0 19 43
4013 0 19 1
2315 1 0 93
17 1 0 4
239 1 0 89
3614 1 1 48
1139 1 1 64
1356 1 1 93
4191 1 1 19
1714 1 1 4
552 1 1 42
1835 1 2 56
3180 1 2 42
2172 1 2 48
498 1 2 77
1370 1 2 32
2866 1 2 19
2605 1 2 4
2893 1 2 64
3274 1 2 15
3953 1 3 31
4292 1 3 77
3145 1 3 5
1272 1 3 19
809 1 3 56
1339 1 3 70
3327 1 3 26
2980 1 4 70
4363 1 4 4
4604 1 4 87
4591 1 4 14
122 1 4 64
1699 1 4 56
232 1 4 45
185 1 5 5
215 1 5 75
2632 1 5 66
4089 1 5 44
2571 1 5 32
1074 1 5 93
2054 1 5 17
2426 1 5 83
3654 1 5 41
831 1 5 61
1373 1 6 41
4384 1 6 16
1760 1 6 61
2794 1 6 74
2330 1 6 4
1882 1 6 93
4766 1 7 74
3815 1 7 3
2225 1 7 16
1749 1 7 61
3256 1 7 40
3322 1 8 59
3972 1 8 17
3677 1 8 1
4005 1 8 69
3281 1 9 91
1626 1 9 59
4678 1 9 2
3688 1 9 17
3583 1 9 39
4366 1 10 71
3596 1 10 91
3014 1 10 46
4313 1 10 17
1237 1 10 12
2476 1 10 39
4514 1 10 59
2466 1 10 2
2408 1 10 26
380 1 10 79
4622 1 11 47
3860 1 11 12
4708 1 11 59
3135 1 11 65
1305 1 11 92
2630 1 11 26
3870 1 11 20
3609 1 11 32
3062 1 11 80
3772 1 11 87
3079 1 11 72
4351 1 11 53
3466 1 11 3
1460 1 11 17
1958 1 11 41
1200 1 12 12
972 1 12 26
3952 1 12 17
2022 1 12 2
683 1 12 31
1406 1 12 85
4224 1 12 79
4370 1 12 59
881 1 12 46
3220 1 12 71
2411 1 13 26
953 1 13 2
1531 1 13 17
1354 1 13 79
1050 1 13 71
2239 1 14 63
2121 1 14 69
1142 1 14 94
4549 1 14 19
3592 1 14 74
2963 1 14 26
670 1 14 55
2475 1 14 34
1098 1 14 14
1463 1 14 87
4003 1 14 83
2046 1 15 3
2865 1 15 8
93 1 15 69
1167 1 15 74
3743 1 15 12
3499 1 15 43
2320 1 15 46
3584 1 15 93
4589 1 15 19
2823 1 15 83
1028 1 15 87
4403 1 15 51
994 1 16 87
3659 1 16 30
2741 1 16 93
4522 1 16 8
1824 1 16 19
596 1 16 3
1296 1 16 43
4580 1 16 46
1870 1 16 51
2503 1 16 68
1148 1 16 74
3032 1 16 12
2556 1 17 83
1303 1 17 12
4340 1 17 51
1461 1 17 93
441 1 17 19
2456 1 17 46
2331 1 17 2
2821 1 17 56
650 1 17 8
591 1 17 43
2099 1 17 30
181 1 17 74
855 1 18 2
1199 1 18 56
2088 1 18 30
3756 1 18 51
149 1 18 8
2136 1 18 43
383 1 18 93
4179 1 18 12
4478 1 19 51
2185 1 19 1
2725 1 19 8
382 1 19 30
677 1 19 43
171 1 19 92
1811 2 0 32
2486 2 0 4
3835 2 0 66
3246 2 1 89
2226 2 1 66
1586 2 1 14
612 2 1 32
636 2 1 56
364 2 1 70
3631 2 1 4
1974 2 2 56
2787 2 2 32
1985 2 2 5
812 2 2 66
3078 2 2 40
14 2 2 81
389 2 2 89
3536 2 3 26
168 2 3 52
3938 2 3 19
317 2 3 33
2309 2 3 70
4405 2 3 5
1593 2 4 66
4379 2 4 4
1132 2 4 25
3830 2 4 40
3824 2 4 17
3179 2 4 52
1430 2 4 91
1026 2 5 66
846 2 5 48
632 2 5 70
1322 2 5 61
3129 2 5 17
564 2 5 75
690 2 5 87
2059 2 5 5
4113 2 5 93
2747 2 5 32
559 2 5 56
2641 2 6 4
2179 2 6 48
3471 2 6 69
833 2 6 21
581 2 6 87
1013 2 6 12
2211 2 7 40
2790 2 7 87
1646 2 7 21
4381 2 7 3
319 2 7 69
2567 2 8 69
99 2 8 78
3570 2 8 2
847 2 8 16
652 2 9 16
4130 2 9 78
2260 2 9 12
2757 2 9 69
1692 2 9 2
4030 2 9 46
850 2 9 85
2847 2 9 26
2341 2 10 72
2237 2 10 31
116 2 10 3
1064 2 10 16
3660 2 10 46
3412 2 10 69
1066 2 10 12
172 2 10 85
4616 2 10 78
1784 2 10 26
370 2 10 48
1677 2 11 49
1146 2 11 80
1362 2 11 60
2712 2 11 72
3872 2 11 87
51 2 11 41
2513 2 11 54
1809 2 11 4
2539 2 11 92
3292 2 11 65
1596 2 11 21
759 2 11 28
2321 2 12 2
1159 2 12 28
2657 2 12 39
4748 2 12 59
4566 2 12 71
38 2 12 87
3644 2 12 46
3946 2 13 12
1330 2 13 2
2870 2 13 71
1668 2 13 87
2262 2 13 39
2591 2 14 87
2401 2 14 68
3624 2 14 26
3483 2 14 14
782 2 14 56
3889 2 14 74
3649 2 14 34
3420 2 14 63
2398 2 15 1
4054 2 15 13
3900 2 15 90
2277 2 15 33
2163 2 15 83
3183 2 15 56
476 2 15 69
1337 2 16 83
3270 2 16 19
2386 2 16 56
2372 2 16 30
1526 2 16 72
4734 2 16 79
1728 2 16 1
4450 2 16 90
2428 2 17 2
1580 2 17 83
1409 2 17 90
2726 2 17 68
2493 2 17 56
2194 2 17 10
4144 2 17 38
413 2 17 48
2600 2 17 19
350 2 17 87
3161 2 18 52
1579 2 18 2
1353 2 18 19
784 2 18 10
1375 2 18 38
685 2 18 83
3787 2 18 93
3128 2 18 48
404 2 18 87
1119 2 18 68
4719 2 19 47
1812 2 19 87
1875 2 19 10
2103 2 19 52
2881 2 19 1
517 2 19 83
1408 3 0 4
3024 3 0 87
3102 3 0 40
3325 3 0 14
1936 3 0 70
4154 3 1 21
103 3 1 14
1722 3 1 87
4360 3 1 48
704 3 1 40
897 3 1 70
329 3 1 5
2638 3 1 31
82 3 1 77
597 3 2 64
3697 3 2 22
2230 3 2 77
3407 3 2 5
1164 3 2 14
2263 3 2 40
3445 3 2 87
4328 3 2 56
4679 3 2 37
2120 3 2 70
52 3 2 31
4175 3 2 48
2302 3 3 70
1044 3 3 6
1834 3 4 67
4022 3 4 5
2324 3 4 22
2887 3 4 16
4096 3 4 31
3497 3 4 48
648 3 4 35
4681 3 4 58
1466 3 4 70
3902 3 4 75
442 3 5 6
2654 3 5 75
2612 3 5 57
1929 3 5 32
328 3 5 67
4101 3 5 21
3294 3 5 48
857 3 5 70
1055 3 6 32
1534 3 6 21
2209 3 6 89
180 3 6 64
1814 3 6 40
2199 3 6 45
267 3 6 5
368 3 6 16
1083 3 6 69
4601 3 7 4
4612 3 7 16
358 3 7 40
3247 3 7 64
719 3 8 87
1293 3 8 26
4437 3 8 53
4672 3 8 21
3117 3 8 3
4183 3 9 16
2307 3 9 61
943 3 9 79
3134 3 9 3
530 3 9 31
2535 3 10 2
2763 3 10 30
251 3 10 36
2161 3 10 61
2186 3 11 21
2151 3 11 80
2063 3 11 28
3489 3 11 4
3708 3 11 92
805 3 11 41
4416 3 11 65
4078 3 11 72
4411 3 11 54
3421 3 11 49
1892 3 11 60
4700 3 12 71
1877 3 12 88
774 3 12 2
945 3 12 47
1829 3 12 15
1104 3 13 88
3903 3 13 2
2113 3 13 47
770 3 13 26
1621 3 13 12
1238 3 13 69
4004 3 14 15
2402 3 14 69
2744 3 15 14
2064 3 15 79
2667 3 15 30
302 3 15 18
150 3 15 89
166 3 15 69
2890 3 15 22
2235 3 15 72
4335 3 15 53
3917 3 16 88
1442 3 16 14
2005 3 16 72
2856 3 16 53
348 3 16 68
4735 3 16 22
2164 3 16 30
1651 3 16 79
305 3 17 53
826 3 17 79
4573 3 17 14
4555 3 17 93
1718 3 17 30
89 3 17 68
1587 3 17 26
2290 3 17 88
1319 3 17 72
3431 3 17 19
909 3 18 14
780 3 18 39
1685 3 18 68
606 3 18 79
2665 3 18 93
120 3 18 52
2127 3 18 19
345 3 18 63
542 3 18 1
4114 3 19 14
1176 3 19 39
2406 3 19 93
12 3 19 1
119 3 19 63
1861 4 0 25
3786 4 0 4
1918 4 0 17
3077 4 0 32
3252 4 0 81
930 4 0 56
2771 4 1 56
3273 4 1 5
3980 4 1 17
4520 4 1 25
1751 4 1 92
2497 4 1 81
1277 4 1 62
88 4 1 41
3840 4 1 32
3236 4 2 10
574 4 2 41
124 4 2 81
4233 4 2 5
1659 4 2 89
2859 4 2 56
2036 4 2 33
1528 4 2 62
4474 4 2 17
4122 4 2 26
2474 4 3 70
1410 4 4 42
2187 4 4 70
3806 4 4 26
3295 4 4 32
3586 4 4 81
4509 4 4 52
4398 4 4 17
3393 4 4 6
2899 4 4 76
1633 4 5 92
2551 4 5 76
1560 4 5 45
3970 4 5 17
3989 4 5 25
1367 4 5 62
1778 4 5 6
4176 4 5 32
4039 4 5 13
4501 4 5 69
967 4 5 81
94 4 6 17
767 4 6 62
1263 4 6 12
1948 4 6 32
2871 4 6 45
2101 4 6 5
2627 4 6 53
401 4 6 25
1271 4 6 69
3234 4 6 81
4632 4 7 12
1175 4 7 69
1368 4 7 45
3978 4 7 4
4306 4 7 61
927 4 7 32
2515 4 14 69
2878 4 15 46
2171 4 15 39
2607 4 15 69
3650 4 15 25
4126 4 15 74
3735 4 15 19
4436 4 15 2
781 4 16 46
3843 4 16 25
4371 4 16 69
3432 4 16 2
1592 4 16 74
4021 4 17 93
289 4 17 53
4705 4 17 36
4075 4 17 68
2344 4 17 26
1327 4 17 12
3657 4 17 44
1627 4 17 30
2831 4 17 19
792 4 17 60
291 4 17 79
1768 4 17 88
3965 4 17 65
2970 4 18 36
2240 4 18 52
1566 4 18 56
265 4 18 79
3427 4 18 87
4193 4 18 10
3723 4 18 14
2716 4 18 48
808 4 18 2
1548 4 19 1
288 4 19 10
4682 4 19 47
4223 4 19 52
918 4 19 87
1904 5 0 44
133 5 0 15
1424 5 0 5
2431 5 0 70
3342 5 0 91
730 5 1 70
126 5 1 76
2259 5 1 52
4316 5 1 5
2483 5 1 44
2836 5 1 15
1704 5 2 62
1107 5 2 6
3504 5 2 70
3837 5 2 52
2304 5 2 15
4146 5 2 76
3197 5 2 44
3799 5 2 21
3556 5 4 37
2780 5 4 5
1042 5 4 41
1155 5 4 53
2228 5 4 61
2793 5 4 28
3053 5 4 70
1858 5 4 85
3984 5 4 45
834 5 5 61
1100 5 5 70
84 5 5 85
2156 5 5 37
2892 5 5 5
3260 5 5 41
230 5 5 53
3622 5 6 53
3528 5 6 85
3237 5 6 91
3092 5 6 41
4121 5 6 5
2242 5 6 61
3469 5 6 25
3324 5 7 25
986 5 7 4
4332 5 7 85
1090 5 7 41
248 5 9 15
586 5 9 90
1502 5 9 4
42 5 10 41
30 5 10 77
1830 5 10 3
3264 5 10 25
4337 5 10 83
1492 5 11 3
488 5 11 41
2587 5 11 78
2507 5 11 15
3433 5 13 56
667 5 13 88
2942 5 13 27
222 5 13 2
2730 5 14 3
1470 5 14 31
2768 5 14 55
4 5 14 80
5 5 14 13
2222 5 14 18
688 5 14 28
4620 5 14 64
212 5 14 85
3701 5 15 13
1810 5 15 28
79 5 15 80
2625 5 15 55
1726 5 15 2
4538 5 15 64
3955 5 16 1
2305 5 16 13
504 5 16 55
3208 5 16 64
2849 5 17 41
3816 5 17 59
2616 5 17 39
1078 5 17 12
156 5 17 68
796 5 17 7
1600 5 17 64
570 5 17 88
913 5 17 19
484 5 17 52
466 5 17 79
1338 5 17 26
191 5 17 30
1919 5 17 44
29 5 17 93
263 5 18 93
32 5 18 52
2772 5 18 12
440 5 18 2
510 5 18 64
1729 5 18 59
2278 5 18 36
1538 5 18 30
405 5 18 88
3527 5 19 88
4407 5 19 1
214 5 19 79
715 5 19 12
556 5 19 59
1674 6 0 37
2918 6 0 66
1212 6 0 5
874 6 1 66
4406 6 1 5
3733 6 1 21
3684 6 1 37
734 6 1 85
415 6 2 85
2644 6 2 37
3037 6 2 53
1372 6 2 66
2769 6 2 6
23 6 4 53
2360 6 4 37
1525 6 4 66
732 6 4 6
3926 6 4 86
2073 6 9 51
4507 6 9 44
1487 6 9 12
3832 6 9 61
1484 6 9 35
3248 6 9 69
3042 6 9 86
2516 6 9 79
3304 6 9 4
2773 6 9 31
2953 6 9 21
262 6 10 31
1874 6 10 86
773 6 10 79
297 6 10 44
334 6 10 4
4492 6 10 61
2091 6 10 21
2125 6 11 3
3144 6 11 61
2599 6 11 31
1788 6 11 21
3574 6 11 79
3829 6 12 12
800 6 13 19
886 6 13 2
1671 6 13 74
628 6 13 57
811 6 13 86
1014 6 13 42
4563 6 13 28
630 6 13 12
233 6 13 17
557 6 13 62
4392 6 13 95
516 6 13 33
204 6 14 19
1683 6 14 57
2323 6 14 2
4241 6 14 33
4324 6 14 95
3789 6 14 28
3283 6 14 16
547 6 14 74
470 6 14 86
3563 6 14 39
3530 6 15 33
2568 6 15 57
655 6 15 1
2678 6 15 19
1227 6 15 16
4125 6 15 69
1248 6 15 86
83 6 16 86
1551 6 16 57
3709 6 16 1
555 6 16 19
1514 6 16 33
689 6 17 25
1203 6 17 47
4565 6 17 79
2923 6 17 6
3235 6 17 39
18 6 17 51
3514 6 17 10
2366 6 17 64
1312 6 17 43
2358 6 18 25
3888 6 18 59
344 6 18 6
4583 6 18 47
1965 6 18 2
2735 6 18 36
4550 6 18 12
844 6 18 30
2968 6 18 51
2701 6 18 79
3266 6 19 47
640 6 19 97
3691 6 19 1
560 6 19 36
1202 6 19 6
1917 6 19 79
1696 6 19 25
4271 7 0 37
199 7 0 21
2655 7 0 5
3714 7 0 52
736 7 0 70
4019 7 1 21
174 7 1 52
1135 7 1 64
4530 7 1 37
3021 7 1 70
3113 7 1 86
432 7 1 6
2482 7 2 45
1939 7 2 76
4673 7 2 21
493 7 2 6
3805 7 2 52
2052 7 2 64
3548 7 2 70
2531 7 4 37
1476 7 4 6
1343 7 4 16
1439 7 4 69
1546 7 6 5
3422 7 6 78
1766 7 6 36
2008 7 6 21
522 7 6 61
3211 7 7 5
4771 7 7 87
4390 7 7 72
1209 7 7 29
4099 7 8 32
1855 7 8 39
1388 7 8 19
1997 7 8 65
2378 7 8 25
4511 7 8 48
3728 7 8 75
4519 7 8 71
3249 7 8 87
1452 7 8 13
4056 7 8 5
1614 7 9 75
1422 7 9 87
310 7 9 25
4359 7 9 19
4065 7 9 65
3847 7 9 32
4219 7 9 48
1776 7 9 39
1643 7 9 5
3725 7 9 13
738 7 10 75
1623 7 10 87
478 7 10 39
3060 7 10 4
3746 7 10 19
4123 7 10 25
2025 7 10 65
4197 7 10 48
1482 7 11 65
4752 7 11 19
4057 7 11 87
1545 7 11 39
1542 7 11 4
751 7 12 71
1010 7 12 11
702 7 13 71
2988 7 13 12
3662 7 13 32
2874 7 14 39
3157 7 14 59
864 7 14 11
1980 7 14 5
2233 7 14 69
4290 7 14 83
497 7 14 52
4668 7 14 18
479 7 14 80
151 7 14 42
1483 7 14 93
532 7 15 12
1177 7 15 69
802 7 15 93
100 7 15 79
1995 7 15 44
3004 7 15 39
2297 7 15 51
2838 7 15 65
527 7 15 4
1679 7 15 59
2079 7 15 33
87 7 15 20
4548 7 15 27
2581 7 15 83
4276 7 16 39
4327 7 16 27
3800 7 16 12
1093 7 16 65
4510 7 16 89
3914 7 16 74
489 7 16 83
867 7 16 3
1843 7 16 51
4598 7 16 79
2901 7 16 93
25 7 16 69
2117 7 16 8
696 7 16 33
1583 7 16 59
4245 7 17 83
3491 7 17 8
1529 7 17 77
1680 7 17 79
900 7 17 65
2116 7 17 12
553 7 17 74
2271 7 17 93
3844 7 17 2
1245 7 17 59
3525 7 17 27
1818 7 17 33
686 7 17 51
3485 7 18 57
134 7 18 65
27 7 18 33
616 7 18 27
1005 7 18 2
3705 7 18 74
2417 7 18 92
485 7 18 79
2006 7 18 8
67 7 18 51
16 7 18 59
3163 7 19 74
3738 7 19 27
4487 7 19 1
3704 7 19 51
316 7 19 92
622 7 19 8
3661 7 19 59
2990 8 0 6
4149 8 0 62
198 8 0 40
2912 8 0 86
217 8 1 14
2182 8 1 74
2542 8 1 6
1619 8 1 45
1549 8 1 62
2969 8 1 40
3362 8 1 86
1853 8 1 28
447 8 2 67
2610 8 2 28
4543 8 2 74
2205 8 2 14
2023 8 2 45
3909 8 2 6
3906 8 2 87
4064 8 2 36
3025 8 2 62
3064 8 2 40
876 8 4 6
3947 8 4 64
3924 8 4 52
3033 8 4 77
3405 8 4 19
2989 8 6 61
4590 8 6 35
225 8 6 77
398 8 6 22
2338 8 6 29
3488 8 6 39
3474 8 6 6
1603 8 6 54
1059 8 6 11
4633 8 6 82
4369 8 7 6
4377 8 7 35
3572 8 7 22
4498 8 7 77
2606 8 7 61
246 8 7 83
1334 8 7 54
2611 8 7 39
3286 8 8 35
2308 8 8 5
366 8 8 77
164 8 8 39
3461 8 8 92
261 8 8 61
4016 8 8 53
2109 8 8 22
3921 8 9 35
2577 8 9 91
2853 8 9 5
4711 8 9 53
1301 8 10 1
4234 8 10 78
1513 8 10 74
2281 8 10 27
1321 8 11 80
766 8 11 74
1264 8 11 51
104 8 11 18
2019 8 11 9
54 8 11 27
2806 8 11 1
1366 8 12 1
2097 8 12 80
3195 8 12 95
254 8 12 27
1569 8 12 51
49 8 12 6
2210 8 13 7
2241 8 13 71
641 8 13 32
3500 8 13 48
594 8 13 56
1876 8 13 81
4515 8 13 12
4140 8 13 88
55 8 14 56
1377 8 14 81
1128 8 14 88
4060 8 14 48
975 8 14 31
1833 8 14 7
2884 8 14 12
1883 8 14 71
2363 8 14 38
1975 8 15 12
2215 8 15 68
1849 8 15 22
4694 8 15 71
2349 8 16 30
1193 8 16 56
1498 8 16 1
2834 8 16 78
3137 8 16 28
2774 8 16 85
999 8 16 20
4342 8 17 12
1504 8 17 78
911 8 17 85
2819 8 17 28
372 8 17 56
538 8 17 2
53 8 18 2
3831 8 18 59
3964 8 18 78
2219 8 18 12
4356 8 18 28
3923 8 18 51
815 8 19 1
1640 8 19 12
2283 8 19 98
3673 9 0 35
461 9 0 71
4556 9 0 6
2198 9 1 77
2074 9 1 35
793 9 1 71
1813 9 1 16
3875 9 1 45
4247 9 1 6
2056 9 2 25
3490 9 2 35
2683 9 2 7
1207 9 2 71
1113 9 2 85
1077 9 2 77
657 9 2 16
1151 9 2 56
4002 9 4 14
4606 9 4 6
976 9 4 67
3718 9 4 74
2828 9 4 36
4730 9 6 29
1419 9 6 63
1773 9 6 7
3630 9 6 56
37 9 6 35
1021 9 6 83
4097 9 6 16
3568 9 6 76
3919 9 6 48
396 9 6 21
2200 9 7 76
1998 9 7 48
991 9 7 83
739 9 7 29
4466 9 7 20
916 9 7 7
357 9 7 63
3755 9 7 16
3481 9 7 55
107 9 8 55
1485 9 8 15
3990 9 8 75
523 9 8 6
3569 9 8 83
1413 9 8 20
4434 9 8 47
2004 9 9 15
2669 9 9 5
2512 9 9 47
933 9 9 75
4368 9 10 9
3801 9 10 36
1866 9 10 78
4670 9 10 91
177 9 10 1
866 9 11 27
3993 9 11 78
1468 9 11 91
938 9 11 6
620 9 11 18
1357 9 11 1
3040 9 11 51
1731 9 11 96
3814 9 11 9
4693 9 11 36
138 9 11 63
4199 9 11 74
2348 9 12 18
3224 9 12 38
883 9 12 63
3862 9 12 9
2911 9 12 6
4458 9 12 74
1229 9 12 2
1046 9 12 96
1446 9 12 36
2622 9 12 59
274 9 12 80
2148 9 12 27
1120 9 12 51
3017 9 13 9
1779 9 13 75
1216 9 13 55
2979 9 13 96
4517 9 13 38
873 9 13 80
1140 9 13 63
3754 9 13 27
1259 9 13 21
353 9 13 59
392 9 13 12
2112 9 13 3
970 9 13 51
1294 9 13 18
3543 9 14 55
2714 9 14 31
4481 9 14 27
3019 9 14 75
1564 9 14 80
3068 9 14 63
3275 9 14 96
758 9 14 38
4218 9 14 21
1270 9 14 12
144 9 14 41
613 9 14 52
4553 9 14 19
2532 9 14 9
1307 9 15 12
299 9 15 22
2001 9 15 68
3378 9 15 75
4001 9 15 64
2882 9 15 89
1792 9 16 83
1243 9 16 45
571 9 16 88
1234 9 16 38
4322 9 16 52
3210 9 16 74
2177 9 16 26
848 9 16 3
2176 9 16 81
1994 9 16 20
2208 9 16 94
2135 9 17 3
258 9 17 45
1702 9 17 25
740 9 17 38
521 9 17 18
1804 9 17 74
3601 9 17 83
1667 9 17 33
4092 9 17 7
4228 9 17 20
4264 9 17 52
3280 9 17 80
4462 9 17 36
430 9 17 94
273 9 18 80
1437 9 18 83
1977 9 18 94
3532 9 18 25
788 9 18 45
4043 9 18 98
2160 9 18 28
2450 9 18 7
3541 9 18 18
2229 9 18 2
3244 9 18 36
86 9 18 59
801 9 18 74
1567 9 19 18
105 9 19 7
2184 9 19 1
487 9 19 25
2938 9 19 36
3240 9 19 94
434 9 19 80
44 10 0 6
853 10 0 72
102 10 0 45
2336 10 0 19
108 10 1 19
2564 10 1 6
1225 10 1 45
3641 10 1 72
725 10 1 79
1246 10 1 26
1932 10 2 79
2284 10 2 19
1254 10 2 34
948 10 2 46
1697 10 2 26
4552 10 2 6
4615 10 2 72
965 10 4 45
1653 10 6 38
1280 10 6 45
859 10 6 30
4269 10 6 6
1118 10 6 71
3696 10 6 78
2146 10 6 17
1933 10 6 11
1287 10 6 82
2140 10 6 60
995 10 7 71
4200 10 7 6
838 10 7 60
546 10 7 30
3920 10 7 38
2460 10 7 78
1598 10 7 11
472 10 8 71
2272 10 8 78
729 10 8 60
96 10 8 30
3779 10 8 38
1415 10 8 11
795 10 8 86
3297 10 8 6
3550 10 9 30
2950 10 9 78
3199 10 9 60
3353 10 9 5
4124 10 10 79
2039 10 10 1
645 10 10 38
600 10 11 85
1831 10 11 74
2216 10 11 7
566 10 11 1
1265 10 11 38
2192 10 11 51
135 10 11 79
3505 10 12 1
209 10 12 38
132 10 12 85
3702 10 12 25
3910 10 12 95
820 10 12 79
982 10 12 7
2266 10 12 47
1771 10 12 18
2499 10 13 47
1701 10 13 63
3155 10 13 12
3898 10 13 30
2471 10 13 85
2758 10 13 88
3823 10 13 2
818 10 13 7
303 10 13 25
2273 10 14 30
513 10 14 47
1836 10 14 92
1297 10 14 78
3250 10 14 55
878 10 14 34
1095 10 14 21
4764 10 14 85
955 10 14 1
783 10 14 26
4300 10 14 88
4309 10 15 36
3339 10 15 30
804 10 15 89
3204 10 15 53
1635 10 15 64
1273 10 15 12
4655 10 15 39
3633 10 15 21
2650 10 15 59
624 10 15 75
1785 10 15 79
3547 10 16 21
2509 10 16 55
1620 10 16 9
2902 10 16 3
1106 10 16 29
308 10 16 79
2369 10 16 51
1864 10 16 74
1888 10 16 43
4404 10 17 9
1996 10 17 83
1962 10 17 2
1931 10 17 29
4048 10 17 98
117 10 17 43
1536 10 17 51
1676 10 17 59
731 10 17 38
3121 10 17 18
2559 10 17 27
3941 10 18 6
4525 10 18 94
3942 10 18 9
700 10 18 29
235 10 18 83
1800 10 18 43
701 10 18 38
1881 10 18 1
1313 10 19 25
2679 10 19 38
378 10 19 9
2002 10 19 83
3419 10 19 1
3866 11 4 74
2003 11 4 67
1897 11 4 6
785 11 4 49
1111 11 4 21
431 11 4 29
2138 11 5 86
4014 11 5 50
2128 11 5 18
2066 11 5 67
3428 11 5 12
3437 11 5 61
3808 11 5 7
1310 11 5 38
1707 11 5 26
3797 11 6 46
2705 11 6 50
287 11 6 7
2018 11 6 67
418 11 6 38
2558 11 6 18
1522 11 6 86
3018 11 6 61
3957 11 7 86
3482 11 7 6
176 11 7 61
3552 11 7 71
4017 11 7 37
707 11 7 17
3678 11 7 46
2548 11 8 37
1924 11 8 11
592 11 8 46
3869 11 8 6
97 11 8 61
1080 11 8 71
1740 11 8 86
580 11 9 6
4067 11 9 61
2850 11 9 37
189 11 9 86
2053 11 10 25
2674 11 10 74
2934 11 10 1
272 11 11 5
2766 11 11 74
1241 11 11 1
4401 11 11 78
674 11 11 45
221 11 11 25
1987 11 12 94
4301 11 12 2
400 11 12 34
3245 11 12 5
324 11 12 51
2381 11 12 25
3912 11 12 45
4248 11 12 63
4052 11 12 78
760 11 13 63
4206 11 13 78
4168 11 13 45
1091 11 13 51
940 11 13 59
743 11 13 27
4227 11 13 74
561 11 13 5
4374 11 13 95
1541 11 13 18
1147 11 13 36
3607 11 14 36
2702 11 14 59
1258 11 14 78
2803 11 14 85
2445 11 14 51
2709 11 14 95
3071 11 14 45
1907 11 14 47
633 11 14 75
3667 11 14 27
619 11 14 5
4493 11 14 18
954 11 15 39
1371 11 15 5
941 11 15 59
4251 11 15 27
1060 11 15 12
2293 11 15 64
2327 11 15 21
1381 11 15 56
2126 11 15 18
2009 11 15 36
2628 11 15 30
2946 11 15 51
4026 11 15 75
2048 11 15 95
2070 11 15 48
4707 11 15 45
3214 11 15 85
3545 11 16 12
1418 11 16 34
2860 11 16 91
1661 11 16 25
713 11 16 30
929 11 16 45
1955 11 16 74
2145 11 16 85
1488 11 16 59
2569 11 16 1
4325 11 17 34
13 11 17 97
3226 11 17 25
647 11 17 51
2143 11 17 18
554 11 17 59
4697 11 17 1
1511 11 17 7
1537 11 17 85
973 11 17 91
4190 11 18 51
1624 11 18 1
2152 11 18 29
64 11 18 85
1673 11 18 91
791 11 18 94
3321 11 18 7
4117 11 19 1
69 11 19 91
1009 11 19 29
1041 12 0 30
2710 12 0 79
1320 12 0 54
1267 12 0 7
3001 12 2 65
654 12 2 21
1448 12 2 73
1505 12 2 34
3448 12 2 6
39 12 2 57
3885 12 2 81
3263 12 3 78
245 12 3 23
1641 12 3 42
3963 12 3 84
2000 12 3 34
4578 12 3 57
2506 12 3 65
3943 12 3 7
2976 12 4 78
1121 12 4 42
2846 12 4 57
3693 12 4 84
1604 12 4 34
439 12 4 7
2326 12 4 65
2212 12 5 57
3462 12 5 7
2994 12 5 42
1698 12 5 65
2463 12 5 78
394 12 5 20
2642 12 5 33
3320 12 5 84
1989 12 6 42
3346 12 6 64
2649 12 6 7
4740 12 6 20
2529 12 6 33
3680 12 6 55
2624 12 6 84
928 12 6 78
1532 12 7 84
2919 12 7 55
3373 12 7 73
2196 12 7 33
2387 12 7 20
1123 12 7 42
95 12 7 64
3118 12 7 6
4531 12 7 77
2854 12 8 20
537 12 8 42
1878 12 8 55
4762 12 8 32
1705 12 8 73
2910 12 8 6
3895 12 8 84
4570 12 9 55
2352 12 9 84
1758 12 9 20
4295 12 9 5
3120 12 9 32
4495 12 10 1
3713 12 10 18
744 12 10 63
2504 12 11 34
2370 12 11 63
829 12 11 4
1599 12 11 78
865 12 11 1
4303 12 11 18
4167 12 12 63
602 12 12 91
1369 12 12 25
313 12 12 36
722 12 12 18
1257 12 12 78
2027 12 12 34
2440 12 12 2
1023 12 12 4
821 12 13 91
3300 12 13 78
3147 12 13 51
3167 12 13 4
2573 12 13 36
1506 12 13 18
154 12 13 95
3196 12 13 74
2254 12 14 60
1094 12 14 33
1630 12 14 81
321 12 14 2
3287 12 15 2
2118 12 15 54
250 12 15 67
4378 12 15 81
3681 12 15 33
2446 12 15 85
4310 12 15 10
1440 12 15 18
2389 12 16 17
4473 12 16 1
3103 12 16 23
3656 12 16 84
1195 12 16 26
1133 12 16 49
3298 12 17 59
2388 12 17 49
4308 12 17 91
541 12 17 68
3882 12 17 13
208 12 17 23
3409 12 17 44
3854 12 17 38
241 12 17 2
1210 12 17 27
2011 12 18 14
1844 12 18 38
3853 12 18 44
3582 12 18 1
145 12 18 68
3255 12 18 26
3715 12 18 23
4334 12 18 49
505 12 19 1
3896 12 19 23
2346 12 19 38
2966 12 19 90
4033 13 0 88
4733 13 0 56
2501 13 0 66
298 13 0 7
1351 13 2 24
2083 13 2 68
4660 13 2 85
121 13 2 58
4685 13 2 30
1657 13 2 7
4136 13 3 30
4232 13 3 8
3164 13 3 58
1295 13 3 24
3778 13 3 69
2169 13 3 85
4358 13 4 81
464 13 4 33
3760 13 4 65
1039 13 4 53
446 13 4 6
944 13 4 43
4284 13 5 65
1306 13 5 85
3028 13 5 37
656 13 5 55
473 13 5 20
2108 13 5 6
2685 13 5 30
2814 13 6 92
2861 13 6 49
1910 13 6 6
1903 13 6 13
203 13 6 30
750 13 7 5
4750 13 7 28
1389 13 7 37
3403 13 7 80
70 13 7 60
1088 13 8 50
4112 13 8 65
3685 13 8 20
3881 13 8 5
1739 13 9 5
110 13 9 80
914 13 9 15
1637 13 9 50
4575 13 10 84
35 13 10 33
2541 13 10 5
543 13 10 22
4447 13 10 50
1650 13 10 72
106 13 10 61
3653 13 10 11
679 13 10 44
1365 13 11 11
3968 13 11 80
3625 13 11 84
3785 13 11 33
3811 13 11 22
4441 13 11 5
3038 13 11 61
3253 13 11 94
3387 13 11 49
4516 13 12 32
2038 13 12 3
3538 13 12 80
1444 13 12 11
1269 13 12 49
3122 13 13 89
50 13 13 72
3337 13 13 18
2673 13 13 60
3668 13 13 85
2067 13 13 3
1412 13 13 43
3475 13 13 28
585 13 14 28
3732 13 14 18
2908 13 14 2
2951 13 14 60
4148 13 14 85
861 13 15 33
3768 13 15 10
3753 13 15 18
280 13 15 72
4178 13 15 85
3406 13 15 67
4738 13 15 54
114 13 15 3
3415 13 15 81
4044 13 16 22
2275 13 16 84
1727 13 16 17
137 13 16 91
3257 13 16 13
2900 13 16 26
183 13 16 2
3174 13 16 43
4652 13 17 91
2452 13 17 75
3317 13 17 9
4454 13 17 38
3051 13 17 13
4692 13 17 2
1672 13 17 54
2582 13 17 49
3358 13 17 84
756 13 17 27
1510 13 17 60
367 13 17 17
4279 13 17 68
2706 13 17 44
3290 13 18 14
840 13 18 84
2131 13 18 60
4617 13 18 67
4098 13 18 40
2992 13 18 91
4062 13 18 2
4400 13 18 49
1025 13 18 26
3048 13 19 59
2238 13 19 67
4073 13 19 1
2162 13 19 90
4410 13 19 14
4432 13 19 49
190 14 0 34
1281 14 0 7
3767 14 0 21
3672 14 0 53
2680 14 0 73
4666 14 0 88
1782 14 0 43
4045 14 0 29
112 14 1 53
1863 14 1 10
4497 14 1 43
952 14 2 15
1821 14 2 11
871 14 2 42
1951 14 11 34
1533 14 11 49
1750 14 11 77
1103 14 11 4
3328 14 11 17
3100 14 12 19
1815 14 12 32
3388 14 12 43
3752 14 12 3
2197 14 12 60
787 14 12 89
4582 14 13 18
4364 14 13 28
1885 14 13 34
3460 14 13 60
1283 14 13 43
3971 14 13 89
4636 14 13 23
58 14 13 50
3007 14 13 4
421 14 13 72
3384 14 13 94
4127 14 14 33
1478 14 14 73
1666 14 14 81
926 14 14 67
1110 14 14 86
1617 14 14 54
4331 14 14 61
604 14 14 3
1414 14 14 17
2243 14 14 40
658 14 15 54
2520 14 15 33
1464 14 15 81
2941 14 15 17
817 14 15 3
1756 14 15 40
4699 14 15 72
268 14 15 67
2888 14 15 78
4083 14 15 10
1746 14 16 28
3267 14 16 72
3555 14 16 67
4736 14 16 2
2296 14 17 18
2682 14 17 27
1290 14 17 44
2317 14 17 68
2904 14 17 3
2825 14 17 50
2391 14 17 60
2948 14 17 75
799 14 17 86
2672 14 17 40
1639 14 17 54
3268 14 17 91
3911 14 17 9
1062 14 18 40
3131 14 18 1
2699 14 18 14
996 14 18 23
4109 14 18 67
3141 14 18 59
4028 14 18 86
2472 14 18 90
1449 14 19 49
1051 14 19 2
680 14 19 40
4577 14 19 84
3757 14 19 68
3627 14 19 23
2692 15 0 88
2932 15 0 29
3269 15 0 21
2347 15 0 66
2312 15 0 43
4058 15 0 6
2614 15 1 66
1260 15 1 49
420 15 1 7
3496 15 1 42
4240 15 1 88
3055 15 2 6
4173 15 2 81
4657 15 2 35
2051 15 3 50
3441 15 3 76
3251 15 4 22
3999 15 4 75
1390 15 4 66
4465 15 4 13
1114 15 4 29
2221 15 4 43
1781 15 4 7
4041 15 4 81
3915 15 5 13
1710 15 5 43
2808 15 5 6
3750 15 5 81
2489 15 5 66
4277 15 5 22
3284 15 6 5
3540 15 6 65
1803 15 6 10
907 15 6 15
4758 15 6 84
2588 15 7 57
4433 15 7 67
2885 15 7 91
2170 15 7 10
3712 15 7 22
3646 15 7 27
2704 15 7 37
4720 15 8 23
4680 15 8 57
3374 15 8 30
4541 15 8 67
111 15 8 5
520 15 9 80
2110 15 9 88
4650 15 9 5
4755 15 9 50
3470 15 9 18
1458 15 10 63
3172 15 11 63
1900 15 12 62
1941 15 13 62
335 15 13 81
789 15 13 29
4338 15 14 55
4272 15 14 69
4382 15 14 29
4621 15 14 62
2012 15 14 81
747 15 14 5
3998 15 15 60
3927 15 15 28
2537 15 15 75
4084 15 15 94
1572 15 15 32
1988 15 15 5
1401 15 15 38
271 15 15 50
6 15 15 44
3365 15 16 75
1073 15 16 13
2167 15 16 92
4767 15 16 28
1101 15 16 72
3171 15 16 45
1435 15 16 32
2114 15 16 67
3020 15 16 38
4289 15 16 60
3925 15 16 54
1649 15 16 4
3023 15 17 32
3551 15 17 75
3464 15 17 50
572 15 17 44
28 15 17 68
1359 15 17 9
1469 15 17 92
4558 15 17 27
336 15 17 54
1328 15 17 60
1990 15 17 4
4743 15 18 84
3618 15 18 2
1847 15 18 72
2795 15 18 49
2303 15 18 43
2261 15 18 54
987 15 18 90
2479 15 18 34
247 15 18 95
1429 15 19 72
3509 15 19 14
888 15 19 2
1489 15 19 43
4452 15 19 68
3394 15 19 84
3043 15 19 90
1976 16 0 13
36 16 0 32
502 16 0 58
4459 16 0 6
889 16 0 68
2026 16 0 89
2265 16 1 88
1770 16 1 68
1427 16 1 18
1938 16 1 13
1648 16 1 58
3771 16 1 6
2357 16 1 82
322 16 1 32
1048 16 2 57
3126 16 2 32
529 16 2 6
2756 16 2 18
3417 16 2 13
4275 16 2 68
3670 16 2 80
1316 16 3 50
2102 16 3 76
167 16 3 32
3106 16 4 28
4329 16 4 19
1130 16 4 39
2972 16 4 65
3367 16 4 49
1613 16 4 75
2578 16 4 88
1474 16 4 6
3873 16 4 23
4139 16 5 75
2552 16 5 23
1658 16 5 18
887 16 5 66
653 16 5 6
1869 16 6 84
2724 16 6 5
427 16 6 65
669 16 6 22
2178 16 6 37
768 16 7 57
2333 16 7 37
977 16 7 10
20 16 7 22
3366 16 7 27
3178 16 7 5
1001 16 7 67
672 16 8 34
827 16 8 54
1434 16 8 67
1282 16 8 23
4560 16 8 92
3424 16 8 44
2147 16 8 5
3520 16 8 56
1908 16 8 73
1070 16 8 29
3904 16 9 15
573 16 9 4
776 16 9 37
1515 16 9 73
1141 16 9 27
3361 16 9 94
920 16 10 37
4217 16 10 4
4208 16 10 88
2301 16 10 54
2220 16 10 27
4038 16 10 61
1930 16 10 94
2288 16 10 20
1154 16 10 13
80 16 11 62
1690 16 11 20
3127 16 11 69
3271 16 11 27
1040 16 11 46
535 16 11 75
494 16 11 54
4230 16 11 38
1255 16 11 87
3217 16 12 13
4204 16 12 43
1759 16 12 88
3871 16 12 60
3699 16 12 3
1959 16 13 72
832 16 13 3
1165 16 13 50
2524 16 13 88
1822 16 13 28
3969 16 14 45
4559 16 14 35
1737 16 14 77
160 16 14 85
2595 16 14 11
4037 16 14 5
765 16 14 22
1806 16 14 27
3011 16 14 73
3265 16 14 62
3351 16 14 81
2464 16 14 55
490 16 15 24
3579 16 15 77
4285 16 15 61
2367 16 15 80
3585 16 15 35
1805 16 15 3
1075 16 15 15
2298 16 15 55
307 16 16 54
3554 16 16 41
923 16 16 45
3526 16 16 3
3067 16 16 84
1302 16 16 35
1279 16 16 72
851 16 16 14
2332 16 16 89
435 16 16 26
343 16 16 77
3512 16 17 60
3897 16 17 75
1251 16 17 41
1925 16 17 45
3774 16 17 34
3343 16 17 26
1562 16 17 3
2965 16 17 72
1490 16 17 14
4320 16 17 84
2029 16 18 49
249 16 18 72
4158 16 18 3
2473 16 18 26
868 16 18 60
4133 16 18 84
360 16 18 34
3807 16 18 40
3682 16 18 45
2788 16 18 96
2799 16 18 14
3587 16 19 95
2981 16 19 14
501 16 19 26
3410 16 19 40
3148 16 19 2
1584 16 19 49
3960 16 19 68
3886 17 0 73
2967 17 0 66
4397 17 0 82
3034 17 0 26
1905 17 0 57
1336 17 0 62
4350 17 0 14
3974 17 0 38
512 17 0 7
2508 17 0 89
2555 17 0 20
1436 17 1 7
3907 17 1 66
3338 17 1 49
968 17 1 30
266 17 1 39
2362 17 1 75
699 17 1 14
2914 17 1 22
2251 17 1 89
1790 17 2 75
3877 17 2 7
1217 17 2 30
465 17 2 66
779 17 2 50
1276 17 3 50
2285 17 3 75
1384 17 3 30
1801 17 4 28
323 17 4 63
4695 17 4 18
2639 17 4 45
4747 17 4 73
3849 17 4 11
3371 17 5 6
4172 17 5 26
3391 17 5 39
2779 17 5 58
3580 17 5 73
373 17 6 4
1352 17 6 14
4683 17 6 84
1736 17 6 94
3440 17 6 43
1472 17 7 43
1519 17 7 73
507 17 7 89
3138 17 7 14
4572 17 7 33
4253 17 7 50
2214 17 7 4
4288 17 8 54
1709 17 8 34
974 17 8 5
4651 17 8 38
2662 17 8 23
1982 17 8 44
1314 17 8 67
3110 17 8 73
4344 17 9 18
1796 17 9 5
356 17 9 23
471 17 9 62
3477 17 9 67
4484 17 9 82
123 17 9 37
1547 17 9 50
1512 17 10 82
2342 17 10 17
1386 17 10 27
1772 17 10 4
453 17 10 50
1181 17 10 62
3027 17 11 38
1719 17 11 69
1769 17 11 86
2325 17 11 27
2122 17 11 75
3130 17 11 94
4317 17 11 62
285 17 11 20
278 17 11 46
4353 17 11 54
3065 17 11 82
2598 17 12 88
2796 17 12 3
3521 17 12 20
2448 17 12 68
109 17 13 45
390 17 13 68
193 17 13 3
467 17 13 88
3944 17 13 27
1629 17 14 73
202 17 14 50
1000 17 14 81
76 17 14 4
318 17 14 88
922 17 14 67
2921 17 14 11
723 17 14 22
3047 17 14 27
2743 17 14 32
3687 17 15 69
182 17 15 75
4302 17 15 53
1342 17 15 15
2204 17 15 91
2545 17 15 3
4648 17 15 27
352 17 15 32
2433 17 15 61
1166 17 15 45
2158 17 16 67
2236 17 16 27
4249 17 16 45
2526 17 16 3
4049 17 16 53
1244 17 16 89
499 17 16 32
2832 17 16 38
2889 17 16 60
4691 17 16 75
2462 17 16 11
1299 17 16 24
4373 17 17 67
2280 17 17 60
1634 17 17 95
3453 17 17 3
2084 17 17 24
3694 17 17 49
964 17 17 44
3612 17 17 11
2798 17 17 89
3186 17 17 38
1786 17 17 27
4547 17 17 53
4717 17 18 89
4157 17 18 95
2322 17 18 38
452 17 18 23
1571 17 18 49
2089 17 18 27
4222 17 18 67
2961 17 18 3
3112 17 18 11
3707 17 18 59
3261 17 18 44
3272 17 18 86
4644 17 19 21
2869 17 19 89
3985 17 19 67
2583 17 19 38
2255 17 19 44
3966 17 19 11
1325 17 19 59
3566 17 19 1
2753 17 19 23
2676 18 0 73
429 18 0 58
1284 18 0 89
4339 18 0 38
1961 18 0 82
3850 18 0 29
1590 18 0 62
139 18 0 7
3524 18 0 20
129 18 1 75
1968 18 1 6
2061 18 1 29
2872 18 1 21
4775 18 1 65
4107 18 1 58
443 18 1 17
2409 18 1 84
671 18 1 39
4221 18 2 45
4471 18 2 89
4523 18 2 23
1029 18 2 62
2098 18 2 18
1655 18 2 73
2786 18 2 5
4438 18 3 39
4445 18 3 57
1011 18 3 68
2894 18 3 6
4352 18 3 82
2028 18 3 13
3013 18 3 26
3349 18 4 72
3901 18 4 11
282 18 4 28
1553 18 4 45
902 18 4 6
4111 18 4 63
386 18 4 17
4532 18 5 73
2637 18 5 26
879 18 5 45
1868 18 5 57
3891 18 5 6
3698 18 5 62
4296 18 5 68
1192 18 5 39
1645 18 6 89
1516 18 6 4
2623 18 6 11
3736 18 6 54
3776 18 6 84
4254 18 6 38
3063 18 7 90
3181 18 7 22
1689 18 7 11
4307 18 7 5
4506 18 7 38
2354 18 7 62
835 18 7 54
3114 18 8 33
1819 18 8 38
300 18 8 44
1732 18 8 73
3315 18 8 78
2142 18 8 90
2093 18 8 62
4614 18 8 65
2376 18 8 11
3232 18 8 54
2505 18 8 22
1204 18 8 5
2292 18 9 19
949 18 9 23
2016 18 9 5
1061 18 9 62
3357 18 9 13
1223 18 9 82
1030 18 9 73
3666 18 9 67
3671 18 10 50
1823 18 10 33
3863 18 10 67
2619 18 10 4
3152 18 10 23
2615 18 10 43
4709 18 11 45
1112 18 11 81
615 18 11 86
4094 18 11 69
4423 18 11 15
218 18 11 61
3442 18 11 37
1993 18 11 54
1609 18 11 27
3054 18 11 7
125 18 11 94
449 18 11 4
2335 18 11 75
824 18 12 27
2983 18 12 20
1662 18 12 86
2586 18 12 37
3935 18 12 54
2848 18 12 81
4215 18 12 45
2776 18 12 75
3773 18 12 4
915 18 12 15
2618 18 13 54
3098 18 13 11
45 18 13 27
3487 18 13 75
3435 18 13 45
3647 18 13 86
376 18 13 37
4749 18 13 80
984 18 13 3
2361 18 13 15
528 18 14 3
4449 18 14 67
4540 18 14 88
2879 18 14 32
4171 18 14 72
910 18 14 81
3913 18 14 22
2264 18 14 10
2945 18 15 72
4256 18 15 3
582 18 15 15
2100 18 15 91
4231 18 15 40
2775 18 15 27
4051 18 15 50
286 18 15 81
4346 18 16 53
2258 18 16 68
2633 18 16 40
4207 18 16 96
1230 18 16 49
2805 18 16 43
3104 18 16 91
4613 18 16 3
4628 18 16 15
3954 18 16 75
1475 18 17 40
4196 18 17 60
717 18 17 90
3798 18 17 2
4119 18 17 15
4192 18 18 90
410 18 18 1
3664 18 18 40
1589 18 18 22
3456 18 19 20
525 18 19 44
2737 18 19 59
2653 18 19 90
2913 18 19 1
3899 18 19 23
2096 19 0 20
4527 19 0 75
3517 19 0 84
1700 19 0 5
3727 19 0 38
201 19 0 62
1747 19 1 84
4443 19 1 29
939 19 1 5
1131 19 1 17
4087 19 1 58
4237 19 1 75
4388 19 2 62
2876 19 2 5
2867 19 2 82
2534 19 2 18
4594 19 2 88
1016 19 3 13
2818 19 3 58
694 19 3 5
638 19 3 82
1194 19 4 72
1416 19 4 58
698 19 4 17
1865 19 4 4
2809 19 5 45
3398 19 5 5
113 19 5 62
4744 19 5 26
3494 19 5 91
1601 19 6 3
3730 19 6 11
2643 19 6 54
3711 19 6 89
2396 19 6 38
3812 19 7 19
2978 19 7 4
369 19 7 82
293 19 7 60
629 19 7 50
4659 19 8 43
931 19 8 19
4448 19 8 72
1153 19 8 50
62 19 8 33
3635 19 8 5
2693 19 8 60
4070 19 8 11
3740 19 8 23
2189 19 8 82
2533 19 9 4
3632 19 9 23
3842 19 9 50
4071 19 9 90
721 19 9 33
3364 19 9 67
3045 19 9 43
4546 19 9 13
4143 19 9 82
244 19 9 73
3629 19 10 94
709 19 10 73
772 19 10 4
1867 19 10 33
901 19 10 89
4737 19 10 43
1807 19 11 4
3679 19 11 37
2694 19 11 68
2999 19 11 15
3717 19 11 86
2201 19 11 80
243 19 12 3
1493 19 12 45
3465 19 12 13
4526 19 12 20
2718 19 12 80
810 19 12 54
391 19 13 3
1956 19 13 75
2030 19 13 15
4725 19 13 54
4059 19 14 67
1261 19 14 81
4396 19 14 22
252 19 14 2
3634 19 14 18
3467 19 14 27
1943 19 15 14
2062 19 15 2
2458 19 15 27
4639 19 15 72
3905 19 16 3
1574 19 16 13
4278 19 16 68
22 19 16 27
355 19 16 40
3498 19 16 49
1082 19 16 53
892 19 16 91
4451 19 16 86
2383 19 17 91
3099 19 17 2
4386 19 17 13
66 19 17 86
3995 19 17 60
3820 19 17 49
4499 19 17 27
1454 19 18 1
1554 19 18 49
4383 19 18 13
3221 19 18 86
3613 19 19 1
2897 19 19 44
4011 19 19 20
2746 19 19 89
