2537
1115 0 0 44
1043 0 0 58
1372 0 0 1
3193 0 0 81
2838 0 0 18
75 0 1 87
1544 0 1 10
2641 0 1 18
2296 0 1 75
1244 0 1 1
1092 0 1 81
1485 0 1 29
866 0 2 68
20 0 2 18
2766 0 2 75
115 0 2 2
1060 0 2 87
146 0 2 93
531 0 2 27
2342 0 2 14
163 0 2 10
1776 0 2 53
1979 0 2 81
805 0 3 2
2154 0 3 18
2425 0 3 81
2730 0 3 69
1126 0 3 76
2557 0 3 53
767 0 3 35
1438 0 3 87
67 0 3 27
812 0 3 58
2852 0 4 91
2068 0 4 2
2416 0 4 43
1626 0 4 22
3050 0 5 64
2510 0 5 81
903 0 5 91
545 0 5 3
328 0 5 45
1615 0 6 91
3230 0 6 81
1912 0 6 35
881 0 6 25
2002 0 6 64
3431 0 6 71
1874 0 6 57
2657 0 6 3
1155 0 6 45
1581 0 7 4
3352 0 7 39
3349 0 7 57
2228 0 7 81
1898 0 7 45
300 0 7 64
874 0 7 22
1994 0 7 91
2584 0 7 71
2896 0 7 35
3374 0 7 86
1852 0 7 14
665 0 8 26
318 0 8 3
915 0 8 16
2550 0 8 74
349 0 9 41
2764 0 9 74
838 0 9 26
955 0 9 16
1289 0 9 81
1663 0 9 4
1774 0 9 56
516 0 9 89
2376 0 10 81
2972 0 10 4
1560 0 10 89
350 0 10 55
2947 0 10 26
398 0 10 41
1021 0 10 16
2820 0 10 74
1102 0 11 89
1502 0 11 79
69 0 11 60
2140 0 11 26
3036 0 11 16
2989 0 11 5
1639 0 11 50
2387 0 11 74
1871 0 11 55
3158 0 12 2
1313 0 12 20
85 0 12 46
1662 0 12 69
752 0 12 38
2479 0 13 38
2388 0 13 20
2019 0 13 53
2321 0 13 11
1224 0 13 77
1733 0 13 69
249 0 13 41
1020 0 13 2
1112 0 13 46
1509 0 14 64
3161 0 14 74
1862 0 14 87
469 0 14 3
307 0 14 77
3392 0 14 53
1202 0 14 46
2621 0 14 69
1737 0 14 42
1782 0 14 20
2162 0 14 38
2773 0 14 11
2971 0 15 64
3292 0 15 77
3470 0 15 18
1082 0 15 35
2767 0 15 2
549 0 16 64
2474 0 16 12
80 0 16 38
2164 0 16 58
3257 0 16 71
1456 0 16 3
784 0 16 53
2509 0 16 93
1231 0 16 20
1641 0 16 30
1629 0 16 81
515 0 17 12
944 0 17 20
1955 0 17 65
1722 0 17 58
1414 0 17 81
3235 0 17 18
657 0 17 38
1945 0 17 71
2587 0 17 88
782 0 17 30
1431 0 17 46
1981 0 17 2
288 0 18 12
2135 0 18 18
236 0 18 71
1729 0 18 1
373 0 18 58
3153 0 18 38
716 0 18 30
2837 0 18 81
2716 0 18 26
2979 0 19 81
1590 0 19 18
849 0 19 58
327 0 19 1
2075 0 19 30
904 1 0 19
2900 1 0 1
498 1 0 12
2149 1 0 58
1384 1 0 80
3085 1 0 44
1709 1 1 44
3203 1 1 65
110 1 1 80
840 1 1 2
1932 1 1 58
854 1 1 91
2061 1 1 29
862 1 1 19
35 1 1 53
662 1 1 8
1262 1 1 12
506 1 2 29
2403 1 2 65
884 1 2 8
1230 1 2 80
1799 1 2 59
2497 1 2 44
1777 1 2 53
2556 1 2 93
1135 1 2 71
780 1 2 3
911 1 2 19
1426 1 2 12
354 1 2 35
2202 1 3 88
1259 1 3 27
191 1 3 35
294 1 3 60
2609 1 3 81
850 1 3 76
1257 1 3 94
1478 1 3 3
45 1 3 19
1944 1 3 53
3267 1 3 44
1826 1 4 3
127 1 4 64
2768 1 4 22
2677 1 4 88
2496 1 4 43
1004 1 5 35
1910 1 5 43
189 1 5 88
1024 1 5 13
3270 1 5 3
411 1 5 62
1247 1 6 4
3160 1 6 92
963 1 6 14
1430 1 6 88
1123 1 6 25
1686 1 6 62
2495 1 7 25
791 1 7 40
773 1 7 5
2499 1 7 14
200 1 7 45
1367 1 7 50
1868 1 7 57
2261 1 7 92
305 1 7 72
639 1 7 64
2281 1 7 81
593 1 8 13
380 1 8 31
1832 1 8 73
2700 1 8 46
2637 1 8 3
3250 1 9 13
1523 1 9 31
361 1 9 56
77 1 9 73
185 1 9 81
3464 1 9 41
772 1 9 4
1902 1 9 46
1669 1 10 6
1161 1 10 39
961 1 10 21
2969 1 10 73
2794 1 10 46
1958 1 10 81
542 1 10 13
1542 1 10 31
3287 1 10 56
3291 1 11 75
2754 1 11 81
2163 1 11 60
284 1 11 7
587 1 11 47
1765 1 11 39
1272 1 11 51
556 1 11 67
2080 1 11 16
966 1 11 89
1849 1 11 31
2110 1 12 35
2992 1 12 18
2683 1 12 2
875 1 12 48
1840 1 12 78
2203 1 13 28
2617 1 13 18
2083 1 13 48
2988 1 13 64
2706 1 13 81
2278 1 13 35
1621 1 13 11
136 1 13 3
1199 1 13 41
2464 1 14 42
2775 1 14 11
1503 1 14 87
2326 1 14 64
2943 1 14 50
2848 1 14 20
2994 1 14 3
1027 1 14 46
100 1 14 74
608 1 14 54
1691 1 14 77
226 1 14 70
1427 1 14 82
1592 1 15 41
1543 1 15 20
13 1 15 64
1422 1 15 3
2498 1 15 81
2652 1 16 53
2022 1 16 20
3453 1 16 38
2583 1 16 78
1583 1 16 30
1747 1 16 93
2924 1 16 35
2981 1 16 12
2967 1 16 58
306 1 16 46
2252 1 16 81
1567 1 16 3
709 1 16 75
1470 1 17 88
2582 1 17 2
400 1 17 75
1568 1 17 46
974 1 17 93
675 1 17 65
3363 1 17 16
412 1 17 69
313 1 18 16
3272 1 18 65
340 1 18 75
2553 1 18 26
240 1 18 88
416 1 18 2
1648 1 19 1
2033 1 19 38
2325 1 19 16
1773 1 19 75
432 2 0 91
2360 2 0 1
3053 2 0 14
1068 2 0 37
192 2 0 57
774 2 1 18
3032 2 1 27
182 2 1 81
1176 2 1 46
2232 2 1 57
276 2 1 91
3366 2 1 37
78 2 1 69
2093 2 1 2
1091 2 2 37
177 2 2 22
2156 2 2 46
712 2 2 43
933 2 2 64
2874 2 2 29
153 2 2 11
2931 2 2 18
2689 2 2 69
703 2 2 57
1885 2 2 2
117 2 2 77
1302 2 2 81
1886 2 2 91
1189 2 3 19
1356 2 3 77
3482 2 3 38
1375 2 3 46
2485 2 3 29
987 2 3 82
2229 2 3 88
1836 2 3 94
2500 2 3 5
3079 2 3 62
2592 2 4 64
1188 2 4 35
3276 2 4 89
385 2 4 22
3253 2 4 3
2551 2 4 45
390 2 5 22
801 2 5 4
1057 2 5 43
3408 2 5 35
790 2 5 64
2159 2 5 57
3130 2 5 13
2919 2 5 90
3278 2 6 35
2010 2 6 6
2822 2 6 39
785 2 6 64
949 2 6 72
2380 2 6 14
2424 2 6 22
1145 2 7 7
1657 2 7 50
1504 2 7 72
394 2 7 15
2850 2 7 57
2831 2 7 25
1317 2 7 40
589 2 7 45
2663 2 7 64
1585 2 8 41
2398 2 8 56
2059 2 8 4
537 2 8 74
3106 2 8 16
2210 2 9 56
957 2 9 74
920 2 9 85
1298 2 9 16
329 2 9 50
103 2 9 28
2330 2 9 5
1950 2 9 41
1505 2 9 64
477 2 10 28
145 2 10 85
367 2 10 6
225 2 10 16
758 2 10 21
1359 2 10 55
1541 2 10 64
855 2 10 41
3319 2 10 70
1973 2 10 74
119 2 11 41
1706 2 11 67
568 2 11 89
764 2 11 16
2219 2 11 51
670 2 11 8
2634 2 11 31
637 2 12 28
3028 2 12 78
1324 2 12 43
2494 2 12 2
1664 2 13 20
1028 2 13 28
1699 2 13 3
686 2 13 10
1532 2 13 74
2064 2 13 78
2690 2 13 92
137 2 13 42
3318 2 13 48
1867 2 14 84
1128 2 14 46
2957 2 14 94
2526 2 14 42
789 2 14 55
121 2 14 87
3390 2 14 20
2914 2 14 4
3042 2 14 11
858 2 14 70
1203 2 15 3
793 2 15 82
132 2 15 28
1808 2 15 50
3356 2 15 64
3282 2 15 9
1397 2 16 31
2359 2 16 88
1595 2 16 43
3411 2 16 53
3290 2 16 20
557 2 16 82
2676 2 16 48
3334 2 16 96
1609 2 16 60
3046 2 16 3
1385 2 16 38
3310 2 17 88
231 2 17 96
1561 2 17 14
94 2 17 26
1865 2 17 35
369 2 17 48
3456 2 17 3
2356 2 17 59
1618 2 18 26
1466 2 18 14
2222 2 18 38
2306 2 18 59
1903 2 18 48
129 2 18 87
156 2 18 2
237 2 18 96
889 2 19 87
717 2 19 1
3102 2 19 38
1219 2 19 14
572 2 19 59
525 3 0 68
2540 3 0 93
528 3 0 27
2719 3 0 45
2589 3 0 2
1797 3 0 14
2420 3 0 53
314 3 1 14
1345 3 1 3
3358 3 1 53
291 3 1 8
1144 3 1 27
406 3 1 35
3224 3 1 44
1355 3 1 58
1873 3 1 68
3187 3 1 93
616 3 1 22
797 3 2 35
726 3 2 94
1598 3 2 27
3288 3 2 44
3486 3 2 4
642 3 2 14
2666 3 2 68
1513 3 2 22
488 3 2 8
1649 3 2 58
3412 3 3 47
2290 3 3 94
3164 3 3 5
2273 3 3 82
3434 3 3 88
471 3 3 22
3471 3 3 29
1855 3 4 60
1905 3 4 35
1140 3 4 10
2395 3 4 89
4 3 4 22
950 3 4 27
1767 3 4 71
522 3 4 47
118 3 5 33
1633 3 5 27
1967 3 5 19
2034 3 5 47
1975 3 5 60
2078 3 5 10
32 3 5 72
644 3 6 17
3002 3 6 27
1344 3 6 10
1984 3 6 33
484 3 6 47
751 3 6 60
573 3 6 72
2612 3 7 15
1749 3 7 72
1484 3 7 27
2834 3 7 64
851 3 8 81
2104 3 8 50
164 3 8 21
1612 3 8 31
3312 3 8 4
1475 3 9 21
3432 3 9 5
1968 3 9 81
3413 3 9 39
2784 3 9 11
680 3 9 50
1084 3 9 60
1818 3 9 31
1577 3 10 82
621 3 10 60
3047 3 10 11
1843 3 10 21
280 3 10 40
2961 3 10 6
2502 3 10 31
1617 3 10 50
710 3 10 70
2741 3 11 89
3174 3 11 31
1989 3 11 16
2978 3 11 51
144 3 11 41
1586 3 12 43
2331 3 12 48
2735 3 12 83
1374 3 12 19
1704 3 12 64
3090 3 12 3
1528 3 13 92
1948 3 13 28
2845 3 13 48
814 3 13 71
2204 3 13 64
49 3 13 19
2549 3 13 83
1177 3 13 43
1354 3 13 4
2807 3 14 84
1133 3 14 11
2480 3 14 4
2047 3 14 20
1949 3 14 88
731 3 14 28
625 3 14 64
1067 3 14 55
2552 3 15 35
935 3 15 88
2605 3 15 25
917 3 15 48
3259 3 15 66
2441 3 15 43
1054 3 15 84
839 3 15 28
3182 3 15 6
1461 3 15 21
591 3 16 20
999 3 16 82
540 3 16 88
2813 3 16 48
336 3 16 4
985 3 17 18
2998 3 17 30
1943 3 17 56
982 3 17 11
3138 3 17 2
255 3 17 46
36 3 17 24
1521 3 17 66
1556 3 17 71
1284 3 17 78
867 3 17 41
1303 3 17 94
1534 3 18 24
1348 3 18 93
2650 3 18 2
521 3 18 18
3439 3 18 46
3273 3 18 38
2843 3 18 65
3490 3 18 71
1418 3 19 24
899 3 19 46
2247 3 19 1
3484 3 19 65
534 3 19 93
3465 4 0 29
1582 4 0 65
1329 4 0 45
2368 4 0 19
2408 4 0 2
481 4 1 65
863 4 1 38
654 4 1 45
389 4 1 29
270 4 1 77
1340 4 1 57
1066 4 1 20
2515 4 1 88
2282 4 1 3
690 4 2 70
511 4 2 7
1256 4 2 20
319 4 2 84
3189 4 2 62
1827 4 2 45
1635 4 2 57
1546 4 2 77
980 4 2 91
3025 4 3 20
3246 4 3 39
1361 4 3 70
2385 4 3 92
1450 4 3 52
835 4 3 31
631 4 3 7
1088 4 3 84
2248 4 3 45
3100 4 3 77
2674 4 4 7
353 4 4 78
1033 4 4 31
2237 4 4 92
1287 4 4 39
3200 4 4 20
2744 4 4 52
1011 4 4 84
3058 4 4 70
1627 4 5 6
295 4 5 20
2591 4 5 76
2088 4 5 80
1042 4 5 39
3444 4 5 58
3398 4 5 92
842 4 6 70
1537 4 6 20
2409 4 6 80
2179 4 6 39
844 4 6 32
956 4 6 8
3327 4 6 84
948 4 6 51
1661 4 7 73
3077 4 7 27
2147 4 8 73
363 4 8 50
2074 4 8 5
2099 4 8 42
2808 4 9 73
1579 4 9 16
602 4 9 42
272 4 9 55
1037 4 9 82
444 4 9 6
409 4 10 45
1198 4 10 82
2710 4 10 16
1835 4 10 55
3308 4 10 42
2120 4 10 78
3074 4 10 91
2344 4 10 61
554 4 10 73
1168 4 10 6
3215 4 12 72
678 4 13 72
689 4 15 40
1717 4 15 84
2695 4 15 46
3091 4 15 60
2982 4 15 16
2809 4 15 69
3441 4 15 31
1548 4 15 79
1714 4 16 39
3057 4 16 84
994 4 16 31
2131 4 16 4
614 4 16 54
2401 4 16 11
1407 4 16 79
462 4 16 46
333 4 16 69
81 4 16 64
3407 4 17 53
162 4 17 84
3133 4 17 38
1750 4 17 45
663 4 17 69
1101 4 17 78
655 4 17 49
2956 4 17 4
2335 4 17 94
1034 4 17 64
1368 4 17 11
687 4 17 31
125 4 18 69
90 4 18 31
43 4 18 26
2309 4 18 2
1982 4 18 53
1107 4 18 64
865 4 18 11
770 4 18 84
1228 4 18 41
3269 4 18 38
2311 4 19 38
2067 4 19 2
2050 4 19 26
1701 4 19 53
1859 4 19 64
3141 4 19 84
1924 5 0 75
2167 5 0 91
601 5 0 52
1251 5 0 2
547 5 0 19
2856 5 0 68
873 5 1 91
632 5 1 75
1452 5 1 88
925 5 1 35
1364 5 1 17
964 5 1 52
368 5 1 68
3084 5 1 2
480 5 2 7
3092 5 2 31
105 5 2 70
128 5 2 75
813 5 2 84
2906 5 2 57
830 5 2 91
2860 5 2 37
719 5 2 45
2546 5 2 18
2451 5 3 66
2565 5 3 5
351 5 3 17
53 5 3 43
1237 5 4 5
1991 5 4 46
312 5 4 62
157 5 4 78
1961 5 4 89
1788 5 4 72
2255 5 4 24
3152 5 4 18
1036 5 4 32
2590 5 4 54
2619 5 5 89
3163 5 5 32
193 5 5 6
304 5 5 54
330 5 5 62
2226 5 5 46
1193 5 5 78
2712 5 6 90
2198 5 6 6
279 5 6 36
507 5 6 62
2941 5 6 78
24 5 6 32
2087 5 6 47
832 5 6 54
1051 5 8 41
1376 5 8 6
3275 5 8 27
953 5 8 70
973 5 9 6
388 5 9 32
2329 5 9 41
1647 5 9 70
2166 5 9 27
1094 5 9 77
1005 5 9 16
3345 5 10 70
1514 5 10 28
1439 5 10 77
3082 5 10 16
1081 5 10 32
72 5 10 58
2108 5 10 6
1387 5 10 36
877 5 10 41
1187 5 10 86
2888 5 12 6
1549 5 12 85
1299 5 12 78
152 5 12 31
2487 5 12 58
113 5 13 51
188 5 13 78
2132 5 13 36
3489 5 13 82
564 5 13 6
3063 5 14 89
702 5 14 83
2774 5 14 61
3355 5 14 78
1167 5 14 5
743 5 14 33
2490 5 14 41
3414 5 14 48
1104 5 14 24
2536 5 15 48
971 5 15 66
2127 5 15 41
2362 5 15 61
2726 5 15 27
932 5 15 78
2393 5 15 21
3300 5 15 5
3159 5 15 89
3166 5 15 83
990 5 16 27
1408 5 16 41
220 5 16 61
737 5 16 73
1064 5 16 89
1878 5 16 48
3108 5 16 65
106 5 16 83
648 5 16 21
615 5 16 4
3311 5 16 77
2632 5 17 4
634 5 17 65
1599 5 17 60
1980 5 17 77
741 5 17 12
1481 5 17 73
1223 5 17 48
1089 5 17 83
861 5 17 41
510 5 18 77
2150 5 18 41
1705 5 18 83
744 5 18 27
3268 5 18 3
3099 5 18 48
2085 5 18 65
1813 5 19 2
2715 5 19 77
1653 5 19 48
831 5 19 41
1789 6 0 1
636 6 0 14
2958 6 0 88
3020 6 0 65
3458 6 0 37
2891 6 1 29
3362 6 1 65
2816 6 1 91
1522 6 1 14
2351 6 1 44
289 6 1 88
1987 6 1 69
2271 6 1 2
3357 6 1 53
1778 6 2 29
1658 6 2 53
2614 6 2 75
2338 6 2 18
2599 6 2 45
1909 6 2 3
2869 6 2 7
653 6 2 37
1216 6 2 57
1848 6 2 69
2452 6 2 90
1775 6 3 45
3427 6 3 4
3094 6 3 89
1547 6 3 71
3212 6 4 5
577 6 4 32
2521 6 4 45
682 6 4 29
2647 6 4 53
2145 6 4 77
1971 6 4 89
173 6 4 62
853 6 4 24
465 6 4 71
519 6 5 50
2410 6 5 22
3447 6 5 58
3034 6 5 6
112 6 6 16
3496 6 6 6
424 6 6 35
2524 6 6 66
475 6 6 51
590 6 6 58
1052 6 6 80
3389 6 6 22
1823 6 8 60
538 6 8 20
2594 6 8 74
1214 6 8 6
1200 6 9 7
39 6 9 43
1473 6 9 20
1876 6 9 60
315 6 9 66
3116 6 9 74
1891 6 10 6
248 6 10 65
2404 6 10 18
41 6 10 42
2011 6 12 66
386 6 12 73
1410 6 12 37
1792 6 12 21
928 6 12 6
3416 6 13 28
223 6 13 36
2932 6 13 43
2574 6 13 60
3417 6 13 79
3101 6 13 54
1429 6 13 85
2512 6 13 67
1403 6 13 17
1611 6 14 67
1642 6 14 21
3213 6 14 28
2457 6 14 43
1001 6 14 16
1895 6 14 84
1087 6 14 61
3056 6 14 36
1738 6 14 79
527 6 14 54
533 6 15 16
1050 6 15 21
1640 6 15 28
1165 6 15 36
2449 6 15 53
3437 6 15 43
749 6 15 67
2542 6 15 60
1619 6 15 80
513 6 15 86
2776 6 16 28
397 6 16 86
1402 6 16 35
672 6 16 80
57 6 16 43
472 6 16 60
623 6 16 67
969 6 16 53
972 6 16 16
800 6 17 35
1941 6 17 43
2181 6 17 79
3351 6 17 86
2643 6 17 60
205 6 17 16
747 6 17 53
2922 6 17 6
2781 6 17 27
715 6 18 4
3405 6 18 15
2954 6 18 27
1999 6 18 79
3134 6 18 10
123 6 18 35
3244 6 18 53
1500 6 18 42
1233 6 19 15
2138 6 19 35
3321 6 19 3
2355 6 19 79
1070 7 0 12
210 7 0 18
1613 7 0 90
202 7 0 37
2486 7 0 1
1864 7 1 52
2008 7 1 75
207 7 1 7
1535 7 1 12
1467 7 1 2
970 7 1 18
355 7 1 91
2491 7 1 37
1350 7 2 7
1184 7 2 3
451 7 2 52
2339 7 2 75
2789 7 2 27
492 7 2 45
464 7 2 69
239 7 2 18
3103 7 2 91
992 7 2 12
2865 7 2 37
1413 7 3 71
2107 7 3 22
1210 7 3 53
2256 7 3 3
2785 7 3 89
2975 7 4 77
2844 7 4 62
2884 7 4 22
1166 7 4 4
501 7 4 29
2607 7 4 53
198 7 4 43
1794 7 5 32
1360 7 5 6
1146 7 5 65
1039 7 5 19
3462 7 6 51
2678 7 6 24
2046 7 6 6
859 7 6 32
196 7 6 19
2443 7 6 65
1395 7 6 86
1160 7 8 40
1771 7 8 6
1853 7 8 75
2208 7 14 73
3446 7 14 6
2833 7 14 63
1023 7 14 23
1748 7 14 56
1150 7 14 78
943 7 14 87
29 7 14 40
3071 7 14 47
1752 7 15 80
230 7 15 16
728 7 15 63
1339 7 15 73
3204 7 15 39
811 7 15 87
2648 7 15 55
2640 7 15 47
848 7 15 9
1221 7 16 87
1312 7 16 47
734 7 16 39
2631 7 16 55
759 7 16 9
3169 7 16 73
458 7 16 63
382 7 17 63
1164 7 17 87
332 7 17 55
1468 7 17 73
2390 7 17 25
711 7 17 47
2684 7 17 9
864 7 18 86
3017 7 18 4
2406 7 18 9
1421 7 18 25
2269 7 18 47
299 7 18 67
2603 7 18 63
981 7 19 47
1396 7 19 63
1690 7 19 3
2892 8 0 5
3008 8 0 39
139 8 0 52
916 8 0 78
2821 8 1 5
2200 8 1 57
778 8 1 78
1170 8 1 87
422 8 1 52
12 8 1 33
3062 8 1 39
1646 8 2 6
2916 8 2 91
1077 8 2 52
221 8 2 57
1759 8 2 78
3477 8 2 39
1320 8 2 14
11 8 2 66
1875 8 3 78
1058 8 3 57
28 8 3 33
2287 8 3 66
1809 8 3 52
364 8 3 25
1703 8 3 14
2545 8 3 6
1434 8 3 40
664 8 4 33
493 8 4 70
2853 8 4 78
517 8 4 25
868 8 4 57
2223 8 4 52
1588 8 4 7
550 8 4 15
1491 8 4 40
2664 8 5 40
799 8 5 70
3006 8 5 57
628 8 5 25
2703 8 5 78
2544 8 5 7
2483 8 5 82
1963 8 5 15
2953 8 5 33
1796 8 6 32
2861 8 6 40
3218 8 6 15
1174 8 6 8
1917 8 6 70
3043 8 6 58
3118 8 6 78
2032 8 6 25
3137 8 6 82
2718 8 8 51
833 8 8 26
569 8 8 79
1222 8 8 7
1197 8 10 7
988 8 10 76
500 8 10 68
1055 8 10 21
2840 8 11 68
22 8 11 15
2407 8 11 28
2980 8 11 6
604 8 12 39
1660 8 12 17
2214 8 12 6
2352 8 12 82
586 8 12 61
401 8 14 68
1017 8 14 15
1897 8 14 6
594 8 14 61
1377 8 14 76
1075 8 14 44
931 8 14 86
1563 8 15 28
2456 8 15 20
133 8 15 56
2307 8 15 80
1291 8 15 44
334 8 15 13
3369 8 15 76
2119 8 15 85
1596 8 15 7
3060 8 15 33
2260 8 15 70
535 8 15 61
2698 8 16 76
54 8 16 85
1225 8 16 44
3031 8 16 62
2749 8 16 27
2029 8 16 70
2501 8 16 13
761 8 16 56
2314 8 16 6
1624 8 16 33
2454 8 16 67
1458 8 17 13
1755 8 17 26
1134 8 17 6
228 8 17 76
1983 8 17 67
2573 8 17 44
82 8 17 85
901 8 17 33
754 8 18 33
597 8 18 4
1080 8 18 13
1847 8 18 67
180 8 18 76
619 8 18 44
1572 8 18 26
763 8 19 44
3306 8 19 13
1530 8 19 3
555 8 19 26
1069 9 0 33
453 9 0 76
97 9 0 5
34 9 1 76
2286 9 1 87
1616 9 1 43
2006 9 1 6
3391 9 1 33
92 9 1 65
134 9 2 17
111 9 2 43
3375 9 2 6
697 9 2 50
1828 9 2 34
2946 9 2 76
781 9 2 66
913 9 2 87
2518 9 3 7
2974 9 3 56
1008 9 3 66
2370 9 3 87
1153 9 3 43
2193 9 3 34
427 9 3 77
1933 9 3 17
2883 9 4 66
2392 9 4 34
912 9 4 17
455 9 4 43
1007 9 4 24
47 9 4 8
2455 9 4 54
1667 9 4 88
902 9 4 77
560 9 5 43
2195 9 5 77
187 9 5 8
1854 9 5 24
548 9 5 66
936 9 5 17
3127 9 5 34
2642 9 5 54
2862 9 6 86
1417 9 6 54
3173 9 6 43
2952 9 6 17
1884 9 6 24
1569 9 6 34
463 9 6 8
2187 9 6 77
2418 9 6 61
1591 9 6 66
442 9 8 24
1114 9 8 30
880 9 8 55
2206 9 8 76
346 9 8 7
2752 9 10 35
143 9 10 21
1620 9 10 49
2013 9 10 78
3054 9 10 7
1297 9 10 72
2910 9 11 35
376 9 11 72
2755 9 11 7
836 9 12 45
2188 9 12 5
84 9 12 15
2182 9 12 32
1837 9 12 76
1352 9 13 65
2134 9 13 40
2038 9 14 40
725 9 14 65
3233 9 15 75
55 9 16 62
3370 9 16 4
1476 9 16 32
450 9 16 17
1679 9 16 38
2533 9 16 47
303 9 16 88
195 9 16 54
168 9 16 68
1118 9 16 76
3401 9 17 68
3135 9 17 3
2318 9 17 47
1802 9 17 54
396 9 17 38
2672 9 17 88
1314 9 17 32
37 9 18 54
243 9 18 3
1308 9 18 38
1731 9 18 68
3316 9 18 88
1519 9 19 2
3388 9 19 54
269 9 19 88
765 10 0 45
3243 10 0 84
430 10 0 6
1539 10 0 62
696 10 1 16
282 10 1 62
429 10 1 66
3194 10 1 84
1506 10 1 6
2878 10 1 45
658 10 2 45
1656 10 2 84
181 10 2 24
2224 10 2 62
1239 10 2 16
1768 10 2 56
3451 10 2 6
1784 10 2 66
1141 10 2 50
1518 10 3 84
1227 10 3 50
1939 10 3 24
1116 10 3 7
666 10 3 56
856 10 3 62
796 10 3 70
1448 10 3 45
1986 10 3 16
900 10 3 33
1194 10 3 88
266 10 4 51
2986 10 4 7
1858 10 4 88
2146 10 4 45
1127 10 4 70
1110 10 4 33
2036 10 4 16
3033 10 4 24
1049 10 4 56
1394 10 4 62
322 10 5 70
2037 10 5 6
1870 10 5 75
3083 10 5 24
2731 10 5 45
1419 10 5 88
1739 10 5 62
1934 10 5 33
2218 10 5 16
428 10 5 51
2721 10 6 33
3247 10 6 8
1465 10 6 51
209 10 6 16
960 10 6 71
426 10 6 89
2990 10 6 22
1947 10 6 62
617 10 8 73
274 10 10 8
1508 10 10 85
1332 10 10 31
2577 10 10 19
1425 10 10 42
2062 10 10 62
559 10 11 85
3132 10 11 7
1899 10 11 19
2476 10 11 31
1411 10 12 5
652 10 12 82
1654 10 12 20
3286 10 12 47
3195 10 13 32
383 10 13 27
878 10 13 62
2289 10 13 55
2009 10 13 15
2959 10 13 89
247 10 13 72
1497 10 13 51
3379 10 14 72
1472 10 14 5
33 10 14 11
3148 10 14 38
2769 10 14 27
2627 10 16 56
968 10 16 26
3168 10 16 59
1098 10 16 44
135 10 16 32
1192 10 16 76
1761 10 16 4
3 10 16 12
2740 10 17 3
1280 10 17 44
1025 10 17 59
2534 10 17 68
3078 10 17 17
647 10 17 26
2373 10 17 84
574 10 18 29
441 10 18 3
184 10 18 59
2629 10 18 17
2183 10 18 68
565 10 18 84
1278 10 18 26
485 10 19 2
3007 10 19 29
3238 10 19 17
292 10 19 84
1285 11 0 31
2026 11 0 6
3426 11 0 48
495 11 0 74
2787 11 1 18
1281 11 1 40
1331 11 1 74
324 11 1 6
52 11 1 48
1718 11 1 57
393 11 1 31
172 11 2 57
2113 11 2 40
3242 11 2 74
828 11 2 6
302 11 2 48
1201 11 2 31
3344 11 2 18
2839 11 2 80
95 11 2 67
1056 11 3 6
1304 11 3 67
2015 11 3 57
2334 11 3 31
2830 11 3 48
1085 11 3 18
1240 11 3 24
108 11 3 40
392 11 3 80
2646 11 4 31
2234 11 4 6
445 11 4 40
3249 11 4 18
958 11 4 80
1371 11 4 67
3220 11 4 57
345 11 4 49
1625 11 4 24
906 11 5 25
1566 11 5 80
669 11 5 40
2419 11 5 67
705 11 5 58
1158 11 5 18
218 11 5 7
1048 11 5 49
2751 11 5 31
620 11 6 49
1213 11 6 18
2506 11 6 40
2111 11 6 7
2866 11 6 31
1892 11 6 25
2444 11 6 67
2097 11 6 80
2791 11 7 40
1800 11 7 80
2238 11 7 25
1445 11 7 36
1451 11 7 31
566 11 7 47
2942 11 7 67
2759 11 7 7
1857 11 8 78
2520 11 8 16
2295 11 8 8
673 11 8 51
1822 11 10 7
2114 11 10 62
1607 11 10 81
1447 11 10 40
1218 11 10 70
2116 11 10 36
1630 11 10 26
2604 11 11 62
1785 11 11 7
736 11 11 81
3128 11 11 22
753 11 11 36
2221 11 12 62
235 11 12 4
2918 11 12 86
2889 11 12 50
2367 11 13 21
1185 11 13 9
618 11 13 38
1211 11 13 55
3024 11 13 89
2753 11 13 32
219 11 13 27
1725 11 13 50
1795 11 13 15
452 11 13 80
2045 11 13 62
3096 11 14 4
1129 11 14 86
283 11 14 38
699 11 14 9
3030 11 16 5
60 11 16 29
1010 11 16 84
882 11 16 39
983 11 16 55
2571 11 16 20
3059 11 16 8
1492 11 16 46
676 11 16 67
1365 11 16 80
2970 11 17 3
2814 11 17 95
1274 11 17 19
30 11 17 84
1746 11 17 91
141 11 17 67
474 11 17 8
2568 11 17 26
3068 11 17 29
1734 11 17 46
359 11 17 80
1793 11 18 15
2039 11 18 19
685 11 18 91
1713 11 18 46
2051 11 18 68
250 11 18 80
508 11 18 3
2724 11 18 29
3271 11 19 14
278 11 19 68
1002 11 19 91
2575 11 19 1
1171 11 19 19
2257 11 19 30
1389 12 1 55
786 12 1 72
827 12 1 23
1929 12 1 36
27 12 1 81
3192 12 1 10
175 12 1 43
2783 12 2 23
2003 12 2 72
2396 12 2 43
3105 12 2 10
3488 12 3 9
1681 12 3 53
58 12 3 64
176 12 3 79
783 12 3 33
3492 12 3 73
2157 12 3 18
2880 12 3 25
1645 12 4 53
3245 12 4 8
16 12 4 73
3086 12 4 63
1290 12 4 25
99 12 4 33
1969 12 4 18
238 12 5 63
2793 12 5 33
260 12 5 18
1026 12 5 8
918 12 6 49
2909 12 6 61
1293 12 6 18
1721 12 6 25
2417 12 6 7
360 12 6 81
1122 12 7 61
1300 12 7 82
2904 12 7 18
3384 12 7 7
2623 12 7 66
2699 12 7 28
650 12 8 19
1735 12 8 28
1702 12 8 82
1844 12 8 61
2720 12 8 42
668 12 8 66
366 12 8 8
3402 12 8 70
611 12 10 8
1255 12 10 40
1208 12 10 46
347 12 10 66
1877 12 10 60
190 12 10 82
1250 12 10 22
1279 12 11 60
262 12 11 22
3422 12 11 7
8 12 11 82
2937 12 11 40
371 12 12 4
2471 12 12 27
1712 12 12 55
3365 12 12 88
2436 12 13 27
1644 12 13 5
1433 12 13 50
609 12 13 79
344 12 13 55
3387 12 13 20
154 12 13 38
822 12 13 62
2453 12 13 88
316 12 13 15
1162 12 14 15
1553 12 14 55
1610 12 14 79
3206 12 14 4
3010 12 15 13
3095 12 15 90
38 12 17 48
2758 12 17 76
2801 12 17 17
3425 12 17 55
404 12 17 59
2341 12 17 2
358 12 17 30
1270 12 17 10
1062 12 17 39
3041 12 17 84
131 12 18 59
3119 12 18 30
2103 12 18 91
1373 12 18 10
571 12 18 2
2963 12 18 15
1342 12 18 48
3039 12 18 76
887 12 19 48
2298 12 19 1
2522 12 19 30
1896 12 19 76
2018 12 19 10
1883 13 1 10
1507 13 1 50
1814 13 1 34
2354 13 1 64
3167 13 1 20
2343 13 2 64
2738 13 2 23
871 13 2 50
1715 13 2 10
2317 13 3 10
2312 13 3 53
661 13 3 36
470 13 3 64
2508 13 3 83
3360 13 3 25
2346 13 4 74
600 13 4 40
1136 13 4 9
825 13 4 35
1756 13 4 53
2903 13 4 82
1000 13 5 8
1292 13 5 74
1680 13 5 35
883 13 5 54
2310 13 6 49
679 13 6 18
576 13 6 7
296 13 6 81
1672 13 7 34
1499 13 7 73
1998 13 7 8
3175 13 8 8
2152 13 8 84
2115 13 8 53
735 13 8 73
1046 13 8 34
605 13 10 8
1951 13 10 46
2777 13 10 83
553 13 10 89
3066 13 10 79
3197 13 10 17
2489 13 10 70
10 13 11 8
1294 13 11 70
1341 13 11 83
1811 13 12 97
497 13 12 29
2030 13 12 63
1363 13 12 48
1103 13 12 1
413 13 12 13
891 13 13 13
1931 13 13 48
2169 13 13 18
834 13 13 86
1839 13 13 1
3178 13 13 29
1490 13 13 63
2177 13 14 86
2973 13 14 2
2262 13 14 18
986 13 14 26
3151 13 14 56
2514 13 14 48
3251 13 14 29
1716 13 14 13
415 13 14 63
377 13 14 5
993 13 14 75
1900 13 15 5
2586 13 15 67
3223 13 15 56
2105 13 15 63
2448 13 15 49
1178 13 15 38
3104 13 15 75
3009 13 15 79
2894 13 15 18
420 13 15 26
2481 13 17 68
232 13 17 13
824 13 17 19
199 13 17 56
1235 13 17 75
1454 13 17 34
375 13 17 3
362 13 17 93
984 13 17 83
1894 13 18 13
1159 13 18 68
967 13 18 83
3145 13 18 34
1558 13 18 2
483 13 19 48
1117 13 19 1
1169 13 19 13
2493 13 19 34
1780 13 19 76
896 14 1 21
443 14 1 61
2274 14 1 10
2691 14 1 40
818 14 1 72
1453 14 2 22
2365 14 2 80
1390 14 2 40
487 14 2 61
2184 14 2 9
1604 14 3 64
3117 14 3 83
2702 14 3 11
2611 14 3 40
126 14 3 53
1580 14 4 34
2194 14 4 83
3217 14 4 11
2175 14 4 49
558 14 4 25
1097 14 4 40
391 14 4 54
2320 14 4 66
2747 14 5 54
2128 14 5 18
1760 14 5 25
1692 14 5 77
3199 14 5 9
23 14 5 40
1570 14 5 34
1952 14 6 18
3450 14 6 66
2025 14 6 33
2028 14 6 8
1742 14 6 40
821 14 7 59
2066 14 7 78
1079 14 7 8
1486 14 7 36
1242 14 8 8
1536 14 8 78
1515 14 8 40
197 14 8 85
940 14 8 59
2598 14 8 17
2460 14 8 36
2705 14 10 82
1209 14 10 32
2569 14 10 8
598 14 10 16
2052 14 10 22
1825 14 10 69
1936 14 10 54
2422 14 11 8
1972 14 11 69
2190 14 11 16
1441 14 11 32
1925 14 12 11
1501 14 12 1
1349 14 12 37
1650 14 12 94
2092 14 12 23
89 14 13 11
212 14 13 1
2688 14 13 18
2727 14 13 37
505 14 13 59
2929 14 13 23
171 14 13 94
1096 14 13 79
179 14 13 5
342 14 14 11
788 14 14 46
544 14 14 16
211 14 14 86
70 14 14 2
241 14 14 37
921 14 14 5
169 14 14 23
1524 14 14 79
17 14 14 29
1872 14 14 94
1148 14 14 59
603 14 15 37
2445 14 15 23
1602 14 15 46
807 14 15 86
909 14 15 11
1474 14 15 16
116 14 15 2
1018 14 15 29
760 14 15 59
1698 14 15 65
2143 14 15 79
2842 14 15 94
215 14 16 65
1724 14 16 40
2411 14 17 46
2397 14 17 63
1111 14 17 18
3307 14 17 72
1675 14 17 12
2940 14 17 39
1307 14 18 1
514 14 18 80
1985 14 18 30
1815 14 18 56
2100 14 18 11
1071 14 18 15
217 14 18 71
325 14 18 5
1817 14 19 71
2070 14 19 97
3114 14 19 11
722 14 19 34
1953 14 19 1
1044 14 19 56
46 14 19 76
25 15 1 39
21 15 1 49
2826 15 1 58
3165 15 1 84
3440 15 2 49
2680 15 2 84
2201 15 2 54
852 15 2 66
1608 15 2 40
2399 15 3 64
3188 15 3 40
2415 15 3 54
2761 15 3 84
714 15 4 10
2466 15 4 31
860 15 4 67
2870 15 4 77
1697 15 4 54
40 15 4 85
2912 15 4 49
2212 15 4 44
3468 15 5 16
991 15 5 43
2191 15 5 49
1889 15 5 10
3353 15 5 66
2800 15 5 77
1191 15 6 16
2618 15 6 8
213 15 6 43
1764 15 6 66
1132 15 6 77
2748 15 7 8
1306 15 7 23
256 15 7 51
3418 15 7 89
1330 15 8 8
65 15 8 13
3146 15 8 36
2091 15 8 62
277 15 8 23
88 15 8 51
2723 15 10 39
937 15 10 8
2656 15 10 72
2786 15 10 82
674 15 10 53
599 15 10 24
1015 15 11 72
3409 15 11 8
2560 15 11 82
1863 15 11 39
3076 15 12 52
2875 15 12 1
1685 15 12 17
1318 15 12 9
908 15 12 92
1029 15 12 34
309 15 13 97
1637 15 13 9
876 15 13 52
819 15 13 92
268 15 13 34
562 15 13 13
165 15 13 82
893 15 13 2
2439 15 13 17
1346 15 13 56
3205 15 13 48
1520 15 14 2
2294 15 14 27
1753 15 14 53
2824 15 14 9
1666 15 14 14
1741 15 14 56
1186 15 14 92
3433 15 14 71
1248 15 14 17
1622 15 14 82
1678 15 14 34
1041 15 15 10
1420 15 15 92
2299 15 15 2
1409 15 15 14
2130 15 15 82
3216 15 15 71
2336 15 15 27
1399 15 15 56
624 15 15 65
2779 15 15 34
107 15 15 75
3123 15 16 63
435 15 16 40
2797 15 16 35
2576 15 16 72
1526 15 17 28
1180 15 17 46
1151 15 17 12
1830 15 17 72
1552 15 17 59
1142 15 17 39
3219 15 17 68
1265 15 17 37
1032 15 17 63
3098 15 17 18
688 15 18 54
745 15 18 7
203 15 18 59
124 15 18 95
692 15 18 27
1379 15 18 63
606 15 18 71
2670 15 18 83
1261 15 18 15
1807 15 18 91
2955 15 18 97
337 15 18 2
178 15 18 34
2687 15 18 46
252 15 19 15
2137 15 19 54
66 15 19 63
446 15 19 94
9 15 19 7
695 15 19 27
1516 15 19 1
996 15 19 83
3147 16 0 28
2527 16 1 9
1821 16 1 71
311 16 1 25
26 16 2 9
524 16 2 22
264 16 2 72
3016 16 5 8
677 16 5 23
2361 16 5 41
1689 16 5 16
2112 16 5 75
2581 16 6 8
1710 16 6 35
321 16 6 75
1143 16 6 54
61 16 7 38
417 16 7 60
872 16 7 86
1358 16 7 8
31 16 7 21
381 16 8 87
750 16 8 21
1673 16 8 38
1038 16 8 13
2270 16 8 8
1305 16 8 60
1217 16 8 70
2265 16 10 25
2076 16 10 64
68 16 10 49
2928 16 10 85
701 16 10 36
3226 16 10 19
2276 16 10 9
2610 16 11 36
1838 16 11 8
938 16 11 64
3325 16 11 85
2386 16 11 19
1398 16 12 79
2079 16 12 1
645 16 12 29
1574 16 12 87
2207 16 12 54
1682 16 13 79
1856 16 13 87
1353 16 13 29
2024 16 13 92
494 16 13 58
122 16 13 1
2000 16 13 7
3089 16 13 54
3475 16 13 90
3222 16 14 1
1480 16 14 17
2660 16 14 88
460 16 14 90
2616 16 14 55
2133 16 14 58
3209 16 14 79
1254 16 14 7
2934 16 14 29
1045 16 14 97
2991 16 15 95
530 16 15 39
894 16 15 63
997 16 15 25
2881 16 15 19
3305 16 15 71
1172 16 15 10
3466 16 15 59
3480 16 15 34
2291 16 15 45
206 16 15 65
2438 16 16 39
1220 16 16 20
489 16 16 45
109 16 16 68
3170 16 16 91
379 16 16 30
3329 16 16 25
2353 16 16 7
2220 16 16 63
2467 16 16 80
3115 16 16 95
1851 16 17 63
2192 16 17 93
3429 16 17 27
3026 16 17 59
3027 16 17 3
2654 16 17 18
1482 16 17 11
3328 16 17 37
3156 16 17 71
771 16 17 46
149 16 17 86
2272 16 18 90
3055 16 18 9
1869 16 18 26
907 16 18 80
490 16 18 2
290 16 18 95
1700 16 18 17
253 16 18 52
1196 16 18 34
421 16 18 76
2780 16 18 56
3260 16 19 15
456 16 19 1
1179 16 19 26
924 16 19 63
2205 16 19 90
2428 16 19 52
1882 16 19 9
2739 16 19 76
2762 17 0 84
2142 17 0 36
3081 17 0 28
3303 17 0 60
1047 17 1 51
2743 17 1 72
2369 17 1 9
3228 17 1 84
2379 17 1 21
3140 17 1 35
551 17 2 84
183 17 2 44
341 17 2 9
2158 17 2 21
1241 17 2 72
3013 17 3 31
613 17 3 9
2624 17 3 83
2473 17 3 66
2017 17 10 17
806 17 10 70
2539 17 10 32
583 17 10 51
286 17 10 63
3385 17 10 8
3239 17 10 36
1726 17 10 87
3196 17 11 8
723 17 11 17
2939 17 11 63
2058 17 11 32
348 17 11 87
3448 17 12 88
526 17 12 44
96 17 12 1
2697 17 12 52
437 17 12 17
2911 17 13 1
2004 17 13 4
2469 17 13 63
2782 17 13 17
1860 17 13 52
2711 17 13 44
2185 17 13 88
170 17 13 90
3040 17 13 30
2817 17 14 34
310 17 14 88
2069 17 14 52
1841 17 14 48
3080 17 14 92
3299 17 14 9
2898 17 14 63
1966 17 14 4
273 17 14 44
2239 17 14 30
2288 17 14 58
2517 17 15 95
1380 17 15 13
998 17 15 63
2378 17 15 23
1416 17 15 71
740 17 15 4
2578 17 15 54
2144 17 15 9
2440 17 15 34
721 17 15 19
2566 17 15 85
2825 17 15 27
2846 17 15 38
1781 17 15 45
3070 17 16 9
2129 17 16 83
148 17 16 92
1125 17 16 1
959 17 16 34
1962 17 16 54
2815 17 17 58
2180 17 17 2
73 17 17 11
160 17 17 9
2644 17 17 46
3125 17 17 15
775 17 17 71
1965 17 17 27
1959 17 17 98
244 17 17 54
3241 17 17 86
951 17 17 63
2172 17 17 37
2315 17 17 34
120 17 17 93
2337 17 18 79
2602 17 18 90
467 17 18 1
2828 17 18 71
2333 17 18 46
1392 17 18 9
147 17 18 63
1462 17 18 30
563 17 18 54
2077 17 19 46
885 17 19 71
3202 17 19 15
2835 17 19 1
3229 18 0 84
523 18 0 27
3454 18 0 18
1631 18 0 36
1147 18 0 51
3005 18 0 68
2659 18 0 60
2868 18 1 46
87 18 1 35
1362 18 1 56
946 18 1 68
378 18 1 9
941 18 1 21
640 18 1 84
2125 18 2 51
2435 18 2 56
2263 18 2 35
246 18 2 9
3111 18 2 79
2803 18 2 83
502 18 2 21
3368 18 3 9
1435 18 3 51
86 18 3 35
1751 18 3 77
1763 18 4 73
1810 18 4 59
3225 18 4 47
816 18 4 10
3073 18 4 24
3382 18 5 52
3400 18 5 42
1183 18 5 17
3000 18 5 63
2933 18 5 85
2511 18 5 70
1061 18 5 29
2096 18 6 20
1459 18 6 8
779 18 6 49
1412 18 6 30
1109 18 6 64
2704 18 7 67
1683 18 7 78
2031 18 7 42
2528 18 7 8
777 18 7 54
1791 18 7 72
2340 18 7 30
2987 18 8 24
2463 18 8 67
3419 18 8 87
3067 18 8 8
1525 18 8 37
727 18 8 42
633 18 9 37
1016 18 9 42
370 18 9 67
595 18 9 86
491 18 9 72
561 18 9 54
1406 18 9 8
1014 18 9 24
1074 18 9 49
3252 18 10 8
729 18 10 17
1328 18 10 49
2635 18 10 37
2186 18 10 67
898 18 10 21
3131 18 10 86
167 18 11 21
2507 18 11 8
1369 18 11 37
529 18 11 67
2055 18 11 86
580 18 12 1
581 18 12 23
1688 18 12 52
2275 18 12 82
2322 18 13 23
1106 18 13 85
1258 18 13 82
1065 18 13 1
2999 18 13 54
798 18 13 17
3261 18 14 63
3347 18 14 23
15 18 14 54
1636 18 14 85
3372 18 14 1
3237 18 14 4
2431 18 14 17
539 18 14 90
263 18 15 94
138 18 15 90
2750 18 15 9
588 18 15 48
2622 18 15 19
2921 18 15 44
2280 18 15 23
1336 18 15 27
739 18 15 54
3256 18 15 63
2266 18 15 17
1072 18 15 79
3001 18 15 34
74 18 15 7
2535 18 15 85
1494 18 15 1
952 18 16 76
2168 18 16 1
2995 18 16 86
635 18 16 15
51 18 16 6
1315 18 16 26
3330 18 16 46
1156 18 17 8
1432 18 17 58
975 18 17 15
410 18 17 27
2756 18 17 34
3479 18 17 91
104 18 17 44
1357 18 17 2
2949 18 17 63
91 18 17 86
234 18 17 46
815 18 17 84
2597 18 17 93
461 18 17 6
1677 18 18 86
667 18 18 26
331 18 18 79
151 18 18 30
1557 18 18 1
926 18 18 23
3003 18 18 46
2421 18 18 6
1195 18 19 23
1326 18 19 30
3011 18 19 1
2243 18 19 79
473 19 0 27
1745 19 0 44
1772 19 0 72
693 19 0 51
826 19 0 60
2504 19 0 10
1762 19 0 84
1351 19 0 36
3378 19 0 18
1266 19 1 60
161 19 1 51
1283 19 1 36
2665 19 1 18
1442 19 1 44
2412 19 1 10
2098 19 1 80
395 19 1 27
3285 19 2 17
1806 19 2 80
1720 19 2 10
174 19 2 44
2772 19 2 51
339 19 2 27
1009 19 2 36
433 19 3 77
2812 19 3 8
1995 19 3 36
281 19 3 27
3396 19 4 8
2829 19 4 20
2897 19 4 47
3069 19 4 70
2117 19 4 30
3149 19 5 15
2600 19 5 51
1926 19 5 42
694 19 5 63
2012 19 5 85
910 19 5 70
3093 19 5 30
130 19 6 63
365 19 6 85
2920 19 6 15
1510 19 6 42
3350 19 6 69
1487 19 6 51
3029 19 6 30
3467 19 6 78
423 19 7 30
1031 19 7 51
1446 19 7 69
3472 19 7 14
1 19 7 85
2231 19 7 78
101 19 7 42
3395 19 7 62
1850 19 8 62
3483 19 8 21
1562 19 8 14
1671 19 8 41
343 19 8 51
1614 19 8 78
1234 19 8 29
2170 19 8 87
1388 19 8 69
995 19 9 21
847 19 9 29
2858 19 9 69
1495 19 9 62
724 19 9 87
261 19 9 41
56 19 9 14
271 19 9 51
2095 19 10 8
486 19 10 69
1006 19 10 85
158 19 10 21
114 19 10 41
251 19 10 29
2867 19 10 49
546 19 10 13
1477 19 10 62
857 19 11 85
2189 19 11 29
1212 19 11 41
3332 19 11 62
1922 19 11 8
843 19 12 52
1207 19 12 1
3162 19 12 76
2165 19 13 79
2153 19 13 1
1325 19 13 76
2304 19 13 44
1632 19 13 23
1684 19 14 17
1634 19 14 1
596 19 14 79
1930 19 14 30
3336 19 14 82
1366 19 14 85
3051 19 14 76
2372 19 14 54
208 19 14 44
2564 19 15 34
468 19 15 54
1744 19 15 79
2056 19 15 30
320 19 15 1
700 19 15 44
646 19 15 63
384 19 15 9
1327 19 15 90
3232 19 16 1
1695 19 16 46
3248 19 16 23
2790 19 16 79
1723 19 17 91
2638 19 17 44
823 19 17 1
3294 19 17 57
457 19 17 63
1449 19 17 23
3373 19 17 80
1260 19 17 8
1469 19 17 83
732 19 17 27
293 19 18 76
3109 19 18 1
607 19 18 44
257 19 18 30
1711 19 18 23
1908 19 18 57
892 19 18 80
1138 19 18 83
2713 19 19 80
929 19 19 1
2235 19 19 57
