2304
2157 0 0 1
2345 0 0 13
1979 0 0 31
1823 0 0 72
2239 0 0 95
982 0 1 1
2503 0 1 63
2008 0 1 95
1722 0 1 13
4189 0 1 72
1664 0 1 92
2708 0 1 31
3400 0 2 1
3666 0 2 72
4659 0 2 92
1498 0 2 95
4202 0 2 31
324 0 2 13
3771 0 2 11
3149 0 2 57
2165 0 2 63
3861 0 2 90
2569 0 3 1
4316 0 3 97
1258 0 3 25
1557 0 3 60
4681 0 4 95
4674 0 4 30
3193 0 4 1
1926 0 4 52
2400 0 5 4
732 0 5 19
3374 0 5 59
2727 0 5 80
4216 0 5 35
2386 0 6 19
748 0 6 34
4027 0 6 80
2984 0 6 4
454 0 6 60
1984 0 7 4
4359 0 7 80
2062 0 7 39
1531 0 7 14
2851 0 7 60
3216 0 8 39
47 0 8 81
3641 0 8 14
2429 0 8 59
3320 0 8 4
2907 0 9 81
2152 0 9 15
1340 0 9 60
296 0 9 41
730 0 9 4
2966 0 10 84
4327 0 10 4
2047 0 10 14
2355 0 10 36
3155 0 10 64
4439 0 11 19
336 0 11 61
3431 0 11 4
1343 0 11 85
1276 0 11 37
4669 0 12 42
1844 0 12 23
2749 0 12 85
4084 0 12 60
821 0 12 6
1874 0 13 60
4427 0 13 42
1140 0 13 6
2276 0 13 21
1996 0 13 85
3488 0 14 52
2667 0 14 25
540 0 14 6
2243 0 14 73
2852 0 15 26
3448 0 15 55
2902 0 15 6
1504 0 15 70
1333 0 16 48
976 0 16 24
4128 0 16 69
4767 0 16 6
1173 0 17 6
3583 0 17 41
3483 0 17 62
624 0 18 78
815 0 18 6
4783 0 18 35
2024 0 18 54
3194 0 19 39
4586 0 19 75
4111 0 19 55
12 0 19 6
2272 1 0 99
2774 1 0 13
3618 1 0 72
3116 1 0 1
88 1 1 34
1781 1 1 1
2253 1 1 54
3315 1 2 22
726 1 2 83
2919 1 2 87
977 1 2 25
3992 1 2 52
392 1 2 57
1945 1 2 63
4429 1 2 45
2846 1 2 20
3337 1 2 1
3777 1 2 60
3717 1 2 13
4619 1 2 31
4176 1 2 72
2164 1 3 1
3277 1 3 20
4599 1 3 25
475 1 3 49
3014 1 3 52
4530 1 3 60
4102 1 3 83
3020 1 3 87
4057 1 3 22
2189 1 3 95
4273 1 3 97
2427 1 3 30
3233 1 4 87
4574 1 4 95
2475 1 4 30
3587 1 4 22
3450 1 4 52
1002 1 4 1
2947 1 5 35
2334 1 5 51
2793 1 5 18
3222 1 5 76
192 1 5 71
2208 1 5 59
4311 1 5 38
939 1 5 4
38 1 6 4
2110 1 6 51
671 1 6 19
4779 1 6 65
3159 1 6 92
1670 1 6 38
4464 1 6 59
4457 1 6 76
2353 1 6 71
3772 1 7 19
2054 1 7 71
3657 1 7 80
4572 1 7 30
2683 1 7 92
4324 1 7 60
3988 1 7 65
1167 1 7 38
2033 1 7 51
25 1 7 4
2848 1 8 4
4219 1 8 60
3179 1 8 65
3559 1 8 14
2007 1 8 19
2370 1 8 30
1796 1 8 92
610 1 8 11
2183 1 8 39
1159 1 8 51
2547 1 8 80
4487 1 9 18
4196 1 9 41
2378 1 9 4
4398 1 9 15
3025 1 9 65
455 1 9 81
1744 1 9 92
436 1 9 11
574 1 9 60
20 1 9 51
3791 1 10 9
2077 1 10 32
1227 1 10 80
2770 1 10 36
546 1 10 64
2078 1 10 14
3409 1 10 4
3556 1 10 57
822 1 10 84
133 1 11 54
494 1 11 4
3895 1 11 85
3510 1 11 37
2866 1 11 31
1186 1 11 80
825 1 11 15
4331 1 11 61
3538 1 11 19
4244 1 12 6
327 1 12 18
452 1 12 23
3688 1 12 78
1288 1 12 85
3871 1 12 42
2644 1 12 55
4182 1 12 60
3425 1 13 15
3763 1 13 63
3368 1 13 82
3204 1 13 6
1714 1 13 21
615 1 13 37
2706 1 14 52
2004 1 14 25
887 1 14 21
1580 1 14 6
1259 1 14 73
4555 1 14 46
4403 1 15 20
762 1 15 50
2472 1 15 70
497 1 15 55
1592 1 15 26
3818 1 15 82
223 1 15 6
4513 1 16 44
2213 1 16 69
1908 1 16 24
3335 1 16 20
4679 1 16 65
1230 1 16 48
686 1 16 6
1690 1 17 27
2443 1 17 6
1212 1 17 58
2615 1 17 41
860 1 17 62
4592 1 18 6
3520 1 18 29
911 1 18 54
4302 1 18 72
4159 1 18 78
4145 1 18 35
3577 1 18 90
4042 1 19 6
4160 1 19 55
2968 1 19 75
862 1 19 70
3910 1 19 33
1774 1 19 39
2483 2 0 70
2088 2 0 9
39 2 0 1
2055 2 1 68
2421 2 1 81
2459 2 1 54
1767 2 1 25
4777 2 1 31
2685 2 1 63
2028 2 1 73
1264 2 1 84
4212 2 1 47
3104 2 1 1
4227 2 1 27
4576 2 1 34
3305 2 2 1
2009 2 2 22
4369 2 2 53
4520 2 2 31
3671 2 2 83
4404 2 2 80
162 2 2 87
295 2 2 25
4309 2 2 47
2759 2 2 73
4211 2 2 68
2819 2 2 43
4344 2 2 63
4459 2 3 12
4623 2 3 39
4771 2 3 24
3406 2 3 94
156 2 3 97
3481 2 3 1
2241 2 3 22
4039 2 3 80
3297 2 3 87
4713 2 3 47
2913 2 3 43
4698 2 3 68
2196 2 3 51
4112 2 3 18
3323 2 3 73
1968 2 4 97
51 2 4 80
949 2 4 46
2037 2 4 1
1780 2 4 51
3250 2 4 43
4644 2 4 73
4565 2 4 21
4691 2 4 16
2931 2 4 93
2545 2 4 39
1095 2 5 4
999 2 5 38
3995 2 5 18
3555 2 5 57
262 2 5 80
1540 2 6 4
1725 2 6 80
2166 2 6 35
593 2 6 19
3286 2 6 58
1802 2 7 19
2168 2 7 4
3078 2 7 59
2049 2 7 34
1954 2 7 80
308 2 8 19
4567 2 8 62
4631 2 8 4
3356 2 8 45
3045 2 8 85
3778 2 9 5
1014 2 9 19
1375 2 9 42
3399 2 9 92
2869 2 9 65
3525 2 9 85
188 2 10 75
3947 2 10 9
1240 2 10 19
4071 2 10 79
3784 2 10 37
121 2 10 85
3134 2 10 49
3959 2 10 5
1538 2 10 54
1522 2 10 31
4125 2 10 64
3659 2 11 79
3164 2 11 85
3536 2 11 61
2133 2 11 37
10 2 11 4
2158 2 11 31
3655 2 11 54
3441 2 11 27
1866 2 11 19
2106 2 12 60
3527 2 12 78
2934 2 12 90
1229 2 12 55
209 2 12 18
3234 2 12 42
1450 2 12 85
3788 2 12 6
4402 2 12 23
760 2 12 37
1605 2 13 37
3349 2 13 82
3615 2 13 21
1888 2 13 15
2468 2 13 63
3366 2 13 75
4252 2 13 55
356 2 13 29
275 2 13 6
1638 2 14 25
82 2 14 6
1635 2 14 15
506 2 14 21
4478 2 14 73
1434 2 14 52
4358 2 14 46
2526 2 14 90
4721 2 15 55
3512 2 15 45
27 2 15 6
2101 2 15 70
4292 2 15 26
2656 2 15 20
1873 2 15 82
841 2 15 66
892 2 15 90
1674 2 16 69
899 2 16 65
806 2 16 48
4557 2 16 6
3344 2 16 19
755 2 16 24
4087 2 16 44
1633 2 16 89
1923 2 17 22
2534 2 17 55
3271 2 17 41
3739 2 17 62
2284 2 17 76
4666 2 17 6
1309 2 17 27
4651 2 18 22
2201 2 18 78
3738 2 18 64
685 2 18 90
3707 2 18 35
3960 2 18 72
2600 2 18 30
3643 2 18 54
3630 2 18 6
1628 2 19 22
1157 2 19 39
3049 2 19 33
4 2 19 75
2893 2 19 6
2403 2 19 65
4718 2 19 55
588 3 0 6
1867 3 0 29
3801 3 0 64
4570 3 0 1
3941 3 0 91
1257 3 0 9
1868 3 0 70
2614 3 1 63
2989 3 1 27
1361 3 1 34
135 3 1 25
1534 3 1 81
2733 3 1 1
1445 3 1 31
818 3 1 68
1728 3 1 73
3128 3 2 1
2623 3 2 92
4590 3 2 62
3070 3 2 15
4366 3 3 73
1224 3 3 18
1112 3 3 87
1342 3 3 1
3106 3 3 42
992 3 3 94
948 3 3 24
4384 3 4 43
2728 3 4 1
1768 3 4 46
157 3 4 51
2617 3 4 80
2416 3 4 93
3790 3 4 21
2911 3 5 4
385 3 5 29
4072 3 5 12
3899 3 5 82
1217 3 5 52
3150 3 6 49
2674 3 6 83
2102 3 6 30
549 3 6 12
4500 3 6 4
1608 3 7 4
148 3 7 55
1591 3 7 31
2815 3 7 11
4074 3 7 83
665 3 8 13
1295 3 8 4
3521 3 8 32
1523 3 8 54
1012 3 8 45
1970 3 8 85
4240 3 8 91
505 3 9 19
599 3 9 42
2566 3 9 65
2859 3 9 84
130 3 9 5
1797 3 9 92
2598 3 10 57
4425 3 10 88
4521 3 10 34
4690 3 10 13
3290 3 10 4
3529 3 11 4
3758 3 11 13
2924 3 11 55
3625 3 11 38
2261 3 12 6
2855 3 12 23
3089 3 12 78
1165 3 12 90
4008 3 12 12
3533 3 12 42
1249 3 12 85
1533 3 12 54
1886 3 12 60
729 3 12 37
1318 3 17 90
4077 3 17 7
254 3 17 65
3792 3 17 41
364 3 17 81
3859 3 18 90
661 3 18 81
931 3 18 65
2901 3 18 18
4017 3 18 39
3077 3 18 57
269 3 18 25
1068 3 18 6
3048 3 19 81
1074 3 19 6
3038 3 19 57
4646 3 19 75
1578 3 19 65
337 3 19 90
4177 3 19 22
1141 3 19 39
316 4 0 6
2808 4 0 64
2174 4 0 9
3931 4 0 27
4354 4 0 29
3047 4 0 70
2289 4 0 89
4267 4 0 59
1831 4 0 1
1769 4 1 69
1430 4 1 27
1283 4 1 73
4665 4 1 35
2030 4 1 1
4765 4 1 63
2698 4 1 66
2529 4 2 1
1243 4 2 36
3381 4 2 12
3606 4 2 91
1383 4 3 18
4059 4 3 94
3103 4 3 24
1388 4 3 42
1459 4 3 87
2294 4 3 1
3408 4 4 80
328 4 4 51
15 4 4 21
3319 4 4 93
4546 4 4 46
3015 4 4 1
3827 4 5 76
3094 4 5 48
3932 4 5 12
2371 4 5 52
2456 4 5 82
411 4 5 29
2322 4 5 4
4100 4 6 12
2130 4 6 52
2402 4 6 76
2439 4 6 25
3939 4 6 5
3892 4 6 30
1787 4 6 82
614 4 7 12
1421 4 7 55
1776 4 7 25
2214 4 7 83
2301 4 7 5
2379 4 7 31
2491 4 7 77
4653 4 8 20
1740 4 8 77
4541 4 8 31
1653 4 8 85
3949 4 8 91
3997 4 8 12
4093 4 8 70
4525 4 8 55
877 4 8 25
2059 4 8 5
4259 4 9 55
4283 4 9 20
2492 4 9 65
912 4 9 85
4098 4 10 20
575 4 10 84
70 4 10 41
2430 4 10 65
2193 4 11 24
3264 4 11 38
343 4 11 5
2595 4 11 55
334 4 11 80
650 4 12 89
3477 4 12 80
1928 4 12 16
3313 4 12 47
4743 4 12 6
3814 4 12 38
1021 4 17 23
4761 4 17 18
2375 4 17 40
4532 4 17 6
2374 4 17 63
2731 4 17 84
4473 4 17 12
3698 4 18 48
2658 4 18 56
4175 4 18 38
2126 4 18 6
2830 4 18 18
987 4 18 74
265 4 19 17
1 4 19 51
572 4 19 57
1211 4 19 81
2939 4 19 6
3154 4 19 36
3880 4 19 31
4389 4 19 22
843 5 0 1
2171 5 0 29
2199 5 0 64
2927 5 0 70
1902 5 0 27
4105 5 0 24
2179 5 0 9
2026 5 0 89
3112 5 0 55
4222 5 1 1
4621 5 1 26
1139 5 1 73
3916 5 1 63
2347 5 1 70
3696 5 1 35
3105 5 1 7
2519 5 1 66
906 5 2 11
4629 5 2 85
4009 5 2 95
350 5 2 1
3563 5 2 36
4321 5 3 94
935 5 3 24
3869 5 3 1
3950 5 3 18
4458 5 4 1
1286 5 4 21
4432 5 4 51
4461 5 4 93
2121 5 5 35
647 5 5 6
4422 5 5 72
4119 5 5 53
3723 5 5 87
917 5 5 16
2743 5 6 54
3879 5 6 87
1621 5 6 6
4045 5 6 73
2219 5 6 16
2258 5 6 33
570 5 7 55
1255 5 7 6
2150 5 7 87
735 5 7 71
1218 5 7 25
4628 5 7 14
1182 5 8 72
2730 5 8 14
2340 5 8 87
3541 5 8 6
1620 5 8 52
2917 5 8 33
898 5 9 42
2612 5 9 13
3710 5 9 4
3517 5 9 63
4078 5 9 85
3401 5 10 85
972 5 10 20
3966 5 11 88
4441 5 11 6
1308 5 11 72
4339 5 11 24
576 5 11 19
2268 5 11 51
144 5 15 6
3542 5 15 37
178 5 15 89
4024 5 15 84
2756 5 15 63
1397 5 16 6
4746 5 16 79
3974 5 16 90
1188 5 16 43
404 5 16 56
4231 5 16 60
734 5 16 86
1449 5 17 79
248 5 17 12
1244 5 17 23
569 5 17 5
2760 5 17 40
1666 5 17 63
3037 5 18 38
4716 5 18 22
4379 5 18 56
4019 5 18 74
823 5 18 6
1119 5 19 57
1273 5 19 81
2718 5 19 36
2892 5 19 6
173 5 19 22
3785 6 0 64
298 6 0 89
1271 6 0 24
1611 6 0 9
3617 6 0 2
687 6 0 29
4286 6 0 54
4611 6 1 36
2398 6 1 94
3447 6 1 3
4006 6 1 74
1890 6 1 9
1436 6 2 3
3184 6 2 36
3919 6 2 74
1610 6 3 8
4741 6 3 1
2983 6 3 54
2352 6 3 90
4221 6 4 1
3333 6 4 8
4549 6 4 81
1114 6 4 53
2237 6 5 30
3637 6 5 87
4013 6 5 53
3848 6 5 6
2509 6 5 14
968 6 5 35
3844 6 5 72
4117 6 6 16
2923 6 6 27
2092 6 6 54
1778 6 6 12
4270 6 6 73
75 6 6 33
3922 6 6 83
1254 6 6 6
4378 6 7 55
1586 6 7 25
1964 6 7 65
4376 6 7 44
2652 6 7 6
1080 6 7 87
426 6 7 71
3429 6 7 13
1602 6 8 14
4643 6 8 52
3348 6 8 66
2776 6 8 72
3839 6 8 7
706 6 8 83
1460 6 8 33
1536 6 9 32
4386 6 9 6
1280 6 9 16
3518 6 9 47
1655 6 9 78
1966 6 9 88
2668 6 10 20
837 6 10 85
571 6 11 47
3306 6 11 30
3417 6 11 77
3398 6 11 6
4448 6 11 16
1049 6 11 88
4171 6 13 28
1898 6 13 46
1950 6 13 12
3411 6 13 5
1967 6 13 73
1920 6 13 89
3826 6 15 12
4764 6 15 66
2040 6 15 5
2333 6 15 88
3176 6 15 22
2850 6 15 43
722 6 16 22
1543 6 16 60
2041 6 16 12
1860 6 16 5
2988 6 16 43
662 6 16 86
4508 6 17 89
4250 6 17 44
533 6 17 20
1689 6 17 5
3143 6 17 59
3661 6 18 91
2360 6 18 36
1065 6 18 5
387 6 18 65
1004 6 18 23
529 6 19 66
1505 6 19 20
3891 6 19 46
3358 6 19 5
1702 7 0 1
754 7 0 77
2539 7 0 35
4482 7 0 7
2358 7 1 1
299 7 1 12
2109 7 1 80
4454 7 1 41
2937 7 2 36
3874 7 2 74
2457 7 3 1
764 7 3 81
1553 7 3 31
34 7 3 12
1519 7 4 81
1563 7 4 53
4261 7 4 78
4143 7 4 1
956 7 4 7
836 7 5 14
1626 7 5 7
2609 7 5 78
2785 7 5 87
4453 7 5 49
3681 7 5 35
434 7 5 30
4249 7 5 65
1083 7 5 53
1550 7 5 72
175 7 6 33
2155 7 6 83
2725 7 6 27
4063 7 6 16
4512 7 6 7
1854 7 6 69
2390 7 6 73
451 7 6 49
2563 7 6 54
1453 7 6 12
769 7 7 80
2629 7 7 44
1548 7 7 65
2817 7 7 25
3747 7 7 39
603 7 7 87
2792 7 7 13
4558 7 7 71
3852 7 7 55
2190 7 7 6
2206 7 8 33
1577 7 8 48
1245 7 8 72
981 7 8 52
515 7 8 66
2287 7 8 7
1987 7 8 28
607 7 8 83
3092 7 8 14
4351 7 9 54
1029 7 9 35
4618 7 9 88
2930 7 9 6
2283 7 9 16
4550 7 9 73
3008 7 13 89
4585 7 13 6
3436 7 13 28
4281 7 13 33
4782 7 13 72
621 7 13 55
4382 7 13 77
4138 7 13 15
3800 7 13 50
23 7 14 6
313 7 15 6
1840 7 16 76
2962 7 16 24
1110 7 16 12
3896 7 16 49
3088 7 16 89
3813 7 16 5
3930 7 17 59
2909 7 17 44
3468 7 17 5
2811 7 17 78
3345 7 17 89
332 7 17 20
3862 7 17 16
3951 7 18 59
1599 7 18 65
3505 7 18 23
1613 7 18 32
2715 7 18 19
4573 7 18 83
3584 7 18 91
3715 7 18 5
4370 7 18 36
2586 7 19 16
2365 7 19 41
2804 7 19 66
4682 7 19 20
3108 7 19 91
2501 7 19 5
3882 7 19 46
3109 8 0 1
4051 8 0 43
1153 8 0 4
4762 8 0 67
2420 8 0 10
1467 8 0 95
727 8 0 77
2620 8 0 35
4608 8 0 30
4663 8 1 23
1221 8 1 2
3501 8 1 62
4695 8 1 67
933 8 1 27
2613 8 1 79
2995 8 1 30
2433 8 1 35
1247 8 1 95
4043 8 1 10
111 8 1 43
2086 8 2 30
3325 8 4 78
1938 8 4 7
3515 8 4 53
4426 8 4 2
3638 8 4 43
4179 8 4 73
3123 8 5 24
1124 8 5 87
353 8 5 30
1495 8 5 65
4233 8 5 49
1220 8 5 7
2363 8 5 35
3914 8 5 72
4123 8 5 14
3252 8 5 53
2410 8 5 59
1201 8 5 78
4647 8 6 55
129 8 6 78
3202 8 6 73
3427 8 6 88
2406 8 6 49
714 8 6 59
4533 8 6 16
2344 8 6 35
1881 8 6 7
4717 8 7 25
1151 8 7 65
2837 8 7 33
4467 8 7 7
2195 8 7 44
1959 8 7 80
3639 8 7 55
3926 8 7 71
3005 8 7 88
2753 8 7 13
643 8 7 39
1328 8 8 48
749 8 8 28
2886 8 8 14
580 8 8 52
2603 8 8 72
1765 8 8 33
453 8 8 7
3270 8 8 77
2072 8 8 83
3975 8 9 29
3969 8 9 53
310 8 9 7
4568 8 9 61
4693 8 11 7
3260 8 11 25
2663 8 11 58
4306 8 11 53
1483 8 12 51
2786 8 12 24
3548 8 12 72
3189 8 12 89
1925 8 12 7
2794 8 13 77
4551 8 13 5
641 8 13 15
4269 8 13 55
3167 8 13 33
2440 8 14 38
2858 8 14 5
1835 8 14 78
4399 8 14 54
973 8 14 19
2348 8 15 6
243 8 16 6
1000 8 16 51
3113 8 16 75
1686 8 16 91
6 8 16 83
3699 8 17 59
1142 8 17 46
4293 8 17 74
2992 8 17 91
3860 8 17 50
918 8 17 83
2499 8 17 6
3230 8 18 27
2879 8 18 66
3145 8 18 91
644 8 18 32
1219 8 18 41
4456 8 18 50
4237 8 18 6
1368 8 18 46
4440 8 18 56
954 8 18 74
1691 8 18 83
2584 8 18 11
2696 8 19 82
4002 8 19 74
2757 8 19 46
1422 8 19 50
4010 8 19 56
4271 8 19 66
2518 8 19 16
3055 8 19 27
2298 8 19 41
4081 8 19 20
1045 8 19 90
4289 8 19 11
1281 8 19 5
2546 9 0 1
498 9 0 43
849 9 0 76
2638 9 0 95
2453 9 0 10
1685 9 1 5
3258 9 1 95
2918 9 1 27
4194 9 1 1
3329 9 1 79
65 9 2 1
149 9 2 76
2632 9 2 19
984 9 4 72
4751 9 4 48
3592 9 4 10
2281 9 4 1
227 9 4 94
3911 9 5 52
4778 9 5 13
456 9 5 6
3403 9 5 68
1313 9 5 27
703 9 11 20
3180 9 11 24
3702 9 11 43
1836 9 11 39
4034 9 11 51
2570 9 11 72
4507 9 11 7
537 9 11 59
3972 9 11 89
547 9 11 65
360 9 12 51
2267 9 12 24
3998 9 12 43
1113 9 12 65
3392 9 12 72
852 9 12 7
256 9 12 89
2123 9 13 75
3420 9 13 19
1197 9 13 5
9 9 13 32
1940 9 13 56
4193 9 14 70
4740 9 14 90
4383 9 14 75
2823 9 14 32
2910 9 14 50
4712 9 14 5
1015 9 14 19
2624 9 14 14
3444 9 14 56
869 9 15 77
2377 9 15 50
970 9 15 26
1710 9 15 57
3786 9 15 90
2527 9 15 44
4371 9 15 6
3340 9 15 70
2734 9 15 34
3090 9 15 21
2726 9 15 81
3591 9 16 51
1969 9 16 55
71 9 16 62
1730 9 16 79
2626 9 16 30
4497 9 16 5
3423 9 16 14
1235 9 17 51
3043 9 17 16
4368 9 17 25
3213 9 17 83
3588 9 17 90
1456 9 17 39
1306 9 17 72
3849 9 17 58
3878 9 17 6
4571 9 18 55
2914 9 18 5
677 9 18 72
3379 9 18 14
431 9 18 33
2903 9 19 5
2712 9 19 90
2254 9 19 27
2002 9 19 56
4554 9 19 15
4540 9 19 82
2713 10 0 88
2741 10 0 30
1282 10 0 7
2341 10 0 46
4329 10 0 69
3391 10 1 7
4705 10 1 71
4388 10 1 48
2991 10 1 88
3626 10 1 30
4524 10 4 43
525 10 7 1
4224 10 7 10
3256 10 7 75
1457 10 7 92
4614 10 7 36
4041 10 8 1
2097 10 8 91
695 10 8 5
2163 10 8 29
4436 10 8 75
203 10 9 5
489 10 9 91
1820 10 9 1
2867 10 9 72
3912 10 9 44
194 10 10 1
128 10 10 30
3115 10 10 63
4157 10 10 88
3656 10 10 5
3131 10 11 3
2223 10 11 16
2697 10 11 42
3074 10 11 89
1024 10 11 70
3566 10 12 65
2431 10 12 90
1041 10 12 11
3246 10 12 3
1942 10 12 43
4650 10 13 18
1399 10 13 34
3251 10 13 57
4593 10 13 87
1576 10 13 5
218 10 14 37
1822 10 14 21
2535 10 14 57
4372 10 14 88
1351 10 14 5
1378 10 15 26
4213 10 15 69
4246 10 15 88
3543 10 15 50
427 10 15 76
1784 10 15 57
4750 10 15 6
3921 10 15 37
873 10 15 21
3169 10 15 29
4313 10 15 44
4671 10 15 81
1597 10 16 86
3834 10 16 37
3544 10 16 5
827 10 16 62
2994 10 16 55
268 10 16 30
2328 10 16 17
3837 10 17 17
756 10 17 79
605 10 17 39
345 10 17 13
3174 10 17 72
4348 10 17 58
414 10 17 83
1206 10 17 5
4156 10 18 79
710 10 18 31
1948 10 18 5
3654 10 18 13
3321 10 18 72
1745 10 18 56
484 10 18 16
4489 10 18 39
4317 10 19 56
4199 10 19 79
1202 10 19 5
4630 10 19 16
770 10 19 31
1549 10 19 37
1547 10 19 67
4559 10 19 72
4781 11 0 63
2479 11 0 20
1405 11 0 88
3822 11 0 69
2631 11 0 46
1169 11 0 7
4655 11 0 40
1053 11 1 20
4486 11 1 40
600 11 1 7
3753 11 1 58
3976 11 1 84
3022 11 3 4
4364 11 3 66
242 11 3 22
1634 11 3 48
4445 11 3 74
1253 11 3 83
2993 11 3 11
3201 11 4 19
4350 11 4 62
246 11 4 86
4299 11 4 45
4649 11 4 4
1637 11 6 5
3714 11 6 75
4127 11 6 1
217 11 6 48
2426 11 6 92
2772 11 11 89
2940 11 11 3
3461 11 11 37
3640 11 11 16
2556 11 11 42
3770 11 11 83
2323 11 11 70
2748 11 12 11
2801 11 12 3
3032 11 12 65
1947 11 12 90
4412 11 12 32
1320 11 12 43
3627 11 12 85
3750 11 12 61
1446 11 13 81
322 11 13 5
3973 11 13 87
219 11 13 18
4095 11 13 34
3650 11 13 56
4730 11 14 13
991 11 14 49
1008 11 14 87
3059 11 14 18
3728 11 14 34
4744 11 14 29
3487 11 14 56
526 11 14 81
4737 11 14 5
169 11 15 34
406 11 15 56
3825 11 15 13
2057 11 15 26
474 11 15 81
3565 11 15 29
1955 11 15 18
2397 11 15 76
3612 11 15 50
2836 11 15 5
234 11 15 87
2847 11 16 16
2074 11 16 5
1251 11 16 37
4154 11 16 62
2295 11 16 86
2192 11 17 58
2042 11 17 34
2321 11 17 17
4000 11 17 5
921 11 17 83
2498 11 18 17
4704 11 18 39
2959 11 18 56
545 11 18 83
3730 11 18 5
4336 11 19 79
258 11 19 16
1810 11 19 5
422 11 19 67
3663 11 19 37
3929 12 3 4
1055 12 3 22
2191 12 3 66
302 12 3 82
3761 12 3 48
759 12 3 75
3228 12 3 11
2689 12 4 77
4282 12 4 46
513 12 4 59
2177 12 4 64
4195 12 4 14
4772 12 4 34
3986 12 8 27
4411 12 8 62
2986 12 8 87
3773 12 8 2
958 12 9 55
907 12 9 90
4417 12 9 41
3893 12 9 2
1930 12 11 28
2905 12 11 32
2357 12 11 43
3572 12 11 11
2444 12 11 56
2224 12 11 37
1814 12 11 61
4598 12 11 65
3946 12 11 70
4560 12 11 85
4310 12 11 90
72 12 11 16
667 12 11 3
3019 12 12 11
2259 12 12 61
3668 12 12 28
3534 12 12 43
2517 12 12 65
800 12 12 56
3100 12 12 80
2505 12 12 3
2148 12 12 32
2922 12 12 85
150 12 12 90
4606 12 13 87
1481 12 13 9
3993 12 13 31
4243 12 13 61
3935 12 13 2
2522 12 13 68
398 12 13 35
3962 12 13 94
3635 12 13 74
1156 12 14 9
3597 12 14 31
1371 12 14 68
3054 12 14 94
2944 12 14 87
2691 12 14 2
2411 12 14 74
4463 12 14 62
4758 12 14 56
3530 12 14 35
4466 12 15 69
3352 12 15 26
3551 12 15 62
2080 12 15 31
1869 12 15 2
2880 12 15 87
2405 12 15 74
4731 12 15 55
2639 12 15 94
4300 12 15 9
4634 12 15 35
3414 12 16 10
3748 12 16 66
1046 12 16 92
4537 12 16 39
3516 12 16 2
2722 12 17 2
1433 12 17 29
3898 12 17 68
4198 12 17 91
165 12 17 10
471 12 18 57
1792 12 18 89
94 12 18 9
895 12 18 2
2231 12 18 33
861 12 19 9
3031 12 19 30
648 12 19 2
3557 12 19 87
3780 12 19 37
3924 13 0 87
2382 13 0 17
1993 13 0 40
2361 13 0 4
3242 13 0 22
3866 13 0 62
2602 13 0 82
4406 13 0 45
4450 13 0 66
1738 13 1 45
3207 13 1 55
1144 13 1 40
2309 13 1 4
3446 13 1 22
1317 13 1 62
3011 13 1 36
2650 13 1 66
1735 13 1 82
3397 13 1 87
1341 13 2 79
1312 13 2 82
3928 13 2 62
889 13 2 4
2816 13 2 87
3133 13 2 22
565 13 2 36
4241 13 2 45
4079 13 2 48
2945 13 2 55
4290 13 2 66
363 13 3 82
655 13 3 4
73 13 3 55
1819 13 3 22
1081 13 3 87
3117 13 3 62
394 13 3 66
527 13 3 36
3208 13 3 48
4108 13 4 14
2863 13 4 93
4285 13 4 34
2768 13 5 18
3984 13 5 60
4141 13 5 44
2469 13 5 67
2763 13 5 83
4673 13 5 89
3139 13 5 4
4374 13 6 65
554 13 6 87
4535 13 6 4
3226 13 6 14
3353 13 6 36
4409 13 7 16
3648 13 7 39
728 13 7 86
3695 13 7 4
4365 13 7 66
3651 13 8 62
744 13 8 79
4038 13 8 88
2218 13 8 27
1788 13 8 17
2466 13 8 58
1518 13 8 3
952 13 11 3
3644 13 11 17
3293 13 11 72
3178 13 11 67
3462 13 11 32
2095 13 11 36
4132 13 11 90
1076 13 12 3
4604 13 12 36
2853 13 12 17
3339 13 12 72
4308 13 12 90
407 13 13 74
3749 13 13 91
4135 13 13 2
4385 13 13 35
2780 13 13 68
4733 13 13 94
2935 13 13 32
81 13 13 9
1878 13 14 32
1135 13 14 92
3268 13 14 12
2288 13 14 79
3312 13 14 2
4670 13 14 28
3052 13 14 8
3713 13 14 76
2329 13 14 56
3513 13 15 76
804 13 15 62
3033 13 15 35
2723 13 15 79
3362 13 15 3
3422 13 15 69
2695 13 15 12
1491 13 15 87
803 13 15 94
4577 13 15 56
2894 13 16 79
4110 13 16 23
1452 13 16 3
2844 13 16 68
4185 13 16 10
3205 13 16 92
3210 13 16 39
3183 13 16 33
4158 13 16 57
3454 13 17 33
1492 13 17 3
1187 13 17 9
4097 13 17 92
4287 13 17 23
4597 13 17 57
4109 13 17 68
1766 13 17 37
3006 13 17 79
317 13 18 2
3456 13 18 33
4191 13 18 9
2197 13 18 37
1339 13 18 57
312 13 18 92
2707 13 18 20
3347 13 18 79
1817 13 18 23
4652 13 18 89
646 13 19 2
3156 13 19 87
891 13 19 30
2149 13 19 9
206 13 19 37
2732 13 19 23
4395 13 19 79
4178 14 0 45
1918 14 0 66
692 14 0 4
3203 14 0 22
4148 14 0 87
1763 14 1 4
874 14 1 61
850 14 1 44
339 14 1 21
3701 14 2 20
2926 14 2 65
3662 14 2 4
2654 14 2 48
2951 14 3 4
1490 14 3 36
1697 14 3 70
3708 14 3 22
4320 14 4 34
651 14 4 13
3994 14 4 93
3480 14 5 3
2812 14 5 44
4150 14 5 18
4443 14 5 67
1359 14 5 89
4061 14 6 3
656 14 6 14
2655 14 6 49
2889 14 6 84
2929 14 7 3
2286 14 7 73
3002 14 7 78
2257 14 7 20
1555 14 7 53
552 14 8 32
1137 14 8 66
1514 14 8 86
476 14 8 92
3908 14 8 78
124 14 8 3
3560 14 8 22
900 14 8 73
3604 14 8 50
1166 14 11 5
4648 14 12 5
2900 14 13 74
1292 14 13 93
433 14 13 35
2488 14 13 9
4220 14 13 2
2413 14 14 32
2173 14 14 79
445 14 14 93
3755 14 14 2
4086 14 14 8
521 14 14 12
3757 14 14 56
1462 14 15 3
573 14 15 35
4529 14 15 12
2107 14 15 23
1205 14 15 69
386 14 15 94
1934 14 15 28
4073 14 15 76
3709 14 15 89
3794 14 15 56
1770 14 15 8
4277 14 15 62
561 14 16 68
249 14 16 33
4625 14 16 51
4049 14 16 39
4050 14 16 23
1138 14 16 3
3835 14 16 17
4091 14 16 57
2521 14 16 79
3979 14 16 10
2938 14 16 92
1269 14 17 67
3746 14 17 91
4775 14 17 3
52 14 18 73
4774 14 18 3
2805 14 18 45
103 14 19 67
3281 14 19 39
3153 14 19 91
1535 14 19 3
3751 15 0 88
2957 15 0 12
4332 15 0 3
4312 15 0 33
2543 15 0 47
3603 15 1 26
4408 15 1 3
2053 15 1 64
2767 15 1 10
959 15 1 86
4522 15 2 3
3602 15 2 12
1403 15 2 67
3904 15 2 88
1443 15 2 44
4183 15 3 18
232 15 3 89
684 15 3 3
3466 15 3 62
3076 15 3 31
4166 15 4 33
2070 15 4 13
493 15 4 93
3669 15 5 64
2555 15 5 75
4284 15 5 89
1572 15 5 23
3863 15 5 43
1619 15 5 4
3187 15 6 84
3613 15 6 3
2048 15 6 21
4060 15 6 49
1431 15 6 45
595 15 6 66
4640 15 6 14
701 15 6 41
3944 15 6 71
375 15 6 92
4725 15 7 17
3485 15 7 66
2676 15 7 3
2441 15 7 89
4025 15 7 21
2099 15 7 50
1262 15 7 63
3272 15 7 71
320 15 7 92
817 15 7 45
1895 15 7 37
4474 15 7 84
1077 15 8 3
3732 15 8 22
3132 15 8 86
439 15 8 71
1316 15 8 37
4617 15 8 17
3711 15 8 92
4562 15 8 50
1508 15 8 66
1520 15 8 57
1278 15 9 18
463 15 9 40
480 15 9 72
2549 15 9 91
4197 15 9 3
87 15 10 69
2280 15 10 91
1864 15 10 11
1125 15 10 40
3334 15 10 3
4657 15 11 37
1209 15 11 68
3330 15 11 3
4708 15 11 17
1390 15 11 91
1595 15 12 4
1487 15 13 93
4476 15 13 2
3464 15 13 79
1661 15 13 9
3375 15 13 32
1346 15 14 2
4694 15 14 32
4225 15 14 79
2263 15 14 93
3823 15 14 12
171 15 15 94
3937 15 15 69
1818 15 15 12
2738 15 15 66
2270 15 15 76
2887 15 15 56
441 15 15 89
1105 15 15 23
1882 15 15 28
1304 15 15 3
4664 15 15 35
3888 15 15 52
4776 15 15 62
2660 15 16 92
2857 15 16 39
2464 15 16 33
832 15 16 3
2180 15 16 10
2799 15 16 57
3499 15 16 17
3161 15 16 20
4496 15 16 51
503 15 16 68
2104 15 16 79
1783 15 17 39
866 15 17 45
676 15 17 31
1861 15 17 67
3724 15 17 60
1717 15 17 24
856 15 17 3
1154 15 17 63
4335 15 17 85
3303 15 17 73
2278 15 17 91
2222 15 18 24
1927 15 18 39
4206 15 18 67
2332 15 18 31
2669 15 18 91
3741 15 18 73
4333 15 18 45
3463 15 18 3
1855 15 18 84
2244 15 18 63
3152 15 19 91
4022 15 19 39
2705 15 19 84
2798 15 19 63
4167 15 19 31
195 15 19 67
1418 15 19 3
3855 16 0 47
1441 16 0 81
210 16 0 88
3890 16 0 3
3255 16 0 29
4654 16 0 12
3736 16 0 33
4506 16 1 86
1647 16 1 64
3990 16 1 26
1573 16 1 59
3490 16 1 3
2186 16 1 21
3519 16 1 10
2351 16 1 80
2611 16 2 67
3173 16 2 48
3141 16 2 88
2625 16 2 44
2557 16 2 93
1747 16 2 33
3632 16 2 12
750 16 3 33
3610 16 3 12
2936 16 3 88
1435 16 3 93
1703 16 3 44
2255 16 3 67
3198 16 4 41
532 16 4 93
2317 16 4 12
1742 16 4 72
4739 16 4 33
1560 16 4 67
4479 16 5 91
3099 16 5 75
2831 16 5 86
2954 16 5 62
983 16 5 10
382 16 5 47
2982 16 5 50
3511 16 5 5
4703 16 5 54
3294 16 5 19
4056 16 6 3
1319 16 6 45
924 16 6 21
1777 16 6 92
261 16 6 71
4152 16 7 3
2514 16 7 63
3608 16 7 16
1879 16 7 43
2618 16 7 50
3847 16 7 89
4455 16 8 46
2399 16 8 41
1163 16 8 22
4188 16 8 57
4035 16 8 86
3836 16 8 3
3716 16 8 17
986 16 8 61
1412 16 9 42
4032 16 9 88
1503 16 9 18
2451 16 9 46
1650 16 9 98
2349 16 9 2
3389 16 9 74
2308 16 10 91
790 16 10 42
3276 16 10 74
3442 16 10 36
2953 16 10 47
2436 16 10 18
4692 16 10 69
638 16 10 2
586 16 10 88
4584 16 11 92
4347 16 11 25
1804 16 11 38
4103 16 11 63
2540 16 11 57
1310 16 11 3
1044 16 11 53
62 16 11 76
3571 16 12 4
4256 16 13 4
193 16 14 3
2122 16 14 43
1791 16 15 28
2627 16 15 35
3382 16 15 96
1759 16 15 56
2293 16 15 69
2108 16 15 76
120 16 15 89
2043 16 15 52
1238 16 15 3
4170 16 15 62
1568 16 15 66
1265 16 15 12
2346 16 16 92
3304 16 16 88
2619 16 16 75
3945 16 16 51
2462 16 16 57
1911 16 16 20
4420 16 16 3
2998 16 16 37
3768 16 16 68
1601 16 16 79
3266 16 17 24
2773 16 17 85
3783 16 17 56
3720 16 17 45
3680 16 17 60
204 16 17 3
2063 16 17 91
1630 16 17 39
369 16 17 73
739 16 17 63
1464 16 17 67
3745 16 18 59
925 16 18 91
1266 16 18 3
1466 16 18 38
4040 16 19 28
4322 16 19 3
110 16 19 86
3218 16 19 64
4706 17 0 47
4342 17 0 83
3262 17 0 88
4190 17 0 53
4421 17 0 76
235 17 0 29
2143 17 0 33
4291 17 0 12
2465 17 0 61
4720 17 0 4
4357 17 0 22
468 17 1 88
164 17 1 29
1059 17 1 93
3224 17 1 3
3679 17 1 53
2704 17 1 47
4449 17 1 64
2790 17 1 12
2013 17 1 33
3036 17 2 64
3225 17 2 88
4260 17 2 48
231 17 2 93
4553 17 2 17
1019 17 2 33
4307 17 2 12
3364 17 3 51
2136 17 3 79
2156 17 3 28
743 17 3 4
4510 17 4 85
2338 17 4 52
1941 17 4 4
4054 17 4 23
2737 17 5 19
509 17 5 91
2601 17 5 10
141 17 5 4
3524 17 5 23
245 17 5 50
187 17 5 54
2648 17 5 40
2958 17 5 86
3923 17 5 75
944 17 5 47
1479 17 6 45
3636 17 6 19
2824 17 6 4
1363 17 6 91
2046 17 6 23
2797 17 6 47
3079 17 6 10
333 17 6 54
85 17 6 67
4514 17 6 74
3760 17 6 86
4263 17 7 3
2899 17 7 16
4661 17 7 50
1708 17 7 63
4068 17 8 61
4155 17 8 22
4470 17 8 46
1712 17 8 3
3622 17 9 18
2210 17 9 88
3522 17 9 46
4255 17 9 2
444 17 10 2
3097 17 10 47
4428 17 10 91
3217 17 10 20
2622 17 11 57
3806 17 11 63
3927 17 11 38
3244 17 11 2
2877 17 11 45
2538 17 11 53
2876 17 11 76
1679 17 11 92
1060 17 11 67
4279 17 11 25
4415 17 11 86
3016 17 12 15
4210 17 12 45
2290 17 12 86
3983 17 12 2
1826 17 12 49
4168 17 12 63
2075 17 12 82
878 17 13 81
2058 17 13 2
4620 17 13 13
4228 17 13 45
681 17 14 3
1207 17 15 3
679 17 16 15
2616 17 16 96
3135 17 16 75
4531 17 16 3
2184 17 16 41
859 17 16 46
2671 17 16 24
4757 17 17 41
3172 17 17 73
3307 17 17 67
4523 17 17 50
288 17 17 3
1532 17 17 15
4697 17 17 46
3372 17 17 91
183 17 17 56
3646 17 17 28
4763 17 17 24
4641 17 18 64
1588 17 18 41
4136 17 18 56
2841 17 18 38
492 17 18 82
2396 17 18 87
1906 17 18 3
3433 17 18 22
4700 17 18 28
3953 17 19 79
2553 17 19 28
1439 17 19 87
3580 17 19 22
3120 17 19 64
2204 17 19 3
3506 17 19 59
1478 17 19 82
4738 18 0 53
1277 18 0 27
402 18 0 12
2525 18 0 83
4735 18 0 4
467 18 0 61
3298 18 1 82
2587 18 1 7
4122 18 1 77
4468 18 1 32
4296 18 1 26
2673 18 1 52
2796 18 1 59
1007 18 2 88
4627 18 2 11
397 18 2 24
222 18 2 81
2881 18 2 93
2651 18 2 33
4442 18 2 58
1485 18 3 11
3065 18 3 93
4637 18 3 80
541 18 3 7
4391 18 3 32
5 18 3 56
3269 18 3 88
207 18 4 27
3642 18 4 11
1971 18 4 77
2167 18 4 30
1204 18 4 3
1716 18 4 7
1718 18 4 53
3692 18 4 93
196 18 5 4
4380 18 5 50
2710 18 5 71
3308 18 5 75
1876 18 5 43
2747 18 6 54
4230 18 6 74
3471 18 6 4
4301 18 6 10
3384 18 6 47
929 18 6 90
4583 18 6 19
3415 18 6 23
4423 18 6 67
2711 18 7 2
720 18 7 74
4264 18 7 80
1223 18 7 92
1991 18 7 45
3547 18 7 21
923 18 8 24
542 18 8 70
585 18 8 74
4294 18 8 2
1314 18 8 45
4675 18 8 81
634 18 8 92
2169 18 8 42
3029 18 8 16
1652 18 8 52
447 18 9 74
3254 18 9 82
1097 18 9 52
4146 18 9 2
4755 18 9 70
1338 18 9 25
4602 18 9 92
3326 18 9 57
1088 18 9 45
927 18 9 16
3573 18 10 92
938 18 10 25
559 18 10 52
461 18 10 57
1181 18 10 2
4502 18 10 19
4658 18 10 70
4266 18 10 75
4018 18 10 84
936 18 10 45
824 18 10 16
3810 18 11 2
4297 18 11 25
3 18 11 45
2807 18 11 53
3367 18 11 38
1515 18 11 70
3350 18 11 84
2162 18 11 67
1352 18 11 75
3857 18 11 13
1795 18 11 92
4413 18 11 57
1998 18 12 63
3287 18 12 86
740 18 12 15
3762 18 12 49
2128 18 12 17
4687 18 12 2
1325 18 13 32
252 18 13 29
985 18 13 60
3503 18 13 95
553 18 13 12
3338 18 13 15
3686 18 13 2
3797 18 14 2
361 18 14 12
2006 18 14 15
863 18 14 48
482 18 14 32
4085 18 14 51
2709 18 14 77
4639 18 14 91
578 18 14 60
884 18 14 96
3906 18 15 33
4205 18 15 2
3470 18 15 10
3918 18 15 15
4015 18 15 66
1748 18 15 42
3248 18 15 69
3359 18 15 94
4569 18 16 74
3473 18 16 13
1741 18 16 95
3721 18 16 49
3676 18 16 42
4493 18 16 69
46 18 16 2
4564 18 17 80
1028 18 17 3
3915 18 17 72
2036 18 17 15
4080 18 17 19
33 18 17 90
2147 18 17 54
3552 18 17 46
3484 18 18 41
3978 18 18 22
3440 18 18 3
4349 18 18 63
4130 18 18 81
97 18 18 78
1063 18 18 60
1961 18 18 87
3295 18 19 28
2736 18 19 3
1248 18 19 64
4047 18 19 82
4480 18 19 22
3664 18 19 59
1821 18 19 87
1302 19 0 83
2800 19 0 12
224 19 0 3
4174 19 0 27
1618 19 0 61
1420 19 1 32
4055 19 1 3
3385 19 1 7
3963 19 1 59
1437 19 1 82
3537 19 2 10
3354 19 2 3
3322 19 2 58
477 19 2 81
1242 19 2 33
366 19 3 56
2963 19 3 3
1096 19 3 32
4754 19 3 80
1569 19 3 7
617 19 4 11
473 19 4 30
2746 19 4 56
1972 19 4 77
271 19 4 3
2085 19 5 4
2051 19 5 50
3342 19 5 75
4410 19 6 54
1256 19 6 10
14 19 6 3
1833 19 6 74
4672 19 6 23
1330 19 7 52
1905 19 7 21
657 19 7 80
2965 19 7 2
581 19 8 81
3956 19 8 2
184 19 8 24
3842 19 8 52
2315 19 9 2
2217 19 9 25
1398 19 9 82
4424 19 9 57
738 19 10 23
139 19 10 2
3096 19 10 84
3775 19 10 56
1094 19 11 2
1332 19 11 23
4163 19 11 86
3498 19 11 56
4192 19 12 86
4477 19 12 63
425 19 12 2
3288 19 12 17
3196 19 13 2
2229 19 13 96
1574 19 13 32
292 19 13 77
54 19 13 15
608 19 14 11
3039 19 14 51
1191 19 14 77
4200 19 14 2
3404 19 14 96
1290 19 15 69
3858 19 15 2
1939 19 15 15
1827 19 15 42
294 19 16 74
1404 19 16 2
2714 19 16 49
1347 19 16 13
4165 19 17 54
44 19 17 80
4405 19 17 19
4276 19 17 3
775 19 18 81
4519 19 18 3
793 19 18 63
4407 19 18 41
2373 19 19 64
1565 19 19 82
1575 19 19 28
3647 19 19 3
