2268
5343 0 2 45
5095 0 2 70
4880 0 2 86
3518 0 2 65
2931 0 2 6
4092 0 2 33
3284 0 2 51
1805 0 2 78
2751 0 2 17
120 0 3 70
3434 0 3 17
4574 0 3 33
574 0 3 86
4103 0 3 6
3426 0 3 51
653 0 4 35
2838 0 4 6
2929 0 4 57
2758 0 4 75
2325 0 4 16
4127 0 5 16
3480 0 5 54
2901 0 5 6
1644 0 5 35
2865 0 5 81
3510 0 6 56
2013 0 6 5
1026 0 6 30
1124 0 6 70
2551 0 6 14
2326 0 7 31
1909 0 7 83
1157 0 7 5
85 0 7 90
1289 0 7 52
5090 0 7 14
4439 0 8 12
4937 0 8 53
4876 0 8 5
2135 0 8 76
2733 0 8 29
4793 0 8 87
1250 0 9 15
2864 0 9 5
4234 0 9 28
2103 0 9 51
3154 0 9 78
404 0 9 88
4997 0 10 28
2937 0 10 5
1999 0 10 15
2209 0 10 51
5120 0 10 78
2419 0 10 88
5006 0 11 28
2444 0 11 20
1957 0 11 96
3914 0 11 1
3180 0 12 1
68 0 12 16
314 0 12 66
4104 0 12 96
1199 0 13 1
1054 0 13 32
229 0 13 77
925 0 13 97
2645 0 14 1
3389 0 14 21
2229 0 14 97
4919 0 14 78
4908 0 15 80
4961 0 15 22
2411 0 15 97
4159 0 15 1
893 0 16 92
2971 0 16 49
755 0 16 1
1597 0 16 17
3090 0 17 1
3335 0 17 53
4942 0 17 91
1561 0 17 7
2623 0 18 1
4509 0 18 14
4715 0 18 90
3512 0 18 29
1154 0 19 14
1624 0 19 1
1376 0 19 56
4537 0 19 89
614 1 0 18
4668 1 0 74
3918 1 0 54
3583 1 0 6
1600 1 0 33
4705 1 2 30
64 1 2 6
2096 1 2 74
2226 1 2 54
2258 1 2 18
4950 1 3 6
3461 1 3 30
3965 1 3 70
4220 1 3 54
4352 1 3 17
3654 1 4 18
2280 1 4 34
4401 1 4 6
2518 1 4 57
1470 1 4 71
108 1 4 75
1551 1 5 81
4933 1 5 45
3109 1 5 16
2507 1 5 30
2521 1 5 77
5244 1 5 35
2014 1 5 6
3526 1 5 54
2998 1 6 70
3867 1 6 46
5076 1 6 8
1716 1 6 14
4842 1 6 30
2503 1 6 56
3659 1 6 88
2284 1 6 5
2402 1 7 90
223 1 7 48
1056 1 7 25
3833 1 7 31
3127 1 7 77
4237 1 7 5
1739 1 7 83
292 1 7 52
2741 1 7 13
3820 1 8 70
2650 1 8 29
2617 1 8 84
2071 1 8 87
1590 1 8 12
2443 1 8 5
3779 1 8 53
3189 1 8 76
4617 1 9 85
2651 1 9 5
5009 1 9 52
2566 1 9 15
3825 1 9 27
5038 1 9 74
1164 1 10 51
3328 1 10 28
762 1 10 78
734 1 10 48
1994 1 10 5
4906 1 10 88
709 1 10 15
3457 1 11 1
1921 1 11 96
2759 1 11 28
2367 1 11 20
894 1 11 47
5215 1 12 91
409 1 12 97
3484 1 12 45
5254 1 12 47
4674 1 12 13
5271 1 12 66
2399 1 12 28
1939 1 12 1
3283 1 12 16
1549 1 12 20
4741 1 13 62
4949 1 13 95
5013 1 13 77
2017 1 13 1
4039 1 13 20
2889 1 13 32
3405 1 14 1
1814 1 14 21
5057 1 14 94
4370 1 14 78
4781 1 14 17
5205 1 14 61
2197 1 15 1
5046 1 15 17
1532 1 15 80
4156 1 15 77
1609 1 15 22
753 1 15 97
4656 1 16 86
4854 1 16 12
5266 1 16 17
22 1 16 92
3285 1 16 1
4470 1 16 46
187 1 16 49
4138 1 17 86
2887 1 17 7
4597 1 17 53
1806 1 17 1
4694 1 17 45
3448 1 17 91
3905 1 18 90
3324 1 18 1
4415 1 18 54
2466 1 18 11
2553 1 18 14
4272 1 18 29
5082 1 19 1
3151 1 19 56
5360 1 19 6
4135 1 19 82
3699 1 19 89
4016 2 0 84
3993 2 0 14
5317 2 0 34
354 2 0 6
2070 2 0 77
2264 2 0 60
1448 2 0 39
3647 2 0 20
995 2 5 30
4465 2 5 45
1460 2 5 73
891 2 5 16
4658 2 5 54
3831 2 5 35
2984 2 5 6
2780 2 5 10
118 2 5 77
2888 2 5 81
4740 2 6 8
1869 2 6 5
2519 2 6 70
2803 2 6 88
727 2 6 14
3800 2 6 30
1340 2 6 56
2826 2 6 46
2107 2 7 5
3751 2 7 48
2455 2 7 84
1422 2 7 90
2227 2 7 77
4184 2 7 69
2989 2 7 31
2480 2 7 13
3520 2 7 52
1116 2 8 88
3559 2 8 15
1680 2 8 78
4246 2 8 55
5223 2 8 6
5021 2 8 29
1954 2 9 74
1692 2 9 78
2311 2 9 88
363 2 9 28
3614 2 9 15
280 2 9 55
4924 2 9 6
4081 2 10 88
1455 2 10 28
4443 2 10 15
1835 2 10 55
3303 2 10 6
1282 2 10 73
2526 2 10 78
817 2 10 84
3474 2 11 78
2100 2 11 1
2880 2 11 16
5169 2 11 95
5015 2 12 66
4914 2 12 54
5097 2 12 28
4255 2 12 80
3995 2 12 91
703 2 12 32
4571 2 12 47
2398 2 12 1
4189 2 12 22
1007 2 12 62
3454 2 13 62
3685 2 13 22
2754 2 13 32
4810 2 13 65
3990 2 13 10
2031 2 13 53
2729 2 13 1
4298 2 13 80
4129 2 13 44
5173 2 13 19
4088 2 14 61
5128 2 14 44
4733 2 14 10
5200 2 14 80
3844 2 14 59
3259 2 14 1
4819 2 14 65
1348 2 14 22
2314 2 14 18
2606 2 14 53
5262 2 15 10
5181 2 15 22
463 2 15 80
3404 2 15 1
5026 2 15 53
5087 2 15 59
4044 2 15 77
4292 2 16 93
1181 2 16 42
205 2 16 17
3232 2 16 46
4317 2 16 72
3103 2 16 1
4647 2 16 12
4142 2 16 49
2953 2 17 86
3565 2 17 93
2385 2 17 49
5098 2 17 38
2720 2 17 17
3964 2 17 7
3661 2 17 12
1583 2 17 1
1347 2 17 53
4210 2 17 42
4718 2 17 72
4794 2 18 14
5084 2 18 38
4315 2 18 54
4305 2 18 72
993 2 18 49
4964 2 18 7
5065 2 18 29
3242 2 18 86
3223 2 18 93
3320 2 18 2
1214 2 18 42
5012 2 18 17
4275 2 19 6
3911 2 19 1
1725 2 19 56
3901 2 19 82
3596 2 19 89
691 2 19 34
1526 3 0 20
681 3 0 39
119 3 0 83
568 3 0 6
3903 3 0 59
3390 3 1 6
2202 3 1 37
1547 3 1 59
4616 3 1 81
3862 3 1 16
3112 3 2 35
3371 3 2 81
4023 3 2 56
3338 3 2 6
4714 3 2 16
5253 3 3 6
1442 3 3 33
5144 3 3 18
3893 3 3 49
4911 3 3 76
2354 3 4 28
3694 3 4 70
104 3 5 48
1279 3 5 84
4221 3 5 27
11 3 5 5
3246 3 5 73
5393 3 5 13
3466 3 6 8
4599 3 6 56
3961 3 6 90
5063 3 6 31
882 3 6 79
4188 3 6 38
992 3 6 15
760 3 7 78
220 3 7 21
4209 3 7 38
3792 3 7 6
5187 3 7 31
2810 3 7 15
1158 3 7 90
4170 3 7 55
3088 3 8 46
2163 3 8 55
5075 3 8 26
5132 3 8 38
323 3 8 88
3972 3 8 6
5039 3 8 78
3370 3 8 15
2902 3 9 73
1655 3 9 48
3021 3 9 85
766 3 9 5
4498 3 9 13
2825 3 9 28
236 3 9 44
1481 3 10 26
4243 3 10 46
3806 3 10 73
3288 3 10 55
4407 3 10 6
4602 3 10 84
4835 3 10 15
3733 3 11 1
1174 3 11 78
3181 3 11 94
3491 3 11 8
2035 3 12 47
1096 3 12 77
4075 3 12 22
4022 3 12 28
4732 3 12 54
1729 3 12 66
3877 3 12 80
190 3 12 32
1878 3 12 91
2059 3 12 1
4485 3 12 62
4018 3 13 53
1476 3 13 1
421 3 13 20
2454 3 13 95
4822 3 14 95
942 3 14 15
1719 3 14 65
5292 3 14 1
3947 3 15 1
482 3 15 10
3570 3 15 59
3301 3 15 95
180 3 16 35
1193 3 16 39
578 3 16 72
2124 3 16 66
751 3 16 83
4201 3 16 17
713 3 16 93
3554 3 16 95
1899 3 16 56
3329 3 16 26
4550 3 16 50
2012 3 17 35
2565 3 17 83
603 3 17 86
1853 3 17 93
1403 3 17 72
3411 3 17 56
1671 3 17 95
1749 3 17 39
250 3 17 49
4435 3 17 66
111 3 17 17
1628 3 18 82
3651 3 18 72
824 3 18 49
3677 3 18 14
7 3 18 86
334 3 18 93
715 3 18 34
2339 3 18 17
3624 3 18 38
4478 3 18 56
2043 3 19 1
5048 3 19 34
2644 3 19 79
3795 3 19 82
5316 3 19 6
3083 3 19 89
61 3 19 48
4070 3 19 56
765 3 19 31
1068 4 0 81
2120 4 0 1
1922 4 0 9
3439 4 1 83
3573 4 1 1
53 4 1 14
3732 4 2 92
679 4 2 16
3953 4 2 1
689 4 3 33
5325 4 3 56
4945 4 3 16
5035 4 3 6
767 4 3 76
3530 4 4 28
4549 4 4 70
2328 4 5 47
1040 4 5 5
4522 4 5 82
5390 4 5 12
3289 4 5 25
4619 4 5 73
1773 4 6 56
2413 4 6 8
208 4 6 79
3481 4 6 38
1565 4 6 91
4612 4 6 31
1278 4 7 82
2391 4 7 31
2248 4 7 23
3705 4 7 6
3437 4 7 47
3944 4 7 51
4079 4 7 75
4026 4 8 51
393 4 8 6
3876 4 8 31
2365 4 8 82
4975 4 8 75
3879 4 9 73
3167 4 9 85
202 4 9 5
294 4 9 15
2191 4 9 28
3634 4 9 48
3297 4 10 26
5008 4 10 15
657 4 10 5
5372 4 10 73
4373 4 10 85
3716 4 10 55
856 4 11 11
4273 4 11 54
3563 4 11 1
2123 4 11 8
1183 4 11 62
4587 4 11 78
1209 4 11 92
936 4 11 94
820 4 12 8
2985 4 12 22
3850 4 12 28
3869 4 12 47
446 4 12 19
1697 4 12 66
4506 4 12 54
790 4 12 1
3178 4 12 40
5024 4 12 32
2322 4 12 80
825 4 13 47
2928 4 13 40
2294 4 13 80
1813 4 13 54
2879 4 13 22
965 4 13 66
239 4 13 1
4115 4 13 32
3626 4 13 28
4784 4 14 12
426 4 14 60
4516 4 14 1
3126 4 14 92
2207 4 15 95
2178 4 15 83
2026 4 15 26
3034 4 15 51
2557 4 15 17
864 4 15 56
1527 4 15 73
2410 4 15 36
174 4 15 66
3711 4 16 50
2808 4 16 17
1988 4 16 73
443 4 16 93
2464 4 16 95
352 4 16 66
2302 4 16 26
3345 4 16 36
611 4 16 39
155 4 16 83
1896 4 16 56
1580 4 17 12
4795 4 17 88
1297 4 17 1
552 4 17 66
152 4 18 1
2334 4 18 86
4646 4 18 66
2490 4 18 10
1009 4 19 79
3922 4 19 5
3524 4 19 48
3682 4 19 1
4826 5 0 58
1612 5 0 9
1777 5 0 1
4615 5 0 81
1677 5 0 30
4551 5 0 98
3025 5 0 28
3754 5 0 74
4657 5 1 9
1952 5 1 58
2855 5 1 98
5045 5 1 74
3757 5 1 14
1016 5 1 1
4874 5 1 76
2429 5 1 33
4771 5 1 55
4328 5 1 83
21 5 2 76
2768 5 2 55
2784 5 2 83
254 5 2 71
3048 5 2 33
5247 5 2 52
862 5 2 1
4756 5 2 58
1861 5 2 14
1998 5 2 9
5245 5 3 1
1103 5 3 9
4518 5 3 79
4790 5 3 83
3960 5 3 58
1817 5 3 14
2352 5 3 55
4141 5 3 6
676 5 3 76
2614 5 3 94
1674 5 3 33
588 5 5 8
3615 5 6 8
4447 5 7 14
2622 5 7 24
4788 5 7 46
1330 5 7 6
4062 5 7 29
3360 5 7 89
2671 5 7 52
622 5 7 35
1534 5 8 35
854 5 8 86
2190 5 8 6
3617 5 8 24
4496 5 8 74
3367 5 8 20
763 5 8 28
3887 5 8 41
3590 5 8 62
2777 5 8 52
4078 5 9 62
4058 5 9 6
2260 5 9 41
4667 5 9 74
1488 5 9 86
4344 5 9 20
3379 5 9 24
2300 5 9 28
1798 5 9 35
209 5 10 20
1067 5 10 6
4869 5 10 40
2836 5 10 83
866 5 10 62
1092 5 11 11
256 5 11 62
4828 5 11 1
1976 5 11 94
4281 5 12 62
3701 5 12 1
4682 5 12 42
4719 5 14 58
182 5 14 96
1962 5 15 96
3988 5 15 57
2386 5 16 13
1171 5 16 69
5157 5 16 2
907 5 16 88
4355 5 17 65
2701 5 17 24
3152 5 17 2
3110 5 17 85
4236 5 18 2
3695 5 18 22
1784 5 18 64
868 5 18 85
2517 5 19 84
1913 5 19 30
1356 5 19 50
2000 5 19 2
4453 6 0 74
5167 6 0 1
4519 6 0 30
4216 6 1 76
2471 6 1 1
4448 6 1 33
4119 6 4 28
699 6 4 51
4034 6 4 73
2317 6 5 72
2501 6 5 14
2320 6 5 5
1318 6 5 56
4796 6 5 32
2204 6 6 8
3346 6 6 32
3883 6 6 5
4712 6 6 57
3445 6 6 71
4684 6 7 23
4106 6 7 89
2003 6 7 14
4404 6 7 6
3095 6 7 29
3814 6 7 46
1019 6 7 80
1255 6 8 6
1732 6 8 40
1828 6 8 64
2619 6 8 20
3144 6 8 83
4970 6 8 27
4931 6 9 6
888 6 9 85
4552 6 9 64
3001 6 9 28
5037 6 9 19
1147 6 9 59
2963 6 9 41
1610 6 9 35
4655 6 9 79
2700 6 10 21
2295 6 10 53
1973 6 10 2
300 6 11 82
4450 6 11 2
2964 6 11 50
2247 6 11 17
4809 6 12 82
321 6 12 2
1328 6 12 20
2069 6 12 54
1083 6 14 1
278 6 14 79
3562 6 14 41
1315 6 14 11
134 6 15 2
4770 6 15 57
5161 6 15 92
3450 6 15 96
4697 6 15 13
4909 6 16 57
156 6 16 2
1438 6 16 7
5088 6 16 13
4283 6 16 96
618 6 16 78
3198 6 16 44
2975 6 16 61
1985 6 16 91
4789 6 16 51
4801 6 17 25
4554 6 17 65
5044 6 17 50
4218 6 17 17
4010 6 17 30
3293 6 17 78
1265 6 17 85
3660 6 17 61
2547 6 17 48
5085 6 17 44
4778 6 17 2
82 6 18 30
3361 6 18 84
3811 6 18 78
896 6 18 50
1789 6 18 2
2425 6 18 64
2082 6 18 25
2370 6 18 22
2091 6 18 47
3295 6 19 2
335 6 19 50
1485 6 19 30
4372 6 19 25
4359 6 19 47
5389 6 19 78
555 6 19 84
1256 7 0 52
3609 7 0 90
3394 7 0 5
219 7 0 14
1538 7 0 58
3854 7 0 75
659 7 0 35
4306 7 1 14
466 7 1 48
2946 7 1 5
5110 7 1 75
4556 7 1 71
1242 7 1 52
1216 7 1 86
2895 7 1 90
4764 7 1 30
5258 7 1 35
1149 7 1 58
4775 7 3 14
5397 7 3 57
4968 7 3 72
2393 7 3 5
4883 7 3 33
5366 7 4 57
388 7 4 5
4783 7 4 73
4739 7 4 36
4605 7 4 17
3529 7 5 40
3267 7 5 76
4806 7 5 45
4411 7 5 6
3368 7 5 22
3888 7 5 65
5335 7 5 29
4603 7 5 72
173 7 5 80
5208 7 6 46
3316 7 6 14
4893 7 6 6
1211 7 6 22
2972 7 6 29
3024 7 6 40
3472 7 6 72
3985 7 6 80
2578 7 6 76
1884 7 6 61
5350 7 6 89
4567 7 7 6
3841 7 7 46
348 7 7 76
3140 7 7 14
2447 7 7 29
2873 7 7 80
4823 7 7 89
5123 7 7 23
491 7 8 40
378 7 8 45
249 7 8 87
5282 7 8 27
3557 7 8 71
2680 7 8 6
2372 7 8 62
5203 7 8 20
4767 7 9 79
1187 7 9 59
3061 7 9 28
3452 7 9 6
4996 7 9 41
4589 7 9 64
301 7 9 20
1200 7 9 85
1656 7 9 35
2876 7 10 53
2152 7 10 21
4357 7 10 16
5259 7 10 2
566 7 10 47
2694 7 10 83
4797 7 11 40
5387 7 11 17
2224 7 11 74
1662 7 11 50
2661 7 11 82
2344 7 11 2
3750 7 12 54
994 7 12 2
902 7 12 17
3093 7 12 94
3262 7 13 53
2917 7 14 2
4276 7 14 14
1001 7 14 50
625 7 14 94
3233 7 15 90
3782 7 15 2
2633 7 15 15
454 7 15 51
1818 7 16 82
2234 7 16 26
5107 7 16 57
216 7 16 2
560 7 16 6
3898 7 16 85
1621 7 16 19
2993 7 16 44
2374 7 16 76
4618 7 16 91
833 7 16 50
4808 7 16 96
4568 7 16 12
826 7 17 12
4954 7 17 56
3000 7 17 85
858 7 17 91
2842 7 17 50
3393 7 17 82
270 7 17 2
4214 7 17 44
2006 7 17 6
3669 7 17 76
3012 7 17 26
1334 7 18 76
583 7 18 26
5225 7 18 23
5175 7 18 49
4271 7 18 2
3418 7 18 56
4074 7 18 89
3937 7 18 85
5279 7 19 2
4059 7 19 26
3359 7 19 54
43 7 19 76
5027 7 19 89
4394 7 19 22
2287 8 0 58
238 8 0 35
3942 8 0 5
2787 8 0 14
632 8 0 75
2343 8 1 5
4186 8 1 59
3910 8 1 76
2427 8 1 17
2438 8 1 32
1150 8 3 8
1895 8 3 75
3728 8 3 90
3500 8 3 51
4169 8 3 5
2763 8 3 34
3537 8 3 60
2833 8 3 83
3527 8 4 51
4768 8 4 83
3045 8 4 34
27 8 4 17
2400 8 4 60
1105 8 4 80
3534 8 4 5
3968 8 4 90
2353 8 5 72
4424 8 5 80
2598 8 5 29
4956 8 5 6
4033 8 5 22
1969 8 5 45
5290 8 6 68
2066 8 6 21
406 8 6 6
3592 8 6 46
430 8 7 22
2453 8 7 6
1787 8 7 41
4730 8 7 65
5190 8 7 69
2956 8 7 85
1126 8 8 45
2404 8 8 87
1956 8 8 6
5298 8 8 22
3690 8 8 71
5394 8 8 62
2659 8 8 27
2363 8 9 35
5170 8 9 6
2184 8 9 85
3606 8 9 28
1437 8 9 41
585 8 9 20
1201 8 9 64
1936 8 10 21
1932 8 10 2
4640 8 10 43
3770 8 10 78
1658 8 10 83
3745 8 10 16
553 8 10 47
2753 8 10 53
3691 8 11 2
1601 8 11 74
609 8 11 82
3845 8 11 40
4152 8 11 50
4776 8 11 70
4755 8 11 19
1849 8 13 53
2723 8 14 90
5257 8 14 46
3028 8 14 9
4172 8 14 81
3863 8 14 2
4865 8 14 75
4991 8 14 15
4798 8 14 51
5398 8 15 15
4675 8 15 9
4425 8 15 81
3219 8 15 90
5314 8 15 46
3992 8 15 2
3954 8 15 51
4544 8 16 88
2629 8 16 57
4758 8 16 42
4378 8 16 82
1287 8 16 2
3135 8 17 6
1942 8 17 73
1430 8 17 2
1465 8 17 25
2254 8 17 40
1186 8 17 12
5101 8 17 22
2752 8 17 50
920 8 17 76
1807 8 17 91
1738 8 17 44
1182 8 18 68
5149 8 18 56
373 8 18 2
1070 8 19 89
4198 8 19 2
1517 8 19 26
461 8 19 76
4366 9 0 86
3532 9 0 22
1300 9 0 14
4095 9 0 43
184 9 0 62
4680 9 0 53
2380 9 0 18
2415 9 0 67
4898 9 0 5
2782 9 0 80
3586 9 1 53
1825 9 1 62
1118 9 1 80
3642 9 1 76
3928 9 1 67
3517 9 1 43
3417 9 1 86
731 9 1 22
4049 9 1 5
2289 9 1 18
3205 9 3 17
3036 9 3 78
3902 9 3 5
2451 9 3 32
91 9 3 84
2162 9 3 59
796 9 4 34
1570 9 4 83
3643 9 4 5
4464 9 4 17
5242 9 4 60
4224 9 5 29
4679 9 5 46
4293 9 5 6
196 9 5 80
4514 9 5 72
2736 9 6 21
3273 9 6 72
771 9 6 46
77 9 6 80
3952 9 6 6
3125 9 7 6
3115 9 7 87
1681 9 7 69
2068 9 7 45
4555 9 7 27
3290 9 8 6
5147 9 8 27
597 9 8 45
4301 9 8 71
3650 9 8 87
4303 9 9 41
161 9 9 64
4860 9 9 6
4505 9 9 28
415 9 10 16
3663 9 10 78
4351 9 10 38
193 9 10 2
3892 9 10 21
275 9 10 47
1091 9 10 83
3471 9 10 43
289 9 10 53
2217 9 11 12
3392 9 11 48
3220 9 11 78
4533 9 11 83
690 9 11 95
5305 9 11 33
3635 9 11 38
1686 9 11 16
4957 9 11 53
3483 9 11 71
479 9 11 2
5373 9 11 21
2279 9 11 43
4575 9 13 19
1781 9 13 2
3069 9 13 47
4036 9 13 88
635 9 14 86
1309 9 14 8
265 9 14 50
1483 9 14 2
4479 9 15 2
4183 9 15 51
3279 9 15 89
290 9 15 9
613 9 16 87
3588 9 16 57
5121 9 16 2
3522 9 17 6
4974 9 17 2
2348 9 17 12
4725 9 17 25
1429 9 17 32
4553 9 17 73
1087 9 17 76
4105 9 17 50
3082 9 17 44
3357 9 17 39
617 9 17 22
2679 9 17 91
3967 9 18 39
397 9 18 67
5233 9 18 32
5056 9 18 44
3575 9 18 90
4631 9 18 64
5251 9 18 2
2509 9 18 76
4833 9 18 12
3943 9 18 71
807 9 19 2
2237 9 19 36
1204 9 19 89
4451 9 19 76
3581 9 19 69
4699 9 19 39
1213 9 19 12
2840 9 19 43
4405 9 19 66
661 10 0 86
2939 10 0 67
5049 10 0 5
1353 10 0 22
282 10 0 62
88 10 0 39
4807 10 0 80
3593 10 0 18
4688 10 0 53
3739 10 1 60
4973 10 1 19
759 10 1 5
32 10 1 82
1102 10 1 87
2358 10 1 39
230 10 3 58
4653 10 3 37
3818 10 3 86
1990 10 3 5
1916 10 4 5
5106 10 4 78
3799 10 4 86
4499 10 4 37
5287 10 4 58
1715 10 5 33
1042 10 5 58
2698 10 5 54
4521 10 5 5
5086 10 5 37
4709 10 5 78
2589 10 5 86
4001 10 6 37
2918 10 6 28
60 10 6 33
2101 10 6 58
1499 10 6 73
4122 10 6 78
884 10 6 86
3810 10 6 5
3589 10 6 46
701 10 7 30
2230 10 7 5
1151 10 7 79
4524 10 7 57
121 10 8 26
2678 10 8 74
4037 10 8 48
2218 10 8 5
2208 10 9 2
533 10 9 79
5329 10 9 45
688 10 9 15
3397 10 10 15
1136 10 10 2
1027 10 10 77
5150 10 10 41
4868 10 11 14
1031 10 11 2
1225 10 11 46
306 10 11 84
4569 10 13 38
4322 10 13 93
3997 10 13 81
971 10 13 50
286 10 13 2
2150 10 13 8
934 10 13 86
3730 10 13 71
4890 10 14 38
847 10 14 71
484 10 14 2
1296 10 14 86
5103 10 14 93
4222 10 14 8
1198 10 14 50
4007 10 15 72
4244 10 15 92
4027 10 15 42
2523 10 15 11
1576 10 15 2
607 10 16 2
3542 10 16 15
2426 10 16 34
975 10 16 69
3525 10 16 92
4397 10 17 50
4539 10 17 73
4309 10 17 22
1188 10 17 91
5022 10 17 6
1757 10 17 25
1670 10 17 1
3521 10 18 36
3868 10 18 11
5236 10 18 44
1478 10 18 1
5214 10 18 67
4729 10 18 6
1028 10 18 90
4609 10 18 71
1820 10 19 2
4703 10 19 39
3855 10 19 43
4332 10 19 76
375 10 19 90
5294 10 19 69
5028 10 19 12
724 11 0 86
2587 11 0 22
2890 11 0 39
1744 11 0 67
844 11 0 62
259 11 0 5
3364 11 1 5
2129 11 1 87
551 11 1 61
4622 11 1 19
2613 11 1 34
23 11 3 4
1889 11 3 12
2692 11 3 24
5002 11 3 54
2814 11 3 74
1220 11 4 56
4624 11 4 74
4751 11 4 12
2019 11 4 23
1567 11 4 4
3470 11 5 57
950 11 5 13
4717 11 5 80
2947 11 5 29
1037 11 5 4
1877 11 6 48
1401 11 6 80
5399 11 6 58
3849 11 6 70
4295 11 6 90
2274 11 6 5
312 11 7 89
4449 11 7 30
200 11 7 83
2533 11 7 5
3508 11 7 53
4813 11 7 70
3688 11 7 20
1704 11 7 45
2632 11 7 48
2299 11 7 39
1512 11 7 80
1494 11 8 5
34 11 8 74
4461 11 8 69
2846 11 8 80
1326 11 8 83
1866 11 8 26
4608 11 8 39
1018 11 8 44
883 11 8 89
4513 11 8 48
4042 11 9 79
5321 11 9 15
3008 11 9 93
1051 11 9 2
3558 11 9 37
4877 11 9 75
126 11 9 45
412 11 10 2
4884 11 10 69
3909 11 10 93
3107 11 10 77
2256 11 10 14
1418 11 10 41
2662 11 11 44
2529 11 11 57
2813 11 11 2
1630 11 11 9
3282 11 12 70
1055 11 13 40
2548 11 13 90
2293 11 13 71
84 11 13 11
5210 11 13 2
5261 11 14 10
4560 11 14 92
4927 11 14 2
1443 11 14 37
1552 11 14 76
1456 11 15 15
2558 11 15 11
4480 11 15 63
2011 11 15 69
2607 11 15 42
5395 11 15 34
2306 11 15 92
4086 11 15 3
5319 11 15 30
2044 11 15 87
5067 11 15 72
1271 11 16 69
4217 11 16 11
1752 11 16 34
2541 11 16 90
840 11 16 2
2199 11 16 15
5307 11 16 63
3212 11 17 91
4837 11 17 73
4866 11 17 6
2735 11 17 1
4384 11 17 25
5221 11 18 71
243 11 18 1
4466 11 18 44
3011 11 18 11
2361 11 19 43
5196 11 19 12
3442 11 19 76
1264 11 19 1
3946 12 0 5
3900 12 0 22
2113 12 0 39
3809 12 0 67
2769 12 0 87
2117 12 1 16
3210 12 1 45
4838 12 1 73
4400 12 1 5
3611 12 1 87
4517 12 5 58
4206 12 5 48
4830 12 5 65
1578 12 5 17
1223 12 5 80
3989 12 5 90
4440 12 5 5
4164 12 6 5
2206 12 6 79
2959 12 6 70
4219 12 6 90
2467 12 6 17
1285 12 6 58
489 12 6 48
4264 12 7 45
1425 12 7 88
4882 12 7 70
4387 12 7 53
3231 12 7 5
2496 12 7 77
2148 12 7 23
1321 12 8 74
1238 12 8 48
3931 12 8 44
2336 12 8 83
4925 12 8 89
1960 12 8 24
2225 12 8 5
4456 12 9 75
4825 12 9 15
2278 12 9 2
5083 12 9 45
522 12 9 79
4691 12 9 67
4979 12 9 92
2473 12 9 37
3475 12 9 49
4980 12 10 69
3979 12 10 15
5031 12 10 38
3756 12 10 45
3208 12 10 49
2655 12 10 89
804 12 10 75
222 12 10 93
4417 12 10 79
1755 12 10 2
5034 12 10 33
4561 12 10 41
3852 12 11 15
926 12 11 41
3843 12 11 29
2970 12 11 45
333 12 11 49
3619 12 11 69
2597 12 11 38
1724 12 11 2
2243 12 11 64
3860 12 11 79
1416 12 11 89
3374 12 11 33
4462 12 11 93
2149 12 13 42
1769 12 13 92
5344 12 13 58
3343 12 13 15
3030 12 13 3
1398 12 13 30
367 12 13 63
3278 12 13 76
1057 12 13 27
2389 12 14 42
1197 12 14 63
3686 12 14 76
4203 12 14 3
2424 12 14 27
2104 12 14 92
4859 12 14 35
1756 12 14 30
4923 12 14 15
4266 12 14 58
4693 12 15 63
5089 12 15 27
5278 12 15 3
3709 12 15 30
4744 12 15 35
5324 12 15 15
2824 12 15 74
5068 12 15 42
2201 12 15 92
3142 12 16 74
2618 12 16 2
4137 12 16 35
5016 12 16 61
4628 12 16 9
3292 12 16 90
2849 12 17 3
2195 12 17 66
349 12 17 12
2122 12 17 49
3412 12 18 42
33 12 18 3
943 12 18 72
2500 12 18 18
2773 12 19 3
5222 12 19 33
5392 12 19 74
2430 12 19 22
3096 13 0 59
1949 13 0 43
429 13 0 19
929 13 0 4
3305 13 0 92
1248 13 1 4
4406 13 1 40
1270 13 1 19
664 13 1 63
4579 13 1 92
1226 13 2 48
1337 13 2 19
1989 13 2 4
4024 13 2 43
3040 13 3 66
4492 13 3 4
3830 13 3 20
1728 13 3 39
2428 13 5 35
1639 13 5 75
3641 13 6 76
1594 13 6 5
1163 13 6 26
5113 13 6 47
1078 13 6 88
4389 13 7 77
3959 13 7 5
821 13 7 89
1053 13 7 53
4302 13 7 23
2362 13 8 24
776 13 8 48
2900 13 8 83
1500 13 8 89
3774 13 8 5
5340 13 9 49
1058 13 9 13
2905 13 9 2
3618 13 9 67
4168 13 10 38
50 13 10 7
2673 13 10 2
2007 13 10 76
3160 13 11 93
4130 13 11 49
5141 13 11 14
2555 13 11 44
1690 13 11 3
5336 13 11 79
2927 13 11 7
3601 13 11 70
4845 13 12 12
3803 13 12 67
5074 13 12 74
4508 13 12 90
2540 13 12 48
596 13 13 2
3857 13 13 10
3162 13 13 63
2255 13 13 87
3622 13 13 31
2764 13 14 87
2310 13 14 22
668 13 14 2
4437 13 14 10
96 13 14 64
2663 13 15 13
559 13 15 2
3908 13 15 39
982 13 15 67
1577 13 15 92
364 13 16 2
3994 13 16 13
3503 13 16 35
630 13 16 90
5331 13 16 74
4060 13 17 49
1131 13 17 66
4922 13 17 84
4187 13 17 12
3594 13 17 37
953 13 17 3
4955 13 17 62
5380 13 18 35
911 13 18 72
4212 13 18 65
1247 13 18 92
706 13 18 18
3802 13 18 15
682 13 18 42
4702 13 18 3
5349 13 19 65
5315 13 19 15
3031 13 19 33
5092 13 19 74
4316 13 19 3
2077 13 19 93
1971 13 19 22
3765 14 0 59
1128 14 0 11
3980 14 0 4
3748 14 0 84
839 14 0 54
3420 14 0 43
3836 14 1 47
1852 14 1 43
4765 14 1 63
4660 14 1 84
4008 14 1 5
2903 14 1 79
2046 14 1 92
276 14 1 54
2611 14 1 36
1277 14 1 11
3610 14 1 59
1672 14 2 43
2143 14 2 55
72 14 2 79
2593 14 2 31
2580 14 2 47
3149 14 2 92
707 14 2 5
2532 14 2 60
1295 14 2 63
4432 14 2 84
2522 14 2 11
160 14 3 75
3574 14 3 84
1065 14 3 5
1327 14 3 92
2560 14 3 31
1329 14 3 47
1240 14 3 55
5235 14 3 40
5356 14 3 63
5268 14 3 80
2090 14 3 11
2259 14 3 60
1558 14 4 84
470 14 4 47
485 14 4 80
1094 14 4 92
2601 14 4 40
4912 14 4 63
2448 14 4 28
5131 14 4 11
273 14 4 5
2298 14 4 31
1324 14 4 60
914 14 4 55
2919 14 8 28
3741 14 8 2
4491 14 8 10
4193 14 8 65
1221 14 8 89
3582 14 9 2
5199 14 9 10
4791 14 9 25
1837 14 9 28
3720 14 9 65
5059 14 9 56
246 14 9 84
2793 14 10 62
54 14 10 89
1709 14 10 2
4645 14 10 9
5332 14 10 43
2569 14 11 93
4207 14 11 63
4827 14 11 3
5137 14 11 35
5148 14 11 79
4277 14 11 49
2728 14 11 70
4988 14 11 14
3117 14 12 90
5040 14 12 67
3763 14 12 74
599 14 13 87
4278 14 13 25
4858 14 13 59
2859 14 13 84
5124 14 13 3
3287 14 13 63
1935 14 13 31
3858 14 14 80
4743 14 14 18
4270 14 14 76
3934 14 14 10
3936 14 14 22
3051 14 14 64
2337 14 14 43
4253 14 14 3
2750 14 15 14
1978 14 15 46
2713 14 15 3
1428 14 15 78
3469 14 16 46
2536 14 16 14
2164 14 16 3
1812 14 16 11
3425 14 16 74
4583 14 16 78
1258 14 16 92
5365 14 16 34
2368 14 17 81
3209 14 17 37
1044 14 17 66
3064 14 17 25
4267 14 17 49
4636 14 17 75
2706 14 17 42
658 14 18 65
501 14 18 25
2819 14 18 36
2762 14 18 81
1064 14 18 74
4851 14 18 49
2856 14 18 42
51 14 19 8
745 14 19 22
1202 14 19 48
4721 14 19 62
4486 14 19 74
12 14 19 4
2922 14 19 33
4983 14 19 84
4504 14 19 55
4396 14 19 93
2074 15 0 50
1762 15 0 15
2816 15 0 31
4757 15 0 4
1379 15 0 85
5318 15 0 46
3764 15 1 15
3309 15 1 50
3487 15 1 4
4085 15 1 25
4320 15 1 88
513 15 1 31
4457 15 1 68
4065 15 1 46
4242 15 2 68
4181 15 2 88
3052 15 2 15
2652 15 2 50
1276 15 2 63
2755 15 2 9
2134 15 2 4
528 15 2 46
295 15 2 31
1332 15 2 25
5377 15 3 4
1645 15 3 82
4786 15 3 12
4995 15 3 62
247 15 3 31
3719 15 4 92
778 15 4 68
969 15 4 5
434 15 5 57
3386 15 5 68
3885 15 5 35
4586 15 5 5
1705 15 5 91
2114 15 6 13
2324 15 6 4
3080 15 6 60
634 15 6 29
5158 15 6 80
4683 15 8 2
3775 15 8 70
296 15 8 10
3132 15 8 89
4202 15 8 40
1167 15 15 45
1492 15 15 3
76 15 15 81
761 15 15 19
1444 15 16 81
303 15 16 68
3746 15 16 49
1106 15 16 42
316 15 17 66
1581 15 17 81
1847 15 17 42
3496 15 17 75
4261 15 17 49
2797 15 18 20
1402 15 18 25
3506 15 18 71
841 15 18 65
163 15 18 3
1291 15 18 60
4364 15 18 36
2562 15 18 81
4118 15 18 41
4376 15 18 6
4731 15 18 15
5154 15 19 36
757 15 19 8
1267 15 19 4
2063 15 19 62
4195 15 19 48
4989 15 19 55
4529 15 19 84
5151 16 0 4
3182 16 0 85
4564 16 0 50
3153 16 0 15
5125 16 0 31
2142 16 1 30
3436 16 1 60
4939 16 1 4
4774 16 1 85
1166 16 1 13
1196 16 2 63
86 16 2 68
5310 16 2 50
1453 16 2 15
3054 16 2 88
3523 16 2 9
3196 16 2 31
4863 16 2 41
2102 16 2 4
203 16 3 24
2653 16 3 4
2936 16 3 12
2689 16 3 62
980 16 3 82
3676 16 4 68
4532 16 4 52
1090 16 4 5
948 16 4 92
2604 16 5 4
3645 16 5 81
3165 16 5 52
1997 16 5 30
5263 16 5 12
3433 16 5 59
372 16 6 41
3148 16 6 19
3556 16 6 79
3043 16 6 67
4766 16 6 4
336 16 8 4
1614 16 8 51
3595 16 8 88
3336 16 8 35
4929 16 10 4
3976 16 10 88
4459 16 10 76
769 16 11 3
4959 16 11 56
4737 16 11 21
792 16 11 81
467 16 12 94
3653 16 12 18
2717 16 12 69
3079 16 12 86
2710 16 12 35
895 16 12 3
3260 16 12 51
3263 16 12 81
2592 16 12 43
5355 16 12 57
2996 16 13 66
3896 16 13 60
1794 16 13 71
3111 16 13 3
642 16 13 94
944 16 13 16
4600 16 13 33
2743 16 13 38
1599 16 13 80
1093 16 13 63
41 16 15 49
4121 16 16 43
4639 16 16 18
1372 16 16 49
3089 16 16 79
385 16 17 20
5069 16 17 3
2559 16 17 41
3399 16 17 65
4840 16 18 6
1508 16 18 3
723 16 18 15
2340 16 18 25
4348 16 18 36
2812 16 18 29
5204 16 18 41
1815 16 18 60
4356 16 18 65
2488 16 18 71
4139 16 18 20
4429 16 19 4
4566 16 19 8
631 16 19 54
3387 16 19 32
5185 16 19 48
5176 16 19 88
5312 16 19 62
5301 17 0 91
4762 17 0 65
4928 17 0 18
2634 17 0 39
4803 17 0 4
650 17 1 18
741 17 1 67
4692 17 1 90
4434 17 1 4
3039 17 1 39
1782 17 2 4
3939 17 2 41
2883 17 2 15
1021 17 2 68
3318 17 2 80
2631 17 2 50
1698 17 2 88
2081 17 2 31
3723 17 2 21
3740 17 2 64
2174 17 2 9
2791 17 3 41
492 17 3 56
1684 17 3 21
541 17 3 68
3147 17 3 91
5091 17 3 52
5328 17 3 5
2412 17 4 41
4681 17 4 52
3771 17 4 68
1060 17 4 91
2805 17 4 5
1907 17 4 57
5109 17 5 13
5168 17 5 59
3541 17 5 4
4342 17 5 81
5330 17 5 24
3023 17 6 70
5369 17 6 79
5058 17 6 4
2639 17 6 7
2366 17 6 44
171 17 8 55
3958 17 8 87
1061 17 8 32
2921 17 8 4
4581 17 10 82
3150 17 10 66
2695 17 10 23
462 17 10 4
2676 17 11 69
435 17 11 3
3171 17 11 80
2745 17 12 63
4998 17 12 18
1142 17 12 3
3920 17 12 35
5213 17 12 81
752 17 12 86
737 17 12 69
4713 17 12 57
3664 17 12 43
1841 17 13 80
3312 17 13 71
556 17 13 94
3298 17 13 63
5194 17 13 38
2981 17 13 16
3430 17 13 3
3286 17 13 66
748 17 14 91
1863 17 14 23
5237 17 14 28
3773 17 14 49
5184 17 14 34
5001 17 14 52
486 17 14 4
5220 17 14 78
451 17 14 86
3281 17 14 59
5348 17 15 55
4910 17 15 90
5391 17 15 4
2943 17 15 13
4917 17 15 82
5276 17 15 75
2213 17 15 30
3851 17 16 17
2796 17 16 38
859 17 16 58
1638 17 16 79
2189 17 16 89
3776 17 16 4
2886 17 16 33
2911 17 17 36
2172 17 17 85
3102 17 17 10
4045 17 17 89
3875 17 17 3
4812 17 17 65
1772 17 17 15
1657 17 17 20
4834 17 17 71
5264 17 17 94
4543 17 17 58
4565 17 18 25
1993 17 18 11
2827 17 18 71
3971 17 18 36
5064 17 18 64
1646 17 18 55
4601 17 18 15
2432 17 18 60
272 17 18 29
1867 17 18 3
4262 17 19 62
903 17 19 86
3248 17 19 54
1059 17 19 15
4930 17 19 8
2897 17 19 3
1695 17 19 32
1079 17 19 58
4151 17 19 91
342 18 0 18
3815 18 0 61
1981 18 0 4
2811 18 0 35
3261 18 0 65
5206 18 0 85
4185 18 0 91
2891 18 0 39
4663 18 0 14
2055 18 1 4
3913 18 1 17
4107 18 1 62
4445 18 1 67
1292 18 1 86
2908 18 1 90
1743 18 1 37
3455 18 2 90
2312 18 2 4
2126 18 2 33
1611 18 2 18
5288 18 2 65
3229 18 3 67
2682 18 3 27
4069 18 3 56
145 18 3 39
3458 18 3 51
165 18 3 5
2487 18 3 18
114 18 3 81
4651 18 3 91
1350 18 4 90
1464 18 4 9
2823 18 4 78
4123 18 4 32
380 18 4 47
5246 18 4 4
2715 18 5 52
2177 18 5 4
4146 18 5 75
1522 18 5 21
2554 18 6 4
5272 18 6 75
4099 18 6 21
4329 18 6 35
4476 18 6 88
5094 18 6 14
5297 18 6 44
127 18 6 52
940 18 10 84
2232 18 10 46
4150 18 10 4
5250 18 10 69
4323 18 10 74
487 18 10 43
3816 18 10 22
4982 18 11 18
3832 18 11 3
5018 18 11 43
991 18 11 86
3465 18 11 81
3097 18 11 57
4746 18 12 18
2381 18 12 3
328 18 12 81
4963 18 12 63
2581 18 12 55
3174 18 12 86
5209 18 12 57
5017 18 12 43
3194 18 12 94
3924 18 13 66
3352 18 13 80
3544 18 13 71
2221 18 13 3
4536 18 13 38
3100 18 13 18
1331 18 13 94
4695 18 14 4
3847 18 14 27
5080 18 14 34
5216 18 14 52
663 18 14 86
116 18 14 59
3604 18 14 91
4966 18 15 13
2329 18 15 30
2731 18 15 55
5025 18 15 82
3116 18 15 3
1268 18 15 90
4951 18 16 38
941 18 16 58
3840 18 16 89
3381 18 16 79
3977 18 16 4
1343 18 16 17
5130 18 17 65
3749 18 17 15
4300 18 17 89
867 18 17 3
1908 18 17 20
1075 18 17 36
4824 18 17 71
1038 18 17 93
109 18 18 92
750 18 18 11
2835 18 18 33
2866 18 18 60
1357 18 18 3
1362 18 18 29
3406 18 18 64
4488 18 18 86
2527 18 19 3
2388 18 19 15
1178 18 19 62
4343 18 19 91
3956 18 19 32
3490 18 19 58
3042 19 0 91
2145 19 0 61
2977 19 0 31
4935 19 0 56
3314 19 0 39
192 19 0 4
1533 19 0 18
1788 19 0 14
1217 19 0 35
989 19 0 65
4245 19 0 85
1803 19 1 67
4392 19 1 4
4644 19 1 56
2357 19 1 91
2718 19 1 39
4158 19 1 10
5142 19 1 27
1246 19 1 31
4999 19 1 51
4239 19 1 18
1127 19 1 87
4430 19 2 51
997 19 2 67
2561 19 2 39
548 19 2 56
4047 19 2 10
1868 19 2 91
3402 19 2 18
3880 19 2 27
1013 19 2 87
3476 19 2 4
3168 19 3 27
3280 19 3 62
73 19 3 67
423 19 3 56
773 19 3 91
1634 19 3 4
932 19 3 87
3762 19 3 51
2169 19 3 39
1333 19 3 17
1156 19 4 47
4578 19 4 86
1431 19 4 4
4228 19 4 32
598 19 4 10
3377 19 5 14
3254 19 5 4
2724 19 5 44
4068 19 5 75
3853 19 6 14
2577 19 6 44
4686 19 6 35
886 19 6 72
3221 19 6 4
1383 19 6 88
4050 19 7 4
3987 19 7 25
4393 19 7 81
3409 19 7 87
298 19 7 48
2986 19 8 4
2818 19 8 47
4013 19 8 25
5228 19 8 80
3060 19 8 87
2858 19 9 87
2968 19 9 4
4299 19 9 78
115 19 9 52
1400 19 9 16
83 19 10 16
418 19 10 46
437 19 10 87
297 19 10 4
1472 19 10 74
1436 19 11 86
4846 19 11 3
4843 19 11 18
2954 19 11 57
110 19 12 3
4902 19 12 40
4723 19 12 94
1304 19 12 63
4664 19 13 71
3978 19 13 3
717 19 13 38
2236 19 13 80
4117 19 14 91
4391 19 14 3
2020 19 14 13
4839 19 14 34
1557 19 14 59
4064 19 15 3
3228 19 15 90
2874 19 15 34
122 19 15 13
4557 19 15 55
4032 19 16 3
4134 19 16 89
947 19 16 58
371 19 16 17
1132 19 16 13
845 19 17 3
3372 19 17 20
3403 19 17 36
4627 19 17 71
587 19 17 93
5036 19 18 64
5386 19 18 11
1893 19 18 3
945 19 18 92
4710 19 18 33
1543 19 19 32
1826 19 19 62
683 19 19 92
4110 19 19 3
5010 19 19 15
