2505
4373 0 0 14
3723 0 0 72
4406 0 0 1
724 0 0 97
1703 0 1 1
633 0 1 97
1963 0 1 22
1836 0 1 65
2389 0 2 60
3568 0 2 96
1895 0 2 12
4476 0 2 1
2348 0 3 95
3780 0 3 1
528 0 3 5
4498 0 3 64
2414 0 4 94
4404 0 4 67
2580 0 4 27
4110 0 4 1
938 0 5 54
3938 0 5 92
2773 0 5 1
4050 0 5 13
2186 0 6 47
1395 0 6 92
238 0 6 1
3224 0 6 21
4146 0 7 1
1661 0 7 12
3724 0 7 55
4524 0 7 91
1041 0 8 13
1864 0 8 1
3501 0 8 91
2779 0 8 44
1749 0 9 42
1775 0 9 20
2868 0 9 1
3160 0 9 91
3105 0 10 1
3470 0 10 90
4335 0 10 19
2058 0 10 58
3680 0 11 1
3342 0 11 90
3796 0 11 56
1835 0 11 10
2364 0 12 90
4185 0 12 48
3526 0 12 14
3658 0 12 1
533 0 13 47
3922 0 13 80
1313 0 13 90
1273 0 13 3
1072 0 14 87
3476 0 14 28
1020 0 14 3
3112 0 14 64
968 0 14 90
3661 0 15 34
1454 0 15 3
1196 0 15 63
358 0 16 63
4023 0 16 89
943 0 16 30
4444 0 16 3
4575 0 17 38
1536 0 17 3
2745 0 17 62
2363 0 17 89
3185 0 18 3
865 0 18 29
2891 0 18 58
1642 0 18 89
4500 0 19 88
726 0 19 61
3360 0 19 3
1828 0 19 20
4308 1 0 72
878 1 0 14
2593 1 0 11
4425 1 0 1
4571 1 0 36
1719 1 0 91
4310 1 1 15
1439 1 1 89
4200 1 1 22
2102 1 1 1
826 1 1 33
2819 1 1 65
1905 1 2 32
2597 1 2 12
4211 1 2 9
4189 1 2 96
3267 1 2 60
4148 1 2 98
2445 1 2 1
2904 1 2 88
4112 1 3 64
2218 1 3 95
2202 1 3 5
2352 1 3 1
2714 1 3 60
2456 1 3 87
2209 1 4 1
3184 1 4 63
3833 1 4 15
183 1 4 27
3271 1 4 67
1808 1 4 94
2627 1 5 1
2184 1 5 86
3211 1 5 54
3264 1 5 47
4305 1 5 93
103 1 5 13
38 1 5 9
1274 1 6 17
3578 1 6 42
2174 1 6 1
4577 1 6 47
3902 1 6 21
2560 1 6 71
2245 1 7 87
957 1 7 1
1595 1 7 91
3364 1 7 12
4169 1 7 35
1205 1 7 55
4553 1 8 83
2812 1 8 1
4140 1 8 44
3277 1 8 39
1338 1 8 9
4075 1 8 13
2681 1 9 20
2461 1 9 1
1685 1 9 15
1165 1 9 37
1203 1 9 42
134 1 9 76
515 1 10 1
561 1 10 19
1472 1 10 58
2354 1 10 90
3447 1 10 43
1517 1 11 56
3070 1 11 10
3940 1 11 34
3347 1 11 1
4497 1 11 86
3538 1 12 12
1444 1 12 48
2785 1 12 81
514 1 12 14
3021 1 12 1
1419 1 13 24
1729 1 13 75
1838 1 13 47
3565 1 13 80
1312 1 13 90
137 1 13 3
4372 1 14 23
2351 1 14 87
4172 1 14 56
2217 1 14 64
2373 1 14 83
2606 1 14 28
4141 1 14 3
2609 1 15 3
3878 1 15 63
439 1 15 34
4268 1 15 87
3429 1 15 58
3086 1 15 24
2468 1 16 24
4038 1 16 89
2234 1 16 30
893 1 16 94
3307 1 16 3
1181 1 16 60
4290 1 16 86
1193 1 17 86
4595 1 17 27
4045 1 17 3
3828 1 17 62
598 1 17 38
1914 1 18 3
3442 1 18 58
3912 1 18 82
1522 1 18 49
232 1 18 29
1695 1 19 20
3806 1 19 3
1873 1 19 52
4266 1 19 82
3063 1 19 61
4196 1 19 88
3488 1 19 14
4144 2 0 95
3576 2 0 68
4166 2 0 91
317 2 0 11
1319 2 0 34
635 2 0 14
1423 2 0 87
2881 2 0 38
4434 2 0 72
2863 2 0 1
3824 2 0 6
220 2 1 3
1496 2 1 65
2484 2 1 91
3437 2 1 38
4106 2 1 22
704 2 1 34
2874 2 1 15
3319 2 1 6
3231 2 1 89
344 2 1 68
1960 2 1 72
2888 2 1 1
3693 2 1 57
1623 2 2 15
2256 2 2 57
127 2 2 68
4229 2 2 38
1495 2 2 91
517 2 2 62
3306 2 2 22
4437 2 2 53
414 2 2 9
701 2 2 65
4199 2 2 74
909 2 3 15
4428 2 3 69
101 2 3 65
2846 2 3 53
2432 2 3 38
2660 2 3 51
3068 2 3 62
3384 2 3 74
954 2 3 22
2247 2 4 38
3613 2 4 84
4042 2 4 7
2559 2 4 27
359 2 4 15
1070 2 4 53
4280 2 4 22
4540 2 4 74
2703 2 4 60
3013 2 5 54
1429 2 5 36
3929 2 5 93
1902 2 5 10
1476 2 5 86
1415 2 5 1
3862 2 5 5
2262 2 5 13
3510 2 5 81
3260 2 6 21
862 2 6 94
3155 2 6 47
4064 2 6 71
2386 2 6 1
3017 2 6 42
4207 2 6 11
4237 2 6 18
4469 2 7 1
4580 2 7 35
3265 2 7 12
2044 2 7 55
3852 2 7 8
3887 2 7 83
1151 2 7 91
4542 2 7 30
4583 2 7 50
1104 2 7 87
2531 2 8 35
3111 2 8 10
3247 2 8 79
1380 2 8 1
185 2 8 83
3532 2 8 5
1079 2 8 44
2782 2 8 13
3227 2 8 39
2359 2 9 76
4464 2 9 38
3064 2 9 71
2620 2 9 93
3366 2 9 11
2128 2 9 1
820 2 9 15
4143 2 9 42
1584 2 9 20
1983 2 10 19
3461 2 10 43
346 2 10 58
2117 2 10 86
3552 2 10 1
3165 2 10 8
3297 2 10 41
52 2 10 91
2854 2 10 55
4152 2 11 5
270 2 11 10
3130 2 11 34
4257 2 11 86
700 2 11 83
1015 2 11 53
4294 2 11 56
922 2 11 93
60 2 11 1
2464 2 12 81
1322 2 12 78
3566 2 12 48
131 2 12 93
2932 2 12 14
2246 2 12 41
4550 2 12 7
2974 2 12 1
3268 2 13 80
178 2 13 75
4002 2 13 3
2520 2 13 19
3150 2 13 70
1113 2 13 90
1793 2 13 47
2480 2 13 40
1781 2 13 24
4260 2 14 83
1046 2 14 3
4587 2 14 92
4049 2 14 28
3497 2 14 23
610 2 14 56
1436 2 14 64
589 2 14 47
4456 2 15 87
1471 2 15 63
1204 2 15 92
141 2 15 55
2347 2 15 58
3741 2 15 34
3739 2 15 23
990 2 15 3
3546 2 16 54
3807 2 16 3
1069 2 16 94
2220 2 16 19
762 2 16 24
2135 2 16 89
20 2 16 60
4552 2 16 85
1377 2 16 30
3404 2 17 62
1412 2 17 21
2080 2 17 38
3208 2 17 58
772 2 17 86
3978 2 17 27
4101 2 17 80
3794 2 17 3
3897 2 18 29
4134 2 18 46
4368 2 18 3
3377 2 18 22
525 2 18 49
2393 2 18 58
3156 2 18 80
2535 2 19 20
3851 2 19 48
3317 2 19 3
2050 2 19 14
4468 2 19 76
1704 2 19 52
3611 2 19 82
1026 2 19 88
3798 2 19 61
2156 3 0 95
2150 3 0 87
3344 3 0 6
1706 3 0 38
3454 3 0 1
1554 3 1 68
3083 3 1 57
3697 3 1 1
3443 3 1 11
4155 3 2 53
3414 3 2 74
3872 3 2 1
3645 3 2 7
1948 3 3 82
2303 3 3 1
2148 3 3 9
2890 3 3 62
240 3 4 20
509 3 4 15
2925 3 4 82
2732 3 4 84
3118 3 4 22
3994 3 4 74
884 3 4 27
386 3 4 38
879 3 4 53
4126 3 5 31
3030 3 5 2
2506 3 5 54
3035 3 5 81
3954 3 5 86
2968 3 5 76
1200 3 5 10
286 3 6 8
2458 3 6 42
3323 3 6 90
2545 3 6 21
254 3 6 71
3917 3 6 12
2338 3 6 47
2792 3 6 2
32 3 6 68
2390 3 6 94
3324 3 7 30
794 3 7 87
4375 3 7 82
3663 3 7 2
4529 3 7 28
2778 3 7 50
1602 3 7 8
669 3 7 55
3491 3 7 91
3475 3 8 22
1991 3 8 17
3984 3 8 67
3069 3 9 21
979 3 9 38
4398 3 9 43
1552 3 9 16
2612 3 9 45
756 3 9 25
759 3 9 95
4160 3 9 67
3195 3 10 21
667 3 10 48
4286 3 10 43
3590 3 10 27
1491 3 10 59
160 3 10 83
3329 3 10 36
2109 3 10 24
1831 3 10 86
1951 3 10 95
1467 3 10 8
2498 3 10 16
1591 3 10 67
1998 3 11 31
2755 3 11 41
2087 3 11 83
2418 3 11 95
834 3 11 53
934 3 11 16
2284 3 11 21
4129 3 11 34
4381 3 11 14
3110 3 11 67
3174 3 11 59
1346 3 11 48
2734 3 11 8
1545 3 11 27
3799 3 11 85
939 3 11 75
2409 3 12 14
614 3 12 41
3618 3 12 48
3855 3 12 90
4586 3 12 51
3310 3 12 67
4408 3 12 85
3520 3 12 95
3816 3 12 3
1226 3 12 75
3100 3 12 81
2025 3 12 7
3181 3 13 75
817 3 13 70
4061 3 13 3
3199 3 13 12
275 3 13 91
3236 3 13 80
1050 3 13 24
1690 3 13 19
1457 3 13 40
4251 3 14 64
4028 3 14 28
3776 3 14 57
168 3 14 47
4029 3 14 16
3428 3 14 23
4511 3 14 78
761 3 14 92
3890 3 14 83
4417 3 14 3
4574 3 15 17
554 3 15 3
3138 3 15 34
797 3 15 92
3055 3 15 82
2886 3 15 87
1564 3 15 58
3525 3 15 63
372 3 16 3
636 3 16 52
832 3 16 30
3638 3 16 15
1349 3 16 60
4221 3 16 82
1557 3 16 25
3251 3 16 54
3479 3 16 86
2162 3 16 19
1904 3 16 89
2877 3 17 62
663 3 17 21
699 3 17 91
1521 3 17 38
2799 3 17 86
3717 3 17 27
3270 3 17 80
1868 3 17 58
1391 3 17 3
3677 3 17 15
2413 3 18 49
3970 3 18 79
2641 3 18 18
2934 3 18 29
3870 3 18 46
172 3 18 3
1141 3 18 22
1647 3 19 82
574 3 19 52
92 3 19 88
3750 3 19 76
3512 3 19 20
1616 3 19 14
235 3 19 3
1712 3 19 61
3315 3 19 48
4102 3 19 40
1462 4 0 2
784 4 0 38
3519 4 0 87
2499 4 1 42
1489 4 1 84
3749 4 1 2
1555 4 2 77
2043 4 2 2
1299 4 2 32
3643 4 3 68
4419 4 3 39
347 4 3 2
3989 4 4 29
252 4 4 15
2033 4 4 54
1394 4 4 22
1617 4 4 7
2750 4 4 38
3376 4 4 74
3020 4 4 47
1577 4 5 2
977 4 5 29
2315 4 5 54
4588 4 5 10
2634 4 5 76
350 4 5 86
1688 4 5 81
1281 4 5 31
1711 4 5 5
3425 4 6 47
1605 4 6 21
316 4 6 71
1057 4 6 12
2990 4 6 87
1842 4 6 42
2113 4 6 64
3985 4 6 3
693 4 6 90
3763 4 6 94
2129 4 7 66
883 4 7 2
3031 4 7 37
3846 4 8 67
2230 4 9 29
4411 4 9 79
1958 4 9 2
453 4 9 25
2467 4 9 52
4100 4 9 75
3690 4 9 86
578 4 9 59
2140 4 9 88
3653 4 9 95
3992 4 9 66
3335 4 9 7
277 4 10 30
4005 4 10 4
3692 4 10 24
3896 4 10 59
3348 4 10 94
3822 4 10 77
1167 4 10 36
2330 4 10 62
4234 4 10 80
3829 4 11 31
2998 4 11 27
395 4 11 58
2391 4 11 82
2790 4 11 21
3639 4 11 77
949 4 11 16
214 4 11 2
2928 4 11 65
4510 4 11 47
124 4 12 40
987 4 12 51
1604 4 12 2
3059 4 12 11
330 4 12 74
835 4 12 85
3193 4 12 80
2173 4 12 95
2914 4 13 80
4396 4 13 37
4319 4 13 20
3334 4 13 3
105 4 13 12
3152 4 13 24
30 4 13 40
269 4 13 70
2089 4 13 75
2949 4 13 91
2720 4 13 64
272 4 14 16
3312 4 14 78
2763 4 14 84
678 4 14 28
82 4 14 60
2143 4 14 23
4377 4 14 12
535 4 14 3
3005 4 14 47
4006 4 14 64
154 4 15 3
1483 4 15 34
1859 4 15 82
1562 4 15 63
328 4 15 58
534 4 15 12
2287 4 15 87
3874 4 15 92
2791 4 15 17
478 4 16 81
1432 4 16 86
448 4 16 89
3573 4 16 47
4573 4 16 60
2225 4 16 20
4530 4 16 10
1333 4 16 25
4010 4 16 30
2909 4 16 54
4085 4 16 3
2261 4 17 52
3601 4 17 9
2969 4 17 38
3113 4 17 77
2815 4 17 91
13 4 17 27
999 4 17 62
2269 4 17 15
3358 4 17 3
420 4 17 21
4505 4 17 80
2855 4 18 74
3773 4 18 46
354 4 18 79
4339 4 18 11
2772 4 18 29
1217 4 18 85
4037 4 18 43
2214 4 18 18
1745 4 18 3
822 4 18 22
564 4 18 49
3386 4 19 40
3687 4 19 10
1187 4 19 71
1086 4 19 82
1469 4 19 14
3433 4 19 88
474 4 19 52
4104 4 19 61
3283 4 19 76
1918 4 19 20
3361 4 19 3
2655 5 0 87
4561 5 0 73
3412 5 0 14
4459 5 0 2
483 5 0 38
436 5 1 84
3206 5 1 77
837 5 1 2
2060 5 1 18
2657 5 1 42
4600 5 2 32
3511 5 2 18
1240 5 2 77
1566 5 2 2
3217 5 2 72
243 5 3 67
4509 5 3 39
3252 5 3 26
4201 5 3 2
2328 5 4 74
1896 5 4 27
1519 5 4 38
1493 5 4 16
3848 5 4 23
1168 5 4 47
39 5 4 54
3104 5 5 10
3977 5 5 3
1737 5 5 31
836 5 5 76
677 5 5 29
4226 5 5 61
2937 5 5 81
1310 5 6 42
89 5 6 60
4409 5 6 21
4051 5 6 38
4352 5 6 47
1893 5 6 64
51 5 6 71
3666 5 6 94
806 5 6 12
3757 5 6 3
2122 5 6 87
333 5 6 90
4013 5 7 2
4412 5 7 15
3775 5 7 19
4507 5 8 67
958 5 9 76
2374 5 9 88
1756 5 9 59
2718 5 9 79
263 5 9 95
1272 5 9 7
1315 5 9 29
2027 5 9 2
2154 5 9 66
1846 5 10 2
3662 5 10 80
2511 5 10 33
1680 5 10 30
3706 5 10 4
1611 5 10 36
1502 5 10 76
3854 5 10 62
3397 5 11 27
3877 5 11 65
6 5 11 82
4040 5 11 21
2112 5 11 2
2626 5 11 31
4252 5 11 77
1424 5 11 58
510 5 12 95
1609 5 12 40
3101 5 12 11
3229 5 12 85
3159 5 12 51
4422 5 12 80
1967 5 12 2
3027 5 13 24
40 5 13 12
1541 5 13 71
94 5 13 75
3585 5 13 7
1511 5 13 40
1481 5 13 59
1103 5 13 64
2442 5 13 80
2070 5 13 91
3025 5 13 20
1285 5 13 3
256 5 14 16
1944 5 14 26
513 5 14 3
2291 5 14 47
1794 5 14 23
2478 5 14 28
4442 5 14 60
2042 5 14 84
2062 5 14 78
4474 5 14 9
2165 5 14 41
4334 5 15 17
992 5 15 50
3689 5 15 92
3389 5 15 34
1230 5 15 63
2239 5 15 3
7 5 15 82
1823 5 15 87
4054 5 15 9
3944 5 15 30
148 5 15 58
2685 5 16 10
3811 5 16 25
1874 5 16 20
1651 5 16 3
3373 5 16 30
4063 5 16 75
1910 5 16 47
3392 5 16 54
1758 5 17 52
1875 5 17 15
4382 5 17 21
1512 5 17 9
3141 5 17 35
567 5 17 62
1686 5 17 38
2459 5 17 3
4297 5 17 80
1779 5 17 27
2743 5 17 91
4259 5 18 29
3727 5 18 26
827 5 18 3
1292 5 18 22
2398 5 18 11
1982 5 18 74
1328 5 18 39
2688 5 18 68
2861 5 18 80
4579 5 18 85
2583 5 18 93
3705 5 18 46
4188 5 19 20
2277 5 19 40
3894 5 19 61
2375 5 19 76
3187 5 19 83
1087 5 19 71
2224 5 19 88
1317 5 19 14
3609 5 19 35
276 5 19 52
2321 5 19 3
623 6 0 73
2395 6 0 56
4387 6 0 59
4263 6 0 18
1877 6 0 89
3424 6 0 15
3081 6 0 38
2486 6 0 64
1023 6 0 93
4572 6 0 66
3958 6 0 2
4197 6 0 33
118 6 1 53
1878 6 1 42
1280 6 1 89
2097 6 1 16
1245 6 1 79
1216 6 1 2
2621 6 1 18
204 6 1 56
2684 6 1 59
3095 6 1 73
3580 6 1 33
3996 6 1 38
3792 6 1 66
980 6 1 93
1662 6 2 22
760 6 2 2
4353 6 2 18
3408 6 2 26
582 6 2 79
768 6 2 42
674 6 2 93
3131 6 2 73
3975 6 2 66
2293 6 2 38
2371 6 2 33
3054 6 3 42
1036 6 3 33
3246 6 3 18
1233 6 3 8
3149 6 3 26
3091 6 3 73
583 6 3 93
1297 6 3 22
2399 6 3 80
3504 6 3 66
543 6 3 2
1772 6 4 74
176 6 4 80
607 6 4 42
4519 6 4 23
745 6 4 47
3507 6 5 23
445 6 5 42
4593 6 6 82
2822 6 6 23
3413 6 6 42
3542 6 7 74
1131 6 7 2
2902 6 7 13
3172 6 7 92
1339 6 7 38
2662 6 9 29
2601 6 9 7
3467 6 9 66
1019 6 9 88
2827 6 9 2
3506 6 9 79
3400 6 10 33
228 6 10 80
584 6 10 88
1975 6 10 2
3209 6 10 4
2930 6 10 36
1807 6 10 76
1876 6 11 82
87 6 11 31
4304 6 11 27
2713 6 11 65
290 6 11 2
2916 6 12 2
48 6 12 51
1314 6 12 85
2554 6 12 40
4512 6 12 81
4181 6 12 11
4360 6 13 33
4361 6 13 24
26 6 13 64
4513 6 13 82
2289 6 13 40
976 6 13 59
683 6 13 4
1258 6 13 20
3911 6 13 13
705 6 13 91
2568 6 13 54
3305 6 13 7
4282 6 14 64
1724 6 14 54
1709 6 14 84
1251 6 14 26
2806 6 14 92
3766 6 14 33
258 6 14 8
1816 6 14 41
2987 6 14 28
898 6 14 60
3606 6 14 21
1994 6 14 48
2530 6 15 93
1735 6 15 41
2764 6 15 28
1915 6 15 4
4004 6 15 64
2485 6 15 85
857 6 16 48
4157 6 16 68
3183 6 16 54
2227 6 16 11
3971 6 16 75
978 6 16 30
4107 6 16 4
4156 6 17 4
2268 6 17 46
1253 6 17 35
1757 6 17 53
3914 6 17 38
1538 6 17 74
488 6 17 82
3867 6 17 62
1074 6 17 77
2741 6 17 15
4370 6 17 9
1653 6 17 27
1553 6 18 80
4017 6 18 85
4590 6 18 4
1774 6 18 74
644 6 18 93
1854 6 18 64
945 6 18 68
3575 6 18 46
3266 6 18 29
751 6 18 22
3679 6 19 14
3667 6 19 31
793 6 19 40
3483 6 19 4
3243 6 19 57
1697 6 19 36
4125 6 19 72
753 6 19 76
2401 6 19 83
2194 6 19 61
4327 6 19 52
933 6 19 88
2081 7 0 2
608 7 0 66
847 7 0 18
95 7 0 59
2046 7 0 89
1371 7 0 93
217 7 0 13
312 7 1 87
1684 7 1 13
3415 7 1 79
824 7 1 53
3861 7 1 33
2482 7 1 2
4349 7 2 72
4096 7 2 90
1243 7 2 2
4043 7 2 12
1886 7 2 61
35 7 2 22
746 7 3 78
3029 7 3 2
1147 7 3 51
407 7 3 13
1537 7 3 93
2213 7 4 33
4047 7 4 17
2725 7 4 93
798 7 4 2
3363 7 4 80
3087 7 5 93
3495 7 5 47
767 7 5 2
4213 7 5 84
458 7 5 8
2793 7 7 37
1981 7 7 71
3457 7 8 37
2574 7 8 71
2064 7 9 88
2518 7 9 1
348 7 9 29
4494 7 9 7
3631 7 9 79
4153 7 10 1
444 7 10 36
281 7 10 80
4031 7 10 4
2164 7 10 88
4410 7 11 11
3627 7 11 81
3099 7 11 88
923 7 11 1
652 7 11 31
1698 7 12 85
4278 7 12 51
1150 7 12 1
1702 7 12 11
3516 7 12 88
184 7 13 4
4582 7 13 73
3918 7 13 37
2931 7 13 82
3430 7 14 41
205 7 14 71
3762 7 14 7
1246 7 14 3
2615 7 15 28
521 7 15 41
2992 7 15 64
4535 7 15 86
4271 7 16 21
2834 7 16 30
2735 7 16 53
3304 7 16 68
2695 7 16 4
138 7 17 81
919 7 17 53
117 7 17 46
3463 7 17 9
3594 7 17 62
1906 7 17 15
3875 7 17 4
1845 7 17 32
3374 7 17 38
1789 7 17 77
1717 7 18 64
965 7 18 80
2336 7 18 29
65 7 18 93
1850 7 18 4
4159 7 18 68
3418 7 18 85
479 7 18 43
1894 7 18 36
1694 7 18 23
2912 7 19 14
4450 7 19 66
1658 7 19 36
2221 7 19 83
860 7 19 88
1956 7 19 72
2845 7 19 31
3771 7 19 61
2748 7 19 4
3969 7 19 52
61 7 19 77
460 8 0 2
735 8 0 18
57 8 0 66
4566 8 0 93
1003 8 1 87
2320 8 1 53
936 8 1 13
3675 8 1 2
1953 8 2 72
2306 8 2 12
2736 8 2 61
1484 8 2 2
3178 8 3 15
4367 8 3 93
2831 8 3 46
744 8 3 2
4242 8 3 86
2586 8 4 91
3866 8 4 2
2678 8 4 82
2809 8 4 42
3974 8 4 86
2970 8 4 15
3356 8 4 10
2397 8 4 46
2882 8 5 73
1687 8 5 6
2711 8 5 2
1295 8 5 39
2876 8 5 92
4135 8 7 61
1830 8 7 4
4162 8 7 38
363 8 7 80
4265 8 8 57
885 8 8 31
2410 8 8 78
2312 8 8 4
4151 8 9 4
4132 8 9 57
379 8 9 19
1268 8 9 78
296 8 10 16
4089 8 10 4
2565 8 10 52
660 8 10 78
3034 8 11 78
2873 8 11 16
3812 8 11 4
956 8 11 44
3764 8 12 4
3786 8 12 11
2978 8 12 39
2808 8 12 75
3962 8 13 4
4451 8 13 51
1992 8 13 71
203 8 13 17
3396 8 14 4
1677 8 14 43
4087 8 14 17
1630 8 14 70
670 8 15 65
4318 8 15 41
492 8 15 28
4255 8 15 86
1618 8 16 4
4569 8 16 20
2130 8 16 53
3901 8 16 68
1620 8 16 30
3176 8 17 52
2340 8 17 81
2084 8 17 4
3221 8 17 38
4555 8 17 70
3280 8 17 9
14 8 17 15
2625 8 17 47
4295 8 17 62
1405 8 18 64
689 8 18 4
3316 8 18 93
1430 8 18 23
3382 8 18 85
541 8 18 80
3194 8 18 68
2016 8 18 35
2584 8 18 43
2139 8 18 57
2945 8 18 29
4109 8 19 14
819 8 19 52
4321 8 19 35
1379 8 19 72
1180 8 19 83
389 8 19 88
2041 8 19 66
2746 8 19 31
2171 8 19 78
4482 8 19 25
896 8 19 4
651 8 19 61
4592 9 0 83
3478 9 0 26
2279 9 0 68
171 9 0 2
2839 9 0 13
1122 9 1 13
3171 9 1 26
3388 9 1 3
3541 9 1 53
1124 9 1 68
2862 9 1 83
522 9 2 26
1097 9 2 53
3 9 2 48
4336 9 2 77
2652 9 2 83
899 9 2 3
2172 9 2 24
3895 9 2 13
4164 9 3 3
595 9 3 77
4306 9 3 49
2733 9 3 8
2784 9 3 45
2820 9 3 73
4503 9 3 83
3710 9 3 53
3321 9 3 13
2866 9 3 26
2317 9 3 90
3831 9 4 70
1136 9 4 86
3550 9 4 26
2694 9 4 77
142 9 4 53
1708 9 4 3
4357 9 4 15
2073 9 4 43
3530 9 4 91
3006 9 4 49
2034 9 4 73
606 9 5 86
671 9 5 3
173 9 5 26
2973 9 5 66
2193 9 5 91
590 9 5 10
1543 9 5 73
1458 9 5 77
3797 9 5 53
3625 9 5 15
3648 9 7 80
603 9 7 33
1638 9 7 4
1334 9 7 17
1761 9 7 38
3921 9 7 56
833 9 7 61
1558 9 8 19
364 9 8 4
3577 9 8 31
1738 9 8 78
4376 9 8 45
4130 9 8 57
3133 9 9 4
1549 9 9 68
4241 9 9 42
4246 9 9 19
1771 9 10 16
3949 9 10 12
4316 9 10 43
3232 9 10 82
1866 9 10 4
928 9 10 52
2203 9 11 4
2383 9 11 44
577 9 11 64
1660 9 11 40
4596 9 11 17
4597 9 12 69
2786 9 12 39
2929 9 12 75
1946 9 12 34
2980 9 12 11
1143 9 12 90
2798 9 12 4
1652 9 13 17
3608 9 13 51
2762 9 13 42
1657 9 13 71
2633 9 13 4
4384 9 13 84
3394 9 14 63
3647 9 14 70
3640 9 14 89
3449 9 14 4
2640 9 14 16
4491 9 14 43
3057 9 15 86
3036 9 15 41
4501 9 16 50
4254 9 16 20
2048 9 16 68
157 9 16 4
804 9 16 30
2556 9 17 26
2553 9 17 47
3153 9 17 9
1529 9 17 62
984 9 17 5
758 9 17 81
2120 9 17 70
4539 9 17 15
2810 9 17 38
4528 9 18 12
4311 9 18 68
2924 9 18 93
2463 9 18 43
1972 9 18 57
3448 9 18 34
388 9 18 80
4520 9 18 4
3873 9 18 29
2147 9 18 85
2955 9 18 64
4163 9 19 56
3383 9 19 5
3765 9 19 24
609 9 19 45
2015 9 19 78
454 9 19 83
548 9 19 61
42 9 19 88
4324 9 19 14
3981 9 19 31
387 9 19 66
1132 9 19 72
3039 10 0 63
2153 10 0 2
2796 10 0 30
1344 10 0 10
490 10 0 89
1632 10 1 2
2608 10 1 34
1769 10 1 68
503 10 1 91
1996 10 1 6
3778 10 2 35
1800 10 2 10
3071 10 2 2
1348 10 2 91
2324 10 2 68
3082 10 3 2
4291 10 3 59
4158 10 3 27
1938 10 3 92
2493 10 3 14
1856 10 4 38
540 10 4 2
874 10 4 13
2435 10 4 92
2896 10 4 68
1468 10 6 23
2126 10 6 69
3880 10 6 81
2865 10 6 41
260 10 7 74
3814 10 7 27
4203 10 7 14
3815 10 7 17
4299 10 7 38
813 10 7 4
3928 10 7 50
3205 10 7 56
477 10 7 33
2259 10 7 89
3900 10 7 80
4331 10 7 61
3683 10 8 57
1597 10 8 89
2631 10 8 15
4358 10 8 73
4589 10 8 4
1843 10 8 45
1067 10 8 31
2751 10 8 78
1071 10 9 19
4289 10 9 61
650 10 9 68
76 10 9 38
2415 10 9 4
452 10 9 87
779 10 9 15
560 10 9 42
1374 10 10 4
163 10 10 43
3972 10 10 37
3144 10 10 12
907 10 10 52
43 10 10 78
558 10 10 16
1126 10 10 82
3401 10 11 13
247 10 11 64
1161 10 11 44
4071 10 11 4
153 10 11 17
4068 10 11 32
4342 10 12 5
1858 10 12 75
4118 10 12 62
3621 10 12 83
3332 10 12 11
2691 10 12 90
2906 10 12 69
1768 10 12 28
2712 10 12 39
2169 10 13 17
3738 10 13 5
1961 10 13 42
1289 10 13 84
1309 10 13 71
3084 10 13 36
2966 10 13 51
2818 10 14 35
4346 10 14 5
3597 10 14 16
930 10 14 89
3239 10 14 63
4440 10 14 84
3769 10 14 43
4383 10 14 70
2439 10 15 86
2157 10 15 41
1463 10 16 4
419 10 16 15
2107 10 16 42
4066 10 16 69
259 10 17 89
1288 10 17 9
121 10 17 5
1435 10 17 38
1257 10 17 15
831 10 17 62
594 10 17 70
3869 10 17 25
929 10 17 47
4191 10 17 81
2870 10 18 68
266 10 18 93
1291 10 18 85
2051 10 18 5
3784 10 18 78
3777 10 18 30
781 10 18 57
812 10 18 43
3622 10 19 24
2971 10 19 56
3603 10 19 6
4534 10 19 84
77 10 19 61
593 10 19 79
3791 10 19 31
3655 10 19 88
1784 10 19 41
3737 10 19 14
4369 11 0 23
3114 11 0 81
1352 11 0 6
3735 11 0 50
382 11 0 30
3857 11 0 89
3920 11 0 63
1891 11 0 10
113 11 1 34
1399 11 1 68
1669 11 1 29
383 11 1 91
815 11 1 6
4380 11 1 62
2207 11 2 10
1420 11 2 6
4506 11 2 65
1081 11 2 76
2477 11 2 29
4223 11 2 35
2294 11 3 77
940 11 3 14
4256 11 3 50
2982 11 3 5
712 11 3 27
2182 11 3 59
3999 11 3 19
3925 11 4 28
1679 11 4 4
4389 11 4 62
687 11 4 79
2250 11 4 13
1574 11 6 13
3951 11 6 63
1017 11 6 79
3496 11 6 29
2377 11 6 4
497 11 7 38
3207 11 7 17
1238 11 7 33
1561 11 7 74
1615 11 7 27
3349 11 7 61
4008 11 7 5
1090 11 7 80
2726 11 7 50
3626 11 7 89
3330 11 8 57
2001 11 8 15
4314 11 8 31
4486 11 8 40
2068 11 8 73
4525 11 8 26
1221 11 8 45
80 11 8 78
911 11 8 83
4473 11 8 69
4403 11 8 5
4602 11 9 42
731 11 9 4
2825 11 9 61
2738 11 9 32
3047 11 9 14
2926 11 9 55
4446 11 9 68
2205 11 9 19
2040 11 9 81
4594 11 9 87
2180 11 9 38
3586 11 10 16
4236 11 10 32
2943 11 10 5
4415 11 10 72
1242 11 10 83
1973 11 10 37
946 11 10 52
1782 11 11 79
3715 11 11 4
4081 11 11 44
597 11 11 64
648 11 11 58
2138 11 11 32
4273 11 11 23
4344 11 11 17
752 11 12 28
1930 11 12 63
2094 11 12 69
1218 11 12 11
1402 11 12 75
1093 11 12 90
3790 11 12 39
152 11 12 83
3381 11 12 5
3548 11 12 56
1811 11 13 5
2434 11 13 83
3222 11 13 43
1510 11 13 51
3628 11 13 17
2742 11 13 65
3986 11 13 71
2707 11 13 35
3934 11 14 15
3598 11 14 37
4258 11 14 43
195 11 14 4
1824 11 14 65
3644 11 14 89
2226 11 15 86
4120 11 16 42
2960 11 16 59
920 11 16 4
377 11 16 15
4124 11 16 34
927 11 17 14
2708 11 17 63
4326 11 17 92
2204 11 17 6
2962 11 17 24
706 11 17 38
592 11 17 9
3886 11 17 81
3858 11 18 5
3487 11 18 78
3718 11 18 30
3553 11 18 55
1863 11 18 43
1718 11 18 68
4231 11 18 12
3863 11 18 93
440 11 18 85
2211 11 19 6
2501 11 19 24
982 11 19 41
755 11 19 31
1064 11 19 88
4445 11 19 61
3515 11 19 84
1192 11 19 14
2047 12 0 75
4281 12 0 63
356 12 0 6
1935 12 0 81
335 12 0 30
3614 12 0 23
1804 12 0 10
3637 12 0 89
3596 12 0 50
427 12 1 68
2071 12 1 50
3061 12 1 34
2676 12 1 91
2599 12 1 46
991 12 1 10
1889 12 1 75
1508 12 1 81
3405 12 1 23
4527 12 1 63
891 12 2 68
1579 12 2 50
568 12 2 10
3904 12 2 35
2913 12 2 23
2508 12 2 46
1464 12 2 81
2353 12 2 91
1154 12 3 46
511 12 3 29
4072 12 3 68
4433 12 3 19
3163 12 3 50
1326 12 3 91
530 12 3 14
3734 12 3 35
410 12 3 81
2665 12 4 35
2858 12 4 82
3654 12 4 68
1731 12 4 50
1108 12 4 91
2443 12 9 68
1857 12 9 38
2985 12 9 5
1474 12 9 61
960 12 9 19
3140 12 9 42
2644 12 9 55
4121 12 9 31
1417 12 9 81
2963 12 9 87
2028 12 10 52
2836 12 10 12
1479 12 10 66
4056 12 10 83
398 12 10 37
2197 12 10 72
3434 12 10 30
2899 12 10 5
4170 12 11 64
306 12 11 58
3459 12 11 44
1327 12 11 32
3937 12 11 23
1390 12 11 5
2476 12 11 84
4269 12 11 17
3079 12 12 56
3522 12 12 82
1797 12 12 63
2595 12 12 11
4570 12 12 75
3468 12 12 22
3701 12 12 39
536 12 12 69
2000 12 12 51
3008 12 12 5
262 12 12 91
1721 12 13 5
2270 12 13 17
2671 12 13 43
546 12 13 51
1861 12 13 35
1701 12 13 83
2619 12 13 65
2551 12 13 71
133 12 14 5
2137 12 14 75
491 12 14 89
4302 12 14 22
3941 12 14 48
1355 12 15 86
110 12 15 91
3952 12 16 36
3486 12 16 11
2314 12 16 5
3671 12 16 75
3452 12 17 23
1888 12 17 63
1547 12 17 87
1214 12 17 81
234 12 17 39
1303 12 17 14
2119 12 18 55
1034 12 18 93
1526 12 18 68
2624 12 18 78
4019 12 18 12
2953 12 18 30
2099 12 18 5
787 12 18 43
3825 12 18 86
629 12 19 14
2231 12 19 24
4080 12 19 40
2092 12 19 84
2082 12 19 61
1426 12 19 88
4078 12 19 31
3256 13 0 41
4475 13 0 5
2940 13 0 22
2118 13 0 69
1357 13 1 36
2852 13 1 73
3966 13 1 5
4359 13 1 31
2521 13 2 5
2558 13 2 78
3736 13 2 30
1524 13 2 49
816 13 3 5
3003 13 3 26
3456 13 3 79
4556 13 3 47
2210 13 4 53
4480 13 4 84
3435 13 4 21
796 13 4 5
4055 13 5 5
2275 13 5 61
613 13 5 86
717 13 5 32
2911 13 6 38
4337 13 6 5
4024 13 6 57
694 13 7 5
3282 13 7 43
2527 13 7 71
2752 13 17 88
3186 13 18 88
848 13 19 34
2031 13 19 88
1764 13 19 20
3524 14 9 1
1038 14 9 85
4601 14 10 1
4603 14 10 31
4238 14 11 92
3318 14 11 1
2163 14 11 29
2758 14 12 89
4522 14 12 7
4391 14 12 1
4439 14 13 5
4508 14 13 1
4426 14 13 74
2313 14 14 68
3810 14 14 1
165 14 14 10
2452 14 15 33
4150 14 15 87
1705 14 15 1
1321 14 15 98
2561 14 17 24
2014 14 17 6
1324 14 17 55
2110 14 17 78
2288 14 18 55
3916 14 18 23
2894 14 18 49
3968 14 18 44
2491 14 18 86
1747 14 18 6
1929 14 18 67
245 14 18 72
2756 14 18 78
4333 14 19 11
3832 14 19 82
1004 14 19 34
4091 14 19 57
1449 14 19 40
459 14 19 75
1940 14 19 66
3072 14 19 20
56 15 0 48
4576 15 0 54
1916 15 0 71
222 15 0 43
657 15 0 64
3370 15 0 88
3844 15 0 7
1044 15 0 30
1232 15 0 83
29 15 0 22
1849 15 1 58
3403 15 1 74
3000 15 1 88
1215 15 1 66
3094 15 1 45
1901 15 1 50
1666 15 1 21
3018 15 1 13
1525 15 1 38
2412 15 2 8
115 15 2 33
186 15 2 47
2872 15 2 88
68 15 2 39
1899 15 2 67
4516 15 2 54
519 15 2 15
3393 15 2 23
2098 15 2 81
4007 15 3 82
2753 15 3 30
2141 15 3 71
2123 15 3 23
4455 15 3 16
1634 15 3 39
1088 15 3 49
3032 15 3 7
1826 15 3 65
2512 15 4 7
3817 15 4 85
2856 15 4 19
2196 15 4 57
1530 15 4 67
1175 15 4 73
3759 15 4 28
4274 15 4 40
4048 15 5 32
1096 15 5 39
2747 15 5 23
2783 15 5 65
838 15 5 12
1456 15 5 48
2471 15 5 78
289 15 5 18
1955 15 5 55
84 15 6 24
4430 15 6 78
1809 15 6 35
2502 15 6 16
1000 15 6 88
2175 15 6 7
3774 15 6 62
1787 15 6 68
1437 15 7 63
4537 15 7 49
2366 15 7 20
4432 15 7 7
1092 15 7 27
4060 15 7 76
1806 15 7 13
2257 15 8 32
4015 15 8 54
3842 15 8 86
3591 15 8 7
4285 15 8 43
962 15 8 38
3233 15 8 62
1005 15 8 72
3214 15 8 25
3927 15 9 68
368 15 9 41
4041 15 9 5
1503 15 9 15
86 15 9 84
1053 15 10 5
1408 15 10 84
1100 15 10 71
1351 15 10 16
805 15 10 41
1403 15 11 63
3235 15 11 35
1465 15 11 85
3571 15 11 16
2271 15 11 5
1715 15 12 16
3753 15 12 69
3325 15 12 85
1696 15 12 40
3469 15 12 5
1984 15 13 41
1759 15 13 19
737 15 13 70
4082 15 13 85
1271 15 13 5
2446 15 14 5
4348 15 14 85
3473 15 14 35
4076 15 14 75
1098 15 14 19
3899 15 15 5
3635 15 15 42
2342 15 15 60
3154 15 15 16
1011 15 17 6
3982 15 17 81
2959 15 17 50
4183 15 17 26
1061 15 17 90
1247 15 18 72
2145 15 18 6
3537 15 18 49
3633 15 18 78
1740 15 18 85
3988 15 18 23
2160 15 18 67
2817 15 18 55
3600 15 19 40
4547 15 19 11
766 15 19 50
3955 15 19 82
3387 15 19 56
2571 15 19 66
2274 15 19 75
4374 15 19 20
2679 15 19 34
626 16 0 48
1927 16 0 71
1952 16 0 83
3700 16 0 43
4025 16 0 7
1486 16 0 22
3336 16 0 17
2721 16 0 30
3558 16 0 64
2105 16 0 87
2617 16 1 50
2297 16 1 58
3555 16 1 13
2323 16 1 44
1282 16 1 66
1201 16 1 80
161 16 1 74
2975 16 1 21
1970 16 1 38
2765 16 2 8
180 16 2 23
466 16 2 60
443 16 2 54
2460 16 2 39
1792 16 2 81
1924 16 2 47
2835 16 2 15
2430 16 3 71
703 16 3 82
1860 16 3 65
3826 16 3 22
1714 16 3 30
4249 16 3 49
988 16 3 44
1528 16 3 7
1516 16 3 60
4300 16 4 7
944 16 4 60
2951 16 4 67
2935 16 4 19
1610 16 4 73
2832 16 4 84
455 16 4 27
1382 16 4 46
1614 16 5 48
271 16 5 6
1803 16 5 39
2020 16 5 55
3285 16 5 78
788 16 5 18
4487 16 5 23
2474 16 5 60
2826 16 5 65
3124 16 5 12
2116 16 6 6
2406 16 6 77
470 16 6 35
3339 16 6 87
4447 16 6 16
2368 16 6 67
473 16 6 24
3127 16 6 46
4402 16 6 62
198 16 7 89
3967 16 7 44
2921 16 7 13
4549 16 7 49
3480 16 7 6
1883 16 7 59
2813 16 7 63
3115 16 7 27
2635 16 7 76
1979 16 7 84
2380 16 7 20
2010 16 8 72
2158 16 8 18
1500 16 8 31
429 16 8 86
935 16 8 43
1211 16 8 61
2212 16 8 38
1356 16 8 6
1008 16 8 24
998 16 9 15
3500 16 9 26
1224 16 9 52
2392 16 9 83
2419 16 9 71
4279 16 9 34
1974 16 9 21
1337 16 9 6
3331 16 10 45
242 16 10 53
3445 16 10 62
4276 16 10 84
1156 16 10 6
913 16 10 22
3557 16 10 34
3073 16 11 63
1937 16 11 35
4557 16 11 54
2893 16 11 84
604 16 12 84
2437 16 12 54
3019 16 12 63
4093 16 13 85
2254 16 13 57
1700 16 14 85
496 16 15 86
8 16 16 88
2417 16 17 31
1028 16 17 37
3477 16 17 56
2329 16 17 6
3602 16 17 18
739 16 17 51
4216 16 17 66
3197 16 17 26
63 16 17 90
2241 16 17 74
249 16 18 77
3391 16 18 6
3126 16 18 72
2167 16 18 85
3740 16 18 49
3359 16 18 23
4097 16 18 55
1220 16 18 32
864 16 19 40
404 16 19 65
876 16 19 33
2788 16 19 75
308 16 19 82
3517 16 19 56
792 16 19 11
3961 17 0 71
3203 17 0 30
394 17 0 77
2588 17 0 83
4177 17 0 64
4149 17 0 38
3945 17 0 7
3959 17 0 22
2131 17 0 48
3779 17 1 13
3109 17 1 50
4095 17 1 58
5 17 1 74
2673 17 1 38
3166 17 1 21
1716 17 1 66
4244 17 1 44
2847 17 2 15
3987 17 2 8
588 17 2 23
1411 17 2 66
2730 17 2 81
4204 17 2 39
4284 17 2 53
1400 17 2 60
2337 17 2 47
1190 17 2 75
17 17 3 7
1112 17 3 44
741 17 3 49
2151 17 3 65
3089 17 3 71
3399 17 3 82
2255 17 3 30
3883 17 4 67
318 17 4 78
2382 17 4 46
3228 17 4 19
218 17 4 6
952 17 4 27
3012 17 4 40
3484 17 5 55
4218 17 5 65
3839 17 5 89
4315 17 5 60
3202 17 5 48
3574 17 5 18
1294 17 5 23
3001 17 5 6
3802 17 5 78
2260 17 5 44
1222 17 6 18
1265 17 6 35
2737 17 6 77
169 17 6 46
4457 17 6 87
2613 17 6 6
1987 17 6 24
3950 17 6 66
3502 17 7 6
72 17 7 27
1572 17 7 63
1443 17 7 49
352 17 7 13
28 17 7 20
725 17 7 68
341 17 7 76
1674 17 7 89
2687 17 8 31
3107 17 8 43
2362 17 8 61
2177 17 8 72
4341 17 8 86
1728 17 8 6
1114 17 8 24
405 17 8 18
2851 17 8 38
3533 17 9 45
2514 17 9 71
4490 17 9 34
2195 17 9 52
4443 17 9 26
3818 17 9 12
3078 17 9 83
1741 17 9 6
3162 17 10 68
2077 17 10 76
3508 17 10 45
3125 17 10 22
3695 17 10 62
2578 17 10 28
1248 17 10 15
1283 17 10 6
1422 17 10 53
4027 17 11 11
3931 17 11 21
2357 17 11 67
2648 17 11 48
801 17 11 30
3691 17 11 72
1586 17 11 82
2111 17 12 39
1583 17 12 49
2276 17 12 6
681 17 12 45
1622 17 12 63
2569 17 12 69
3223 17 12 12
1990 17 12 33
1582 17 13 25
2589 17 13 6
3649 17 13 16
3503 17 13 57
3834 17 13 75
3241 17 13 85
3547 17 14 15
3924 17 14 24
3936 17 14 33
1035 17 14 77
3624 17 14 44
3995 17 14 58
2666 17 14 48
1872 17 14 90
3043 17 14 7
3722 17 15 26
209 17 15 48
4484 17 15 54
2086 17 15 90
655 17 15 79
1135 17 15 74
2777 17 15 6
4325 17 15 34
2244 17 15 16
2781 17 16 71
2524 17 16 90
3010 17 16 51
1492 17 16 29
3642 17 16 57
549 17 16 15
128 17 16 6
4538 17 16 81
2651 17 17 56
2829 17 17 31
4386 17 17 26
1639 17 17 37
2510 17 17 6
3351 17 17 74
3513 17 17 17
955 17 17 51
3761 17 17 90
378 17 18 6
3128 17 18 77
3681 17 18 64
2645 17 18 32
4347 17 18 49
587 17 18 55
989 17 18 84
1959 17 19 65
4167 17 19 56
3046 17 19 75
2039 17 19 82
1056 17 19 27
867 17 19 40
4599 17 19 11
1817 17 19 33
4340 18 0 38
360 18 0 71
3956 18 0 7
4558 18 0 22
3444 18 0 83
1109 18 0 48
2403 18 1 58
2495 18 1 44
2577 18 1 74
1094 18 1 21
67 18 1 81
4584 18 1 13
2702 18 2 47
3219 18 2 66
4034 18 2 7
3117 18 2 23
3438 18 2 15
16 18 2 53
2697 18 2 81
3372 18 3 7
3122 18 3 71
4212 18 3 82
3672 18 3 44
3301 18 3 30
2023 18 3 49
2436 18 3 65
3850 18 4 19
1031 18 4 6
2550 18 4 78
3410 18 4 40
1607 18 4 73
2663 18 4 46
2658 18 4 27
821 18 5 65
4077 18 5 48
4435 18 5 18
2509 18 5 23
3527 18 5 6
664 18 5 88
1777 18 5 55
668 18 6 46
3726 18 6 18
4022 18 6 77
1054 18 6 87
3151 18 6 24
1527 18 6 35
3652 18 6 6
381 18 7 27
612 18 7 6
2988 18 7 76
4453 18 7 89
3048 18 7 68
227 18 7 20
2922 18 7 49
2466 18 8 72
1542 18 8 67
4551 18 8 6
2290 18 8 24
2187 18 8 86
3333 18 8 43
4388 18 8 18
4001 18 8 38
2178 18 9 33
4014 18 9 52
1073 18 9 12
1293 18 9 80
4320 18 9 45
187 18 9 5
621 18 9 83
3960 18 9 71
411 18 10 5
4139 18 10 14
1182 18 10 28
3804 18 10 21
4187 18 10 76
4460 18 10 53
18 18 10 91
239 18 10 62
947 18 11 82
4307 18 11 30
600 18 11 5
2716 18 11 11
4585 18 11 72
3668 18 11 48
3913 18 12 69
2121 18 12 33
1206 18 12 27
3514 18 12 12
2307 18 12 45
4492 18 12 49
4026 18 12 6
4073 18 13 6
3583 18 13 49
1433 18 13 16
2677 18 13 57
4354 18 13 85
2967 18 13 27
3135 18 14 6
1082 18 14 27
4070 18 14 90
3462 18 14 48
1021 18 14 15
1252 18 14 73
3733 18 14 77
4065 18 14 33
4293 18 14 58
34 18 15 79
3884 18 15 54
932 18 15 16
3505 18 15 27
2286 18 15 34
3838 18 15 6
3980 18 16 57
3045 18 16 6
3782 18 16 51
3592 18 16 71
2705 18 16 29
747 18 16 80
4057 18 16 90
1414 18 16 15
4228 18 17 56
3572 18 17 6
3225 18 17 31
3993 18 17 74
3007 18 17 37
1354 18 17 51
2696 18 17 17
1585 18 18 84
438 18 18 6
4399 18 18 32
961 18 18 55
1209 18 18 64
2308 18 19 40
4301 18 19 11
2528 18 19 56
3751 18 19 33
619 18 19 65
2659 18 19 82
2618 19 0 83
2372 19 0 6
2450 19 0 71
3731 19 0 22
3422 19 0 48
3709 19 1 58
406 19 1 74
1153 19 1 12
3859 19 1 21
267 19 1 6
2802 19 2 23
1855 19 2 53
1191 19 2 66
339 19 2 6
557 19 2 14
3218 19 3 49
4366 19 3 71
3813 19 3 82
75 19 3 14
2134 19 3 30
164 19 3 6
2821 19 4 6
2639 19 4 27
830 19 4 46
1534 19 4 78
782 19 5 6
4145 19 5 55
4385 19 5 23
1342 19 5 65
1343 19 6 6
4296 19 6 77
3296 19 6 46
2161 19 6 24
1480 19 6 87
370 19 7 49
175 19 7 87
1581 19 7 6
1879 19 7 27
3756 19 7 76
1329 19 8 24
645 19 8 43
192 19 8 6
4531 19 8 72
2316 19 8 86
1250 19 9 52
1535 19 9 83
2704 19 9 80
399 19 9 5
1654 19 9 12
502 19 9 33
2106 19 10 28
1965 19 10 5
973 19 10 62
1255 19 10 76
2541 19 10 14
1844 19 11 77
2006 19 11 5
1663 19 11 14
431 19 11 49
2650 19 11 30
4247 19 12 49
3595 19 12 33
2381 19 12 12
1934 19 12 77
722 19 12 5
581 19 13 5
3481 19 13 57
3560 19 13 77
3523 19 13 16
3820 19 13 27
3210 19 14 33
4465 19 14 77
3259 19 14 5
4343 19 14 15
116 19 14 58
3964 19 15 34
126 19 15 80
1030 19 15 5
2035 19 15 16
3398 19 15 54
1947 19 16 15
615 19 16 37
3423 19 16 5
986 19 16 57
3650 19 16 80
1101 19 17 82
692 19 17 5
4364 19 17 37
1692 19 17 56
2425 19 17 17
1678 19 18 64
2252 19 18 32
1279 19 18 82
1170 19 18 5
1441 19 18 11
1431 19 19 5
795 19 19 65
3119 19 19 82
562 19 19 40
345 19 19 11
