2536
2889 0 0 96
3379 0 0 1
798 0 1 30
2399 0 1 85
2451 0 1 1
1869 0 2 12
3275 0 2 84
3515 0 2 1
2484 0 3 79
4150 0 3 1
3635 0 3 17
4153 0 4 1
4131 0 4 28
2741 0 4 78
844 0 5 81
4411 0 5 64
2133 0 5 3
727 0 5 26
4690 0 6 84
4343 0 6 30
2720 0 6 63
4192 0 6 3
480 0 7 86
361 0 7 18
1231 0 7 3
249 0 7 50
1259 0 8 23
2991 0 8 3
575 0 8 52
3412 0 8 87
1058 0 9 3
396 0 9 89
2742 0 9 54
4132 0 9 31
2827 0 10 3
1276 0 10 57
3841 0 10 89
51 0 10 35
1193 0 11 91
2162 0 11 3
3659 0 11 38
1232 0 11 69
1951 0 12 3
1360 0 12 76
2479 0 13 2
3892 0 13 44
3743 0 13 90
1111 0 13 11
3318 0 14 56
745 0 14 2
4557 0 14 21
2431 0 14 94
3912 0 15 57
1929 0 15 24
1422 0 15 83
231 0 15 2
1302 0 15 80
656 0 16 74
642 0 16 64
3386 0 16 14
4048 0 16 2
582 0 17 2
1803 0 17 57
4640 0 17 82
4129 0 17 24
309 0 18 2
4419 0 18 22
383 0 18 55
1904 0 18 88
2094 0 19 2
4496 0 19 66
2645 0 19 32
2367 0 19 88
3848 1 0 68
2488 1 0 96
3059 1 0 1
3464 1 0 19
4118 1 1 21
1728 1 1 79
3207 1 1 1
4511 1 1 85
3629 1 1 97
3933 1 1 30
2150 1 2 40
3307 1 2 1
4522 1 2 78
1714 1 2 12
328 1 2 84
2790 1 3 17
3609 1 3 98
1183 1 3 79
3240 1 3 1
4706 1 3 63
1634 1 4 28
3206 1 4 64
2738 1 4 78
3757 1 4 98
2825 1 4 1
4536 1 4 22
4019 1 5 59
2481 1 5 64
4052 1 5 81
1699 1 5 26
3166 1 5 87
1894 1 5 3
4246 1 6 24
916 1 6 30
2321 1 6 63
3531 1 6 84
4107 1 6 3
2915 1 7 50
2739 1 7 45
133 1 7 86
283 1 7 3
4216 1 7 18
4649 1 7 78
3729 1 8 20
3616 1 8 23
2376 1 8 49
3957 1 8 52
3627 1 8 87
3744 1 8 3
1512 1 8 83
1844 1 9 3
4101 1 9 24
1768 1 9 50
4206 1 9 61
3533 1 9 54
3060 1 9 31
1332 1 10 28
4117 1 10 53
3588 1 10 85
4332 1 10 89
481 1 10 57
3734 1 10 3
232 1 10 35
973 1 11 3
4593 1 11 28
3990 1 11 58
4718 1 11 69
4345 1 11 87
4623 1 11 38
2085 1 11 91
3211 1 12 3
3566 1 12 58
2665 1 12 22
1974 1 12 77
1789 1 13 2
3822 1 13 81
2496 1 13 44
1871 1 13 11
2978 1 13 36
3398 1 13 90
4394 1 14 2
1482 1 14 49
3735 1 14 16
3129 1 14 56
3874 1 14 84
1748 1 14 94
709 1 14 21
3674 1 15 17
4441 1 15 51
3882 1 15 57
2826 1 15 2
923 1 15 24
4087 1 15 83
1503 1 16 74
1207 1 16 94
3087 1 16 2
3815 1 16 64
1602 1 16 14
4254 1 16 43
2153 1 16 71
331 1 17 57
3918 1 17 50
1753 1 17 75
182 1 17 2
3623 1 17 17
3032 1 17 82
1120 1 17 24
1385 1 18 55
4099 1 18 2
2214 1 18 82
3231 1 18 22
3825 1 18 51
4011 1 18 16
4018 1 19 88
3055 1 19 2
2180 1 19 66
1448 1 19 32
4643 1 19 15
2492 2 0 1
3993 2 0 16
2158 2 0 44
2447 2 0 96
1019 2 0 68
2554 2 0 19
2603 2 0 89
1153 2 1 85
4563 2 1 30
3913 2 1 17
1426 2 1 79
1710 2 1 97
3154 2 1 1
939 2 1 67
3460 2 1 21
2573 2 2 84
2613 2 2 68
3028 2 2 1
3589 2 2 40
1861 2 2 96
2798 2 2 78
4613 2 2 36
2546 2 2 12
2557 2 3 63
3249 2 3 17
3973 2 3 79
3457 2 3 1
846 2 3 97
1977 2 3 14
3133 2 3 60
4704 2 4 16
3631 2 4 95
1261 2 4 1
1383 2 4 22
1340 2 4 28
2736 2 4 64
2704 2 4 78
1573 2 5 3
3924 2 5 59
2417 2 5 17
2064 2 5 64
1834 2 5 26
4752 2 5 88
52 2 5 81
2401 2 5 57
3493 2 6 84
3801 2 6 58
2357 2 6 3
818 2 6 80
242 2 6 92
2509 2 6 21
4444 2 6 63
3042 2 6 24
120 2 6 30
4344 2 7 74
3939 2 7 86
1230 2 7 45
2345 2 7 13
1518 2 7 50
2116 2 7 78
4544 2 7 40
3601 2 7 18
3663 2 7 3
2761 2 8 52
1828 2 8 45
1984 2 8 3
3516 2 8 20
2186 2 8 23
4734 2 8 87
3654 2 8 72
4526 2 8 92
4479 2 9 3
2138 2 9 11
2847 2 9 50
4520 2 9 77
2083 2 9 14
4365 2 9 38
3002 2 9 93
4503 2 9 61
2450 2 10 58
4525 2 10 77
3079 2 10 53
541 2 10 3
4609 2 10 50
4133 2 10 23
3210 2 10 14
2497 2 10 73
4733 2 10 93
3701 2 10 28
4488 2 10 38
4179 2 11 34
947 2 11 93
2591 2 11 77
1442 2 11 3
1646 2 11 22
3448 2 11 38
3346 2 11 58
81 2 11 87
4023 2 11 73
887 2 12 19
21 2 12 22
1798 2 12 77
1954 2 12 93
3745 2 12 57
3312 2 12 3
2800 2 12 72
4529 2 13 44
2697 2 13 77
2531 2 13 90
2041 2 13 11
1783 2 13 2
1169 2 13 33
2391 2 13 81
2566 2 13 36
412 2 14 21
44 2 14 2
460 2 14 49
4438 2 14 44
4331 2 14 56
3665 2 14 16
4592 2 14 77
3721 2 14 84
3005 2 14 94
402 2 15 44
92 2 15 2
239 2 15 57
1587 2 15 24
144 2 15 17
3490 2 15 12
2999 2 15 83
4275 2 15 51
4685 2 16 74
4069 2 16 94
4731 2 16 35
4645 2 16 14
1040 2 16 43
3054 2 16 64
1846 2 16 2
3887 2 16 90
2232 2 17 2
4190 2 17 78
2877 2 17 24
2746 2 17 50
4600 2 17 57
2700 2 17 46
2490 2 17 75
4189 2 17 12
1262 2 17 82
2610 2 17 17
4088 2 17 71
4417 2 18 22
557 2 18 55
1176 2 18 2
2486 2 18 81
2392 2 18 39
3682 2 18 16
4251 2 18 51
739 2 19 84
3337 2 19 56
441 2 19 15
4477 2 19 29
2589 2 19 32
1729 2 19 66
2969 2 19 2
2165 2 19 88
3613 3 0 66
3227 3 0 1
3619 3 0 68
4350 3 0 96
3482 3 0 11
1049 3 0 19
1344 3 0 89
3519 3 0 41
2904 3 0 44
4483 3 0 86
1775 3 0 16
2841 3 1 18
2286 3 1 1
1641 3 1 30
4701 3 1 62
4729 3 1 76
788 3 1 79
1488 3 1 85
3483 3 1 94
2565 3 1 13
661 3 1 97
619 3 1 21
3754 3 1 67
2491 3 2 84
2048 3 2 40
4437 3 2 63
3507 3 2 36
1659 3 2 68
3691 3 2 1
2374 3 2 78
2001 3 2 12
393 3 2 96
1782 3 2 10
1619 3 2 34
1982 3 3 12
3950 3 3 79
24 3 3 1
3267 3 3 48
1178 3 3 14
4402 3 3 17
4732 3 3 97
497 3 3 63
2928 3 4 95
4451 3 4 16
2630 3 4 14
155 3 4 1
3118 3 4 92
4657 3 4 56
1306 3 4 64
269 3 4 28
1138 3 4 22
1660 3 4 78
4208 3 5 82
1250 3 5 17
2366 3 5 49
2533 3 5 26
4730 3 5 20
3503 3 5 64
2010 3 5 88
2810 3 5 53
4388 3 5 73
1331 3 5 59
4686 3 5 10
587 3 5 3
1648 3 6 49
2558 3 6 59
1348 3 6 53
2643 3 6 64
4382 3 6 92
2215 3 6 88
2266 3 6 30
321 3 6 3
976 3 6 21
4387 3 6 10
3687 3 6 26
4262 3 6 73
1795 3 7 26
4647 3 7 40
15 3 7 3
2968 3 7 59
4241 3 7 88
2262 3 7 92
3502 3 7 68
1817 3 7 74
2759 3 7 20
4464 3 7 64
3940 3 7 30
3652 3 8 72
3762 3 8 16
2430 3 8 52
4521 3 8 83
142 3 8 45
4754 3 8 3
3071 3 9 38
4044 3 9 48
4312 3 9 77
4229 3 9 61
2513 3 9 93
3506 3 9 3
773 3 9 14
1934 3 9 11
2587 3 10 3
2641 3 10 11
4175 3 10 47
549 3 10 61
1794 3 11 3
1362 3 11 68
2909 3 11 73
1833 3 11 38
2369 3 11 8
4421 3 12 3
3053 3 12 12
1918 3 12 61
3156 3 12 37
2239 3 13 36
1491 3 13 81
928 3 13 33
1123 3 13 2
1172 3 13 90
4124 3 13 28
4103 3 13 76
1447 3 13 11
2680 3 14 94
639 3 14 21
3880 3 14 2
3108 3 14 16
2979 3 14 43
4225 3 14 56
3111 3 14 84
3567 3 14 9
2053 3 14 77
150 3 14 50
3521 3 15 8
3050 3 15 2
4398 3 15 54
3560 3 15 83
3783 3 15 93
2598 3 15 74
1780 3 15 24
3 3 15 44
3135 3 15 12
1520 3 15 17
4624 3 15 57
2523 3 15 40
4183 3 15 20
1711 3 15 51
3224 3 16 74
4635 3 16 43
1836 3 16 61
1819 3 16 70
2956 3 16 35
2402 3 16 14
2480 3 16 90
2896 3 16 64
1194 3 16 2
490 3 16 95
2788 3 17 42
1744 3 17 57
177 3 17 82
1225 3 17 12
3751 3 17 78
2674 3 17 50
4136 3 17 24
3176 3 17 18
2029 3 17 8
2398 3 17 46
1740 3 17 2
2936 3 18 9
132 3 18 55
1339 3 18 39
4159 3 18 74
2807 3 18 16
891 3 18 81
3856 3 18 34
3775 3 18 2
3966 3 18 22
1051 3 19 29
1739 3 19 88
3175 3 19 80
4339 3 19 51
680 3 19 84
1941 3 19 32
2891 3 19 2
174 3 19 15
2855 3 19 66
2618 3 19 56
628 4 0 68
729 4 0 89
3643 4 0 38
1086 4 0 16
2844 4 0 19
1335 4 0 11
2544 4 0 86
1942 4 0 27
3863 4 0 75
4660 4 0 31
2911 4 0 44
4487 4 0 63
638 4 0 1
3996 4 1 5
3229 4 1 72
1509 4 1 79
4662 4 1 21
3523 4 1 82
2341 4 1 86
2545 4 1 76
3776 4 1 27
4708 4 1 68
1246 4 1 31
3970 4 1 1
2320 4 1 44
3437 4 1 63
466 4 2 31
1757 4 2 44
3388 4 2 5
2068 4 2 86
1655 4 2 72
1544 4 2 63
3396 4 2 79
2663 4 2 68
3045 4 2 27
4004 4 2 21
3202 4 2 1
1898 4 3 68
4059 4 3 4
630 4 3 27
1028 4 3 72
649 4 3 63
3551 4 3 21
3596 4 3 44
2583 4 3 86
631 4 3 2
2556 4 3 48
2873 4 4 64
2288 4 4 10
247 4 4 90
1502 4 4 1
3472 4 4 78
4499 4 4 50
4587 4 4 56
4155 4 4 16
68 4 4 28
806 4 4 22
2703 4 4 75
3977 4 5 53
235 4 5 20
4121 4 5 73
1126 4 5 3
672 4 6 21
3976 4 6 55
2340 4 6 3
1815 4 6 80
4376 4 7 92
1349 4 7 26
2035 4 7 30
4472 4 7 40
2933 4 7 88
4642 4 7 4
796 4 7 59
4431 4 7 64
1583 4 7 74
2024 4 8 3
4551 4 8 35
1649 4 8 91
1892 4 8 9
2824 4 8 45
514 4 8 59
1912 4 9 48
3225 4 9 77
521 4 9 3
2405 4 9 38
25 4 9 14
2579 4 9 61
2802 4 9 8
1238 4 9 93
3018 4 10 85
832 4 10 13
1416 4 10 3
3255 4 10 36
3480 4 10 47
1470 4 11 8
3710 4 11 31
2938 4 11 68
790 4 11 3
4327 4 11 38
1403 4 11 73
1715 4 11 91
1395 4 11 58
4242 4 12 3
2890 4 12 90
3452 4 12 12
1878 4 12 56
1116 4 12 37
152 4 12 61
3961 4 12 29
2160 4 13 24
3247 4 13 68
3630 4 13 28
674 4 13 81
4688 4 13 86
1140 4 13 2
1627 4 13 7
2034 4 13 36
625 4 13 76
1323 4 13 90
629 4 13 93
4639 4 13 11
2303 4 14 84
2765 4 14 2
1735 4 14 51
2631 4 14 9
2428 4 14 43
1776 4 14 77
1438 4 14 16
4432 4 14 56
4260 4 14 72
1387 4 14 21
688 4 14 94
4187 4 14 38
1931 4 15 90
1813 4 15 3
4358 4 15 26
2335 4 15 67
3353 4 15 58
843 4 16 43
2197 4 16 3
3660 4 16 57
486 4 16 25
97 4 16 66
3823 4 16 90
1698 4 16 18
1608 4 17 42
3258 4 17 18
3606 4 17 3
4467 4 17 66
695 4 17 93
2543 4 17 88
2912 4 17 25
2851 4 17 61
1355 4 17 34
4571 4 17 57
3000 4 18 77
3188 4 18 81
2524 4 18 16
3575 4 18 61
3172 4 18 22
2571 4 18 25
4632 4 18 9
4658 4 18 56
769 4 18 93
2898 4 18 88
3637 4 18 34
3739 4 18 2
546 4 18 39
3222 4 18 66
955 4 19 66
1914 4 19 51
1173 4 19 2
1350 4 19 32
4558 4 19 15
14 4 19 84
3679 4 19 25
1412 4 19 88
2168 4 19 56
2201 4 19 80
4184 5 0 92
1317 5 0 1
3509 5 0 27
4362 5 0 75
2230 5 0 41
4100 5 0 38
2267 5 0 68
4240 5 0 9
1638 5 0 94
1916 5 0 31
4297 5 1 63
2895 5 1 15
4694 5 1 20
908 5 1 11
3962 5 1 37
4051 5 1 58
2047 5 1 39
1273 5 1 72
555 5 1 91
1315 5 1 1
4510 5 2 95
3191 5 2 42
3852 5 2 3
738 5 2 6
2346 5 2 58
3598 5 2 80
3091 5 2 85
3077 5 2 53
4221 5 2 90
477 5 2 51
4714 5 2 77
2721 5 3 48
2411 5 3 63
1755 5 3 68
3703 5 3 6
2708 5 3 53
2541 5 3 45
2109 5 3 21
651 5 4 1
3727 5 4 11
134 5 4 22
4550 5 4 28
3960 5 4 50
2926 5 4 47
389 5 4 64
4506 5 4 56
4595 5 4 89
80 5 5 86
4509 5 5 1
868 5 5 7
2974 5 5 45
4542 5 6 13
254 5 6 47
1609 5 6 1
2317 5 6 86
1012 5 7 74
3011 5 7 92
2850 5 7 64
1628 5 7 30
3791 5 7 40
4386 5 7 4
4654 5 7 58
1963 5 8 3
3122 5 8 9
3647 5 8 29
4461 5 8 60
2801 5 8 90
400 5 8 45
610 5 9 48
2782 5 9 8
1175 5 9 77
1865 5 9 38
707 5 9 93
2432 5 9 4
3368 5 9 15
2406 5 9 61
2100 5 9 82
3766 5 10 3
4674 5 10 12
544 5 10 68
2258 5 10 32
137 5 10 47
230 5 10 85
2586 5 11 73
1511 5 11 91
3449 5 11 38
3471 5 11 85
743 5 11 58
1319 5 11 27
3436 5 11 8
4326 5 11 54
2021 5 11 4
2608 5 11 31
3065 5 12 12
1955 5 12 29
1937 5 12 83
1304 5 12 56
3440 5 12 3
1970 5 12 90
3853 5 12 37
810 5 12 61
896 5 12 51
3284 5 13 86
2403 5 13 68
2318 5 13 76
3197 5 13 28
4740 5 13 61
3511 5 13 36
4316 5 13 3
1370 5 13 7
3311 5 13 11
2977 5 13 82
147 5 13 93
1227 5 13 90
2020 5 13 24
3212 5 14 3
4248 5 14 93
1812 5 14 82
1721 5 14 76
1578 5 14 36
4399 5 14 54
2681 5 14 28
2924 5 14 86
643 5 14 7
3618 5 14 61
1761 5 14 11
1671 5 14 68
2981 5 15 3
66 5 15 58
3474 5 16 51
3451 5 16 2
3447 5 16 87
1214 5 16 13
811 5 17 13
4454 5 17 86
3501 5 17 37
1631 5 17 2
1077 5 18 36
817 5 18 2
4143 5 18 86
244 5 18 15
2463 5 19 2
2495 5 19 85
3375 5 19 9
415 5 19 42
3921 6 0 41
1043 6 0 9
2333 6 0 75
4738 6 0 38
4035 6 0 68
1933 6 0 94
2764 6 0 1
4723 6 0 31
1554 6 1 72
3840 6 1 89
1451 6 1 91
1066 6 1 20
30 6 1 39
2907 6 1 1
3919 6 1 15
4486 6 1 63
3492 6 2 85
936 6 2 90
4318 6 2 51
4549 6 2 53
3794 6 2 80
909 6 2 58
3434 6 2 6
2787 6 2 2
2122 6 3 53
467 6 3 68
4631 6 3 45
2013 6 3 6
1308 6 3 21
2701 6 3 48
351 6 4 1
3431 6 4 50
2905 6 4 44
3213 6 4 11
2820 6 4 64
139 6 4 47
4489 6 4 56
4425 6 4 22
1850 6 4 83
4270 6 5 1
2271 6 5 95
1371 6 5 45
4530 6 5 87
3810 6 5 7
4533 6 5 37
870 6 6 95
4669 6 6 47
1016 6 6 13
4062 6 6 86
2874 6 6 73
434 6 6 1
3545 6 6 10
4576 6 6 39
1185 6 7 92
1388 6 7 4
819 6 7 30
2198 6 7 40
1525 6 7 64
4305 6 7 58
442 6 7 74
2987 6 8 9
1161 6 8 59
1298 6 8 4
840 6 8 88
899 6 8 27
1949 6 8 45
1324 6 9 61
1454 6 9 82
1156 6 9 94
1548 6 9 38
768 6 9 48
1598 6 9 78
2678 6 9 8
2654 6 9 15
2762 6 10 47
516 6 10 3
4166 6 10 28
1880 6 10 89
1083 6 10 85
3408 6 10 65
2580 6 10 12
1057 6 10 82
2306 6 10 68
1550 6 11 8
2929 6 11 73
940 6 11 38
4504 6 11 84
558 6 11 91
2870 6 11 23
2715 6 11 54
4278 6 11 58
2667 6 11 5
1009 6 11 31
4581 6 12 84
1852 6 12 29
4342 6 12 12
3698 6 12 37
4554 6 12 24
4193 6 12 76
1305 6 12 91
414 6 12 51
2441 6 12 3
1087 6 12 56
4016 6 12 61
2200 6 13 50
2536 6 13 3
1769 6 13 32
2386 6 13 89
1839 6 13 12
3952 6 14 29
2781 6 14 3
3195 6 14 89
929 6 14 12
1311 6 14 61
3821 6 15 4
2677 6 16 13
1993 6 16 45
1414 6 16 2
1281 6 16 60
4322 6 17 37
1467 6 17 32
3632 6 17 86
465 6 17 2
1132 6 17 14
4168 6 17 76
3500 6 18 15
2105 6 18 3
4567 6 18 31
4594 6 18 36
3145 6 18 46
4249 6 19 69
771 6 19 2
4574 6 19 36
4290 6 19 85
1612 6 19 92
3893 6 19 9
3186 6 19 42
3712 7 0 41
2270 7 0 9
330 7 0 37
3355 7 0 75
2551 7 0 94
3254 7 0 1
3607 7 1 72
3944 7 1 15
4423 7 1 1
2028 7 1 20
3110 7 1 39
1526 7 1 91
4092 7 2 2
3673 7 2 85
690 7 2 58
2304 7 2 6
4604 7 2 53
1683 7 2 90
3891 7 3 69
1023 7 3 53
3479 7 3 22
547 7 3 48
499 7 4 50
311 7 4 1
2922 7 4 11
1896 7 4 56
3491 7 4 43
3339 7 4 92
4656 7 4 22
3578 7 5 95
2836 7 5 87
3956 7 5 7
1901 7 5 1
1421 7 5 45
4709 7 5 80
332 7 5 33
1986 7 5 37
2144 7 6 13
952 7 6 73
3693 7 6 86
2646 7 6 39
3686 7 6 47
3871 7 6 7
1171 7 6 94
4105 7 6 35
341 7 6 69
2091 7 6 1
45 7 7 74
997 7 7 4
4053 7 7 87
4396 7 7 30
1717 7 7 35
1081 7 7 64
1791 7 7 40
3037 7 7 58
1031 7 7 92
2892 7 8 40
199 7 8 4
1713 7 8 65
3381 7 8 36
1693 7 8 30
307 7 8 92
175 7 9 40
3857 7 10 41
3343 7 11 41
4151 7 12 76
2753 7 12 18
4393 7 12 84
4209 7 12 47
3109 7 12 4
4602 7 12 90
1902 7 12 24
4302 7 12 37
3140 7 12 61
339 7 12 56
4597 7 13 32
180 7 13 45
2532 7 13 76
3030 7 13 4
3736 7 13 50
2774 7 13 20
1168 7 14 12
3888 7 14 80
2311 7 14 29
3359 7 14 4
1021 7 14 61
1380 7 14 89
3639 7 14 24
4610 7 14 55
2592 7 15 4
3323 7 16 13
562 7 16 2
1322 7 16 92
4663 7 16 34
4253 7 16 74
4524 7 17 3
2193 7 17 76
859 7 17 32
1886 7 17 86
2673 7 17 28
3730 7 17 14
2470 7 17 37
3234 7 17 74
4528 7 18 70
4565 7 18 31
42 7 18 15
157 7 18 46
2842 7 18 3
3790 7 18 10
487 7 19 92
3778 7 19 42
3833 7 19 36
1632 7 19 85
3592 7 19 69
1079 7 19 9
3556 7 19 3
3605 7 19 30
4010 7 19 65
4741 8 0 1
1407 8 0 9
3922 8 0 94
3328 8 0 41
4006 8 1 20
3979 8 1 1
4164 8 1 91
1837 8 1 39
879 8 2 6
2686 8 2 90
1674 8 2 1
3358 8 2 58
4405 8 3 69
2471 8 3 22
3281 8 3 53
1235 8 3 56
4080 8 4 89
3661 8 4 8
2370 8 4 56
344 8 4 50
4745 8 4 1
4495 8 5 70
2964 8 5 7
115 8 5 80
3093 8 5 95
2639 8 5 87
1640 8 5 1
1244 8 5 37
2901 8 5 45
4000 8 5 34
765 8 6 1
2404 8 6 73
3150 8 6 13
3668 8 6 47
197 8 6 69
3020 8 6 83
1435 8 6 39
3520 8 6 86
1015 8 6 7
4147 8 6 94
2797 8 6 29
2861 8 6 35
93 8 7 46
4492 8 7 4
4091 8 7 79
3083 8 8 53
4321 8 8 4
3942 8 8 31
408 8 8 83
4449 8 9 80
3400 8 9 27
645 8 9 4
1277 8 9 49
3066 8 10 78
3948 8 10 4
16 8 10 16
2149 8 10 49
2435 8 11 41
785 8 12 4
1922 8 12 38
4102 8 12 66
1966 8 12 86
3909 8 13 32
1750 8 13 20
861 8 13 4
4341 8 13 50
4186 8 13 75
2206 8 14 55
3731 8 14 12
538 8 14 61
1336 8 14 24
1613 8 14 49
606 8 14 4
1925 8 14 19
4194 8 14 75
3817 8 14 89
3978 8 14 29
1703 8 14 80
116 8 16 13
3769 8 16 91
286 8 16 2
468 8 16 34
821 8 16 62
1321 8 17 76
1940 8 17 3
2224 8 17 37
681 8 17 62
792 8 17 14
1090 8 17 28
1947 8 17 32
828 8 17 86
1187 8 18 64
2881 8 18 46
2548 8 18 10
2241 8 18 28
1443 8 18 31
2749 8 18 3
3804 8 18 15
4401 8 18 70
4500 8 18 91
1581 8 19 42
2833 8 19 36
3553 8 19 9
1911 8 19 82
4125 8 19 69
1112 8 19 85
184 8 19 92
3322 8 19 65
2575 8 19 3
3971 8 19 26
2655 8 19 30
1056 9 0 1
2696 9 0 93
2018 9 0 8
3854 9 0 23
2621 9 0 70
2397 9 1 8
4468 9 1 18
2330 9 1 77
3208 9 1 93
1875 9 1 1
1562 9 2 23
4538 9 2 77
4021 9 2 93
1891 9 2 1
2510 9 2 8
3376 9 3 23
4466 9 4 8
4748 9 4 46
4211 9 4 85
4415 9 4 93
3243 9 4 1
3463 9 5 64
227 9 5 37
496 9 5 1
1588 9 5 85
4139 9 5 30
3198 9 5 80
2344 9 5 95
4233 9 5 70
2599 9 5 87
277 9 5 45
3787 9 5 7
950 9 6 35
2361 9 6 73
2244 9 6 47
2865 9 6 66
2310 9 6 86
4073 9 6 94
1600 9 6 29
683 9 6 13
4471 9 6 2
3548 9 6 70
3306 9 6 81
905 9 6 39
701 9 7 4
1135 9 7 69
1616 9 7 46
141 9 7 10
2858 9 8 78
2783 9 8 83
3879 9 8 31
2748 9 8 21
3555 9 8 4
4031 9 8 47
2506 9 8 53
3345 9 9 44
877 9 9 72
3884 9 9 80
2529 9 9 4
4320 9 9 18
3995 9 9 27
1560 9 9 49
4003 9 10 82
4447 9 10 33
4724 9 10 16
3061 9 10 4
1338 9 10 78
1495 9 11 41
34 9 12 41
1784 9 14 74
1237 9 14 80
1402 9 14 61
4622 9 14 5
613 9 14 55
3779 9 14 89
980 9 14 49
2651 9 14 12
2277 9 14 29
1119 9 14 19
4195 9 16 25
554 9 16 4
989 9 16 68
1700 9 16 76
2948 9 16 21
2627 9 17 4
4720 9 17 14
368 9 17 76
3088 9 17 58
4070 9 17 86
3916 9 17 26
1055 9 17 37
1121 9 17 32
1838 9 18 10
2593 9 18 46
3927 9 18 5
3886 9 18 91
1062 9 18 64
2814 9 18 15
3237 9 18 60
1424 9 18 70
823 9 18 31
20 9 19 5
195 9 19 69
1455 9 19 31
2552 9 19 9
3439 9 19 85
3169 9 19 65
3544 9 19 42
4286 9 19 61
2039 9 19 92
2522 9 19 36
1971 10 0 2
73 10 0 23
1792 10 0 70
1417 10 0 55
737 10 0 92
3826 10 0 19
3335 10 1 55
577 10 1 92
2012 10 1 23
1093 10 1 2
913 10 1 19
3780 10 1 67
1543 10 1 70
3289 10 1 50
2766 10 2 67
4476 10 2 23
2384 10 2 13
4078 10 2 20
3132 10 2 70
3936 10 2 89
4598 10 2 62
3427 10 2 46
4519 10 2 2
2620 10 2 50
4200 10 2 55
390 10 3 23
3746 10 4 2
495 10 4 92
4245 10 4 33
4679 10 4 84
4032 10 5 2
1858 10 5 45
833 10 5 30
2213 10 5 43
4615 10 5 64
426 10 5 7
3764 10 5 80
2077 10 5 87
2189 10 5 95
3410 10 5 61
3634 10 5 77
3099 10 5 84
4633 10 5 37
4127 10 6 26
3106 10 6 62
1389 10 6 66
1991 10 6 86
2939 10 6 94
2996 10 6 29
698 10 6 39
2691 10 6 13
2101 10 6 47
76 10 6 73
4029 10 6 2
1516 10 7 82
4667 10 7 10
2 10 7 4
3008 10 7 69
3896 10 7 39
458 10 7 46
4041 10 7 64
866 10 8 4
3595 10 8 72
1687 10 8 21
3217 10 8 31
3770 10 8 47
1199 10 8 53
609 10 8 83
2424 10 8 78
4261 10 9 27
772 10 9 72
1142 10 9 80
1766 10 9 49
1353 10 9 40
3466 10 9 66
717 10 9 44
448 10 9 4
2695 10 9 18
693 10 10 78
3105 10 10 33
35 10 10 16
65 10 10 4
4329 10 10 70
841 10 10 82
2549 10 10 9
2236 10 11 43
61 10 11 70
815 10 11 80
3708 10 11 4
3774 10 11 17
72 10 12 81
4572 10 12 4
2141 10 12 48
2633 10 12 17
4068 10 12 72
4670 10 16 48
3831 10 17 46
3685 10 17 10
3564 10 17 75
4728 10 18 46
1895 10 18 36
1242 10 18 65
2984 10 18 56
1538 10 18 18
734 10 18 31
284 10 18 10
3900 10 18 75
4266 10 19 26
2263 10 19 42
611 10 19 55
1809 10 19 74
3161 10 19 36
2702 10 19 65
1964 10 19 69
1466 10 19 9
2946 10 19 21
3444 11 0 88
2242 11 0 2
4378 11 0 68
2900 11 1 8
3238 11 1 29
187 11 1 1
1468 11 1 92
2972 11 1 72
294 11 2 1
1909 11 2 8
2771 11 2 39
4319 11 2 76
2921 11 2 92
151 11 4 26
1247 11 4 95
3039 11 4 89
2074 11 4 47
3103 11 4 30
2778 11 4 74
2932 11 4 13
1394 11 4 2
3221 11 4 20
4045 11 4 40
3415 11 5 13
3280 11 5 2
3369 11 5 20
363 11 5 39
932 11 5 95
3429 11 5 89
4014 11 5 30
382 11 5 26
3982 11 5 47
1786 11 5 73
3178 11 6 30
3546 11 6 43
4552 11 6 59
901 11 6 73
3920 11 6 39
2445 11 6 94
1154 11 6 26
578 11 6 78
3747 11 6 89
4110 11 6 47
33 11 6 66
340 11 6 2
164 11 6 13
305 11 7 10
1280 11 7 46
1213 11 7 59
3461 11 7 82
1122 11 7 64
834 11 7 70
1513 11 7 39
1936 11 8 67
4281 11 8 53
3905 11 8 31
3380 11 8 47
4562 11 8 5
4531 11 8 15
3413 11 8 72
3033 11 8 89
990 11 8 83
3470 11 8 43
153 11 8 21
117 11 8 78
1024 11 9 13
2188 11 9 80
494 11 9 49
3089 11 9 66
3341 11 9 75
2916 11 9 27
2022 11 9 18
1669 11 9 5
2269 11 10 29
820 11 10 60
4310 11 10 82
1165 11 10 9
3498 11 10 16
1007 11 10 33
3675 11 15 19
3559 11 15 61
2832 11 15 5
3732 11 15 43
3759 11 16 42
2584 11 16 85
3391 11 16 26
4646 11 16 5
3967 11 16 15
1681 11 16 48
2882 11 16 77
346 11 17 43
2326 11 17 5
1758 11 17 19
2226 11 17 58
3934 11 18 54
1029 11 18 17
2791 11 18 5
1299 11 18 45
4199 11 19 21
1094 11 19 5
1615 11 19 41
4313 11 19 65
1188 11 19 90
179 12 6 65
1842 12 6 30
1100 12 6 89
669 12 6 2
4223 12 7 46
2009 12 7 10
530 12 7 82
222 12 7 64
1107 12 7 39
2973 12 7 71
1018 12 7 59
1134 12 7 32
2694 12 7 55
2880 12 8 89
1702 12 8 22
4456 12 8 44
4296 12 8 5
1686 12 8 53
1272 12 8 67
2737 12 8 31
2519 12 8 15
104 12 8 83
677 12 8 72
854 12 9 13
1995 12 9 19
2751 12 9 89
3989 12 9 49
2640 12 9 75
96 12 9 27
1484 12 9 5
3869 12 9 58
3038 12 9 66
4065 12 10 67
3569 12 10 5
3777 12 10 42
2331 12 10 15
2629 12 10 87
3624 12 12 20
333 12 12 86
3177 12 12 67
3363 12 12 57
4205 12 12 27
1437 12 12 71
4586 12 12 37
3946 12 12 80
280 12 12 5
1586 12 12 50
3818 12 13 37
4705 12 13 12
4611 12 13 5
3475 12 13 27
362 12 13 50
2499 12 13 57
3789 12 13 80
2811 12 13 67
3327 12 13 20
784 12 13 71
2769 12 13 87
644 12 15 53
3699 12 15 72
4430 12 15 23
590 12 15 5
2744 12 16 48
1352 12 16 5
2995 12 16 77
4749 12 16 26
326 12 16 85
3709 12 17 15
3256 12 17 47
1191 12 17 75
1691 12 17 67
971 12 17 4
2234 12 18 45
1256 12 18 17
1458 12 18 4
4727 12 18 63
623 12 19 4
4569 12 19 15
4739 12 19 42
3072 12 19 91
4391 12 19 79
960 13 0 85
1052 13 0 23
2883 13 0 7
2666 13 0 71
3189 13 0 46
4336 13 1 7
3171 13 1 71
2252 13 1 85
3700 13 1 55
3837 13 1 27
2155 13 2 54
881 13 2 7
118 13 2 28
4514 13 2 70
135 13 2 86
3640 13 3 72
296 13 3 54
4256 13 3 28
4106 13 3 7
385 13 3 86
457 13 4 13
880 13 4 86
4458 13 4 48
315 13 4 6
3963 13 4 74
3720 13 4 23
3986 13 12 86
1642 13 12 37
4653 13 12 27
1110 13 12 5
63 13 12 57
2308 13 12 71
102 13 13 88
4145 13 13 36
432 13 13 5
991 13 13 41
720 13 13 67
4037 13 13 24
3484 13 13 16
1177 13 16 38
1059 13 17 28
3365 13 17 38
710 13 17 79
528 13 18 38
3585 13 18 27
3604 13 18 66
715 13 18 79
1547 13 19 26
439 13 19 73
4677 13 19 66
948 13 19 61
4675 13 19 42
3540 13 19 15
3847 13 19 79
2502 13 19 86
3651 13 19 53
4403 13 19 35
3726 14 0 31
1192 14 0 7
2003 14 0 62
1463 14 0 82
3272 14 0 43
2992 14 1 43
565 14 1 73
4226 14 1 62
1239 14 1 82
786 14 1 7
3594 14 1 31
399 14 1 24
744 14 2 82
2177 14 2 24
4061 14 2 62
2037 14 2 43
6 14 2 31
667 14 2 38
36 14 2 7
1226 14 2 75
1682 14 3 49
1044 14 3 75
567 14 3 91
757 14 3 83
492 14 4 83
369 14 4 75
1498 14 5 76
4418 14 6 8
2713 14 6 66
1663 14 6 39
1289 14 6 55
767 14 6 72
2975 14 6 15
1266 14 6 59
2657 14 6 82
2090 14 6 24
1033 14 7 79
2052 14 7 20
2281 14 7 14
1778 14 7 37
1835 14 7 7
3771 14 7 44
3543 14 7 52
1593 14 7 29
2785 14 7 58
803 14 7 71
2233 14 8 7
2606 14 8 23
4725 14 8 67
3584 14 8 77
148 14 8 47
2219 14 9 17
2914 14 9 89
430 14 10 87
3022 14 10 7
2717 14 10 61
4238 14 10 27
1965 14 10 41
2049 14 11 42
4 14 11 26
4473 14 11 7
3941 14 11 67
2413 14 11 86
3057 14 12 37
1726 14 12 71
1325 14 12 57
3599 14 12 5
3583 14 13 41
2334 14 13 24
4328 14 13 67
3929 14 13 16
1241 14 13 5
1731 14 13 88
3873 14 14 67
607 14 14 73
2211 14 14 47
3981 14 14 25
1205 14 14 5
4104 14 14 56
4300 14 14 30
1475 14 14 88
3115 14 15 5
4090 14 15 81
1409 14 15 88
1430 14 15 53
3261 14 15 32
2582 14 16 6
1365 14 16 34
12 14 16 26
3246 14 16 63
2743 14 17 21
4591 14 17 28
4481 14 17 54
1471 14 17 68
995 14 17 88
1343 14 17 5
3670 14 18 20
2709 14 18 76
2485 14 18 83
4584 14 18 43
1992 14 18 5
219 14 18 13
3528 14 18 89
3257 14 18 27
3298 14 18 38
2019 14 18 64
2102 14 18 56
4370 14 19 12
4236 14 19 86
1654 14 19 26
3373 14 19 35
871 14 19 52
85 14 19 60
3131 14 19 66
1064 14 19 78
2884 15 0 47
3084 15 0 26
2777 15 0 67
2336 15 0 6
3980 15 1 48
2726 15 1 70
3505 15 1 18
3563 15 1 6
4559 15 2 46
3076 15 2 6
1584 15 2 25
2517 15 3 49
1102 15 3 91
1204 15 3 83
2313 15 3 7
708 15 3 20
1109 15 3 71
2829 15 4 66
2227 15 4 6
4527 15 4 13
469 15 4 24
1022 15 4 38
2086 15 4 73
1684 15 5 25
1164 15 5 6
1494 15 5 87
4555 15 5 39
4518 15 5 52
418 15 5 63
1480 15 5 20
3404 15 5 31
3446 15 5 69
4596 15 5 76
716 15 6 7
3248 15 6 24
2393 15 6 55
3260 15 6 31
4009 15 6 15
2356 15 6 72
719 15 6 66
1932 15 6 91
2389 15 6 59
2127 15 6 48
2662 15 6 82
842 15 7 79
3097 15 7 14
3173 15 7 71
2322 15 7 29
2084 15 7 38
2025 15 7 51
595 15 7 59
4012 15 7 44
259 15 7 6
2202 15 7 20
454 15 8 40
2152 15 8 52
1851 15 8 80
1910 15 8 88
2446 15 8 46
1760 15 8 7
2123 15 8 15
2493 15 8 66
1561 15 8 74
3749 15 9 17
4149 15 9 89
4196 15 10 49
3347 15 10 79
3683 15 10 88
162 15 10 67
4277 15 10 17
4537 15 11 17
3945 15 11 72
3713 15 11 88
4071 15 11 79
1890 15 11 28
4523 15 11 33
253 15 11 67
4480 15 11 44
1924 15 12 67
2590 15 12 28
4120 15 12 79
49 15 12 33
2008 15 12 40
108 15 12 88
559 15 12 62
2472 15 12 8
4700 15 12 17
89 15 13 5
1549 15 13 56
3062 15 13 73
3367 15 13 24
1130 15 14 5
2151 15 14 30
3590 15 14 73
3753 15 14 56
1620 15 15 31
4575 15 15 60
750 15 15 5
2535 15 15 80
4113 15 16 6
3004 15 16 34
1688 15 16 26
1425 15 16 92
3338 15 16 63
3232 15 17 42
3733 15 17 21
3696 15 17 5
703 15 17 49
4162 15 17 88
3462 15 17 68
1676 15 17 28
4412 15 18 20
3694 15 18 27
2339 15 18 56
4634 15 18 43
2442 15 18 64
2148 15 18 5
774 15 18 13
2065 15 18 76
1633 15 18 89
1202 15 19 11
55 15 19 22
1114 15 19 5
874 15 19 52
3499 15 19 60
3215 15 19 66
4501 15 19 35
1582 15 19 78
2231 15 19 26
482 15 19 85
338 15 19 48
1985 15 19 92
2795 16 0 6
3113 16 0 30
892 16 0 60
4142 16 0 47
1635 16 0 19
2747 16 0 67
1096 16 0 43
2750 16 0 88
3716 16 0 37
1025 16 0 82
883 16 1 82
4173 16 1 89
4257 16 1 48
503 16 1 30
570 16 1 12
580 16 1 43
4076 16 1 20
3550 16 1 37
2420 16 1 6
2161 16 1 70
4351 16 2 83
966 16 2 6
3597 16 2 20
3292 16 2 48
2247 16 2 71
2449 16 2 90
1088 16 2 30
3124 16 3 49
3090 16 3 83
1566 16 3 90
2221 16 3 20
600 16 3 6
2117 16 3 71
1260 16 4 6
2893 16 4 38
884 16 4 43
1532 16 4 73
3458 16 4 66
2845 16 4 82
2005 16 4 48
1950 16 4 24
1957 16 4 58
5 16 5 51
3290 16 5 69
422 16 5 19
2265 16 5 6
2032 16 5 25
4570 16 5 87
2840 16 5 46
3068 16 5 63
594 16 5 39
865 16 5 30
7 16 6 90
3625 16 6 55
1983 16 6 39
3204 16 6 65
3800 16 6 31
1036 16 6 6
1790 16 6 72
3432 16 6 24
2351 16 6 48
4722 16 6 15
476 16 7 78
4323 16 7 43
542 16 7 51
3330 16 7 14
1856 16 7 6
2945 16 7 20
3389 16 7 71
1271 16 7 59
2600 16 7 38
4439 16 7 29
2467 16 8 15
1275 16 8 34
3159 16 8 52
548 16 8 73
2950 16 8 80
576 16 8 39
2305 16 8 88
3965 16 8 46
2927 16 8 66
2027 16 8 7
3299 16 9 33
3268 16 9 51
3796 16 9 59
1668 16 9 75
2251 16 9 81
4172 16 9 89
1824 16 9 26
3263 16 9 14
918 16 9 6
4109 16 9 69
2888 16 10 57
1884 16 10 7
1572 16 10 40
694 16 10 62
1486 16 10 88
3395 16 10 71
735 16 10 49
1423 16 10 17
3798 16 10 76
2475 16 10 36
2998 16 11 7
1893 16 11 79
2171 16 11 72
4457 16 11 64
2668 16 11 12
2409 16 11 35
435 16 11 22
3167 16 11 44
3086 16 12 67
364 16 12 61
325 16 12 17
4222 16 12 40
62 16 12 33
3799 16 12 8
696 16 12 88
3126 16 12 78
1255 16 13 58
2941 16 13 55
386 16 13 11
4167 16 13 47
3792 16 13 6
1307 16 13 76
3362 16 13 34
3487 16 13 63
2862 16 13 19
3428 16 13 91
1997 16 13 82
2427 16 13 26
2136 16 14 26
3001 16 14 91
3144 16 14 47
2520 16 14 19
84 16 14 41
4743 16 14 34
1367 16 14 6
1736 16 14 82
1054 16 14 58
2886 16 14 63
4452 16 15 34
1190 16 15 63
3414 16 15 84
903 16 15 6
1685 16 15 26
4134 16 15 47
2042 16 15 91
3865 16 16 34
878 16 16 6
622 16 16 48
3354 16 16 63
2547 16 16 84
2576 16 16 26
488 16 16 91
2648 16 17 5
706 16 17 49
3421 16 17 42
3714 16 17 79
2390 16 17 71
1473 16 17 23
2908 16 17 28
2616 16 17 90
2525 16 18 64
500 16 18 23
4140 16 18 76
2036 16 18 89
4721 16 18 5
2407 16 18 27
4020 16 18 13
2819 16 18 56
2760 16 19 22
3393 16 19 26
2363 16 19 5
3561 16 19 60
2429 16 19 35
4220 16 19 52
2693 16 19 11
3530 16 19 66
1770 16 19 85
3146 16 19 78
86 16 19 91
3517 17 0 6
2299 17 0 43
1645 17 0 19
3285 17 0 82
3738 17 0 37
4268 17 0 60
3153 17 0 65
3027 17 0 88
4066 17 0 30
2182 17 1 69
4719 17 1 89
2982 17 1 16
2960 17 1 20
691 17 1 12
2309 17 1 63
2786 17 1 6
2707 17 1 47
319 17 1 58
2745 17 2 18
367 17 2 44
2656 17 2 62
1124 17 2 67
1208 17 2 71
433 17 2 6
3628 17 2 26
260 17 2 90
4638 17 2 39
3262 17 2 82
2354 17 3 42
921 17 3 81
2455 17 3 20
3907 17 3 49
3767 17 3 70
3814 17 3 37
3270 17 3 88
3233 17 3 16
2685 17 3 57
183 17 3 6
2142 17 4 16
4475 17 4 48
919 17 4 43
1200 17 4 6
2521 17 4 58
964 17 4 66
3827 17 4 82
2439 17 5 69
3866 17 5 6
3915 17 5 46
3537 17 5 25
572 17 5 30
1841 17 5 51
4470 17 5 63
3121 17 6 72
4036 17 6 6
4361 17 6 55
4606 17 6 65
4455 17 6 31
2534 17 6 39
3098 17 6 90
3522 17 6 24
2740 17 6 48
3689 17 7 20
2838 17 7 6
4547 17 7 29
2135 17 7 51
4696 17 7 43
1038 17 7 59
889 17 7 78
3196 17 8 80
4460 17 8 15
1843 17 8 30
3201 17 8 73
2280 17 8 6
1680 17 8 88
237 17 8 52
3056 17 8 34
2187 17 8 39
2644 17 9 81
413 17 9 89
2298 17 9 75
2539 17 9 6
4711 17 9 26
3955 17 9 33
4369 17 9 69
4716 17 9 59
2658 17 9 51
2959 17 10 57
3855 17 10 7
4385 17 10 71
2512 17 10 62
2803 17 10 30
2913 17 10 17
2130 17 10 34
74 17 10 76
3120 17 10 40
3417 17 11 12
3009 17 11 44
3085 17 11 35
4303 17 11 72
3914 17 11 6
1630 17 11 79
479 17 11 22
2852 17 12 17
4295 17 12 40
176 17 12 6
2976 17 12 61
4459 17 12 78
2237 17 12 88
1976 17 12 56
4379 17 12 67
3147 17 12 33
3309 17 13 11
2167 17 13 82
4726 17 13 19
209 17 13 91
2176 17 13 76
4577 17 13 6
1605 17 13 34
3898 17 13 63
3236 17 13 26
1374 17 13 58
4348 17 13 55
233 17 14 14
2757 17 14 77
53 17 14 5
4717 17 14 46
1960 17 14 25
3702 17 14 53
2425 17 14 89
2815 17 15 81
4400 17 15 84
2297 17 15 34
2264 17 15 23
3486 17 15 90
4141 17 15 59
1907 17 15 11
598 17 15 48
3422 17 15 75
28 17 15 5
275 17 15 56
1967 17 16 5
1523 17 16 48
2698 17 16 74
3580 17 16 31
2609 17 16 89
3859 17 16 14
900 17 16 70
3080 17 16 26
3409 17 16 57
2147 17 17 49
534 17 17 4
2963 17 17 28
4279 17 17 79
4294 17 17 13
3356 17 17 23
2478 17 17 71
3851 17 17 42
4678 17 17 90
766 17 18 4
324 17 18 60
3049 17 18 27
3811 17 18 76
3797 17 18 56
2706 17 18 13
3582 17 18 64
4324 17 18 42
127 17 19 11
999 17 19 91
3078 17 19 85
1528 17 19 25
1749 17 19 66
3577 17 19 60
91 17 19 5
1859 17 19 56
3834 17 19 35
4265 18 0 37
3366 18 0 88
2722 18 0 81
3711 18 0 6
2190 18 0 43
3542 18 0 65
666 18 0 19
3271 18 1 6
4163 18 1 16
3949 18 1 20
2537 18 1 63
3518 18 1 69
337 18 1 89
1507 18 1 47
4096 18 2 82
1621 18 2 71
1948 18 2 26
3152 18 2 44
2675 18 2 6
406 18 2 90
1919 18 2 67
3984 18 2 18
2917 18 3 20
2095 18 3 6
4408 18 3 49
4161 18 3 16
2849 18 3 57
4180 18 3 81
2899 18 3 42
4545 18 4 48
2604 18 4 58
2000 18 4 6
1570 18 4 66
4181 18 4 82
4474 18 4 16
1510 18 4 43
4359 18 5 46
4560 18 5 6
4298 18 5 51
1540 18 5 69
3931 18 5 25
2500 18 5 30
4652 18 6 31
4185 18 6 39
3403 18 6 48
3819 18 6 6
4299 18 6 55
3024 18 6 72
4699 18 7 78
4263 18 7 59
3361 18 7 6
3928 18 7 29
4735 18 7 20
3662 18 7 50
1229 18 8 34
927 18 8 52
535 18 8 80
3858 18 8 39
2276 18 8 5
4311 18 8 15
1574 18 8 89
215 18 8 72
1327 18 9 33
653 18 9 59
2871 18 9 75
3315 18 9 81
981 18 9 5
1490 18 9 89
536 18 9 15
4585 18 10 57
4273 18 10 34
3704 18 10 40
380 18 10 62
2679 18 10 76
537 18 10 6
1432 18 10 17
3273 18 11 35
3881 18 11 79
634 18 11 22
1854 18 11 44
4224 18 11 12
1818 18 11 5
4589 18 12 33
3423 18 12 40
2864 18 12 17
246 18 12 6
2414 18 12 88
43 18 12 60
1291 18 12 67
4626 18 13 63
3718 18 13 34
3676 18 13 82
2931 18 13 76
2104 18 13 11
808 18 13 91
3926 18 13 26
1738 18 13 58
4491 18 13 5
4450 18 14 77
320 18 14 25
3844 18 14 53
2371 18 14 14
4541 18 14 5
862 18 15 84
652 18 15 90
3416 18 15 25
2282 18 15 56
4288 18 15 11
2687 18 15 59
1737 18 15 34
1567 18 15 5
138 18 15 80
4621 18 16 74
2045 18 16 57
4443 18 16 5
462 18 16 31
2400 18 16 14
502 18 17 90
4338 18 17 79
2087 18 17 13
3719 18 17 28
2069 18 17 49
3149 18 17 4
3051 18 18 4
3199 18 18 28
2763 18 18 60
3906 18 18 64
2375 18 18 85
2362 18 18 42
1563 18 18 13
4232 18 19 66
1720 18 19 91
1159 18 19 5
2955 18 19 35
3278 18 19 85
2195 18 19 25
4130 18 19 59
4212 18 19 11
4372 19 0 6
29 19 0 65
4067 19 0 43
4753 19 0 88
911 19 0 19
1206 19 1 69
2063 19 1 20
2337 19 1 90
3193 19 1 44
318 19 1 6
1211 19 2 6
2338 19 2 26
1801 19 2 44
2719 19 2 90
40 19 2 71
4680 19 3 49
1722 19 3 6
1927 19 3 57
4508 19 3 20
3820 19 4 6
3975 19 4 16
3860 19 4 48
4427 19 4 66
4648 19 5 51
888 19 5 78
2056 19 5 30
3697 19 5 6
2245 19 6 6
2205 19 6 39
1807 19 6 78
101 19 6 55
314 19 7 6
2208 19 7 29
2096 19 7 78
4637 19 7 59
953 19 8 17
4746 19 8 52
655 19 8 5
4683 19 8 39
131 19 8 80
1601 19 9 5
3310 19 9 17
3294 19 9 33
1293 19 9 81
3070 19 9 62
438 19 10 87
2839 19 10 17
1863 19 10 5
288 19 10 40
1870 19 10 62
3074 19 11 67
1732 19 11 35
2092 19 11 5
1569 19 11 87
1545 19 11 22
2285 19 12 5
2057 19 12 87
3910 19 12 67
2953 19 12 17
1001 19 12 40
4188 19 13 34
1408 19 13 63
374 19 13 4
1945 19 13 11
797 19 13 82
306 19 14 4
3688 19 14 14
1372 19 14 25
268 19 14 59
1303 19 14 84
3301 19 15 59
2073 19 15 11
4607 19 15 84
121 19 15 34
491 19 15 4
1821 19 16 4
942 19 16 90
2061 19 16 31
282 19 16 57
4693 19 16 14
3163 19 17 4
671 19 17 11
2664 19 17 64
1294 19 17 42
3418 19 17 90
4269 19 18 11
3340 19 18 42
1472 19 18 64
2433 19 18 91
3406 19 18 4
4697 19 19 4
2935 19 19 91
2817 19 19 35
1136 19 19 11
3326 19 19 66
