2478
634 0 0 2
4506 0 0 88
5170 0 0 20
3218 0 0 60
4031 0 1 2
4265 0 1 88
2514 0 1 54
2033 0 1 18
1796 0 2 2
3621 0 2 83
4634 0 2 18
4005 0 2 50
2268 0 3 2
2771 0 3 16
5719 0 3 82
2932 0 3 59
215 0 4 14
4539 0 4 74
1740 0 4 2
4947 0 4 51
5225 0 5 2
3178 0 5 34
114 0 5 8
4813 0 5 70
2717 0 6 68
4373 0 6 8
4122 0 6 2
3946 0 6 33
3993 0 7 3
1472 0 7 47
2664 0 7 84
3907 0 8 3
3865 0 8 66
4423 0 8 31
4177 0 9 87
4536 0 9 58
294 0 9 13
1455 0 9 1
614 0 10 58
5237 0 10 1
4568 0 10 10
2720 0 10 87
5434 0 11 15
1833 0 11 87
1151 0 11 1
2702 0 11 48
4432 0 12 11
2173 0 12 25
1346 0 12 87
2258 0 12 1
2141 0 13 82
2922 0 13 49
304 0 13 12
2276 0 13 1
4584 0 14 33
1230 0 14 76
5457 0 14 12
1721 0 14 1
2686 0 15 95
5604 0 15 12
593 0 15 1
4915 0 15 80
3230 0 15 42
2579 0 16 95
4761 0 16 41
3135 0 16 6
3978 0 16 80
5621 0 16 1
2615 0 17 12
3022 0 17 43
898 0 17 95
161 0 17 1
4958 0 17 77
5404 0 18 93
3899 0 18 43
832 0 18 1
3747 0 18 79
1719 0 18 11
4260 0 19 74
5035 0 19 93
64 0 19 1
5369 0 19 12
5174 0 19 36
3360 1 0 15
3150 1 0 51
4096 1 0 85
3760 1 0 88
5034 1 0 20
2075 1 0 60
2132 1 0 2
708 1 1 2
338 1 1 82
2641 1 1 54
3847 1 1 42
3377 1 1 18
1167 1 2 95
5239 1 2 45
3545 1 2 2
2556 1 2 50
5139 1 2 83
3611 1 2 17
2762 1 2 78
3945 1 3 37
1396 1 3 16
1756 1 3 59
5084 1 3 13
3448 1 3 2
4913 1 3 74
5316 1 3 82
2091 1 4 14
1377 1 4 74
5671 1 4 41
554 1 4 2
4197 1 4 51
3014 1 5 70
5220 1 5 28
3635 1 5 3
3886 1 5 34
3009 1 5 8
5309 1 5 66
539 1 6 68
4952 1 6 3
3888 1 6 33
4193 1 6 27
5211 1 6 55
1729 1 7 3
2587 1 7 47
1812 1 7 79
5507 1 7 40
3091 1 7 84
4345 1 7 91
5368 1 8 58
1457 1 8 31
69 1 8 66
5632 1 8 25
1734 1 8 80
5687 1 8 3
5646 1 9 50
4642 1 9 58
1638 1 9 10
1823 1 9 1
5510 1 9 84
3737 1 9 13
1362 1 10 93
3308 1 10 1
5560 1 10 28
3036 1 10 73
5158 1 10 10
2466 1 11 48
5607 1 11 41
3335 1 11 15
5535 1 11 10
1698 1 11 77
3381 1 11 1
1403 1 11 93
459 1 12 1
3979 1 12 11
4728 1 12 7
347 1 12 65
935 1 12 87
333 1 12 25
5064 1 13 6
424 1 13 12
5298 1 13 34
2210 1 13 93
5331 1 13 82
1372 1 13 1
4997 1 13 80
4429 1 13 49
3565 1 14 1
3322 1 14 76
982 1 14 10
3871 1 14 33
5636 1 14 69
2342 1 14 93
4498 1 15 1
1461 1 15 9
5633 1 15 72
3938 1 15 80
3085 1 15 95
4723 1 15 42
5616 1 16 34
2382 1 16 41
2468 1 16 93
2352 1 16 6
2464 1 16 1
4003 1 16 63
3547 1 17 93
2206 1 17 7
5330 1 17 43
2530 1 17 77
3436 1 17 12
485 1 17 1
5534 1 17 38
5128 1 17 71
748 1 18 79
4928 1 18 11
3641 1 18 93
569 1 18 1
3304 1 18 75
3773 1 18 39
3164 1 19 7
1942 1 19 36
1971 1 19 62
2234 1 19 12
3404 1 19 1
4222 1 19 74
5112 1 19 92
1189 2 0 15
2289 2 0 20
517 2 0 51
1539 2 0 60
33 2 0 2
1835 2 0 88
2856 2 0 46
4812 2 1 2
4128 2 1 54
1318 2 1 38
2628 2 1 42
5438 2 1 50
5349 2 1 82
2233 2 1 94
3538 2 1 12
3802 2 1 76
5125 2 1 18
5435 2 2 41
214 2 2 50
4401 2 2 45
1686 2 2 2
3829 2 2 95
732 2 2 17
3495 2 2 83
3504 2 2 75
4828 2 2 78
248 2 3 59
2332 2 3 2
3518 2 3 16
2731 2 3 82
1016 2 3 33
2288 2 3 13
1241 2 3 37
4169 2 3 74
838 2 3 94
3542 2 3 9
5461 2 4 41
1097 2 4 72
1554 2 4 2
2891 2 4 35
1690 2 4 14
3911 2 4 51
2538 2 4 11
4482 2 5 28
2162 2 5 34
2981 2 5 3
2516 2 5 8
1715 2 5 67
977 2 5 24
2975 2 5 70
5459 2 5 62
933 2 6 3
3482 2 6 33
3581 2 6 27
3963 2 6 55
3923 2 6 91
2713 2 6 68
3285 2 7 3
5416 2 7 80
4296 2 7 35
5203 2 7 74
1901 2 7 84
3171 2 7 47
3347 2 7 91
4767 2 7 40
4228 2 8 25
1128 2 8 54
2968 2 8 78
3876 2 8 3
3733 2 8 66
4395 2 8 31
2548 2 8 58
2108 2 8 91
4883 2 8 80
4987 2 9 50
4158 2 9 84
4891 2 9 13
1743 2 9 1
1052 2 9 10
5547 2 9 42
4445 2 9 58
5698 2 9 79
1055 2 10 92
5326 2 10 28
4963 2 10 73
1345 2 10 58
754 2 10 1
1123 2 10 10
5506 2 11 38
797 2 11 1
4799 2 11 15
5265 2 11 41
5119 2 11 6
932 2 11 93
1186 2 11 48
292 2 11 77
2511 2 11 71
2483 2 12 8
5439 2 12 4
1897 2 12 1
1259 2 12 25
3720 2 12 11
421 2 12 87
5256 2 12 56
3616 2 12 65
5231 2 12 82
1602 2 13 6
1550 2 13 12
3960 2 13 31
5066 2 13 34
328 2 13 1
5701 2 13 82
308 2 13 92
4854 2 13 74
4532 2 13 49
5378 2 14 69
2612 2 14 31
3941 2 14 2
5152 2 14 56
4216 2 14 33
947 2 14 10
4349 2 14 93
3183 2 14 76
5711 2 15 80
5177 2 15 72
1529 2 15 42
2219 2 15 95
1237 2 15 9
4703 2 15 69
2422 2 15 92
4402 2 15 2
3102 2 16 34
4852 2 16 2
5186 2 16 30
1010 2 16 63
1232 2 16 6
2081 2 16 41
815 2 16 86
264 2 17 12
4112 2 17 77
139 2 17 92
702 2 17 43
3248 2 17 38
2504 2 17 71
3328 2 17 8
5315 2 17 67
5009 2 17 33
3852 2 17 2
3106 2 18 71
4186 2 18 93
4381 2 18 11
243 2 18 79
3126 2 18 75
4070 2 18 2
4485 2 18 35
4995 2 18 39
3742 2 19 74
2964 2 19 12
1312 2 19 59
1239 2 19 8
1696 2 19 36
1965 2 19 62
5414 2 19 92
1373 2 19 2
3584 2 19 32
1778 3 0 2
2159 3 0 20
2833 3 0 42
1556 3 0 46
1615 3 0 88
1263 3 0 60
4339 3 0 12
1114 3 0 15
342 3 0 51
642 3 1 18
2203 3 1 54
683 3 1 94
3659 3 1 2
185 3 1 42
1244 3 1 38
5557 3 1 76
371 3 1 12
4123 3 1 50
1997 3 2 78
1975 3 2 83
3067 3 2 95
2941 3 2 75
4751 3 2 2
1201 3 2 12
678 3 2 17
5219 3 2 42
1957 3 2 45
2894 3 2 73
4711 3 2 33
5013 3 3 74
4617 3 3 54
3466 3 3 9
2263 3 3 2
4944 3 3 37
1680 3 3 70
2316 3 3 59
1316 3 3 16
758 3 3 94
3638 3 3 91
2846 3 4 90
86 3 4 14
4390 3 4 41
1831 3 4 72
1536 3 4 2
548 3 4 36
1985 3 4 51
1935 3 5 3
1391 3 5 90
1296 3 5 34
4386 3 5 28
1754 3 5 8
3663 3 5 24
5458 3 5 62
3731 3 5 70
4585 3 5 19
2126 3 6 89
5339 3 6 68
927 3 6 27
743 3 6 53
4266 3 6 33
4630 3 6 3
2218 3 6 23
3903 3 6 55
1568 3 7 58
5162 3 7 47
5697 3 7 66
1821 3 7 74
2721 3 7 80
2121 3 7 3
1573 3 7 84
1278 3 7 91
4294 3 7 40
2991 3 7 21
2889 3 7 35
271 3 7 19
5662 3 7 26
1804 3 7 31
580 3 8 54
2312 3 8 58
5652 3 8 21
455 3 8 25
2917 3 8 31
2838 3 8 66
96 3 8 78
4805 3 8 3
750 3 9 2
3157 3 9 84
4957 3 9 50
3364 3 9 58
5076 3 9 42
486 3 9 11
5079 3 9 13
4196 3 9 38
5242 3 9 79
4904 3 10 73
5442 3 10 55
5730 3 10 88
4014 3 10 92
5704 3 10 28
4048 3 10 2
4115 3 11 93
4078 3 11 36
1371 3 11 96
4970 3 11 48
5328 3 11 38
5142 3 11 41
3750 3 11 3
2043 3 11 15
4315 3 11 74
5342 3 11 77
3767 3 11 6
3877 3 11 71
4055 3 11 65
1934 3 11 89
3715 3 12 54
1822 3 12 65
2818 3 12 4
3558 3 12 79
5149 3 12 82
3120 3 12 11
1877 3 12 25
5226 3 12 2
5121 3 12 56
5634 3 12 87
3639 3 13 46
791 3 13 49
4914 3 13 80
2727 3 13 2
4624 3 13 27
480 3 13 6
4398 3 13 74
4094 3 13 92
5120 3 13 12
5289 3 13 34
1617 3 14 33
996 3 14 93
3167 3 14 76
5081 3 14 69
1344 3 14 2
3137 3 14 10
863 3 14 30
3830 3 14 56
4544 3 15 42
5156 3 15 80
3216 3 15 9
2164 3 15 95
5428 3 15 38
4111 3 15 68
3828 3 15 72
3811 3 15 2
19 3 16 82
4126 3 16 30
5420 3 16 61
4161 3 16 86
3645 3 16 2
4831 3 16 6
5680 3 16 26
706 3 16 34
3521 3 16 63
3507 3 16 89
2645 3 16 41
1218 3 17 2
1732 3 17 38
5071 3 17 74
3480 3 17 77
4431 3 17 92
4301 3 17 67
715 3 17 8
3718 3 17 33
1802 3 17 43
4359 3 17 65
1800 3 17 12
5481 3 17 71
5643 3 17 29
1563 3 18 93
3798 3 18 11
5388 3 18 79
3446 3 18 35
2855 3 18 75
2205 3 18 2
3622 3 18 61
3619 3 18 90
3739 3 18 39
1072 3 19 8
2019 3 19 32
1329 3 19 62
5372 3 19 92
3696 3 19 60
1893 3 19 89
5319 3 19 74
770 3 19 57
1361 3 19 2
2989 3 19 36
2925 3 19 12
872 4 0 88
1559 4 0 20
432 4 0 2
1547 4 0 46
5206 4 0 60
228 4 0 51
2895 4 0 81
460 4 0 15
741 4 0 12
4441 4 0 41
733 4 1 2
5651 4 1 9
1552 4 1 94
3400 4 1 38
344 4 1 18
4595 4 1 76
3900 4 1 71
2883 4 1 50
5447 4 1 54
4566 4 2 17
5050 4 2 45
4302 4 2 32
279 4 2 83
4514 4 2 78
5023 4 2 9
109 4 2 2
3175 4 2 42
2820 4 2 70
5576 4 3 9
3787 4 3 37
5238 4 3 16
1843 4 3 59
3881 4 3 54
567 4 3 70
4312 4 3 28
2566 4 3 91
4054 4 3 94
4307 4 3 74
4006 4 3 3
2897 4 4 41
3093 4 4 69
1337 4 4 72
3629 4 4 33
1484 4 4 14
1634 4 4 51
2181 4 4 90
4483 4 4 3
4964 4 5 62
1210 4 5 90
5451 4 5 8
2887 4 5 70
602 4 5 34
306 4 5 28
3983 4 5 19
5409 4 5 4
4147 4 5 16
1041 4 6 53
5449 4 6 84
4804 4 6 19
5700 4 6 23
261 4 6 33
368 4 6 3
1056 4 6 51
3719 4 6 89
5159 4 7 47
3237 4 7 26
1444 4 7 84
3040 4 7 40
2304 4 7 80
31 4 7 31
237 4 7 74
5336 4 7 91
477 4 7 16
5500 4 7 3
2062 4 7 35
5236 4 7 66
1511 4 7 58
1826 4 7 21
4700 4 8 44
4264 4 8 77
1799 4 8 2
3007 4 8 89
4725 4 9 50
386 4 9 2
1640 4 9 58
3951 4 9 38
4912 4 9 34
4639 4 9 79
709 4 9 84
5653 4 9 13
5057 4 9 42
4324 4 10 55
4217 4 10 73
4304 4 10 28
3054 4 10 92
3287 4 10 25
568 4 10 2
5185 4 10 88
4861 4 11 41
4549 4 11 15
181 4 11 71
3110 4 11 77
3740 4 11 6
320 4 11 96
4246 4 11 74
1303 4 11 89
2106 4 11 34
2007 4 11 38
5107 4 11 48
5599 4 11 64
4794 4 12 56
887 4 12 65
2371 4 12 54
4436 4 12 51
4598 4 12 87
2871 4 12 11
3503 4 12 79
4666 4 12 25
4407 4 12 82
1543 4 13 12
2448 4 13 6
3772 4 13 27
3949 4 13 34
3155 4 13 49
1878 4 13 74
2344 4 13 46
1717 4 13 92
5512 4 13 70
4606 4 13 80
4478 4 13 2
3836 4 14 27
2672 4 14 51
4289 4 14 69
5266 4 14 76
922 4 14 10
112 4 14 2
776 4 14 89
2404 4 14 30
1453 4 14 56
4227 4 15 42
3833 4 15 38
824 4 15 9
1035 4 15 68
1618 4 15 95
3712 4 15 2
3389 4 15 72
191 4 15 80
9 4 16 41
2135 4 16 82
4238 4 16 6
2027 4 16 63
1597 4 16 86
2050 4 16 36
39 4 16 30
1694 4 16 34
2465 4 16 26
5650 4 16 89
479 4 17 8
5259 4 17 92
3885 4 17 67
366 4 17 12
2154 4 17 33
1380 4 17 77
885 4 17 2
5114 4 17 29
1689 4 17 38
405 4 17 43
4010 4 17 74
2169 4 18 39
3129 4 18 61
2370 4 18 75
2046 4 18 32
1693 4 18 2
2192 4 18 11
3407 4 18 35
4578 4 18 79
5101 4 18 94
5008 4 19 28
1945 4 19 92
4760 4 19 12
1179 4 19 62
1513 4 19 32
4888 4 19 74
511 4 19 36
4712 4 19 54
867 4 19 2
4693 5 0 16
3499 5 0 57
2249 5 0 81
5117 5 0 88
4361 5 0 41
4863 5 0 20
2347 5 0 77
5574 5 0 51
3529 5 0 37
2357 5 0 60
288 5 0 46
5608 5 0 3
3296 5 1 34
5042 5 1 9
4223 5 1 90
2451 5 1 3
5585 5 1 71
1328 5 1 18
2107 5 1 38
1227 5 1 50
4195 5 1 54
3661 5 2 32
574 5 2 17
2850 5 2 65
1382 5 2 3
2272 5 2 70
5250 5 2 83
5357 5 2 91
4310 5 2 45
1786 5 2 42
5246 5 3 81
1268 5 3 37
1676 5 3 28
1870 5 3 54
3302 5 3 3
2214 5 3 59
3957 5 3 16
4332 5 4 31
5518 5 4 72
2621 5 4 88
2000 5 4 69
1343 5 4 3
4244 5 4 14
2015 5 4 90
2694 5 4 41
5325 5 4 66
1989 5 4 51
2460 5 5 19
5401 5 5 4
4708 5 5 34
2157 5 5 62
2200 5 5 28
4907 5 5 8
3934 5 5 90
1430 5 5 70
1320 5 5 58
4306 5 6 90
2848 5 6 84
2824 5 6 48
5356 5 6 23
4565 5 6 53
4954 5 6 33
5581 5 6 3
5613 5 6 77
4469 5 6 18
1338 5 7 91
1959 5 7 35
3292 5 7 44
5193 5 7 66
4079 5 7 40
2217 5 7 47
3062 5 7 80
3687 5 7 3
4962 5 7 16
1495 5 7 58
47 5 7 26
1150 5 8 2
1797 5 8 77
5455 5 8 69
5188 5 8 89
1621 5 8 44
3374 5 8 39
5038 5 9 42
2714 5 9 13
3489 5 9 79
3800 5 9 34
1003 5 9 58
2737 5 9 38
4643 5 9 50
2305 5 9 85
4685 5 9 3
3420 5 10 83
3602 5 10 88
287 5 10 28
1317 5 10 92
3631 5 10 55
3133 5 10 22
3845 5 10 2
4201 5 11 38
4479 5 11 74
4850 5 11 96
3544 5 11 41
5529 5 11 29
4816 5 11 64
4740 5 11 48
5276 5 11 2
1861 5 11 77
5257 5 11 15
723 5 12 25
4360 5 12 82
4392 5 12 8
4163 5 12 87
4412 5 12 56
5429 5 12 65
4676 5 12 51
51 5 12 75
2018 5 13 12
3583 5 13 95
49 5 13 43
3177 5 13 20
3694 5 14 95
3666 5 14 20
4800 5 14 12
5483 5 14 43
115 5 15 43
761 5 15 12
3968 5 15 95
669 5 15 68
4164 5 16 12
1200 5 16 43
2120 5 16 79
2350 5 16 41
1482 5 16 67
3536 5 16 24
478 5 16 26
2653 5 16 94
5129 5 17 79
1922 5 17 3
3778 5 17 67
3675 5 17 39
2353 5 17 12
4626 5 17 62
3875 5 17 29
2785 5 17 94
3691 5 17 43
3669 5 18 36
222 5 18 62
5630 5 18 39
4363 5 18 3
293 5 18 54
2133 5 18 75
5567 5 18 79
3728 5 18 12
4803 5 18 94
4653 5 18 28
3974 5 19 12
5688 5 19 28
1090 5 19 62
5605 5 19 89
5292 5 19 3
5497 5 19 36
4179 5 19 74
157 5 19 52
1436 5 19 54
1326 6 0 81
752 6 0 60
2873 6 0 46
3311 6 0 52
5311 6 0 3
5278 6 0 22
1519 6 0 38
2701 6 0 57
5546 6 0 41
4150 6 0 88
2381 6 0 69
3435 6 1 41
2158 6 1 3
301 6 1 81
1206 6 1 57
99 6 1 22
170 6 1 60
4220 6 2 22
57 6 2 66
3851 6 2 61
2137 6 2 3
4146 6 3 22
5367 6 3 4
2145 6 3 61
1447 6 4 22
3654 6 4 4
4843 6 4 64
4919 6 5 4
4796 6 5 8
880 6 5 58
2507 6 5 19
2416 6 5 34
12 6 5 78
559 6 5 28
5048 6 5 70
2080 6 5 62
2790 6 6 74
4950 6 6 14
2180 6 6 48
4268 6 6 53
313 6 6 3
24 6 6 84
5524 6 6 40
1651 6 6 90
1649 6 7 80
2547 6 7 40
519 6 7 91
3601 6 7 16
528 6 7 47
1574 6 7 44
2301 6 7 26
3843 6 7 59
4000 6 7 3
442 6 7 12
1561 6 7 35
4321 6 7 66
1144 6 8 44
3637 6 8 2
4981 6 8 83
4311 6 8 89
1234 6 8 39
843 6 8 67
5699 6 8 19
5588 6 8 70
5517 6 8 77
3604 6 9 79
3452 6 9 85
2796 6 9 89
3955 6 9 58
4881 6 9 19
5624 6 9 39
4194 6 9 44
4554 6 9 50
5391 6 9 13
4781 6 9 72
3943 6 9 3
4822 6 9 29
2274 6 10 89
3898 6 10 3
3117 6 10 22
276 6 10 58
4764 6 10 72
3716 6 10 29
5407 6 10 50
746 6 10 79
4091 6 10 84
1017 6 10 40
3578 6 10 44
4137 6 10 19
5104 6 10 13
3493 6 11 84
2944 6 11 15
253 6 11 22
37 6 11 19
3918 6 11 29
2919 6 11 3
3734 6 11 96
4618 6 11 50
299 6 11 79
5499 6 11 44
3181 6 11 58
4480 6 12 83
5587 6 12 2
5214 6 12 68
825 6 12 43
1089 6 13 12
2228 6 13 20
3573 6 13 95
2129 6 14 20
1976 6 14 2
4093 6 14 81
3362 6 14 65
2966 6 15 30
2445 6 15 64
3969 6 15 81
4418 6 15 2
4253 6 16 94
640 6 16 2
4455 6 16 21
4141 6 17 54
1142 6 17 39
384 6 17 2
4808 6 18 2
3045 6 18 23
3323 6 18 51
3727 6 19 45
3263 6 19 24
2916 6 19 2
2810 7 0 52
5440 7 0 22
3566 7 0 69
526 7 0 79
4998 7 0 15
2699 7 0 3
779 7 0 74
3354 7 0 46
908 7 0 40
2480 7 1 88
3226 7 1 30
3846 7 1 93
1859 7 1 81
4351 7 1 73
980 7 1 76
5138 7 1 48
4985 7 1 16
3355 7 1 57
5422 7 1 3
4212 7 1 12
716 7 2 58
3112 7 2 80
4610 7 2 61
2241 7 2 15
2502 7 2 29
2861 7 2 85
1586 7 2 64
4787 7 2 3
4491 7 3 45
3966 7 3 69
1747 7 3 40
540 7 3 74
3055 7 3 66
2671 7 3 88
2599 7 3 20
2292 7 3 93
719 7 3 14
4688 7 3 3
5001 7 3 60
4060 7 4 23
5436 7 4 5
1782 7 5 77
822 7 5 56
1973 7 5 8
168 7 5 27
5433 7 5 69
4777 7 5 4
1598 7 6 3
1636 7 6 74
5150 7 6 10
4869 7 6 40
2969 7 6 85
533 7 6 53
5337 7 6 89
3357 7 6 14
2369 7 7 59
2693 7 7 3
4921 7 7 66
226 7 7 91
4502 7 7 35
1153 7 7 44
202 7 7 27
166 7 7 47
3403 7 7 88
5087 7 7 80
319 7 7 12
1541 7 7 16
5733 7 8 70
5028 7 8 2
5205 7 8 83
4208 7 8 19
3560 7 9 72
1062 7 9 85
1476 7 9 2
1254 7 9 36
4647 7 10 73
1112 7 10 2
1886 7 10 85
5059 7 10 35
2259 7 11 15
4860 7 11 85
4300 7 11 50
2330 7 11 79
2536 7 11 58
2026 7 11 96
1764 7 11 3
3543 7 11 29
4323 7 11 19
3702 7 11 44
3967 7 12 90
584 7 12 2
4961 7 12 64
2633 7 12 22
3628 7 13 42
2532 7 13 96
3353 7 13 17
1525 7 13 12
2208 7 13 20
4081 7 14 47
5590 7 14 2
1760 7 14 18
4911 7 14 91
2376 7 15 94
2112 7 15 2
3342 7 15 22
2086 7 15 30
4095 7 15 64
5550 7 16 17
4474 7 16 58
3821 7 16 91
2640 7 16 94
1246 7 16 21
4541 7 16 2
4121 7 17 54
5029 7 17 90
5641 7 17 50
738 7 17 2
4943 7 17 39
836 7 17 23
3705 7 18 45
4467 7 18 2
4577 7 18 84
443 7 18 51
4025 7 18 23
5213 7 19 45
901 7 19 2
3373 7 19 80
764 7 19 24
345 8 0 18
1079 8 0 74
4151 8 0 52
4789 8 0 69
402 8 0 3
1560 8 0 79
262 8 0 45
4737 8 0 22
5647 8 1 16
2808 8 1 48
422 8 1 51
2446 8 1 3
3975 8 1 76
3431 8 1 93
3528 8 1 30
4901 8 1 73
3541 8 1 87
1998 8 1 81
4341 8 1 57
833 8 2 58
3909 8 2 80
3334 8 2 85
5544 8 2 64
3926 8 2 16
3704 8 2 29
1674 8 2 3
4729 8 3 14
79 8 3 45
4119 8 3 69
953 8 3 74
5691 8 3 3
3116 8 3 40
1247 8 3 65
4018 8 3 20
3000 8 3 88
2298 8 3 93
1074 8 4 5
3419 8 4 23
5300 8 4 65
3011 8 5 8
3695 8 5 4
5522 8 5 18
3241 8 5 52
4084 8 5 67
282 8 5 76
4487 8 5 27
1701 8 6 69
329 8 6 3
2280 8 6 53
1914 8 6 14
2900 8 6 40
2817 8 6 85
4733 8 6 81
1023 8 6 10
5002 8 6 74
4250 8 6 89
1050 8 7 16
2103 8 7 59
628 8 7 3
3931 8 7 66
3848 8 7 80
4422 8 7 35
2742 8 7 48
1175 8 7 92
100 8 8 35
5011 8 8 13
4717 8 8 57
5033 8 8 3
4809 8 9 13
211 8 9 54
2749 8 9 33
3999 8 9 3
1950 8 10 3
5160 8 10 39
5122 8 10 33
4207 8 10 13
950 8 11 15
3280 8 11 29
1073 8 11 44
3020 8 11 50
5091 8 11 63
5673 8 11 58
4162 8 11 4
1025 8 12 3
3039 8 12 13
4101 8 12 27
4824 8 12 75
377 8 12 92
1581 8 13 42
784 8 13 12
3397 8 14 69
302 8 14 3
370 8 14 12
710 8 14 18
2972 8 14 34
5579 8 15 23
5054 8 15 4
3677 8 15 84
5320 8 15 49
5431 8 15 64
4471 8 15 30
5327 8 16 21
3015 8 16 83
5165 8 16 4
5352 8 16 17
4605 8 16 52
217 8 16 58
3042 8 17 83
5187 8 17 50
1783 8 17 4
5360 8 17 54
4661 8 17 39
5603 8 17 90
5194 8 17 27
5024 8 18 71
61 8 18 4
1706 8 18 84
4978 8 18 43
4303 8 18 51
4492 8 18 23
1872 8 19 80
362 8 19 40
4971 8 19 45
5324 8 19 4
3526 8 19 24
4909 8 19 63
3555 9 0 22
720 9 0 3
4453 9 0 18
5479 9 0 50
1340 9 0 52
1604 9 0 74
234 9 0 79
4218 9 1 76
3973 9 1 57
538 9 1 30
2462 9 1 51
5294 9 1 3
5195 9 1 18
2770 9 1 81
4389 9 1 93
3790 9 1 87
1162 9 2 3
4399 9 2 29
1031 9 2 85
3954 9 2 20
2053 9 2 58
241 9 2 64
4446 9 3 87
4672 9 3 93
2417 9 3 3
2469 9 3 20
1002 9 3 65
1029 9 3 45
1908 9 3 74
363 9 4 5
4931 9 4 65
1409 9 4 23
5674 9 5 49
2291 9 5 4
3145 9 5 67
26 9 5 81
4724 9 5 8
3643 9 5 17
649 9 5 27
392 9 6 4
3884 9 6 40
4687 9 6 74
180 9 6 10
4722 9 6 85
1335 9 6 53
1096 9 6 69
3936 9 7 4
5273 9 7 92
805 9 7 59
3676 9 7 17
3190 9 7 35
1427 9 7 80
2394 9 7 48
1503 9 7 66
3609 9 8 82
4589 9 8 38
1117 9 8 4
3333 9 8 16
3019 9 8 72
3043 9 9 54
151 9 9 4
4847 9 9 43
6 9 9 80
1049 9 9 85
4848 9 9 20
5277 9 10 71
2429 9 10 4
1185 9 10 85
1242 9 10 10
1882 9 10 40
4103 9 11 51
5208 9 11 11
840 9 11 44
4629 9 11 59
3250 9 11 4
4191 9 14 30
1001 9 14 64
3032 9 14 4
5301 9 14 59
4519 9 15 4
462 9 15 14
34 9 15 58
4425 9 15 64
5176 9 15 30
2884 9 16 14
3658 9 16 27
4587 9 16 4
484 9 16 58
1103 9 16 64
3972 9 17 27
5365 9 17 4
1748 9 17 64
3049 9 17 14
1279 9 17 93
698 9 17 47
3651 9 17 58
2554 9 18 24
1815 9 18 86
4358 9 18 64
2073 9 18 93
795 9 18 76
3010 9 18 52
4518 9 18 47
423 9 18 4
5040 9 18 72
2529 9 19 76
1013 9 19 4
2691 9 19 80
2475 9 19 93
3996 9 19 17
1423 9 19 71
2860 9 19 46
2225 9 19 86
4053 9 19 63
2685 9 19 24
1535 10 0 3
3140 10 0 22
3613 10 0 74
1205 10 0 79
1791 10 0 52
912 10 1 22
617 10 1 87
1257 10 1 3
3289 10 1 51
1599 10 1 57
1534 10 1 30
2783 10 1 81
1063 10 2 29
4153 10 2 3
4552 10 2 20
4823 10 2 85
3314 10 2 64
2775 10 3 45
3191 10 3 3
2264 10 3 74
3940 10 3 65
5333 10 3 87
3902 10 3 20
955 10 4 23
4969 10 4 6
1197 10 7 66
1212 10 7 92
2777 10 7 4
512 10 7 59
1080 10 7 49
1083 10 7 80
2232 10 7 35
583 10 8 11
5640 10 8 67
929 10 8 72
3081 10 8 82
2570 10 8 38
5252 10 8 4
1707 10 9 39
5504 10 9 80
5296 10 9 13
5480 10 9 20
4132 10 9 43
2626 10 9 54
3075 10 9 4
4136 10 10 4
2090 10 10 65
890 10 10 11
2407 10 10 34
1033 10 10 91
4684 10 11 11
1601 10 11 42
2379 10 11 64
4343 10 11 90
3868 10 11 4
3352 10 13 26
5288 10 13 14
1980 10 13 4
1947 10 13 90
638 10 13 63
1810 10 14 37
2195 10 14 88
5669 10 14 77
3235 10 14 41
942 10 14 4
4763 10 14 53
4652 10 14 58
739 10 14 19
5088 10 15 51
3299 10 15 55
3617 10 15 37
4976 10 15 79
5425 10 15 86
620 10 15 4
2643 10 15 20
5424 10 16 83
4834 10 16 43
878 10 16 18
3196 10 16 47
1654 10 16 77
4056 10 16 64
904 10 16 24
3358 10 16 93
3915 10 16 4
1 10 17 44
2955 10 17 17
3433 10 17 74
3198 10 17 86
990 10 17 22
4259 10 17 58
3879 10 17 4
4706 10 18 64
2029 10 18 19
1930 10 18 43
3063 10 18 4
3309 10 18 47
1445 10 18 52
5427 10 18 69
156 10 18 80
1353 10 18 85
893 10 18 24
1631 10 19 4
5248 10 19 17
818 10 19 42
5639 10 19 86
639 10 19 93
3942 10 19 46
3214 10 19 71
4842 10 19 76
5478 10 19 21
4531 10 19 80
4616 11 0 52
2864 11 0 79
3901 11 0 22
3169 11 0 3
4715 11 1 30
3461 11 1 86
2503 11 1 3
2977 11 1 57
4601 11 2 3
5446 11 2 29
2802 11 2 87
4735 11 2 74
566 11 3 45
5648 11 3 74
3618 11 3 87
5255 11 3 3
3290 11 4 14
2130 11 4 4
1028 11 4 68
4038 11 4 91
3208 11 4 38
2849 11 5 29
2673 11 5 62
3932 11 5 92
796 11 5 15
3298 11 5 4
3732 11 7 85
2784 11 7 32
42 11 7 4
5184 11 7 13
1851 11 7 57
2236 11 8 82
3531 11 8 4
1456 11 8 33
416 11 8 72
2611 11 8 61
3947 11 8 38
1735 11 8 11
3992 11 8 67
1555 11 9 4
1026 11 9 39
5573 11 9 75
3422 11 9 13
5382 11 9 20
5598 11 9 54
4731 11 9 80
2237 11 9 43
5476 11 10 14
2578 11 10 61
5539 11 10 27
952 11 10 34
3703 11 10 86
427 11 10 4
5601 11 10 91
4937 11 10 65
2175 11 11 61
4107 11 11 85
1032 11 11 4
2930 11 11 14
5721 11 11 26
2592 11 13 56
2074 11 13 10
163 11 13 4
2273 11 13 36
4143 11 13 87
1684 11 14 4
2740 11 14 58
5135 11 14 88
2140 11 14 19
4631 11 14 41
4975 11 14 53
4488 11 14 78
2156 11 15 78
5493 11 15 4
3203 11 15 37
4353 11 15 55
4807 11 15 20
578 11 15 86
4057 11 16 77
4625 11 16 47
498 11 16 24
5126 11 16 4
3379 11 16 18
2360 11 16 83
4551 11 16 64
1193 11 17 22
4526 11 17 58
4742 11 17 17
25 11 17 44
4698 11 17 74
4646 11 17 4
2039 11 17 86
3571 11 18 47
5021 11 18 64
5660 11 18 4
5039 11 18 18
730 11 18 24
2309 11 18 85
4174 11 18 69
3708 11 18 52
1222 11 19 46
5413 11 19 76
2424 11 19 86
999 11 19 21
2415 11 19 4
5074 11 19 80
2881 12 0 5
915 12 0 67
3783 12 0 95
3069 12 0 1
3506 12 1 1
2794 12 1 95
3766 12 1 7
2707 12 1 64
4495 12 2 1
2823 12 2 54
4732 12 2 3
5537 12 2 94
2306 12 3 94
5370 12 3 16
1988 12 3 1
438 12 3 25
2054 12 4 15
1419 12 4 65
3325 12 4 1
286 12 4 88
5111 12 5 87
3132 12 5 10
5346 12 5 65
5515 12 5 1
3313 12 10 4
5715 12 10 11
3763 12 10 59
3293 12 10 86
3815 12 10 34
1471 12 10 65
4916 12 10 27
5031 12 10 91
3819 12 11 27
4818 12 11 11
3111 12 11 64
4620 12 11 84
2799 12 11 4
788 12 13 4
4862 12 13 11
4780 12 13 37
2093 12 13 46
3113 12 13 84
2630 12 14 4
3429 12 14 58
3210 12 14 88
2101 12 14 41
5247 12 15 86
3726 12 15 37
2017 12 15 4
5284 12 15 55
3163 12 16 24
3640 12 16 64
2474 12 16 4
3636 12 16 83
4466 12 17 22
1594 12 17 4
4748 12 17 58
1131 12 17 74
2564 12 18 52
1407 12 18 24
1120 12 18 4
522 12 18 69
3070 12 19 52
5345 12 19 4
3001 12 19 21
4542 12 19 86
5565 12 19 80
1990 13 0 67
1202 13 0 49
2432 13 0 5
1378 13 0 21
4281 13 0 88
3477 13 1 59
1100 13 1 64
4866 13 1 42
4768 13 1 79
1498 13 1 89
5384 13 1 7
5620 13 2 46
4918 13 2 69
2359 13 2 5
143 13 2 24
1986 13 2 54
4059 13 3 16
4529 13 3 75
3415 13 3 5
1623 13 3 89
5492 13 3 25
4572 13 3 48
3205 13 4 60
1546 13 4 88
5654 13 4 5
5541 13 4 81
2948 13 4 39
2662 13 4 65
5137 13 4 15
1741 13 5 57
1515 13 5 5
4104 13 5 10
5204 13 5 39
2650 13 5 84
2149 13 5 87
2659 13 6 5
5657 13 6 19
4063 13 6 47
3524 13 6 78
2099 13 6 89
4557 13 7 70
5390 13 7 52
1652 13 7 5
134 13 7 26
3300 13 8 46
4772 13 8 74
2396 13 8 5
2760 13 8 27
3462 13 10 29
4858 13 10 52
5706 13 10 75
5161 13 10 5
1850 13 11 5
4586 13 11 33
4239 13 11 76
2629 13 11 52
1763 13 13 37
1807 13 13 52
1429 13 13 5
3582 13 13 80
400 13 14 34
4017 13 14 5
1928 13 14 84
2998 13 14 64
3392 13 15 5
3428 13 15 54
1386 13 15 83
1864 13 15 90
2726 13 16 35
4932 13 16 5
5509 13 16 72
3152 13 17 5
5618 13 17 73
41 13 17 49
4182 13 18 61
4940 13 18 11
902 13 18 26
3595 13 18 80
137 13 18 4
209 13 19 82
5678 13 19 12
4528 13 19 60
1301 13 19 4
1752 13 19 23
419 14 0 49
2872 14 0 5
5201 14 0 62
4125 14 0 21
5387 14 0 15
4689 14 0 67
4927 14 0 40
1061 14 0 83
1633 14 0 88
1837 14 1 42
3234 14 1 59
1952 14 1 79
790 14 1 89
4019 14 1 35
2177 14 1 73
4318 14 1 7
4870 14 1 64
3502 14 2 17
5232 14 2 46
2778 14 2 54
141 14 2 24
270 14 2 69
5233 14 2 5
4417 14 2 89
2315 14 2 63
3338 14 2 41
2839 14 3 5
2333 14 3 75
76 14 3 89
129 14 3 48
3569 14 3 16
4637 14 3 25
2498 14 4 39
2455 14 4 65
1145 14 4 5
804 14 4 57
1270 14 4 88
5385 14 4 81
2920 14 4 60
2997 14 4 15
4308 14 5 57
2414 14 5 87
2831 14 5 52
393 14 5 84
3434 14 5 32
346 14 5 5
4603 14 5 78
4277 14 5 10
3665 14 6 70
4600 14 6 89
3359 14 6 78
3824 14 6 19
1463 14 6 5
1611 14 6 43
2215 14 6 47
4484 14 7 23
5254 14 7 52
2230 14 7 70
440 14 7 5
2242 14 7 85
4106 14 7 26
2040 14 7 49
1405 14 8 85
4231 14 8 19
972 14 8 5
4719 14 8 74
2438 14 8 46
5472 14 10 5
2688 14 10 67
3494 14 10 81
5258 14 10 35
5196 14 10 22
4837 14 11 66
3080 14 11 81
3395 14 11 32
3838 14 11 20
4570 14 11 5
5130 14 13 20
4547 14 13 38
2229 14 13 65
3486 14 13 5
4134 14 14 34
101 14 14 5
848 14 14 78
5180 14 14 84
4522 14 14 20
5030 14 14 57
2409 14 14 64
4882 14 15 40
3481 14 15 54
3859 14 15 71
812 14 15 83
1039 14 15 19
5169 14 15 90
896 14 15 5
1553 14 16 53
17 14 16 5
5318 14 16 35
5536 14 16 72
3864 14 16 92
4331 14 16 19
3606 14 17 73
5020 14 17 39
5049 14 17 69
4893 14 17 49
5017 14 17 5
4697 14 17 17
3027 14 18 80
2071 14 18 26
1440 14 18 6
4283 14 18 11
5052 14 18 48
2947 14 18 61
5077 14 19 23
4172 14 19 5
2525 14 19 40
2383 14 19 12
20 14 19 60
5261 14 19 82
4989 15 0 83
2815 15 0 62
2527 15 0 89
2022 15 0 6
4129 15 0 40
4934 15 0 57
3744 15 0 16
4886 15 0 49
3889 15 0 21
3741 15 0 67
3375 15 1 35
5477 15 1 42
1235 15 1 64
3320 15 1 79
278 15 1 73
5012 15 1 27
5505 15 1 85
1733 15 1 56
2687 15 1 59
3023 15 1 7
2590 15 2 59
823 15 2 54
5230 15 2 88
4920 15 2 46
3051 15 2 33
1711 15 2 41
3127 15 2 63
520 15 2 6
5267 15 2 24
2586 15 2 17
1509 15 2 69
1605 15 13 6
596 15 14 57
3632 15 14 6
579 15 14 64
1231 15 15 56
4530 15 15 63
3928 15 15 6
1672 15 15 73
4213 15 16 73
1687 15 16 6
1500 15 16 56
1639 15 16 63
613 15 17 26
1987 15 17 63
1903 15 17 6
769 15 17 23
1122 15 17 31
1856 15 17 56
5093 15 17 73
1107 15 17 69
4664 15 18 63
2812 15 18 13
3540 15 18 6
5520 15 18 26
3775 15 18 82
2935 15 18 56
2520 15 18 51
2338 15 18 23
3173 15 19 56
4582 15 19 23
1584 15 19 60
5543 15 19 36
1777 15 19 91
5708 15 19 82
2001 15 19 50
3557 15 19 40
4325 15 19 6
3451 15 19 13
2113 16 0 89
457 16 0 16
1300 16 0 67
4895 16 0 83
2365 16 0 36
4148 16 0 21
3874 16 0 40
4759 16 0 49
1714 16 0 62
3769 16 0 57
1681 16 0 6
1264 16 1 23
5371 16 1 56
4240 16 1 85
4475 16 1 7
3922 16 1 27
3243 16 1 79
3286 16 1 35
3371 16 1 42
4849 16 1 73
956 16 1 64
3123 16 2 6
3803 16 2 58
3209 16 2 28
3710 16 2 77
162 16 4 78
1884 16 4 14
2023 16 4 12
1610 16 4 65
2986 16 4 33
4959 16 4 57
2602 16 4 95
2418 16 4 1
5223 16 5 40
3535 16 5 1
4593 16 5 95
2646 16 5 33
4638 16 5 37
4263 16 5 13
1766 16 5 79
1643 16 5 17
5610 16 5 72
2938 16 6 20
4015 16 6 83
257 16 6 1
1660 16 6 90
5019 16 6 56
4258 16 6 95
5445 16 6 53
5475 16 6 80
4080 16 6 59
5131 16 6 49
3401 16 6 23
4444 16 7 71
2773 16 7 96
2294 16 7 75
5269 16 7 19
713 16 7 29
4721 16 7 44
3774 16 7 68
3440 16 7 1
3473 16 8 11
4171 16 8 67
2100 16 8 28
3246 16 8 31
3761 16 8 1
334 16 8 76
1021 16 8 88
5375 16 9 44
5297 16 9 79
4992 16 9 1
2652 16 9 90
4838 16 9 18
5508 16 9 15
4337 16 9 40
1723 16 9 49
1862 16 9 96
2450 16 9 85
4037 16 10 86
85 16 10 91
2804 16 10 1
4262 16 10 28
2657 16 10 24
4887 16 10 16
1215 16 10 35
5182 16 10 57
5683 16 10 82
2256 16 10 64
5351 16 11 68
2287 16 11 92
5092 16 11 43
4555 16 11 1
5133 16 11 50
1966 16 11 70
1385 16 11 96
5274 16 11 8
2364 16 11 89
3124 16 12 36
4695 16 12 71
3822 16 12 79
3254 16 12 18
1502 16 12 92
2095 16 12 6
4632 16 12 49
2667 16 12 53
3834 16 12 29
195 16 13 58
3447 16 13 75
2728 16 13 5
2284 16 13 81
3277 16 13 23
766 16 13 12
3327 16 13 90
4009 16 13 46
3104 16 13 30
609 16 14 53
5582 16 14 34
975 16 14 45
2800 16 14 57
1282 16 14 74
807 16 14 5
5343 16 14 48
1262 16 14 17
200 16 14 69
4535 16 15 6
5374 16 15 77
991 16 15 26
2631 16 15 52
2419 16 15 30
2221 16 15 36
327 16 15 89
1350 16 15 61
4133 16 15 83
4527 16 15 18
5452 16 15 57
2399 16 16 61
2617 16 16 86
3382 16 16 28
577 16 16 91
4435 16 16 37
3679 16 16 13
753 16 16 5
4242 16 16 45
5453 16 16 49
4896 16 16 69
1487 16 16 80
4199 16 16 32
3981 16 17 79
882 16 17 73
905 16 17 31
160 16 17 44
870 16 17 53
5729 16 17 91
2476 16 17 19
5521 16 17 48
5060 16 17 56
1905 16 17 86
1728 16 17 6
5100 16 18 82
3399 16 18 31
623 16 18 43
4908 16 18 88
697 16 18 6
5190 16 18 17
1298 16 18 63
3485 16 19 50
3939 16 19 13
1854 16 19 77
3438 16 19 31
1465 16 19 91
406 16 19 5
3256 16 19 81
525 16 19 46
4741 16 19 20
439 16 19 56
4545 17 0 83
1108 17 0 90
5305 17 0 44
373 17 0 40
1929 17 0 36
3368 17 0 49
2523 17 0 57
1625 17 0 6
2840 17 0 21
495 17 0 67
2412 17 1 7
4173 17 1 85
3264 17 1 35
3114 17 1 42
1658 17 1 70
2052 17 1 79
1139 17 1 27
4189 17 1 73
3591 17 1 56
4702 17 1 64
3170 17 2 31
4278 17 2 47
4543 17 2 76
4513 17 2 6
4523 17 4 65
4042 17 4 76
2257 17 4 1
3035 17 4 78
4064 17 4 37
3523 17 4 95
4248 17 4 14
3607 17 4 33
3585 17 5 77
5488 17 5 17
1954 17 5 79
5559 17 5 40
1310 17 5 1
5304 17 5 37
2105 17 6 59
3125 17 6 90
1168 17 6 1
4750 17 6 95
4821 17 6 83
688 17 6 52
3453 17 6 20
2597 17 6 55
3647 17 6 23
4336 17 7 96
3684 17 7 75
3255 17 7 29
3893 17 7 1
4744 17 7 20
5209 17 7 71
2246 17 7 44
1327 17 8 11
5395 17 8 31
1879 17 8 88
4826 17 8 76
4257 17 8 1
4271 17 9 49
5366 17 9 96
1691 17 9 1
2434 17 9 18
5712 17 9 83
2761 17 9 90
5612 17 9 44
3855 17 9 85
4326 17 10 28
2957 17 10 1
1941 17 10 35
5448 17 10 57
3667 17 10 64
4154 17 10 86
4282 17 10 24
2114 17 10 91
3662 17 11 8
3468 17 11 5
607 17 11 96
1491 17 11 50
1889 17 11 70
3552 17 11 92
5441 17 11 1
4272 17 12 29
5489 17 12 36
2222 17 12 6
3465 17 12 18
3550 17 12 53
5200 17 12 71
1548 17 12 92
4640 17 12 49
3860 17 12 79
4668 17 13 81
3660 17 13 90
205 17 13 5
2632 17 13 16
2281 17 13 30
435 17 13 58
3498 17 13 75
5696 17 14 48
1297 17 14 74
2580 17 14 34
705 17 14 53
5484 17 14 57
3597 17 14 5
1705 17 14 17
1626 17 15 61
5207 17 15 36
73 17 15 77
2425 17 15 30
1130 17 15 25
5412 17 15 18
1473 17 15 14
401 17 15 83
2660 17 15 6
3087 17 15 52
2768 17 16 49
3077 17 16 37
3343 17 16 13
2165 17 16 6
4707 17 16 69
1683 17 16 79
4776 17 16 32
1895 17 16 86
1578 17 17 31
3620 17 17 56
2841 17 17 19
5594 17 17 48
4203 17 17 79
1562 17 17 91
2786 17 17 6
394 17 17 52
2496 17 17 85
1650 17 17 14
1148 17 18 88
3344 17 18 63
1158 17 18 36
2131 17 18 17
5615 17 18 43
600 17 18 60
4592 17 18 6
4983 17 19 13
4421 17 19 50
1635 17 19 91
5394 17 19 31
757 17 19 46
3810 17 19 6
4092 17 19 56
2878 17 19 19
2191 17 19 77
4810 17 19 81
5511 18 0 76
3953 18 0 83
5243 18 0 44
425 18 0 90
1190 18 0 21
1075 18 0 6
4028 18 0 67
389 18 0 36
2892 18 0 49
4683 18 0 57
1834 18 1 7
2736 18 1 35
474 18 1 56
1356 18 1 79
2122 18 1 42
1659 18 1 73
4039 18 1 85
159 18 1 27
3717 18 2 25
3336 18 2 6
4139 18 2 46
2148 18 2 70
3781 18 4 1
5645 18 4 76
2744 18 4 97
3474 18 4 37
1439 18 4 78
1637 18 4 14
3050 18 5 79
3605 18 5 40
2016 18 5 1
1040 18 5 17
1357 18 6 23
116 18 6 1
3239 18 6 55
5245 18 6 59
188 18 6 90
1261 18 7 1
4613 18 7 75
4825 18 7 29
545 18 7 44
2335 18 7 96
4898 18 8 31
5143 18 8 11
5095 18 8 1
2573 18 8 88
911 18 9 96
3730 18 9 18
4749 18 9 49
3650 18 9 1
4411 18 9 85
4902 18 9 90
5450 18 10 28
130 18 10 1
3162 18 10 91
2278 18 10 35
5713 18 10 64
220 18 11 70
736 18 11 1
809 18 11 96
2767 18 11 8
4167 18 12 79
2491 18 12 92
1375 18 12 53
4406 18 12 14
4085 18 12 18
3119 18 12 5
4462 18 12 36
3185 18 13 30
4658 18 13 16
4890 18 13 90
3131 18 13 58
2012 18 13 5
3788 18 13 75
2658 18 13 80
2537 18 14 75
314 18 14 34
4546 18 14 53
3076 18 14 5
179 18 14 13
4124 18 14 17
5689 18 14 57
1726 18 15 18
3858 18 15 14
4176 18 15 36
3844 18 15 30
630 18 15 77
2544 18 15 5
4840 18 15 53
4247 18 15 61
771 18 15 83
4792 18 16 13
5727 18 16 49
2715 18 16 86
4903 18 16 79
508 18 16 53
4972 18 16 32
1470 18 16 5
4784 18 16 37
3818 18 17 14
1853 18 17 52
5485 18 17 19
90 18 17 5
2500 18 17 85
2117 18 17 91
2351 18 17 31
2880 18 17 56
2963 18 18 17
3330 18 18 36
4116 18 18 43
3310 18 18 63
2006 18 18 91
4977 18 18 6
2971 18 19 19
3345 18 19 31
5542 18 19 56
1768 18 19 81
111 18 19 5
5244 18 19 13
4508 18 19 50
4188 19 4 78
542 19 4 14
3998 19 4 97
3841 19 4 1
5568 19 5 1
5175 19 5 99
3832 19 5 79
309 19 5 17
256 19 6 23
1408 19 6 1
3990 19 6 59
3914 19 7 44
3455 19 7 75
5168 19 7 1
5251 19 8 1
3275 19 8 88
4387 19 8 11
4004 19 9 1
4884 19 9 49
608 19 9 90
2933 19 10 1
1435 19 10 35
5314 19 10 91
5109 19 11 8
862 19 11 1
907 19 12 79
5350 19 12 36
4798 19 12 18
765 19 12 5
2734 19 12 53
968 19 13 57
1099 19 13 34
2490 19 13 80
5417 19 13 17
1863 19 13 5
2795 19 14 5
5495 19 14 17
4438 19 14 83
1249 19 14 34
2440 19 14 57
2959 19 15 61
4774 19 15 83
1531 19 15 5
434 19 15 36
5089 19 15 18
135 19 16 13
4574 19 16 5
3282 19 16 37
3508 19 16 53
4290 19 16 86
1076 19 17 18
936 19 17 31
1871 19 17 5
2373 19 17 56
4517 19 17 91
724 19 18 39
3367 19 18 5
2123 19 18 17
2426 19 18 43
2974 19 19 5
3633 19 19 18
3751 19 19 31
998 19 19 56
