2541
5841 0 0 1
1237 0 0 21
4430 0 0 94
4789 0 0 71
6152 0 1 1
4900 0 1 30
4171 0 1 47
2366 0 1 95
5917 0 2 1
5667 0 2 60
3294 0 2 95
211 0 2 20
4237 0 3 25
6018 0 3 67
5263 0 3 97
2584 0 3 1
3610 0 4 17
5874 0 4 1
2027 0 4 98
3794 0 4 56
2626 0 5 1
4629 0 5 98
4153 0 5 32
3604 0 5 63
3855 0 6 1
1633 0 6 27
4477 0 6 54
5832 0 7 80
6122 0 7 1
564 0 7 12
784 0 8 29
550 0 8 1
4313 0 8 81
1216 0 9 1
3041 0 9 71
4373 0 9 95
5226 0 10 96
3719 0 10 27
5440 0 10 1
4331 0 11 78
5699 0 11 45
460 0 11 11
3771 0 11 1
1945 0 12 12
3038 0 12 36
1507 0 12 1
915 0 12 79
2319 0 13 48
4826 0 13 1
5096 0 13 79
2107 0 13 6
6182 0 14 38
5375 0 14 15
786 0 14 80
253 0 14 1
3426 0 15 1
4552 0 15 34
3003 0 15 82
6032 0 15 12
3349 0 16 4
1946 0 16 56
5267 0 16 82
2459 0 16 1
4297 0 17 39
5358 0 17 83
5134 0 17 1
4719 0 17 12
1977 0 18 41
2967 0 18 85
297 0 18 1
4142 0 18 15
5198 0 19 14
2133 0 19 36
872 0 19 1
4283 0 19 86
2870 1 0 94
3699 1 0 21
5480 1 0 64
2843 1 0 71
751 1 0 1
4755 1 1 1
2220 1 1 30
6181 1 1 23
5733 1 1 47
6093 1 1 77
5694 1 2 92
4861 1 2 50
1037 1 2 1
2200 1 2 95
1987 1 2 60
3177 1 2 20
5673 1 3 53
1177 1 3 67
5828 1 3 93
5101 1 3 97
833 1 3 21
557 1 3 1
6193 1 3 25
5998 1 4 17
1774 1 4 1
3361 1 4 56
5722 1 4 93
5779 1 4 48
3378 1 5 19
199 1 5 57
5935 1 5 1
3111 1 5 32
519 1 5 63
6003 1 6 19
3254 1 6 27
5474 1 6 1
5833 1 6 92
3624 1 6 54
6162 1 6 51
5496 1 7 12
5257 1 7 1
2568 1 7 48
4636 1 7 80
46 1 8 81
1291 1 8 29
5607 1 8 19
437 1 8 97
6024 1 8 62
5162 1 8 1
5249 1 9 64
5731 1 9 91
3838 1 9 5
1500 1 9 71
2800 1 9 1
1269 1 9 95
2811 1 10 1
2031 1 10 72
5476 1 10 19
5184 1 10 96
2490 1 10 27
554 1 11 1
4194 1 11 11
2011 1 11 45
4873 1 11 39
77 1 11 78
6191 1 12 12
1429 1 12 1
44 1 12 36
6177 1 12 65
3709 1 12 32
1388 1 13 6
5604 1 13 46
30 1 13 48
4740 1 13 1
943 1 13 79
4929 1 13 72
1563 1 13 96
4308 1 14 72
6087 1 14 80
4868 1 14 32
816 1 14 1
5332 1 14 15
1448 1 14 96
842 1 14 38
4591 1 14 12
5468 1 15 34
5081 1 15 31
380 1 15 1
4160 1 15 12
3902 1 15 69
1338 1 16 4
5246 1 16 79
4288 1 16 56
5015 1 16 82
1437 1 16 96
4341 1 16 54
3479 1 17 39
6040 1 17 9
6042 1 17 67
5114 1 17 1
4666 1 17 12
2953 1 17 83
1117 1 18 15
6066 1 18 9
1683 1 18 72
367 1 18 85
4847 1 18 1
3861 1 18 41
5422 1 19 14
2292 1 19 36
4608 1 19 1
3014 1 19 9
5650 1 19 33
5831 1 19 78
395 1 19 86
5578 2 0 15
2995 2 0 21
2595 2 0 64
4174 2 0 1
635 2 0 71
772 2 0 94
6038 2 0 50
4299 2 1 1
5683 2 1 47
5684 2 1 23
1965 2 1 30
4715 2 1 77
4914 2 1 15
5813 2 2 89
2978 2 2 20
4839 2 2 50
3814 2 2 92
2082 2 2 60
144 2 2 95
6194 2 2 15
5826 2 2 45
5681 2 2 1
1478 2 3 93
5188 2 3 90
332 2 3 97
5912 2 3 67
6039 2 3 25
5361 2 3 51
5268 2 3 16
60 2 3 21
1970 2 3 1
4173 2 3 53
2115 2 4 56
371 2 4 17
4082 2 4 14
6008 2 4 88
4127 2 4 48
5989 2 4 1
3434 2 5 16
5794 2 5 57
3332 2 5 32
5674 2 5 63
5925 2 5 91
5981 2 5 50
6103 2 5 59
3387 2 5 1
2763 2 5 19
2415 2 6 83
5562 2 6 92
3482 2 6 48
1856 2 6 52
4036 2 6 1
5736 2 6 54
4573 2 6 16
2844 2 6 27
5139 2 7 1
5649 2 7 78
5367 2 7 12
5895 2 7 43
4075 2 7 80
6148 2 7 48
638 2 8 81
2167 2 8 1
5018 2 8 19
51 2 8 94
3962 2 8 78
5432 2 8 57
4979 2 8 62
351 2 8 29
1647 2 8 97
2917 2 9 44
1079 2 9 95
1400 2 9 71
4940 2 9 91
4293 2 9 64
707 2 9 88
4227 2 9 5
834 2 9 1
2791 2 10 96
3946 2 10 19
383 2 10 27
2289 2 10 1
3909 2 10 91
680 2 10 53
3975 2 10 72
2600 2 11 11
4251 2 11 1
601 2 11 93
4908 2 11 6
1892 2 11 39
4186 2 11 34
2768 2 11 78
5427 2 11 74
1890 2 11 45
5738 2 12 12
256 2 12 1
1703 2 12 7
3406 2 12 28
6137 2 12 58
2585 2 12 32
2618 2 12 92
5754 2 12 36
1783 2 12 65
5382 2 13 93
4558 2 13 72
5808 2 13 79
5613 2 13 48
2501 2 13 96
4665 2 13 6
4565 2 13 1
5708 2 13 38
2826 2 13 69
5061 2 14 15
4400 2 14 32
4777 2 14 80
2499 2 14 7
1526 2 14 1
3006 2 14 63
956 2 14 12
1242 2 14 93
3405 2 14 38
2386 2 15 34
6190 2 15 60
4141 2 15 93
810 2 15 69
2303 2 15 31
4307 2 15 1
1619 2 15 7
2642 2 16 4
5988 2 16 46
1569 2 16 79
5085 2 16 56
1480 2 16 76
4023 2 16 82
6 2 16 96
5151 2 17 67
4481 2 17 32
4973 2 17 93
5359 2 17 7
5747 2 17 1
5439 2 17 12
1849 2 17 39
5491 2 17 83
4628 2 18 37
5325 2 18 72
1638 2 18 8
4711 2 18 1
4014 2 18 81
4605 2 18 85
3559 2 18 41
5289 2 18 93
3537 2 18 69
2637 2 18 15
4412 2 19 14
5137 2 19 86
5466 2 19 93
6057 2 19 70
4800 2 19 33
626 2 19 9
2725 2 19 1
2186 2 19 36
5563 2 19 78
3206 2 19 30
3132 3 0 21
5723 3 0 86
1867 3 0 1
6140 3 0 13
5077 3 0 47
16 3 0 94
1182 3 0 64
2866 3 0 51
4614 3 0 71
6059 3 1 30
1358 3 1 64
2625 3 1 23
5086 3 1 15
5201 3 1 71
4812 3 1 51
5057 3 1 77
1060 3 1 1
3228 3 1 67
3970 3 1 60
4845 3 1 94
5515 3 1 86
4335 3 1 13
5365 3 2 30
2623 3 2 89
3321 3 2 15
3104 3 2 77
3073 3 2 51
2255 3 2 23
4851 3 2 1
901 3 2 64
2079 3 2 67
3654 3 2 60
4420 3 2 71
4273 3 2 86
3529 3 2 10
5712 3 2 95
1284 3 3 67
1825 3 3 10
2535 3 3 25
5045 3 3 30
6054 3 3 55
2636 3 3 60
4426 3 3 82
3518 3 3 1
6077 3 3 16
1422 3 3 71
4830 3 3 77
1499 3 4 17
4236 3 4 77
3465 3 4 56
2821 3 4 83
1266 3 4 25
1869 3 4 58
2039 3 4 60
4732 3 4 67
934 3 4 71
4748 3 4 30
3033 3 4 1
2873 3 5 1
2789 3 5 75
6050 3 5 71
589 3 5 25
3046 3 5 77
5262 3 5 32
2095 3 5 60
5212 3 5 67
2219 3 6 77
2261 3 6 71
5934 3 6 27
3545 3 6 25
1911 3 6 1
1797 3 6 67
3875 3 6 60
5280 3 6 32
5704 3 6 40
4196 3 7 32
1007 3 7 1
3481 3 7 77
126 3 7 80
2712 3 7 60
5390 3 7 40
2977 3 7 72
5020 3 7 28
3698 3 8 32
6109 3 8 1
2692 3 8 8
944 3 8 72
4064 3 8 78
1223 3 9 5
4879 3 9 31
1043 3 9 88
4881 3 9 2
5623 3 9 71
5890 3 9 44
4032 3 9 65
4875 3 9 85
2831 3 9 59
2301 3 9 96
4052 3 10 15
268 3 10 72
1871 3 10 1
4067 3 10 69
3068 3 10 19
5947 3 10 47
2904 3 10 91
2223 3 10 96
3982 3 10 53
5885 3 10 27
5867 3 11 6
2845 3 11 45
3885 3 11 74
5598 3 11 11
3789 3 11 1
1960 3 11 30
1532 3 11 39
1057 3 11 34
6002 3 11 69
2594 3 11 78
5526 3 11 93
1109 3 12 7
3788 3 12 12
4399 3 12 88
911 3 12 92
5098 3 12 58
6150 3 12 2
2431 3 12 32
2695 3 12 65
1473 3 12 28
2144 3 12 36
1939 3 13 48
1471 3 13 6
3694 3 13 79
5174 3 13 34
3721 3 13 72
2236 3 13 93
2369 3 13 96
3462 3 13 1
2333 3 13 69
4531 3 14 38
3469 3 14 58
5909 3 14 80
105 3 14 15
5150 3 14 63
4119 3 14 32
3203 3 14 77
3320 3 14 1
6080 3 14 91
4967 3 14 6
5670 3 15 89
1957 3 15 66
183 3 15 34
3672 3 15 7
252 3 15 29
320 3 15 69
4534 3 15 2
5477 3 15 60
1733 3 16 43
5595 3 16 46
2356 3 16 56
3039 3 16 4
2432 3 16 82
1843 3 16 96
2976 3 17 9
2305 3 17 12
3890 3 17 2
4465 3 17 27
4374 3 17 32
4909 3 17 61
4361 3 17 67
143 3 17 39
4587 3 17 91
3748 3 17 83
4579 3 18 72
4457 3 18 15
5104 3 18 85
887 3 18 8
4521 3 18 1
1169 3 18 66
3244 3 18 81
5518 3 18 31
3950 3 18 37
2905 3 18 91
6141 3 18 41
1917 3 19 30
5879 3 19 2
1614 3 19 11
2552 3 19 28
4321 3 19 9
6053 3 19 70
4170 3 19 33
5566 3 19 64
3802 3 19 78
4836 3 19 93
4498 3 19 86
5726 3 19 14
5509 3 19 36
2206 4 0 51
5341 4 0 13
3806 4 0 1
4931 4 0 86
514 4 1 87
3521 4 1 1
4637 4 1 15
329 4 1 44
552 4 2 45
1220 4 2 14
3941 4 2 87
3825 4 2 1
2896 4 3 13
6129 4 3 55
4624 4 3 1
4780 4 3 87
2942 4 4 11
5069 4 4 1
4210 4 4 58
5781 4 4 87
4135 4 5 1
4537 4 5 14
5199 4 5 88
5229 4 5 46
6068 4 6 14
1918 4 6 40
4671 4 6 1
2889 4 6 90
2379 4 7 6
5032 4 7 1
4332 4 7 92
5657 4 7 53
972 4 8 8
3035 4 8 32
1148 4 8 1
5888 4 8 6
624 4 9 5
2257 4 9 2
4242 4 9 61
4897 4 9 89
4707 4 10 72
636 4 10 8
2983 4 10 1
3893 4 10 15
625 4 10 91
463 4 10 86
1550 4 10 53
5508 4 10 47
2387 4 10 27
1801 4 10 19
761 4 11 34
1515 4 11 39
5192 4 11 69
3844 4 11 45
2980 4 11 1
2444 4 11 78
4734 4 11 94
3594 4 11 74
3520 4 11 11
2641 4 11 6
3667 4 11 63
451 4 11 30
5103 4 12 28
5787 4 12 54
264 4 12 65
4402 4 12 85
1453 4 12 2
5554 4 12 36
2767 4 12 9
5026 4 12 32
3696 4 12 12
3952 4 12 58
5970 4 12 92
1942 4 13 48
4370 4 13 8
5092 4 13 34
1561 4 13 72
4259 4 13 1
3834 4 13 64
2569 4 13 79
3602 4 14 38
4513 4 14 80
3063 4 14 1
1750 4 14 91
5735 4 14 30
5661 4 14 15
4865 4 14 6
3083 4 14 58
5007 4 14 63
767 4 15 50
2882 4 15 72
5048 4 15 15
416 4 15 56
2298 4 15 5
3522 4 15 46
2203 4 16 24
2523 4 16 86
54 4 16 50
5179 4 16 4
4581 4 16 56
1552 4 16 43
5173 4 16 15
3579 4 16 46
2925 4 16 72
3678 4 17 2
3872 4 17 15
3169 4 17 86
2287 4 17 93
5370 4 17 72
5132 4 17 59
5567 4 17 41
703 4 18 66
2899 4 18 81
2994 4 18 93
963 4 18 38
1379 4 18 9
1823 4 18 2
3718 4 18 78
1721 4 18 59
3508 4 18 15
5956 4 18 41
1520 4 18 33
5847 4 18 72
1068 4 18 86
4501 4 19 2
5237 4 19 14
2253 4 19 9
2701 4 19 78
3261 4 19 86
1686 4 19 33
4219 4 19 64
4724 4 19 93
3713 4 19 36
5574 5 0 91
3628 5 0 18
2970 5 0 63
2461 5 0 2
2362 5 1 63
3956 5 1 87
3955 5 1 91
3093 5 1 15
6026 5 1 2
5393 5 1 18
738 5 1 58
5389 5 2 44
5686 5 2 2
1943 5 2 63
1770 5 2 91
3505 5 2 87
6155 5 2 18
5942 5 2 59
6096 5 2 83
5324 5 3 18
2495 5 3 44
5003 5 3 2
1531 5 3 91
5823 5 3 83
2462 5 3 87
5705 5 3 63
5044 5 3 78
2921 5 3 59
4200 5 4 18
2024 5 4 44
5931 5 4 63
3551 5 4 74
417 5 4 59
2920 5 4 78
5335 5 4 83
1376 5 4 87
1505 5 4 91
4326 5 4 2
800 5 5 91
1041 5 5 74
3586 5 5 83
5245 5 5 87
194 5 5 56
1167 5 5 59
1126 5 5 30
4512 5 5 44
2357 5 5 78
3491 5 5 2
5211 5 5 63
4615 5 5 15
162 5 6 59
3497 5 6 15
4487 5 6 95
2837 5 6 2
4092 5 6 44
2777 5 6 63
1954 5 6 74
3568 5 6 83
4809 5 6 91
190 5 6 78
6052 5 6 30
5907 5 6 42
133 5 7 59
1884 5 7 63
1084 5 7 2
2202 5 7 80
746 5 7 74
3777 5 7 44
780 5 7 91
3543 5 7 95
2858 5 7 15
5105 5 7 30
2716 5 7 83
5131 5 8 2
2469 5 8 32
927 5 9 2
1514 5 9 32
850 5 10 32
511 5 10 2
1650 5 11 6
670 5 11 34
3878 5 12 36
6187 5 13 84
4191 5 13 58
4895 5 13 29
464 5 13 64
5109 5 13 48
137 5 13 2
4678 5 13 34
5695 5 13 72
1894 5 14 58
3640 5 14 28
997 5 14 2
4329 5 14 85
151 5 14 6
2963 5 15 15
317 5 15 50
2731 5 15 72
4050 5 16 89
6007 5 16 53
3087 5 16 28
3620 5 16 2
3671 5 17 59
5816 5 17 2
176 5 17 17
5122 5 17 89
4747 5 18 2
4290 5 18 24
5333 5 18 89
4280 5 18 59
4600 5 19 24
221 5 19 61
5676 5 19 2
3100 5 19 90
4533 6 0 92
4453 6 0 57
5471 6 0 2
2681 6 0 16
4095 6 1 2
5710 6 1 92
1742 6 1 28
699 6 1 64
5336 6 2 49
4462 6 2 94
5213 6 2 2
3810 6 2 29
831 6 3 76
5326 6 3 32
2196 6 3 64
110 6 3 2
1166 6 4 18
726 6 4 66
94 6 4 88
4258 6 4 2
3679 6 5 72
1457 6 5 88
4238 6 5 2
3492 6 5 26
817 6 6 89
1558 6 6 34
1928 6 6 71
4357 6 6 2
3257 6 7 6
6147 6 7 67
1337 6 7 89
12 6 7 1
3274 6 7 32
3267 6 8 6
4309 6 8 75
5495 6 8 26
946 6 8 1
1625 6 8 89
2165 6 9 8
2620 6 9 89
4019 6 9 43
999 6 9 1
5627 6 9 75
893 6 10 6
2684 6 10 89
1036 6 10 1
4953 6 10 79
4423 6 10 34
4937 6 11 84
6082 6 11 8
3964 6 11 89
1908 6 11 18
2457 6 11 1
4446 6 16 28
5819 6 16 2
3062 6 16 25
6075 6 16 49
335 6 16 53
4375 6 16 86
101 6 17 17
6131 6 17 84
3830 6 17 2
5914 6 17 59
3918 6 18 89
1219 6 18 46
4129 6 18 23
3977 6 18 2
4276 6 18 84
5197 6 19 2
3156 6 19 24
2766 6 19 90
5869 6 19 22
6192 6 19 53
5176 6 19 61
5983 6 19 85
4044 7 0 16
3871 7 0 85
5416 7 0 4
2055 7 0 42
4601 7 0 57
4235 7 0 92
3485 7 1 4
962 7 1 68
1348 7 1 74
5784 7 1 52
266 7 1 64
1895 7 1 28
1671 7 1 24
2998 7 2 25
4222 7 2 4
2127 7 2 49
6170 7 2 43
5883 7 2 75
3446 7 2 29
5417 7 3 76
5965 7 3 32
5438 7 3 26
6151 7 3 49
4807 7 3 4
1706 7 3 64
5088 7 4 88
2251 7 4 62
3754 7 4 37
6130 7 4 84
4519 7 4 66
5420 7 4 4
3722 7 4 18
5584 7 5 90
5647 7 5 21
862 7 5 26
4343 7 5 59
4829 7 5 10
6022 7 5 72
3498 7 5 3
282 7 6 3
1202 7 6 85
6056 7 6 28
4478 7 6 59
3460 7 6 34
3723 7 6 71
587 7 6 15
5967 7 7 26
2541 7 7 85
2848 7 7 32
3071 7 7 56
3159 7 7 79
5721 7 7 67
2946 7 7 3
5040 7 7 15
1365 7 8 10
3763 7 8 3
5873 7 8 75
5034 7 8 31
5369 7 8 61
867 7 13 81
1434 7 13 50
4768 7 13 3
5827 7 13 10
2836 7 13 31
3205 7 13 19
5202 7 13 71
6195 7 14 10
2545 7 14 83
4504 7 14 3
1547 7 14 31
5431 7 14 72
5141 7 16 80
1697 7 16 95
6099 7 16 53
4966 7 16 26
3519 7 16 49
4033 7 16 2
5177 7 16 86
4270 7 16 28
4214 7 17 47
2143 7 17 84
337 7 17 17
1664 7 17 59
799 7 17 2
4562 7 18 46
4648 7 18 89
4234 7 18 17
4524 7 18 23
2316 7 18 41
2228 7 18 2
2164 7 18 95
4942 7 18 77
5897 7 19 53
2559 7 19 22
778 7 19 90
120 7 19 61
243 7 19 85
448 7 19 24
3618 7 19 2
1209 7 19 81
1830 8 0 22
1752 8 0 73
2754 8 0 78
4683 8 0 4
3102 8 0 85
254 8 0 17
4603 8 0 57
4029 8 0 92
779 8 0 52
5421 8 1 28
4590 8 1 35
3960 8 1 78
1260 8 1 4
2657 8 1 85
1518 8 1 54
4435 8 1 18
650 8 2 18
2139 8 2 85
558 8 2 4
3175 8 2 35
4802 8 3 86
2443 8 3 35
2957 8 3 4
2075 8 4 4
2405 8 5 4
5058 8 5 26
3110 8 5 90
4718 8 5 10
2182 8 5 21
3308 8 5 44
2828 8 5 72
4155 8 6 59
5310 8 6 71
4486 8 6 23
5758 8 6 28
5185 8 6 54
2933 8 6 90
4968 8 6 34
1155 8 6 4
1771 8 7 56
5036 8 7 15
2655 8 7 67
415 8 7 32
4654 8 7 85
6065 8 7 4
5876 8 7 50
4517 8 7 26
5605 8 7 79
2760 8 8 56
2051 8 8 20
2530 8 8 4
3686 8 8 44
5792 8 10 2
4197 8 10 50
3732 8 10 83
5868 8 10 19
932 8 11 82
1416 8 11 51
3074 8 11 2
5339 8 11 19
697 8 12 2
5426 8 12 50
5652 8 12 81
136 8 12 19
409 8 13 3
2646 8 13 13
5621 8 13 19
5178 8 13 31
2759 8 13 50
4024 8 13 81
1201 8 14 60
1275 8 14 13
3621 8 14 86
2989 8 14 3
2218 8 14 35
313 8 16 2
1113 8 16 49
1583 8 16 95
3934 8 16 26
3994 8 16 86
5125 8 16 75
159 8 16 53
227 8 16 28
4870 8 16 80
2394 8 17 84
1682 8 17 59
1545 8 17 21
3822 8 17 94
3785 8 17 2
3651 8 17 47
3958 8 17 81
1639 8 18 14
1788 8 18 95
4469 8 18 89
2250 8 18 46
1560 8 18 23
4810 8 18 2
2876 8 18 17
4535 8 18 77
1344 8 18 41
5854 8 19 45
3746 8 19 77
420 8 19 90
166 8 19 85
4567 8 19 24
4805 8 19 53
3402 8 19 61
2064 8 19 2
3818 9 0 4
3939 9 0 22
2025 9 0 73
276 9 0 41
3216 9 0 17
43 9 0 68
6127 9 0 78
4692 9 0 51
3150 9 0 85
5658 9 0 91
2923 9 1 21
3057 9 1 26
5773 9 1 84
1826 9 1 58
132 9 1 54
3787 9 1 90
2211 9 1 4
5284 9 1 35
3256 9 1 65
2574 9 1 49
5516 9 2 30
4814 9 2 52
4598 9 2 67
1598 9 2 72
5344 9 2 82
6107 9 2 17
5107 9 2 40
3917 9 2 46
4209 9 2 90
4985 9 2 4
81 9 2 22
2088 9 3 19
2691 9 3 80
4645 9 3 4
4494 9 3 40
3120 9 3 45
3985 9 3 70
79 9 3 76
4766 9 3 90
3589 9 3 13
6015 9 4 5
86 9 5 4
5910 9 5 59
5575 9 5 73
326 9 5 10
4114 9 5 24
2380 9 6 34
5379 9 6 4
4053 9 6 59
3335 9 6 18
4241 9 6 23
2631 9 6 71
5487 9 6 28
2842 9 6 90
4229 9 6 54
5294 9 7 79
4389 9 7 4
4476 9 7 85
4862 9 7 15
4936 9 7 45
2522 9 7 67
4416 9 7 26
5891 9 7 50
6085 9 7 32
3533 9 8 4
1621 9 8 56
3998 9 8 17
3863 9 8 43
3919 9 10 44
4874 9 10 77
5583 9 10 10
5762 9 10 50
135 9 10 83
5780 9 10 2
6144 9 11 74
1659 9 11 16
2094 9 11 94
3527 9 11 51
6046 9 11 82
1423 9 11 2
4553 9 12 35
4508 9 12 16
1576 9 12 2
3563 9 12 75
2818 9 13 31
3884 9 13 2
5170 9 13 76
595 9 13 16
5165 9 14 2
4232 9 14 44
5272 9 14 80
235 9 14 16
2901 9 16 4
4479 9 17 4
4675 9 18 61
1013 9 18 4
3664 9 19 56
4901 9 19 12
1495 9 19 4
128 9 19 92
1667 9 19 29
714 9 19 36
574 9 19 69
5809 9 19 61
5377 10 0 51
582 10 0 22
523 10 0 67
3996 10 0 73
1889 10 0 4
1741 10 0 78
1200 10 0 91
3868 10 1 26
5558 10 1 65
3011 10 1 4
5870 10 1 35
596 10 1 54
2762 10 1 84
3118 10 1 58
5052 10 1 21
588 10 2 52
2911 10 2 72
1799 10 2 82
489 10 2 22
5340 10 2 30
5671 10 2 46
390 10 2 4
2328 10 3 13
5183 10 3 40
5317 10 3 4
5290 10 3 70
4083 10 3 19
6168 10 3 45
5205 10 3 80
5117 10 3 90
938 10 3 76
5486 10 4 5
3488 10 5 53
5216 10 5 5
4635 10 5 10
5446 10 5 23
1587 10 5 73
70 10 6 71
2560 10 6 23
5409 10 6 28
947 10 6 90
202 10 6 34
2416 10 6 54
4352 10 6 4
2827 10 6 18
4279 10 7 15
2297 10 7 50
2450 10 7 26
2278 10 7 67
4051 10 7 4
753 10 7 79
4560 10 7 85
4224 10 7 89
2815 10 7 45
4843 10 7 32
618 10 8 90
526 10 8 4
3291 10 8 16
4443 10 8 67
4461 10 8 42
4109 10 10 10
3927 10 10 83
3766 10 10 44
3326 10 10 32
4163 10 10 4
91 10 10 50
5330 10 10 39
5838 10 10 64
4580 10 11 57
3081 10 11 44
2407 10 11 4
4702 10 11 83
2408 10 11 32
1701 10 11 67
3523 10 11 41
1355 10 11 51
1907 10 11 10
4545 10 12 68
2128 10 12 4
1351 10 12 41
198 10 12 36
4351 10 12 57
3001 10 12 10
2151 10 12 25
4547 10 12 83
2830 10 12 44
1165 10 12 51
5499 10 13 10
3331 10 13 57
4984 10 13 83
3461 10 13 52
2150 10 13 44
1381 10 13 4
58 10 13 25
5624 10 13 17
3293 10 13 89
4788 10 14 83
1744 10 14 57
6076 10 14 26
2753 10 14 52
1696 10 14 89
4749 10 14 10
2080 10 14 44
4157 10 14 17
2835 10 16 43
1591 10 16 72
5264 10 16 86
4286 10 16 15
3412 10 16 3
1218 10 17 56
3350 10 17 47
4382 10 17 14
5581 10 17 63
2149 10 17 76
4981 10 17 3
1045 10 17 72
2198 10 17 28
1527 10 17 43
4951 10 17 80
5902 10 17 10
796 10 18 22
5610 10 18 35
5253 10 18 86
3351 10 18 3
5457 10 18 73
4996 10 18 60
2074 10 19 4
2019 10 19 29
1193 10 19 36
1870 10 19 12
2687 10 19 26
5309 10 19 67
879 10 19 92
4779 10 19 60
1596 10 19 20
3065 11 0 4
568 11 0 46
5027 11 0 73
2246 11 0 78
1677 11 0 91
2556 11 0 51
2178 11 0 22
3587 11 1 58
5951 11 1 65
4646 11 1 26
5482 11 1 84
4190 11 1 91
323 11 1 4
3582 11 1 35
1990 11 2 30
484 11 2 4
891 11 2 52
5403 11 2 72
4084 11 2 82
522 11 3 19
1329 11 3 76
1687 11 3 80
5806 11 3 4
3142 11 3 45
4738 11 4 5
6111 11 5 10
1196 11 5 28
107 11 5 90
2065 11 5 5
1417 11 5 52
5936 11 5 83
4667 11 6 28
2007 11 6 54
2454 11 6 89
653 11 6 71
2599 11 6 34
2504 11 6 49
3061 11 6 4
4765 11 6 18
3548 11 7 89
4243 11 7 85
2685 11 7 32
2147 11 7 45
347 11 7 26
239 11 7 79
3776 11 7 15
2930 11 7 50
3848 11 7 4
4934 11 8 36
4096 11 8 4
3920 11 8 67
233 11 8 90
275 11 8 18
404 11 10 89
4883 11 10 39
3231 11 10 8
1777 11 10 64
4733 11 10 3
579 11 11 3
3450 11 11 67
5145 11 11 41
2982 11 11 17
512 11 11 89
826 11 12 3
3288 11 12 17
4454 11 12 36
3271 11 12 68
1245 11 12 89
4916 11 13 3
3056 11 13 89
3622 11 13 43
5035 11 13 17
1002 11 13 71
4274 11 14 27
5707 11 14 82
4831 11 14 3
1195 11 14 90
106 11 14 42
6035 11 16 18
6108 11 16 13
863 11 16 91
4784 11 16 3
1846 11 16 41
1210 11 16 70
5797 11 17 80
4240 11 17 14
5240 11 17 32
3379 11 17 16
1420 11 17 56
4310 11 17 63
4383 11 17 47
3984 11 17 76
439 11 17 3
2744 11 17 43
4260 11 18 3
2806 11 18 16
5818 11 18 62
3333 11 18 73
1078 11 18 91
4993 11 18 35
2381 11 18 22
4346 11 19 36
974 11 19 92
2898 11 19 12
3707 11 19 4
2296 11 19 20
571 11 19 26
349 11 19 41
5602 11 19 60
5615 11 19 67
343 11 19 77
2803 12 0 51
334 12 0 78
5071 12 0 4
6154 12 1 35
2427 12 1 4
1330 12 1 65
5635 12 1 91
4529 12 2 30
4406 12 2 82
2737 12 2 52
5398 12 2 4
2871 12 3 52
1999 12 3 30
593 12 3 4
4091 12 3 80
4137 12 4 5
1812 12 5 5
1451 12 6 5
5576 12 7 50
1516 12 7 45
2229 12 7 32
3617 12 7 15
2670 12 7 4
5227 12 7 70
3310 12 7 85
103 12 7 26
69 12 7 89
3133 12 8 31
2611 12 8 61
3121 12 8 87
1969 12 8 4
794 12 8 18
4538 12 10 49
4492 12 10 19
4584 12 10 80
2148 12 10 3
5764 12 10 86
1623 12 10 29
5445 12 11 50
5479 12 11 86
3935 12 11 80
2237 12 11 72
4421 12 11 44
2728 12 11 19
539 12 11 3
3060 12 11 29
3641 12 12 14
2969 12 13 14
2132 12 14 14
146 12 15 14
102 12 16 18
2284 12 16 51
819 12 16 39
1727 12 16 62
1916 12 16 3
3819 12 16 14
3556 12 16 26
4616 12 16 79
5786 12 16 43
5557 12 16 85
4523 12 17 75
1011 12 17 32
1025 12 17 80
5156 12 17 16
4705 12 17 47
5100 12 17 56
5973 12 17 67
2979 12 17 63
734 12 17 3
3858 12 18 36
5503 12 18 3
4541 12 18 63
661 12 18 30
1862 12 18 91
4340 12 18 73
2664 12 18 22
2551 12 18 15
2700 12 19 60
4298 12 19 26
4125 12 19 4
2005 12 19 77
4650 12 19 69
5091 12 19 20
4451 12 19 36
1249 12 19 56
4300 12 19 92
1461 12 19 41
5094 12 19 12
4345 13 0 75
781 13 0 86
500 13 0 23
5711 13 0 4
4856 13 0 14
2314 13 0 55
177 13 1 4
4668 13 1 86
5436 13 1 29
3122 13 1 54
2134 13 1 15
3487 13 1 76
1391 13 2 29
5599 13 2 15
4828 13 2 76
1653 13 2 4
5270 13 2 86
1469 13 2 56
4920 13 3 81
2606 13 3 36
5298 13 3 86
1513 13 3 4
1778 13 3 9
3852 13 3 63
4952 13 4 62
504 13 4 82
5193 13 4 9
1093 13 4 87
2212 13 4 4
5884 13 4 38
2044 13 5 57
4172 13 5 39
290 13 5 4
5734 13 5 86
55 13 5 18
5768 13 6 5
793 13 6 79
4620 13 10 49
745 13 10 3
6036 13 10 86
3124 13 10 29
134 13 11 19
3137 13 11 3
1700 13 11 50
1318 13 12 47
2207 13 12 14
175 13 12 80
405 13 12 42
5844 13 13 63
4774 13 13 3
5641 13 13 33
652 13 13 82
5485 13 13 44
1649 13 13 71
5376 13 14 46
1498 13 14 51
1322 13 14 9
1197 13 14 36
2414 13 14 89
3514 13 14 4
6037 13 14 13
2102 13 14 24
5547 13 14 57
2337 13 14 74
646 13 15 93
4808 13 15 27
2944 13 15 54
5963 13 15 23
5345 13 15 45
4042 13 15 33
4820 13 15 84
4700 13 15 11
4253 13 15 72
5737 13 15 4
5223 13 16 43
4998 13 16 79
2448 13 16 62
5720 13 16 26
1980 13 16 3
4798 13 16 92
5244 13 16 14
3755 13 16 39
2605 13 16 51
4452 13 16 85
839 13 16 18
2037 13 17 80
4859 13 17 63
1914 13 17 32
6070 13 17 47
855 13 17 20
980 13 17 56
487 13 17 67
3162 13 17 3
2063 13 17 16
4791 13 17 76
6047 13 18 84
4703 13 18 30
5419 13 18 3
6023 13 18 73
1300 13 18 93
2799 13 18 22
5900 13 18 36
1035 13 18 49
3933 13 18 66
2696 13 19 26
5928 13 19 20
1509 13 19 68
4301 13 19 56
3311 13 19 60
812 13 19 77
868 13 19 3
5489 13 19 12
3164 13 19 41
230 13 19 92
4987 14 0 48
5585 14 0 70
5560 14 0 4
4764 14 0 14
5241 14 0 23
88 14 0 55
4077 14 0 75
5144 14 1 4
319 14 1 26
5074 14 1 54
3345 14 1 14
5977 14 1 78
2036 14 1 49
3486 14 2 29
1083 14 2 15
5606 14 2 71
5011 14 2 4
2743 14 2 76
4852 14 2 56
4974 14 2 11
1101 14 2 48
1729 14 3 36
6171 14 3 54
26 14 3 63
5984 14 3 86
225 14 3 4
212 14 3 29
5070 14 3 12
4140 14 3 81
4659 14 4 35
1767 14 4 9
2748 14 4 62
5203 14 4 87
5230 14 4 5
1881 14 4 57
3974 14 4 38
824 14 5 25
6183 14 5 14
1887 14 5 4
5147 14 5 52
5927 14 5 88
4184 14 6 4
2322 14 6 11
4143 14 6 30
6084 14 6 50
1152 14 6 78
3828 14 8 3
4833 14 8 23
2588 14 8 28
5311 14 8 47
3558 14 8 73
3076 14 8 80
928 14 8 61
1171 14 8 65
3251 14 8 89
5483 14 8 54
6110 14 8 33
5746 14 8 7
3798 14 9 47
5286 14 9 40
4704 14 9 23
5460 14 9 74
5191 14 9 55
1936 14 9 80
4058 14 9 90
3113 14 9 3
5889 14 9 68
1120 14 9 8
3916 14 10 55
5775 14 10 8
5039 14 10 74
1280 14 10 90
3503 14 10 80
1489 14 10 42
2867 14 10 68
1145 14 10 3
3235 14 10 47
4838 14 10 14
2129 14 11 9
1006 14 11 47
1466 14 11 42
2579 14 11 68
4103 14 11 14
3780 14 11 74
2041 14 11 80
5709 14 11 92
3166 14 12 14
4493 14 12 47
1962 14 12 94
1455 14 12 42
2093 14 12 69
1440 14 12 80
191 14 13 65
6175 14 13 82
4038 14 13 38
205 14 13 34
3258 14 13 71
5349 14 13 44
5672 14 13 21
4978 14 13 10
576 14 13 7
4112 14 13 26
1698 14 13 29
2209 14 14 31
1512 14 14 51
1397 14 14 36
5724 14 14 46
6159 14 14 13
2338 14 14 24
6058 14 14 62
3750 14 14 89
3888 14 14 74
3751 14 14 57
2880 14 14 3
1831 14 14 9
814 14 15 72
2949 14 15 33
440 14 15 3
4887 14 15 11
6073 14 15 23
3661 14 15 77
712 14 15 89
5395 14 15 49
2913 14 15 29
3477 14 15 54
3695 14 15 93
5521 14 16 43
442 14 16 58
2878 14 16 62
1780 14 16 18
4821 14 16 85
5030 14 16 79
3705 14 16 26
3536 14 16 51
2109 14 16 3
3930 14 16 92
4685 14 17 3
2412 14 17 35
2188 14 17 56
4005 14 17 20
2376 14 17 16
5433 14 17 76
3786 14 17 91
4687 14 17 67
3756 14 17 52
4202 14 17 80
5352 14 17 63
1298 14 18 93
5033 14 18 30
4769 14 18 36
3277 14 18 49
3342 14 18 24
5744 14 18 3
1680 14 18 19
5579 14 18 66
4957 14 18 41
5374 14 18 21
3865 14 18 73
1273 14 19 12
5110 14 19 26
1835 14 19 3
3990 14 19 60
2214 14 19 68
59 14 19 77
3991 14 19 41
406 14 19 92
2114 14 19 48
4548 14 19 56
4422 15 0 14
5871 15 0 65
4035 15 0 48
2531 15 0 75
5519 15 0 70
5962 15 0 55
3730 15 0 5
3839 15 0 23
4266 15 1 54
1934 15 1 11
1073 15 1 78
3636 15 1 4
6055 15 1 42
705 15 1 49
1496 15 1 73
4146 15 1 26
4640 15 2 11
764 15 2 15
3967 15 2 4
5042 15 2 71
5021 15 2 49
3566 15 2 56
2936 15 2 76
4078 15 2 91
1415 15 2 29
835 15 3 49
4121 15 3 54
5656 15 3 91
4528 15 3 36
5805 15 3 63
4977 15 3 81
3036 15 3 75
903 15 3 12
2875 15 3 28
5297 15 3 5
3055 15 4 38
3155 15 4 5
4099 15 4 87
3337 15 4 35
4543 15 4 62
24 15 4 57
920 15 4 9
5702 15 4 29
5360 15 4 76
5856 15 5 44
3711 15 5 25
3289 15 5 83
1324 15 5 52
4177 15 5 5
4289 15 5 14
5640 15 5 88
2992 15 6 77
1517 15 6 14
5815 15 6 28
613 15 6 4
4090 15 6 47
3427 15 8 7
4688 15 8 37
1012 15 8 33
4677 15 8 73
5865 15 8 54
4933 15 8 89
3407 15 8 65
3846 15 8 3
5449 15 8 61
3245 15 8 80
3140 15 8 28
5668 15 9 30
1192 15 9 64
5258 15 9 3
5799 15 9 40
5750 15 9 21
1832 15 9 26
3072 15 9 37
4104 15 9 8
5665 15 9 55
795 15 9 58
4938 15 9 68
6078 15 9 90
964 15 10 62
5616 15 10 87
4786 15 10 26
2245 15 10 3
2781 15 10 42
2391 15 10 46
524 15 10 73
5410 15 10 29
2810 15 10 67
3584 15 10 14
5559 15 11 12
4596 15 11 68
5097 15 11 24
3436 15 11 74
4913 15 11 40
5836 15 11 92
2342 15 11 64
922 15 11 30
4757 15 11 57
2509 15 11 3
4803 15 11 84
301 15 12 90
4187 15 12 94
2413 15 12 28
6102 15 12 3
5603 15 12 42
3495 15 12 31
2458 15 12 63
188 15 12 36
2628 15 12 13
4989 15 12 69
1794 15 12 79
5504 15 12 86
2508 15 13 60
3259 15 13 4
3925 15 13 34
5078 15 13 38
5824 15 13 44
3400 15 13 29
811 15 13 82
5751 15 13 87
3749 15 13 71
1712 15 13 7
2862 15 13 10
548 15 13 65
5688 15 13 26
5140 15 14 57
4906 15 14 74
2047 15 14 9
2591 15 14 28
3017 15 14 36
4796 15 14 62
959 15 14 69
2161 15 14 51
5845 15 14 3
3451 15 14 95
3516 15 14 31
3823 15 14 89
2679 15 14 13
5761 15 15 93
5497 15 15 48
6021 15 15 54
1164 15 15 27
3942 15 15 29
2922 15 15 72
3874 15 15 77
1430 15 15 89
3000 15 15 11
3403 15 15 33
1815 15 15 3
3048 15 16 58
2747 15 16 18
5404 15 16 85
2258 15 16 75
428 15 16 47
4577 15 16 22
4020 15 16 26
3139 15 16 3
5236 15 16 79
5976 15 16 92
3509 15 16 62
3662 15 16 51
2485 15 17 25
3069 15 17 56
4730 15 17 94
384 15 17 3
2468 15 17 67
5538 15 17 63
605 15 17 32
2419 15 17 80
3876 15 17 52
5380 15 17 20
3778 15 17 35
3279 15 18 89
3524 15 18 49
666 15 18 21
769 15 18 30
5512 15 18 73
65 15 18 45
6119 15 18 66
766 15 18 3
5208 15 18 36
5793 15 18 93
4964 15 18 41
1661 15 19 12
4770 15 19 56
818 15 19 26
600 15 19 92
2035 15 19 77
2339 15 19 48
2441 15 19 45
214 15 19 60
2639 15 19 3
1311 16 0 23
3638 16 0 70
3648 16 0 75
3685 16 0 48
6027 16 0 90
5415 16 0 65
2794 16 0 55
2816 16 0 44
3804 16 0 14
2846 16 0 5
3656 16 1 42
4056 16 1 78
2033 16 1 26
1265 16 1 11
3573 16 1 54
2993 16 1 4
5659 16 1 90
851 16 1 73
2658 16 2 43
5161 16 2 90
3047 16 2 56
2825 16 2 29
2711 16 2 4
546 16 2 15
3706 16 2 49
3764 16 2 11
3826 16 2 76
2577 16 3 5
3419 16 3 54
3280 16 3 91
4130 16 3 36
4761 16 3 81
865 16 3 12
2436 16 3 75
407 16 3 49
1922 16 3 28
5233 16 3 63
4111 16 4 62
300 16 4 25
2539 16 4 35
4969 16 4 53
4840 16 4 76
4676 16 4 57
3359 16 4 87
2892 16 4 9
1144 16 4 5
5121 16 4 29
1793 16 4 38
2741 16 5 25
4425 16 5 52
5285 16 5 88
1674 16 5 4
3936 16 5 11
3954 16 5 44
4652 16 5 79
2472 16 6 11
5488 16 6 28
4120 16 6 47
770 16 6 73
1414 16 6 4
3433 16 8 85
21 16 8 88
2460 16 8 37
602 16 8 73
4505 16 8 65
4246 16 8 3
3154 16 8 28
3668 16 8 33
3292 16 8 60
3824 16 8 7
936 16 9 58
1641 16 9 40
2834 16 9 30
3325 16 9 26
4040 16 9 68
49 16 9 2
473 16 9 8
2635 16 9 64
341 16 9 85
1392 16 9 36
3232 16 10 67
2877 16 10 42
5459 16 10 29
3174 16 10 73
1912 16 10 87
4 16 10 14
4892 16 10 62
2733 16 10 46
2583 16 10 2
5453 16 11 92
4610 16 11 30
5948 16 11 40
1543 16 11 64
5099 16 11 84
3831 16 11 2
5542 16 11 74
1714 16 11 12
5282 16 11 57
1361 16 12 42
5986 16 12 69
3581 16 12 31
1189 16 12 2
4771 16 12 94
35 16 12 86
5315 16 12 13
3866 16 12 79
2306 16 12 36
543 16 13 2
2612 16 13 60
1385 16 13 10
659 16 13 87
5639 16 13 38
5944 16 13 44
4330 16 13 29
1442 16 13 65
1340 16 13 6
5207 16 13 34
4781 16 13 71
5990 16 13 82
807 16 14 2
3097 16 14 36
3557 16 14 69
6074 16 14 74
3418 16 14 31
493 16 14 88
1581 16 14 95
1668 16 14 85
4850 16 14 9
1952 16 14 13
5111 16 14 62
3252 16 14 51
501 16 14 48
5222 16 15 29
5447 16 15 58
5979 16 15 48
4656 16 15 33
679 16 15 11
2614 16 15 3
4213 16 15 54
2213 16 15 68
189 16 15 93
3240 16 15 72
2111 16 15 77
2479 16 16 47
1968 16 16 3
5428 16 16 26
3717 16 16 75
2668 16 16 22
3693 16 16 51
4269 16 16 62
3851 16 16 58
3857 16 16 92
3944 16 16 79
3095 16 17 56
5862 16 17 63
5218 16 17 35
3243 16 17 25
2751 16 17 67
4011 16 17 32
2548 16 17 80
4961 16 17 94
5978 16 17 52
2952 16 17 3
226 16 18 49
3114 16 18 30
5848 16 18 93
3987 16 18 77
3595 16 18 89
1353 16 18 3
4456 16 18 21
5530 16 18 41
3922 16 18 45
1315 16 18 70
3808 16 19 55
1173 16 19 60
1490 16 19 26
2392 16 19 77
1488 16 19 87
2660 16 19 3
4563 16 19 48
3229 16 19 12
2294 16 19 92
2494 17 0 48
3368 17 0 23
4939 17 0 40
3202 17 0 75
1248 17 0 5
2572 17 0 55
5001 17 0 89
2966 17 0 70
2254 17 0 65
187 17 0 14
5922 17 1 38
2056 17 1 5
6011 17 1 54
3143 17 1 78
4530 17 1 72
5898 17 1 26
763 17 1 42
2112 17 1 90
518 17 2 56
1984 17 2 29
2156 17 2 43
2820 17 2 90
2190 17 2 15
1848 17 2 76
5719 17 2 24
197 17 2 4
3178 17 2 11
2372 17 2 49
5219 17 3 22
2529 17 3 5
4627 17 3 63
1998 17 3 75
3915 17 3 12
4323 17 3 81
2173 17 3 91
3612 17 3 36
1902 17 3 54
4925 17 3 45
3188 17 3 28
2689 17 4 29
2110 17 4 62
5748 17 4 9
1021 17 4 57
1377 17 4 38
4349 17 4 53
3815 17 4 76
5765 17 4 24
2801 17 4 87
2096 17 4 35
3988 17 5 88
1644 17 5 11
4566 17 5 79
1521 17 5 52
28 17 5 44
1268 17 5 4
2740 17 5 25
4261 17 5 71
503 17 6 73
5004 17 6 23
1331 17 6 4
2602 17 6 47
3357 17 6 11
4641 17 8 3
5739 17 8 7
4986 17 8 65
4123 17 8 85
1000 17 8 88
1722 17 8 37
3712 17 8 33
691 17 8 73
4970 17 8 28
5894 17 9 68
3870 17 9 64
2340 17 9 36
5328 17 9 8
3643 17 9 30
2411 17 9 58
924 17 9 85
3429 17 9 40
3710 17 9 2
2773 17 10 2
1086 17 10 14
3849 17 10 67
4148 17 10 73
2581 17 10 87
1005 17 10 46
1850 17 10 29
5502 17 11 92
4657 17 11 30
4564 17 11 40
6143 17 11 74
902 17 11 84
2137 17 11 64
4257 17 11 2
5210 17 11 12
1906 17 11 87
681 17 12 13
5235 17 12 94
1608 17 12 2
5392 17 12 79
3779 17 12 42
111 17 12 86
1949 17 12 71
4377 17 12 36
3775 17 13 2
695 17 13 44
1660 17 13 71
3829 17 13 10
5913 17 13 34
5991 17 13 38
2371 17 13 65
5517 17 13 87
3613 17 14 69
2396 17 14 36
1321 17 14 13
3397 17 14 88
2216 17 14 2
6095 17 14 74
4199 17 14 85
1225 17 14 51
4503 17 15 54
1947 17 15 33
4008 17 15 11
2619 17 15 58
1824 17 15 93
2907 17 15 3
3510 17 15 77
5274 17 15 72
6178 17 15 29
4790 17 16 62
2307 17 16 3
2256 17 16 51
3949 17 16 75
5494 17 16 79
3921 17 16 22
1553 17 16 94
3272 17 16 26
4017 17 17 35
4649 17 17 32
2926 17 17 94
5964 17 17 63
4168 17 17 3
3632 17 17 67
3740 17 17 56
5812 17 17 80
2683 17 18 70
1077 17 18 73
2724 17 18 3
6167 17 18 77
1243 17 18 23
1103 17 18 49
3981 17 18 93
5732 17 18 30
5693 17 18 41
5221 17 18 45
1588 17 19 87
1255 17 19 26
3386 17 19 3
4417 17 19 23
1362 17 19 60
5063 17 19 12
4991 17 19 52
5478 17 19 55
1190 17 19 83
2554 18 0 75
4891 18 0 89
2383 18 0 48
5346 18 0 6
3675 18 0 15
5591 18 0 55
2059 18 0 40
1486 18 0 65
4950 18 0 59
2030 18 0 23
2674 18 0 70
5855 18 1 54
3363 18 1 38
207 18 1 5
2776 18 1 78
5878 18 1 26
5727 18 1 43
115 18 1 90
3961 18 1 72
3911 18 2 29
1648 18 2 15
3963 18 2 38
5993 18 2 56
4760 18 2 5
1261 18 2 49
4198 18 2 89
6081 18 2 66
5425 18 2 76
950 18 2 43
2864 18 2 11
3437 18 2 24
4405 18 3 22
2940 18 3 28
1723 18 3 75
2857 18 3 63
411 18 3 54
2226 18 3 81
4012 18 3 6
2116 18 3 36
1575 18 3 91
2673 18 3 12
2349 18 3 45
5770 18 4 38
3343 18 4 9
2790 18 4 29
5234 18 4 48
3323 18 4 24
2690 18 4 53
531 18 4 57
3760 18 4 70
5351 18 4 62
2719 18 4 76
5982 18 4 87
2092 18 5 25
3663 18 5 79
4737 18 5 45
435 18 5 5
3373 18 5 71
3645 18 5 66
3555 18 5 89
5555 18 5 52
3027 18 6 51
3841 18 6 24
376 18 6 72
469 18 6 5
1046 18 8 73
5594 18 8 88
5763 18 8 7
5243 18 8 37
3886 18 8 33
5617 18 8 65
382 18 8 2
2717 18 9 36
5637 18 9 40
4458 18 9 64
4710 18 9 2
2168 18 9 68
3031 18 9 88
4249 18 9 8
336 18 10 73
1075 18 10 88
3493 18 10 2
3153 18 10 46
4698 18 10 14
5968 18 10 67
5302 18 10 29
2497 18 11 67
1252 18 11 12
3444 18 11 87
4450 18 11 2
4218 18 11 38
5920 18 11 92
5589 18 11 74
6001 18 11 40
4418 18 12 42
2347 18 12 78
1685 18 12 86
5817 18 12 94
2575 18 12 2
3020 18 12 13
6116 18 12 36
6100 18 13 10
5364 18 13 71
4609 18 13 2
1866 18 13 44
6020 18 13 38
5728 18 13 87
3226 18 13 65
4282 18 14 51
3899 18 14 69
2528 18 14 74
4872 18 14 36
2507 18 14 2
1853 18 14 13
685 18 14 88
5168 18 15 54
5484 18 15 33
5564 18 15 11
472 18 15 58
3184 18 15 2
4348 18 15 77
2325 18 16 11
1477 18 16 62
1098 18 16 2
4911 18 16 58
4179 18 16 26
78 18 16 79
3673 18 17 3
5047 18 17 35
5180 18 17 80
4220 18 17 67
6173 18 17 63
1616 18 18 49
2956 18 18 77
5814 18 18 45
1816 18 18 23
1678 18 18 30
3742 18 18 73
4459 18 18 3
4622 18 19 3
6010 18 19 55
2996 18 19 12
1758 18 19 83
3616 18 19 87
2402 18 19 26
4275 18 19 60
1387 19 8 2
1132 19 8 37
2038 19 8 7
5682 19 8 73
6165 19 8 88
4520 19 9 8
2108 19 9 68
1574 19 9 92
5741 19 9 2
3449 19 9 40
2363 19 10 46
157 19 10 14
2571 19 10 73
3820 19 10 2
1629 19 10 92
3938 19 11 40
1833 19 11 92
5472 19 11 2
4441 19 11 12
1334 19 11 74
2934 19 12 2
1487 19 12 94
3731 19 12 86
2662 19 12 13
93 19 12 42
4647 19 13 10
4663 19 13 2
2252 19 13 71
1578 19 13 44
5953 19 14 74
3843 19 14 2
1640 19 14 13
2819 19 14 51
724 19 15 79
5138 19 15 33
3880 19 15 2
5911 19 15 11
4074 19 15 58
1754 19 16 62
3646 19 16 79
4992 19 16 2
2990 19 16 11
1948 19 16 26
1491 19 17 80
993 19 17 2
4320 19 17 26
5846 19 17 67
4003 19 17 12
1110 19 18 12
2586 19 18 2
5570 19 18 49
306 19 18 87
2779 19 18 30
4709 19 19 12
2984 19 19 2
2742 19 19 26
5772 19 19 60
364 19 19 87
