2362
4316 0 0 1
2581 0 0 57
6502 0 0 31
2301 0 1 1
2575 0 1 40
6247 0 1 31
4938 0 2 18
6493 0 2 1
5507 0 2 97
6533 0 2 87
4656 0 3 75
5582 0 3 1
4841 0 3 97
4610 0 3 19
3477 0 4 68
4827 0 4 25
1236 0 4 1
3400 0 4 96
2531 0 5 96
6212 0 5 20
4440 0 5 1
1729 0 5 67
1601 0 6 96
1017 0 6 1
4860 0 6 14
1832 0 6 64
5838 0 7 1
4015 0 7 63
895 0 7 96
2901 0 7 12
4996 0 8 1
2958 0 8 70
1948 0 8 8
5541 0 8 95
6347 0 9 6
243 0 9 64
6004 0 9 1
6295 0 9 94
3310 0 10 24
5839 0 10 75
1498 0 10 89
3719 0 10 48
4813 0 10 4
2077 0 11 90
4921 0 11 49
6073 0 11 4
3405 0 11 21
1426 0 11 77
72 0 12 4
1864 0 12 77
3603 0 12 90
6538 0 12 50
5872 0 12 25
4730 0 13 4
5224 0 13 90
6108 0 13 78
1271 0 13 25
5053 0 13 46
6047 0 14 4
3948 0 14 48
6132 0 14 90
6196 0 14 24
5144 0 14 81
5124 0 15 4
2600 0 15 16
6209 0 15 53
5270 0 15 69
5157 0 16 53
2625 0 16 16
5314 0 16 4
1167 0 16 72
68 0 17 17
5538 0 17 73
1511 0 17 53
2709 0 17 4
775 0 18 4
1351 0 18 53
6343 0 18 29
6450 0 18 74
1384 0 19 76
3105 0 19 55
267 0 19 23
4910 0 19 4
6260 1 0 51
1774 1 0 31
3079 1 0 1
761 1 0 57
338 1 0 92
5827 1 0 23
5553 1 1 1
4745 1 1 40
6583 1 1 23
2431 1 1 85
4622 1 2 18
732 1 2 97
20 1 2 44
3178 1 2 83
4080 1 2 87
5185 1 2 1
6025 1 3 75
2247 1 3 1
1713 1 3 95
3743 1 3 55
222 1 3 16
2619 1 3 19
5520 1 4 19
450 1 4 1
5088 1 4 25
394 1 4 68
5283 1 4 96
5616 1 4 58
6271 1 5 1
6240 1 5 20
3181 1 5 67
496 1 5 17
5274 1 5 51
3074 1 5 94
1930 1 6 14
4219 1 6 64
6575 1 6 51
6510 1 6 1
954 1 6 11
3172 1 6 92
5800 1 7 1
2226 1 7 63
3561 1 7 92
3889 1 7 12
5545 1 7 57
3915 1 8 59
1118 1 8 70
5555 1 8 8
4979 1 8 1
3881 1 8 95
1335 1 8 92
4644 1 9 94
3063 1 9 53
5970 1 9 64
5041 1 9 1
3751 1 9 6
2555 1 9 92
6024 1 10 19
738 1 10 24
807 1 10 48
3874 1 10 75
5822 1 10 89
2424 1 10 4
6082 1 11 49
5966 1 11 42
4519 1 11 24
3036 1 11 75
1205 1 11 15
4239 1 11 4
4383 1 11 89
5410 1 11 68
4193 1 12 4
2090 1 12 15
5515 1 12 50
235 1 12 89
1342 1 12 93
6337 1 12 77
5667 1 12 42
4030 1 12 24
5115 1 12 68
1936 1 13 15
2102 1 13 4
6211 1 13 10
4136 1 13 25
2440 1 13 43
3958 1 13 68
1264 1 13 78
1113 1 13 93
1597 1 13 50
1015 1 14 93
47 1 14 4
3489 1 14 68
3793 1 14 10
6430 1 14 50
2355 1 14 25
5440 1 14 81
1649 1 14 61
2000 1 15 25
5256 1 15 50
3128 1 15 61
3180 1 15 81
4531 1 15 69
4583 1 15 5
4919 1 15 10
560 1 15 93
1911 1 16 5
6167 1 16 16
2845 1 16 81
2909 1 16 50
3610 1 16 10
6562 1 16 93
4842 1 16 38
5861 1 16 25
2799 1 16 61
6620 1 17 4
4983 1 17 39
2002 1 17 67
5412 1 17 73
1839 1 17 85
3109 1 17 12
2200 1 17 17
4142 1 18 16
3809 1 18 29
5453 1 18 66
5722 1 18 74
4372 1 18 84
2970 1 18 4
6482 1 18 53
2195 1 19 84
631 1 19 72
4401 1 19 48
1639 1 19 23
5866 1 19 76
4435 1 19 4
3451 1 19 55
4637 1 19 18
5382 2 0 48
48 2 0 92
4764 2 0 18
3740 2 0 87
3309 2 0 1
5678 2 0 51
781 2 0 57
5925 2 0 31
6297 2 1 23
4629 2 1 40
5681 2 1 82
1320 2 1 1
6326 2 1 18
1522 2 1 85
5716 2 2 77
407 2 2 1
6029 2 2 18
3193 2 2 87
380 2 2 97
6481 2 2 41
4076 2 2 44
955 2 2 83
1505 2 3 95
5259 2 3 75
1234 2 3 16
3403 2 3 72
4284 2 3 1
4468 2 3 55
6210 2 3 46
6578 2 3 12
5870 2 4 15
3871 2 4 58
1756 2 4 56
5312 2 4 92
4624 2 4 1
5313 2 4 19
2631 2 4 68
5460 2 4 25
890 2 4 96
1119 2 5 67
2858 2 5 94
6232 2 5 20
6189 2 5 40
6163 2 5 1
4049 2 6 41
5812 2 6 11
6486 2 6 64
6332 2 6 51
4418 2 6 90
342 2 6 14
4422 2 6 1
3557 2 7 57
3884 2 7 63
1160 2 7 12
4283 2 7 1
799 2 7 90
6542 2 7 53
2444 2 8 59
1084 2 8 95
2973 2 8 8
3377 2 8 1
5885 2 8 35
230 2 8 70
6302 2 8 91
6614 2 9 6
1267 2 9 64
4353 2 9 37
4250 2 9 1
1636 2 9 53
4640 2 9 88
1643 2 9 94
3428 2 10 85
6237 2 10 66
2156 2 10 45
3162 2 10 4
4648 2 10 16
1077 2 11 45
2917 2 11 4
602 2 11 19
1697 2 11 69
1487 2 11 86
3040 2 12 45
4807 2 12 4
4451 2 12 86
4420 2 12 19
704 2 12 72
1525 2 13 15
2966 2 13 72
4643 2 13 47
4925 2 13 4
4510 2 13 86
5261 2 14 39
2925 2 14 21
2597 2 14 73
615 2 14 4
5815 2 14 86
6342 2 15 20
3992 2 15 74
179 2 15 4
5489 2 15 47
3960 2 15 87
5065 2 16 62
4997 2 16 93
3384 2 16 29
4847 2 16 55
860 2 16 18
4403 2 16 25
1427 2 16 5
5420 2 17 62
5688 2 17 55
4444 2 17 48
5066 2 17 29
6218 2 17 39
5835 2 17 24
2491 2 17 18
1835 2 17 67
144 2 17 76
3641 2 17 43
2134 2 17 85
6323 2 17 4
2947 2 18 29
2033 2 18 55
3818 2 18 18
4575 2 18 4
4202 2 18 23
4500 2 18 67
2141 2 18 76
6089 2 18 48
4426 2 18 43
5906 2 18 84
4623 2 19 4
3707 2 19 14
4152 2 19 18
3541 2 19 55
584 2 19 72
5231 2 19 67
5967 2 19 43
4697 2 19 76
1913 2 19 23
4103 2 19 48
784 2 19 83
4748 3 0 31
5042 3 0 14
5660 3 0 57
714 3 0 4
6236 3 0 24
2392 3 0 51
3502 3 0 79
582 3 0 88
4159 3 1 78
5854 3 1 23
4803 3 1 14
716 3 1 4
3453 3 1 40
1662 3 1 61
616 3 1 85
2045 3 14 6
4720 3 15 6
6364 3 16 6
6028 3 16 18
2240 3 16 25
2976 3 17 25
5927 3 17 91
6298 3 17 82
4872 3 17 74
522 3 17 66
929 3 17 5
3669 3 17 44
4677 3 17 16
1717 3 18 31
3652 3 18 41
2474 3 18 66
6505 3 18 16
5903 3 18 5
2041 3 18 25
5019 3 18 74
1100 3 18 82
3156 3 19 79
2464 3 19 31
3445 3 19 82
589 3 19 4
2739 3 19 61
2215 3 19 39
618 3 19 16
2698 3 19 66
5118 3 19 57
1874 4 0 79
447 4 0 31
5644 4 0 9
5786 4 0 24
6494 4 0 4
2037 4 0 51
2410 4 0 57
4346 4 1 9
6225 4 1 67
5605 4 1 4
4607 4 1 53
4695 4 1 23
1575 4 3 1
5530 4 3 22
4475 4 3 90
4052 4 4 85
5458 4 4 42
1596 4 4 1
5659 4 5 1
142 4 5 19
5594 4 5 74
1790 4 6 1
1538 4 6 64
2213 4 6 35
1676 4 8 4
4759 4 8 28
2896 4 8 56
1446 4 8 82
5593 4 9 4
5862 4 9 66
2812 4 9 48
1931 4 9 30
1703 4 9 78
4732 4 9 73
6623 4 9 92
6626 4 10 79
4563 4 10 56
526 4 10 4
114 4 10 28
1256 4 11 56
1891 4 11 37
4402 4 11 93
4238 4 11 14
3784 4 11 18
5097 4 11 60
2810 4 11 67
6607 4 11 4
6338 4 11 50
2144 4 11 77
2372 4 11 41
1907 4 12 30
2725 4 12 4
5811 4 12 76
6395 4 12 55
2796 4 14 12
2123 4 14 25
3947 4 14 30
7 4 14 81
3299 4 14 86
88 4 14 33
2677 4 14 59
2762 4 14 4
2701 4 15 4
5843 4 15 31
1533 4 15 11
6536 4 15 83
4703 4 15 36
312 4 15 62
556 4 15 55
2228 4 15 93
4725 4 16 25
2176 4 16 61
345 4 16 65
5491 4 16 88
2448 4 16 22
4425 4 16 70
5831 4 16 13
6243 4 16 5
6565 4 16 46
4032 4 16 83
953 4 16 38
3443 4 17 29
2736 4 17 14
3667 4 17 35
3526 4 17 57
2378 4 17 4
4620 4 17 80
2552 4 17 91
2590 4 17 44
2351 4 18 64
2951 4 18 58
4666 4 18 41
5114 4 18 52
4345 4 18 31
5302 4 18 79
6194 4 18 14
3401 4 18 25
1152 4 18 4
5292 4 18 74
889 4 18 91
4464 4 19 16
3078 4 19 31
661 4 19 66
4881 4 19 61
645 4 19 4
1517 4 19 39
3860 4 19 82
1433 5 0 51
1297 5 0 79
2954 5 0 9
5502 5 0 57
1771 5 0 74
5341 5 0 31
4014 5 0 44
1723 5 0 4
5725 5 0 24
1367 5 1 53
231 5 1 9
1733 5 1 4
396 5 1 23
335 5 1 67
1057 5 3 23
1045 5 3 67
3932 5 3 53
1430 5 3 9
3517 5 3 4
2298 5 4 23
3956 5 4 53
4970 5 4 4
2337 5 4 9
2895 5 4 67
5971 5 5 8
2450 5 5 2
4967 5 5 68
4209 5 5 94
4792 5 5 27
1455 5 6 38
595 5 6 8
5737 5 6 29
2472 5 6 2
4898 5 8 44
4546 5 8 62
5751 5 8 4
4002 5 9 48
1245 5 9 92
1086 5 9 9
5982 5 9 73
3999 5 9 27
4261 5 9 78
654 5 9 3
2687 5 10 13
5859 5 10 1
1018 5 10 50
6203 5 10 93
6416 5 11 50
745 5 11 67
4031 5 11 18
6291 5 11 41
5747 5 11 37
5236 5 11 56
3458 5 11 2
3001 5 11 90
2397 5 11 77
5329 5 11 14
4537 5 11 8
6615 5 11 93
5432 5 11 60
4972 5 12 8
4605 5 12 29
3657 5 12 2
6282 5 12 47
3184 5 13 32
465 5 14 81
3715 5 14 33
6120 5 14 59
3349 5 14 86
4706 5 14 12
5403 5 14 30
3343 5 14 4
2362 5 14 25
2417 5 14 56
6388 5 15 31
2382 5 15 62
3810 5 15 11
2325 5 15 52
6199 5 15 83
2560 5 15 92
2804 5 15 4
2324 5 15 88
4989 5 15 36
3698 5 15 55
4780 5 16 46
949 5 16 4
1616 5 16 13
1720 5 16 38
2469 5 16 31
948 5 16 65
5204 5 16 25
6613 5 16 70
5569 5 16 88
5634 5 17 57
6518 5 17 80
2499 5 17 4
5567 5 17 14
4354 5 17 35
5396 5 17 29
3642 5 17 44
3864 5 17 91
3523 5 18 4
2842 5 18 79
3269 5 18 64
3649 5 18 58
6411 5 18 74
5546 5 18 12
6020 5 18 25
722 5 18 41
5364 5 18 31
6105 5 19 61
868 5 19 66
5186 5 19 82
669 5 19 16
4578 5 19 4
1757 5 19 39
4059 6 0 31
1727 6 0 74
1654 6 0 9
2547 6 0 44
965 6 0 79
1179 6 0 57
846 6 0 4
628 6 0 51
5405 6 0 24
2760 6 1 87
1594 6 1 5
1215 6 1 38
5033 6 1 60
1965 6 3 33
2482 6 3 5
5608 6 3 83
2017 6 3 52
4242 6 4 26
4914 6 4 49
6116 6 4 72
5940 6 4 90
3520 6 4 5
5281 6 5 68
3722 6 5 27
504 6 5 53
4481 6 5 88
5514 6 5 3
6333 6 5 9
6263 6 6 35
6031 6 6 27
5774 6 6 49
6088 6 6 56
4547 6 6 9
1763 6 6 61
5890 6 6 75
1102 6 8 46
5325 6 8 27
2824 6 8 9
4275 6 8 80
5273 6 8 3
2222 6 9 3
1749 6 9 9
4837 6 9 27
1081 6 9 48
3258 6 9 78
4893 6 10 14
6278 6 10 8
4121 6 10 60
4334 6 10 67
4514 6 10 74
1933 6 10 33
5610 6 10 2
4823 6 10 37
5803 6 11 18
5761 6 11 37
5935 6 11 60
3532 6 11 8
3616 6 11 41
3010 6 11 67
3032 6 11 77
3955 6 11 2
797 6 11 74
6589 6 11 56
5654 6 11 14
156 6 11 33
5617 6 12 62
2948 6 12 70
4114 6 12 33
3901 6 12 2
3695 6 12 8
5801 6 14 30
1092 6 14 59
3663 6 14 56
6005 6 14 4
3367 6 14 12
4809 6 14 86
4143 6 14 33
5002 6 15 4
1667 6 15 11
3957 6 15 55
3942 6 15 62
3088 6 15 88
3138 6 15 92
6403 6 15 36
5080 6 16 31
4795 6 16 4
3472 6 16 70
5291 6 16 13
1976 6 16 38
1486 6 16 46
4818 6 17 44
3739 6 17 14
6330 6 17 57
5418 6 17 80
3368 6 17 4
5755 6 17 35
4686 6 18 79
5123 6 18 12
1880 6 18 41
34 6 18 64
4072 6 18 4
5837 6 18 31
1317 6 19 66
4747 6 19 4
5817 6 19 16
5552 6 19 82
3034 6 19 39
578 6 19 11
907 6 19 36
6586 6 19 61
5134 7 0 24
1416 7 0 74
313 7 0 57
3151 7 0 44
2790 7 0 31
4985 7 0 51
5419 7 0 5
5539 7 0 19
6336 7 0 79
1038 7 1 5
3746 7 1 88
1276 7 1 68
5146 7 1 24
4682 7 1 47
6547 7 3 5
5721 7 3 85
6600 7 3 72
3953 7 3 62
2629 7 3 90
3686 7 3 49
1230 7 3 26
4495 7 3 18
5916 7 3 67
1728 7 4 22
4521 7 4 5
2741 7 4 26
1694 7 4 67
5585 7 4 43
4394 7 4 49
4999 7 4 62
4144 7 4 90
1950 7 4 72
1784 7 5 82
2623 7 5 13
4497 7 5 25
1299 7 5 3
2926 7 5 57
4951 7 7 14
4258 7 7 23
4523 7 7 4
1655 7 7 32
2615 7 7 41
1437 7 7 72
3375 7 7 58
4507 7 7 93
4460 7 7 81
696 7 7 52
1019 7 7 67
2946 7 8 52
1895 7 8 67
1993 7 8 72
4668 7 8 23
1286 7 8 93
1510 7 8 57
5288 7 8 4
5310 7 8 14
2079 7 8 32
5422 7 8 81
3288 7 8 41
1738 7 9 32
1364 7 9 93
120 7 9 3
5865 7 9 23
5187 7 9 62
3611 7 9 10
3042 7 9 50
6125 7 9 14
317 7 9 40
1030 7 9 76
2399 7 9 72
3815 7 9 81
3314 7 9 67
1764 7 10 2
2483 7 10 33
1576 7 10 37
4980 7 10 14
5232 7 10 67
6394 7 10 74
5425 7 11 18
5836 7 11 36
956 7 11 77
1937 7 11 2
2043 7 11 41
5850 7 11 66
857 7 12 37
146 7 12 14
1120 7 12 78
2234 7 12 2
5742 7 12 72
5127 7 14 92
2265 7 14 59
5196 7 14 4
2593 7 14 11
5413 7 14 33
6092 7 15 11
4945 7 15 36
6361 7 15 62
5485 7 15 4
5384 7 15 92
1992 7 16 16
1428 7 16 4
4197 7 16 38
5474 7 16 46
946 7 17 57
2034 7 17 4
5499 7 17 44
3797 7 17 16
2509 7 18 4
5948 7 18 64
1274 7 18 16
5765 7 18 79
4722 7 18 41
5782 7 19 16
1678 7 19 39
2850 7 19 4
3215 7 19 66
274 7 19 82
4395 8 0 79
5549 8 0 19
1251 8 0 31
1393 8 0 74
5389 8 0 57
6262 8 0 65
824 8 0 44
4484 8 0 51
3680 8 0 5
751 8 1 5
4509 8 1 21
307 8 1 68
2660 8 1 88
4471 8 1 43
2563 8 3 46
5756 8 3 71
5464 8 3 24
5581 8 3 5
5895 8 3 90
5311 8 4 90
4286 8 4 25
5912 8 4 43
1901 8 4 5
2652 8 4 67
1440 8 5 30
820 8 5 3
3694 8 5 52
5379 8 5 84
3441 8 5 10
472 8 7 3
5121 8 7 35
2875 8 7 83
727 8 7 10
1261 8 7 50
4508 8 8 77
2105 8 8 57
1920 8 8 92
3449 8 8 29
1055 8 8 13
6358 8 8 41
3647 8 8 52
2423 8 8 37
3149 8 8 3
2377 8 8 66
1789 8 9 93
5591 8 9 10
6365 8 9 50
2107 8 9 28
201 8 9 3
3511 8 9 67
6095 8 9 62
5743 8 9 72
1534 8 9 14
1903 8 9 32
1540 8 9 76
614 8 9 40
4398 8 9 81
4553 8 10 2
4883 8 10 74
6452 8 10 37
1537 8 10 18
5506 8 11 2
1778 8 11 41
3505 8 11 18
349 8 11 76
5706 8 12 2
1252 8 12 38
844 8 12 83
4270 8 12 16
760 8 16 79
389 8 17 13
6059 8 17 93
4200 8 17 1
2100 8 17 43
4630 8 18 1
2190 8 18 10
3883 8 18 65
6541 8 18 91
3373 8 19 15
2967 8 19 49
3245 8 19 1
5355 8 19 91
3903 9 0 57
6471 9 0 39
4192 9 0 51
2955 9 0 19
1872 9 0 79
882 9 0 15
5612 9 0 65
6183 9 0 5
6045 9 0 31
2182 9 1 42
5888 9 1 15
682 9 1 62
494 9 1 87
6585 9 1 5
3620 9 3 5
2388 9 3 42
5107 9 3 62
638 9 3 87
1161 9 3 19
609 9 4 23
3302 9 4 42
5287 9 4 67
6118 9 4 5
2052 9 4 88
3324 9 5 3
5852 9 5 13
5264 9 5 31
5787 9 5 87
4918 9 5 58
6067 9 7 52
178 9 7 3
3321 9 7 30
5113 9 7 12
1704 9 8 3
1663 9 8 41
4616 9 8 77
2104 9 8 92
3456 9 8 12
2855 9 8 66
4715 9 8 29
3261 9 8 57
4267 9 8 37
6221 9 9 14
6521 9 9 10
1737 9 9 40
3087 9 9 3
4525 9 9 67
1047 9 9 50
5130 9 9 81
2840 9 9 28
678 9 9 71
2157 9 9 32
3089 9 9 76
2115 9 9 93
3426 9 10 11
6311 9 10 81
3344 9 10 2
3225 9 10 44
3518 9 10 75
1472 9 10 85
3195 9 10 33
2479 9 10 37
6068 9 10 69
880 9 10 51
4141 9 11 33
6186 9 11 14
2504 9 11 44
1780 9 11 75
3346 9 11 82
4804 9 11 69
4574 9 11 87
455 9 11 2
5943 9 11 94
5627 9 11 36
4734 9 11 51
452 9 12 82
4913 9 12 3
1851 9 12 44
5104 9 12 36
4684 9 12 59
6272 9 12 51
4079 9 12 14
4047 9 12 33
6554 9 12 71
1504 9 12 75
2735 9 12 87
5713 9 12 94
4282 9 13 94
2155 9 13 33
417 9 13 59
1083 9 13 75
6032 9 13 51
3613 9 13 36
4189 9 13 3
6495 9 13 20
6611 9 13 45
944 9 13 87
5710 9 13 14
2638 9 14 12
5037 9 14 79
952 9 14 2
6233 9 14 69
6066 9 14 43
6442 9 14 9
5752 9 14 84
5106 9 14 36
973 9 15 9
4149 9 15 13
456 9 15 2
4089 9 15 71
6011 9 15 25
2831 9 15 80
1032 9 17 1
6054 9 17 93
2876 9 17 43
1495 9 17 77
5995 9 17 36
152 9 17 13
3503 9 18 10
5332 9 18 59
1338 9 18 88
4446 9 18 1
3308 9 18 65
5295 9 18 91
5969 9 19 45
6409 9 19 15
469 9 19 1
1645 9 19 49
4890 9 19 81
2908 10 0 86
6083 10 0 39
1869 10 0 19
5993 10 0 5
3361 10 0 79
82 10 0 14
3196 10 0 51
4529 10 0 65
3580 10 0 57
3685 10 0 31
45 10 1 5
6216 10 1 65
398 10 1 86
5987 10 1 23
5767 10 1 39
3857 10 3 17
4632 10 3 63
6341 10 3 44
5428 10 3 5
3047 10 3 84
731 10 4 62
1644 10 4 32
4667 10 4 88
5117 10 4 5
4882 10 4 17
6157 10 4 23
3039 10 4 67
32 10 5 31
6396 10 5 13
5218 10 5 3
5151 10 5 60
922 10 5 72
2890 10 7 13
4158 10 7 30
4752 10 7 3
3030 10 7 70
930 10 7 59
3789 10 8 59
4856 10 8 29
6414 10 8 77
2129 10 8 3
3990 10 8 12
3352 10 8 66
3365 10 8 57
5076 10 8 37
5164 10 8 41
3073 10 8 92
4603 10 9 28
3396 10 9 76
3638 10 9 81
2934 10 9 40
6317 10 9 14
1039 10 9 71
786 10 9 3
3077 10 9 32
1807 10 9 50
4480 10 10 75
6466 10 10 81
3542 10 10 44
1878 10 10 51
5495 10 10 37
3498 10 10 33
3516 10 10 2
4830 10 10 11
2636 10 10 85
5891 10 11 82
2801 10 11 2
5234 10 11 65
5750 10 11 87
5960 10 11 14
960 10 11 36
116 10 12 64
2005 10 12 32
976 10 12 92
376 10 12 2
3727 10 12 44
3209 10 12 13
4833 10 12 30
5789 10 12 59
4442 10 12 73
4328 10 13 45
5913 10 13 2
3177 10 13 16
1328 10 13 78
2167 10 13 20
6 10 13 71
2183 10 14 2
5526 10 14 43
4432 10 14 79
2969 10 14 12
637 10 15 33
6038 10 15 2
2445 10 15 13
3509 10 15 82
2922 10 16 12
6569 10 17 13
5829 10 17 93
5035 10 17 77
5017 10 17 90
5028 10 17 33
3429 10 17 43
6499 10 17 70
1177 10 17 10
4213 10 17 1
5307 10 17 36
4762 10 18 53
771 10 18 1
3573 10 18 89
2959 10 18 91
4163 10 18 59
6345 10 18 86
1112 10 18 10
6275 10 18 65
2406 10 19 11
1821 10 19 1
3790 10 19 15
2513 10 19 49
4569 10 19 81
3584 10 19 41
272 10 19 78
366 10 19 95
29 10 19 45
4561 11 3 23
570 11 3 5
3973 11 3 32
523 11 3 88
1465 11 3 62
1523 11 3 79
4373 11 3 17
3085 11 3 67
216 11 3 55
4332 11 3 51
1561 11 4 88
3253 11 4 5
5877 11 4 23
2258 11 4 83
2714 11 4 62
4458 11 4 17
577 11 4 67
3347 11 4 32
484 11 4 55
3284 11 5 12
3513 11 5 75
4268 11 5 33
2755 11 5 3
5918 11 5 60
489 11 6 63
2078 11 7 14
4061 11 7 62
1316 11 7 3
2883 11 7 31
2633 11 7 76
6353 11 8 77
1820 11 8 36
2672 11 8 32
4739 11 8 3
5029 11 8 12
3738 11 8 66
4230 11 8 59
2049 11 8 41
4134 11 8 29
2229 11 9 14
1710 11 9 3
3628 11 9 40
2702 11 9 71
4231 11 9 32
3758 11 9 76
3223 11 9 50
3819 11 9 81
3844 11 10 2
3474 11 10 11
3974 11 10 44
5656 11 10 37
5378 11 10 51
607 11 10 81
2864 11 10 7
6158 11 11 87
4499 11 11 2
3491 11 11 37
5317 11 11 65
1439 11 11 14
2956 11 12 2
5197 11 12 73
2562 11 12 64
1441 11 12 92
4559 11 12 44
3853 11 12 32
3832 11 12 13
1158 11 13 78
840 11 13 2
3631 11 13 45
2352 11 13 20
3086 11 13 75
3981 11 14 20
6126 11 14 2
3876 11 14 76
598 11 14 79
2791 11 14 45
5590 11 15 13
5126 11 15 48
2928 11 15 78
6464 11 15 2
441 11 16 55
567 11 17 55
5818 11 17 3
533 11 17 27
3731 11 17 36
3046 11 17 45
5249 11 17 72
1184 11 18 69
1521 11 18 2
656 11 18 27
659 11 18 35
4829 11 18 45
1755 11 18 65
5896 11 18 72
4370 11 18 31
137 11 18 41
38 11 18 54
1408 11 18 59
1539 11 18 11
2650 11 18 91
6111 11 19 45
5915 11 19 23
5523 11 19 27
5565 11 19 68
1770 11 19 11
3913 11 19 19
4885 11 19 2
4909 11 19 49
5623 11 19 15
5807 11 19 95
5735 11 19 58
4427 11 19 31
4269 11 19 85
1838 11 19 35
3562 11 19 41
3752 11 19 64
3469 11 19 79
1977 12 0 2
4772 12 0 8
1794 12 0 94
6188 12 0 61
2498 12 0 27
1928 12 1 28
1923 12 1 2
3364 12 1 51
5625 12 1 8
6021 12 1 93
6155 12 2 8
228 12 2 22
1767 12 2 2
5488 12 2 54
5689 12 2 92
3791 12 3 3
4050 12 3 59
5938 12 3 38
6498 12 3 65
1819 12 3 78
2937 12 3 10
5201 12 3 31
3886 12 4 31
6244 12 4 10
4601 12 4 15
2311 12 4 59
5680 12 5 59
6230 12 5 10
1814 12 5 15
3635 12 7 3
5165 12 7 65
4673 12 7 82
1677 12 7 10
2961 12 7 34
5099 12 8 3
1587 12 8 77
5452 12 8 66
2891 12 8 41
4544 12 8 59
2016 12 8 36
4318 12 8 12
6075 12 8 32
2462 12 9 3
681 12 9 14
3342 12 9 50
4590 12 9 76
4295 12 9 81
4210 12 9 40
1133 12 10 2
1461 12 10 11
5203 12 10 44
2248 12 10 51
6147 12 11 2
3670 12 11 37
1892 12 11 65
4044 12 11 14
3952 12 12 2
4810 12 12 73
5263 12 12 44
2319 12 12 13
6208 12 13 19
1387 12 13 45
5947 12 13 83
4190 12 13 2
2127 12 14 75
2508 12 14 79
5785 12 14 41
3312 12 14 83
2497 12 14 2
2269 12 14 19
5741 12 14 46
6588 12 15 75
2159 12 15 38
1442 12 15 46
942 12 15 83
4340 12 15 19
693 12 15 2
3906 12 15 41
1603 12 16 54
6314 12 16 43
5304 12 16 12
1211 12 16 77
3146 12 16 19
5598 12 17 17
963 12 17 55
4887 12 17 44
3379 12 17 12
5701 12 17 2
3266 12 17 92
1967 12 18 21
6497 12 18 80
2296 12 18 50
4174 12 18 16
2244 12 18 62
855 12 18 69
1849 12 18 57
5207 12 18 26
6322 12 18 2
2286 12 19 35
3176 12 19 23
992 12 19 40
5557 12 19 31
2668 12 19 85
5802 12 19 58
4896 12 19 19
83 12 19 2
4470 12 19 64
2280 12 19 68
1674 13 0 94
1604 13 0 27
5176 13 0 58
5939 13 0 61
2787 13 0 3
6137 13 0 89
406 13 1 28
1392 13 1 24
3037 13 1 73
6319 13 1 8
6245 13 1 51
5791 13 1 93
762 13 1 2
5746 13 2 8
1876 13 2 52
4083 13 2 54
6256 13 2 22
4788 13 2 92
848 13 2 2
2904 13 3 78
829 13 3 38
3399 13 3 10
4169 13 3 3
6604 13 3 65
136 13 3 34
3101 13 4 36
6432 13 4 8
6426 13 4 59
4840 13 4 15
1418 13 4 30
3127 13 5 79
5101 13 5 63
3402 13 5 3
5277 13 5 67
4150 13 5 14
174 13 5 32
4073 13 6 18
4156 13 6 6
2154 13 6 81
4000 13 6 92
2522 13 6 41
1173 13 6 62
5073 13 7 34
4702 13 7 3
5900 13 7 82
4783 13 7 10
4566 13 7 66
2264 13 8 12
5640 13 8 3
3595 13 8 36
4360 13 8 41
2308 13 8 66
207 13 8 81
5596 13 8 63
279 13 9 81
4379 13 9 14
5200 13 9 40
2888 13 9 50
4093 13 9 3
1265 13 10 85
4850 13 10 5
3933 13 10 1
1324 13 10 58
1082 13 11 7
6142 13 11 88
4232 13 11 1
2651 13 11 58
3646 13 12 89
2076 13 12 1
6175 13 12 46
4711 13 12 3
5511 13 13 17
4690 13 13 89
767 13 13 1
3164 13 13 62
6093 13 14 19
6090 13 14 2
2688 13 14 46
5430 13 14 79
6496 13 15 2
688 13 15 80
3988 13 15 60
755 13 15 12
1665 13 16 42
1388 13 16 53
4654 13 16 12
789 13 16 18
2484 13 17 2
3775 13 17 80
4922 13 17 55
2202 13 17 17
5252 13 18 26
959 13 18 69
3859 13 18 62
1121 13 18 2
3169 13 18 21
2317 13 18 50
5079 13 18 80
4462 13 18 57
6044 13 19 85
5705 13 19 68
363 13 19 63
5868 13 19 31
189 13 19 40
3465 13 19 23
2545 13 19 35
2136 13 19 83
1029 13 19 2
2830 14 0 89
4469 14 0 53
6003 14 0 83
1087 14 0 94
1994 14 0 58
1489 14 0 3
4754 14 0 27
1619 14 0 61
4927 14 1 48
4589 14 1 93
5122 14 1 3
3123 14 1 28
3530 14 1 24
4981 14 1 51
314 14 1 73
6229 14 2 3
5759 14 2 86
3115 14 2 8
3887 14 2 47
5828 14 2 22
4522 14 2 92
808 14 2 54
4796 14 3 10
5550 14 3 38
2567 14 3 82
4877 14 3 3
5928 14 3 74
6590 14 4 59
463 14 4 29
2242 14 4 68
1405 14 4 8
4011 14 5 42
5043 14 5 67
833 14 5 13
3136 14 5 71
2201 14 5 82
6148 14 5 3
5653 14 6 81
1178 14 6 91
713 14 6 3
4292 14 6 6
4226 14 6 18
3197 14 6 41
2288 14 6 62
5834 14 7 36
2001 14 7 82
6556 14 7 3
3936 14 7 69
2986 14 7 14
4419 14 8 66
6171 14 8 3
6206 14 8 12
1659 14 8 41
980 14 8 81
6524 14 9 14
812 14 9 81
5213 14 9 3
2350 14 9 66
2643 14 9 40
5490 14 10 69
3422 14 10 26
5300 14 10 81
4 14 10 24
6378 14 10 57
3154 14 10 6
5600 14 10 85
5769 14 10 95
6540 14 10 40
291 14 10 37
367 14 10 31
3606 14 10 62
5548 14 11 95
4692 14 11 32
6517 14 11 40
5469 14 11 7
106 14 11 21
6476 14 11 37
969 14 11 26
5984 14 11 49
4380 14 11 69
2775 14 11 85
5609 14 11 89
4839 14 12 75
4724 14 12 40
5952 14 12 49
5160 14 12 9
150 14 12 71
2853 14 12 95
4865 14 13 77
3692 14 13 51
6514 14 13 96
4555 14 13 40
4797 14 13 9
5607 14 13 17
4785 14 14 17
3274 14 14 77
2971 14 14 51
4311 14 14 9
2411 14 14 96
4545 14 14 40
2912 14 15 51
2963 14 15 42
811 14 15 9
1960 14 15 77
2476 14 15 17
4337 14 16 11
1614 14 16 17
1852 14 16 42
694 14 16 77
5255 14 16 53
2798 14 17 60
4206 14 17 2
4280 14 17 83
5703 14 17 23
5983 14 17 55
3336 14 17 29
3737 14 17 86
5832 14 18 62
1202 14 18 2
4528 14 18 57
5641 14 18 80
3369 14 18 69
4784 14 18 78
4852 14 18 21
3566 14 18 26
961 14 19 23
6280 14 19 85
2792 14 19 2
6058 14 19 63
69 14 19 68
2546 14 19 35
4542 14 19 40
3421 15 0 3
4287 15 0 83
644 15 0 94
4034 15 0 53
1606 15 0 58
1875 15 0 89
4968 15 0 45
6217 15 0 61
2320 15 0 80
2818 15 1 28
395 15 1 45
4871 15 1 51
50 15 1 73
4958 15 1 20
3217 15 1 25
3247 15 1 3
4184 15 1 93
3912 15 2 92
2931 15 2 47
2774 15 2 8
1528 15 2 54
6150 15 2 82
3378 15 2 3
5168 15 2 86
5949 15 2 22
5149 15 2 44
2075 15 3 38
6035 15 3 3
6584 15 3 90
2635 15 4 61
752 15 4 29
3812 15 4 68
2207 15 4 8
4211 15 5 33
3392 15 5 16
3806 15 5 71
1058 15 5 11
319 15 5 84
6264 15 5 61
5566 15 5 6
1040 15 5 3
2307 15 6 68
4118 15 6 41
1570 15 6 91
4608 15 6 18
758 15 6 3
626 15 6 11
2911 15 6 62
4161 15 7 91
3556 15 7 68
918 15 7 11
1939 15 7 56
2356 15 7 18
1906 15 7 60
974 15 7 3
385 15 7 74
6413 15 7 37
4940 15 8 91
1859 15 8 60
1435 15 8 11
2363 15 8 18
5950 15 8 30
4252 15 8 53
1912 15 8 3
4222 15 8 56
3479 15 8 35
102 15 8 77
302 15 9 52
2530 15 9 56
715 15 9 77
1309 15 9 11
2964 15 9 3
6310 15 9 35
6023 15 9 49
5675 15 9 81
2106 15 9 88
5238 15 10 88
403 15 10 40
6435 15 10 95
4181 15 10 26
3786 15 10 3
5335 15 10 81
1769 15 10 6
3025 15 10 31
5129 15 10 62
6391 15 10 69
1963 15 10 84
2015 15 10 37
476 15 11 89
858 15 11 61
4113 15 11 85
1308 15 11 2
4214 15 11 21
6293 15 11 67
2389 15 11 24
6069 15 11 49
4874 15 11 83
3098 15 12 33
1519 15 12 75
1085 15 12 71
3888 15 12 92
1268 15 12 2
1463 15 12 87
5933 15 12 28
6492 15 12 61
263 15 12 9
3986 15 12 35
3452 15 13 77
5671 15 13 22
2025 15 13 26
3896 15 13 60
2170 15 13 90
5475 15 13 2
4405 15 13 69
3420 15 13 73
4647 15 13 95
6134 15 13 51
4625 15 14 8
2137 15 14 30
3360 15 14 71
2734 15 14 87
3721 15 14 91
5016 15 14 66
3729 15 14 25
5808 15 14 95
4260 15 14 4
5142 15 14 34
3494 15 14 76
2995 15 15 71
6420 15 15 34
3410 15 15 87
2453 15 15 65
728 15 15 42
5715 15 15 61
4417 15 15 2
2267 15 15 90
4781 15 15 74
3813 15 16 73
2565 15 16 84
666 15 16 94
2924 15 16 77
4517 15 16 34
2109 15 16 28
2873 15 16 22
4894 15 16 53
1785 15 16 11
5148 15 16 47
1431 15 16 25
5154 15 16 58
1689 15 16 69
6013 15 17 2
3278 15 17 60
4735 15 17 86
5783 15 17 23
6552 15 17 29
4846 15 18 26
5858 15 18 62
453 15 18 69
431 15 18 2
6555 15 18 80
566 15 19 2
6443 15 19 85
1096 15 19 40
4618 15 19 68
5318 15 19 35
5924 16 0 43
630 16 0 89
4489 16 0 94
839 16 0 3
3969 16 0 55
6002 16 0 61
2936 16 0 83
1355 16 1 28
2589 16 1 20
5606 16 1 45
1506 16 1 93
1714 16 1 51
6161 16 1 73
6299 16 1 89
1156 16 1 3
4278 16 2 86
3170 16 2 82
4768 16 2 54
165 16 2 93
2683 16 2 22
421 16 2 8
739 16 2 3
6081 16 2 79
3327 16 2 44
5260 16 2 48
6467 16 3 75
2315 16 3 34
5603 16 3 3
6006 16 3 90
4935 16 3 38
4594 16 4 68
3189 16 4 61
2341 16 4 8
2649 16 4 29
6166 16 5 3
3232 16 5 33
5687 16 5 71
5182 16 5 84
3519 16 5 16
4138 16 5 11
3447 16 6 15
4657 16 6 18
4949 16 6 29
6594 16 6 86
4085 16 6 91
2610 16 6 26
1383 16 6 41
3861 16 6 62
329 16 6 38
5427 16 6 80
2386 16 6 3
4344 16 6 58
2459 16 7 78
5354 16 7 37
6215 16 7 89
3946 16 7 3
730 16 7 16
5658 16 7 52
1450 16 7 11
6172 16 7 68
2716 16 7 74
4490 16 7 55
2519 16 7 32
6288 16 8 91
1142 16 8 3
2532 16 8 60
5639 16 8 84
6160 16 8 68
2489 16 8 18
3048 16 8 30
315 16 8 87
899 16 8 55
3904 16 9 3
1111 16 9 35
5211 16 9 81
1449 16 9 52
6318 16 9 56
1063 16 9 16
1239 16 9 11
3270 16 9 88
3234 16 10 62
5779 16 10 26
4404 16 10 40
5813 16 10 95
2834 16 10 31
4990 16 10 65
4518 16 10 84
6192 16 10 88
3207 16 10 60
2811 16 10 6
1420 16 10 69
5036 16 10 3
2541 16 11 85
4962 16 11 24
3830 16 11 61
3572 16 11 89
2576 16 11 67
2839 16 11 2
5651 16 11 28
3788 16 11 65
2742 16 12 9
2884 16 12 87
2930 16 12 65
6379 16 12 28
1590 16 12 35
4299 16 12 91
3388 16 12 71
2538 16 12 32
3792 16 12 2
4105 16 12 75
295 16 12 68
5875 16 13 26
4577 16 13 60
1126 16 13 77
1147 16 13 94
5075 16 13 73
1266 16 13 9
2348 16 13 69
878 16 13 58
1766 16 13 2
352 16 14 26
5584 16 14 8
4976 16 14 71
1275 16 14 76
6165 16 14 34
4367 16 14 4
597 16 14 91
5347 16 14 30
5744 16 14 66
2658 16 15 65
2135 16 15 70
3413 16 15 90
5554 16 15 2
2197 16 15 42
664 16 15 60
5352 16 15 74
454 16 16 93
4165 16 16 73
2646 16 16 84
1813 16 16 69
5990 16 16 58
2832 16 16 28
5 16 16 22
806 16 16 34
4992 16 16 53
3000 16 16 11
5794 16 16 66
4140 16 16 77
5368 16 17 29
4806 16 17 2
2907 16 17 73
6214 16 17 86
5882 16 18 26
2237 16 18 86
4087 16 18 69
5976 16 18 2
4995 16 19 68
2728 16 19 2
4524 16 19 40
226 16 19 85
4234 17 0 83
4057 17 0 94
264 17 0 3
2518 17 0 61
3576 17 0 43
2885 17 0 55
5684 17 0 76
3250 17 1 93
1075 17 1 28
4758 17 1 51
5023 17 1 68
75 17 1 73
986 17 1 3
6050 17 1 89
2505 17 1 20
6557 17 2 8
5957 17 2 92
3763 17 2 44
2149 17 2 41
2932 17 2 54
4729 17 2 79
1144 17 2 75
255 17 2 3
4227 17 2 22
2929 17 2 20
3139 17 2 82
3998 17 2 86
3841 17 3 3
1715 17 3 38
4757 17 3 75
6139 17 3 68
3796 17 3 90
148 17 3 34
2965 17 4 4
3527 17 4 29
2374 17 4 8
998 17 4 36
3559 17 4 61
4609 17 4 68
1584 17 5 3
663 17 5 33
5498 17 5 16
5235 17 5 76
3007 17 6 41
4485 17 6 58
2628 17 6 3
503 17 6 29
1690 17 6 86
832 17 6 18
1453 17 6 62
3682 17 6 15
6618 17 7 89
4358 17 7 78
2981 17 7 16
2122 17 7 37
3246 17 7 3
4378 17 7 55
6383 17 7 74
6124 17 8 15
3056 17 8 18
3869 17 8 3
4315 17 8 60
4613 17 8 68
748 17 8 30
5415 17 8 91
1116 17 8 87
791 17 9 88
3107 17 9 35
6207 17 9 52
1921 17 9 56
4091 17 9 3
1247 17 9 84
5241 17 9 16
983 17 10 65
2396 17 10 88
1163 17 10 6
139 17 10 2
4368 17 10 62
3301 17 10 69
5980 17 10 85
3186 17 10 28
6473 17 10 40
4099 17 10 31
5167 17 11 71
6500 17 11 85
6490 17 11 2
1381 17 11 64
1305 17 11 28
5965 17 11 67
4453 17 11 89
6290 17 12 9
5876 17 12 91
5492 17 12 68
720 17 12 75
6306 17 12 71
1377 17 12 35
3771 17 12 32
4012 17 12 2
4581 17 13 69
1593 17 13 1
6363 17 13 30
3921 17 13 77
5589 17 13 73
2473 17 13 94
5087 17 13 9
5790 17 13 60
4774 17 13 26
3463 17 14 8
5777 17 14 4
3163 17 14 34
1124 17 14 91
5806 17 14 30
4541 17 14 76
6130 17 14 2
3882 17 14 40
6461 17 14 71
2786 17 15 11
5899 17 15 70
1067 17 15 93
6506 17 15 74
3201 17 15 7
3174 17 15 42
4868 17 15 90
4472 17 15 2
4506 17 15 65
3492 17 16 11
125 17 16 50
5907 17 16 53
3133 17 16 34
5631 17 16 84
2026 17 16 22
3847 17 16 66
2094 17 16 69
2133 17 16 93
6478 17 16 77
3066 17 16 28
6180 17 16 58
3211 17 17 58
4698 17 17 11
2252 17 17 93
4347 17 17 28
2405 17 17 84
5212 17 17 50
1473 17 17 69
3780 17 17 7
3626 17 17 22
4265 17 17 34
6174 17 17 53
3112 17 18 84
2370 17 18 34
3570 17 18 93
6360 17 18 22
6301 17 18 53
5604 17 18 6
4473 17 18 28
5265 17 18 11
6109 17 18 58
5409 17 18 3
1671 17 18 69
3306 17 18 80
2031 17 19 5
4821 17 19 28
6451 17 19 53
5955 17 19 34
1847 17 19 80
2193 17 19 58
5897 17 19 84
4740 17 19 93
2803 17 19 2
2960 18 0 43
214 18 0 73
3762 18 0 94
4817 18 0 61
4164 18 0 83
1552 18 0 3
5642 18 0 19
5676 18 0 40
6051 18 1 61
4151 18 1 40
3987 18 1 68
2985 18 1 89
1216 18 1 3
3538 18 1 19
2568 18 1 83
6564 18 1 28
6039 18 1 94
5873 18 2 28
2021 18 2 94
4895 18 2 61
5215 18 2 8
2305 18 2 36
3160 18 2 83
3578 18 2 89
6057 18 2 68
3699 18 2 3
5326 18 3 68
2158 18 3 3
6419 18 3 36
5712 18 3 28
4886 18 3 8
449 18 3 83
2745 18 3 90
3964 18 3 61
5711 18 4 36
2097 18 4 3
5189 18 4 28
4348 18 4 8
6372 18 4 61
1389 18 5 59
2923 18 5 86
409 18 5 3
6325 18 5 19
2083 18 5 28
5772 18 6 62
5572 18 6 18
5768 18 6 41
3601 18 6 29
3911 18 6 3
576 18 7 89
2314 18 7 37
4502 18 7 78
3116 18 7 16
5494 18 7 3
3044 18 7 55
6010 18 8 91
1451 18 8 3
4685 18 8 18
67 18 8 68
3700 18 8 30
5216 18 8 60
5923 18 9 18
353 18 9 3
4051 18 9 60
1098 18 9 88
3268 18 9 35
4816 18 9 56
2574 18 10 1
4880 18 10 6
6168 18 10 40
5293 18 10 31
1348 18 10 65
1220 18 10 69
4920 18 10 88
4277 18 11 6
6040 18 11 67
5820 18 11 89
2516 18 11 28
1212 18 11 1
477 18 11 71
197 18 12 9
5881 18 12 2
1094 18 12 75
6224 18 12 70
5932 18 12 35
6427 18 12 91
4867 18 13 1
6197 18 13 30
3053 18 13 69
828 18 13 94
5622 18 13 77
625 18 13 9
706 18 14 94
6508 18 14 8
5764 18 14 76
6548 18 14 4
2685 18 14 40
4515 18 14 1
5258 18 14 34
1187 18 15 1
2216 18 15 69
6582 18 15 39
5243 18 15 7
5030 18 15 74
4421 18 15 11
5673 18 15 93
2467 18 15 42
1787 18 16 9
2263 18 16 91
5645 18 16 77
6269 18 16 34
4155 18 16 1
4191 18 16 74
6250 18 17 82
4876 18 17 93
6501 18 17 34
3747 18 17 77
1013 18 17 53
3029 18 17 7
905 18 17 1
3084 18 18 1
6273 18 18 69
5846 18 18 11
6242 18 18 6
709 18 18 83
2011 18 18 22
1873 18 19 84
4746 18 19 80
5089 18 19 2
5727 18 19 5
5534 18 19 34
6392 18 19 58
1553 19 0 3
3581 19 0 55
2857 19 0 22
4576 19 0 79
4681 19 1 3
5898 19 1 80
5776 19 1 46
6546 19 1 22
4101 19 2 81
3711 19 2 47
1952 19 2 21
370 19 2 3
3009 19 3 46
4410 19 3 85
803 19 3 3
3551 19 3 23
5230 19 4 3
1577 19 4 23
5438 19 4 57
6135 19 4 85
4592 19 5 3
6316 19 5 59
6571 19 5 28
3579 19 5 86
2131 19 6 89
3866 19 6 29
4488 19 6 41
550 19 6 3
5985 19 7 37
3848 19 7 3
3854 19 7 55
4363 19 7 89
5251 19 8 30
3486 19 8 68
2294 19 8 90
6052 19 8 3
6145 19 9 60
175 19 9 35
217 19 9 3
2645 19 10 40
5920 19 10 69
2682 19 10 89
2889 19 10 1
5615 19 10 6
937 19 11 1
4439 19 11 9
3659 19 11 71
6094 19 11 28
3291 19 11 89
4808 19 12 9
1066 19 12 91
356 19 12 35
2071 19 12 75
1176 19 12 1
989 19 13 9
3979 19 13 30
1349 19 13 94
6138 19 13 1
5655 19 13 77
3529 19 14 8
5816 19 14 40
2583 19 14 1
1828 19 14 74
181 19 15 1
1417 19 15 11
3124 19 15 74
303 19 15 42
2357 19 16 1
89 19 16 77
3238 19 16 53
1042 19 16 7
3018 19 17 7
2671 19 17 82
2553 19 17 1
1863 19 17 53
569 19 18 22
4459 19 18 83
6320 19 18 11
1512 19 18 1
4756 19 19 5
5467 19 19 84
2708 19 19 1
4413 19 19 58
