2352
3639 0 0 93
530 0 0 7
3021 0 0 1
301 0 1 25
1531 0 1 1
4306 0 1 91
158 0 2 18
3484 0 2 98
2290 0 2 1
1651 0 2 72
3297 0 3 97
1226 0 3 1
4356 0 3 17
108 0 3 73
4178 0 4 1
4145 0 4 26
3077 0 4 56
731 0 4 97
963 0 5 1
3572 0 5 96
1063 0 5 25
3143 0 5 71
4092 0 6 1
1275 0 6 85
3357 0 6 19
2698 0 6 15
2419 0 7 1
48 0 7 38
3501 0 7 21
275 0 7 89
2377 0 8 21
2817 0 8 46
4321 0 8 89
3865 0 8 1
3057 0 9 13
365 0 9 90
3026 0 9 51
3733 0 9 1
2081 0 10 90
1492 0 10 14
2624 0 10 1
2264 0 10 53
3044 0 11 1
2059 0 11 63
2876 0 11 14
2095 0 11 90
2241 0 12 4
2971 0 12 48
2295 0 12 78
1956 0 12 23
3966 0 13 89
1404 0 13 39
1087 0 13 4
2898 0 13 63
78 0 14 4
995 0 14 66
4245 0 14 36
1328 0 15 9
2801 0 15 29
2768 0 15 79
2034 0 15 49
370 0 15 3
1917 0 16 3
3634 0 16 8
767 0 16 48
3784 0 16 80
2788 0 16 32
2177 0 17 27
2974 0 17 82
3014 0 17 3
1101 0 17 8
1945 0 17 54
1709 0 18 3
3023 0 18 54
2208 0 18 28
2318 0 18 9
3989 0 18 82
3524 0 19 3
3091 0 19 8
4210 0 19 49
1269 0 19 83
858 0 19 79
940 0 19 30
2079 1 0 1
1903 1 0 87
3707 1 0 23
2519 1 0 7
2869 1 0 93
4326 1 1 1
936 1 1 25
3139 1 1 53
1823 1 1 87
4267 1 1 91
1525 1 1 21
3331 1 2 72
255 1 2 48
1260 1 2 93
941 1 2 18
2056 1 2 98
4107 1 2 1
2866 1 2 14
464 1 3 1
186 1 3 97
4367 1 3 94
1686 1 3 17
3620 1 3 73
3435 1 3 63
2339 1 4 24
4271 1 4 1
3394 1 4 50
2538 1 4 26
570 1 4 88
4108 1 4 56
747 1 5 71
2201 1 5 93
3162 1 5 1
2436 1 5 96
796 1 5 22
3342 1 5 25
2861 1 5 63
3714 1 6 81
3235 1 6 1
3862 1 6 19
547 1 6 15
956 1 6 85
1330 1 6 62
3238 1 7 38
4036 1 7 76
144 1 7 1
1405 1 7 21
1448 1 8 15
4232 1 8 72
1907 1 8 46
4300 1 8 89
2877 1 8 95
4197 1 8 42
2845 1 8 1
2622 1 9 1
2558 1 9 13
3602 1 9 44
2950 1 9 51
1019 1 9 69
129 1 10 53
1055 1 10 1
3786 1 10 87
3736 1 10 6
2395 1 10 95
1398 1 11 90
1494 1 11 92
1681 1 11 14
1802 1 11 1
3283 1 11 45
3167 1 11 82
2574 1 11 63
273 1 12 16
2471 1 12 23
3627 1 12 39
1207 1 12 48
697 1 12 78
3952 1 12 71
272 1 12 4
3941 1 13 58
3220 1 13 89
3575 1 13 81
3195 1 13 4
3099 1 13 29
3586 1 13 39
3223 1 13 63
1785 1 14 86
2591 1 14 61
3301 1 14 4
4220 1 14 36
3053 1 14 66
3136 1 14 24
4343 1 15 4
1922 1 15 43
4284 1 15 49
2628 1 15 79
1339 1 15 71
2612 1 15 9
3973 1 15 29
2426 1 15 25
1829 1 16 74
1865 1 16 32
720 1 16 28
100 1 16 3
1229 1 16 8
3662 1 16 90
1650 1 16 48
2723 1 16 80
3114 1 17 4
2199 1 17 77
3959 1 17 22
1360 1 17 27
1004 1 17 53
3066 1 18 28
3396 1 18 54
2032 1 18 9
3946 1 18 73
2118 1 18 82
3584 1 18 4
3819 1 18 49
2725 1 19 83
95 1 19 49
1550 1 19 4
1396 1 19 8
3721 1 19 44
3867 1 19 70
3596 1 19 30
1401 2 0 93
1989 2 0 1
1982 2 0 7
2573 2 0 86
4327 2 0 23
2225 2 1 53
962 2 1 96
2973 2 1 7
600 2 1 23
3788 2 1 49
1054 2 1 93
1869 2 1 18
3055 2 1 25
3886 2 1 2
4109 2 1 81
800 2 1 87
1933 2 2 96
3370 2 2 81
418 2 2 49
2196 2 2 53
4118 2 2 68
919 2 2 18
3438 2 2 2
2144 2 2 14
3636 2 2 25
3654 2 2 72
2762 2 2 7
2764 2 2 88
2391 2 3 63
1247 2 3 17
2012 2 3 94
4308 2 3 58
410 2 3 1
1028 2 3 73
3237 2 4 56
3074 2 4 50
3542 2 4 16
3955 2 4 44
2800 2 4 88
3780 2 4 1
795 2 4 96
2706 2 4 85
3509 2 4 26
2842 2 5 1
1498 2 5 25
2020 2 5 63
3925 2 5 16
3713 2 5 54
427 2 5 71
896 2 6 1
2862 2 6 81
4331 2 6 77
2954 2 6 62
2633 2 6 94
3629 2 6 85
226 2 6 49
4258 2 6 19
140 2 7 95
928 2 7 21
875 2 7 73
3817 2 7 15
3345 2 7 38
2995 2 7 76
1133 2 7 1
1287 2 8 46
1110 2 8 42
1016 2 8 72
4110 2 8 89
316 2 8 95
2608 2 8 1
2760 2 8 15
2197 2 8 36
3441 2 8 68
2016 2 9 1
9 2 9 13
2007 2 9 44
585 2 9 41
2891 2 9 51
402 2 9 69
662 2 9 92
1822 2 10 79
3727 2 10 42
1867 2 10 53
3847 2 10 2
1728 2 10 95
1747 2 10 6
3142 2 10 87
1356 2 11 1
1876 2 11 45
2270 2 11 39
669 2 11 14
949 2 11 63
1035 2 11 92
2236 2 11 82
2376 2 12 71
676 2 12 12
3518 2 12 23
639 2 12 78
4206 2 12 48
3239 2 12 65
2365 2 12 39
2252 2 12 4
3292 2 12 35
3653 2 12 17
867 2 13 4
3217 2 13 63
1399 2 13 29
2958 2 13 81
2022 2 13 21
2240 2 13 89
3487 2 13 51
3244 2 13 58
2798 2 14 36
1699 2 14 86
2765 2 14 24
478 2 14 58
2759 2 14 20
1715 2 14 61
3109 2 14 80
4382 2 14 66
3398 2 14 4
4049 2 15 66
1619 2 15 9
939 2 15 43
1373 2 15 25
567 2 15 71
2187 2 15 79
110 2 15 4
3923 2 15 29
690 2 15 49
3343 2 16 74
3624 2 16 48
3107 2 16 43
2210 2 16 80
1235 2 16 4
2738 2 16 90
2470 2 16 29
4281 2 16 24
3916 2 16 8
3104 2 16 32
4187 2 16 70
775 2 17 4
3424 2 17 22
260 2 17 49
2844 2 17 71
2402 2 17 27
616 2 17 77
3926 2 17 53
2501 2 18 73
1987 2 18 49
321 2 18 4
4119 2 18 89
2771 2 18 44
977 2 18 9
3938 2 18 28
2947 2 18 54
3498 2 19 30
3798 2 19 44
1660 2 19 70
2174 2 19 83
1274 2 19 4
2810 2 19 25
2841 2 19 8
3799 3 0 55
4094 3 0 1
4138 3 0 92
3454 3 0 10
3657 3 1 24
3688 3 1 47
2191 3 1 93
707 3 1 1
2860 3 6 62
1232 3 6 1
1977 3 6 19
2888 3 6 77
4227 3 6 13
2085 3 6 85
2636 3 6 81
3419 3 6 59
4302 3 6 46
3405 3 6 49
1530 3 6 94
2439 3 7 35
2068 3 7 81
4012 3 7 77
4270 3 7 55
3881 3 7 9
54 3 7 85
3257 3 7 94
1221 3 7 13
3338 3 7 1
3948 3 7 38
3626 3 7 73
1639 3 7 21
3280 3 7 49
3807 3 7 62
2110 3 8 85
3256 3 8 1
1160 3 8 38
2048 3 8 68
3776 3 8 21
582 3 8 77
2626 3 8 81
3471 3 8 32
1655 3 8 89
3848 3 8 62
4236 3 8 55
1209 3 8 9
3695 3 8 95
2985 3 8 49
165 3 9 9
2484 3 9 1
2192 3 9 32
3510 3 9 62
2298 3 9 81
2014 3 9 86
540 3 9 21
4341 3 9 51
4015 3 9 89
2592 3 9 95
2421 3 9 49
1756 3 9 55
2475 3 10 34
1544 3 10 2
3832 3 10 6
1371 3 10 79
2280 3 10 87
1465 3 10 53
2746 3 10 95
2993 3 10 42
2710 3 11 36
1689 3 11 39
4001 3 11 58
2587 3 11 45
3590 3 11 63
2176 3 11 78
719 3 11 82
2451 3 11 10
11 3 11 92
2575 3 11 14
3002 3 11 1
2392 3 12 17
3393 3 12 23
2997 3 12 86
2726 3 12 5
1994 3 12 32
2122 3 12 39
1623 3 12 65
1031 3 12 53
4122 3 12 59
88 3 12 78
3506 3 12 82
1594 3 12 71
3945 3 12 48
480 3 13 65
253 3 13 71
4347 3 13 89
3963 3 13 6
2385 3 13 23
1883 3 13 39
4205 3 13 17
4088 3 13 53
3255 3 14 24
2057 3 14 89
3884 3 14 41
2905 3 14 6
2166 3 14 66
3670 3 15 41
239 3 15 25
3116 3 15 90
881 3 16 25
2843 3 16 90
89 3 16 43
2890 3 17 43
1483 3 17 90
3883 3 18 73
814 3 18 90
1941 3 18 54
3433 3 18 48
2306 3 18 28
4199 3 18 83
3928 3 18 24
1349 3 18 5
4228 3 18 9
3175 3 19 44
3958 3 19 20
16 3 19 70
1597 3 19 30
4087 3 19 83
611 3 19 90
3290 3 19 8
2430 3 19 25
2563 3 19 66
534 4 0 25
3390 4 0 55
952 4 0 65
1763 4 0 47
2183 4 0 10
3229 4 1 73
1302 4 1 35
299 4 1 54
4081 4 1 82
757 4 1 7
2992 4 1 16
2644 4 3 81
3242 4 3 37
1173 4 3 4
1316 4 3 1
3689 4 4 1
4148 4 4 44
4223 4 4 83
1377 4 4 12
2824 4 10 27
3397 4 10 40
1403 4 10 17
2486 4 10 68
1596 4 11 67
2936 4 11 14
1733 4 11 83
1456 4 11 58
136 4 11 63
3601 4 11 49
3018 4 11 27
8 4 11 40
2453 4 12 59
2186 4 12 71
2412 4 12 53
3277 4 12 37
3705 4 12 5
580 4 12 86
3098 4 12 32
1609 4 12 14
2686 4 12 75
3565 4 12 82
4062 4 12 48
2046 4 13 80
461 4 13 84
1891 4 13 38
2428 4 13 52
4310 4 13 4
3685 4 13 13
4111 4 13 18
2953 4 13 29
1298 4 13 33
209 4 13 57
2593 4 13 76
787 4 14 4
1315 4 14 64
1397 4 14 19
4248 4 14 41
2991 4 14 58
2525 4 14 81
1506 4 14 54
3315 4 14 87
3837 4 15 69
4365 4 15 20
2018 4 15 38
324 4 15 49
2378 4 15 90
3213 4 15 15
2531 4 15 66
2666 4 15 4
2586 4 15 77
1190 4 16 4
4006 4 16 81
3199 4 16 34
2039 4 16 57
2648 4 16 14
698 4 17 90
1604 4 17 43
3687 4 18 4
1042 4 18 13
3102 4 18 34
3583 4 18 57
3157 4 18 75
188 4 19 25
1519 4 19 30
3735 4 19 70
3664 4 19 44
4287 4 19 62
4070 4 19 82
503 4 19 8
3300 4 19 20
888 4 19 66
3304 4 19 75
4217 5 0 65
3972 5 0 80
3652 5 0 25
769 5 0 10
1591 5 0 47
3880 5 0 42
1536 5 0 55
3415 5 1 48
1960 5 1 82
3113 5 1 67
4268 5 1 74
572 5 1 7
2130 5 1 18
1693 5 1 28
3767 5 3 56
1366 5 3 16
4124 5 3 73
1913 5 3 84
1991 5 3 7
2787 5 3 37
654 5 3 50
3811 5 3 31
1246 5 4 7
4263 5 4 51
2218 5 4 31
3062 5 4 45
3672 5 4 56
3490 5 4 66
2676 5 4 25
792 5 4 77
2661 5 4 38
4071 5 4 16
1027 5 4 86
2928 5 5 56
1969 5 5 78
682 5 5 86
1180 5 5 11
2857 5 5 31
2564 5 5 25
2823 5 5 19
171 5 5 45
3063 5 5 66
4340 5 5 38
3359 5 5 51
4215 5 6 67
4322 5 6 51
2105 5 6 7
1162 5 6 35
1176 5 6 74
1920 5 6 24
4229 5 6 18
3329 5 6 86
2923 5 7 38
1730 5 7 84
1096 5 7 7
1282 5 7 54
2883 5 7 23
2556 5 7 73
1104 5 9 54
1365 5 9 7
778 5 9 73
1409 5 9 84
2138 5 9 38
4184 5 9 16
1986 5 10 17
282 5 10 39
1449 5 10 83
2717 5 10 33
2663 5 10 68
1508 5 10 88
3203 5 10 52
2855 5 10 7
2902 5 10 74
4033 5 11 49
2480 5 11 67
889 5 11 63
630 5 11 27
1899 5 11 77
924 5 11 44
2656 5 11 83
2312 5 11 11
2502 5 12 4
930 5 12 53
1044 5 12 14
1644 5 12 59
3078 5 12 75
739 5 12 82
3477 5 12 37
2223 5 13 38
4246 5 13 80
2785 5 13 52
1919 5 13 57
1060 5 13 84
2870 5 13 33
264 5 13 4
3439 5 13 18
1948 5 14 4
4031 5 14 41
3380 5 14 87
276 5 14 58
3660 5 14 81
1089 5 14 14
3769 5 14 19
2245 5 14 64
1601 5 14 37
4346 5 15 20
4352 5 15 69
841 5 15 89
2864 5 15 77
3616 5 15 41
2534 5 15 49
3861 5 15 15
4048 5 15 4
4386 5 16 76
313 5 16 90
3743 5 16 35
2757 5 16 58
2361 5 16 4
3699 5 16 15
1255 5 17 43
261 5 17 90
2001 5 18 85
3785 5 18 4
2278 5 18 78
571 5 18 11
3517 5 18 58
271 5 18 35
1046 5 19 44
569 5 19 75
2305 5 19 91
1714 5 19 70
1294 5 19 20
4060 5 19 30
1819 5 19 82
393 5 19 8
4283 5 19 26
494 5 19 41
3236 5 19 62
839 5 19 66
556 6 3 16
2271 6 3 84
2537 6 3 7
4078 6 3 56
3569 6 3 37
4319 6 3 73
2232 6 4 7
1556 6 4 86
2072 6 4 66
2536 6 4 76
218 6 4 31
2687 6 4 25
2511 6 4 45
1410 6 4 12
3953 6 5 7
4029 6 5 31
3124 6 5 19
3384 6 5 36
1890 6 5 75
2702 6 5 64
3457 6 6 24
1653 6 6 74
1682 6 6 51
1575 6 6 86
2599 6 6 35
2347 6 6 7
2606 6 7 75
3871 6 7 31
2169 6 7 47
3729 6 7 66
413 6 7 7
3047 6 9 31
4064 6 9 67
3877 6 9 7
298 6 9 77
3133 6 9 45
981 6 10 39
130 6 10 74
1916 6 10 88
1752 6 10 7
419 6 10 52
343 6 11 6
1573 6 11 27
101 6 11 83
942 6 11 67
4288 6 11 11
175 6 11 49
2507 6 12 4
1131 6 12 82
2625 6 12 59
3560 6 12 38
938 6 12 14
506 6 13 57
2982 6 13 18
2416 6 13 84
3737 6 13 4
2024 6 13 38
1338 6 14 41
2751 6 14 19
3816 6 14 4
1901 6 14 64
1804 6 14 87
1117 6 15 4
4090 6 15 20
3478 6 15 77
1905 6 15 88
4123 6 15 49
3997 6 16 76
3334 6 16 55
1984 6 16 4
2560 6 16 15
1662 6 16 32
3011 6 16 81
307 6 17 43
169 6 17 90
3491 6 18 34
3423 6 18 4
3473 6 18 56
3496 6 18 77
1995 6 18 85
398 6 18 13
1754 6 19 82
3548 6 19 44
3858 6 19 34
812 6 19 20
3446 6 19 56
3463 6 19 8
1296 6 19 17
3137 6 19 30
1800 6 19 70
37 6 19 41
2508 6 19 26
2904 6 19 74
1428 6 19 91
1148 6 19 62
2467 7 0 80
4039 7 0 48
566 7 0 7
2006 7 0 60
326 7 0 22
384 7 0 15
2886 7 0 64
2912 7 1 66
2629 7 1 57
508 7 1 7
3141 7 1 29
258 7 1 15
3007 7 1 41
2542 7 2 16
2935 7 2 25
2230 7 2 74
3111 7 2 82
1414 7 2 67
3734 7 2 8
4313 7 2 40
1378 7 2 48
2897 7 2 62
2838 7 3 1
771 7 3 91
2603 7 3 8
3222 7 3 76
1144 7 3 31
2526 7 4 31
347 7 4 1
1542 7 4 12
882 7 4 91
3404 7 4 76
2372 7 5 1
2268 7 5 36
2498 7 5 79
1064 7 5 10
1866 7 5 91
2773 7 6 91
1284 7 6 35
3522 7 6 81
3225 7 6 12
1194 7 6 1
891 7 7 1
989 7 7 4
1103 7 7 64
3468 7 7 47
81 7 9 14
2296 7 9 7
406 7 9 38
3725 7 9 59
1116 7 9 74
2848 7 9 86
2363 7 9 50
1928 7 9 46
709 7 9 23
1534 7 10 74
3740 7 10 59
1518 7 10 68
1997 7 10 14
4020 7 10 50
4030 7 10 7
2829 7 10 32
564 7 10 38
2909 7 10 86
1981 7 10 46
1545 7 10 23
3860 7 11 55
139 7 11 79
38 7 11 6
2411 7 11 36
314 7 11 68
200 7 11 23
2837 7 11 14
3692 7 11 86
3252 7 12 4
883 7 12 13
2809 7 12 32
3382 7 12 53
1635 7 13 4
274 7 13 27
4159 7 13 47
586 7 13 75
2955 7 13 32
1940 7 13 13
3016 7 13 53
2373 7 14 4
462 7 14 33
774 7 14 54
2155 7 14 77
2442 7 14 11
3800 7 15 13
3532 7 15 52
1389 7 15 4
3642 7 15 26
2965 7 15 72
3100 7 16 10
3610 7 16 4
3722 7 16 51
1637 7 16 33
3661 7 16 59
3796 7 17 90
153 7 17 43
3686 7 18 74
794 7 18 88
1676 7 18 56
635 7 18 4
3962 7 18 29
1731 7 18 11
1416 7 19 30
1417 7 19 56
788 7 19 70
44 7 19 82
2946 7 19 8
2854 7 19 44
4139 7 19 91
268 7 19 26
1816 7 19 20
2590 7 19 74
3648 7 19 34
1102 8 0 15
2774 8 0 22
848 8 0 7
3161 8 0 48
4294 8 0 64
3372 8 1 16
4295 8 1 41
180 8 1 7
3523 8 1 66
3381 8 1 29
3771 8 2 16
2025 8 2 48
174 8 2 82
3013 8 2 25
2874 8 2 67
190 8 2 7
3263 8 2 74
686 8 3 85
2871 8 3 8
4303 8 3 24
135 8 3 33
1446 8 3 42
1009 8 3 78
3570 8 3 60
2813 8 3 73
2330 8 4 33
2356 8 4 60
643 8 4 85
2381 8 4 56
1814 8 4 73
550 8 4 78
2010 8 4 42
4252 8 4 25
1072 8 4 37
4225 8 4 8
900 8 4 19
1386 8 7 34
1182 8 8 34
1219 8 9 11
1013 8 9 89
3049 8 9 29
2215 8 9 51
86 8 9 74
3555 8 9 17
1220 8 9 6
3037 8 9 35
4376 8 10 7
3042 8 10 12
2082 8 10 50
4059 8 10 73
1432 8 10 80
2044 8 10 38
4305 8 10 29
1611 8 10 59
3520 8 11 14
105 8 11 6
2964 8 11 68
581 8 11 85
488 8 11 79
4120 8 11 55
470 8 11 23
3830 8 11 36
1304 8 12 4
887 8 12 70
1145 8 12 86
4333 8 12 28
210 8 12 10
3155 8 12 43
509 8 13 53
559 8 13 22
1430 8 13 75
4361 8 13 13
1211 8 13 27
3028 8 13 5
2840 8 13 32
4065 8 13 47
1581 8 13 84
685 8 14 5
1925 8 14 29
1881 8 14 86
1841 8 14 49
4073 8 14 72
39 8 14 11
4157 8 14 54
2504 8 14 33
3288 8 14 77
652 8 15 47
1923 8 15 26
2078 8 15 52
3416 8 15 72
2466 8 15 87
4338 8 15 66
1873 8 15 13
3594 8 15 5
235 8 16 88
2682 8 16 10
3853 8 16 49
2493 8 16 22
1532 8 16 4
523 8 16 67
3504 8 17 90
1721 8 17 44
3931 8 18 67
3593 8 18 10
439 8 18 88
2106 8 18 4
400 8 18 55
4176 8 18 22
1382 8 19 56
587 8 19 44
2505 8 19 8
3756 8 19 70
4200 8 19 83
1813 8 19 31
3557 8 19 26
2135 8 19 73
1070 8 19 91
2732 9 0 30
3122 9 0 76
699 9 0 91
1543 9 0 1
2942 9 0 9
3004 9 1 8
3790 9 1 44
2126 9 1 1
2791 9 1 64
579 9 1 91
4345 9 2 10
1704 9 2 1
3991 9 2 86
3730 9 2 73
3 9 2 33
3289 9 3 73
922 9 3 24
1727 9 3 68
1086 9 3 85
281 9 3 33
3418 9 3 14
473 9 3 6
2691 9 3 42
3017 9 4 83
2570 9 4 68
2234 9 4 14
1047 9 4 6
2487 9 4 29
770 9 4 43
1197 9 6 11
1474 9 6 31
3033 9 6 6
2403 9 6 68
3350 9 6 49
1658 9 6 85
2931 9 7 31
4357 9 7 18
3906 9 7 49
2491 9 7 61
1778 9 7 87
957 9 7 6
348 9 8 12
874 9 8 52
1090 9 8 6
3711 9 8 34
6 9 8 57
3339 9 9 52
2734 9 9 74
225 9 9 35
390 9 9 6
77 9 9 17
1150 9 10 38
1496 9 10 59
2249 9 10 6
1039 9 10 12
1490 9 10 80
1391 9 11 36
1904 9 11 6
2473 9 11 68
2553 9 11 23
4136 9 11 85
3447 9 12 82
2920 9 12 70
1151 9 12 43
1217 9 12 4
3694 9 12 10
3318 9 12 28
1953 9 12 26
133 9 12 86
2462 9 12 63
3970 9 13 47
1510 9 13 69
423 9 13 32
3547 9 13 13
619 9 13 84
1077 9 13 75
752 9 13 5
2977 9 13 28
4337 9 13 53
1579 9 14 11
3211 9 14 33
125 9 14 29
118 9 14 86
3647 9 14 54
3086 9 14 77
659 9 14 4
1205 9 14 26
2325 9 14 44
3746 9 14 70
336 9 15 52
3857 9 15 66
4204 9 15 87
4026 9 15 6
2479 9 15 26
3891 9 15 59
4017 9 15 42
751 9 15 48
834 9 15 13
847 9 15 72
3875 9 16 24
4196 9 16 10
425 9 16 4
4372 9 16 85
104 9 16 45
3391 9 16 71
3254 9 17 90
1453 9 18 28
2815 9 18 5
116 9 18 43
2354 9 18 71
3719 9 18 85
1812 9 19 8
352 9 19 73
3728 9 19 83
1354 9 19 56
3589 9 19 70
1014 9 19 91
729 9 19 31
126 9 19 44
3752 10 0 91
1889 10 0 1
2667 10 0 62
4233 10 0 5
1332 10 0 30
2980 10 0 76
2745 10 0 9
2492 10 1 8
2182 10 1 44
2831 10 1 64
3386 10 1 82
646 10 1 1
2578 10 1 39
727 10 2 10
3366 10 2 35
976 10 2 68
483 10 2 86
552 10 2 1
3673 10 3 29
549 10 3 69
4379 10 3 1
1529 10 3 86
215 10 3 5
2414 10 4 8
1971 10 4 1
1952 10 4 27
3243 10 4 70
3741 10 4 86
1043 10 18 91
291 10 18 8
2226 10 18 74
4311 10 18 50
4207 10 18 32
3038 10 18 44
3585 10 18 83
117 10 19 70
2572 10 19 91
3152 10 19 8
3196 10 19 44
376 10 19 32
1318 10 19 50
2362 10 19 74
2050 10 19 56
3607 10 19 83
4291 11 0 68
3633 11 0 76
3849 11 0 85
3836 11 0 51
2008 11 0 5
4292 11 0 16
1485 11 0 9
67 11 0 23
13 11 0 63
1216 11 0 30
3895 11 0 91
849 11 1 9
3968 11 1 16
3231 11 1 51
1828 11 1 40
3976 11 1 76
505 11 1 44
3276 11 1 91
1657 11 1 30
2351 11 1 65
3844 11 1 68
2892 11 2 69
2527 11 2 92
4360 11 2 44
2211 11 2 76
1718 11 2 40
2914 11 2 10
3430 11 2 16
986 11 2 48
4279 11 2 31
1810 11 2 51
3527 11 3 51
3726 11 3 31
2761 11 3 69
2094 11 3 57
3145 11 3 44
1742 11 3 76
2338 11 3 20
372 11 3 92
1081 11 3 40
2379 11 3 10
2535 11 4 31
1517 11 4 76
4140 11 4 11
1526 11 4 57
2328 11 4 51
1745 11 4 69
1759 11 4 44
810 11 4 92
3553 11 4 3
2047 11 5 44
4079 11 5 92
950 11 5 57
768 11 5 11
4257 11 5 23
2476 11 5 31
2327 11 5 51
3189 11 5 71
3700 11 5 3
951 11 5 76
2013 11 6 85
3949 11 6 16
3302 11 6 73
1088 11 6 3
232 11 6 30
3765 11 6 48
1599 11 7 83
142 11 7 16
712 11 7 3
1183 11 7 56
576 11 7 28
364 11 8 19
3169 11 8 72
3723 11 8 43
3876 11 8 67
3964 11 8 11
3449 11 8 55
2288 11 8 3
3192 11 9 3
3269 11 9 60
4172 11 9 75
3709 11 9 15
1115 11 9 31
2724 11 11 3
2499 11 11 35
3095 11 11 75
4011 11 11 15
4004 11 11 56
3413 11 12 3
1765 11 12 58
4175 11 12 9
53 11 12 27
1069 11 12 72
349 11 13 80
901 11 13 85
1021 11 13 3
3635 11 13 10
2545 11 13 33
360 11 13 55
2359 11 14 3
627 11 14 85
4098 11 14 79
1661 11 14 9
2063 11 14 27
1792 11 14 52
899 11 18 40
1985 11 18 24
2668 11 18 45
1023 11 18 62
1201 11 18 13
2652 11 18 19
2820 11 18 6
1912 11 18 34
1124 11 18 78
663 11 19 12
2035 11 19 61
1767 11 19 41
2340 11 19 56
2380 11 19 6
1772 11 19 68
2459 11 19 80
3894 11 19 20
1859 11 19 32
3603 11 19 16
4366 11 19 73
2342 12 0 85
2678 12 0 27
1426 12 0 16
1187 12 0 3
2979 12 0 68
3802 12 1 18
1127 12 1 37
208 12 1 87
2477 12 1 64
411 12 1 3
4380 12 2 18
666 12 2 69
641 12 2 3
2369 12 2 29
2520 12 2 87
1358 12 3 39
213 12 3 18
1708 12 3 64
2733 12 3 3
679 12 3 89
4235 12 4 3
2147 12 4 11
1394 12 4 42
2161 12 4 69
2323 12 4 89
2090 12 5 90
1959 12 5 15
3072 12 5 71
3924 12 5 3
2588 12 5 36
2885 12 6 90
4097 12 6 19
3874 12 6 73
1877 12 6 30
664 12 6 3
1837 12 7 19
863 12 7 3
2248 12 7 28
4141 12 7 56
1741 12 7 82
4000 12 8 19
443 12 8 55
1481 12 8 26
3782 12 8 72
3903 12 8 3
90 12 9 5
1539 12 9 26
4387 12 9 67
2388 12 9 89
2027 12 11 18
3974 12 11 90
2970 12 11 34
3951 12 11 3
4170 12 11 73
1566 12 12 69
3751 12 12 5
3298 12 12 81
2509 12 12 20
840 12 12 36
2500 12 13 25
602 12 13 85
3262 12 13 43
4096 12 13 5
2311 12 13 69
3870 12 14 69
1878 12 14 85
3253 12 14 24
1068 12 14 5
3190 12 14 45
2555 12 16 6
3120 12 16 23
2061 12 16 38
1098 12 16 48
1040 12 17 79
490 12 17 6
1524 12 17 46
285 12 17 22
3412 12 17 16
1433 12 17 66
4132 12 17 84
1155 12 18 39
3058 12 18 45
2899 12 18 6
859 12 18 24
3791 12 18 19
3650 12 18 62
1310 12 19 6
4238 12 19 16
3474 12 19 20
822 12 19 41
3135 12 19 61
1355 12 19 68
3564 12 19 80
1516 13 0 80
3110 13 0 2
3497 13 0 47
2077 13 0 18
645 13 1 22
114 13 1 2
4384 13 1 45
160 13 1 81
4209 13 2 2
4239 13 2 16
2934 13 2 50
937 13 2 81
1806 13 3 83
2488 13 3 50
633 13 3 2
598 13 3 23
4348 13 4 2
756 13 4 20
3956 13 4 84
3205 13 4 54
1012 13 5 2
4150 13 5 87
1164 13 5 49
3515 13 5 22
1293 13 6 56
520 13 6 13
2967 13 6 2
2051 13 7 2
3075 13 7 78
3117 13 7 28
3562 13 7 58
1091 13 8 84
3965 13 8 2
167 13 8 26
2913 13 8 57
455 13 9 1
1762 13 9 84
4369 13 9 68
916 13 9 5
1874 13 9 31
1698 13 10 3
134 13 11 71
3321 13 11 44
2474 13 11 19
4316 13 11 3
2120 13 12 15
3204 13 12 29
2919 13 12 68
1671 13 12 74
4216 13 12 7
4297 13 12 36
4113 13 12 47
3887 13 12 81
2181 13 12 56
1384 13 12 20
309 13 13 56
3174 13 13 81
192 13 13 25
3088 13 13 29
3987 13 13 47
2908 13 13 68
1326 13 13 74
3680 13 13 36
3293 13 13 7
211 13 13 15
1006 13 16 6
738 13 16 69
99 13 16 31
4153 13 16 46
1331 13 16 85
1036 13 17 6
3814 13 17 84
2324 13 17 22
2131 13 17 46
2054 13 17 66
557 13 18 24
1000 13 18 66
3428 13 18 84
932 13 18 6
4370 13 18 45
256 13 19 80
4121 13 19 41
176 13 19 6
4044 13 19 20
813 13 19 84
1440 13 19 68
3395 14 0 71
1109 14 0 80
4046 14 0 41
431 14 0 18
3103 14 0 2
967 14 0 47
4378 14 1 45
4244 14 1 41
1936 14 1 2
1286 14 1 79
4114 14 1 22
3535 14 1 18
4072 14 2 81
991 14 2 16
3210 14 2 74
3781 14 2 2
1586 14 2 94
3831 14 2 41
2712 14 3 83
4102 14 3 93
4334 14 3 2
2083 14 3 40
3130 14 3 19
915 14 3 50
5 14 3 23
1805 14 4 23
1030 14 4 54
3957 14 4 50
2658 14 4 95
1701 14 5 50
560 14 5 95
1262 14 5 23
1452 14 6 50
1003 14 6 23
3129 14 7 23
3921 14 7 28
2696 14 8 23
2818 14 8 27
2427 14 10 3
993 14 11 48
1522 14 11 84
3275 14 11 89
2615 14 11 71
3677 14 11 65
2754 14 11 33
2716 14 11 79
1470 14 11 14
333 14 11 3
730 14 11 52
1947 14 11 59
278 14 11 94
3470 14 12 68
4151 14 12 47
259 14 12 15
1484 14 12 29
2972 14 12 56
2795 14 12 74
4156 14 12 85
3188 14 12 6
4256 14 13 25
3335 14 13 77
1237 14 13 52
4363 14 13 85
2231 14 13 6
3093 14 13 35
2247 14 14 34
3644 14 15 79
1949 14 15 5
4082 14 15 21
3064 14 15 43
3864 14 15 68
1950 14 16 20
711 14 16 5
3081 14 16 65
2282 14 16 92
257 14 16 37
2930 14 17 5
821 14 17 17
2262 14 17 92
671 14 17 44
917 14 17 64
1239 14 18 17
832 14 18 60
1645 14 18 92
1702 14 18 5
4242 14 18 42
2164 14 19 88
3543 14 19 19
2693 14 19 38
2489 14 19 63
3479 14 19 5
897 15 0 14
4135 15 0 40
344 15 0 47
380 15 0 18
4116 15 0 80
2949 15 0 71
3552 15 0 2
522 15 0 93
625 15 0 67
3291 15 1 72
3885 15 1 2
2604 15 1 79
1154 15 1 22
1075 15 1 93
436 15 1 45
3708 15 1 17
3838 15 1 41
3207 15 2 2
2496 15 2 81
3166 15 2 74
2654 15 2 94
3462 15 2 16
3580 15 2 37
358 15 2 72
3539 15 3 20
3787 15 3 2
2178 15 3 83
1980 15 3 93
2957 15 3 37
1359 15 3 14
2074 15 3 78
704 15 3 23
815 15 3 50
1898 15 3 40
4053 15 4 95
3191 15 4 50
2472 15 4 23
3961 15 5 82
1509 15 5 3
2172 15 5 49
317 15 5 21
3027 15 6 40
4218 15 6 31
3545 15 6 89
1929 15 6 16
238 15 6 77
1434 15 6 65
1065 15 6 60
1946 15 6 3
3530 15 6 56
460 15 7 35
395 15 7 60
2699 15 7 3
1419 15 7 91
2812 15 8 3
234 15 8 92
4269 15 8 41
1204 15 8 64
3896 15 9 13
2457 15 9 34
4286 15 9 8
3376 15 9 90
3747 15 9 3
1208 15 9 45
3944 15 9 61
2700 15 9 93
3285 15 9 87
3340 15 10 3
2060 15 10 17
3526 15 10 46
207 15 10 68
1413 15 10 88
665 15 10 92
2019 15 10 12
1744 15 11 84
1850 15 11 14
2098 15 11 59
3917 15 11 33
1388 15 11 71
1608 15 11 3
4181 15 11 65
3818 15 11 52
4355 15 11 89
2796 15 11 93
346 15 12 29
1809 15 12 15
3854 15 12 5
64 15 12 56
853 15 12 74
4182 15 13 54
2660 15 13 5
762 15 13 76
4273 15 13 35
1407 15 13 14
221 15 15 89
562 15 15 26
2737 15 15 45
2173 15 15 11
574 15 16 26
3012 15 16 89
3993 15 16 92
3406 15 16 45
2832 15 16 11
826 15 17 34
2911 15 17 88
2123 15 17 26
4374 15 17 45
2273 15 17 10
3512 15 17 19
2297 15 18 10
1669 15 18 25
3041 15 18 34
3521 15 18 19
1887 15 18 42
970 15 18 63
3248 15 18 88
1674 15 19 19
75 15 19 32
2548 15 19 79
3399 15 19 88
202 15 19 63
2343 15 19 38
538 15 19 71
599 15 19 10
2495 15 19 58
394 16 0 86
1915 16 0 18
3006 16 0 11
4131 16 0 71
1711 16 0 41
2432 16 0 80
4014 16 0 47
2688 16 0 76
2901 16 0 2
706 16 0 14
283 16 0 45
3083 16 0 67
362 16 0 36
3286 16 0 5
3341 16 0 91
1972 16 1 36
3159 16 1 47
653 16 1 41
3378 16 1 93
3508 16 1 76
2397 16 1 80
1729 16 1 22
3227 16 1 68
3079 16 1 18
3187 16 1 34
1007 16 1 86
1593 16 2 81
741 16 2 86
911 16 2 31
2382 16 2 47
2485 16 2 94
3209 16 2 76
623 16 2 20
2463 16 2 22
4342 16 3 50
187 16 3 86
1641 16 3 94
184 16 3 20
2679 16 3 57
3618 16 3 23
2260 16 4 57
3392 16 4 23
3922 16 4 50
1105 16 4 95
2741 16 5 32
3323 16 5 50
1567 16 5 87
3574 16 5 15
3218 16 5 76
1722 16 5 2
2642 16 5 64
3061 16 5 38
1665 16 6 65
2918 16 6 10
3882 16 6 32
263 16 6 77
2557 16 6 3
223 16 6 16
2478 16 6 40
3640 16 6 60
4179 16 6 89
3656 16 7 59
1598 16 7 3
2221 16 7 30
1477 16 7 86
312 16 7 93
3442 16 7 77
1821 16 7 49
2458 16 7 54
2750 16 7 13
904 16 7 27
1569 16 8 3
4068 16 8 13
1059 16 8 54
2952 16 8 77
296 16 8 87
809 16 8 93
3982 16 8 31
3388 16 8 21
1225 16 8 61
3536 16 9 90
2940 16 9 34
722 16 9 3
4385 16 9 13
4051 16 9 61
2086 16 9 25
3363 16 9 31
3333 16 9 87
684 16 9 93
42 16 9 72
3417 16 10 22
3040 16 10 57
3224 16 10 3
1588 16 10 50
2075 16 10 17
2307 16 10 54
2722 16 10 81
3813 16 10 68
935 16 10 92
3534 16 10 86
4074 16 10 29
535 16 10 66
745 16 11 64
912 16 11 33
2835 16 11 14
1062 16 11 53
2921 16 11 71
3597 16 11 88
4101 16 11 30
2833 16 11 59
1643 16 11 3
2789 16 11 84
3549 16 11 93
4099 16 12 26
1346 16 12 6
2088 16 12 53
3996 16 12 31
2529 16 12 14
2469 16 12 83
91 16 12 48
3810 16 12 89
2962 16 12 42
1786 16 12 70
4134 16 13 53
2220 16 13 83
3208 16 13 31
3890 16 13 60
1271 16 13 6
877 16 13 64
3264 16 13 70
3364 16 13 89
2449 16 13 15
3035 16 14 31
1854 16 14 15
3368 16 14 6
3658 16 14 91
1983 16 14 83
3846 16 14 53
2355 16 14 64
3738 16 14 60
1801 16 14 70
1848 16 15 75
2206 16 15 33
2939 16 15 62
2193 16 15 28
3979 16 15 6
1500 16 15 82
1548 16 15 89
678 16 15 56
31 16 15 42
878 16 15 24
147 16 15 53
2062 16 16 6
2237 16 16 10
3240 16 16 19
2581 16 16 77
3859 16 16 50
62 16 16 31
2200 16 16 70
4314 16 16 39
414 16 16 59
1184 16 16 88
1691 16 17 51
1732 16 17 18
1312 16 17 69
773 16 17 26
1254 16 17 74
98 16 17 88
1305 16 17 32
3180 16 17 6
3046 16 17 57
2543 16 18 76
3258 16 18 33
4261 16 18 81
1436 16 18 6
693 16 18 67
1307 16 18 16
1357 16 18 39
3856 16 18 56
4007 16 18 63
401 16 19 76
1942 16 19 87
1895 16 19 19
1200 16 19 10
895 16 19 53
3230 16 19 58
2917 16 19 71
432 16 19 32
3181 16 19 38
721 17 0 8
4174 17 0 2
1048 17 0 11
673 17 0 40
894 17 0 5
3638 17 0 65
4377 17 0 91
2026 17 0 85
718 17 0 45
3168 17 1 8
1099 17 1 12
3936 17 1 74
2867 17 1 62
1381 17 1 36
3084 17 1 16
1264 17 1 33
714 17 1 2
1781 17 2 90
3420 17 2 73
2830 17 2 17
872 17 2 78
3054 17 2 38
3407 17 2 64
112 17 2 43
2600 17 2 2
4186 17 3 15
3436 17 3 82
1080 17 3 77
2579 17 3 60
1826 17 3 92
1628 17 3 35
3669 17 3 8
2589 17 3 2
3659 17 3 41
3613 17 3 57
3681 17 4 81
3984 17 4 7
2506 17 4 33
87 17 4 89
2289 17 4 42
287 17 4 66
335 17 4 2
3274 17 4 61
1135 17 5 12
3605 17 5 2
3978 17 5 33
2559 17 5 9
3599 17 5 38
2424 17 5 50
833 17 5 76
1726 17 5 15
1970 17 5 65
544 17 6 36
2657 17 6 40
397 17 6 89
3525 17 6 2
4050 17 6 10
1317 17 6 77
19 17 6 16
1861 17 6 65
2828 17 7 86
3843 17 7 13
3056 17 7 54
4066 17 7 52
2546 17 7 27
2455 17 7 3
2070 17 7 30
825 17 7 59
3529 17 7 84
2454 17 8 3
1600 17 8 61
2836 17 8 31
2522 17 8 58
2610 17 8 77
3495 17 8 21
4161 17 8 84
876 17 8 93
392 17 9 3
3671 17 9 34
1425 17 9 80
2316 17 9 24
4192 17 9 20
1283 17 9 72
1663 17 9 75
3682 17 9 85
818 17 9 55
3466 17 9 58
3029 17 10 17
2337 17 10 29
3757 17 10 22
780 17 10 57
2786 17 10 81
4240 17 10 3
14 17 10 86
65 17 10 53
3888 17 10 68
4077 17 11 59
1690 17 11 93
691 17 11 30
4275 17 11 88
2649 17 11 64
3266 17 11 84
568 17 11 33
3710 17 11 71
3409 17 11 14
3452 17 11 3
1832 17 12 28
340 17 12 48
3558 17 12 53
2731 17 12 6
1121 17 12 89
4226 17 12 31
4168 17 12 83
3383 17 12 14
4169 17 12 42
2639 17 12 70
1795 17 13 28
3556 17 13 80
3731 17 13 64
1820 17 13 88
4320 17 13 15
1697 17 13 24
2895 17 13 46
4185 17 13 6
592 17 13 50
1266 17 14 69
1076 17 14 90
1188 17 14 47
1768 17 14 79
3489 17 14 30
1227 17 14 6
1713 17 14 51
1720 17 15 33
79 17 15 53
2073 17 15 89
3809 17 15 6
4149 17 15 28
1192 17 15 48
1561 17 15 62
2859 17 15 82
3806 17 16 10
3272 17 16 59
4045 17 16 19
1955 17 16 31
417 17 16 77
3003 17 16 70
4028 17 16 39
1773 17 16 51
2802 17 16 6
3977 17 17 18
3732 17 17 74
2163 17 17 51
973 17 17 5
842 17 17 26
2468 17 17 69
4315 17 17 57
1642 17 17 37
2214 17 17 32
2281 17 18 67
3577 17 18 56
205 17 18 75
1860 17 18 16
594 17 18 5
2530 17 18 39
1527 17 18 81
3591 17 18 33
2933 17 19 19
2948 17 19 71
452 17 19 87
1210 17 19 32
1460 17 19 9
798 17 19 38
4112 17 19 76
3311 17 19 58
2284 17 19 84
2364 18 0 61
1843 18 0 91
4280 18 0 85
4144 18 0 2
3939 18 0 8
3538 18 0 45
4251 18 0 11
4383 18 0 65
4250 18 0 40
2140 18 1 12
3824 18 1 36
2368 18 1 40
3630 18 1 62
3328 18 1 2
320 18 1 91
4069 18 1 16
3892 18 2 72
3278 18 2 2
1736 18 2 78
3294 18 2 17
3551 18 2 14
3812 18 2 38
1125 18 2 43
4278 18 2 90
3071 18 3 92
984 18 3 60
2431 18 3 2
3249 18 3 12
4188 18 3 82
948 18 3 15
1716 18 3 41
3233 18 4 7
4219 18 4 66
4247 18 4 89
2266 18 4 2
603 18 4 42
929 18 5 76
1348 18 5 12
1169 18 5 2
3930 18 5 50
3801 18 5 15
4201 18 5 38
2752 18 5 66
886 18 6 2
502 18 6 89
2360 18 6 77
1817 18 6 12
2117 18 6 16
1996 18 6 65
1285 18 6 36
2689 18 6 40
782 18 7 86
1605 18 7 2
1926 18 7 59
589 18 7 83
3550 18 7 27
4353 18 7 13
361 18 7 30
3927 18 7 54
4194 18 8 31
1835 18 8 61
2868 18 8 13
2571 18 8 84
1439 18 8 2
2959 18 9 24
974 18 9 85
4100 18 9 58
3148 18 9 34
2116 18 9 3
649 18 9 75
4221 18 10 57
1083 18 10 84
1342 18 10 29
243 18 10 68
3768 18 10 22
308 18 10 3
3127 18 11 33
1447 18 11 88
2168 18 11 30
4019 18 11 3
2884 18 11 64
3940 18 11 14
4093 18 11 71
4375 18 11 84
2065 18 12 31
3663 18 12 89
193 18 12 5
4160 18 12 53
3327 18 12 48
766 18 12 70
1158 18 12 14
3460 18 13 28
1863 18 13 88
2371 18 13 5
2052 18 13 50
1008 18 13 15
382 18 13 64
292 18 14 75
1313 18 14 90
4301 18 14 51
467 18 14 5
3676 18 14 15
4043 18 14 30
3186 18 14 79
3226 18 14 68
1587 18 14 47
1370 18 15 48
1902 18 15 53
3901 18 15 62
2071 18 15 82
2194 18 15 33
1480 18 15 6
2887 18 16 51
4143 18 16 39
2645 18 16 19
4163 18 16 10
1482 18 16 5
4162 18 16 59
3411 18 16 70
539 18 16 77
2482 18 16 35
3839 18 17 74
3085 18 17 5
2808 18 17 32
2719 18 17 37
1990 18 17 18
2708 18 17 57
2064 18 18 5
4052 18 18 39
3905 18 18 56
469 18 18 67
1797 18 18 81
2341 18 18 16
497 18 19 5
4165 18 19 9
2348 18 19 87
2037 18 19 58
968 18 19 38
2690 18 19 76
2276 18 19 32
3852 18 19 19
3408 19 0 2
3268 19 0 91
3873 19 0 11
3385 19 0 65
3744 19 0 45
726 19 1 2
485 19 1 92
379 19 1 78
2409 19 1 40
692 19 1 16
3431 19 2 78
2413 19 2 43
3918 19 2 17
3346 19 2 2
1037 19 2 92
4282 19 3 15
4224 19 3 82
229 19 3 41
3115 19 3 92
3158 19 3 2
3425 19 4 2
4024 19 4 50
74 19 4 66
776 19 4 7
3609 19 5 2
1614 19 5 76
493 19 5 15
3176 19 5 50
2091 19 6 16
1041 19 6 2
1195 19 6 40
1238 19 6 77
1363 19 7 86
2821 19 7 2
477 19 7 30
1537 19 7 13
2617 19 7 59
4328 19 8 61
1684 19 8 13
1193 19 8 34
1815 19 8 86
2937 19 8 2
3132 19 9 75
2701 19 9 34
3150 19 9 14
245 19 9 2
2523 19 9 86
3163 19 10 88
3779 19 10 29
328 19 10 2
3234 19 10 14
1094 19 10 68
743 19 11 14
1361 19 11 2
4155 19 11 88
1678 19 11 33
203 19 11 71
4243 19 12 53
3140 19 12 31
1408 19 12 70
3833 19 12 89
2353 19 12 5
1412 19 12 14
2767 19 13 5
985 19 13 50
2322 19 13 90
2357 19 13 15
3826 19 13 75
2190 19 13 31
2631 19 14 15
3184 19 14 5
1789 19 14 31
1084 19 14 51
4130 19 14 75
2541 19 14 90
3151 19 15 53
195 19 15 62
3455 19 15 5
3022 19 15 15
4083 19 15 31
601 19 16 5
1908 19 16 19
2100 19 16 39
2456 19 16 59
3913 19 16 77
2718 19 17 18
2133 19 17 81
3401 19 17 5
3354 19 17 37
1340 19 17 67
2053 19 18 19
1700 19 18 67
4003 19 18 81
1647 19 18 39
2839 19 18 5
3082 19 19 19
2875 19 19 58
4075 19 19 87
3202 19 19 5
3076 19 19 38
