2321
6238 0 0 34
2183 0 0 65
6074 0 0 2
1178 0 0 9
5284 0 0 93
6201 0 1 93
5028 0 1 2
5833 0 1 6
2772 0 1 40
833 0 1 66
4713 0 2 74
6242 0 2 93
4666 0 2 12
2563 0 2 2
1741 0 2 38
2035 0 3 68
2963 0 3 2
3294 0 3 96
2702 0 3 40
6081 0 3 12
5794 0 4 72
5132 0 4 46
3691 0 4 11
446 0 4 2
297 0 5 41
812 0 5 13
519 0 5 2
3962 0 5 79
1001 0 6 53
5357 0 6 91
1446 0 6 24
192 0 6 2
2253 0 7 2
5414 0 7 23
420 0 7 64
4958 0 7 94
2017 0 8 20
6155 0 8 88
2423 0 8 50
1912 0 8 2
4326 0 9 89
2968 0 9 17
507 0 9 47
2775 0 9 2
5924 0 10 2
170 0 10 18
3051 0 10 53
6015 0 10 90
5528 0 11 80
5691 0 11 40
4246 0 11 85
5582 0 11 2
1142 0 12 44
4387 0 12 82
190 0 12 2
703 0 12 87
4808 0 13 36
5624 0 13 3
1304 0 13 10
2631 0 13 53
2630 0 13 89
5007 0 14 30
5585 0 14 89
5022 0 14 3
5058 0 14 9
6067 0 14 63
6217 0 15 90
1427 0 15 36
5722 0 15 3
5820 0 15 10
4243 0 15 67
2971 0 16 65
1625 0 16 3
3329 0 16 7
2748 0 16 33
3000 0 16 92
2970 0 17 32
4895 0 17 12
1153 0 17 3
5423 0 17 92
4277 0 17 66
6012 0 18 7
1232 0 18 33
1930 0 18 66
1403 0 18 94
5558 0 18 3
4262 0 19 12
1235 0 19 28
4860 0 19 95
1165 0 19 3
4343 0 19 68
5386 1 0 88
821 1 0 9
1808 1 0 34
5700 1 0 3
1008 1 0 93
6249 1 0 65
4712 1 0 84
4069 1 0 40
6244 1 0 54
5508 1 1 6
4133 1 1 35
739 1 1 93
2914 1 1 9
5062 1 1 48
1909 1 1 21
5801 1 1 66
5279 1 1 79
773 1 1 3
5921 1 1 40
1845 1 2 9
2206 1 2 35
5898 1 2 40
5398 1 2 75
3578 1 2 79
6123 1 2 66
5695 1 2 93
1668 1 2 6
4826 1 2 48
816 1 2 21
4399 1 3 31
4178 1 3 48
1439 1 3 12
5807 1 3 40
25 1 3 35
369 1 3 21
2277 1 3 68
3530 1 3 79
1137 1 3 93
5269 1 3 96
5294 1 3 75
6133 1 4 11
4164 1 4 72
2786 1 4 8
5056 1 4 37
4183 1 4 46
5075 1 4 2
2542 1 5 71
5944 1 5 2
2598 1 5 38
6096 1 5 10
6225 1 5 13
3609 1 5 41
664 1 5 79
2946 1 6 2
889 1 6 24
5253 1 6 86
5306 1 6 91
1949 1 6 53
3505 1 6 22
563 1 7 2
6262 1 7 87
5443 1 7 56
2594 1 7 23
2528 1 7 64
3577 1 7 94
5917 1 8 43
5019 1 8 50
5626 1 8 77
5395 1 8 88
5130 1 8 20
2129 1 8 2
5729 1 8 17
1065 1 9 47
5493 1 9 2
2340 1 9 89
6168 1 9 83
2906 1 9 15
2273 1 9 17
3491 1 10 18
5300 1 10 81
5709 1 10 90
2093 1 10 2
2507 1 10 53
1375 1 10 15
5634 1 10 43
3938 1 11 80
6192 1 11 32
4160 1 11 40
2957 1 11 85
4527 1 11 75
4404 1 11 2
5754 1 12 79
5932 1 12 87
6114 1 12 2
3370 1 12 82
5280 1 12 30
3347 1 12 44
443 1 13 10
3712 1 13 36
4359 1 13 3
4856 1 13 29
712 1 13 72
5584 1 13 53
1558 1 14 3
1293 1 14 36
6126 1 14 53
243 1 14 10
2580 1 14 89
5461 1 14 30
5784 1 14 63
1064 1 14 72
785 1 15 87
5297 1 15 25
4038 1 15 53
4947 1 15 49
5520 1 15 63
5597 1 15 90
5891 1 15 67
6000 1 15 72
4084 1 15 30
357 1 15 3
3606 1 15 10
5656 1 15 36
1422 1 16 3
4677 1 16 61
5587 1 16 65
5186 1 16 29
5373 1 16 90
3178 1 16 7
3914 1 16 33
2705 1 17 12
4296 1 17 87
14 1 17 3
6069 1 17 60
2904 1 17 92
4235 1 17 32
3214 1 18 29
5327 1 18 90
1820 1 18 61
3432 1 18 33
4040 1 18 4
4411 1 18 95
124 1 18 7
5669 1 18 66
3237 1 19 3
1032 1 19 54
1790 1 19 12
5863 1 19 68
3295 1 19 95
491 1 19 28
3771 1 19 8
6186 1 19 85
5485 2 0 40
1113 2 0 93
1396 2 0 3
5564 2 0 63
4969 2 0 84
4445 2 0 6
1838 2 0 31
2646 2 0 54
3877 2 0 34
3112 2 0 58
3080 2 1 31
5463 2 1 87
2192 2 1 93
280 2 1 2
149 2 1 6
4304 2 1 21
4225 2 1 9
6072 2 1 48
2536 2 1 28
4309 2 1 62
1092 2 2 2
2430 2 2 80
2871 2 2 34
5367 2 2 13
6194 2 3 41
4122 2 3 31
2184 2 3 79
3111 2 3 48
2491 2 3 75
879 2 3 13
4796 2 3 96
5515 2 3 72
6118 2 4 13
3735 2 4 2
6270 2 4 41
3555 2 4 46
4828 2 4 72
4924 2 4 66
2072 2 4 91
1590 2 4 79
2064 2 5 71
4863 2 5 2
2612 2 5 91
5339 2 5 66
2556 2 5 79
2820 2 5 13
4300 2 5 41
5166 2 6 2
5342 2 6 24
2847 2 6 53
4349 2 6 91
4376 2 6 47
6106 2 6 19
4674 2 6 80
2146 2 6 86
5779 2 7 64
5546 2 7 19
5049 2 7 56
2575 2 7 87
2521 2 7 94
5417 2 7 2
4496 2 7 50
4197 2 7 23
4310 2 7 83
453 2 8 40
5916 2 8 16
3584 2 8 73
245 2 8 88
6026 2 8 50
4951 2 8 20
3193 2 8 43
4303 2 8 2
3839 2 8 77
638 2 9 53
3894 2 9 18
1956 2 9 40
4204 2 9 90
6076 2 9 43
5454 2 9 2
6167 2 9 83
6254 2 9 11
5065 2 9 76
5110 2 9 47
4240 2 10 90
1367 2 10 15
1591 2 10 2
3268 2 10 43
1525 2 10 53
1751 2 10 81
3267 2 10 18
5190 2 11 40
3463 2 11 80
1612 2 11 85
3322 2 11 75
141 2 11 2
2431 2 11 69
6256 2 11 25
5424 2 11 32
4705 2 12 74
4072 2 12 44
2091 2 12 82
5320 2 12 87
3709 2 12 25
2877 2 12 2
2437 2 12 79
1588 2 12 41
2522 2 12 30
2836 2 13 49
5319 2 13 80
389 2 13 3
4585 2 13 93
5013 2 13 10
669 2 13 22
5608 2 14 10
893 2 14 3
2526 2 14 22
3958 2 14 54
1198 2 14 70
4147 2 15 12
5348 2 15 68
5133 2 15 36
6093 2 15 95
3901 2 15 78
5218 2 15 72
3834 2 16 33
5519 2 16 12
5010 2 16 78
286 2 16 95
5036 2 16 68
5704 2 17 78
1545 2 17 51
1891 2 17 95
5977 2 17 12
4549 2 17 33
5432 2 17 68
5151 2 18 90
2236 2 18 51
2320 2 18 5
4993 2 18 33
5808 2 18 8
1286 2 18 68
2515 2 18 95
6212 2 18 12
3366 2 18 58
4461 2 19 51
2838 2 19 95
6170 2 19 68
219 2 19 8
1376 2 19 12
4555 2 19 28
4888 2 19 55
5960 2 19 88
895 2 19 5
3482 2 19 65
854 2 19 61
1447 3 0 2
5127 3 0 34
2384 3 0 90
2332 3 0 6
4961 3 0 58
2668 3 0 63
2609 3 0 40
2825 3 0 93
300 3 0 88
5360 3 1 31
535 3 1 9
2162 3 1 59
1642 3 1 2
1207 3 1 92
1413 3 1 24
5569 3 1 62
5557 3 1 89
3208 3 1 27
4324 3 1 56
1720 3 2 80
5486 3 2 8
965 3 2 13
1281 3 2 2
5271 3 2 34
5226 3 2 68
5961 3 3 41
5791 3 3 49
6149 3 3 12
3113 3 3 31
2482 3 3 18
2297 3 3 96
1027 3 3 79
5536 3 3 76
1844 3 4 2
3725 3 4 90
5890 3 4 10
5072 3 4 37
5104 3 4 68
3476 3 5 2
159 3 5 66
1016 3 5 91
3251 3 5 26
3993 3 5 10
2891 3 6 91
5902 3 6 2
2984 3 6 47
215 3 6 80
1716 3 6 84
5483 3 6 14
2765 3 6 53
4542 3 6 24
1593 3 6 86
4523 3 7 2
1160 3 7 47
4809 3 7 64
4486 3 7 95
3865 3 7 19
4653 3 7 87
583 3 7 76
2788 3 7 24
6166 3 7 14
3431 3 7 56
4686 3 7 92
2742 3 8 24
1773 3 8 51
1616 3 8 2
6078 3 8 14
1455 3 8 47
941 3 8 56
5809 3 8 64
4195 3 8 88
2265 3 8 95
4628 3 9 11
1726 3 9 56
1330 3 9 95
4234 3 9 24
3277 3 9 47
4508 3 9 64
2843 3 9 2
1969 3 9 60
1817 3 10 47
4125 3 10 64
1111 3 10 95
1319 3 10 60
632 3 10 2
2300 3 10 57
4953 3 10 92
3654 3 10 24
6184 3 11 40
3630 3 11 2
6266 3 11 19
4463 3 11 67
4963 3 11 32
2342 3 11 69
325 3 11 85
2853 3 11 75
5182 3 11 81
4173 3 12 74
5495 3 12 19
1350 3 12 79
3545 3 12 25
4700 3 12 68
4560 3 12 87
2724 3 12 2
6134 3 12 44
2602 3 12 83
931 3 12 30
4344 3 13 10
116 3 13 3
731 3 13 22
5670 3 13 45
4532 3 13 80
958 3 13 49
3246 3 13 93
6175 3 14 40
5364 3 14 80
3056 3 14 66
5547 3 14 4
3528 3 14 45
4935 3 14 70
4599 3 14 22
3502 3 14 49
55 3 14 93
1348 3 14 89
3768 3 15 95
3266 3 15 12
4833 3 15 72
4222 3 15 36
3190 3 15 78
1501 3 15 68
1272 3 16 54
6094 3 16 25
1146 3 16 58
6214 3 16 31
4636 3 16 82
863 3 16 10
3520 3 16 3
2987 3 17 3
656 3 17 10
2949 3 17 31
2502 3 17 85
4462 3 17 82
598 3 17 54
5606 3 17 58
5139 3 17 64
84 3 18 10
2725 3 18 64
2907 3 18 49
4406 3 18 82
3083 3 18 86
383 3 18 46
5351 3 18 31
1477 3 18 3
311 3 18 54
4802 3 18 58
1070 3 19 8
4019 3 19 83
1736 3 19 31
5675 3 19 55
921 3 19 88
3680 3 19 61
2738 3 19 5
5575 4 0 34
2744 4 0 40
5511 4 0 6
2962 4 0 63
1714 4 0 2
3145 4 0 93
4626 4 0 90
4321 4 1 62
3171 4 1 59
3439 4 1 27
3483 4 1 9
4347 4 1 92
3566 4 1 2
3770 4 1 31
912 4 2 2
5925 4 2 59
582 4 2 13
1199 4 2 8
382 4 2 34
688 4 2 80
1771 4 3 31
5937 4 3 12
5060 4 3 49
4673 4 3 76
847 4 3 18
5851 4 3 41
514 4 3 79
1748 4 4 37
3302 4 4 64
88 4 4 68
5006 4 4 10
2345 4 4 90
1030 4 4 2
2823 4 4 30
3359 4 5 10
5281 4 5 91
6001 4 5 26
5554 4 5 59
396 4 5 2
1582 4 5 88
2754 4 5 23
4166 4 5 66
2782 4 6 45
2104 4 6 14
5012 4 6 84
6165 4 6 2
5467 4 7 73
175 4 7 2
2832 4 7 21
6046 4 7 68
2358 4 8 30
4739 4 8 2
5161 4 8 24
5544 4 9 94
5880 4 9 23
3911 4 9 2
2045 4 9 65
2479 4 10 92
5450 4 10 69
698 4 10 37
5287 4 10 5
3981 4 10 30
986 4 10 95
4618 4 10 26
5140 4 10 32
3619 4 11 87
3007 4 11 51
5250 4 11 45
5580 4 11 14
6220 4 11 69
6080 4 11 32
1914 4 11 37
64 4 11 25
4701 4 11 5
4959 4 11 61
4762 4 11 30
943 4 11 74
3642 4 12 68
4467 4 12 3
5693 4 12 45
2599 4 12 25
5928 4 12 14
5813 4 12 61
2269 4 12 37
4607 4 12 30
3358 4 12 84
3341 4 12 51
5254 4 12 5
1772 4 12 74
3913 4 12 87
2262 4 13 61
5829 4 13 5
5653 4 13 37
2336 4 13 45
683 4 13 2
2892 4 14 19
3110 4 14 40
6235 4 14 65
4869 4 14 22
3699 4 14 70
3257 4 14 45
4679 4 14 36
1621 4 14 92
5183 4 14 49
2263 4 14 4
4141 4 14 80
3036 4 15 72
498 4 15 78
5986 4 15 75
4604 4 15 46
6053 4 15 12
4110 4 15 22
1253 4 15 68
3144 4 15 36
2784 4 15 95
3459 4 16 8
5017 4 16 82
350 4 16 3
1154 4 16 31
3204 4 16 58
5494 4 17 8
811 4 17 3
1052 4 17 64
3864 4 17 85
3792 4 17 27
1514 4 18 3
2730 4 18 8
2780 4 18 28
2042 4 18 49
5861 4 18 86
5311 4 19 31
2256 4 19 3
2525 4 19 88
4026 4 19 8
4055 4 19 61
6185 5 0 40
5228 5 0 63
4392 5 0 93
2870 5 0 2
4276 5 0 6
3963 5 1 93
4864 5 1 2
1686 5 1 62
5356 5 1 9
4104 5 1 31
5295 5 2 3
1291 5 2 90
2546 5 2 13
4207 5 2 80
3920 5 2 30
5195 5 2 34
4170 5 2 55
4537 5 2 59
4042 5 3 12
5696 5 3 41
317 5 3 79
4661 5 3 32
4248 5 3 58
3421 5 3 76
3976 5 3 49
6189 5 4 3
2401 5 4 84
2044 5 4 68
287 5 4 37
4103 5 4 27
2227 5 4 30
3184 5 4 91
4565 5 4 50
6269 5 4 59
6088 5 4 23
1155 5 4 10
332 5 5 23
3419 5 5 59
506 5 5 66
4754 5 5 91
4640 5 5 3
3761 5 5 26
5232 5 5 50
2899 5 6 2
5473 5 6 81
2988 5 6 33
4226 5 6 13
5216 5 7 2
1009 5 7 21
6136 5 7 13
4928 5 7 92
5620 5 7 56
757 5 7 73
5370 5 7 68
2790 5 8 30
4925 5 8 58
5051 5 8 24
4940 5 8 16
1986 5 8 2
445 5 9 69
3629 5 9 32
3537 5 9 96
1671 5 9 5
4483 5 9 27
4001 5 10 5
57 5 10 95
4010 5 10 32
5639 5 10 27
2213 5 10 69
3185 5 11 48
5144 5 11 88
724 5 11 3
3553 5 11 15
5826 5 12 51
3782 5 12 82
987 5 12 14
54 5 12 2
6237 5 13 45
3628 5 13 82
2497 5 13 2
619 5 13 5
2492 5 14 4
6213 5 14 65
5561 5 14 15
1060 5 14 92
471 5 14 70
4725 5 14 19
2092 5 14 35
3452 5 14 80
2574 5 14 45
2362 5 14 40
1971 5 14 49
1210 5 15 68
2460 5 15 72
3506 5 15 46
1947 5 15 22
1626 5 15 36
5464 5 15 12
5205 5 15 75
4148 5 15 40
938 5 15 95
3205 5 16 17
5879 5 16 3
3158 5 16 39
599 5 16 55
5332 5 17 39
2244 5 17 17
3883 5 17 3
794 5 17 52
6059 5 18 18
3015 5 18 38
610 5 18 3
6107 5 18 64
1194 5 19 58
5136 5 19 3
4111 5 19 36
5812 5 19 12
3716 6 0 36
5011 6 0 68
629 6 0 3
2921 6 0 87
1515 6 1 38
122 6 1 87
947 6 1 3
5648 6 1 66
3997 6 2 59
5915 6 2 53
4547 6 2 80
4881 6 2 13
4437 6 2 3
3987 6 2 86
5848 6 2 29
1684 6 2 34
3661 6 3 83
2477 6 3 33
3979 6 3 12
5001 6 3 41
3118 6 3 49
5409 6 3 87
1604 6 3 58
4327 6 3 63
3012 6 4 3
4479 6 4 78
6231 6 4 33
6013 6 4 68
4854 6 4 59
1528 6 4 84
2956 6 4 91
3536 6 4 50
1231 6 5 43
6129 6 5 68
5538 6 6 68
4137 6 10 70
3766 6 10 3
5502 6 10 41
4936 6 10 14
5622 6 11 43
2920 6 11 15
5962 6 11 11
4872 6 11 81
4152 6 11 48
4850 6 11 3
5122 6 11 88
4136 6 12 14
3969 6 12 3
2783 6 12 47
2808 6 12 80
3645 6 13 44
3998 6 13 4
5150 6 13 90
1926 6 13 67
5764 6 14 64
4695 6 14 19
1256 6 14 40
1380 6 14 45
1082 6 14 91
5421 6 14 15
5229 6 14 49
1037 6 14 4
2976 6 14 70
1656 6 14 35
4898 6 15 39
756 6 15 68
1540 6 15 72
3199 6 15 12
1659 6 15 22
5055 6 15 75
5258 6 15 36
881 6 15 46
50 6 16 39
4843 6 16 55
2764 6 16 3
6199 6 16 35
26 6 16 83
3666 6 16 12
5964 6 16 17
3224 6 17 3
2309 6 17 37
5176 6 17 13
5787 6 17 52
5403 6 17 79
4340 6 18 13
3973 6 18 3
2774 6 18 38
4082 6 18 64
5674 6 18 85
2883 6 18 18
1332 6 19 12
5100 6 19 3
1679 6 19 36
917 6 19 58
329 6 19 83
5263 7 0 81
5194 7 0 87
5521 7 0 68
5054 7 0 36
2286 7 0 61
5683 7 0 3
5995 7 0 25
5191 7 1 66
3173 7 1 86
2120 7 1 38
2453 7 1 3
4852 7 1 27
5668 7 1 63
4900 7 2 13
2165 7 2 42
3902 7 3 12
5434 7 3 50
3515 7 3 42
2403 7 3 33
3314 7 4 32
5714 7 4 68
1783 7 4 91
2258 7 4 3
3024 7 4 50
3819 7 4 59
4439 7 4 78
2427 7 5 43
808 7 6 3
5219 7 6 19
4364 7 6 71
2054 7 6 43
1339 7 6 82
1093 7 7 3
4884 7 7 71
3507 7 7 52
4949 7 7 41
2439 7 7 84
4012 7 7 18
4760 7 8 84
6227 7 8 43
5510 7 8 51
4356 7 8 67
4314 7 8 3
5707 7 8 19
5369 7 8 69
4709 7 11 15
5252 7 11 11
4086 7 11 88
4529 7 11 3
4056 7 11 43
4371 7 11 81
2240 7 11 8
3457 7 11 48
2555 7 11 39
2869 7 11 78
2750 7 12 94
2478 7 12 3
5724 7 12 80
2208 7 12 14
1729 7 12 47
2726 7 12 44
2569 7 12 75
5225 7 13 38
5446 7 13 63
5559 7 13 44
896 7 13 4
2013 7 13 67
4955 7 13 87
5082 7 13 90
6 7 14 91
4005 7 14 64
1039 7 14 45
1693 7 14 70
716 7 14 4
1149 7 14 40
4403 7 14 15
3128 7 14 32
4859 7 14 19
4299 7 14 49
1294 7 15 12
2306 7 15 69
4384 7 15 36
4329 7 15 39
185 7 15 22
650 7 15 46
1526 7 15 72
2533 7 16 75
5336 7 16 83
3738 7 16 35
646 7 16 51
557 7 16 92
6023 7 16 4
2828 7 16 12
5247 7 16 55
4375 7 16 39
5329 7 16 17
3866 7 17 37
1274 7 17 52
3797 7 17 13
4911 7 17 90
5490 7 17 4
3003 7 17 32
5819 7 17 48
4767 7 17 79
5187 7 18 64
1301 7 18 18
1738 7 18 38
2341 7 18 85
5268 7 18 4
5899 7 18 34
4835 7 18 81
1481 7 18 13
4328 7 19 90
4114 7 19 51
4658 7 19 58
2642 7 19 83
5603 7 19 78
5954 7 19 12
2999 7 19 36
5806 7 19 31
5636 7 19 4
4990 8 0 87
4635 8 0 25
5282 8 0 36
2346 8 0 68
4078 8 0 81
1358 8 0 61
1289 8 0 3
1905 8 0 16
5778 8 0 52
5750 8 0 20
2844 8 1 36
4435 8 1 52
4914 8 1 61
4848 8 1 65
6183 8 1 68
1549 8 1 75
1803 8 1 87
3807 8 1 25
571 8 1 3
1141 8 1 81
2160 8 2 42
2052 8 3 42
1101 8 4 42
343 8 5 42
2706 8 6 3
774 8 6 43
3579 8 6 74
261 8 6 21
356 8 6 83
2023 8 7 3
4657 8 7 52
3094 8 7 71
5551 8 7 18
5637 8 8 3
3956 8 8 69
6180 8 8 19
2938 8 8 51
2261 8 9 44
3397 8 9 3
3921 8 9 14
5024 8 9 66
2619 8 11 86
5531 8 11 60
3975 8 11 32
4550 8 11 4
5275 8 12 4
4783 8 12 40
5767 8 12 94
3908 8 12 14
3554 8 12 47
201 8 12 69
3689 8 12 80
4879 8 13 34
611 8 13 67
5175 8 13 38
4855 8 13 44
5914 8 13 4
4985 8 13 63
5462 8 13 90
3710 8 13 87
1710 8 14 19
690 8 14 40
4064 8 15 39
5080 8 15 18
138 8 15 22
3032 8 15 13
3082 8 15 70
1664 8 16 58
1202 8 16 18
697 8 16 85
6047 8 16 74
3967 8 16 13
3084 8 16 4
1180 8 16 64
843 8 16 90
5038 8 16 38
4939 8 16 52
3434 8 17 4
772 8 17 64
5822 8 17 52
1443 8 17 13
4952 8 17 18
1435 8 17 90
2107 8 17 58
4272 8 17 85
5702 8 17 38
3494 8 18 64
5736 8 18 38
1569 8 18 90
4339 8 18 85
2147 8 18 12
5958 8 18 18
5629 8 18 47
3443 8 18 51
2174 8 18 58
3906 8 18 4
5365 8 19 12
3718 8 19 31
614 8 19 36
1907 8 19 83
4634 8 19 4
3980 8 19 78
3588 8 19 51
3815 8 19 58
2164 8 19 90
3464 9 0 3
2125 9 0 75
5783 9 0 52
5035 9 0 20
1205 9 1 54
604 9 1 3
4966 9 1 75
2553 9 1 23
5847 9 2 78
2623 9 2 3
5484 9 2 24
4237 9 2 54
4260 9 3 15
1592 9 3 3
3479 9 3 81
2163 9 3 57
2890 9 4 57
2337 9 4 3
1177 9 4 22
3940 9 4 81
4035 9 5 47
2751 9 5 3
3261 9 5 24
3492 9 5 82
798 9 6 83
6070 9 6 24
4257 9 6 43
4915 9 6 3
1601 9 7 59
4073 9 7 92
1899 9 7 15
1288 9 7 1
1421 9 8 18
3282 9 8 93
2898 9 8 55
3348 9 8 1
5217 9 9 8
4682 9 9 42
6259 9 9 80
49 9 9 92
5681 9 9 1
2109 9 15 86
2530 9 15 59
1024 9 15 4
2221 9 15 30
2441 9 16 4
942 9 16 32
1132 9 16 60
2444 9 16 86
5031 9 17 27
3141 9 17 47
1797 9 17 77
2852 9 17 4
2406 9 18 47
3586 9 18 23
5682 9 18 66
4751 9 18 42
1203 9 18 77
719 9 18 4
4211 9 19 4
4676 9 19 21
4824 9 19 50
5532 9 19 75
1310 10 0 81
2794 10 0 99
6246 10 0 1
4192 10 0 16
413 10 1 6
3242 10 1 98
5288 10 1 56
5504 10 1 1
4071 10 2 1
2543 10 2 64
2172 10 2 22
5088 10 2 96
4575 10 3 93
4834 10 3 1
2850 10 3 41
1811 10 4 67
4992 10 4 39
1944 10 4 1
2472 10 5 1
3978 10 5 19
2688 10 5 44
4093 10 5 91
4531 10 6 19
4644 10 6 44
6130 10 6 85
2404 10 6 1
6241 10 6 38
5740 10 7 59
1251 10 7 44
1513 10 7 92
5018 10 7 19
4757 10 7 12
5785 10 7 1
707 10 7 36
5804 10 7 38
4983 10 7 85
5616 10 7 15
5211 10 8 51
6084 10 8 84
1122 10 8 93
5773 10 8 1
5792 10 8 13
1778 10 8 18
1465 10 8 55
5431 10 9 92
6250 10 9 34
5466 10 9 70
4903 10 9 8
5165 10 9 80
5303 10 9 42
5015 10 9 1
5540 10 10 90
5120 10 10 79
4520 10 10 10
3017 10 10 1
5635 10 10 31
3339 10 11 90
6045 10 11 75
2583 10 11 1
3474 10 11 10
3516 10 11 38
3424 10 12 31
1600 10 12 90
2552 10 12 1
5816 10 12 74
1128 10 12 10
2237 10 13 39
2250 10 13 1
3746 10 13 10
1028 10 13 90
6102 10 13 72
1757 10 15 4
3404 10 15 82
4059 10 15 25
345 10 15 85
1068 10 15 58
5256 10 16 84
5875 10 16 32
3441 10 16 4
1635 10 16 60
5553 10 16 28
5947 10 16 55
5975 10 17 27
6210 10 17 80
2889 10 17 4
2254 10 17 51
2077 10 18 23
3591 10 18 42
2188 10 18 80
6041 10 18 4
4291 10 18 47
2544 10 18 92
4417 10 18 66
2660 10 18 18
593 10 18 51
4920 10 18 27
4769 10 19 75
5713 10 19 92
2735 10 19 45
605 10 19 4
920 10 19 50
4480 10 19 21
5720 11 0 1
5780 11 0 81
1607 11 0 97
3988 11 0 16
5853 11 0 32
1627 11 1 6
4459 11 1 1
1798 11 1 52
979 11 1 56
5436 11 1 88
34 11 1 98
2792 11 2 22
3011 11 2 1
5982 11 2 88
3733 11 2 96
4787 11 2 57
1672 11 2 64
4171 11 3 41
4631 11 3 89
5981 11 3 1
5697 11 3 22
3509 11 3 93
2831 11 4 64
4926 11 4 95
5378 11 4 39
1830 11 4 67
2778 11 4 1
6040 11 4 32
4699 11 5 54
284 11 5 1
5344 11 5 15
5586 11 5 91
5950 11 6 1
6209 11 6 91
5738 11 6 8
39 11 6 61
3425 11 18 4
4596 11 18 27
3786 11 18 66
1680 11 18 80
3449 11 18 63
2000 11 18 18
953 11 18 92
2468 11 18 42
1382 11 18 47
3637 11 18 51
3471 11 19 4
918 11 19 92
580 11 19 40
4161 11 19 17
6033 11 19 21
1834 11 19 45
2059 11 19 75
1470 11 19 70
809 11 19 50
6006 12 0 81
3337 12 0 16
2405 12 0 32
1561 12 0 1
2167 12 0 46
5805 12 0 75
5972 12 0 94
3957 12 1 53
2487 12 1 16
4083 12 1 21
2425 12 1 1
3796 12 1 81
5615 12 1 75
2193 12 1 32
5946 12 1 6
2321 12 1 46
3300 12 1 56
2395 12 1 94
3708 12 2 53
4595 12 2 57
1810 12 2 16
6258 12 2 64
1062 12 2 1
4614 12 2 75
5478 12 2 81
1946 12 2 32
4611 12 2 88
6135 12 2 22
3508 12 2 46
2842 12 2 49
3540 12 2 6
3607 12 3 75
6082 12 3 41
4228 12 3 57
6142 12 3 32
5096 12 3 64
5340 12 3 81
2218 12 3 94
2990 12 3 49
130 12 3 1
5601 12 3 22
2611 12 3 17
2287 12 3 6
1365 12 3 89
2519 12 3 4
4624 12 4 39
5612 12 4 32
204 12 4 67
4696 12 4 95
2451 12 4 60
4477 12 4 20
4457 12 4 1
5402 12 5 39
6083 12 5 10
2839 12 5 15
4918 12 5 54
3043 12 5 73
2298 12 5 89
862 12 5 4
1904 12 6 10
5625 12 6 24
5858 12 6 46
2500 12 6 89
5188 12 6 73
968 12 6 4
3183 12 8 21
3836 12 8 61
5830 12 8 87
5411 12 8 1
5123 12 8 10
2740 12 8 91
2973 12 8 64
2143 12 8 25
4427 12 8 94
485 12 9 2
5455 12 9 33
1454 12 9 19
1761 12 9 91
2545 12 9 37
2383 12 9 58
5033 12 10 1
4009 12 10 10
4721 12 10 74
1753 12 10 46
4913 12 11 35
702 12 11 94
476 12 11 1
3412 12 11 9
5098 12 11 84
760 12 12 88
1522 12 12 1
1787 12 12 28
4307 12 12 67
5938 12 12 25
5026 12 12 10
6010 12 13 67
3072 12 13 1
727 12 13 27
4659 12 13 70
1475 12 13 87
5849 12 13 8
653 12 14 1
4021 12 14 8
5818 12 14 30
3071 12 14 32
5048 12 14 89
5138 12 14 67
3721 12 14 75
95 12 15 4
5331 12 15 48
4188 12 15 76
2822 12 15 81
3648 12 15 94
4075 12 15 28
3644 12 15 52
6239 12 16 75
5393 12 16 48
483 12 16 82
4633 12 16 4
5313 12 16 27
3475 12 16 55
4792 12 18 71
2998 12 18 85
5649 12 18 53
3717 12 18 92
1884 12 18 6
463 12 18 11
2878 12 18 58
5956 12 19 21
274 12 19 53
786 12 19 11
558 12 19 78
4191 12 19 85
4873 12 19 71
2731 12 19 6
5663 12 19 89
2840 12 19 17
305 12 19 40
2785 12 19 58
4991 13 0 94
2400 13 0 1
2169 13 0 15
1809 13 0 46
5541 13 1 1
3303 13 1 21
1112 13 1 96
2191 13 1 19
2723 13 2 96
5638 13 2 46
5305 13 2 17
4758 13 2 1
1646 13 3 6
2983 13 3 32
5202 13 3 22
2348 13 3 60
4941 13 3 1
4965 13 3 81
4353 13 3 41
4386 13 3 57
5763 13 3 67
3027 13 3 75
89 13 3 95
6198 13 4 39
418 13 4 19
3825 13 4 56
4028 13 4 1
3153 13 4 67
5296 13 4 60
5341 13 4 91
4319 13 4 95
6024 13 5 34
4037 13 5 54
1818 13 5 89
3391 13 5 10
1306 13 5 73
4782 13 5 15
5270 13 5 39
121 13 5 4
718 13 6 41
4242 13 6 5
3109 13 6 65
3638 13 6 88
4045 13 8 21
6052 13 8 87
6061 13 8 69
2900 13 8 11
3249 13 8 25
4535 13 8 64
1212 13 8 95
2573 13 8 91
327 13 8 1
4186 13 9 58
1631 13 9 19
2662 13 9 33
2734 13 9 37
2582 13 9 2
4714 13 9 90
510 13 10 78
111 13 10 19
691 13 10 1
5172 13 10 49
1378 13 11 78
2615 13 11 55
5334 13 11 1
362 13 11 7
5984 13 12 28
4419 13 12 70
1963 13 12 1
983 13 12 88
5197 13 12 10
3751 13 13 32
1504 13 13 8
3852 13 13 1
4158 13 13 70
1014 13 13 89
1486 13 14 89
2755 13 14 32
4501 13 14 1
6182 13 14 75
5278 13 14 8
3021 13 15 4
6077 13 15 28
903 13 15 52
4819 13 15 81
4731 13 16 27
2293 13 16 55
5428 13 16 4
3544 13 16 82
3724 13 17 67
2315 13 17 44
1708 13 18 4
182 13 18 41
1362 13 18 91
2752 13 18 10
4051 13 18 74
4646 13 18 24
1675 13 19 11
4620 13 19 6
3828 13 19 16
1813 13 19 78
62 13 19 30
4293 13 19 85
3254 13 19 38
4430 13 19 53
1029 13 19 91
4259 13 19 68
3091 13 19 58
4194 14 0 5
5518 14 0 48
5240 14 0 27
5153 14 0 76
450 14 0 88
40 14 1 49
2461 14 1 5
6253 14 1 78
1458 14 1 88
5885 14 1 26
1923 14 8 91
2210 14 8 69
1318 14 8 20
4692 14 8 11
2294 14 8 1
2110 14 8 25
4617 14 9 58
3941 14 9 2
3622 14 9 19
5872 14 9 37
4220 14 9 68
373 14 9 71
3538 14 9 33
5581 14 9 90
91 14 10 78
6141 14 10 43
3701 14 10 11
6169 14 10 19
3004 14 10 49
5328 14 10 1
5549 14 11 43
5129 14 11 1
4424 14 11 77
1670 14 11 55
1437 14 11 7
2923 14 12 10
2014 14 12 50
3660 14 12 65
4264 14 12 22
5860 14 12 4
2714 14 13 9
3241 14 13 25
6025 14 13 72
5811 14 13 55
2917 14 13 4
1258 14 14 25
5577 14 14 56
5751 14 14 76
3115 14 14 4
5081 14 14 9
3760 14 15 9
4765 14 15 4
2056 14 15 58
1133 14 15 78
3643 14 15 26
5040 14 16 4
2645 14 16 78
640 14 16 9
1407 14 16 34
5934 14 16 61
5073 14 17 67
4489 14 17 44
5969 14 18 24
3066 14 18 4
2959 14 18 43
5786 14 18 80
4054 14 18 10
2470 14 18 91
3531 14 19 11
4602 14 19 68
3343 14 19 91
5647 14 19 53
4759 14 19 85
1876 14 19 34
4740 14 19 38
1019 14 19 16
5238 14 19 78
5991 14 19 6
3195 14 19 58
4794 15 0 76
376 15 0 88
1988 15 0 48
6255 15 0 22
4177 15 0 27
4196 15 0 5
4678 15 1 72
2282 15 1 27
639 15 1 5
5441 15 1 22
3750 15 1 48
6152 15 1 76
32 15 1 87
2585 15 3 36
61 15 3 61
4780 15 3 5
3090 15 3 83
3490 15 3 88
4671 15 4 35
2704 15 4 83
3177 15 4 88
3745 15 4 5
1863 15 4 60
4454 15 5 5
3180 15 5 29
1217 15 5 51
2909 15 5 88
3406 15 5 81
4797 15 6 79
2616 15 6 88
4414 15 6 5
5260 15 6 53
1088 15 6 28
802 15 7 28
3192 15 7 5
4727 15 7 79
4410 15 7 49
2205 15 7 88
849 15 8 25
2387 15 8 91
4267 15 8 20
4563 15 8 1
4737 15 8 11
5971 15 8 73
1050 15 9 73
5137 15 9 2
6158 15 9 90
3714 15 9 33
5114 15 9 19
2075 15 9 71
4684 15 9 68
5543 15 9 58
2698 15 9 36
2855 15 10 36
3950 15 10 58
5725 15 10 43
3227 15 10 19
5836 15 10 2
4632 15 10 14
5063 15 10 50
2181 15 10 55
2200 15 10 71
1523 15 10 73
5456 15 10 89
522 15 10 45
1240 15 11 1
3696 15 11 7
771 15 11 55
1373 15 11 77
3350 15 11 42
637 15 12 90
2699 15 12 22
1917 15 12 50
4458 15 12 4
2711 15 12 10
191 15 12 65
4302 15 13 18
1937 15 13 43
3462 15 13 22
3872 15 13 65
544 15 13 72
4323 15 13 4
5942 15 13 55
6260 15 13 91
5659 15 13 10
3514 15 14 4
3804 15 14 76
3820 15 14 65
2589 15 14 25
834 15 14 43
6103 15 14 91
5680 15 14 56
4722 15 14 72
2777 15 14 18
1535 15 14 10
901 15 15 44
180 15 15 26
2175 15 15 76
4944 15 15 66
3652 15 16 7
3604 15 16 66
526 15 16 44
1269 15 16 26
1925 15 17 66
444 15 17 44
3196 15 18 90
1695 15 18 10
2830 15 18 35
3429 15 18 20
4115 15 18 74
6223 15 18 30
3121 15 18 4
1172 15 18 41
399 15 19 5
5407 15 19 58
5566 15 19 85
3312 15 19 68
5769 15 19 11
5192 15 19 38
1158 15 19 16
4395 15 19 91
13 15 19 34
1825 15 19 65
3450 16 3 42
5837 16 3 54
4573 16 3 6
4377 16 3 28
5892 16 3 61
1089 16 3 82
624 16 4 89
4456 16 4 21
3263 16 4 5
143 16 4 41
3808 16 4 69
5589 16 5 21
6265 16 5 44
1939 16 5 88
2376 16 5 5
1073 16 5 62
6016 16 6 39
5053 16 6 44
501 16 6 62
1880 16 6 21
1624 16 6 5
1222 16 6 65
5335 16 6 87
2135 16 7 5
1858 16 7 44
2809 16 7 65
5766 16 7 87
4790 16 7 21
2090 16 8 1
3125 16 8 25
3677 16 8 91
6205 16 8 20
2728 16 9 13
1276 16 9 1
954 16 9 52
5719 16 9 90
1119 16 10 45
2964 16 10 55
461 16 10 58
1978 16 10 1
3373 16 10 73
2485 16 10 17
5951 16 10 89
4409 16 10 36
2633 16 10 42
19 16 10 48
1552 16 10 13
5394 16 11 55
1713 16 11 76
3244 16 11 16
3460 16 11 80
3001 16 11 95
4482 16 11 41
174 16 11 1
1130 16 11 58
351 16 11 12
2224 16 12 12
279 16 12 1
5507 16 12 41
2577 16 12 55
4023 16 12 80
3692 16 12 76
1806 16 13 39
1041 16 13 56
1500 16 13 4
4351 16 13 18
5755 16 13 63
4562 16 13 81
42 16 13 14
3155 16 13 35
4416 16 13 85
2591 16 14 81
4405 16 14 85
518 16 14 35
3167 16 14 63
3379 16 14 18
5930 16 14 4
1620 16 14 39
2873 16 14 9
6207 16 14 42
990 16 14 56
4102 16 15 21
1429 16 15 74
188 16 15 26
1833 16 15 44
897 16 15 63
3937 16 15 66
2367 16 16 57
2733 16 16 12
2628 16 16 83
4571 16 16 17
6196 16 16 64
4388 16 16 34
838 16 16 92
6191 16 16 77
745 16 16 4
2036 16 17 79
842 16 17 4
6245 16 17 12
4336 16 17 29
5753 16 17 58
3888 16 18 4
1127 16 18 20
5249 16 18 35
3573 16 18 74
3240 16 18 94
4175 16 18 41
2826 16 19 65
398 16 19 16
5907 16 19 85
4422 16 19 38
5793 16 19 11
5208 16 19 4
5199 16 19 68
5404 17 0 42
407 17 0 50
4568 17 0 25
2474 17 0 73
4621 17 0 67
3447 17 0 86
2484 17 0 18
2846 17 0 5
4942 17 1 70
3079 17 1 90
685 17 1 48
2411 17 1 23
5090 17 1 86
5976 17 1 5
6218 17 1 17
4254 17 1 44
5666 17 2 10
3269 17 2 71
96 17 2 35
2934 17 2 30
1394 17 2 46
2380 17 2 78
742 17 2 62
4201 17 2 5
2913 17 2 22
2994 17 2 85
966 17 3 6
5204 17 3 10
1551 17 3 21
568 17 3 44
5085 17 3 69
465 17 3 76
5169 17 3 28
5592 17 4 69
1597 17 4 76
566 17 4 5
6219 17 4 10
537 17 4 28
4534 17 4 21
2813 17 4 44
6222 17 5 10
1690 17 5 76
5091 17 5 88
5591 17 5 66
720 17 5 92
3810 17 5 5
1653 17 5 28
4887 17 5 44
4553 17 5 20
6037 17 6 21
822 17 6 42
5377 17 6 82
2204 17 6 87
404 17 6 5
5167 17 6 28
4680 17 6 92
486 17 6 66
5283 17 7 5
1950 17 7 16
3951 17 7 87
3316 17 7 42
2112 17 7 62
1619 17 8 66
2187 17 8 41
800 17 8 5
2905 17 8 85
1618 17 8 21
5893 17 9 36
5426 17 9 48
4143 17 9 12
4350 17 9 82
2005 17 9 1
4718 17 9 41
2343 17 9 89
4539 17 9 17
5135 17 10 73
5148 17 10 45
2368 17 10 89
5180 17 10 36
4369 17 10 41
4729 17 10 13
4232 17 10 17
2857 17 10 1
3054 17 10 52
2666 17 10 97
4723 17 10 48
4025 17 11 83
4975 17 11 58
3900 17 11 16
5672 17 11 1
3401 17 12 12
4481 17 12 80
709 17 12 1
3694 17 12 55
1777 17 13 36
5993 17 13 39
1794 17 13 94
6091 17 13 63
2347 17 13 4
1411 17 13 13
2535 17 13 56
1868 17 13 18
5658 17 13 85
5391 17 14 36
1928 17 14 90
3881 17 14 14
3653 17 14 42
4561 17 14 62
2382 17 14 4
1452 17 15 14
4363 17 15 21
3034 17 15 38
2001 17 15 50
4805 17 15 7
365 17 15 26
4536 17 15 66
2338 17 15 74
4269 17 15 62
2190 17 15 44
932 17 15 77
5963 17 15 93
6148 17 16 83
5116 17 16 17
429 17 16 4
4820 17 16 34
5299 17 16 64
728 17 17 83
131 17 17 4
3705 17 17 17
4885 17 17 64
408 17 17 29
4849 17 18 4
4601 17 18 20
2260 17 18 74
5427 17 18 41
840 17 19 16
2498 17 19 68
1888 17 19 41
3428 17 19 4
5346 18 0 5
4691 18 0 25
5840 18 0 67
4372 18 0 73
4791 18 0 86
4904 18 0 50
5438 18 0 42
6146 18 0 18
5239 18 1 48
4827 18 1 90
4558 18 1 23
6085 18 1 5
5481 18 1 44
1599 18 1 18
3219 18 1 69
1457 18 2 5
5343 18 2 22
3324 18 2 78
1734 18 2 46
5469 18 2 71
1822 18 2 84
3362 18 2 14
1536 18 2 35
2399 18 2 65
3790 18 2 62
1563 18 3 5
5650 18 3 21
4698 18 3 46
5291 18 3 35
3868 18 3 78
4472 18 3 84
5732 18 3 69
4421 18 3 14
2349 18 3 93
3031 18 3 65
4825 18 4 14
4266 18 4 65
5157 18 4 84
259 18 4 69
1681 18 4 43
3213 18 4 5
5845 18 4 35
4498 18 4 19
2463 18 5 60
2952 18 5 35
2030 18 5 18
1839 18 5 85
2095 18 5 5
2687 18 6 87
235 18 6 92
1920 18 6 21
1583 18 6 66
3005 18 6 42
534 18 6 5
3624 18 7 42
565 18 7 5
3052 18 7 87
20 18 7 62
4101 18 7 21
2801 18 7 66
3289 18 7 57
674 18 7 92
1965 18 8 16
3896 18 8 33
1245 18 8 92
3437 18 8 66
2197 18 8 62
4752 18 8 85
5623 18 8 41
602 18 8 5
6132 18 8 21
6174 18 9 41
1696 18 9 48
4907 18 9 17
5338 18 9 89
3284 18 9 84
2215 18 9 1
4662 18 9 12
5705 18 10 36
4500 18 10 97
4282 18 10 13
2793 18 10 52
6066 18 10 9
2168 18 10 88
2993 18 10 1
5852 18 10 77
1020 18 10 80
6058 18 10 45
3678 18 11 1
5352 18 11 9
5289 18 11 85
6263 18 11 45
6049 18 11 36
1746 18 11 80
4730 18 11 97
3293 18 11 77
2798 18 11 52
5874 18 11 13
3472 18 12 80
4063 18 12 1
129 18 12 9
5396 18 12 84
6181 18 12 36
4379 18 12 52
6147 18 12 97
1223 18 13 94
2248 18 13 39
5347 18 13 18
2694 18 13 4
1303 18 13 63
2234 18 14 20
6206 18 14 63
1209 18 14 4
481 18 14 42
5744 18 15 66
5160 18 15 77
5498 18 15 7
2547 18 15 50
2413 18 15 74
796 18 15 93
4413 18 15 26
2872 18 15 14
3221 18 15 44
3386 18 15 38
5983 18 15 21
5673 18 15 62
2096 18 16 4
5231 18 16 20
1219 18 16 61
4289 18 16 85
5567 18 16 37
4231 18 16 44
3182 18 16 77
4493 18 16 14
1167 18 16 93
5535 18 16 7
4551 18 16 26
2560 18 16 50
1381 18 17 32
4465 18 17 85
214 18 17 4
6271 18 17 26
4844 18 17 50
3668 18 17 77
2677 18 17 93
3947 18 17 61
255 18 17 37
5949 18 17 18
5640 18 17 14
3647 18 18 61
499 18 18 85
3843 18 18 32
3919 18 18 14
5617 18 18 37
430 18 18 4
5661 18 18 55
309 18 18 82
3850 18 19 11
2173 18 19 4
1118 18 19 37
5796 18 19 31
1894 18 19 85
2942 18 19 60
3659 19 0 86
5734 19 0 5
1678 19 0 25
2062 19 0 50
5509 19 0 73
4756 19 1 23
5405 19 1 5
4728 19 1 73
2443 19 1 86
3181 19 1 48
661 19 2 86
3636 19 2 71
222 19 2 5
1323 19 2 48
4912 19 2 22
3299 19 3 5
3627 19 3 71
120 19 3 21
176 19 3 86
5864 19 3 46
5731 19 4 84
3104 19 4 43
2893 19 4 19
1056 19 4 69
3811 19 4 5
5571 19 5 5
5449 19 5 59
3187 19 5 20
1613 19 5 40
1040 19 5 85
5545 19 6 59
4087 19 6 82
4726 19 6 20
1402 19 6 5
5746 19 6 33
30 19 6 40
4407 19 7 37
3767 19 7 59
4334 19 7 5
3342 19 7 16
3023 19 7 82
4441 19 8 61
4845 19 8 40
3626 19 8 5
5768 19 8 81
1248 19 8 16
3754 19 9 1
5593 19 9 89
1647 19 9 17
3231 19 9 48
4397 19 10 50
1494 19 10 12
4215 19 10 1
2008 19 10 88
2697 19 11 45
548 19 11 13
4492 19 11 85
1273 19 11 1
4750 19 12 1
3310 19 12 9
4773 19 12 52
3336 19 12 84
887 19 13 14
4694 19 13 39
5046 19 13 4
4032 19 13 90
3741 19 13 66
612 19 14 87
177 19 14 61
4065 19 14 4
2557 19 14 38
3390 19 14 66
513 19 14 14
3546 19 14 90
2130 19 15 14
3805 19 15 4
1337 19 15 58
790 19 15 81
6111 19 15 38
3655 19 15 34
2759 19 15 90
76 19 15 61
4641 19 15 66
3225 19 16 60
892 19 16 4
1138 19 16 38
1875 19 16 20
3229 19 16 87
2389 19 17 87
1492 19 17 4
797 19 17 18
3095 19 17 56
852 19 17 37
3433 19 18 4
3961 19 18 36
3143 19 18 61
5044 19 18 85
5223 19 18 14
2935 19 19 4
4749 19 19 11
4960 19 19 37
5451 19 19 60
3087 19 19 85
