2602
1843 0 5 82
2865 0 5 26
4952 0 5 63
3049 0 5 49
2513 0 6 82
4396 0 6 49
3133 0 6 9
2999 0 6 63
3758 0 6 26
5543 0 7 17
5999 0 7 38
1976 0 7 90
5110 0 7 6
3516 0 7 63
5228 0 7 48
2238 0 7 79
5275 0 7 58
3584 0 7 25
1003 0 7 72
6247 0 8 17
1854 0 8 58
4329 0 8 46
4360 0 8 25
1372 0 8 77
3165 0 8 72
3558 0 8 90
5471 0 8 6
2915 0 9 84
1202 0 9 20
270 0 9 2
3016 0 9 63
716 0 10 85
2207 0 10 62
6245 0 10 2
6107 0 10 19
5402 0 11 56
1412 0 11 86
5574 0 11 2
967 0 11 12
5351 0 12 40
2777 0 12 2
2368 0 12 88
2436 0 12 71
4556 0 13 67
2683 0 13 41
2945 0 13 2
4741 0 13 10
5009 0 14 50
2138 0 14 2
2249 0 14 8
2347 0 14 71
5217 0 15 48
3037 0 15 75
3610 0 15 2
3523 0 15 10
1030 0 16 2
5901 0 16 89
6097 0 16 38
5145 0 16 16
187 0 17 79
3364 0 17 16
885 0 17 37
3600 0 17 2
2998 0 18 16
1239 0 18 53
4328 0 18 2
194 0 18 79
3223 0 19 55
207 0 19 8
2263 0 19 2
2211 0 19 79
4467 1 0 21
5779 1 0 27
3069 1 0 46
1679 1 0 66
4804 1 0 7
620 1 0 87
3459 1 0 56
601 1 0 34
1168 1 1 89
3419 1 1 82
4400 1 1 73
2700 1 1 55
3633 1 1 24
3437 1 1 59
5744 1 1 43
537 1 1 6
2382 1 1 12
2304 1 2 42
3210 1 2 71
4607 1 2 88
2317 1 2 15
3195 1 2 30
1946 1 2 7
1204 1 2 81
5180 1 2 37
889 1 2 55
3171 1 3 47
3473 1 3 6
3845 1 3 74
195 1 3 13
5550 1 5 24
1020 1 5 73
854 1 5 54
2460 1 5 6
3907 1 6 20
2734 1 6 82
3093 1 6 41
4889 1 6 56
2090 1 6 49
262 1 6 62
4075 1 6 9
5496 1 6 26
4641 1 7 48
1639 1 7 63
3297 1 7 24
5923 1 7 57
1612 1 7 79
2093 1 7 6
3158 1 8 58
3640 1 8 6
642 1 8 21
2538 1 8 77
5981 1 8 48
4168 1 8 90
3414 1 8 25
2075 1 9 20
4330 1 9 84
285 1 9 63
824 1 9 18
6223 1 9 55
4437 1 9 2
1803 1 10 19
2231 1 10 57
2907 1 10 62
2990 1 10 82
719 1 10 85
5846 1 10 15
5630 1 10 2
5258 1 11 35
4711 1 11 81
4315 1 11 2
696 1 11 56
5913 1 11 12
1942 1 11 86
3895 1 12 17
4470 1 12 71
4228 1 12 2
2828 1 12 40
5614 1 12 82
4390 1 12 88
5946 1 13 63
3464 1 13 41
2684 1 13 2
954 1 13 10
5070 1 13 67
5885 1 13 94
5336 1 14 71
2367 1 14 91
3866 1 14 38
1189 1 14 8
1828 1 14 2
872 1 14 50
5406 1 15 39
3505 1 15 3
5344 1 15 75
1547 1 15 71
4963 1 15 94
3446 1 15 10
4622 1 15 48
2027 1 16 34
3475 1 16 3
2624 1 16 89
3430 1 16 85
4378 1 16 38
5061 1 17 37
1585 1 17 3
2579 1 17 30
5891 1 17 49
5443 1 18 3
2401 1 18 65
4956 1 18 48
3395 1 18 16
3807 1 18 53
3731 1 18 13
1212 1 19 37
6230 1 19 79
5845 1 19 3
2988 1 19 55
1159 1 19 8
5517 2 0 56
3790 2 0 86
4874 2 0 66
4080 2 0 46
2004 2 0 27
344 2 0 40
5553 2 0 7
4969 2 0 21
1323 2 1 89
299 2 1 54
4972 2 1 6
4788 2 1 12
1476 2 1 73
4575 2 1 59
3745 2 1 78
1144 2 1 24
5903 2 1 44
3536 2 2 42
1454 2 2 71
6051 2 2 7
4744 2 2 55
1791 2 2 81
2104 2 2 87
2953 2 2 15
4815 2 2 30
2757 2 2 36
6085 2 3 47
4810 2 3 6
2520 2 3 82
6239 2 3 21
4653 2 5 26
2101 2 5 6
2142 2 5 89
5594 2 5 56
4923 2 6 56
3177 2 6 6
2365 2 6 49
1163 2 6 92
3700 2 6 62
2935 2 6 82
1035 2 6 20
3917 2 6 41
5305 2 6 9
2930 2 7 79
6002 2 7 57
5017 2 7 6
5156 2 7 24
3782 2 7 63
663 2 8 25
1780 2 8 54
3555 2 8 58
5849 2 8 77
5859 2 8 6
4632 2 8 21
6092 2 9 46
4910 2 9 63
6032 2 9 55
5311 2 9 20
4248 2 9 2
5718 2 9 80
1916 2 9 84
228 2 10 15
2057 2 10 57
6220 2 10 78
4908 2 10 62
4861 2 10 85
5810 2 10 52
2251 2 10 95
4824 2 10 2
3162 2 10 19
5163 2 11 52
242 2 11 56
5368 2 11 12
6069 2 11 35
3454 2 11 2
4566 2 11 81
1450 2 11 86
3791 2 12 14
2824 2 12 71
5271 2 12 82
6194 2 12 66
3077 2 12 88
2174 2 12 2
46 2 12 40
163 2 12 17
2185 2 13 3
3443 2 13 10
4444 2 13 38
2523 2 13 67
3725 2 13 94
2948 2 13 63
4458 2 13 41
5970 2 13 59
3882 2 14 3
3954 2 14 68
6185 2 14 33
3805 2 14 38
765 2 14 8
5868 2 14 50
2300 2 14 71
1148 2 14 92
4282 2 15 39
2346 2 15 75
3009 2 15 3
4659 2 15 94
5419 2 15 34
3170 2 15 10
3124 2 15 48
3179 2 15 68
2767 2 16 85
3870 2 16 26
1630 2 16 89
676 2 16 34
4576 2 16 3
764 2 16 38
4137 2 17 27
3306 2 17 3
2205 2 17 49
6177 2 17 78
4000 2 17 37
2445 2 17 30
6270 2 18 41
3958 2 18 3
4742 2 18 48
5015 2 18 16
5338 2 18 53
396 2 18 13
4079 2 18 65
2316 2 18 92
5787 2 18 62
6105 2 19 79
4348 2 19 3
3919 2 19 31
5624 2 19 55
4871 2 19 37
30 2 19 75
4846 2 19 52
4709 2 19 8
4010 3 0 86
478 3 0 61
5639 3 0 21
1135 3 0 40
5659 3 0 56
218 3 0 76
4182 3 0 6
4612 3 0 46
3095 3 0 27
5036 3 0 66
1611 3 1 5
2000 3 1 59
2481 3 1 24
6159 3 1 78
2386 3 1 89
5403 3 1 12
2109 3 1 54
4152 3 2 6
4820 3 2 30
5978 3 2 55
2163 3 2 71
5740 3 2 42
4391 3 2 81
2121 3 2 87
4212 3 2 36
3661 3 2 15
6022 3 2 61
4691 3 3 61
1116 3 3 17
5583 3 3 37
2872 3 3 80
1466 3 3 5
2903 3 5 5
4036 3 5 10
269 3 5 80
4475 3 5 61
2202 3 5 33
1822 3 6 20
5120 3 6 49
1643 3 6 92
4160 3 6 62
4073 3 6 41
2685 3 6 6
5991 3 6 56
3153 3 6 82
6078 3 7 6
4516 3 7 79
6155 3 7 63
1362 3 7 34
5838 3 8 58
4034 3 8 77
3761 3 8 25
3847 3 8 6
5203 3 9 46
5012 3 9 15
4736 3 9 20
3995 3 9 2
4299 3 9 63
4508 3 9 55
4086 3 9 80
4854 3 10 62
3375 3 10 85
509 3 10 95
201 3 10 15
1860 3 10 57
2493 3 10 2
5911 3 10 47
4241 3 10 78
2166 3 11 52
3571 3 11 31
4795 3 11 12
594 3 11 86
1853 3 11 2
5178 3 11 35
32 3 11 56
3141 3 11 81
6160 3 12 9
5220 3 12 66
3565 3 12 36
3426 3 12 82
2022 3 12 14
2292 3 12 71
6139 3 12 60
6091 3 12 17
4407 3 12 2
4453 3 12 40
2933 3 12 88
5432 3 13 41
3950 3 13 67
2214 3 13 94
4947 3 13 36
5934 3 13 59
1619 3 13 3
3083 3 13 10
15 3 13 56
5515 3 13 86
1432 3 13 63
1066 3 14 50
5314 3 14 8
528 3 14 92
2970 3 14 27
2488 3 14 3
2584 3 14 38
5960 3 14 71
116 3 14 87
1783 3 14 68
5508 3 14 33
1725 3 15 94
3346 3 15 34
5797 3 15 67
4295 3 15 75
3151 3 15 4
3020 3 15 39
2412 3 15 48
6086 3 15 89
670 3 15 10
5242 3 16 89
4005 3 16 38
2873 3 16 74
2281 3 16 23
5815 3 16 26
728 3 16 94
1971 3 16 85
3415 3 16 3
1521 3 17 49
4200 3 17 78
5207 3 17 24
4862 3 17 3
2686 3 17 27
354 3 17 30
3817 3 17 37
4666 3 18 3
3655 3 18 9
4822 3 18 16
4065 3 18 53
4015 3 18 62
4866 3 18 65
5572 3 18 86
356 3 18 92
5173 3 18 41
3795 3 18 48
4479 3 19 8
2381 3 19 31
482 3 19 71
4277 3 19 37
5530 3 19 55
3872 3 19 79
2645 3 19 76
2385 3 19 3
1723 3 19 52
4773 4 0 6
3572 4 0 27
93 4 0 20
599 4 0 56
2621 4 0 40
5559 4 0 86
6040 4 0 46
730 4 0 61
377 4 0 66
2396 4 1 54
5518 4 1 12
4106 4 1 19
4254 4 1 30
4509 4 1 50
2744 4 1 89
1936 4 1 5
5369 4 1 59
6200 4 1 78
3772 4 2 42
6135 4 2 15
4914 4 2 6
1573 4 2 61
4369 4 2 65
1774 4 2 35
880 4 2 71
5484 4 2 30
3228 4 2 87
1543 4 3 5
1437 4 3 34
1241 4 3 17
5283 4 3 65
3039 4 3 80
2963 4 5 17
4971 4 5 5
4733 4 5 67
3517 4 5 34
1331 4 5 83
4715 4 6 62
4184 4 6 20
3293 4 6 32
4931 4 6 6
5783 4 6 81
2768 4 6 37
126 4 6 55
4864 4 6 41
2714 4 6 92
3979 4 7 2
726 4 7 80
5016 4 7 9
4468 4 7 51
4489 4 8 15
1250 4 8 35
701 4 8 2
950 4 8 82
6029 4 9 40
3824 4 9 55
4818 4 9 46
146 4 9 63
1935 4 9 2
5928 4 9 20
1452 4 9 80
2219 4 10 85
3059 4 10 62
5281 4 10 95
5765 4 10 47
4476 4 10 8
5265 4 10 2
933 4 10 57
935 4 10 78
2900 4 11 12
4085 4 11 56
5092 4 11 53
3073 4 11 81
2848 4 11 31
4525 4 11 49
3987 4 11 35
2932 4 11 3
2666 4 11 75
5481 4 11 86
268 4 11 95
668 4 12 71
6014 4 12 40
4063 4 12 2
987 4 12 88
5071 4 12 66
4941 4 12 17
3515 4 12 36
5561 4 12 9
720 4 12 82
5778 4 12 60
3709 4 12 55
4955 4 13 67
2791 4 13 86
1996 4 13 32
5582 4 13 82
1113 4 13 4
4072 4 13 36
5405 4 13 59
188 4 13 94
1269 4 13 63
2596 4 13 41
5899 4 13 10
2753 4 14 8
2533 4 14 38
5068 4 14 33
5749 4 14 50
2640 4 14 27
5048 4 14 71
2256 4 14 87
1863 4 14 93
1980 4 14 3
4201 4 14 64
2232 4 15 34
1080 4 15 94
2631 4 15 64
2725 4 15 39
1934 4 15 4
4603 4 15 29
4169 4 15 10
2440 4 15 67
5686 4 15 75
3543 4 15 84
4429 4 15 89
5421 4 15 48
1221 4 16 74
4662 4 16 93
1685 4 16 23
1563 4 16 26
5503 4 16 3
5737 4 16 70
6240 4 16 19
5562 4 16 85
6276 4 16 38
632 4 17 49
5894 4 17 93
5853 4 17 20
3620 4 17 24
3231 4 17 37
5427 4 17 78
6082 4 17 3
6162 4 17 30
5246 4 17 74
4307 4 18 65
903 4 18 62
4423 4 18 3
1310 4 18 16
3445 4 18 86
117 4 18 92
2819 4 18 48
682 4 18 9
2255 4 18 41
3760 4 18 53
5735 4 18 82
4882 4 19 55
869 4 19 37
4492 4 19 8
1719 4 19 79
3750 4 19 27
5936 4 19 3
3159 4 19 67
1551 4 19 52
4534 4 19 32
3525 5 0 40
4312 5 0 27
978 5 0 20
1280 5 0 56
490 5 0 15
1880 5 0 5
533 5 0 66
5941 5 0 45
5537 5 0 61
3559 5 0 86
2771 5 1 59
1937 5 1 5
5879 5 1 12
5049 5 1 40
2911 5 1 89
3146 5 1 81
3315 5 1 30
2862 5 1 54
4643 5 1 50
4344 5 1 19
626 5 2 15
1536 5 2 5
1203 5 2 71
2661 5 2 65
2204 5 2 35
4933 5 2 61
3234 5 2 87
4112 5 2 42
2814 5 3 16
2492 5 3 86
5367 5 3 72
421 5 3 5
39 5 3 38
3377 5 5 16
3677 5 5 69
744 5 5 86
335 5 5 5
2452 5 5 46
5866 5 6 41
3296 5 6 37
3659 5 6 55
4749 5 6 62
3810 5 6 81
1554 5 6 20
1109 5 6 5
3154 5 7 2
5105 5 7 51
733 5 7 9
1913 5 7 77
84 5 7 80
4166 5 7 42
891 5 8 35
5446 5 8 66
4649 5 8 82
1812 5 8 2
5216 5 8 9
5191 5 9 2
3134 5 9 76
2144 5 9 55
3984 5 9 46
1042 5 9 10
4229 5 9 63
6054 5 9 80
4904 5 9 40
1157 5 9 20
5843 5 10 85
4398 5 10 38
4242 5 10 8
4032 5 10 47
3270 5 10 2
502 5 10 62
4138 5 10 58
784 5 10 78
1993 5 11 75
1446 5 11 3
3743 5 11 49
1850 5 11 12
4300 5 11 95
5807 5 11 35
2740 5 11 81
1849 5 11 32
4454 5 11 86
4030 5 11 56
4899 5 11 45
3904 5 12 17
1445 5 12 40
4029 5 12 66
5380 5 12 77
429 5 12 88
425 5 12 2
5081 5 12 9
5469 5 12 60
2216 5 12 36
4829 5 12 83
4957 5 12 71
2835 5 12 55
4974 5 13 82
3663 5 13 41
1626 5 13 29
3221 5 13 67
3173 5 13 95
1712 5 13 10
2013 5 13 86
4233 5 13 5
2829 5 13 51
4469 5 13 59
282 5 13 36
1070 5 13 32
590 5 13 63
2175 5 14 95
1025 5 14 10
2325 5 14 51
1426 5 14 64
172 5 14 38
2954 5 14 71
5286 5 14 41
5360 5 14 77
1507 5 14 59
4894 5 14 82
4290 5 15 77
3489 5 15 95
435 5 15 51
991 5 15 10
5459 5 15 42
1067 5 15 59
2681 5 16 23
2716 5 16 70
646 5 16 93
1380 5 16 3
3471 5 16 19
1155 5 16 26
6058 5 16 66
3815 5 16 85
3488 5 16 38
5114 5 17 20
2863 5 17 37
3435 5 17 3
3869 5 17 70
5629 5 17 30
5277 5 17 49
3345 5 17 74
3672 5 17 90
5976 5 17 78
4976 5 18 37
381 5 18 82
886 5 18 62
1183 5 18 48
3176 5 18 16
4259 5 18 3
3513 5 18 65
3219 5 18 53
3336 5 18 42
3212 5 18 86
6065 5 18 92
314 5 19 37
5712 5 19 23
5232 5 19 8
3582 5 19 27
4227 5 19 32
724 5 19 52
4729 5 19 55
341 5 19 3
2556 5 19 90
5666 5 19 79
1541 5 19 67
963 6 0 15
926 6 0 39
2032 6 0 66
41 6 0 45
4561 6 0 86
3686 6 0 5
3497 6 0 20
4393 6 0 27
6225 6 0 61
5174 6 1 19
6111 6 1 30
5757 6 1 54
3653 6 1 82
58 6 1 40
4590 6 1 89
5589 6 1 59
320 6 1 5
4588 6 2 5
254 6 2 65
3070 6 2 42
1206 6 2 71
5104 6 2 88
4704 6 2 15
92 6 3 88
3601 6 3 76
681 6 3 5
1220 6 3 19
3887 6 3 36
6236 6 5 19
4876 6 5 44
142 6 5 89
3264 6 5 5
5754 6 5 72
3881 6 6 20
5949 6 6 5
5330 6 6 62
5033 6 6 41
3476 6 6 15
229 6 6 89
2634 6 7 51
5967 6 7 38
2450 6 7 3
4538 6 7 81
170 6 7 73
2868 6 7 9
3708 6 7 42
2161 6 8 3
677 6 8 35
4787 6 8 66
2694 6 8 82
3703 6 8 25
633 6 9 10
2894 6 9 76
570 6 9 87
2883 6 9 20
1498 6 9 36
5655 6 9 80
2592 6 9 3
3436 6 9 46
1781 6 9 55
4568 6 9 40
454 6 9 63
3556 6 10 30
3379 6 10 38
4699 6 10 8
1291 6 10 4
1011 6 10 47
622 6 10 58
5545 6 10 85
235 6 10 62
861 6 11 3
5080 6 11 35
8 6 11 86
2816 6 11 56
970 6 11 81
91 6 11 95
364 6 11 12
3535 6 11 45
1672 6 11 49
1858 6 11 75
1691 6 12 36
3015 6 12 3
2311 6 12 40
6176 6 12 54
5730 6 12 31
3788 6 12 66
5538 6 12 88
4383 6 12 60
1707 6 12 77
4676 6 12 83
5679 6 12 17
1914 6 12 71
7 6 13 42
1376 6 13 87
4763 6 13 3
5887 6 13 75
643 6 14 3
3371 6 14 45
1731 6 14 80
2254 6 15 95
3262 6 15 23
6045 6 15 10
1305 6 15 42
3720 6 15 77
2129 6 15 59
5334 6 16 23
551 6 16 3
4224 6 16 82
811 6 16 60
2376 6 17 37
1533 6 17 74
3578 6 17 70
912 6 17 3
110 6 17 90
5276 6 17 30
1786 6 17 78
1217 6 17 49
2444 6 18 53
4613 6 18 34
3312 6 18 3
3040 6 18 42
3830 6 18 77
6034 6 18 92
4731 6 18 49
548 6 18 86
4125 6 18 65
5171 6 18 16
5084 6 19 79
3453 6 19 55
3885 6 19 23
4054 6 19 8
1300 6 19 90
2194 6 19 4
2530 6 19 27
130 6 19 67
5456 6 19 32
5140 7 0 20
2078 7 0 66
4793 7 0 27
3711 7 0 39
852 7 0 85
1535 7 0 5
1410 7 0 80
1304 7 0 61
1384 7 0 45
5839 7 1 59
251 7 1 19
4023 7 1 82
4261 7 1 5
179 7 1 40
2904 7 1 89
4156 7 2 5
3777 7 2 71
769 7 2 88
2521 7 2 19
3100 7 2 65
3191 7 2 42
5690 7 3 74
1614 7 3 89
5157 7 3 20
83 7 3 5
585 7 3 31
5822 7 5 73
679 7 5 89
5306 7 5 5
4973 7 5 17
5982 7 5 42
378 7 6 89
4898 7 6 41
80 7 6 5
6038 7 6 20
4267 7 6 73
148 7 7 51
3479 7 7 42
5527 7 7 35
4764 7 7 9
349 7 7 81
4852 7 7 4
3862 7 7 38
4657 7 8 3
5170 7 8 22
2830 7 8 25
994 7 8 35
3818 7 8 66
5371 7 8 61
1460 7 8 82
638 7 9 20
248 7 9 55
5814 7 9 72
5675 7 9 76
4438 7 9 87
3068 7 9 5
5398 7 9 12
6272 7 9 63
2927 7 9 46
3207 7 9 40
4420 7 10 54
2607 7 10 73
4180 7 10 85
5412 7 10 47
715 7 10 4
3737 7 10 58
3220 7 10 30
2745 7 10 38
3166 7 10 8
4748 7 10 62
3360 7 11 45
5656 7 11 75
4606 7 11 3
2784 7 11 91
5108 7 11 95
1307 7 11 56
4675 7 11 86
6138 7 11 22
2499 7 11 35
4667 7 12 31
1653 7 12 71
1647 7 12 40
3692 7 12 66
4674 7 12 83
2585 7 12 60
1848 7 12 54
232 7 12 5
4413 7 12 17
4007 7 12 88
4678 7 13 3
6059 7 13 33
616 7 13 67
1709 7 13 87
4777 7 13 75
5968 7 13 42
5751 7 14 80
2773 7 14 76
4121 7 14 33
4527 7 14 3
6089 7 14 45
5342 7 15 10
508 7 15 42
2079 7 15 23
4979 7 15 77
2442 7 16 46
3605 7 16 82
5483 7 16 19
1152 7 16 14
6173 7 16 93
669 7 16 60
6188 7 16 3
5274 7 17 15
5235 7 17 64
4088 7 17 3
1022 7 17 37
4903 7 17 30
5516 7 17 90
1361 7 17 78
2278 7 18 49
231 7 18 5
6224 7 18 65
2567 7 18 76
5850 7 18 42
4565 7 18 34
5168 7 18 16
5688 7 18 92
4226 7 18 86
5002 7 19 79
1490 7 19 32
1699 7 19 23
66 7 19 67
2858 7 19 55
5353 7 19 90
284 7 19 8
227 7 19 27
5997 8 0 20
1341 8 0 66
3689 8 0 61
1537 8 0 27
4048 8 0 5
5509 8 0 85
4624 8 0 45
3456 8 1 40
2239 8 1 19
4915 8 1 5
340 8 1 59
4989 8 1 89
3274 8 2 42
3046 8 2 19
5893 8 2 5
4598 8 2 65
3693 8 2 87
4271 8 2 71
5408 8 3 20
5195 8 3 5
1604 8 3 88
6035 8 3 25
88 8 3 60
3142 8 16 92
4093 8 16 55
4294 8 17 55
4995 8 17 92
4306 8 18 16
2058 8 18 28
5908 8 18 55
5786 8 18 92
2748 8 19 82
6168 8 19 55
5018 8 19 16
4726 8 19 8
5971 8 19 33
4190 8 19 39
2569 8 19 45
5573 8 19 90
5177 8 19 28
1724 9 0 1
1297 9 0 27
4178 9 0 66
5224 9 1 1
1891 9 1 40
4193 9 1 66
2487 9 2 1
5320 9 2 71
2480 9 2 42
5076 9 3 85
2419 9 3 1
5279 9 3 25
5585 9 4 34
1440 9 4 1
6156 9 4 90
1391 9 5 1
3980 9 5 63
3755 9 5 98
5764 9 6 1
1817 9 6 13
2042 9 8 65
156 9 8 39
3666 9 8 88
2785 9 8 2
4578 9 8 20
4405 9 9 28
1741 9 9 41
4697 9 9 5
2052 9 9 84
4918 9 10 5
1326 9 10 21
1519 9 10 83
5063 9 10 67
6011 9 11 21
4255 9 11 81
3651 9 11 5
2742 9 11 57
3215 9 12 21
4057 9 12 57
2534 9 12 5
4831 9 12 77
3338 9 13 22
1601 9 13 73
3575 9 13 5
4700 9 13 46
4298 9 15 27
647 9 15 35
5996 9 15 5
2622 9 15 71
6116 9 16 48
909 9 16 5
5892 9 16 22
3964 9 16 62
2182 9 16 91
5198 9 17 5
5167 9 17 78
4702 9 17 20
5100 9 17 86
1802 9 17 66
236 9 17 71
2091 9 17 41
5382 9 17 32
6088 9 18 63
6019 9 18 27
883 9 18 5
5829 9 18 72
1509 9 18 91
809 9 18 37
1944 9 19 45
3678 9 19 69
5122 9 19 64
6210 9 19 91
298 9 19 16
1006 9 19 82
5374 9 19 39
1526 9 19 5
3751 10 0 71
2167 10 0 89
4869 10 0 21
1388 10 0 26
2502 10 0 83
5804 10 0 2
1363 10 1 89
5817 10 1 83
5547 10 1 57
3752 10 1 2
4024 10 1 21
5883 10 1 67
704 10 1 71
4220 10 1 26
75 10 2 2
3499 10 2 21
5083 10 2 34
5464 10 2 67
5776 10 2 26
5056 10 2 71
4785 10 2 57
1173 10 2 80
743 10 2 89
5091 10 3 18
4340 10 3 34
1178 10 3 21
4459 10 3 26
5280 10 3 67
4654 10 3 2
6075 10 3 89
3248 10 3 57
4835 10 4 36
5937 10 5 36
4449 10 6 36
4117 10 7 36
2647 10 8 13
4101 10 8 31
3939 10 8 94
79 10 8 76
376 10 8 2
230 10 8 48
2389 10 8 69
5278 10 8 81
3547 10 9 3
5078 10 9 83
6099 10 9 51
1829 10 9 17
4283 10 10 18
3944 10 10 89
2301 10 10 3
3657 10 10 51
1787 10 11 3
3767 10 11 58
5436 10 11 21
3911 10 12 60
78 10 12 18
5146 10 12 3
1570 10 13 68
1826 10 13 64
1667 10 13 21
2097 10 13 3
3526 10 15 5
5133 10 15 76
4316 10 15 43
2257 10 15 91
5644 10 16 5
1746 10 16 43
2720 10 16 62
2336 10 17 5
1370 10 17 77
6123 10 17 32
1290 10 17 71
4783 10 17 41
6066 10 17 86
5759 10 18 37
512 10 18 4
4520 10 18 72
3023 10 18 16
1973 10 18 34
468 10 19 16
3131 10 19 82
5861 10 19 39
4494 10 19 69
2832 10 19 91
1538 10 19 4
4519 10 19 45
6024 11 0 2
5383 11 0 26
2525 11 0 83
3132 11 0 89
2145 11 1 2
4069 11 1 67
2269 11 1 86
802 11 2 1
1215 11 2 34
4297 11 2 83
4601 11 2 11
5847 11 3 86
895 11 3 1
5548 11 3 11
4050 11 3 48
5855 11 4 36
760 11 4 69
4463 11 5 89
1929 11 5 33
13 11 5 1
4102 11 5 10
986 11 5 43
3809 11 6 12
2083 11 6 70
5699 11 6 90
2209 11 6 32
4917 11 6 74
1900 11 6 5
4570 11 6 81
600 11 6 8
2037 11 6 29
4150 11 6 50
2552 11 6 45
4342 11 7 46
3714 11 7 27
3691 11 7 96
85 11 7 68
2362 11 7 87
4037 11 7 36
1930 11 7 6
1284 11 8 26
3428 11 8 69
2891 11 8 13
101 11 8 76
1494 11 8 4
1483 11 8 48
1546 11 8 81
4626 11 8 31
3322 11 9 18
401 11 9 70
5520 11 9 59
211 11 9 74
2048 11 9 90
5366 11 9 5
4618 11 9 29
3396 11 9 44
1352 11 9 51
4860 11 9 79
3273 11 10 5
1714 11 10 79
323 11 10 51
2288 11 10 18
2788 11 10 44
5000 11 10 66
1484 11 10 90
1327 11 10 32
574 11 11 90
4855 11 11 32
1852 11 11 5
1236 11 11 66
4545 11 11 39
1444 11 11 44
2349 11 12 39
1689 11 12 5
6203 11 12 67
1311 11 12 44
3801 11 12 32
2937 11 12 91
3358 11 15 52
2360 11 15 73
2526 11 16 84
327 11 16 18
2563 11 16 47
3087 11 16 4
3252 11 17 18
2509 11 17 4
2430 11 17 41
1579 11 17 86
4046 11 17 77
5637 11 18 37
2630 11 18 77
906 11 18 86
1933 11 18 4
3863 11 18 18
5532 11 19 18
4003 11 19 45
1690 11 19 4
5682 11 19 82
1105 12 0 1
3451 12 0 25
138 12 0 41
4118 12 0 53
1876 12 0 18
5190 12 0 10
3759 12 0 78
402 12 0 81
6249 12 0 91
1515 12 0 73
4879 12 0 29
5634 12 1 12
3033 12 1 67
6257 12 1 20
4832 12 1 29
6267 12 1 41
2441 12 1 97
1344 12 1 78
740 12 1 1
5826 12 1 56
876 12 1 25
1237 12 1 73
546 12 2 13
4124 12 2 7
516 12 2 73
2455 12 2 41
2566 12 2 67
5771 12 2 31
5541 12 2 64
4343 12 2 2
1491 12 3 67
4130 12 3 31
2069 12 3 2
491 12 3 73
2354 12 3 41
4364 12 4 42
5008 12 4 36
6052 12 4 3
2612 12 4 31
863 12 4 69
5743 12 5 14
5292 12 5 68
2508 12 5 82
2125 12 5 29
1367 12 5 2
2134 12 5 33
2168 12 5 43
4878 12 6 81
2433 12 6 4
1735 12 6 8
301 12 6 73
1200 12 6 90
6033 12 6 29
929 12 6 50
2710 12 6 45
5348 12 6 12
2766 12 6 32
5969 12 7 26
4491 12 7 60
4268 12 7 96
1455 12 7 2
408 12 7 68
3804 12 7 87
4983 12 7 46
4797 12 7 36
3169 12 7 6
3335 12 8 13
796 12 8 45
2479 12 8 76
2811 12 8 48
5130 12 8 31
2413 12 8 4
4714 12 8 69
1756 12 8 81
4105 12 8 26
4836 12 9 90
1683 12 9 51
4397 12 9 18
6198 12 9 44
4633 12 9 59
4945 12 9 29
4041 12 9 79
5615 12 9 4
3501 12 9 74
2299 12 10 63
3380 12 10 78
4175 12 10 43
2993 12 10 4
5540 12 10 22
1358 12 10 32
591 12 10 66
1917 12 10 88
3699 12 10 16
3524 12 11 48
2165 12 11 57
1122 12 11 4
5263 12 11 89
2764 12 11 71
5874 12 11 24
3896 12 11 81
1646 12 11 30
185 12 12 58
3541 12 12 23
4061 12 12 47
2406 12 12 54
4195 12 12 4
4677 12 12 80
5136 12 12 16
1911 12 13 27
3174 12 13 50
1010 12 13 35
2545 12 13 59
5791 12 13 76
97 12 13 66
5324 12 14 4
3864 12 14 28
4311 12 14 36
1586 12 14 22
3808 12 14 70
2118 12 14 49
398 12 14 87
5004 12 14 16
3585 12 14 76
6079 12 14 57
603 12 16 80
1199 12 17 80
3482 12 17 86
4426 12 17 62
40 12 17 7
555 12 18 7
1960 12 18 27
3645 12 18 86
1821 12 18 80
4304 12 18 14
3114 12 18 58
4403 12 18 35
5755 12 18 67
6252 12 18 62
1057 12 19 33
5144 12 19 40
2886 12 19 67
191 12 19 52
1621 12 19 79
566 12 19 7
5841 12 19 84
2098 12 19 11
2664 12 19 93
3405 12 19 58
2602 12 19 27
1017 12 19 61
1477 13 0 1
4092 13 0 18
4664 13 0 41
5627 13 0 10
5792 13 0 29
5799 13 0 25
4619 13 0 81
2547 13 0 47
2379 13 0 53
4480 13 0 91
1055 13 0 94
4139 13 0 77
5834 13 1 56
641 13 1 51
925 13 1 1
3797 13 1 20
210 13 1 28
4636 13 1 67
3723 13 1 97
4548 13 1 86
3690 13 1 11
2335 13 2 24
3250 13 2 31
5944 13 2 2
2025 13 2 64
580 13 2 13
1464 13 2 45
5021 13 2 48
2651 13 2 92
5303 13 2 7
5873 13 3 63
329 13 3 95
5289 13 3 2
5160 13 3 49
1233 13 3 14
2429 13 3 19
5186 13 3 45
519 13 3 66
5620 13 3 86
5563 13 4 36
4009 13 4 12
90 13 4 93
1832 13 4 30
593 13 4 51
2220 13 4 54
6007 13 4 77
3031 13 4 2
2676 13 4 47
4225 13 4 5
5602 13 4 87
2443 13 4 69
3765 13 5 2
4231 13 5 33
5249 13 5 75
265 13 5 82
1399 13 5 94
3224 13 5 43
4239 13 5 68
4929 13 5 14
2154 13 6 8
4838 13 6 45
2464 13 6 12
1248 13 6 73
3150 13 6 32
1981 13 6 94
1065 13 6 1
3769 13 6 4
4819 13 6 50
5993 13 6 81
5039 13 7 36
5611 13 7 87
4888 13 7 6
1510 13 7 96
3304 13 7 2
2677 13 7 68
5881 13 7 26
4753 13 7 46
1649 13 7 29
2082 13 8 1
5095 13 8 45
3227 13 8 48
3822 13 8 76
5381 13 8 69
1617 13 8 13
1566 13 8 29
5411 13 8 31
2559 13 8 81
3417 13 8 4
5319 13 9 86
5047 13 9 29
2414 13 9 4
4962 13 9 90
5650 13 9 79
4517 13 9 59
3204 13 9 51
3706 13 10 88
867 13 10 4
6050 13 10 22
4528 13 10 78
2529 13 10 32
2541 13 10 43
4265 13 10 66
5205 13 11 4
2449 13 11 19
455 13 11 30
2789 13 11 52
4670 13 11 71
5300 13 11 81
6142 13 11 24
5702 13 11 89
4356 13 11 57
2921 13 12 17
577 13 12 4
4541 13 12 23
5992 13 12 48
3927 13 12 54
5552 13 12 58
240 13 12 81
569 13 13 94
4816 13 13 7
5870 13 13 50
4840 13 13 59
505 13 13 19
2270 13 13 27
465 13 13 66
678 13 13 75
3963 13 13 35
2235 13 14 49
4890 13 14 36
4128 13 14 17
309 13 14 4
2765 13 14 22
3652 13 14 76
596 13 14 87
3856 13 14 57
4583 13 14 28
2276 13 14 71
6164 13 15 67
1527 13 15 23
336 13 15 72
727 13 15 4
5192 13 15 86
196 13 15 34
4490 13 15 12
3402 13 15 91
4270 13 15 40
3357 13 15 50
5625 13 16 89
3534 13 16 40
5022 13 16 44
4724 13 16 27
2088 13 16 18
257 13 16 5
2283 13 16 76
217 13 16 71
2893 13 16 59
5211 13 16 13
4533 13 16 64
234 13 17 52
2241 13 17 17
5983 13 17 5
5388 13 17 73
6204 13 17 84
4737 13 17 47
212 13 17 29
4884 13 17 57
2158 13 18 80
3909 13 18 6
656 13 18 24
778 13 18 42
5439 13 18 56
171 13 18 71
1119 13 18 38
1616 13 18 50
1728 13 18 76
2236 13 18 14
5513 13 18 35
2073 13 18 86
2514 13 19 7
3937 13 19 67
5135 13 19 22
2989 13 19 27
1139 13 19 40
3007 13 19 57
4269 13 19 11
2650 13 19 79
3665 13 19 93
2404 13 19 61
6195 13 19 84
1571 14 0 11
1922 14 0 81
2580 14 0 29
639 14 0 17
1896 14 0 95
6246 14 0 91
1561 14 0 24
785 14 0 46
316 14 0 53
125 14 0 84
1925 14 0 1
82 14 0 50
3717 14 1 11
1762 14 1 58
1513 14 1 1
4800 14 1 28
2383 14 1 67
2188 14 1 96
3867 14 1 20
1799 14 1 56
2991 14 1 51
6184 14 1 87
666 14 2 51
1481 14 2 13
605 14 2 48
2755 14 2 24
6248 14 2 45
5672 14 2 31
3850 14 2 1
2660 14 2 64
5821 14 2 7
712 14 2 92
1834 14 2 84
5852 14 2 61
1718 14 3 90
5373 14 3 49
5684 14 3 87
5428 14 3 45
1580 14 3 14
1071 14 3 95
5356 14 3 7
936 14 3 62
3050 14 3 1
4703 14 3 19
2623 14 3 66
3848 14 4 1
5434 14 4 12
1954 14 4 93
4243 14 4 36
6189 14 4 5
3784 14 4 28
1939 14 4 30
2570 14 4 51
27 14 4 54
5566 14 4 74
3914 14 4 77
776 14 4 91
5298 14 4 72
1661 14 5 34
3748 14 5 68
1117 14 5 82
1292 14 5 72
3081 14 5 14
4841 14 5 43
2343 14 5 94
2558 14 5 1
5349 14 5 75
6259 14 5 5
5511 14 6 81
686 14 6 1
2626 14 6 5
771 14 6 8
1703 14 6 32
5549 14 6 50
3996 14 6 75
738 14 6 95
4497 14 6 12
3568 14 7 2
1642 14 7 6
3970 14 7 68
6182 14 7 29
5150 14 7 46
3952 14 7 63
5189 14 7 42
1558 14 7 66
343 14 7 85
5717 14 7 87
862 14 7 92
1806 14 7 96
5535 14 7 36
5038 14 8 81
2880 14 8 1
5830 14 8 31
2997 14 8 48
5482 14 8 4
3812 14 8 13
5384 14 8 45
4211 14 8 76
3398 14 8 74
5347 14 9 29
5706 14 9 90
1075 14 9 59
923 14 9 85
5711 14 9 51
5523 14 9 4
6197 14 10 43
5449 14 10 4
5972 14 10 71
568 14 10 88
4696 14 10 78
5642 14 10 32
5916 14 11 4
4161 14 11 71
6143 14 11 24
5332 14 11 57
6172 14 11 89
6158 14 11 30
3552 14 12 17
5945 14 12 54
924 14 12 4
5284 14 12 23
6265 14 12 58
4867 14 12 81
6057 14 13 35
2555 14 13 50
747 14 13 75
5241 14 13 7
2590 14 13 27
1451 14 13 94
2910 14 13 19
2747 14 13 66
797 14 14 36
106 14 14 57
4738 14 14 76
5426 14 14 22
3433 14 14 88
1393 14 14 4
4663 14 14 28
2472 14 15 4
658 14 15 34
1136 14 15 50
1132 14 15 86
4789 14 15 40
4934 14 15 12
2898 14 15 23
1314 14 15 72
4189 14 15 91
4718 14 16 64
5302 14 16 76
2871 14 16 18
559 14 16 5
5199 14 16 40
1512 14 16 44
4872 14 16 27
4849 14 16 49
734 14 16 89
5962 14 16 71
5773 14 16 59
4617 14 17 4
552 14 17 23
6214 14 17 73
3277 14 17 52
2691 14 17 94
5544 14 17 17
5006 14 17 47
3163 14 17 29
5416 14 17 57
5571 14 17 85
910 14 18 5
2043 14 18 50
1595 14 18 24
2577 14 18 38
1740 14 18 76
35 14 18 34
4154 14 18 80
1609 14 18 56
2340 14 18 14
3589 14 18 86
1053 14 18 42
4332 14 19 11
2314 14 19 22
4725 14 19 93
1995 14 19 84
1439 14 19 40
5253 14 19 27
443 14 19 18
5261 14 19 7
4461 14 19 57
5468 14 19 61
4487 14 19 67
4335 14 19 79
5051 15 0 17
477 15 0 84
4924 15 0 29
3117 15 0 24
4142 15 0 53
1368 15 0 50
3143 15 0 11
3096 15 0 1
2831 15 0 46
5876 15 0 81
6271 15 0 91
2427 15 0 95
2210 15 1 16
5361 15 1 55
4445 15 1 90
3286 15 1 96
3112 15 1 58
4334 15 1 1
5407 15 1 11
4325 15 1 20
2901 15 1 28
3411 15 1 67
3026 15 2 64
6237 15 2 61
1037 15 2 92
1594 15 2 51
1343 15 2 1
1522 15 2 57
4371 15 2 13
3520 15 2 31
3137 15 2 24
2675 15 2 48
3518 15 2 84
3372 15 2 88
5653 15 3 19
2128 15 3 90
2411 15 3 14
3244 15 3 95
1801 15 3 62
5128 15 3 1
3432 15 3 66
5441 15 3 49
5673 15 3 7
4122 15 4 12
5501 15 4 77
5953 15 4 30
4498 15 4 33
4234 15 4 75
1324 15 4 36
2463 15 4 93
1192 15 4 1
3607 15 4 91
5420 15 4 71
5268 15 4 54
3962 15 5 94
2672 15 5 35
161 15 5 40
5431 15 5 43
4909 15 5 1
5790 15 5 75
4232 15 5 10
2006 15 5 82
4133 15 5 72
2409 15 5 14
2242 15 6 8
4839 15 6 1
4993 15 6 12
2655 15 6 50
5606 15 6 32
5745 15 6 36
3951 15 6 5
198 15 6 81
5555 15 6 79
333 15 7 1
5632 15 7 42
4765 15 7 68
2390 15 7 87
393 15 7 46
4875 15 7 92
3770 15 7 96
6211 15 7 6
4276 15 7 40
2756 15 7 85
2378 15 7 36
1768 15 7 65
5166 15 8 76
5823 15 8 81
2736 15 8 1
2422 15 8 44
1906 15 8 13
3425 15 8 37
11 15 8 40
5318 15 8 48
1340 15 9 90
5739 15 9 4
4129 15 9 59
1165 15 10 43
4386 15 10 78
4766 15 10 4
2031 15 11 30
2200 15 11 4
4919 15 11 71
1957 15 11 89
302 15 12 23
3462 15 12 88
1123 15 12 4
1208 15 12 58
3658 15 13 66
4355 15 13 6
3604 15 13 75
2280 15 13 58
4827 15 13 27
2308 15 13 35
3061 15 13 94
5576 15 13 19
3834 15 13 50
2925 15 14 23
1882 15 14 76
5299 15 14 28
3036 15 14 57
37 15 14 4
1156 15 14 89
4760 15 14 82
1041 15 14 36
4535 15 15 23
2726 15 15 86
5600 15 15 91
4895 15 15 50
2981 15 15 4
4163 15 15 72
837 15 15 45
3155 15 15 55
5238 15 15 12
955 15 15 34
14 15 16 49
2632 15 16 76
3992 15 16 44
3289 15 16 64
2887 15 16 5
2326 15 16 27
342 15 16 72
5158 15 16 18
5473 15 16 84
4716 15 17 52
1624 15 17 29
3728 15 17 73
5450 15 17 48
132 15 17 18
5435 15 17 57
5507 15 17 86
162 15 17 94
3590 15 17 69
6072 15 17 4
1729 15 17 23
5663 15 18 80
3066 15 18 42
2407 15 18 34
3149 15 18 56
4473 15 18 50
2191 15 18 24
1002 15 18 5
3329 15 18 14
3929 15 18 86
6044 15 18 61
6125 15 19 27
833 15 19 40
5500 15 19 80
4826 15 19 11
5453 15 19 57
5495 15 19 61
1278 15 19 22
4155 15 19 46
3348 15 19 6
3042 15 19 84
5640 15 19 93
791 15 19 18
2150 15 19 67
3092 16 0 89
5089 16 0 84
4038 16 0 50
2067 16 0 29
4147 16 0 53
2564 16 0 1
1903 16 0 91
5710 16 0 17
3510 16 0 24
3478 16 0 15
1635 16 1 16
2711 16 1 28
3931 16 1 91
3792 16 1 96
3043 16 1 93
4515 16 1 58
5154 16 1 20
3099 16 1 67
2587 16 1 1
295 16 2 1
1926 16 2 92
759 16 2 22
3532 16 2 24
1260 16 2 31
351 16 2 60
168 16 2 64
5247 16 2 88
3594 16 2 57
4911 16 2 16
4551 16 2 51
1000 16 3 22
6241 16 3 1
4431 16 3 14
4881 16 3 66
3519 16 3 95
2149 16 3 62
5466 16 3 49
6254 16 3 90
637 16 4 9
4245 16 4 54
4847 16 4 33
3695 16 4 36
297 16 4 74
2775 16 4 93
4095 16 4 12
5030 16 4 1
2024 16 4 77
4031 16 5 40
3434 16 5 35
4357 16 5 82
5103 16 5 1
2328 16 5 10
4728 16 5 14
4564 16 5 94
6023 16 5 75
2394 16 5 43
6243 16 6 36
2705 16 6 50
5556 16 6 12
3010 16 6 1
3104 16 6 81
5818 16 6 32
4450 16 6 8
3511 16 7 65
2548 16 7 87
5533 16 7 39
6212 16 7 42
877 16 7 46
1675 16 7 92
3875 16 7 96
732 16 7 68
2215 16 7 6
614 16 7 1
5828 16 8 76
1949 16 8 13
2818 16 8 1
1089 16 8 40
5447 16 8 48
6090 16 8 37
2977 16 8 43
5927 16 8 81
4504 16 9 3
741 16 9 14
1627 16 9 45
1610 16 9 75
48 16 10 3
2787 16 10 75
5596 16 10 17
623 16 10 46
1154 16 11 3
5064 16 11 17
2746 16 11 35
2687 16 11 83
2733 16 12 83
5695 16 12 17
1458 16 12 3
2968 16 12 45
2415 16 13 35
87 16 13 5
5046 16 13 50
5667 16 13 27
473 16 13 93
5316 16 13 58
783 16 13 18
4868 16 13 66
5187 16 13 75
3873 16 14 23
5401 16 14 28
3115 16 14 82
4240 16 14 4
5980 16 14 36
4913 16 14 57
472 16 14 53
1716 16 14 90
2476 16 15 81
3670 16 15 55
5612 16 15 72
1877 16 15 85
831 16 15 91
4333 16 15 34
1339 16 15 45
4028 16 15 4
1837 16 15 12
5479 16 15 50
3583 16 16 84
5519 16 16 5
3986 16 16 64
953 16 16 72
2172 16 16 18
1112 16 16 44
3985 16 16 76
1166 16 16 93
291 16 16 49
2712 16 16 27
2838 16 17 57
3908 16 17 29
52 16 17 73
5233 16 17 4
5932 16 17 23
5229 16 17 52
1205 16 17 93
1322 16 18 91
5066 16 18 50
4661 16 18 56
1887 16 18 45
2282 16 18 24
1589 16 18 61
5230 16 18 5
4880 16 18 14
4376 16 18 34
5182 16 18 85
2595 16 19 22
476 16 19 5
2107 16 19 18
1224 16 19 57
916 16 19 67
4608 16 19 46
1674 16 19 27
5595 16 19 11
2160 16 19 93
3880 16 19 84
1958 17 0 91
3816 17 0 24
4264 17 0 50
3842 17 0 88
3466 17 0 53
1744 17 0 1
4099 17 0 29
6169 17 0 17
4362 17 1 93
3884 17 1 96
3076 17 1 28
4323 17 1 60
4181 17 1 67
3934 17 1 1
5245 17 1 20
5461 17 2 64
4346 17 2 60
6145 17 2 24
6174 17 2 88
1060 17 2 21
3696 17 2 57
2724 17 2 92
4170 17 2 1
3783 17 2 31
4058 17 3 62
2837 17 3 66
5035 17 3 95
5067 17 3 19
5494 17 3 49
2461 17 3 1
5442 17 3 22
3629 17 4 77
4776 17 4 9
6115 17 4 54
5884 17 4 36
5301 17 4 1
3288 17 4 74
294 17 4 12
2926 17 4 93
5697 17 5 40
4779 17 5 46
3202 17 5 10
5213 17 5 82
1698 17 5 14
6201 17 5 75
5028 17 5 94
5661 17 5 1
3500 17 6 1
3129 17 6 12
4767 17 6 36
4416 17 6 39
3893 17 6 50
6146 17 6 81
6268 17 6 46
3538 17 7 1
2836 17 7 46
6030 17 7 87
4456 17 7 96
4710 17 7 92
5752 17 7 6
4856 17 7 39
1838 17 7 68
5183 17 8 81
3350 17 8 87
5437 17 8 37
2500 17 8 13
3168 17 8 43
3997 17 8 1
1582 17 8 48
4522 17 9 45
5964 17 9 74
3152 17 9 91
1988 17 9 69
1111 17 9 15
1947 17 9 35
3008 17 9 5
4368 17 10 75
4159 17 10 69
4455 17 10 35
807 17 10 15
4284 17 10 41
5641 17 10 50
387 17 10 92
6166 17 10 5
6062 17 10 27
5164 17 11 15
5975 17 11 27
3469 17 11 84
5504 17 11 92
4027 17 11 75
2703 17 11 35
5390 17 11 5
3161 17 11 50
2127 17 11 69
3249 17 12 84
5963 17 12 64
4305 17 12 50
4210 17 12 92
5510 17 12 27
4594 17 12 15
1857 17 12 35
3840 17 12 75
5142 17 12 5
5694 17 13 93
6187 17 13 50
2505 17 13 75
6094 17 13 58
6113 17 13 66
4759 17 13 5
1497 17 13 35
3013 17 13 15
6275 17 13 27
2041 17 14 36
6175 17 14 57
5502 17 14 28
4372 17 14 11
5196 17 14 4
4592 17 14 82
1676 17 14 91
3667 17 15 81
4460 17 15 4
5581 17 15 50
3732 17 15 12
888 17 15 29
1243 17 15 85
1904 17 15 34
1742 17 15 55
5651 17 16 76
1760 17 16 27
6005 17 16 5
1050 17 16 72
4883 17 16 84
3397 17 16 92
4026 17 16 64
6006 17 16 18
3495 17 16 49
1662 17 17 29
4505 17 17 4
3597 17 17 93
4488 17 17 73
4090 17 17 57
4417 17 17 90
4586 17 18 61
1474 17 18 4
6129 17 18 14
5460 17 18 50
1385 17 18 91
3823 17 18 28
4681 17 18 56
1014 17 18 34
859 17 18 24
3180 17 19 22
768 17 19 4
1255 17 19 57
4579 17 19 84
147 17 19 92
3974 17 19 67
4848 17 19 27
5564 17 19 11
5129 17 19 46
5485 18 0 91
4986 18 0 29
5082 18 0 24
1489 18 0 1
1693 18 0 53
5287 18 0 50
667 18 1 1
5440 18 1 96
821 18 1 28
4247 18 1 67
423 18 2 1
6213 18 2 24
4784 18 2 60
3528 18 2 31
2980 18 2 92
3901 18 2 64
4471 18 3 62
4948 18 3 66
5889 18 3 95
5037 18 3 24
5234 18 3 1
3889 18 3 22
3781 18 4 12
4503 18 4 1
4640 18 4 77
1045 18 4 54
4074 18 4 93
4808 18 5 46
5590 18 5 94
3976 18 5 43
2011 18 5 14
1717 18 5 1
5720 18 5 82
3481 18 6 82
3757 18 6 12
805 18 6 50
820 18 6 39
4310 18 6 1
5591 18 7 6
5358 18 7 46
1883 18 7 96
5476 18 7 92
3910 18 7 1
2420 18 7 68
1103 18 8 48
5391 18 8 87
2853 18 8 98
5352 18 8 1
5939 18 8 43
4174 18 8 13
3465 18 9 4
1859 18 9 15
4734 18 9 44
4091 18 9 27
1345 18 9 74
934 18 10 11
6013 18 10 4
412 18 10 27
2470 18 10 50
1550 18 10 92
3749 18 10 72
5448 18 11 15
2798 18 11 89
2131 18 11 24
3977 18 11 4
5935 18 11 44
3736 18 12 46
2992 18 12 11
74 18 12 3
5806 18 12 64
3381 18 12 71
6134 18 12 32
3160 18 12 90
3054 18 13 5
5387 18 13 58
4757 18 13 66
5346 18 13 32
2410 18 13 28
312 18 13 93
213 18 13 14
692 18 14 3
4482 18 14 11
98 18 14 57
3878 18 14 36
5912 18 14 28
5244 18 14 91
5430 18 15 55
1648 18 15 85
4950 18 15 4
2467 18 15 12
1991 18 15 34
4774 18 16 14
1013 18 16 64
1556 18 16 92
3198 18 16 27
5878 18 16 5
530 18 16 76
980 18 16 23
3217 18 17 93
922 18 17 3
2978 18 17 25
5683 18 17 29
5327 18 17 14
4165 18 17 61
2405 18 17 73
2769 18 18 92
5772 18 18 28
413 18 18 34
5813 18 18 61
3617 18 18 14
5851 18 18 56
1678 18 18 3
1972 18 19 57
1966 18 19 67
1254 18 19 11
3416 18 19 92
842 18 19 3
968 18 19 27
4059 19 0 53
5575 19 0 29
2446 19 0 1
3990 19 1 1
4750 19 1 28
1600 19 1 64
5979 19 2 1
1259 19 2 31
4066 19 2 64
2761 19 3 1
6244 19 3 24
2668 19 3 66
4338 19 4 93
3455 19 4 14
2750 19 4 1
1227 19 4 54
6136 19 5 94
1493 19 5 46
3126 19 5 1
919 19 5 14
3078 19 6 96
6234 19 6 12
4539 19 6 50
5134 19 6 1
6222 19 7 6
3342 19 7 96
2462 19 7 68
4821 19 7 1
1680 19 8 97
5617 19 8 48
47 19 8 13
5444 19 8 1
1417 19 9 74
6104 19 9 15
3763 19 9 27
1469 19 9 3
6119 19 10 50
4642 19 10 3
5304 19 10 72
5345 19 10 11
702 19 11 24
129 19 11 3
3205 19 11 72
6202 19 11 15
6053 19 12 46
359 19 12 15
104 19 12 3
3971 19 12 71
5131 19 13 14
1413 19 13 32
5610 19 13 66
4308 19 13 3
1076 19 14 11
5149 19 14 36
4611 19 14 57
4452 19 14 3
584 19 15 3
3521 19 15 34
939 19 15 55
3388 19 15 12
4620 19 16 76
4215 19 16 3
4988 19 16 14
1769 19 16 27
5321 19 16 93
3853 19 17 11
5309 19 17 93
3740 19 17 3
4597 19 17 73
4341 19 17 29
3233 19 18 3
5512 19 18 61
5716 19 18 34
998 19 18 11
4631 19 18 93
1315 19 19 3
2398 19 19 27
5236 19 19 92
3874 19 19 11
5399 19 19 67
