2587
5153 0 0 9
4929 0 0 76
320 0 0 1
363 0 0 92
3195 0 0 36
2184 0 1 44
4253 0 1 6
2479 0 1 1
4404 0 1 77
1347 0 1 92
5749 0 2 86
5420 0 2 39
785 0 2 6
3376 0 2 1
1362 0 2 92
2785 0 3 64
537 0 3 40
5303 0 3 1
2317 0 3 6
1426 0 4 52
5137 0 4 79
3191 0 4 2
1718 0 4 18
1628 0 5 2
3571 0 5 18
2952 0 5 79
2870 0 5 37
4489 0 6 41
511 0 6 2
1637 0 6 78
2626 0 6 18
2428 0 7 77
1746 0 7 17
5473 0 7 52
525 0 7 2
2850 0 8 24
1736 0 8 2
5231 0 8 11
5534 0 8 67
1699 0 9 67
4387 0 9 11
5459 0 9 22
488 0 9 2
1926 0 10 89
4624 0 10 37
2022 0 10 11
166 0 10 2
2056 0 10 78
4074 0 11 71
1289 0 11 29
4931 0 11 2
2076 0 11 10
1776 0 11 89
4341 0 12 2
2574 0 12 10
287 0 12 27
3089 0 12 71
707 0 12 87
5770 0 13 10
3936 0 13 68
5173 0 13 23
4101 0 13 2
4776 0 13 85
5056 0 14 10
4740 0 14 85
4350 0 14 35
1769 0 14 2
2551 0 14 62
4066 0 15 35
1344 0 15 2
1754 0 15 61
1626 0 15 85
487 0 15 10
273 0 16 3
4757 0 16 83
3628 0 16 63
3864 0 16 24
2190 0 17 3
3554 0 17 33
1815 0 17 83
3608 0 17 59
277 0 18 3
2476 0 18 33
3668 0 18 60
1309 0 18 80
2 0 19 3
398 0 19 74
5472 0 19 25
1783 0 19 58
4567 1 0 62
4859 1 0 31
3660 1 0 9
1707 1 0 36
3987 1 0 76
3870 1 0 91
5055 1 0 2
1136 1 1 44
5598 1 1 88
2378 1 1 1
631 1 1 6
615 1 1 33
5297 1 1 67
4734 1 1 77
1932 1 2 1
462 1 2 39
4599 1 2 73
5346 1 2 86
2502 1 2 92
4872 1 2 32
3654 1 2 6
192 1 3 40
3619 1 3 64
533 1 3 1
1047 1 3 6
514 1 3 30
2412 1 3 61
1258 1 3 85
3758 1 4 47
5633 1 4 72
965 1 4 2
2701 1 4 52
2535 1 4 79
945 1 4 18
2674 1 4 14
5177 1 5 54
4297 1 5 2
3190 1 5 37
227 1 5 14
5607 1 6 2
1186 1 6 11
1201 1 6 93
3579 1 6 72
4467 1 6 36
929 1 6 41
4828 1 6 78
4377 1 7 17
330 1 7 2
3128 1 7 52
3194 1 7 49
532 1 7 77
5594 1 8 67
3157 1 8 95
4589 1 8 11
4727 1 8 3
3225 1 8 24
875 1 8 46
5121 1 9 18
2627 1 9 56
5591 1 9 87
3811 1 9 3
3430 1 9 22
1044 1 10 37
1193 1 10 78
5136 1 10 3
3202 1 10 18
1321 1 10 89
4731 1 10 63
2544 1 11 64
5777 1 11 92
1884 1 11 29
5527 1 11 10
3463 1 11 25
3775 1 11 71
3652 1 11 3
4844 1 12 27
4319 1 12 50
102 1 12 19
1160 1 12 3
5800 1 12 87
1497 1 13 23
1530 1 13 68
3303 1 13 95
5609 1 13 54
1185 1 13 3
2711 1 13 85
4485 1 13 19
4038 1 14 56
1014 1 14 35
3937 1 14 62
2797 1 14 3
4947 1 14 20
3026 1 14 91
1511 1 15 82
2431 1 15 61
2225 1 15 52
293 1 15 15
5566 1 15 3
5171 1 16 3
3822 1 16 24
4453 1 16 83
4067 1 16 20
4893 1 16 54
819 1 16 63
3368 1 17 20
1916 1 17 53
5247 1 17 33
1525 1 17 72
3857 1 17 59
5769 1 17 3
3565 1 18 60
3444 1 18 95
5773 1 18 54
2841 1 18 23
3041 1 18 77
1603 1 18 3
1070 1 18 80
219 1 19 85
924 1 19 25
1535 1 19 58
3808 1 19 22
5457 1 19 3
2929 1 19 51
3503 1 19 74
2474 2 0 2
2899 2 0 36
2996 2 0 62
4165 2 0 27
2838 2 0 91
5782 2 0 76
1432 2 0 88
3578 2 0 31
4752 2 0 9
5075 2 0 58
1799 2 1 41
693 2 1 27
4412 2 1 44
2413 2 1 67
5586 2 1 2
4949 2 1 33
1985 2 1 77
4106 2 1 88
5257 2 1 62
5311 2 2 86
4257 2 2 2
1046 2 2 39
5129 2 2 73
5619 2 2 61
5178 2 2 82
4537 2 2 32
2410 2 2 92
974 2 3 61
5621 2 3 64
400 2 3 85
2902 2 3 91
2669 2 3 27
4980 2 3 58
4419 2 3 40
477 2 3 1
340 2 3 30
1202 2 3 6
5175 2 3 80
4793 2 4 66
4617 2 4 42
5383 2 4 52
5306 2 4 72
3705 2 4 79
2375 2 4 47
428 2 4 93
1308 2 4 2
5251 2 4 13
5182 2 4 18
599 2 5 54
5476 2 5 2
4344 2 5 14
5227 2 5 12
3890 2 5 31
3052 2 5 37
4024 2 6 2
4013 2 6 30
1073 2 6 11
3473 2 6 36
2452 2 6 41
5504 2 6 78
781 2 6 90
2499 2 6 93
2742 2 6 72
4393 2 6 66
1840 2 7 71
4005 2 7 50
2361 2 7 52
7 2 7 40
251 2 7 2
158 2 7 77
5807 2 7 17
5804 2 7 13
4196 2 8 3
4261 2 8 95
3053 2 8 24
3522 2 8 51
4986 2 8 67
2815 2 8 46
1829 2 8 85
1548 2 8 11
2978 2 9 18
2122 2 9 51
3043 2 9 3
5590 2 9 11
3059 2 9 75
2333 2 9 95
5096 2 9 49
846 2 9 24
5076 2 9 56
792 2 9 67
4643 2 9 87
2885 2 10 37
5413 2 10 4
1585 2 10 51
4851 2 10 56
4841 2 10 78
5469 2 10 11
5179 2 10 89
2573 2 10 18
110 2 10 67
3437 2 10 75
5419 2 10 24
252 2 10 96
2666 2 11 37
3622 2 11 56
4976 2 11 4
2990 2 11 75
4838 2 11 78
1335 2 11 51
3760 2 11 67
5706 2 11 29
5336 2 11 11
2138 2 11 71
2219 2 11 19
1251 2 11 25
2715 2 12 3
4159 2 12 27
2671 2 12 48
4927 2 12 50
4237 2 12 17
3034 2 12 87
5272 2 12 80
3387 2 13 23
2469 2 13 82
3997 2 13 68
2695 2 13 20
4227 2 13 3
3871 2 13 54
4338 2 13 15
1590 2 13 85
1485 2 13 50
4240 2 14 3
2858 2 14 35
4798 2 14 52
3881 2 14 20
618 2 14 86
3838 2 14 14
5610 2 14 62
3721 2 14 56
2161 2 14 91
1704 2 15 61
3683 2 15 3
5309 2 15 42
3773 2 15 82
2349 2 15 15
2028 2 15 52
1695 2 16 24
4760 2 16 92
4331 2 16 49
4846 2 16 80
2470 2 16 3
4144 2 16 54
5768 2 16 63
5802 2 16 83
2950 2 16 17
1364 2 17 20
4490 2 17 92
1296 2 17 3
527 2 17 72
4553 2 17 33
2215 2 17 14
2975 2 17 59
998 2 17 53
5400 2 18 54
5344 2 18 70
3615 2 18 80
2653 2 18 17
5337 2 18 48
3717 2 18 23
893 2 18 3
2908 2 18 91
3479 2 18 60
5241 2 19 85
3814 2 19 25
916 2 19 58
2845 2 19 74
5589 2 19 17
1837 2 19 51
2443 2 19 45
107 2 19 3
3992 2 19 92
3524 2 19 22
3977 3 0 36
2329 3 0 7
5678 3 0 54
3262 3 0 9
4432 3 0 2
2872 3 0 31
848 3 0 76
162 3 0 88
352 3 0 27
4741 3 0 58
2053 3 0 91
4230 3 1 44
2550 3 1 2
57 3 1 84
3617 3 1 62
2555 3 1 33
4123 3 1 26
2554 3 1 77
1568 3 1 67
1238 3 1 41
4767 3 2 86
4050 3 2 32
3969 3 2 61
2100 3 2 92
5743 3 2 27
1989 3 2 2
4503 3 2 73
4786 3 2 82
649 3 2 39
3217 3 3 2
4943 3 3 6
2243 3 3 37
2755 3 3 40
1225 3 3 91
4938 3 3 30
5750 3 3 58
1753 3 3 64
2514 3 3 24
4267 3 3 86
3406 3 3 80
4265 3 3 54
3742 3 4 94
3064 3 4 66
2177 3 4 47
5370 3 4 52
3457 3 4 79
2512 3 4 72
2285 3 4 18
5074 3 4 62
4278 3 4 13
4476 3 4 3
3689 3 4 42
4096 3 5 14
3197 3 5 12
2458 3 5 37
1934 3 5 31
558 3 5 88
4443 3 5 2
1130 3 5 54
3685 3 6 2
2927 3 6 30
2289 3 6 36
1729 3 6 72
84 3 6 93
4020 3 6 66
858 3 6 11
5139 3 6 78
5357 3 6 41
4191 3 6 61
3408 3 7 65
3948 3 7 2
16 3 7 72
5032 3 7 77
2646 3 7 46
2719 3 7 17
5151 3 7 13
5418 3 7 52
4301 3 7 90
5532 3 7 40
2644 3 7 11
5646 3 7 34
4385 3 8 51
5148 3 8 18
369 3 8 3
2030 3 8 65
992 3 9 3
667 3 9 49
3224 3 9 18
1826 3 9 75
5661 3 10 84
1265 3 10 16
3148 3 10 45
4585 3 10 3
5612 3 11 78
2705 3 11 11
3747 3 11 4
1349 3 11 67
3570 3 11 56
1034 3 11 51
524 3 11 25
1635 3 11 37
1031 3 11 75
4610 3 11 29
4164 3 12 3
2799 3 12 17
4381 3 12 80
3512 3 12 13
1223 3 12 63
4802 3 12 90
5225 3 12 27
717 3 13 20
2638 3 13 68
5367 3 13 54
5069 3 13 89
1632 3 13 65
1029 3 13 82
5042 3 13 3
4258 3 13 15
5715 3 13 23
5223 3 13 85
4781 3 13 47
3796 3 13 12
4556 3 14 52
2962 3 14 86
4647 3 14 57
3104 3 14 14
2596 3 14 35
3388 3 14 81
930 3 14 91
4592 3 14 62
5548 3 14 4
163 3 15 85
2130 3 15 33
3519 3 15 25
4777 3 15 4
397 3 15 8
5434 3 15 63
2818 3 16 80
1453 3 16 85
5448 3 16 63
1203 3 16 3
2407 3 16 8
4001 3 16 33
4480 3 16 14
71 3 16 20
4322 3 16 25
2670 3 16 60
1974 3 17 85
1240 3 17 60
4596 3 17 14
1355 3 17 48
2310 3 17 80
5578 3 17 33
187 3 17 20
5265 3 17 25
4926 3 17 8
1668 3 17 3
4268 3 18 3
4513 3 18 48
2744 3 18 25
4172 3 18 17
4614 3 18 85
5719 3 18 8
3259 3 18 60
5033 3 18 14
4516 3 18 80
5426 3 19 25
2772 3 19 74
4136 3 19 85
2971 3 19 58
449 3 19 71
687 3 19 3
1241 3 19 45
2986 3 19 22
1772 3 19 51
5549 3 19 14
5138 3 19 42
5397 3 19 92
2964 4 0 9
3170 4 0 91
1348 4 0 36
4575 4 0 58
3978 4 0 3
5229 4 0 28
4451 4 0 23
670 4 0 31
770 4 0 76
914 4 0 54
1391 4 1 84
1271 4 1 33
326 4 1 44
1458 4 1 2
3420 4 1 62
586 4 1 26
5183 4 1 67
3806 4 1 88
3367 4 1 75
5363 4 1 21
1867 4 1 77
5048 4 2 82
4009 4 2 32
557 4 2 2
4233 4 2 58
3863 4 2 92
5396 4 2 27
1218 4 2 96
4995 4 2 39
1963 4 2 24
1528 4 2 61
4119 4 2 73
2805 4 3 86
5186 4 3 3
5660 4 3 58
4254 4 3 64
1761 4 3 54
4482 4 3 78
1841 4 3 22
1996 4 3 6
5600 4 3 24
1592 4 3 80
5651 4 3 91
3900 4 3 30
2648 4 3 40
122 4 4 18
2304 4 4 42
4221 4 4 3
2525 4 4 13
1757 4 4 66
2095 4 4 47
4495 4 4 62
744 4 4 94
4406 4 4 38
3344 4 4 52
55 4 4 79
976 4 4 72
2051 4 5 14
89 4 5 2
1067 4 5 31
3134 4 5 54
4646 4 5 81
5176 4 5 89
1412 4 5 37
4899 4 6 41
2827 4 6 66
2107 4 6 36
4998 4 6 2
852 4 6 30
3750 4 6 15
2340 4 6 89
165 4 6 94
4814 4 6 78
1803 4 6 61
3816 4 7 13
2244 4 7 46
4530 4 7 17
5328 4 7 52
2806 4 7 65
5334 4 7 90
5468 4 7 30
3989 4 7 40
2570 4 7 2
3070 4 7 77
5746 4 7 72
2726 4 7 34
279 4 8 15
3504 4 8 76
3499 4 8 2
2372 4 8 40
5057 4 9 2
4284 4 9 10
3203 4 9 36
471 4 9 75
116 4 10 22
5790 4 10 11
2434 4 10 69
1901 4 10 2
876 4 11 67
2245 4 11 4
4242 4 11 52
3390 4 11 29
813 4 11 75
5189 4 11 78
5730 4 11 56
689 4 11 37
1018 4 11 11
4380 4 12 90
5028 4 12 52
4021 4 12 3
3735 4 12 75
5063 4 12 13
2342 4 12 80
3580 4 12 27
4065 4 12 63
1762 4 13 23
5299 4 13 54
830 4 13 15
3687 4 13 47
2061 4 13 68
3695 4 13 89
2749 4 13 3
3365 4 13 82
3273 4 13 12
3371 4 14 3
1951 4 14 31
4520 4 14 86
2791 4 14 35
4581 4 14 46
4107 4 14 13
4774 4 15 4
3995 4 15 63
2867 4 15 86
5169 4 15 8
2781 4 15 25
1162 4 15 33
2517 4 16 3
2518 4 16 61
4442 4 16 12
3563 4 16 34
1094 4 17 3
2832 4 17 13
4644 4 17 28
1373 4 17 61
3546 4 18 58
2490 4 18 3
3431 4 18 34
1020 4 18 9
1403 4 19 3
171 4 19 12
1239 4 19 30
1250 4 19 89
3428 4 19 70
3218 5 0 3
5224 5 0 28
3291 5 0 32
3798 5 0 23
2973 5 0 58
5775 5 0 36
4217 5 0 73
2108 5 0 9
4154 5 0 54
4772 5 0 76
5451 5 0 51
2338 5 0 87
2153 5 0 91
2733 5 1 18
2694 5 1 62
4928 5 1 67
2269 5 1 29
4649 5 1 26
2634 5 1 44
4421 5 1 2
1269 5 1 85
2780 5 1 88
468 5 1 77
1320 5 1 59
1183 5 1 33
4756 5 1 21
1334 5 2 32
5256 5 2 27
5797 5 2 2
5209 5 2 53
3604 5 2 73
878 5 2 96
5547 5 2 19
4602 5 2 82
5791 5 2 92
198 5 2 61
1715 5 3 6
2123 5 3 40
4292 5 3 58
3314 5 3 30
3087 5 3 64
3583 5 3 24
2132 5 3 78
1966 5 3 81
473 5 3 91
5269 5 3 4
127 5 3 22
678 5 3 54
2773 5 3 86
39 5 4 18
4990 5 4 67
1656 5 4 42
5378 5 4 4
2057 5 4 38
1794 5 4 52
4784 5 4 79
2920 5 4 62
5035 5 4 94
4765 5 4 48
4026 5 4 73
1419 5 4 89
1664 5 5 4
5461 5 5 37
3326 5 5 49
4314 5 5 26
4152 5 5 81
2682 5 5 54
5764 5 5 32
4878 5 5 89
3906 5 5 14
1752 5 6 41
4820 5 6 88
1649 5 6 61
1213 5 6 36
3727 5 6 15
4040 5 6 78
5587 5 6 29
5322 5 6 94
4724 5 6 66
4133 5 6 4
5727 5 6 74
5218 5 7 35
3369 5 7 13
3001 5 7 30
1606 5 7 77
4635 5 7 72
4809 5 7 4
5135 5 7 52
1780 5 7 65
3350 5 7 17
2931 5 7 40
1536 5 7 90
3399 5 8 32
5462 5 8 10
2750 5 8 90
773 5 8 3
3534 5 8 68
5565 5 8 15
3471 5 9 28
2292 5 9 3
5374 5 9 10
1517 5 9 36
3763 5 9 61
3755 5 9 75
2937 5 9 90
3253 5 10 88
5215 5 10 4
5204 5 10 69
1000 5 10 11
4979 5 10 57
3641 5 10 22
3657 5 11 71
669 5 11 37
2475 5 11 29
4886 5 11 11
1059 5 11 14
759 5 11 67
2228 5 11 4
3931 5 11 78
4858 5 11 56
2767 5 11 52
1533 5 12 80
3126 5 12 75
5520 5 12 32
5441 5 12 4
3208 5 12 13
3903 5 12 90
5192 5 12 59
2270 5 12 63
1042 5 13 68
3560 5 13 43
242 5 13 47
4962 5 13 54
2801 5 13 4
1333 5 13 23
3352 5 13 89
4223 5 14 10
1278 5 14 35
2594 5 14 3
5495 5 14 26
3744 5 14 59
3324 5 14 84
1408 5 14 31
128 5 15 4
5794 5 15 33
3963 5 15 8
2402 5 15 25
4789 5 15 39
2688 5 15 63
1148 5 16 34
5068 5 16 4
5369 5 16 29
3564 5 16 12
1104 5 16 55
4169 5 16 88
2813 5 17 28
5382 5 17 55
4913 5 17 88
1171 5 17 9
1005 5 17 3
1474 5 17 13
4867 5 18 52
5424 5 18 30
637 5 18 58
1159 5 18 9
1043 5 18 3
430 5 18 87
4919 5 18 34
332 5 19 3
727 5 19 12
1958 5 19 30
4431 5 19 26
5394 5 19 84
607 5 19 89
5333 5 19 54
5250 5 19 70
139 6 0 58
5350 6 0 9
5762 6 0 33
431 6 0 87
3105 6 0 91
5213 6 0 36
3445 6 0 23
3088 6 0 3
3789 6 0 73
4478 6 0 28
2141 6 0 93
4484 6 0 20
5102 6 1 44
4405 6 1 2
596 6 1 29
789 6 1 33
2728 6 1 26
371 6 1 77
764 6 1 59
2148 6 1 21
4276 6 1 67
4794 6 1 55
150 6 1 85
4806 6 1 88
841 6 1 62
1516 6 1 18
2608 6 2 16
3077 6 2 27
5106 6 2 61
2341 6 2 69
2381 6 2 82
4657 6 2 48
179 6 2 32
5443 6 2 2
2039 6 2 73
1976 6 2 19
426 6 2 96
5193 6 2 53
2287 6 3 93
3131 6 3 30
4985 6 3 91
804 6 3 24
483 6 3 64
2565 6 3 86
4534 6 3 40
1119 6 3 81
3446 6 3 50
2855 6 3 58
4143 6 3 6
2595 6 3 19
1627 6 4 42
568 6 4 52
2336 6 4 73
4674 6 4 79
3523 6 4 18
4372 6 4 35
3851 6 4 48
5118 6 4 4
1906 6 4 14
820 6 4 62
661 6 4 89
5034 6 4 94
1285 6 4 38
3854 6 4 67
414 6 5 89
4413 6 5 94
5627 6 5 54
1322 6 5 40
2259 6 5 73
1924 6 5 67
225 6 5 4
22 6 5 14
2985 6 5 43
5362 6 5 81
169 6 5 62
4422 6 5 18
4157 6 5 26
2472 6 6 4
3836 6 6 94
4933 6 6 74
5410 6 6 54
14 6 6 67
458 6 6 43
1701 6 6 81
4521 6 6 7
4052 6 6 18
728 6 7 4
3840 6 7 82
2687 6 7 18
4870 6 7 43
4640 6 7 54
5503 6 7 7
497 6 7 67
2563 6 8 82
5006 6 8 7
5729 6 8 5
3586 6 8 54
1214 6 8 18
2345 6 9 82
74 6 9 18
1991 6 9 54
4444 6 9 7
2005 6 10 82
3940 6 10 7
4948 6 10 19
884 6 10 57
27 6 11 7
319 6 11 57
1807 6 14 10
3066 6 14 35
566 6 14 54
2720 6 14 26
2167 6 14 4
3169 6 14 84
1716 6 15 25
4652 6 15 33
2676 6 15 63
2205 6 15 8
5784 6 15 5
3439 6 16 34
3505 6 16 86
5073 6 16 52
4271 6 16 29
3405 6 16 12
5562 6 16 5
4219 6 17 28
4560 6 17 4
892 6 17 13
4869 6 17 58
2274 6 17 84
4068 6 18 29
4184 6 18 52
4362 6 18 4
5168 6 18 81
5030 6 18 9
4375 6 18 34
5064 6 18 58
2069 6 18 88
1925 6 18 48
1510 6 19 30
4879 6 19 12
4977 6 19 48
5132 6 19 70
4988 6 19 54
3322 6 19 89
5657 6 19 22
4817 6 19 5
4907 6 19 84
3098 7 0 23
3069 7 0 20
2098 7 0 93
4392 7 0 28
191 7 0 36
1852 7 0 69
4072 7 0 58
3396 7 0 73
5570 7 0 33
224 7 0 87
5326 7 0 9
2672 7 0 4
2732 7 1 67
5731 7 1 82
2283 7 1 88
5735 7 1 77
4343 7 1 44
3286 7 1 2
697 7 1 21
1100 7 1 18
5593 7 1 29
1522 7 1 62
3417 7 1 55
2271 7 1 26
442 7 1 65
4935 7 2 53
658 7 2 2
196 7 2 69
1576 7 2 73
1781 7 2 82
5709 7 2 96
4518 7 2 16
2958 7 2 32
1116 7 2 27
4517 7 2 61
5752 7 2 44
2444 7 2 48
2967 7 3 6
4388 7 3 25
5481 7 3 31
2093 7 3 50
3155 7 3 91
2301 7 3 19
142 7 3 76
3510 7 3 82
1325 7 3 58
1851 7 3 40
3913 7 3 64
1804 7 3 86
4308 7 4 79
5608 7 4 71
3984 7 4 2
3850 7 4 43
4037 7 5 15
5685 7 5 83
2196 7 5 46
5776 7 5 2
847 7 6 17
2752 7 6 63
3393 7 6 2
1857 7 6 87
2365 7 7 2
941 7 7 88
1554 7 7 25
5489 7 7 46
5020 7 8 31
723 7 8 44
4804 7 8 2
5078 7 9 34
1163 7 9 56
457 7 9 2
3415 7 10 63
3484 7 10 2
3124 7 10 35
5415 7 11 65
4111 7 11 78
5423 7 11 2
5666 7 11 25
1068 7 12 40
4981 7 12 2
2949 7 12 79
5403 7 12 69
499 7 14 63
1338 7 14 53
4692 7 14 34
3239 7 14 5
3663 7 15 5
5278 7 15 34
2462 7 15 63
3860 7 16 58
5157 7 16 17
1602 7 16 70
3424 7 16 13
5381 7 16 90
725 7 16 34
4848 7 16 5
2913 7 17 70
58 7 17 17
313 7 17 89
862 7 17 34
5120 7 17 5
1543 7 17 13
1889 7 17 30
5280 7 17 58
4007 7 18 17
2942 7 18 30
5282 7 18 5
1286 7 18 22
1418 7 18 89
4450 7 18 12
4536 7 18 70
375 7 18 81
3958 7 18 54
1359 7 18 34
4398 7 19 84
113 7 19 22
2000 7 19 89
2788 7 19 48
4336 7 19 54
2505 7 19 12
2523 7 19 5
890 7 19 30
3025 7 19 70
4433 8 0 18
4523 8 0 9
4345 8 0 73
5098 8 0 36
1170 8 0 23
3116 8 0 58
5320 8 0 47
2522 8 0 93
5460 8 1 88
4965 8 1 21
3752 8 1 11
4515 8 1 29
4989 8 1 68
2013 8 1 55
4288 8 1 4
2723 8 1 44
3834 8 1 78
4247 8 2 16
1173 8 2 48
5754 8 2 43
4694 8 2 28
5233 8 2 32
2247 8 2 4
2238 8 2 53
1955 8 2 73
1956 8 3 64
3341 8 3 72
780 8 3 6
4821 8 3 40
3080 8 3 47
4306 8 3 25
4316 8 3 32
636 8 3 58
5788 8 3 91
2974 8 4 43
5259 8 4 71
5726 8 4 66
609 8 4 86
4682 8 4 4
2543 8 4 26
4811 8 5 73
1565 8 5 83
3136 8 5 15
5082 8 5 39
3790 8 5 4
5539 8 5 46
485 8 6 4
4349 8 6 29
5445 8 6 87
3566 8 6 81
2240 8 6 49
5208 8 7 49
5767 8 7 73
82 8 7 88
5522 8 7 25
3535 8 7 4
1244 8 8 84
710 8 8 57
2778 8 8 21
4754 8 8 4
3830 8 9 74
4763 8 9 25
4034 8 9 4
4426 8 9 56
3869 8 14 4
2887 8 14 36
1865 8 14 60
2625 8 14 86
5180 8 15 47
4877 8 15 7
3743 8 15 1
5365 8 15 84
1048 8 16 12
4519 8 16 86
2264 8 16 56
5154 8 16 1
3768 8 17 1
685 8 17 89
3912 8 17 4
4079 8 17 66
4438 8 18 19
4512 8 18 33
134 8 18 1
3606 8 18 90
1276 8 19 1
3045 8 19 19
803 8 19 53
3947 8 19 90
3584 9 0 18
5319 9 0 84
2414 9 0 93
4778 9 0 23
4711 9 0 73
4568 9 0 58
4507 9 0 9
5051 9 0 47
5722 9 0 36
4960 9 0 65
1016 9 1 36
98 9 1 79
2847 9 1 47
784 9 2 36
202 9 2 80
5493 9 9 25
1012 9 9 4
5557 9 9 44
181 9 9 57
4747 9 11 20
3746 9 11 1
5147 9 11 95
2266 9 11 71
1449 9 12 1
3386 9 12 18
4796 9 12 95
1710 9 12 43
5632 9 13 48
3228 9 13 1
3378 9 13 94
2716 9 13 17
2078 9 14 93
280 9 14 8
5450 9 14 60
4378 9 14 1
2435 9 15 1
4866 9 15 84
4339 9 15 47
2216 9 15 7
2347 9 15 37
5626 9 15 81
4583 9 16 1
4701 9 16 86
4883 9 16 40
5679 9 16 12
1961 9 16 56
177 9 16 84
548 9 16 93
612 9 17 66
551 9 17 89
303 9 17 45
1175 9 17 4
3709 9 18 14
1387 9 18 75
909 9 18 1
5637 9 18 92
2324 9 18 33
5240 9 19 1
1930 9 19 19
5599 9 19 87
3478 9 19 90
3559 9 19 10
5343 9 19 53
2652 10 0 46
5536 10 0 23
5412 10 0 4
1508 10 0 65
3462 10 1 4
1292 10 1 14
3311 10 1 51
802 10 1 66
647 10 2 82
314 10 2 4
2276 10 2 21
3090 10 2 48
4356 10 2 74
4458 10 3 76
798 10 3 4
4104 10 3 47
1861 10 3 82
1074 10 3 19
1540 10 4 22
2926 10 4 82
5273 10 4 76
4696 10 4 51
936 10 4 4
3466 10 5 26
4862 10 5 77
3502 10 5 4
4081 10 5 40
2953 10 5 82
1007 10 6 77
4023 10 6 47
1726 10 6 4
1232 10 6 24
4719 10 7 4
1111 10 7 21
5219 10 7 54
2147 10 7 79
4860 10 9 16
5780 10 9 43
1298 10 9 4
536 10 9 52
2293 10 11 1
1778 10 11 94
2371 10 11 61
3520 10 11 16
1577 10 11 71
5125 10 11 20
839 10 12 1
3030 10 12 43
5372 10 12 73
300 10 12 95
5386 10 12 39
4403 10 12 18
503 10 13 17
3099 10 13 94
2960 10 13 1
4325 10 13 48
4766 10 13 81
5475 10 13 41
1940 10 14 55
2074 10 14 93
3620 10 14 1
2024 10 14 60
605 10 14 8
5695 10 14 88
959 10 15 44
4827 10 15 84
366 10 15 7
4296 10 15 47
3868 10 15 81
2179 10 15 1
1204 10 15 37
3731 10 16 40
3193 10 16 12
3562 10 16 8
5707 10 16 81
5392 10 16 35
4945 10 16 53
413 10 16 86
5002 10 16 93
2195 10 16 56
1633 10 16 1
4831 10 17 63
5376 10 17 66
3548 10 17 4
870 10 17 89
5801 10 17 37
5430 10 17 86
4566 10 17 45
4280 10 17 92
5146 10 18 92
3282 10 18 1
1342 10 18 10
5341 10 18 30
5377 10 18 14
382 10 18 33
234 10 18 72
46 10 18 75
3426 10 19 83
2468 10 19 90
2696 10 19 10
2314 10 19 87
5232 10 19 1
2116 10 19 53
3276 10 19 19
3199 10 19 49
4210 11 0 20
5238 11 0 42
4871 11 0 92
4283 11 0 4
1509 11 0 68
2636 11 1 4
1846 11 1 20
3776 11 1 65
2794 11 1 92
3999 11 1 42
5740 11 2 42
865 11 2 4
1747 11 2 16
1722 11 2 92
3866 11 2 63
2025 11 3 39
1563 11 3 15
3488 11 3 4
2023 11 3 60
361 11 3 92
2894 11 4 17
5696 11 4 4
4775 11 4 38
3531 11 4 88
3614 11 4 69
1400 11 5 4
644 11 5 17
3061 11 5 38
3862 11 5 66
1375 11 5 88
4086 11 6 4
2021 11 6 11
1237 11 6 39
3167 11 6 52
3469 11 6 84
695 11 7 15
2904 11 7 50
2601 11 7 84
3127 11 7 4
5323 11 7 35
3178 11 8 41
1950 11 9 13
1422 11 9 32
3307 11 9 4
1921 11 9 59
200 11 9 83
310 11 11 94
642 11 11 43
2103 11 11 71
429 11 11 1
4544 11 11 20
5411 11 11 90
2128 11 11 16
1236 11 11 61
2709 11 12 43
4768 11 12 36
5710 11 12 18
2935 11 12 39
3209 11 12 73
5128 11 12 95
5742 11 12 1
5778 11 12 69
5088 11 12 14
3842 11 13 94
5316 11 13 48
4496 11 13 76
2692 11 13 1
4236 11 13 81
5708 11 13 17
4277 11 13 41
3048 11 13 37
3517 11 14 8
2774 11 14 58
5531 11 14 55
5579 11 14 43
5553 11 14 88
1972 11 14 60
1352 11 14 93
1773 11 14 1
720 11 15 1
853 11 15 44
2453 11 15 7
4940 11 15 33
3573 11 15 47
3360 11 15 84
4175 11 15 79
1174 11 15 37
4360 11 16 76
5351 11 16 35
3173 11 16 2
464 11 16 53
3980 11 16 81
3234 11 16 40
4679 11 16 93
2249 11 16 8
2348 11 16 56
1310 11 16 12
2185 11 17 90
1869 11 17 45
4725 11 17 34
5205 11 17 4
4565 11 17 37
270 11 17 66
4923 11 18 30
3856 11 18 1
5406 11 18 67
4053 11 18 75
5105 11 18 9
3215 11 18 14
4598 11 18 33
1979 11 18 92
4290 11 18 88
3852 11 19 40
3886 11 19 19
1594 11 19 83
1531 11 19 1
4607 11 19 75
560 11 19 88
1318 11 19 90
5045 11 19 10
5793 11 19 17
3177 11 19 53
917 11 19 49
3953 12 0 68
3398 12 0 5
5756 12 0 63
1521 12 0 40
1434 12 0 16
5385 12 0 87
4800 12 0 20
1775 12 0 92
1234 12 1 53
3582 12 1 65
1105 12 1 29
5389 12 1 79
2667 12 1 9
478 12 1 4
3877 12 2 86
3955 12 2 9
570 12 2 4
5324 12 2 42
482 12 2 16
3339 12 2 63
3082 12 3 15
3568 12 3 56
4672 12 3 9
1423 12 3 4
394 12 3 84
4209 12 3 60
4118 12 3 39
5467 12 3 29
2227 12 4 4
4122 12 4 17
1682 12 4 11
2319 12 4 38
4912 12 4 83
393 12 4 88
3292 12 4 32
5606 12 4 69
5717 12 4 66
3333 12 5 66
80 12 5 13
3979 12 5 57
1454 12 5 4
4134 12 5 85
2425 12 5 28
4263 12 6 33
4909 12 6 90
5604 12 6 52
4982 12 6 46
3624 12 6 4
4543 12 6 64
4667 12 6 11
3682 12 6 39
111 12 7 57
266 12 7 4
3044 12 7 80
2584 12 7 33
3567 12 7 15
1480 12 8 41
2727 12 9 4
5130 12 9 34
5583 12 9 45
3372 12 9 15
11 12 9 83
806 12 11 1
5222 12 11 61
388 12 11 68
3275 12 11 40
1690 12 11 71
5641 12 11 43
4743 12 11 9
4905 12 11 20
4882 12 11 90
5092 12 11 94
1646 12 11 16
5792 12 11 59
2965 12 12 36
1433 12 12 95
5286 12 12 39
4803 12 12 69
659 12 12 9
4044 12 12 14
2019 12 12 1
2982 12 12 18
3125 12 12 73
3381 12 13 37
3076 12 13 76
2786 12 13 95
2186 12 13 17
3357 12 13 41
3379 12 13 81
2142 12 13 1
3373 12 13 48
5405 12 13 9
5237 12 14 60
4895 12 14 88
2928 12 14 8
1797 12 14 39
5572 12 14 3
3498 12 14 43
4813 12 14 85
5158 12 14 55
3482 12 14 93
2261 12 15 30
5038 12 15 2
3347 12 15 44
4755 12 15 73
969 12 15 79
2031 12 15 33
1561 12 15 37
2288 12 15 41
3425 12 15 7
5287 12 15 47
1567 12 15 84
3186 12 16 76
3738 12 16 12
1393 12 16 8
1537 12 16 40
4549 12 16 93
4661 12 16 53
3926 12 16 81
5545 12 16 32
4126 12 16 56
218 12 16 2
5298 12 16 35
4597 12 16 73
5518 12 17 66
683 12 17 90
1477 12 17 45
2804 12 17 32
5388 12 17 4
1871 12 17 83
2302 12 17 37
952 12 18 9
4251 12 18 30
1369 12 18 75
1731 12 18 92
5245 12 18 67
4095 12 18 88
3621 12 18 28
5491 12 18 14
2281 12 18 1
5535 12 18 33
4062 12 18 60
1796 12 19 40
4958 12 19 10
1194 12 19 90
1504 12 19 1
3219 12 19 19
3671 12 19 83
4557 12 19 53
4993 12 19 74
5290 12 19 50
4611 13 0 87
859 13 0 68
3477 13 0 20
655 13 0 40
3094 13 0 63
1513 13 0 92
2121 13 0 5
5181 13 1 40
601 13 1 48
4663 13 1 29
5438 13 1 20
2673 13 1 68
1287 13 1 5
4181 13 1 53
4473 13 1 87
1451 13 1 92
4303 13 1 79
3029 13 2 87
5184 13 2 79
368 13 2 92
1880 13 2 53
4448 13 2 20
1741 13 2 5
4156 13 2 12
1120 13 2 68
3928 13 2 42
4445 13 2 29
3832 13 3 5
5444 13 3 29
2680 13 3 42
681 13 3 68
1607 13 3 20
193 13 3 80
2592 13 3 56
1484 13 3 60
2578 13 3 87
3288 13 4 32
1227 13 4 60
3636 13 4 5
1254 13 4 56
3538 13 4 29
2363 13 4 42
4749 13 4 21
3536 13 4 69
4137 13 5 21
2307 13 5 29
2313 13 5 5
3247 13 5 32
3021 13 5 69
920 13 5 42
823 13 6 39
4394 13 6 46
4402 13 6 52
5294 13 6 64
5060 13 6 90
3370 13 6 11
3934 13 6 33
5640 13 6 5
4973 13 6 84
4148 13 7 87
3083 13 7 23
1825 13 7 71
5089 13 7 42
3470 13 7 5
590 13 8 41
4359 13 9 5
5425 13 9 21
3382 13 9 52
2160 13 9 70
4100 13 9 87
3255 13 11 10
2889 13 11 43
3006 13 11 61
1575 13 11 82
3665 13 11 71
136 13 11 90
5699 13 11 5
1771 13 11 20
5167 13 12 73
5500 13 12 18
4312 13 12 5
2798 13 12 36
736 13 12 30
1141 13 12 39
452 13 12 59
2113 13 13 5
4664 13 13 9
1952 13 13 17
4027 13 13 32
726 13 13 42
2467 13 13 76
2256 13 13 72
4379 13 13 48
1503 13 13 81
1172 13 14 60
1732 13 14 35
4887 13 14 79
4653 13 14 88
2401 13 14 8
3429 13 14 43
4103 13 15 25
1448 13 15 7
4704 13 15 79
2537 13 15 85
1346 13 15 47
899 13 15 73
348 13 15 33
4805 13 16 47
1257 13 16 8
5499 13 16 31
4241 13 16 40
5432 13 16 12
5260 13 16 56
541 13 16 76
3447 13 16 71
1650 13 16 81
106 13 17 37
4468 13 17 90
5805 13 17 45
2411 13 17 66
4787 13 17 59
2521 13 17 5
380 13 17 21
4204 13 18 75
3295 13 18 14
3698 13 18 33
3973 13 18 86
4108 13 18 53
3529 13 18 60
4686 13 19 10
5465 13 19 40
5721 13 19 45
5680 13 19 5
3600 13 19 53
2403 13 19 90
684 13 19 19
4932 13 19 74
3908 14 0 72
2004 14 0 90
5246 14 0 5
1612 14 0 21
4424 14 0 51
5417 14 1 5
703 14 1 45
831 14 1 83
2631 14 1 90
2984 14 1 21
4799 14 2 56
5576 14 2 5
3222 14 2 28
5705 14 2 78
5277 14 3 79
3231 14 3 5
3184 14 3 34
769 14 3 57
4637 14 4 31
2683 14 4 55
5568 14 4 82
2837 14 4 5
1583 14 15 21
2655 14 16 41
2146 14 16 21
5380 14 17 41
3515 14 17 21
3787 14 17 79
755 14 18 34
2531 14 18 78
1582 14 18 40
5393 14 18 19
4008 14 18 45
182 14 18 24
2848 14 19 19
3892 14 19 12
4215 14 19 65
3585 14 19 40
2233 14 19 5
417 14 19 34
1858 14 19 72
5003 14 19 45
3310 14 19 29
2331 14 19 53
1879 14 19 58
749 14 19 90
1681 15 6 90
1402 15 6 17
2498 15 6 56
3192 15 6 42
782 15 6 32
1505 15 7 47
991 15 7 8
453 15 7 53
5166 15 7 32
1430 15 7 17
2088 15 7 90
339 15 7 79
576 15 7 61
4295 15 7 42
1604 15 8 6
334 15 8 83
1494 15 8 17
4865 15 8 23
1055 15 8 30
5407 15 8 88
989 15 8 53
1384 15 8 74
1307 15 8 79
4329 15 8 41
632 15 8 47
2616 15 9 56
5692 15 9 82
2364 15 9 75
2795 15 9 93
757 15 9 44
4193 15 9 1
3340 15 9 96
3591 15 9 37
2073 15 9 9
1960 15 9 13
5551 15 9 33
4298 15 10 60
372 15 10 69
4587 15 10 18
2328 15 10 92
5054 15 10 65
1894 15 10 1
1365 15 10 21
1818 15 10 32
5401 15 10 53
5066 15 11 27
3818 15 11 70
855 15 11 68
2509 15 11 52
1819 15 11 96
1853 15 11 5
1452 15 11 73
4472 15 11 81
1436 15 11 78
1877 15 12 1
787 15 12 72
4370 15 12 77
2330 15 12 93
737 15 12 26
5694 15 12 54
2455 15 13 91
4310 15 13 8
5690 15 13 80
3318 15 13 41
8 15 13 46
4845 15 13 74
4460 15 13 1
5447 15 13 11
5091 15 13 33
5741 15 14 61
3581 15 14 35
5720 15 14 70
3383 15 14 80
2697 15 14 87
3261 15 14 5
3793 15 14 44
4963 15 14 51
705 15 14 17
5761 15 14 21
4461 15 14 55
3038 15 15 91
2546 15 15 10
1546 15 15 58
5700 15 15 6
5759 15 15 30
1161 15 15 18
3957 15 15 53
306 15 15 68
3266 15 15 82
5429 15 15 36
1392 15 16 14
1779 15 16 90
4138 15 16 7
3140 15 16 38
4662 15 16 77
2940 15 16 62
934 15 16 19
4411 15 16 70
2456 15 16 53
1515 15 16 82
4061 15 16 34
4469 15 17 18
942 15 17 10
4619 15 17 25
2200 15 17 79
4629 15 17 47
1395 15 17 61
2658 15 17 65
3823 15 17 74
2746 15 17 6
65 15 17 31
1658 15 17 53
3678 15 17 86
2854 15 18 28
498 15 18 63
2871 15 18 7
4707 15 18 49
3618 15 18 70
2213 15 18 14
1938 15 18 24
1792 15 18 56
4723 15 18 78
4937 15 18 85
960 15 19 72
2137 15 19 39
2853 15 19 78
4363 15 19 65
1199 15 19 86
575 15 19 18
5555 15 19 12
2540 15 19 53
3590 15 19 5
1964 15 19 58
844 15 19 34
2589 16 0 83
4790 16 0 69
3257 16 0 7
491 16 0 13
2126 16 0 89
2706 16 0 50
2779 16 0 77
3724 16 0 40
5635 16 0 22
5427 16 1 39
5437 16 1 48
5358 16 1 6
2999 16 1 44
3185 16 1 74
1832 16 1 88
5439 16 1 65
4279 16 1 26
5563 16 1 16
4773 16 2 23
4715 16 2 67
613 16 2 89
2017 16 2 6
4357 16 2 11
3495 16 2 80
1329 16 2 41
2689 16 2 64
4498 16 2 28
5697 16 2 45
5087 16 3 6
868 16 3 63
5529 16 3 28
994 16 3 81
1708 16 3 43
3723 16 3 91
5368 16 4 69
4093 16 4 46
3299 16 4 57
5301 16 4 13
3181 16 4 7
4500 16 4 30
2981 16 4 78
154 16 4 52
3251 16 5 6
3042 16 5 72
2878 16 5 84
1493 16 5 49
2415 16 5 15
1221 16 5 28
5487 16 5 90
4615 16 5 44
61 16 5 65
1946 16 6 23
624 16 6 6
4524 16 6 56
1231 16 6 59
2296 16 6 79
1274 16 6 38
3334 16 6 29
1450 16 6 11
5414 16 7 90
5053 16 7 76
2823 16 7 51
1647 16 7 7
5113 16 7 32
523 16 7 13
5544 16 7 69
2308 16 7 46
4115 16 7 65
2047 16 7 84
1143 16 7 26
4354 16 8 83
2006 16 8 6
2519 16 8 74
5573 16 8 41
1534 16 8 47
745 16 8 17
1547 16 8 53
5751 16 8 88
2857 16 8 30
4064 16 9 13
4235 16 9 44
5808 16 9 75
1414 16 9 93
5526 16 9 96
5698 16 9 82
4225 16 9 37
3893 16 9 56
886 16 9 1
4825 16 10 18
3700 16 10 1
1975 16 10 69
1190 16 10 90
5442 16 10 60
919 16 10 32
2884 16 10 21
1311 16 10 64
2429 16 10 92
623 16 11 27
2294 16 11 96
4562 16 11 70
5352 16 11 81
5524 16 11 3
2451 16 11 78
4234 16 11 73
2907 16 11 67
3343 16 11 5
4868 16 12 66
3803 16 12 19
1396 16 12 72
3835 16 12 94
5530 16 12 1
5569 16 12 77
4324 16 12 69
2018 16 12 26
2914 16 13 46
5602 16 13 1
1545 16 13 8
246 16 13 11
2620 16 13 38
3677 16 13 41
5187 16 13 74
2693 16 13 80
1156 16 14 17
3701 16 14 21
2730 16 14 87
5072 16 14 51
1625 16 14 61
4371 16 14 5
5622 16 14 36
5289 16 14 44
5116 16 14 55
5230 16 14 80
5018 16 15 36
2524 16 15 42
3207 16 15 76
3629 16 15 10
1088 16 15 5
1855 16 15 58
4714 16 15 68
4286 16 15 91
937 16 15 18
5244 16 15 82
4333 16 16 7
5330 16 16 34
3681 16 16 62
5052 16 16 70
2513 16 16 14
1093 16 16 77
2353 16 16 90
2395 16 16 38
598 16 16 57
3794 16 16 19
2075 16 17 18
716 16 17 31
3875 16 17 5
4187 16 17 61
4648 16 17 65
3206 16 17 79
4892 16 17 74
3601 16 17 53
3922 16 17 86
5345 16 17 10
2405 16 18 14
2234 16 18 56
515 16 18 85
342 16 18 77
3110 16 18 24
3272 16 18 63
925 16 18 6
4514 16 18 28
4897 16 18 49
3149 16 19 39
4228 16 19 86
583 16 19 58
1460 16 19 72
3158 16 19 78
4019 16 19 53
281 16 19 11
4542 16 19 5
1275 16 19 34
866 16 19 18
5085 17 0 13
4266 17 0 50
5201 17 0 22
5359 17 0 69
356 17 0 47
5771 17 0 83
3799 17 0 77
5111 17 0 7
1057 17 1 48
4722 17 1 44
3427 17 1 74
5691 17 1 26
509 17 1 88
5575 17 1 6
522 17 1 15
1679 17 1 70
4910 17 2 67
4885 17 2 80
2214 17 2 89
2204 17 2 28
4386 17 2 11
3216 17 2 6
1293 17 2 45
1895 17 3 81
4000 17 3 91
4656 17 3 63
1122 17 3 6
4889 17 3 29
2382 17 3 43
2765 17 4 74
5015 17 4 30
4396 17 4 57
4177 17 4 46
3962 17 4 78
229 17 4 52
5561 17 4 13
5528 17 4 7
70 17 5 5
5084 17 5 44
3829 17 5 72
4764 17 5 49
4032 17 5 89
2275 17 5 28
1266 17 5 65
2483 17 5 15
4540 17 6 6
3442 17 6 79
1299 17 6 59
1638 17 6 55
4449 17 6 23
5172 17 6 11
4056 17 6 38
3530 17 6 29
5305 17 7 51
2054 17 7 26
3009 17 7 13
829 17 7 6
3111 17 7 84
1793 17 7 69
160 17 7 32
4769 17 7 89
2049 17 8 88
2623 17 8 47
2250 17 8 17
3961 17 8 70
3930 17 8 6
289 17 8 30
4839 17 8 74
1748 17 8 53
2611 17 9 82
1790 17 9 1
5122 17 9 44
4150 17 9 96
2972 17 9 13
2863 17 9 79
2862 17 9 56
701 17 10 44
4367 17 10 92
5307 17 10 1
2581 17 10 69
1383 17 10 64
3858 17 10 32
3998 17 10 21
4939 17 11 70
5123 17 11 5
3983 17 11 73
5295 17 11 2
5643 17 11 81
4102 17 11 96
2421 17 11 27
3924 17 12 77
2600 17 12 96
2737 17 12 21
2980 17 12 72
2576 17 12 26
1864 17 12 1
3015 17 12 23
2619 17 12 68
4255 17 13 41
2530 17 13 1
408 17 13 46
3593 17 13 80
4488 17 13 94
2253 17 13 11
4751 17 14 87
4699 17 14 5
1918 17 14 21
5564 17 14 55
561 17 14 44
1887 17 14 61
250 17 14 79
3923 17 14 17
3013 17 14 40
2067 17 14 75
2399 17 15 67
2946 17 15 5
2448 17 15 18
4121 17 15 76
5502 17 15 82
4300 17 15 91
4051 17 15 42
2598 17 15 35
3040 17 15 58
4127 17 16 14
3954 17 16 19
5285 17 16 70
1691 17 16 77
4147 17 16 6
3237 17 16 38
4683 17 16 62
5655 17 16 34
790 17 16 57
2143 17 17 5
5196 17 17 18
1149 17 17 31
4048 17 17 79
4655 17 17 57
4853 17 17 65
4956 17 17 53
5156 17 17 74
4693 17 17 86
3163 17 18 56
3942 17 18 77
4112 17 18 14
4623 17 18 63
1230 17 18 28
3051 17 18 6
1427 17 18 85
3748 17 18 24
2419 17 19 34
1697 17 19 18
3587 17 19 39
4742 17 19 78
4474 17 19 86
2155 17 19 11
5354 17 19 5
5348 17 19 53
2189 17 19 58
1928 18 0 29
5704 18 0 69
5267 18 0 77
3607 18 0 83
5554 18 0 89
2015 18 0 5
2262 18 0 13
5291 18 0 50
1142 18 1 5
3774 18 1 15
5781 18 1 70
3448 18 1 74
5360 18 1 89
4071 18 1 26
4465 18 1 48
5079 18 2 29
5799 18 2 80
3117 18 2 45
386 18 2 5
5236 18 2 67
5501 18 2 11
5274 18 2 89
5349 18 3 91
4920 18 3 29
3278 18 3 11
5509 18 3 67
2875 18 3 43
2782 18 3 81
311 18 3 5
4275 18 4 6
2529 18 4 52
5194 18 4 78
5656 18 4 13
2404 18 4 57
835 18 4 30
3183 18 4 25
3179 18 5 15
2668 18 5 28
3595 18 5 65
5029 18 5 89
768 18 5 5
4840 18 5 72
5745 18 5 49
230 18 6 38
3680 18 6 29
223 18 6 11
3831 18 6 79
4628 18 6 6
2714 18 6 59
2282 18 7 32
3489 18 7 13
4925 18 7 89
3033 18 7 6
5470 18 7 51
2896 18 7 69
4744 18 7 26
5663 18 8 74
4160 18 8 6
3345 18 8 47
2376 18 8 17
2136 18 8 88
5071 18 8 70
2212 18 8 53
2362 18 8 30
5702 18 9 1
175 18 9 79
4908 18 9 56
5541 18 9 82
3175 18 9 13
827 18 10 44
3539 18 10 69
676 18 10 97
4036 18 10 32
4729 18 10 64
5366 18 10 1
5506 18 11 73
4194 18 11 81
2323 18 11 1
4249 18 11 5
4243 18 11 23
4012 18 12 72
1216 18 12 97
3661 18 12 23
1686 18 12 1
5614 18 12 77
395 18 12 26
4390 18 13 46
2536 18 13 1
951 18 13 80
2082 18 13 11
2424 18 13 97
1437 18 14 79
5540 18 14 87
3188 18 14 44
5652 18 14 5
1831 18 14 21
3991 18 14 17
4815 18 14 61
1642 18 15 14
5275 18 15 35
1502 18 15 82
4208 18 15 76
30 18 15 5
4383 18 15 67
4558 18 15 42
4506 18 15 58
1883 18 16 35
87 18 16 5
5674 18 16 19
3788 18 16 38
5104 18 16 14
231 18 16 62
3965 18 16 77
3694 18 17 5
5703 18 17 57
5416 18 17 18
880 18 17 65
4873 18 17 79
5785 18 17 31
993 18 17 86
3464 18 18 56
5308 18 18 63
4270 18 18 77
1158 18 18 14
2478 18 18 28
748 18 18 5
4509 18 19 5
3901 18 19 18
2356 18 19 58
4746 18 19 78
2538 18 19 86
979 18 19 39
3270 18 19 34
5519 19 0 13
4282 19 0 50
2731 19 0 29
5682 19 0 89
2745 19 0 5
3972 19 0 77
680 19 1 48
263 19 1 91
360 19 1 15
4097 19 1 5
312 19 1 29
4691 19 1 74
4141 19 2 5
1386 19 2 91
1455 19 2 15
5624 19 2 29
290 19 2 45
2597 19 2 80
359 19 3 13
5109 19 3 30
3454 19 3 5
4326 19 3 43
4084 19 3 81
2843 19 3 91
2945 19 4 57
1035 19 4 30
3745 19 4 5
903 19 4 13
3123 19 4 52
4904 19 5 32
4695 19 5 49
520 19 5 5
1353 19 5 72
3162 19 5 11
1788 19 6 38
2191 19 6 5
2614 19 6 32
3493 19 6 11
5728 19 7 5
1532 19 7 13
3020 19 7 32
4078 19 7 51
1868 19 8 53
2970 19 8 5
2507 19 8 17
3403 19 8 30
3465 19 8 74
5571 19 9 82
2175 19 9 13
5789 19 9 1
850 19 10 69
424 19 10 44
1351 19 10 1
3714 19 11 1
5452 19 11 99
4830 19 11 81
391 19 11 5
5061 19 12 1
2192 19 12 77
3686 19 12 99
3801 19 12 26
2612 19 13 11
4347 19 13 1
1863 19 13 80
2762 19 13 97
2954 19 14 61
4400 19 14 44
254 19 14 87
1885 19 14 5
2793 19 14 21
3300 19 15 14
4171 19 15 5
4376 19 15 67
5025 19 15 42
4852 19 15 82
1881 19 16 38
4632 19 16 19
2257 19 16 82
521 19 16 67
4703 19 16 5
1898 19 17 65
237 19 17 5
4369 19 17 19
2771 19 17 38
2909 19 17 79
4167 19 18 63
1272 19 18 38
529 19 18 79
3410 19 18 14
2603 19 18 5
1226 19 19 5
922 19 19 14
4620 19 19 39
3911 19 19 58
3160 19 19 78
