2365
1747 0 0 2
1557 0 0 30
3127 0 0 63
2967 0 0 95
4663 0 1 49
724 0 1 2
5278 0 1 34
5424 0 2 2
5264 0 2 23
5636 0 2 60
5157 0 3 37
6174 0 3 69
2926 0 3 2
4956 0 4 41
3158 0 4 72
5103 0 4 2
2679 0 5 1
6287 0 5 44
3338 0 5 85
3429 0 6 86
6096 0 6 1
671 0 6 51
5251 0 7 87
2491 0 7 1
4770 0 7 23
5467 0 8 1
4291 0 8 24
6453 0 8 88
5960 0 9 1
4999 0 9 9
366 0 9 73
3073 0 10 96
5093 0 10 1
5533 0 10 82
5712 0 10 18
4508 0 11 7
5129 0 11 82
2826 0 11 96
4932 0 11 1
2319 0 12 96
6208 0 12 28
111 0 12 1
851 0 12 62
2603 0 13 5
4510 0 13 1
5057 0 13 95
4656 0 13 68
1614 0 14 95
2446 0 14 1
1397 0 14 38
6396 0 14 64
3290 0 15 1
1544 0 15 95
4089 0 15 29
3974 0 15 56
4359 0 16 1
4019 0 16 18
6291 0 16 93
5445 0 16 65
5910 0 17 93
148 0 17 10
6458 0 17 1
2299 0 17 52
2627 0 18 1
5156 0 18 92
6430 0 18 18
1144 0 18 43
4936 0 19 1
5423 0 19 91
998 0 19 10
158 0 19 43
4370 1 0 90
4354 1 0 95
6293 1 0 30
1778 1 0 2
2420 1 0 63
6130 1 0 27
4830 1 0 58
5216 1 1 30
4962 1 1 27
3966 1 1 58
1680 1 1 2
6298 1 1 63
2095 1 1 95
2918 1 1 87
381 1 1 90
6336 1 1 49
3730 1 1 34
1317 1 1 23
4714 1 2 58
4632 1 2 30
4529 1 2 2
3577 1 2 34
6462 1 2 19
5799 1 2 91
3361 1 2 27
6029 1 2 49
5433 1 2 60
283 1 2 63
3651 1 2 24
5958 1 2 95
1809 1 3 37
2871 1 3 2
6166 1 3 88
4350 1 3 63
306 1 3 20
5582 1 3 69
4178 1 4 2
6177 1 4 17
3897 1 4 41
4687 1 4 72
5227 1 4 94
4966 1 5 75
1860 1 5 22
5151 1 5 26
3253 1 5 85
5591 1 5 1
2686 1 5 44
2266 1 5 72
2061 1 6 86
6147 1 6 44
1699 1 6 72
651 1 6 26
4365 1 6 51
3415 1 6 1
1856 1 6 22
4405 1 6 75
5876 1 7 20
3024 1 7 75
6233 1 7 23
5222 1 7 44
4482 1 7 26
4799 1 7 87
3930 1 7 41
1314 1 7 51
5650 1 7 68
1560 1 7 1
5160 1 7 72
2253 1 8 24
6237 1 8 20
5359 1 8 88
1590 1 8 48
1082 1 8 1
5907 1 9 9
2366 1 9 73
4256 1 9 52
5680 1 9 1
4747 1 9 94
6355 1 10 13
2307 1 10 96
6276 1 10 1
5123 1 10 18
5106 1 10 69
4628 1 10 82
4272 1 11 1
5966 1 11 83
1802 1 11 7
6126 1 11 53
2209 1 12 89
1268 1 12 28
6401 1 12 1
1869 1 12 57
5115 1 12 13
167 1 12 62
5317 1 13 5
2374 1 13 31
2411 1 13 68
3192 1 13 1
5970 1 13 94
3108 1 14 61
452 1 14 95
727 1 14 1
5753 1 14 14
2586 1 14 38
4229 1 14 64
3351 1 15 29
4745 1 15 14
3871 1 15 89
1409 1 15 1
6242 1 15 50
4058 1 15 56
5513 1 16 62
2047 1 16 18
5144 1 16 65
6226 1 16 87
5217 1 16 93
5611 1 16 1
5058 1 16 14
6288 1 17 83
3561 1 17 41
3602 1 17 1
4299 1 17 10
3652 1 17 52
5653 1 18 15
4650 1 18 40
5187 1 18 43
6011 1 18 87
6210 1 18 18
1107 1 18 1
4918 1 18 92
4426 1 19 10
5912 1 19 81
2288 1 19 36
5272 1 19 91
4623 1 19 1
2920 2 0 46
6376 2 0 28
4899 2 0 91
3654 2 0 2
1684 2 1 55
6357 2 1 2
6280 2 1 29
5168 2 1 93
2683 2 2 24
2468 2 2 41
1016 2 2 14
1303 2 2 27
6407 2 2 2
2729 2 2 60
5842 2 2 49
4955 2 2 21
3161 2 2 63
6497 2 2 72
4181 2 2 37
783 2 2 91
4348 2 2 30
2350 2 2 95
4006 2 3 17
5293 2 3 20
1119 2 3 72
5 2 3 41
4100 2 3 94
4821 2 3 34
5843 2 3 63
667 2 3 2
5661 2 3 37
5003 2 4 94
1960 2 4 2
4447 2 4 17
4858 2 4 41
6262 2 4 67
6456 2 4 37
1775 2 4 72
1054 2 5 75
2694 2 5 26
3039 2 5 1
4756 2 6 80
3058 2 6 1
715 2 6 27
3448 2 7 80
3925 2 7 51
3779 2 7 41
3884 2 7 1
3642 2 7 23
4878 2 7 44
4198 2 7 65
4565 2 7 27
4967 2 7 68
5631 2 7 75
2900 2 7 16
2032 2 7 87
4097 2 8 88
3428 2 8 1
6224 2 8 78
3705 2 8 19
1602 2 8 24
5356 2 8 48
5854 2 9 73
1113 2 9 13
6500 2 9 44
3272 2 9 80
3906 2 9 94
5670 2 9 53
5207 2 9 69
4152 2 9 1
4477 2 9 9
4880 2 10 18
1520 2 10 66
3782 2 10 73
4558 2 10 4
4726 2 10 69
6145 2 10 44
6031 2 10 82
6530 2 10 96
5043 2 10 40
4357 2 10 13
3256 2 10 9
4863 2 10 54
4216 2 11 37
4108 2 11 4
5765 2 11 10
1935 2 11 73
2259 2 11 18
5939 2 11 96
2959 2 11 54
3144 2 11 69
3021 2 11 40
3388 2 11 13
5793 2 11 83
4719 2 11 44
6183 2 12 18
5786 2 12 82
6490 2 12 89
3737 2 12 37
2197 2 12 13
994 2 12 10
891 2 12 73
5990 2 12 58
100 2 12 40
5139 2 12 96
4419 2 12 44
6253 2 12 28
5276 2 12 54
3681 2 12 62
2406 2 12 69
3006 2 13 89
4792 2 13 96
6448 2 13 58
398 2 13 54
192 2 13 73
1707 2 13 12
2066 2 13 40
2563 2 13 28
5142 2 13 82
5560 2 13 18
6079 2 13 31
3563 2 13 44
968 2 13 69
772 2 14 38
4585 2 14 95
4818 2 14 12
2019 2 14 61
3828 2 14 1
1062 2 14 64
2006 2 15 29
1845 2 15 56
4519 2 15 86
222 2 15 1
949 2 15 13
5026 2 15 50
2496 2 15 89
2981 2 15 94
190 2 16 12
2812 2 16 18
5866 2 16 54
3115 2 16 62
3097 2 16 1
5705 2 16 87
3600 2 16 14
4739 2 16 65
4131 2 16 93
2758 2 17 94
1650 2 17 38
341 2 17 10
5361 2 17 83
1756 2 17 52
3285 2 17 1
1451 2 17 41
5009 2 17 76
4542 2 18 92
4412 2 18 15
4461 2 18 12
747 2 18 40
5997 2 18 36
3303 2 18 43
5731 2 18 80
869 2 18 1
1644 2 18 18
5726 2 18 87
3340 2 19 91
137 2 19 1
2838 2 19 10
2117 2 19 81
3598 2 19 36
3017 2 19 32
6399 2 19 65
4027 3 0 2
6164 3 0 19
5527 3 0 82
2543 3 0 28
6 3 0 46
4884 3 0 91
3937 3 1 93
3842 3 1 29
6282 3 1 20
2450 3 1 2
1454 3 1 55
4626 3 1 81
1260 3 2 41
2588 3 2 21
397 3 2 30
1248 3 2 91
356 3 2 60
6258 3 2 2
5006 3 2 49
3913 3 2 72
1327 3 2 63
763 3 2 27
2947 3 3 15
2566 3 3 2
2500 3 4 84
3800 3 4 2
1467 3 4 46
50 3 4 92
4351 3 5 52
395 3 5 92
4765 3 5 85
53 3 5 2
5044 3 6 84
1063 3 6 92
3207 3 6 2
3221 3 7 68
1541 3 7 27
3541 3 7 63
4829 3 7 65
2136 3 7 80
5102 3 7 96
3508 3 7 51
3041 3 7 23
2112 3 7 1
3065 3 7 75
4848 3 7 87
4965 3 7 17
4163 3 7 44
4084 3 8 27
3014 3 8 51
1391 3 8 80
3203 3 8 68
5085 3 8 75
3670 3 8 78
3068 3 8 88
1499 3 8 1
3807 3 8 44
4622 3 8 48
3880 3 8 96
3422 3 8 38
930 3 9 1
5525 3 9 13
5672 3 9 53
2612 3 9 80
5862 3 10 1
5932 3 10 54
897 3 10 4
312 3 10 81
5095 3 11 13
1730 3 11 1
2373 3 11 83
3507 3 11 56
1844 3 12 1
4800 3 12 62
24 3 12 6
3534 3 12 83
6209 3 13 44
2527 3 13 58
3057 3 13 96
5855 3 13 73
5475 3 13 18
5514 3 13 70
1679 3 13 26
3803 3 13 84
2345 3 14 83
2754 3 14 56
5096 3 14 26
1478 3 14 94
842 3 14 2
5112 3 14 43
5740 3 14 6
3749 3 14 65
5603 3 14 18
6104 3 14 33
1281 3 15 2
4241 3 15 56
1511 3 15 94
5360 3 15 43
1104 3 15 6
5953 3 15 18
4794 3 15 65
3488 3 15 76
752 3 15 50
3608 3 15 16
5283 3 15 83
261 3 15 32
1962 3 16 94
1852 3 16 2
1460 3 16 15
5751 3 16 65
4438 3 16 18
1166 3 16 6
4766 3 16 43
273 3 16 52
5567 3 16 54
4507 3 16 76
2267 3 16 83
986 3 16 32
1854 3 17 13
6201 3 17 61
1411 3 17 32
1129 3 17 88
4704 3 17 76
4924 3 17 18
5088 3 17 2
2544 3 17 6
6113 3 17 65
3742 3 17 83
2727 3 17 94
6410 3 17 52
2008 3 17 15
5116 3 17 43
3787 3 18 92
6075 3 18 2
2734 3 18 15
2327 3 18 43
2547 3 18 65
2255 3 18 32
5000 3 18 18
1603 3 18 12
4545 3 18 36
6339 3 18 61
3653 3 18 6
5649 3 18 81
5178 3 18 87
2748 3 19 32
5924 3 19 10
4046 3 19 30
6466 3 19 65
1052 3 19 1
4733 3 19 6
6144 3 19 79
1901 3 19 81
2508 3 19 91
4420 4 0 80
4946 4 0 82
5824 4 0 19
4263 4 0 91
6254 4 0 46
2539 4 0 28
3404 4 0 2
6480 4 1 19
524 4 1 77
565 4 1 29
1349 4 1 81
2962 4 1 2
3479 4 1 55
1711 4 2 49
683 4 2 27
171 4 2 30
60 4 2 60
3836 4 2 72
5640 4 2 2
6371 4 2 64
1080 4 2 41
5545 4 3 79
3659 4 3 15
2492 4 3 2
5857 4 3 49
4515 4 4 74
2177 4 4 94
2471 4 4 19
3566 4 4 84
2890 4 4 2
5202 4 4 46
1222 4 5 2
3466 4 5 15
5701 4 5 48
5201 4 5 52
5617 4 5 82
5590 4 5 85
3848 4 6 16
6248 4 6 2
4069 4 6 92
5828 4 6 53
1139 4 6 84
3264 4 7 89
5233 4 7 14
5408 4 7 2
5980 4 7 57
3052 4 8 44
2147 4 8 69
915 4 8 48
1004 4 8 80
1715 4 8 88
3513 4 8 27
1403 4 8 51
5564 4 8 1
5458 4 8 11
3694 4 9 92
5250 4 9 37
3940 4 9 5
2476 4 9 1
5179 4 9 74
3124 4 10 1
5277 4 10 42
908 4 10 93
368 4 10 7
620 4 10 75
3625 4 11 1
6017 4 11 56
5865 4 11 41
6528 4 11 83
6385 4 11 8
1308 4 11 93
5822 4 11 79
2644 4 11 13
3955 4 12 5
3110 4 12 1
6470 4 12 32
6225 4 12 79
1677 4 12 93
4701 4 13 70
2156 4 13 73
5986 4 13 82
5403 4 13 18
5708 4 13 44
955 4 13 58
4837 4 14 9
6140 4 14 81
147 4 14 1
2907 4 14 93
3396 4 14 31
1447 4 15 9
923 4 15 1
5444 4 15 84
3518 4 15 42
2949 4 15 93
4075 4 16 33
3708 4 16 1
6304 4 16 86
5308 4 16 8
3538 4 16 93
3589 4 17 1
2503 4 17 66
6433 4 17 9
1466 4 17 42
3942 4 18 1
5791 4 18 49
1305 4 18 7
1608 4 18 70
2968 4 19 8
4279 4 19 52
4485 4 19 1
385 4 19 80
447 5 0 46
3247 5 0 80
5145 5 0 19
4393 5 0 2
4374 5 0 16
2143 5 0 28
184 5 0 73
4769 5 0 82
2537 5 0 91
3307 5 1 91
4689 5 1 77
6463 5 1 29
6057 5 1 49
4228 5 1 55
5543 5 1 2
4817 5 1 16
4910 5 1 74
1091 5 1 81
199 5 2 49
3573 5 2 17
2059 5 2 2
958 5 2 64
1443 5 2 31
2498 5 2 85
2092 5 2 47
4855 5 2 28
5938 5 2 41
3164 5 2 72
4457 5 3 12
2788 5 3 79
4249 5 3 53
3269 5 3 2
6087 5 3 75
5875 5 4 94
6526 5 4 46
5704 5 4 67
2290 5 4 2
2408 5 4 19
3474 5 4 84
4407 5 4 74
3162 5 4 43
4952 5 5 85
3357 5 5 11
758 5 5 94
4125 5 5 15
6163 5 5 74
3489 5 5 48
6136 5 5 83
4983 5 5 41
4173 5 5 52
4811 5 5 2
165 5 6 16
6389 5 6 78
1442 5 6 45
6524 5 6 88
5891 5 6 2
4085 5 6 84
1179 5 6 92
2860 5 6 53
2360 5 7 89
2526 5 7 2
3135 5 7 57
2142 5 7 80
6165 5 7 14
3470 5 7 45
888 5 8 80
1580 5 8 88
5774 5 8 51
6169 5 8 2
4835 5 8 11
82 5 8 48
5901 5 8 59
2725 5 8 27
1382 5 8 44
4184 5 8 7
4455 5 9 7
5008 5 9 31
5535 5 9 37
6251 5 9 59
2827 5 9 72
5101 5 9 92
4972 5 10 37
3020 5 10 31
4908 5 10 67
2103 5 10 7
4783 5 10 42
4103 5 10 75
1712 5 10 92
656 5 11 92
518 5 11 42
4653 5 11 56
4602 5 11 67
1693 5 11 31
1688 5 11 8
5504 5 11 13
5171 5 11 75
2672 5 11 83
2438 5 12 66
1988 5 12 2
406 5 12 44
4804 5 12 16
1589 5 13 73
4990 5 13 18
4611 5 13 44
6514 5 14 2
1493 5 14 35
5262 5 14 13
2792 5 14 65
832 5 15 39
4501 5 15 2
4207 5 15 13
6484 5 15 84
707 5 15 42
6186 5 15 70
945 5 15 91
2481 5 16 33
3453 5 16 3
4553 5 16 60
3220 5 16 31
4740 5 16 8
6512 5 16 86
5732 5 17 2
2989 5 17 62
5318 5 17 38
1058 5 17 66
6509 5 17 90
3537 5 17 42
2187 5 17 9
6211 5 18 66
4022 5 18 2
3155 5 18 70
2804 5 18 35
2763 5 18 7
4413 5 18 49
5686 5 19 80
4922 5 19 31
325 5 19 8
1406 5 19 52
2470 5 19 3
6345 5 19 71
318 5 19 91
1795 6 0 46
4502 6 0 19
5015 6 0 28
1306 6 0 42
6279 6 0 14
4580 6 0 65
3735 6 0 82
322 6 0 2
3706 6 0 73
5813 6 1 55
1861 6 1 77
3490 6 1 82
2252 6 1 19
6443 6 1 46
5189 6 1 14
4123 6 1 2
5190 6 1 29
3684 6 1 65
4156 6 1 42
1751 6 1 11
2557 6 2 2
6461 6 2 55
889 6 2 42
5263 6 2 82
898 6 2 32
3856 6 2 49
631 6 3 2
1669 6 3 43
6030 6 3 49
6154 6 3 55
2241 6 3 82
5578 6 3 53
6368 6 4 8
3746 6 4 49
5783 6 4 2
2016 6 5 49
740 6 5 8
5554 6 5 3
3981 6 6 3
5840 6 6 60
2560 6 7 3
2614 6 7 70
996 6 7 28
822 6 8 28
2316 6 8 3
472 6 8 70
1448 6 9 2
6064 6 9 48
179 6 9 12
4270 6 9 70
2960 6 10 82
2946 6 10 2
3823 6 10 12
4903 6 10 47
4409 6 16 74
3082 6 16 57
1761 6 16 20
665 6 16 9
4867 6 16 35
2605 6 16 42
1121 6 16 52
3813 6 16 91
204 6 17 57
3941 6 17 91
5075 6 17 35
3072 6 17 52
4935 6 17 74
870 6 17 9
2895 6 17 20
4949 6 17 42
6093 6 18 52
4410 6 18 71
5709 6 18 91
4015 6 18 35
5472 6 18 42
5269 6 18 8
5117 6 18 66
1991 6 18 57
3140 6 18 20
5400 6 19 71
6032 6 19 91
867 6 19 52
3019 6 19 33
5967 6 19 4
3393 6 19 20
3618 6 19 66
210 6 19 81
5646 6 19 8
4819 6 19 25
4415 6 19 85
2551 6 19 57
739 6 19 61
2972 7 0 92
5681 7 0 65
2718 7 0 1
6063 7 0 8
1309 7 0 39
1910 7 1 92
4998 7 1 39
5830 7 1 7
313 7 1 1
4061 7 1 63
2353 7 2 1
327 7 2 38
1182 7 2 11
4989 7 2 60
1558 7 2 92
4790 7 3 71
2281 7 3 11
614 7 3 29
1950 7 3 1
1610 7 3 91
1141 7 4 68
2658 7 4 1
139 7 4 21
4807 7 4 8
811 7 4 91
5083 7 5 36
1647 7 5 89
2101 7 5 1
655 7 5 8
2546 7 5 63
1272 7 5 92
2294 7 6 1
1928 7 6 8
66 7 6 29
1994 7 6 72
5996 7 6 65
5237 7 7 66
4395 7 7 72
2929 7 7 39
2051 7 7 1
3726 7 7 5
4456 7 11 46
5188 7 16 57
1172 7 16 23
2868 7 16 52
3026 7 16 4
742 7 16 75
73 7 17 4
4105 7 17 26
2855 7 17 69
3322 7 17 74
3551 7 17 89
3152 7 17 49
6308 7 18 62
293 7 18 87
5498 7 18 28
6162 7 18 4
5253 7 18 35
1071 7 18 41
1908 7 18 81
2690 7 18 71
3005 7 19 4
4854 7 19 25
5163 7 19 30
5814 7 19 57
1695 7 19 89
952 7 19 66
5904 7 19 85
2244 7 19 61
5049 7 19 33
5677 8 0 31
3232 8 0 4
203 8 0 8
6094 8 0 92
1683 8 0 83
4128 8 0 39
4321 8 0 65
2886 8 0 61
4816 8 1 63
5021 8 1 30
4092 8 1 56
4338 8 1 7
4422 8 1 83
1526 8 2 38
4110 8 2 11
154 8 2 57
5577 8 2 60
5555 8 2 80
3277 8 2 4
6482 8 2 30
6527 8 3 86
2717 8 3 59
3617 8 3 91
5031 8 3 24
3739 8 3 29
373 8 3 4
5273 8 3 71
6313 8 4 68
924 8 4 90
2002 8 4 44
4212 8 4 4
3045 8 4 21
6286 8 9 54
1344 8 9 90
96 8 9 24
4871 8 9 4
2595 8 9 71
1381 8 9 45
5313 8 9 10
5671 8 9 68
1888 8 9 76
1990 8 9 82
4596 8 10 4
3461 8 10 90
6423 8 10 19
1664 8 10 45
6367 8 10 82
3118 8 10 76
5993 8 10 24
2598 8 10 71
4371 8 10 54
1270 8 11 76
6436 8 11 24
4753 8 11 51
5282 8 11 45
3424 8 11 4
6455 8 13 22
1266 8 13 4
5270 8 13 56
4718 8 13 63
5092 8 14 51
5246 8 14 4
4160 8 14 34
3863 8 14 67
3599 8 14 79
1891 8 14 87
6134 8 14 73
49 8 15 93
2553 8 15 77
6310 8 15 35
901 8 15 4
5200 8 15 50
3729 8 15 72
3870 8 16 52
5082 8 16 23
5410 8 16 57
3553 8 16 75
4142 8 16 4
2274 8 17 35
2613 8 17 4
6265 8 17 74
3711 8 17 69
4583 8 17 89
4684 8 17 49
3457 8 18 41
3227 8 18 81
5425 8 18 4
6432 8 18 35
4524 8 18 71
4938 8 18 87
4627 8 19 89
4109 8 19 66
4159 8 19 4
4785 8 19 29
3398 8 19 33
2277 8 19 61
5696 9 0 8
1983 9 0 4
5728 9 0 49
4692 9 0 31
4849 9 0 14
2689 9 0 43
68 9 0 69
6316 9 0 78
5825 9 0 92
616 9 1 56
6510 9 1 20
5067 9 1 83
6178 9 1 88
337 9 1 36
481 9 1 31
2427 9 1 92
4293 9 1 78
6052 9 1 72
3079 9 1 49
2249 9 1 44
5367 9 2 20
175 9 2 31
247 9 2 49
4926 9 2 83
1798 9 2 92
4193 9 2 88
972 9 2 44
5624 9 2 72
4682 9 3 24
877 9 3 44
2419 9 3 50
3993 9 3 72
1112 9 3 20
768 9 3 67
1159 9 3 92
3503 9 4 88
5697 9 4 4
5007 9 4 80
1832 9 4 45
647 9 4 18
531 9 6 48
3089 9 6 18
1236 9 6 88
5662 9 6 4
5132 9 6 75
6496 9 7 4
475 9 7 84
5387 9 7 72
2777 9 7 40
6047 9 7 19
2742 9 7 25
4492 9 8 28
4243 9 8 4
1257 9 8 24
494 9 8 50
3126 9 8 32
6332 9 8 83
5719 9 9 4
6239 9 9 10
1971 9 9 21
121 9 9 45
5198 9 9 83
4874 9 10 82
458 9 10 4
2903 9 10 54
6424 9 10 23
798 9 11 24
1915 9 11 82
4010 9 11 4
3069 9 11 51
259 9 13 57
3552 9 13 10
1433 9 13 24
1238 9 13 3
1379 9 13 77
1102 9 14 3
2775 9 14 51
3190 9 14 10
4194 9 14 79
6384 9 14 73
4363 9 14 87
1416 9 14 24
3417 9 15 50
3801 9 15 24
1087 9 15 77
907 9 15 3
2969 9 15 10
370 9 16 3
5460 9 16 57
1624 9 16 75
1575 9 16 10
589 9 16 23
1384 9 17 74
4471 9 17 4
4446 9 17 49
26 9 18 41
1165 9 18 61
3953 9 18 4
3588 9 18 87
5864 9 19 33
5436 9 19 66
2055 9 19 4
3825 9 19 61
3455 10 0 78
507 10 0 4
2074 10 0 69
4377 10 0 64
1855 10 0 49
90 10 0 14
3781 10 0 43
4039 10 0 88
2955 10 1 20
2591 10 1 4
866 10 1 54
2261 10 1 72
4137 10 1 88
4024 10 1 36
3085 10 1 44
2297 10 1 11
1948 10 1 39
345 10 1 67
6533 10 2 26
4133 10 2 69
4098 10 2 86
2696 10 2 13
1902 10 2 4
1319 10 2 46
5508 10 2 50
4694 10 2 64
2223 10 3 78
808 10 3 20
754 10 3 92
2401 10 3 72
1136 10 3 50
5695 10 3 86
2906 10 4 86
486 10 4 16
3261 10 4 44
3296 10 4 69
4991 10 4 4
1772 10 6 21
3721 10 6 4
2035 10 6 40
3632 10 6 86
5771 10 6 72
2789 10 7 25
1027 10 7 4
638 10 7 40
1481 10 7 84
5913 10 8 28
287 10 8 32
1736 10 8 4
6045 10 9 4
5699 10 9 10
3872 10 10 30
4566 10 10 10
3335 10 10 35
3542 10 10 3
6235 10 10 56
1794 10 10 92
191 10 10 79
2534 10 10 82
2418 10 10 25
6373 10 10 60
1424 10 11 82
4155 10 11 10
1710 10 11 30
5873 10 11 60
1211 10 11 35
164 10 11 93
3224 10 11 3
1042 10 11 25
5404 10 11 74
4478 10 11 56
6111 10 11 52
2125 10 13 3
1392 10 13 24
4523 10 13 55
214 10 13 78
3658 10 13 10
1941 10 14 24
2759 10 14 3
6018 10 14 10
4259 10 14 51
1651 10 14 79
4346 10 15 34
4298 10 15 2
1120 10 15 90
3131 10 15 62
3546 10 15 10
3809 10 16 62
3862 10 16 36
1133 10 16 90
3756 10 16 2
4893 10 16 13
2945 10 17 64
5769 10 17 2
3366 10 17 90
133 10 17 35
5934 10 17 10
3869 10 18 90
5126 10 18 10
6160 10 18 2
2653 10 18 39
267 10 18 66
3785 10 19 2
2145 10 19 37
5469 10 19 74
4937 10 19 13
315 10 19 91
1939 11 0 42
2317 11 0 4
4688 11 0 78
4654 11 0 14
5727 11 0 88
2832 11 0 19
4945 11 0 64
2564 11 0 69
6464 11 0 49
4590 11 1 72
5170 11 1 39
3666 11 1 44
3114 11 1 54
5017 11 1 20
5676 11 1 88
539 11 1 4
1630 11 1 67
2483 11 2 4
5257 11 2 50
4641 11 2 69
5736 11 2 86
5374 11 2 13
1722 11 2 46
438 11 2 17
3978 11 3 67
1927 11 3 78
307 11 3 50
6408 11 3 83
80 11 3 92
720 11 3 20
2312 11 3 72
1665 11 4 21
2521 11 4 42
392 11 4 4
2455 11 4 69
2576 11 4 86
761 11 6 4
2356 11 6 16
4894 11 6 40
6460 11 6 64
2523 11 6 86
3136 11 7 1
5618 11 7 15
5928 11 7 97
5351 11 8 7
5746 11 8 1
511 11 8 97
3709 11 9 1
4294 11 9 17
1926 11 9 90
2849 11 10 82
2379 11 10 92
4574 11 10 3
3690 11 10 35
5619 11 10 30
5689 11 10 10
2517 11 10 60
1088 11 11 26
6283 11 11 11
663 11 11 3
6314 11 11 62
4418 11 11 81
4466 11 13 2
5897 11 13 60
848 11 13 90
3701 11 13 36
4417 11 13 9
4290 11 14 2
6491 11 14 34
2029 11 14 89
1868 11 14 63
3238 11 14 10
4676 11 15 29
4917 11 15 34
5218 11 15 88
4227 11 15 2
2122 11 15 10
6229 11 15 58
3601 11 16 2
1676 11 16 59
4281 11 16 88
1297 11 16 13
4230 11 16 36
6034 11 16 31
3979 11 16 62
2819 11 17 2
6521 11 17 58
4078 11 17 88
5869 11 17 13
5204 11 17 35
3409 11 17 64
736 11 17 32
5878 11 18 31
6499 11 18 39
6035 11 18 86
6413 11 18 10
5223 11 18 90
3522 11 18 2
4369 11 18 61
6421 11 18 66
391 11 19 13
6270 11 19 29
619 11 19 37
5629 11 19 59
4326 11 19 91
2326 11 19 2
4251 11 19 74
2076 12 0 49
4238 12 0 78
2965 12 0 69
1877 12 0 4
1152 12 0 19
6182 12 0 44
6080 12 1 88
3119 12 1 54
3009 12 1 15
2099 12 1 4
6452 12 1 44
5302 12 1 20
5674 12 1 72
2305 12 2 17
2194 12 2 69
5539 12 2 13
3289 12 2 46
5414 12 2 50
3008 12 2 4
5435 12 3 83
789 12 3 93
1415 12 3 78
226 12 3 20
1177 12 3 72
3688 12 4 62
546 12 4 4
177 12 4 84
2321 12 4 35
2858 12 4 16
5643 12 6 40
5717 12 6 4
6349 12 6 62
5911 12 6 85
3353 12 6 12
5580 12 7 15
6344 12 7 88
2504 12 7 1
5742 12 7 48
814 12 8 17
6037 12 8 90
4145 12 8 87
5183 12 8 1
1190 12 8 7
4382 12 8 73
5977 12 8 39
6223 12 8 96
1842 12 9 90
2400 12 9 1
4394 12 9 17
6215 12 9 39
4313 12 9 87
5413 12 10 35
4127 12 10 3
2813 12 10 60
3927 12 10 91
969 12 11 3
2394 12 11 29
4925 12 11 69
2865 12 14 40
5835 12 15 40
81 12 15 15
1377 12 15 94
2057 12 16 94
2188 12 16 15
342 12 16 50
6172 12 16 40
3386 12 17 76
3715 12 17 15
4705 12 17 92
2519 12 17 23
6358 12 17 40
5776 12 17 82
4305 12 17 70
4717 12 17 3
1075 12 18 26
4406 12 18 69
5221 12 18 92
6153 12 18 3
6193 12 18 82
688 12 18 31
2558 12 18 15
3498 12 18 39
2931 12 18 61
4331 12 18 76
3098 12 19 13
5521 12 19 76
6260 12 19 29
1791 12 19 26
2793 12 19 37
5451 12 19 92
5789 12 19 59
6170 12 19 3
1076 12 19 65
1251 13 0 19
5417 13 0 78
4062 13 0 49
4595 13 0 4
2733 13 1 4
4793 13 1 72
6033 13 1 54
3777 13 1 20
2054 13 2 72
1750 13 2 50
1498 13 2 17
5398 13 2 4
5051 13 3 83
2052 13 3 79
355 13 3 72
4639 13 3 93
32 13 4 72
1540 13 4 79
4254 13 4 83
1032 13 4 93
2221 13 6 4
1296 13 6 12
3703 13 6 59
402 13 6 37
1199 13 6 83
6143 13 7 38
2722 13 7 15
5675 13 7 48
2190 13 7 72
5488 13 7 88
2176 13 7 4
223 13 7 11
2489 13 8 73
5493 13 8 90
4106 13 8 17
2996 13 8 35
1029 13 8 7
6073 13 8 39
6133 13 8 64
4746 13 9 15
3854 13 9 89
1592 13 9 39
3783 13 9 78
5548 13 9 3
3784 13 9 58
2423 13 10 15
1329 13 10 8
5238 13 10 58
2362 13 10 54
3540 13 10 78
4852 13 10 65
4604 13 10 35
4761 13 10 39
2023 13 10 89
1922 13 10 3
5691 13 11 34
5739 13 11 15
1232 13 11 8
4211 13 11 41
4730 13 11 58
6446 13 11 65
549 13 11 3
2954 13 11 78
1954 13 11 89
6493 13 12 4
3454 13 12 41
5957 13 12 65
2632 13 12 58
410 13 12 15
566 13 12 89
4777 13 12 34
2909 13 12 78
947 13 12 8
1310 13 13 18
4609 13 13 23
2247 13 13 93
2721 13 13 27
548 13 13 36
2842 13 13 68
4581 13 13 13
3627 13 13 59
6058 13 13 4
1353 13 14 7
4029 13 14 61
1646 13 14 24
3664 13 14 66
5909 13 14 71
3754 13 14 20
2744 13 14 88
3957 13 14 43
4045 13 14 28
5734 13 14 49
6387 13 15 59
3835 13 15 24
1642 13 15 88
3952 13 15 13
3623 13 15 4
532 13 15 65
168 13 15 84
2707 13 15 69
1561 13 16 36
2880 13 16 87
6246 13 16 10
2548 13 16 19
4513 13 16 64
299 13 16 72
2410 13 16 94
831 13 16 50
5744 13 17 40
6077 13 17 65
4373 13 17 34
6105 13 17 87
1718 13 17 11
5345 13 17 61
913 13 17 3
6494 13 17 70
4245 13 18 3
6220 13 18 59
5848 13 18 15
4437 13 18 69
1801 13 18 82
5665 13 18 87
4551 13 18 29
2542 13 19 65
6292 13 19 3
5104 13 19 87
1576 13 19 10
4706 13 19 76
172 13 19 26
6056 13 19 56
4702 14 0 4
2934 14 0 20
5735 14 0 10
41 14 0 43
6515 14 0 74
2118 14 0 85
6486 14 1 10
782 14 1 45
5072 14 1 79
810 14 1 86
4708 14 1 4
5267 14 1 17
5559 14 2 79
6200 14 2 27
807 14 2 4
5045 14 2 50
2703 14 2 13
1056 14 2 86
5673 14 3 82
4594 14 3 31
2485 14 3 59
1174 14 3 86
3257 14 3 4
1518 14 3 9
1001 14 4 93
1787 14 4 72
3331 14 5 9
4325 14 5 4
5215 14 5 31
4339 14 5 58
4512 14 5 90
365 14 6 81
58 14 6 4
2207 14 6 62
4060 14 6 33
3656 14 6 16
2347 14 7 48
4327 14 7 32
581 14 7 72
1920 14 7 86
4559 14 7 15
5905 14 7 5
4685 14 7 65
4282 14 7 38
4975 14 8 39
3236 14 8 17
1714 14 8 73
4093 14 8 90
2038 14 8 35
346 14 8 7
4175 14 8 64
4166 14 9 89
5481 14 9 15
6255 14 9 39
6352 14 9 3
3771 14 9 58
1584 14 10 41
1256 14 10 65
3391 14 10 12
1571 14 10 3
1014 14 11 14
1262 14 11 3
5011 14 11 41
6020 14 11 75
1331 14 12 44
3650 14 12 14
5111 14 12 78
2940 14 12 3
3184 14 13 27
544 14 13 47
3975 14 13 59
2083 14 13 3
1619 14 13 22
3882 14 13 68
3646 14 13 36
5826 14 13 93
3315 14 14 28
3628 14 14 49
3060 14 14 7
6468 14 14 66
4808 14 14 71
6247 14 14 44
1803 14 14 24
4390 14 14 20
2984 14 15 88
3341 14 15 3
1375 14 15 22
5510 14 15 69
3145 14 15 65
5626 14 15 13
2670 14 15 84
2917 14 16 50
1301 14 16 72
454 14 16 10
1288 14 16 59
5079 14 16 87
4514 14 16 64
1565 14 16 36
3921 14 16 22
2429 14 16 94
4034 14 17 3
618 14 17 70
5971 14 17 40
6296 14 17 65
3246 14 18 69
5371 14 18 29
429 14 18 87
4625 14 18 3
2139 14 19 10
1312 14 19 2
3163 14 19 65
1258 14 19 76
4018 14 19 26
5258 15 0 10
4810 15 0 43
2242 15 0 70
5565 15 0 74
455 15 0 85
2140 15 0 20
3485 15 0 4
2328 15 1 4
6216 15 1 10
4099 15 1 40
3517 15 1 45
2668 15 1 68
6321 15 1 17
5837 15 2 71
3027 15 2 79
2998 15 2 13
5584 15 2 27
4059 15 2 5
5625 15 2 22
157 15 2 50
3373 15 3 82
1462 15 3 20
5974 15 3 86
5882 15 3 43
2304 15 3 4
1936 15 3 73
5205 15 3 10
4599 15 4 85
339 15 4 93
1221 15 4 72
2131 15 5 20
526 15 5 4
4187 15 5 10
5281 15 5 42
551 15 5 68
95 15 5 90
5300 15 6 82
495 15 6 4
3317 15 6 16
2301 15 6 10
4798 15 6 30
6181 15 6 62
2839 15 6 33
1486 15 7 82
3059 15 7 27
5381 15 7 5
5782 15 7 15
6361 15 7 48
3499 15 7 32
5920 15 7 86
2768 15 7 61
4217 15 7 38
4124 15 7 65
5998 15 7 72
2243 15 8 7
4204 15 8 39
3147 15 8 17
3260 15 8 90
5002 15 8 13
1086 15 8 73
3902 15 8 64
3128 15 8 57
1072 15 8 35
4239 15 9 12
6194 15 9 36
5821 15 9 41
5752 15 9 21
1755 15 9 79
4491 15 9 17
2338 15 9 58
3512 15 9 54
5949 15 9 74
2697 15 9 84
5390 15 9 3
4897 15 9 91
5641 15 10 25
4068 15 10 59
1299 15 10 46
5038 15 10 21
3430 15 10 74
4784 15 10 85
4081 15 10 91
1118 15 10 79
3156 15 10 17
5929 15 10 41
4441 15 10 3
3908 15 10 12
4607 15 10 36
2898 15 11 3
664 15 11 74
3727 15 11 86
3063 15 11 59
2706 15 11 36
6054 15 11 12
770 15 11 91
5833 15 11 47
3028 15 11 25
2979 15 11 17
362 15 11 21
285 15 12 91
301 15 12 74
1156 15 12 36
101 15 12 86
2822 15 12 3
2847 15 12 17
6392 15 12 27
2385 15 12 47
6078 15 12 59
3605 15 12 22
5357 15 13 27
3367 15 13 22
2138 15 13 3
93 15 13 36
2540 15 13 59
2840 15 13 47
6502 15 13 93
5714 15 14 42
4274 15 14 24
1823 15 14 80
5279 15 14 89
5847 15 14 28
5307 15 14 7
1570 15 14 75
816 15 14 49
4047 15 14 13
5331 15 15 69
2280 15 15 2
3056 15 15 88
51 15 15 28
3125 15 15 13
3679 15 16 36
3622 15 16 10
3716 15 16 64
5606 15 16 22
2999 15 16 50
1407 15 16 59
1037 15 16 94
5698 15 16 88
905 15 17 36
4028 15 17 10
2615 15 17 63
4380 15 17 88
1700 15 17 94
3633 15 17 29
564 15 17 22
1691 15 17 59
3381 15 18 6
2861 15 18 59
3900 15 18 63
270 15 18 76
4984 15 18 10
1786 15 18 94
3067 15 18 27
2146 15 18 36
4589 15 18 88
4052 15 18 3
1637 15 18 22
3243 15 19 32
1307 15 19 9
3421 15 19 6
5363 15 19 53
5335 15 19 76
4540 15 19 3
4311 15 19 27
5778 15 19 22
1884 15 19 81
4605 15 19 63
3312 15 19 88
4851 16 0 5
4586 16 0 20
5563 16 0 74
4915 16 0 38
2212 16 0 70
1833 16 0 43
3720 16 0 10
6422 16 0 85
6274 16 1 89
2129 16 1 45
5338 16 1 64
4832 16 1 68
1068 16 1 17
3095 16 1 5
1346 16 1 40
4509 16 2 71
6459 16 2 79
2817 16 2 13
4532 16 2 22
941 16 2 91
3497 16 2 5
5172 16 2 50
3578 16 2 27
4933 16 2 64
6202 16 3 63
1569 16 3 73
713 16 3 20
63 16 3 82
2640 16 3 5
6008 16 3 42
4986 16 3 86
3933 16 5 43
409 16 5 52
304 16 5 7
4767 16 6 43
2691 16 6 7
4147 16 6 81
2240 16 6 91
2461 16 6 52
857 16 6 48
2513 16 7 19
1302 16 7 74
4820 16 7 43
1287 16 7 48
2479 16 7 52
5925 16 7 81
1599 16 7 27
4116 16 7 7
3001 16 7 91
1937 16 8 17
1776 16 8 7
4200 16 8 66
2709 16 8 57
3305 16 8 13
1148 16 8 23
491 16 8 26
918 16 8 73
5339 16 8 91
4396 16 8 43
3576 16 9 54
5055 16 9 17
6217 16 9 41
4923 16 9 91
3093 16 9 84
1173 16 9 21
5347 16 9 58
4948 16 9 46
6001 16 9 3
5337 16 9 12
3655 16 9 79
6289 16 10 16
2976 16 10 25
6000 16 10 59
3379 16 10 51
4402 16 10 55
1963 16 10 78
240 16 10 85
3392 16 10 3
1347 16 10 90
4070 16 10 46
5372 16 11 3
4480 16 11 16
4909 16 11 86
5450 16 11 74
3283 16 11 35
5802 16 11 57
4997 16 11 52
6311 16 11 81
1785 16 11 90
4562 16 12 46
3812 16 12 78
462 16 12 85
5729 16 12 73
3683 16 12 3
2442 16 12 27
4414 16 12 54
5380 16 12 14
6391 16 13 3
3677 16 13 57
6328 16 13 45
201 16 13 93
4355 16 13 77
5812 16 13 12
3636 16 13 50
3385 16 13 82
2449 16 13 20
6354 16 14 24
4389 16 14 75
673 16 14 80
5354 16 14 7
3965 16 14 49
4038 16 14 41
633 16 14 3
5888 16 14 28
4772 16 14 13
571 16 14 45
6192 16 15 83
4875 16 15 54
5329 16 15 3
5820 16 15 13
4681 16 15 78
5914 16 15 50
4226 16 15 25
5500 16 15 28
5600 16 15 93
3092 16 16 79
1879 16 16 93
5992 16 16 64
5741 16 16 54
3324 16 16 50
6427 16 16 9
213 16 16 3
5896 16 16 32
5305 16 16 27
4971 16 16 83
1925 16 17 34
5730 16 17 76
2648 16 17 25
4504 16 17 28
4054 16 17 82
1622 16 17 3
5136 16 17 53
5296 16 17 7
2315 16 17 87
1797 16 18 2
2893 16 18 31
5063 16 18 26
3829 16 18 53
4232 16 18 10
4904 16 18 80
1242 16 18 59
4489 16 18 36
2728 16 18 94
3178 16 18 84
4822 16 19 6
6189 16 19 22
5284 16 19 27
2636 16 19 81
6261 16 19 3
4576 16 19 9
6040 16 19 63
3565 16 19 88
2921 16 19 32
5373 16 19 56
5422 16 19 76
4091 17 0 5
4572 17 0 74
611 17 0 70
1899 17 0 10
1862 17 0 20
2364 17 0 38
144 17 0 43
4671 17 0 85
2877 17 1 45
1512 17 1 5
6380 17 1 63
6418 17 1 35
1643 17 1 68
4401 17 1 89
716 17 1 17
3768 17 2 22
674 17 2 91
4079 17 2 79
2080 17 2 5
4588 17 2 45
1538 17 2 64
1613 17 2 71
2799 17 2 13
3516 17 2 27
3129 17 2 50
6065 17 3 42
2151 17 3 57
2787 17 3 18
4591 17 3 5
938 17 5 84
2270 17 5 74
5588 17 5 31
3876 17 5 51
1155 17 5 56
4119 17 5 21
1762 17 5 5
2033 17 6 91
6062 17 6 18
352 17 6 47
577 17 6 78
5461 17 6 22
5915 17 6 5
973 17 6 30
1216 17 7 55
3613 17 7 19
2667 17 7 33
3107 17 7 24
6300 17 7 5
1723 17 7 74
1350 17 7 80
1343 17 7 48
3438 17 7 52
1235 17 8 23
4736 17 8 19
6106 17 8 71
6116 17 8 90
6115 17 8 37
4430 17 8 26
5852 17 8 5
6238 17 8 43
2371 17 8 66
3478 17 9 21
3804 17 9 3
4007 17 9 84
5384 17 9 58
4993 17 9 79
5581 17 9 46
5456 17 9 91
5159 17 9 17
3616 17 9 54
4934 17 10 55
755 17 10 59
4889 17 10 51
823 17 10 85
5245 17 10 79
2218 17 10 90
2643 17 10 3
6444 17 10 17
1012 17 10 25
1821 17 11 35
36 17 11 57
1827 17 11 86
4695 17 11 17
217 17 11 80
2368 17 11 3
181 17 12 14
3859 17 12 27
4754 17 12 78
5721 17 12 46
2352 17 12 85
4812 17 12 18
6348 17 12 51
4481 17 12 3
3200 17 12 54
432 17 13 20
652 17 13 3
4638 17 13 82
4215 17 13 46
3982 17 13 50
1831 17 13 78
1096 17 13 57
234 17 13 93
862 17 14 3
1233 17 14 13
2800 17 14 28
4930 17 14 75
3170 17 14 80
2974 17 14 18
4360 17 14 45
5720 17 14 49
2735 17 14 71
5710 17 15 3
225 17 15 13
1196 17 15 28
5798 17 15 78
2205 17 15 83
6195 17 15 54
2011 17 16 79
793 17 16 32
5576 17 16 27
805 17 16 9
4680 17 16 57
597 17 16 3
3252 17 16 64
5894 17 17 28
4833 17 17 53
3004 17 17 87
4107 17 17 82
2214 17 17 3
4563 17 17 7
2309 17 17 34
1573 17 17 57
2772 17 18 2
1507 17 18 36
1978 17 18 31
4995 17 18 59
3263 17 18 87
6149 17 18 27
3476 17 18 84
5109 17 18 81
5098 17 18 10
2581 17 19 58
3747 17 19 9
6284 17 19 32
1528 17 19 63
2654 17 19 81
5652 17 19 27
3761 17 19 88
779 17 19 3
2431 17 19 85
2701 18 5 56
5037 18 5 51
5388 18 5 21
2332 18 5 5
6469 18 5 31
2183 18 5 80
2666 18 5 84
5219 18 6 5
991 18 6 47
5575 18 6 22
4112 18 6 78
1330 18 6 30
1857 18 7 55
1357 18 7 33
4444 18 7 5
4020 18 7 24
2390 18 7 74
6324 18 7 52
2100 18 7 80
6442 18 8 26
420 18 8 71
988 18 8 43
1945 18 8 23
1341 18 8 5
6363 18 8 37
5430 18 9 54
6151 18 9 84
2068 18 9 21
2004 18 9 58
2482 18 9 91
196 18 9 3
4063 18 9 18
2790 18 10 25
5256 18 10 55
4603 18 10 59
6117 18 10 85
4066 18 10 90
2602 18 10 3
4484 18 10 18
4729 18 11 35
6060 18 11 80
1612 18 11 18
3793 18 11 3
2575 18 11 57
2464 18 11 86
5978 18 12 3
5621 18 12 18
5573 18 12 27
2251 18 12 51
2381 18 12 54
3048 18 12 85
496 18 12 80
5954 18 13 50
3266 18 13 82
3796 18 13 78
5988 18 13 57
6299 18 13 3
1655 18 13 17
1984 18 13 20
5287 18 14 18
4425 18 14 45
2964 18 14 49
336 18 14 75
3323 18 14 80
6435 18 14 28
6203 18 14 3
1218 18 15 13
799 18 15 54
2445 18 15 83
573 18 15 2
4177 18 15 28
1084 18 16 83
78 18 16 2
1226 18 16 9
3475 18 16 32
997 18 16 64
3300 18 17 3
2107 18 17 82
3591 18 17 53
5434 18 17 7
6398 18 17 28
5627 18 17 34
4608 18 17 57
1000 18 18 59
3343 18 18 36
85 18 18 10
1505 18 18 56
5762 18 18 84
4151 18 18 87
6026 18 18 31
3033 18 18 2
5766 18 19 3
5702 18 19 85
6228 18 19 9
5068 18 19 59
5523 18 19 88
2318 18 19 63
5684 18 19 32
6118 18 19 27
653 19 0 91
3745 19 0 40
598 19 0 14
5328 19 0 5
5692 19 0 61
3411 19 1 21
4449 19 1 83
1737 19 1 5
1046 19 1 59
5285 19 1 38
2834 19 2 39
4528 19 2 81
5517 19 2 19
3528 19 2 56
3389 19 2 5
1708 19 3 60
5632 19 3 32
344 19 3 5
5647 19 3 19
4436 19 3 76
5364 19 4 75
2262 19 4 5
6139 19 4 18
5750 19 4 59
5131 19 4 34
1355 19 5 5
4539 19 5 84
2573 19 5 56
3648 19 5 31
523 19 6 30
2645 19 6 5
1649 19 6 56
3197 19 6 84
6506 19 7 33
4257 19 7 80
4834 19 7 5
5943 19 7 55
3731 19 8 80
2439 19 8 26
5366 19 8 5
442 19 8 43
6309 19 9 3
3416 19 9 91
2664 19 9 58
4035 19 9 21
4337 19 10 3
1440 19 10 25
5995 19 10 59
4862 19 10 90
3714 19 11 86
5499 19 11 35
482 19 11 57
504 19 11 3
2966 19 12 3
430 19 12 27
6334 19 12 85
5260 19 12 54
3826 19 13 20
3510 19 13 82
774 19 13 3
778 19 13 57
4111 19 14 80
3886 19 14 49
333 19 14 3
868 19 14 28
4268 19 15 28
4555 19 15 87
1269 19 15 2
182 19 15 54
1351 19 15 13
1459 19 16 2
3883 19 16 9
1105 19 16 54
5963 19 16 32
4749 19 16 87
3035 19 17 7
987 19 17 34
450 19 17 57
6161 19 17 87
3795 19 17 2
6303 19 18 59
6409 19 18 87
4102 19 18 9
3724 19 18 36
2160 19 18 2
852 19 19 63
1638 19 19 32
2750 19 19 2
5028 19 19 9
1916 19 19 88
