2476
1786 0 0 65
1588 0 0 92
805 0 0 1
3014 0 0 4
4778 0 0 41
2370 0 1 92
2377 0 1 38
3154 0 1 68
311 0 1 13
69 0 1 1
1698 0 2 71
2150 0 2 1
3575 0 2 10
3075 0 2 92
2755 0 2 29
255 0 3 8
2165 0 3 1
1844 0 3 71
3640 0 3 92
4180 0 3 35
2645 0 4 1
2189 0 4 42
2025 0 4 74
4307 0 4 92
4657 0 4 8
2656 0 5 42
2331 0 5 1
220 0 5 93
619 0 5 10
4862 0 5 77
572 0 6 31
4090 0 6 2
5470 0 6 95
1722 0 6 59
113 0 7 37
5184 0 7 96
1199 0 7 2
1442 0 7 65
932 0 8 2
1377 0 8 97
4351 0 8 36
2996 0 8 74
3674 0 9 2
4516 0 9 38
4638 0 9 44
1098 0 10 35
2617 0 10 2
3610 0 10 68
4399 0 11 75
3729 0 11 2
2237 0 11 80
825 0 12 8
249 0 12 81
524 0 12 1
654 0 12 25
5047 0 12 71
1287 0 13 72
541 0 13 2
341 0 13 29
5241 0 13 15
1950 0 13 89
4929 0 14 70
308 0 14 2
1243 0 14 89
2408 0 14 15
5 0 14 34
1195 0 15 89
4258 0 15 30
3152 0 15 15
822 0 15 70
83 0 15 2
426 0 16 12
4111 0 16 2
262 0 16 89
1082 0 16 69
4467 0 16 37
5327 0 17 12
1604 0 17 44
3687 0 17 2
4114 0 17 71
4509 0 17 88
3828 0 18 71
1006 0 18 44
1268 0 18 2
3914 0 18 12
4089 0 18 88
3272 0 19 88
166 0 19 2
2757 0 19 12
3052 0 19 42
2569 0 19 71
1632 1 0 4
5109 1 0 30
395 1 0 1
899 1 0 41
1802 1 0 90
635 1 0 65
3172 1 1 13
1485 1 1 83
2140 1 1 1
3880 1 1 38
1929 1 1 10
4275 1 1 34
1511 1 1 68
1026 1 1 64
2797 1 2 46
1970 1 2 1
1578 1 2 92
5451 1 2 29
23 1 2 10
1298 1 3 71
2407 1 3 1
4908 1 3 35
5137 1 3 62
5083 1 3 32
5092 1 3 9
2974 1 3 89
1942 1 4 8
4807 1 4 65
4865 1 4 74
3436 1 4 84
1755 1 4 1
3348 1 4 27
4450 1 5 34
3937 1 5 10
1458 1 5 42
529 1 5 1
4619 1 5 77
4710 1 5 93
2364 1 5 73
3081 1 6 55
411 1 6 31
1147 1 6 2
583 1 6 59
3941 1 6 88
4270 1 6 95
3107 1 7 65
1445 1 7 2
4971 1 7 60
4193 1 7 37
3001 1 7 32
2688 1 7 96
2049 1 7 85
4397 1 8 36
4220 1 8 28
1327 1 8 2
1302 1 8 64
2205 1 8 91
4453 1 8 74
1712 1 9 27
1663 1 9 2
1667 1 9 96
159 1 9 44
3857 1 9 73
2714 1 9 38
5407 1 10 56
5231 1 10 2
5016 1 10 25
126 1 10 68
5379 1 10 35
4554 1 10 94
5157 1 11 62
1330 1 11 23
102 1 11 75
2216 1 11 80
1509 1 11 96
3552 1 11 2
5482 1 12 81
5166 1 12 8
4549 1 12 21
5077 1 12 65
4346 1 12 2
4232 1 12 71
1549 1 12 25
4578 1 13 89
132 1 13 2
2711 1 13 15
4380 1 13 86
2240 1 13 61
5164 1 13 29
5116 1 13 72
3806 1 13 11
5309 1 14 2
5257 1 14 9
996 1 14 34
5301 1 14 66
5424 1 14 70
1732 1 14 86
2676 1 15 2
3040 1 15 13
3476 1 15 61
5081 1 15 30
2925 1 15 87
1915 1 16 2
2799 1 16 69
5029 1 16 57
4704 1 16 87
118 1 16 34
5045 1 16 7
2050 1 16 37
80 1 16 12
2006 1 17 2
3527 1 17 71
1167 1 17 14
3881 1 17 67
4653 1 17 86
5575 1 17 44
5520 1 17 40
1117 1 18 2
4946 1 18 11
4814 1 18 69
2557 1 18 88
2539 1 18 37
323 1 19 14
5480 1 19 87
2062 1 19 2
4433 1 19 42
5185 1 19 39
4941 1 19 66
5577 2 0 2
4900 2 0 30
3809 2 0 59
2624 2 0 65
1657 2 0 88
5476 2 0 90
4534 2 0 4
1716 2 0 38
1413 2 0 28
1188 2 0 41
979 2 1 64
4023 2 1 68
2976 2 1 1
4860 2 1 79
2328 2 1 38
1685 2 1 10
1235 2 1 84
2262 2 1 34
1150 2 1 13
2493 2 1 32
4757 2 1 6
613 2 2 1
5054 2 2 84
1227 2 2 92
5417 2 2 46
4132 2 2 7
1521 2 2 29
1175 2 3 89
2272 2 3 1
4144 2 3 35
2245 2 3 71
5074 2 3 87
4224 2 3 57
1206 2 3 62
4405 2 3 32
3080 2 3 9
3030 2 4 27
1594 2 4 84
3311 2 4 8
3860 2 4 74
900 2 4 22
2412 2 4 61
1127 2 4 1
4389 2 4 65
1585 2 5 73
1144 2 5 1
1224 2 5 10
3614 2 5 34
5271 2 5 67
3389 2 5 8
3955 2 5 30
4221 2 5 42
3965 2 5 77
4678 2 5 93
2113 2 5 75
4161 2 6 95
3292 2 6 19
3622 2 6 31
4559 2 6 59
3093 2 6 55
4919 2 6 82
610 2 6 2
403 2 6 52
3724 2 6 88
2816 2 7 33
3736 2 7 65
1533 2 7 2
2209 2 7 83
2847 2 7 60
3329 2 7 19
1828 2 7 85
2807 2 7 37
4325 2 8 19
2854 2 8 74
3296 2 8 28
4651 2 8 36
1691 2 8 91
5468 2 8 88
3848 2 8 2
157 2 8 61
302 2 8 64
147 2 9 44
715 2 9 27
2202 2 9 69
4897 2 9 2
3923 2 9 92
1890 2 9 38
3489 2 9 73
3262 2 9 19
4135 2 10 94
204 2 10 35
4281 2 10 22
2045 2 10 56
598 2 10 2
3569 2 10 68
4675 2 10 88
2877 2 10 25
3973 2 11 76
1856 2 11 80
4205 2 11 20
3877 2 11 2
4871 2 11 23
3433 2 11 62
5391 2 11 55
4110 2 12 2
5027 2 12 81
2699 2 12 8
3572 2 12 21
4050 2 12 71
2385 2 12 55
4721 2 12 65
3169 2 12 25
2529 2 13 15
1415 2 13 61
3673 2 13 11
1525 2 13 2
3815 2 13 86
4568 2 13 89
1539 2 13 7
2497 2 13 29
4420 2 13 72
4155 2 14 63
3949 2 14 66
3986 2 14 70
2303 2 14 79
5223 2 14 2
1606 2 14 9
5128 2 14 34
4732 2 15 2
5314 2 15 9
4752 2 15 57
2214 2 15 30
1982 2 15 61
2594 2 15 13
3202 2 15 82
4500 2 16 57
2900 2 16 29
1557 2 16 69
5516 2 16 3
4576 2 16 12
3855 2 16 7
767 2 16 37
5275 2 16 87
5251 2 17 35
1085 2 17 86
2235 2 17 14
2612 2 17 40
3821 2 17 67
3850 2 17 9
3686 2 17 71
2302 2 17 44
3599 2 17 83
3216 2 17 2
1034 2 18 33
4805 2 18 69
1848 2 18 11
5211 2 18 3
2942 2 18 88
4868 2 18 85
3022 2 18 55
1983 2 18 37
3181 2 19 2
4580 2 19 14
3027 2 19 66
5390 2 19 34
3589 2 19 9
1359 2 19 42
3890 2 19 87
3018 3 0 26
4249 3 0 57
4570 3 0 37
1881 3 0 65
4979 3 0 4
5413 3 0 30
3276 3 0 59
1493 3 0 41
4885 3 0 90
5297 3 1 13
3203 3 1 28
3985 3 1 68
2555 3 1 6
1611 3 1 60
1664 3 1 10
2227 3 1 1
3463 3 1 79
976 3 1 34
4484 3 1 38
3888 3 1 65
4599 3 1 83
1452 3 2 7
5436 3 2 78
692 3 2 46
4936 3 2 84
86 3 2 26
5582 3 2 2
714 3 2 29
1163 3 2 92
523 3 3 35
4620 3 3 55
3866 3 3 89
2492 3 3 57
1653 3 3 1
5449 3 3 9
1466 3 3 28
1559 3 3 71
631 3 3 62
3518 3 4 74
1490 3 4 65
4841 3 4 61
101 3 4 22
4091 3 4 84
1115 3 4 1
4999 3 4 59
1277 3 4 8
1470 3 4 27
1316 3 5 30
4127 3 5 93
3308 3 5 34
1613 3 5 6
3865 3 5 42
2759 3 5 25
1247 3 5 77
4701 3 5 10
5230 3 5 67
1870 3 5 75
1326 3 5 1
5485 3 6 2
2602 3 6 31
423 3 6 80
3701 3 6 88
5069 3 6 59
2067 3 6 17
338 3 6 55
5414 3 6 48
3972 3 6 82
5338 3 6 95
4285 3 7 2
5224 3 7 16
2615 3 7 37
145 3 7 60
3050 3 7 65
2788 3 7 33
1583 3 7 85
4432 3 8 91
4041 3 8 28
3621 3 8 2
1873 3 8 74
109 3 8 17
2186 3 8 88
5562 3 8 34
5088 3 8 62
3044 3 8 59
283 3 8 64
1228 3 8 36
2800 3 9 27
1402 3 9 38
592 3 9 19
3176 3 9 92
5149 3 9 65
754 3 9 2
5398 3 9 17
2621 3 9 73
4856 3 9 44
1703 3 9 69
4377 3 9 35
3913 3 9 89
3186 3 10 35
24 3 10 65
1894 3 10 68
1846 3 10 25
815 3 10 23
3571 3 10 88
5292 3 10 16
4560 3 10 52
2927 3 10 2
2489 3 10 94
5266 3 10 56
3676 3 11 2
274 3 11 20
275 3 11 76
362 3 11 23
3490 3 11 49
1397 3 11 80
2568 3 11 15
931 3 11 62
1731 3 12 8
4577 3 12 50
3139 3 12 2
381 3 12 21
3341 3 12 65
2046 3 12 55
5504 3 12 25
1995 3 12 71
2182 3 12 81
1938 3 12 94
663 3 12 5
4395 3 13 61
3612 3 13 3
1570 3 13 72
1565 3 13 86
2785 3 13 29
3992 3 13 89
3327 3 13 69
2380 3 13 11
1208 3 13 15
3267 3 13 57
1333 3 14 2
4544 3 14 9
3510 3 14 34
487 3 14 79
2983 3 14 66
5412 3 14 59
4303 3 14 27
3725 3 14 70
1353 3 15 13
2616 3 15 82
3933 3 15 9
4006 3 15 53
1484 3 15 2
5420 3 15 61
4036 3 15 57
5215 3 15 78
4910 3 15 30
2218 3 16 87
5014 3 16 37
1200 3 16 83
2535 3 16 29
5402 3 16 69
3077 3 16 52
4887 3 16 3
1766 3 16 7
2484 3 16 12
4596 3 17 14
270 3 17 86
1367 3 17 40
2452 3 17 83
2266 3 17 44
3283 3 17 67
4716 3 17 63
5458 3 17 33
2644 3 17 71
245 3 17 9
1609 3 17 2
4819 3 18 55
749 3 18 88
1410 3 18 3
801 3 18 33
5143 3 18 29
4758 3 18 11
1429 3 18 69
2274 3 18 85
1791 3 18 37
2366 3 18 64
1461 3 19 9
2888 3 19 2
3385 3 19 14
349 3 19 42
3498 3 19 87
3290 3 19 35
3675 3 19 83
1823 3 19 66
3032 4 0 21
8 4 0 41
5272 4 0 65
2136 4 0 37
2643 4 0 59
2372 4 0 90
4212 4 0 81
3270 4 0 4
3414 4 0 30
2655 4 1 83
4663 4 1 13
4434 4 1 34
1010 4 1 11
966 4 1 60
5140 4 1 54
4383 4 1 79
819 4 1 64
3462 4 1 2
5576 4 1 38
322 4 1 6
2101 4 1 68
4133 4 1 27
4586 4 2 43
4425 4 2 78
4978 4 2 72
4400 4 2 7
5190 4 2 46
4322 4 2 29
5248 4 2 23
921 4 2 92
4426 4 2 84
5161 4 2 2
1100 4 3 50
4376 4 3 35
4951 4 3 71
5580 4 3 2
2571 4 3 62
3783 4 3 84
2885 4 3 89
926 4 3 24
5403 4 3 28
4921 4 3 67
2522 4 3 58
71 4 3 9
2135 4 4 27
1889 4 4 93
1546 4 4 54
5598 4 4 3
4992 4 4 84
4034 4 4 8
5270 4 4 17
4886 4 4 65
3127 4 4 23
480 4 5 77
1998 4 5 93
4691 4 5 10
2751 4 5 34
26 4 5 6
1536 4 5 31
1264 4 5 25
4136 4 5 2
3726 4 5 42
5020 4 5 67
2754 4 6 48
3776 4 6 82
4839 4 6 44
4783 4 6 27
3999 4 6 95
5434 4 6 2
5361 4 6 13
3187 4 6 88
4190 4 6 31
5423 4 6 59
4142 4 6 17
3178 4 6 74
5360 4 7 65
1241 4 7 60
4639 4 7 2
2458 4 7 57
4756 4 7 85
4283 4 7 29
2283 4 7 12
5101 4 7 16
3546 4 7 37
4538 4 7 78
2727 4 7 33
1202 4 7 92
4912 4 8 54
2587 4 8 24
2333 4 8 72
5136 4 8 17
5410 4 8 36
1515 4 8 86
1389 4 8 34
1420 4 8 88
4662 4 8 14
2109 4 8 91
2431 4 8 28
3026 4 8 74
4779 4 8 64
3585 4 8 2
4927 4 9 65
2813 4 9 14
4867 4 9 85
2465 4 9 27
3551 4 9 39
3039 4 9 70
4772 4 9 73
1512 4 9 35
2212 4 9 92
3851 4 9 19
3707 4 9 2
3110 4 9 44
3743 4 9 89
5132 4 9 23
5526 4 10 68
5331 4 10 56
2015 4 10 25
1360 4 10 2
4962 4 10 16
5277 4 10 44
3626 4 10 52
5333 4 10 63
3286 4 10 86
1879 4 10 88
5042 4 10 94
3338 4 11 49
443 4 11 59
1545 4 11 76
873 4 11 62
2391 4 11 15
3397 4 11 46
2178 4 11 2
2345 4 11 20
689 4 11 80
5156 4 12 57
1542 4 12 81
2806 4 12 25
5307 4 12 94
1107 4 12 8
2296 4 12 21
4719 4 12 5
2399 4 12 55
4492 4 12 47
2949 4 12 65
539 4 12 2
1643 4 12 71
4421 4 12 50
1853 4 13 95
3321 4 13 15
3322 4 13 69
3165 4 13 89
2223 4 13 53
3079 4 13 57
39 4 13 86
3240 4 13 3
2692 4 13 25
4386 4 13 61
235 4 13 11
3068 4 13 29
731 4 13 72
2280 4 14 34
3720 4 14 70
4730 4 14 67
4522 4 14 59
2265 4 14 27
659 4 14 2
3442 4 14 51
2473 4 14 9
3520 4 14 79
4548 4 14 93
469 4 15 2
2943 4 15 57
4338 4 15 13
2347 4 15 82
4309 4 15 61
3560 4 15 9
3335 4 15 78
5280 4 15 30
5305 4 15 48
4314 4 15 27
4996 4 16 37
5427 4 16 12
350 4 16 29
651 4 16 87
4159 4 16 52
4984 4 16 24
2944 4 16 65
1946 4 16 3
3459 4 16 69
1145 4 16 83
3188 4 17 9
3156 4 17 67
2619 4 17 3
4815 4 17 44
2991 4 17 59
5574 4 17 32
4419 4 17 63
5202 4 17 71
5531 4 17 80
4460 4 17 14
727 4 17 40
5256 4 17 86
371 4 18 88
3170 4 18 51
4660 4 18 37
784 4 18 33
3693 4 18 29
3247 4 18 11
2883 4 18 3
304 4 18 64
5206 4 18 6
4680 4 18 55
1364 4 18 69
5540 4 19 66
994 4 19 42
2945 4 19 78
148 4 19 87
5409 4 19 14
461 4 19 35
950 4 19 3
3549 4 19 60
1057 4 19 27
2048 5 0 59
2089 5 0 37
4896 5 0 41
2360 5 0 90
2017 5 0 21
2952 5 0 30
5521 5 0 53
2703 5 0 4
3681 5 0 65
2455 5 0 81
2960 5 1 41
2255 5 1 90
4943 5 1 13
1863 5 1 68
3730 5 1 79
240 5 1 60
1700 5 1 21
3352 5 1 34
5585 5 1 83
4626 5 1 19
2114 5 2 34
3312 5 2 83
774 5 2 93
1266 5 2 21
3146 5 2 23
5269 5 2 68
647 5 2 43
4412 5 2 13
3704 5 2 46
2811 5 2 41
4069 5 2 72
3977 5 2 75
3690 5 3 75
5060 5 3 93
3339 5 3 13
1103 5 3 72
4753 5 3 68
4256 5 3 83
1070 5 3 21
4003 5 3 46
1291 5 4 68
3402 5 4 46
5178 5 4 17
2671 5 4 84
4556 5 4 93
5123 5 4 13
3053 5 5 46
3372 5 5 13
5144 5 5 92
2718 5 6 95
807 5 6 48
4381 5 6 92
3901 5 7 78
4518 5 7 57
2021 5 7 33
1058 5 7 92
4316 5 7 85
3401 5 7 37
2551 5 7 65
356 5 7 12
4666 5 7 16
4553 5 7 2
3434 5 8 89
942 5 8 31
771 5 8 86
1213 5 8 74
4158 5 8 2
1679 5 8 36
4172 5 8 64
500 5 8 91
2350 5 8 54
4834 5 8 28
5597 5 8 12
5026 5 8 17
4118 5 9 73
1826 5 9 85
758 5 9 27
4062 5 9 20
3214 5 9 2
918 5 9 89
2766 5 9 14
1059 5 9 70
4892 5 9 39
640 5 9 92
4375 5 9 65
4330 5 10 56
4134 5 10 11
3514 5 10 16
4119 5 10 44
3655 5 10 2
2088 5 10 68
1013 5 10 88
1110 5 10 25
2701 5 10 52
1489 5 10 82
3630 5 10 94
4873 5 10 63
98 5 11 62
1720 5 11 47
5089 5 11 20
3415 5 11 91
2236 5 11 15
5494 5 11 41
3273 5 11 49
4404 5 11 80
1659 5 11 2
60 5 11 59
802 5 12 25
1016 5 12 8
836 5 12 50
435 5 12 44
5046 5 12 71
2211 5 12 65
2678 5 12 47
3199 5 12 94
5200 5 12 77
4246 5 12 57
1417 5 12 81
3747 5 13 12
3261 5 13 61
18 5 13 69
3395 5 13 81
4987 5 13 72
713 5 13 57
1690 5 13 15
405 5 13 29
536 5 13 3
2795 5 13 89
3501 5 14 70
810 5 14 79
3234 5 14 10
5120 5 14 25
3757 5 14 2
258 5 14 34
2138 5 14 93
1272 5 14 51
559 5 15 30
2722 5 15 48
279 5 15 27
1562 5 15 57
3265 5 15 13
3084 5 15 61
1900 5 15 78
2532 5 15 3
1478 5 15 82
3959 5 16 24
2565 5 16 69
3619 5 16 37
951 5 16 3
4818 5 16 87
4120 5 16 52
1301 5 16 65
5535 5 16 47
2965 5 16 93
3702 5 16 12
123 5 17 44
2852 5 17 3
3583 5 17 32
3163 5 17 27
2805 5 17 80
4123 5 17 71
4168 5 17 63
4265 5 17 14
174 5 17 40
3369 5 18 93
442 5 18 33
1370 5 18 51
4183 5 18 6
296 5 18 64
4396 5 18 55
3505 5 18 82
4497 5 18 30
4684 5 18 24
2309 5 18 88
4103 5 18 37
5073 5 18 69
2403 5 19 56
4972 5 19 14
1045 5 19 60
375 5 19 3
2604 5 19 78
5579 5 19 83
4903 5 19 27
4164 5 19 66
2832 5 19 42
392 6 0 1
2432 6 0 43
3242 6 0 94
5569 6 0 86
4004 6 0 5
5055 6 1 50
5009 6 1 13
4187 6 1 1
5234 6 1 79
5491 6 1 93
5022 6 2 93
3305 6 2 1
1601 6 2 10
4760 6 2 39
4864 6 2 79
1320 6 3 6
4146 6 3 1
5106 6 3 78
967 6 3 50
4068 6 3 93
3482 6 4 1
3456 6 4 8
3380 6 4 31
667 6 4 93
2726 6 4 78
1839 6 5 45
2968 6 5 78
4893 6 5 8
3499 6 5 1
3705 6 5 93
2973 6 7 29
5551 6 8 29
1943 6 9 25
1626 6 9 11
1017 6 9 71
2776 6 10 71
4257 6 10 83
5347 6 10 11
4093 6 10 36
4535 6 10 25
3554 6 10 8
2104 6 11 17
244 6 11 65
2961 6 11 81
3744 6 11 51
1399 6 11 25
2864 6 11 71
2376 6 11 8
1426 6 12 77
4533 6 12 81
3761 6 12 51
3607 6 12 90
4469 6 12 71
4975 6 12 41
3460 6 12 8
2167 6 12 94
4296 6 12 25
1104 6 12 44
410 6 12 65
3889 6 12 57
5001 6 12 17
2691 6 13 89
5586 6 13 57
3799 6 13 72
2215 6 13 24
3778 6 13 67
5508 6 13 15
481 6 13 3
372 6 13 12
5254 6 13 29
5007 6 13 49
139 6 13 81
661 6 14 51
808 6 14 93
2986 6 14 70
1745 6 14 88
3802 6 14 79
5495 6 14 10
1701 6 14 2
1973 6 14 20
3615 6 14 47
3803 6 14 25
4801 6 14 34
501 6 15 27
5388 6 15 74
2168 6 15 13
528 6 15 57
1996 6 15 48
232 6 15 78
4293 6 15 82
4759 6 15 92
1749 6 15 3
4102 6 16 52
2958 6 16 93
1651 6 16 65
2626 6 16 47
3712 6 16 87
3407 6 16 43
3213 6 16 12
3737 6 16 4
5462 6 16 37
2512 6 16 78
5208 6 17 44
664 6 17 3
5564 6 17 53
2103 6 17 80
3688 6 17 14
5522 6 17 27
195 6 17 63
3969 6 17 71
4408 6 17 36
4331 6 17 40
4339 6 18 30
3765 6 18 55
837 6 18 6
2926 6 18 93
1250 6 18 51
1273 6 18 64
1644 6 18 88
5487 6 19 4
1832 6 19 56
2390 6 19 27
2515 6 19 14
2550 6 19 42
5119 6 19 83
2425 6 19 78
3129 6 19 66
1028 6 19 60
1737 7 0 94
2315 7 0 43
3548 7 0 37
30 7 0 5
5188 7 0 86
4883 7 0 62
4507 7 1 74
440 7 1 79
1566 7 1 50
3086 7 1 8
5538 7 1 3
4341 7 1 13
1768 7 1 94
3665 7 1 36
4268 7 2 64
2450 7 2 81
4043 7 2 4
5450 7 2 10
5590 7 2 33
5483 7 2 39
4804 7 3 6
5195 7 3 36
1000 7 3 72
309 7 3 84
5505 7 3 50
4981 7 4 16
5383 7 4 69
406 7 4 35
2540 7 4 84
618 7 4 3
3125 7 5 3
1694 7 5 16
1109 7 5 29
1328 7 5 71
3661 7 5 84
4298 7 7 3
2967 7 7 16
4659 7 7 69
4149 7 7 46
1406 7 7 86
4686 7 8 43
1065 7 8 76
4542 7 8 3
3306 7 8 86
409 7 8 16
3632 7 9 43
2932 7 9 16
4750 7 9 3
4263 7 9 68
2608 7 10 3
2534 7 10 71
3236 7 10 37
3337 7 10 19
4440 7 11 75
5392 7 11 3
628 7 11 57
5317 7 11 16
729 7 12 47
3287 7 12 31
3067 7 12 81
5503 7 12 3
1571 7 13 67
451 7 13 29
3740 7 13 81
3120 7 13 72
5310 7 13 15
718 7 13 49
5145 7 13 57
1793 7 13 89
666 7 14 93
1143 7 15 93
2151 7 16 93
2254 7 17 93
339 7 18 56
2297 7 18 93
5554 7 18 51
2611 7 19 27
475 7 19 56
2750 7 19 83
3302 7 19 4
280 7 19 14
1122 7 19 42
657 7 19 78
1472 7 19 69
5076 7 19 92
5296 7 19 74
4175 8 0 5
5197 8 0 43
1801 8 0 58
3386 8 0 37
3251 8 0 31
4712 8 0 86
3859 8 0 62
623 8 0 94
2822 8 0 79
2763 8 0 28
1662 8 1 79
3841 8 1 65
1446 8 1 32
5058 8 1 38
2026 8 1 13
2827 8 1 50
4443 8 1 74
2057 8 1 86
1959 8 1 8
1599 8 1 58
4740 8 1 43
5443 8 2 66
1527 8 2 86
792 8 2 50
5318 8 2 33
3944 8 2 43
3831 8 2 39
1220 8 2 58
991 8 2 13
4345 8 2 74
3082 8 2 81
3517 8 3 74
1829 8 3 33
305 8 3 67
925 8 3 86
437 8 3 13
3844 8 3 43
728 8 3 50
3223 8 3 39
1193 8 3 58
4920 8 4 75
4723 8 4 13
723 8 4 58
4038 8 4 23
685 8 4 50
3429 8 4 43
2956 8 4 39
4906 8 4 86
1209 8 4 90
3360 8 5 51
2882 8 5 75
3567 8 5 86
3578 8 5 23
2319 8 5 43
4536 8 5 13
1649 8 5 39
2482 8 7 64
1553 8 7 3
5365 8 7 90
4720 8 7 8
2601 8 7 26
1024 8 8 3
4589 8 8 8
2317 8 8 26
5173 8 8 76
2629 8 8 48
4391 8 9 68
326 8 9 3
421 8 9 8
5340 8 9 43
856 8 9 28
4645 8 9 61
5544 8 9 91
3158 8 10 91
1765 8 10 19
4448 8 10 51
4726 8 10 71
864 8 10 37
3002 8 10 4
612 8 11 57
2036 8 11 16
5287 8 11 75
2572 8 11 42
4517 8 11 4
1704 8 12 75
2702 8 12 31
4482 8 12 4
4557 8 12 24
4571 8 12 47
4128 8 13 20
3718 8 13 45
960 8 13 4
3947 8 15 73
1541 8 15 3
533 8 15 12
4609 8 15 76
5232 8 15 40
4112 8 15 50
3830 8 15 54
3376 8 15 81
2301 8 15 85
653 8 15 92
4970 8 15 17
4863 8 16 77
5563 8 16 89
2314 8 16 49
752 8 16 3
1346 8 16 53
4092 8 16 18
3968 8 16 43
1303 8 16 10
1140 8 16 63
4145 8 16 40
5084 8 17 56
1994 8 17 74
267 8 17 20
848 8 17 14
4872 8 17 41
1523 8 17 52
2175 8 17 24
1295 8 17 3
3654 8 17 61
1773 8 17 85
4393 8 17 91
3455 8 17 80
1482 8 18 21
2270 8 18 71
4230 8 18 49
4861 8 18 66
3448 8 18 91
13 8 18 3
4113 8 18 76
5172 8 19 92
3325 8 19 47
2869 8 19 83
1947 8 19 69
1341 8 19 3
2123 8 19 18
2666 8 19 74
2920 8 19 32
1164 9 0 3
2704 9 0 31
1487 9 0 15
4963 9 0 57
1131 9 0 94
3109 9 1 73
3749 9 1 32
2770 9 1 15
2742 9 1 3
4876 9 1 65
1816 9 2 78
1424 9 2 40
4124 9 2 3
744 9 2 66
288 9 2 15
5124 9 3 3
1727 9 3 15
3912 9 3 40
2362 9 3 78
4445 9 3 67
3539 9 4 40
5165 9 4 3
5102 9 4 74
3493 9 4 15
5104 9 4 78
4365 9 5 40
5359 9 5 15
3179 9 5 86
3579 9 6 73
4011 9 6 36
3967 9 6 78
4840 9 6 89
4935 9 6 27
4782 9 6 4
5028 9 6 56
5175 9 7 63
3191 9 7 4
466 9 7 17
4618 9 7 49
352 9 8 4
4581 9 8 92
1855 9 8 48
2054 9 8 76
1381 9 8 20
2480 9 9 61
906 9 9 4
705 9 9 28
222 9 9 68
722 9 9 91
3774 9 9 20
136 9 9 43
303 9 10 13
4930 9 10 37
3480 9 10 71
3800 9 10 4
512 9 10 19
3101 9 10 91
5448 9 10 46
3531 9 10 51
167 9 11 42
1939 9 11 38
4343 9 11 57
4953 9 11 92
3432 9 11 4
4567 9 11 16
2243 9 11 70
3200 9 11 75
869 9 12 31
4496 9 12 66
4366 9 12 47
5038 9 12 18
3714 9 12 24
5130 9 12 4
1903 9 13 54
2904 9 13 87
5199 9 13 4
1787 9 13 29
3819 9 15 81
1669 9 15 12
4622 9 15 76
4156 9 15 54
3405 9 15 85
2112 9 15 92
764 9 15 17
5293 9 15 50
1752 9 15 3
4424 9 16 91
5299 9 16 77
556 9 16 89
2523 9 16 63
2547 9 16 49
2038 9 16 18
5276 9 16 43
1830 9 16 10
415 9 16 74
1240 9 16 3
1705 9 16 53
3974 9 17 80
1009 9 17 20
2507 9 17 52
5061 9 17 91
4264 9 17 45
2863 9 17 3
3294 9 17 41
3989 9 17 85
2147 9 17 61
3003 9 17 14
2389 9 17 24
4299 9 18 92
1062 9 18 17
4216 9 18 12
3951 9 18 76
4637 9 18 45
5008 9 18 49
1754 9 18 3
4543 9 18 71
1901 9 18 21
2841 9 19 74
5384 9 19 83
3466 9 19 47
4304 9 19 92
2833 9 19 18
1618 9 19 3
2955 9 19 69
1146 9 19 65
4116 9 19 32
5578 10 0 50
5329 10 0 26
4890 10 0 14
2542 10 0 58
34 10 0 66
3680 10 0 31
360 10 0 82
1120 10 0 4
4513 10 1 8
1684 10 1 18
1997 10 1 46
4358 10 1 14
4997 10 1 4
4654 10 1 26
2669 10 1 59
5080 10 1 50
3497 10 1 82
4327 10 1 77
4506 10 1 70
3167 10 1 90
3299 10 1 31
4191 10 2 18
4055 10 2 42
1394 10 2 59
3481 10 2 26
3314 10 2 8
1831 10 2 15
4139 10 2 72
2567 10 2 77
3363 10 2 82
3099 10 2 90
3388 10 2 4
4067 10 2 50
1747 10 2 46
3727 10 2 31
429 10 3 90
4008 10 3 26
3450 10 3 31
3938 10 3 72
5059 10 3 16
2897 10 3 4
3739 10 3 42
567 10 3 8
1153 10 3 46
3796 10 3 18
1226 10 3 59
3562 10 3 50
2308 10 3 77
3193 10 3 82
3253 10 4 42
2895 10 4 18
681 10 4 47
2251 10 4 50
3715 10 4 26
3347 10 4 72
4612 10 4 33
425 10 4 59
2733 10 4 4
4430 10 4 90
3162 10 4 82
1648 10 5 86
1513 10 5 18
2779 10 5 42
2590 10 5 51
4810 10 10 52
5533 10 11 42
4852 10 11 75
4152 10 11 57
2948 10 11 4
3962 10 11 33
4371 10 11 70
4604 10 11 92
590 10 11 16
3978 10 11 11
4944 10 11 87
3484 10 11 52
3121 10 12 4
4661 10 12 13
2576 10 12 47
4530 10 12 89
842 10 12 18
5400 10 12 66
1169 10 12 24
2901 10 12 43
5498 10 12 31
4882 10 12 84
5221 10 13 80
4215 10 13 29
2560 10 13 4
3211 10 13 11
4267 10 13 89
2902 10 13 52
4253 10 15 81
1989 10 15 85
3910 10 15 54
887 10 15 17
4373 10 15 3
5174 10 15 12
3399 10 16 53
3609 10 16 3
1956 10 16 10
5117 10 16 91
5163 10 16 63
2552 10 16 77
5306 10 16 18
4354 10 16 49
3210 10 16 74
5321 10 17 85
3230 10 17 24
4745 10 17 45
3421 10 17 52
3763 10 17 20
1781 10 17 90
2964 10 17 61
432 10 17 3
4664 10 18 12
1807 10 18 17
398 10 18 21
2485 10 18 76
340 10 18 49
4310 10 18 3
4648 10 19 83
4188 10 19 32
4925 10 19 69
3468 10 19 74
2647 10 19 3
2524 10 19 47
4537 10 19 18
1987 11 0 4
963 11 0 31
2717 11 0 14
3417 11 0 58
383 11 0 66
149 11 1 70
1403 11 1 4
5406 11 1 18
4024 11 1 59
1875 11 1 15
3060 11 2 59
759 11 2 24
4828 11 2 72
5228 11 2 15
2001 11 2 4
1382 11 3 14
483 11 3 30
1088 11 3 59
4300 11 3 4
521 11 3 78
133 11 4 33
4644 11 4 10
2107 11 4 59
3447 11 4 4
5127 11 4 78
557 11 5 30
1744 11 5 80
2982 11 5 55
4495 11 5 4
3496 11 5 14
234 11 6 81
3 11 6 11
1932 11 6 55
4551 11 6 36
3657 11 6 4
2748 11 7 4
775 11 7 82
763 11 7 53
40 11 7 15
1968 11 7 36
3708 11 8 82
5153 11 8 4
5139 11 8 15
1168 11 8 26
4705 11 8 54
1249 11 9 84
2747 11 9 4
1089 11 9 12
928 11 9 33
2099 11 9 56
3142 11 15 85
2563 11 15 3
5595 11 15 17
3694 11 15 53
5288 11 16 53
3173 11 16 18
5370 11 16 63
511 11 16 77
4826 11 16 3
4633 11 16 74
2530 11 16 10
1488 11 17 3
955 11 17 24
5566 11 17 52
5431 11 17 90
987 11 17 61
1053 11 18 21
2947 11 18 17
4046 11 18 76
3458 11 18 3
605 11 18 49
4579 11 19 32
2573 11 19 3
4846 11 19 47
3161 11 19 74
5003 11 19 69
982 12 0 4
1071 12 0 17
2277 12 0 63
3975 12 0 40
162 12 1 62
3699 12 1 92
2890 12 1 40
3847 12 1 16
2375 12 1 4
4007 12 2 4
1759 12 2 11
1248 12 2 39
5385 12 2 60
2911 12 2 92
4477 12 3 4
2814 12 3 41
4072 12 3 12
357 12 3 92
254 12 3 55
2595 12 4 64
4679 12 4 4
4965 12 4 86
1187 12 4 30
4247 12 4 14
4305 12 5 84
241 12 5 59
4409 12 5 12
1310 12 5 33
2772 12 5 4
4058 12 11 14
4707 12 11 1
1274 12 11 55
3646 12 11 94
4349 12 12 92
4457 12 12 15
1023 12 12 49
4217 12 12 1
3797 12 13 90
4422 12 13 15
2768 12 13 1
510 12 13 52
1383 12 14 9
1025 12 14 86
4077 12 14 1
320 12 14 49
2013 12 15 11
4241 12 15 85
5151 12 15 1
717 12 15 58
1739 12 16 77
1469 12 16 2
2966 12 16 10
1369 12 16 18
2244 12 16 63
527 12 17 2
5591 12 17 61
1363 12 17 76
4502 12 17 10
3316 12 17 24
497 12 18 61
5369 12 18 10
1311 12 18 76
68 12 18 2
1582 12 18 21
5543 12 19 74
387 12 19 76
4655 12 19 3
1608 12 19 47
2680 13 0 17
5368 13 0 10
4126 13 0 33
3137 13 0 57
4032 13 0 40
2840 13 0 4
3753 13 0 89
4875 13 0 63
5571 13 1 56
1576 13 1 16
3801 13 1 11
4950 13 1 41
3182 13 1 62
4000 13 1 89
1797 13 1 4
4769 13 2 54
5601 13 2 31
3764 13 2 39
4385 13 2 60
2510 13 2 4
4955 13 2 83
1861 13 2 11
2201 13 7 35
3742 13 7 1
1711 13 7 8
4529 13 7 80
2348 13 8 37
1192 13 8 8
2867 13 8 81
3970 13 8 1
700 13 9 13
3530 13 9 81
4683 13 9 1
4592 13 9 42
268 13 10 10
4017 13 10 47
4590 13 10 1
4040 13 10 81
4455 13 11 14
3486 13 11 94
4406 13 11 40
3370 13 11 10
2623 13 11 55
4894 13 11 1
3189 13 11 91
5335 13 12 42
3375 13 12 88
639 13 12 15
5033 13 12 1
5237 13 12 10
5500 13 12 49
4335 13 12 92
5421 13 13 52
4711 13 13 1
489 13 13 4
3423 13 13 90
2782 13 13 49
3703 13 13 82
2095 13 14 86
2284 13 14 9
2500 13 14 1
4791 13 14 49
4192 13 14 82
922 13 14 97
2817 13 14 40
4076 13 15 80
5158 13 15 11
2441 13 15 97
1174 13 15 58
4677 13 15 39
4727 13 15 85
2232 13 15 1
1031 13 16 1
2019 13 16 58
5252 13 16 5
2031 13 16 83
3284 13 17 1
5473 13 17 42
5463 13 17 14
4990 13 17 84
188 13 18 30
3894 13 18 1
530 13 18 85
4820 13 18 14
4079 13 19 1
4952 13 19 8
2382 13 19 49
1126 13 19 85
5547 14 0 5
5371 14 0 85
4250 14 0 26
4959 14 0 17
4028 14 0 33
4160 14 0 40
5244 14 0 10
2936 14 0 52
515 14 0 57
1800 14 0 63
1027 14 1 4
1105 14 1 16
2058 14 1 41
4301 14 1 84
3526 14 1 62
4668 14 1 8
4986 14 1 56
3028 14 1 89
2922 14 2 89
4824 14 2 56
441 14 2 27
820 14 2 4
5386 14 2 15
4994 14 2 79
1108 14 4 89
5243 14 4 12
2924 14 4 27
2596 14 4 4
3577 14 4 52
4632 14 4 78
3164 14 5 61
4722 14 5 88
3445 14 5 5
2919 14 5 41
777 14 6 35
5542 14 6 53
479 14 6 88
1258 14 6 5
2041 14 6 81
4334 14 7 29
649 14 7 74
289 14 7 80
4969 14 7 5
4725 14 7 85
5454 14 7 54
1811 14 7 35
4384 14 8 85
3670 14 8 26
4129 14 8 37
2774 14 8 75
2970 14 8 8
1534 14 8 49
5375 14 9 27
1962 14 9 13
2293 14 9 42
4359 14 9 85
5282 14 9 5
5478 14 9 64
4695 14 10 66
3775 14 10 81
643 14 10 5
2369 14 10 47
4565 14 10 34
866 14 11 75
5302 14 11 48
1550 14 11 55
5122 14 11 5
4948 14 11 40
5399 14 11 14
4479 14 11 28
3867 14 12 64
1935 14 12 83
348 14 12 92
3248 14 12 5
4858 14 12 28
2022 14 12 42
376 14 12 10
5213 14 12 15
4940 14 13 46
114 14 13 5
4464 14 13 75
3723 14 13 52
2148 14 13 90
4624 14 13 34
1835 14 14 68
1589 14 14 86
5086 14 14 5
620 14 14 9
1054 14 14 41
3787 14 14 49
2494 14 15 85
4881 14 15 62
2660 14 15 28
5589 14 15 5
5002 14 15 73
488 14 15 80
5071 14 15 11
3762 14 15 39
186 14 16 83
3792 14 16 58
5492 14 16 51
1524 14 16 5
5160 14 16 29
391 14 16 78
1597 14 17 63
2197 14 17 85
1491 14 17 28
4468 14 17 79
76 14 17 5
298 14 17 42
4857 14 18 5
3981 14 18 14
597 14 18 85
2506 14 18 51
3208 14 18 26
1039 14 18 30
5169 14 18 77
4685 14 19 49
4918 14 19 44
2588 14 19 8
1937 14 19 26
5320 14 19 64
4225 15 0 26
3966 15 0 33
2764 15 0 52
4251 15 0 79
402 15 0 85
3896 15 0 89
4086 15 0 17
4333 15 0 10
1119 15 0 5
503 15 0 57
3196 15 0 40
1075 15 0 63
5110 15 1 54
2210 15 1 84
4009 15 1 41
1142 15 1 62
4751 15 1 35
3790 15 1 8
3073 15 1 79
3541 15 1 16
2889 15 2 84
3756 15 2 16
2231 15 2 65
2125 15 2 40
2580 15 2 5
330 15 4 71
29 15 4 18
1790 15 4 47
3631 15 4 84
2354 15 4 5
2121 15 13 91
2511 15 14 33
300 15 14 91
2990 15 15 90
2873 15 15 33
4939 15 16 33
3659 15 16 90
3379 15 17 79
3996 15 17 90
5180 15 17 33
4562 15 17 58
3089 15 18 26
5326 15 18 33
3746 15 18 87
1964 15 18 51
4923 15 18 17
4631 15 18 77
4983 15 18 58
4761 15 18 90
535 15 18 8
5467 15 19 49
3353 15 19 85
1925 15 19 44
4985 15 19 17
3750 15 19 23
5460 15 19 58
5126 15 19 64
5380 15 19 33
3057 15 19 8
1139 15 19 70
3873 15 19 74
16 16 0 58
2640 16 0 10
3616 16 0 26
2198 16 0 89
3751 16 0 17
178 16 0 63
2857 16 0 40
3836 16 0 33
1806 16 0 79
2467 16 0 5
4274 16 1 54
1354 16 1 20
4458 16 1 8
1808 16 1 41
2187 16 1 62
3759 16 1 83
1218 16 1 35
2000 16 2 5
5210 16 2 78
4227 16 2 38
4166 16 2 63
4260 16 2 18
627 16 4 9
2156 16 4 5
67 16 4 58
4866 16 4 78
3684 16 4 39
4471 16 6 67
1876 16 6 49
5418 16 6 89
3252 16 6 93
337 16 6 1
3768 16 6 16
891 16 6 39
2713 16 6 41
4784 16 6 19
4899 16 6 69
3835 16 6 12
3854 16 7 94
4329 16 7 91
2872 16 7 1
699 16 7 7
3245 16 7 73
2633 16 7 77
2055 16 7 30
2746 16 8 93
3155 16 8 1
3952 16 8 59
3534 16 8 32
3513 16 8 97
5446 16 8 23
4348 16 8 29
2498 16 8 62
490 16 8 72
5240 16 8 79
4514 16 8 18
1616 16 9 22
1329 16 9 27
2454 16 9 3
88 16 9 88
5294 16 9 85
5193 16 9 70
5513 16 10 63
3070 16 10 97
4699 16 10 20
5258 16 10 11
5453 16 10 1
3979 16 10 16
2424 16 10 91
3464 16 10 83
3051 16 10 60
1842 16 10 80
5501 16 11 94
1723 16 11 29
4793 16 11 89
1021 16 11 18
1453 16 11 1
5032 16 11 22
5021 16 12 62
333 16 12 41
5216 16 12 14
5429 16 12 92
4770 16 12 1
5037 16 12 33
4480 16 12 68
1319 16 12 96
2574 16 12 77
5437 16 13 21
939 16 13 67
1081 16 13 85
1789 16 13 36
2780 16 13 5
4238 16 13 89
1652 16 13 16
1836 16 13 41
4498 16 13 58
4461 16 14 66
1708 16 14 19
314 16 14 59
5404 16 14 72
1455 16 14 25
2344 16 14 5
3878 16 14 82
2756 16 14 87
1738 16 14 91
4278 16 14 42
3328 16 15 38
5556 16 15 53
4223 16 15 76
1005 16 15 90
3544 16 15 5
3643 16 15 33
1721 16 15 48
614 16 15 22
544 16 15 11
5339 16 16 27
880 16 16 60
1087 16 16 13
3777 16 16 50
180 16 16 87
4608 16 16 5
1486 16 16 45
4108 16 16 80
4794 16 17 10
1718 16 17 88
2994 16 17 44
242 16 17 22
1655 16 17 72
3023 16 17 80
3151 16 17 5
795 16 17 54
4157 16 18 87
2419 16 18 51
3566 16 18 69
3648 16 18 26
3636 16 18 56
3059 16 18 5
5129 16 18 63
5528 16 18 41
2513 16 18 47
4370 16 18 75
1630 16 18 18
5472 16 18 90
2546 16 19 5
87 16 19 39
1156 16 19 18
897 16 19 48
3853 16 19 74
3987 16 19 23
5249 16 19 87
2342 16 19 44
2275 16 19 70
3500 17 6 69
4628 17 6 93
2923 17 6 41
4607 17 6 98
5125 17 6 19
388 17 6 1
4147 17 6 16
110 17 6 49
2957 17 7 1
4615 17 7 73
4788 17 7 94
2652 17 7 32
3452 17 7 77
3102 17 7 7
1029 17 7 71
5005 17 8 79
3271 17 8 1
328 17 8 32
1306 17 8 23
4692 17 8 97
1018 17 8 72
5133 17 8 18
5066 17 8 62
5146 17 9 3
1422 17 9 88
937 17 9 84
5219 17 9 27
3105 17 10 1
2200 17 10 20
5264 17 10 16
170 17 10 63
4074 17 10 83
1135 17 10 91
4776 17 11 94
3627 17 11 18
1462 17 11 22
4847 17 11 1
1141 17 11 66
1468 17 12 1
179 17 12 66
5377 17 12 33
4437 17 12 96
1111 17 12 41
4988 17 12 68
208 17 12 77
4932 17 13 89
1123 17 13 85
2870 17 13 16
5549 17 13 58
4100 17 13 5
3564 17 13 41
2318 17 13 21
3948 17 13 67
1792 17 14 72
1692 17 14 46
2837 17 14 25
3066 17 14 87
5298 17 14 19
2282 17 14 91
3629 17 14 5
5209 17 14 66
5019 17 15 5
2607 17 15 11
3641 17 15 38
2679 17 15 47
1750 17 15 22
5599 17 15 53
2281 17 15 76
1197 17 16 86
3818 17 16 50
4649 17 16 5
1471 17 16 21
4715 17 16 13
4332 17 16 80
3357 17 16 45
5510 17 16 27
2170 17 16 60
5572 17 17 44
1077 17 17 54
4844 17 17 72
2771 17 17 88
579 17 17 5
4491 17 17 80
3232 17 17 22
3192 17 18 75
2190 17 18 56
414 17 18 26
3917 17 18 69
1748 17 18 47
3005 17 18 5
952 17 18 21
1348 17 18 90
1680 17 19 18
3927 17 19 74
290 17 19 87
3062 17 19 5
2798 17 19 70
96 17 19 23
5183 17 19 48
2651 17 19 44
1351 18 0 45
3722 18 0 82
2741 18 0 15
2094 18 0 5
3689 18 0 67
1640 18 0 28
2367 18 1 29
773 18 1 82
3779 18 1 5
732 18 1 47
5131 18 1 71
4717 18 1 14
2778 18 1 23
5113 18 2 50
4020 18 2 75
4706 18 2 83
3013 18 2 5
5378 18 2 14
5015 18 2 56
5315 18 2 30
570 18 2 25
5465 18 2 67
4177 18 3 78
2946 18 3 5
5334 18 3 44
4546 18 3 51
5518 18 3 29
1975 18 3 23
4428 18 3 14
2396 18 3 74
4459 18 4 77
4836 18 4 84
4798 18 4 27
740 18 4 36
47 18 4 14
2003 18 4 5
176 18 4 58
2097 18 5 5
5477 18 5 34
5040 18 5 49
4763 18 5 16
2154 18 5 57
2290 18 5 11
4945 18 5 26
5072 18 5 89
2087 18 5 79
4942 18 6 16
3015 18 6 49
4446 18 6 1
200 18 6 69
1780 18 6 19
4795 18 6 98
5364 18 7 7
5546 18 7 73
1395 18 7 77
3355 18 7 1
2886 18 8 23
738 18 8 79
594 18 8 32
1868 18 8 72
2823 18 8 1
2675 18 9 3
1591 18 9 88
4931 18 10 83
2984 18 10 91
772 18 10 20
3760 18 10 1
5570 18 10 16
2673 18 11 96
5238 18 11 18
4808 18 11 99
4282 18 11 22
4905 18 11 1
3861 18 11 66
5452 18 12 1
2132 18 12 41
4647 18 12 77
5567 18 12 68
4976 18 12 95
3832 18 13 67
172 18 13 5
3377 18 13 41
5415 18 13 89
2792 18 13 21
675 18 14 5
1450 18 14 42
4901 18 14 87
3367 18 14 25
998 18 14 46
3837 18 14 72
2379 18 14 91
2312 18 15 87
4816 18 15 22
5303 18 15 5
4002 18 15 47
834 18 15 17
650 18 15 43
2340 18 15 53
4989 18 16 5
5150 18 16 45
1375 18 16 20
1244 18 16 86
5049 18 16 50
4630 18 16 60
5530 18 16 27
4564 18 17 45
152 18 17 72
5189 18 17 88
3166 18 17 22
751 18 17 17
4439 18 17 5
3976 18 17 54
4219 18 18 75
4907 18 18 26
4575 18 18 69
2437 18 18 56
1318 18 18 20
5159 18 18 47
4528 18 18 5
1948 18 18 90
5311 18 19 23
3334 18 19 44
3143 18 19 5
4837 18 19 48
5152 18 19 74
3647 18 19 18
961 18 19 87
3879 19 0 5
4829 19 0 28
3083 19 0 45
5093 19 0 15
2979 19 0 74
5078 19 0 82
282 19 1 5
5203 19 1 82
3031 19 1 29
765 19 1 56
5192 19 1 74
832 19 1 16
1443 19 2 5
3049 19 2 56
2664 19 2 83
5304 19 2 16
2085 19 2 74
377 19 2 30
586 19 3 76
1158 19 3 16
4708 19 3 51
1011 19 3 29
1547 19 3 84
1660 19 3 5
983 19 4 16
911 19 4 76
3195 19 4 58
1979 19 4 84
1860 19 4 5
5457 19 4 36
4294 19 5 79
2304 19 5 5
5469 19 5 34
2368 19 5 16
2508 19 5 57
1779 19 5 89
252 19 6 1
4350 19 6 19
4702 19 6 69
4855 19 7 77
3465 19 7 1
465 19 7 7
3608 19 8 1
2697 19 8 32
4035 19 8 79
3696 19 9 91
130 19 9 1
1751 19 9 3
4634 19 10 91
788 19 10 1
2831 19 10 20
710 19 11 22
4822 19 11 99
3298 19 11 1
5568 19 12 77
4462 19 12 1
747 19 13 91
3378 19 13 5
2868 19 13 46
2589 19 13 72
1641 19 13 21
4449 19 14 22
2874 19 14 46
1433 19 14 91
293 19 14 5
3132 19 14 72
3036 19 15 22
2939 19 15 5
1356 19 15 53
5048 19 15 47
3650 19 16 5
5177 19 16 50
711 19 16 27
4573 19 16 60
4105 19 17 54
3649 19 17 72
1602 19 17 22
4681 19 17 5
5057 19 18 5
1584 19 18 26
2387 19 18 75
4098 19 18 56
3256 19 19 23
3891 19 19 87
4696 19 19 48
1245 19 19 5
