2246
1668 0 0 7
2122 0 0 1
3476 0 0 21
1548 0 0 93
201 0 0 73
2168 0 1 93
1075 0 1 9
1441 0 1 36
2995 0 1 1
2932 0 1 73
662 0 2 1
974 0 2 35
3570 0 2 11
2383 0 2 93
436 0 2 74
1019 0 3 36
2221 0 3 92
1756 0 3 1
710 0 3 9
928 0 3 53
865 0 4 9
3548 0 4 31
1116 0 4 1
4744 0 4 64
775 0 4 91
3681 0 5 89
2159 0 5 1
3338 0 5 43
2324 0 5 96
808 0 5 14
2361 0 5 11
316 0 5 54
1376 0 5 63
3874 0 5 39
2012 0 6 89
2666 0 6 72
2155 0 6 96
4663 0 6 61
4156 0 6 14
1055 0 6 11
323 0 6 34
2517 0 6 39
3077 0 6 18
4200 0 6 44
1898 0 6 1
4061 0 6 54
1375 0 6 63
4008 0 7 8
4164 0 7 85
2326 0 7 72
914 0 7 89
1798 0 7 1
1293 0 7 18
2345 0 7 54
2721 0 7 44
578 0 7 63
4089 0 7 97
1456 0 7 11
2157 0 7 14
3745 0 7 34
423 0 8 63
1628 0 8 72
3149 0 8 1
4869 0 8 31
3651 0 8 18
3961 0 8 8
2992 0 8 15
2044 0 8 44
3289 0 8 83
262 0 8 89
3916 0 8 97
2195 0 8 54
1496 0 8 34
3013 0 8 6
4271 0 9 2
805 0 9 89
4592 0 9 72
469 0 9 82
2573 0 9 91
780 0 9 31
369 0 9 44
4504 0 9 69
1571 0 9 97
3634 0 9 8
1691 0 9 15
4589 0 9 63
1384 0 9 54
3126 0 10 34
1865 0 10 10
3735 0 10 1
1353 0 11 1
4400 0 11 90
637 0 11 43
3873 0 11 11
1925 0 12 85
3310 0 12 40
2171 0 12 1
4890 0 12 20
4601 0 13 55
931 0 13 79
3862 0 13 1
4359 0 13 11
685 0 14 15
1031 0 14 1
2549 0 14 77
167 0 14 56
206 0 15 2
3719 0 15 10
1492 0 15 87
2109 0 15 35
1303 0 15 58
2508 0 16 86
549 0 16 2
1357 0 16 63
2081 0 16 22
1202 0 16 11
3929 0 17 11
4108 0 17 26
3939 0 17 58
3088 0 17 82
537 0 17 2
3469 0 18 2
1652 0 18 52
4038 0 18 88
2575 0 18 10
4913 0 18 29
4584 0 19 10
2020 0 19 2
2905 0 19 59
4681 0 19 32
4314 0 19 87
4250 1 0 21
151 1 0 7
4667 1 0 87
1929 1 0 1
3144 1 0 44
4590 1 1 36
3749 1 1 66
1818 1 1 9
254 1 1 1
2776 1 1 21
335 1 1 73
3269 1 1 87
4512 1 1 16
1723 1 1 44
3108 1 2 11
697 1 2 93
198 1 2 35
129 1 2 1
128 1 2 74
4434 1 2 90
4095 1 2 66
4431 1 2 7
1717 1 3 92
400 1 3 50
2100 1 3 53
2162 1 3 9
4535 1 3 2
4873 1 3 80
3354 1 3 29
3546 1 3 36
3163 1 4 31
4234 1 4 64
940 1 4 2
3583 1 4 28
3513 1 4 54
431 1 4 91
435 1 5 54
2288 1 5 63
4748 1 5 43
4480 1 5 11
102 1 5 14
2498 1 5 1
2557 1 5 96
997 1 6 18
2238 1 6 1
3663 1 6 38
1694 1 6 44
4546 1 6 72
1807 1 6 88
3063 1 7 1
3292 1 7 40
4577 1 7 8
609 1 8 92
1498 1 8 47
2526 1 8 1
3662 1 8 18
3567 1 8 83
2305 1 9 91
3020 1 9 50
2086 1 9 63
2351 1 9 58
2479 1 9 83
3306 1 9 2
3944 1 9 44
1938 1 9 69
2767 1 9 72
3402 1 9 54
244 1 9 15
4092 1 9 75
149 1 10 90
596 1 10 11
4328 1 10 43
3376 1 10 1
2806 1 10 36
3497 1 10 87
4316 1 10 75
984 1 10 33
4134 1 10 69
990 1 11 43
3829 1 11 90
987 1 11 1
4111 1 11 11
4107 1 11 36
1947 1 11 75
1283 1 12 1
4655 1 12 40
4438 1 12 85
3947 1 12 70
1942 1 12 20
1091 1 12 92
2503 1 13 1
3818 1 13 55
2674 1 13 79
4243 1 13 92
2910 1 13 48
4571 1 13 11
2207 1 14 56
4684 1 14 51
155 1 14 75
234 1 14 15
2142 1 14 1
2237 1 14 12
4658 1 14 77
924 1 14 91
233 1 15 35
1328 1 15 83
1529 1 15 88
4226 1 15 10
3080 1 15 3
1461 1 15 58
4899 1 15 30
2881 1 16 57
4001 1 16 3
2868 1 16 11
3839 1 16 82
1847 1 16 22
3443 1 16 63
64 1 16 86
3721 1 16 18
2959 1 17 26
3360 1 17 58
4231 1 17 77
3097 1 17 7
670 1 17 82
1113 1 17 2
1786 1 17 88
3525 1 17 52
495 1 18 2
4465 1 18 84
1875 1 18 10
2185 1 18 88
936 1 18 52
3865 1 18 29
860 1 19 2
2710 1 19 10
2468 1 19 32
3940 1 19 87
2864 1 19 59
1713 1 19 83
2067 2 0 23
3323 2 0 67
2010 2 0 1
92 2 0 9
4104 2 0 92
2803 2 1 4
1026 2 1 31
1545 2 1 87
910 2 1 21
3521 2 1 16
3562 2 1 63
3380 2 1 66
2150 2 1 74
4241 2 1 11
3560 2 1 93
2257 2 1 36
4724 2 1 44
4044 2 2 74
4427 2 2 4
2999 2 2 86
1424 2 2 1
217 2 2 93
1246 2 2 31
1443 2 2 35
2736 2 2 11
4526 2 2 65
3657 2 3 77
2812 2 3 29
3949 2 3 2
4542 2 3 80
3483 2 3 26
109 2 3 53
2757 2 3 9
1452 2 3 92
3368 2 3 36
14 2 4 64
4770 2 4 91
1056 2 4 28
77 2 4 31
2622 2 4 24
2006 2 4 2
2675 2 4 54
4112 2 4 49
1263 2 5 63
3930 2 5 54
3650 2 5 14
792 2 5 1
3604 2 6 18
2183 2 6 44
4598 2 6 1
4759 2 6 88
723 2 6 92
3453 2 7 87
1153 2 7 3
1761 2 7 1
74 2 7 54
617 2 7 92
4868 2 8 18
465 2 8 15
3710 2 8 3
3771 2 8 37
1046 2 8 54
4521 2 8 92
4711 2 8 47
3680 2 8 80
4734 2 8 83
2964 2 8 87
1169 2 9 2
3747 2 9 44
3593 2 9 28
1629 2 9 82
3043 2 9 15
1792 2 9 91
1068 2 9 69
320 2 9 63
1491 2 9 50
1142 2 9 55
3394 2 9 75
751 2 10 10
2197 2 10 82
2927 2 10 48
2986 2 10 1
3581 2 11 1
3406 2 11 5
1639 2 11 83
487 2 11 42
3225 2 12 85
1845 2 12 63
4016 2 12 13
3248 2 12 37
3333 2 12 70
4494 2 12 40
4046 2 12 20
3507 2 12 2
4385 2 13 2
2478 2 13 48
4714 2 13 79
1190 2 13 11
3999 2 13 25
2032 2 13 89
716 2 13 92
4196 2 13 75
2241 2 13 55
1103 2 14 2
1911 2 14 12
1271 2 14 9
4712 2 14 52
2492 2 14 91
1164 2 14 15
1953 2 14 56
2190 2 14 77
4716 2 14 94
3811 2 14 43
2101 2 15 73
59 2 15 30
3514 2 15 84
2971 2 15 25
1057 2 15 88
4732 2 15 35
2696 2 15 58
4607 2 15 10
1549 2 15 78
2692 2 15 3
3465 2 16 18
4773 2 16 22
479 2 16 88
3631 2 16 74
1203 2 16 78
514 2 16 3
2112 2 16 58
3064 2 16 63
2018 2 16 35
1814 2 16 11
51 2 16 30
1943 2 16 25
2046 2 17 22
105 2 17 18
3605 2 17 59
4012 2 17 3
2269 2 17 63
2460 2 17 48
883 2 17 78
2004 2 17 88
4919 2 17 12
3998 2 17 35
3897 2 17 30
381 2 17 52
1224 2 17 33
4671 2 18 3
1132 2 18 88
2401 2 18 84
3756 2 18 52
2423 2 18 48
2934 2 18 79
1121 2 18 26
3876 2 18 29
2434 2 19 10
48 2 19 3
1967 2 19 27
2875 2 19 59
2466 2 19 77
3903 2 19 56
4642 2 19 32
4367 2 19 87
1233 3 0 67
2818 3 0 52
3003 3 0 23
4764 3 0 9
3173 3 0 19
4175 3 0 89
2918 3 0 2
2493 3 1 7
420 3 1 11
43 3 1 44
4345 3 1 21
972 3 1 63
1767 3 1 74
2019 3 1 36
2089 3 1 16
2407 3 1 66
3273 3 1 93
548 3 1 31
1088 3 1 27
1395 3 2 2
2066 3 2 52
4854 3 2 89
2570 3 2 34
4691 3 3 80
3619 3 3 20
703 3 3 45
4768 3 3 64
655 3 3 74
2931 3 3 77
3060 3 3 2
2551 3 3 60
2990 3 3 92
3204 3 3 54
1728 3 3 36
4138 3 3 31
4276 3 3 9
4073 3 4 54
4348 3 4 20
2610 3 4 24
2667 3 4 31
4395 3 4 45
1627 3 4 64
4283 3 4 91
80 3 4 89
4628 3 4 2
1054 3 4 49
3161 3 4 60
546 3 5 68
4811 3 6 69
4788 3 7 69
4151 3 8 69
4135 3 9 69
3979 3 14 38
1300 3 14 52
989 3 14 2
1034 3 14 77
4053 3 14 56
3715 3 14 43
4519 3 14 73
4522 3 14 92
2387 3 14 94
3823 3 14 15
827 3 15 56
4558 3 15 28
2842 3 15 78
2750 3 15 3
2202 3 16 85
3127 3 16 3
3267 3 16 36
1033 3 16 59
1227 3 17 22
3348 3 17 78
3968 3 17 12
1078 3 17 63
3813 3 17 48
3459 3 17 30
1049 3 17 36
2896 3 17 59
2646 3 17 95
897 3 17 88
1298 3 18 85
1204 3 18 3
2933 3 18 52
1119 3 18 19
2132 3 18 79
4433 3 19 32
4863 3 19 84
428 3 19 27
1141 3 19 77
773 3 19 10
2921 3 19 59
4481 3 19 73
4288 3 19 3
2760 3 19 6
1335 4 0 87
1288 4 0 9
706 4 0 67
3365 4 0 44
3336 4 0 16
1256 4 0 2
2289 4 0 52
4563 4 0 23
3139 4 0 19
2256 4 1 16
4207 4 1 27
3714 4 1 52
2887 4 1 32
4662 4 1 68
1843 4 1 36
774 4 1 74
2490 4 1 44
4420 4 1 12
4644 4 1 23
3076 4 1 93
1666 4 2 36
1719 4 2 44
592 4 2 74
3378 4 2 52
3637 4 2 68
2879 4 2 23
3104 4 2 12
2741 4 2 93
359 4 3 36
3846 4 3 60
3599 4 3 68
4260 4 3 81
2724 4 3 12
2169 4 3 93
1402 4 3 54
1805 4 4 68
4669 4 4 96
2686 4 4 60
628 4 5 68
4093 4 6 64
118 4 6 82
2429 4 6 2
3703 4 6 12
3669 4 6 47
1861 4 7 23
4557 4 7 2
4537 4 7 10
2987 4 7 30
3673 4 7 69
1201 4 7 56
1889 4 7 38
2062 4 7 89
3927 4 8 43
4524 4 8 2
4656 4 8 73
174 4 8 84
3168 4 8 12
3399 4 9 75
3366 4 9 85
3489 4 9 16
3480 4 9 2
2641 4 9 38
4343 4 10 85
3827 4 10 42
2074 4 10 14
3272 4 10 2
4429 4 10 76
4456 4 11 2
3258 4 11 8
4389 4 11 45
3728 4 11 76
243 4 11 86
227 4 12 6
2753 4 12 38
3049 4 12 70
622 4 12 2
4105 4 12 77
4181 4 13 8
3891 4 14 66
766 4 14 2
1705 4 14 39
1343 4 14 15
2659 4 15 7
2509 4 15 36
4362 4 15 61
4319 4 15 2
328 4 15 90
4239 4 16 11
3568 4 16 24
3067 4 16 64
1825 4 16 90
4383 4 16 2
2389 4 17 66
460 4 17 36
2725 4 17 59
1216 4 17 23
2266 4 17 30
2929 4 17 48
4821 4 17 63
1426 4 17 78
620 4 17 88
1703 4 17 12
452 4 18 3
791 4 18 74
2090 4 18 79
3697 4 18 84
4822 4 18 20
1506 4 18 52
4817 4 18 45
3305 4 19 32
2612 4 19 6
3425 4 19 10
178 4 19 27
268 4 19 59
562 4 19 78
3295 4 19 84
4401 4 19 73
665 4 19 23
4320 5 0 79
313 5 0 47
2906 5 0 1
1214 5 0 5
4275 5 1 1
2394 5 1 80
483 5 1 50
4692 5 1 9
2580 5 2 49
1051 5 2 18
955 5 2 1
2712 5 2 81
2293 5 3 1
4076 5 3 76
3449 5 3 34
4377 5 3 93
4171 5 3 4
693 5 4 67
823 5 4 83
1741 5 4 43
1979 5 4 13
1066 5 4 50
1302 5 4 21
2597 5 4 57
1490 5 4 74
1557 5 4 95
2828 5 5 63
2652 5 5 1
2835 5 5 33
3699 5 5 75
820 5 5 94
485 5 5 4
1011 5 5 37
4229 5 5 68
3445 5 6 2
3000 5 6 64
1966 5 6 22
563 5 6 87
2002 5 7 38
1961 5 7 23
3062 5 7 89
3432 5 7 30
3775 5 7 2
3938 5 7 69
1770 5 7 56
621 5 8 86
2325 5 8 56
3422 5 8 15
4058 5 8 69
4875 5 8 30
1753 5 8 20
4356 5 8 2
4492 5 9 14
3848 5 9 82
4199 5 9 69
3415 5 9 79
625 5 9 30
676 5 9 86
2590 5 9 20
3329 5 9 56
4771 5 9 2
2624 5 10 60
2298 5 10 1
3382 5 10 12
2841 5 10 86
93 5 11 17
4122 5 11 50
136 5 11 86
4700 5 11 1
826 5 14 66
3969 5 14 3
133 5 14 39
1030 5 14 15
2049 5 15 36
191 5 15 61
1920 5 15 89
2459 5 15 7
1523 5 15 2
1309 5 16 2
4257 5 16 56
2594 5 16 11
777 5 16 64
4679 5 16 90
4908 5 16 24
3952 5 17 53
2656 5 17 59
398 5 17 48
4270 5 17 63
27 5 17 88
2246 5 17 66
4347 5 17 36
4368 5 17 13
3298 5 18 32
2120 5 18 10
4545 5 18 53
2559 5 18 17
1349 5 18 29
2444 5 18 73
736 5 18 84
2301 5 18 45
3887 5 18 59
3748 5 18 42
1383 5 19 28
3684 5 19 17
3409 5 19 73
2981 5 19 41
894 5 19 84
4720 5 19 10
3760 5 19 32
4137 5 19 59
145 5 19 6
413 5 19 78
2382 5 19 69
3988 6 0 43
4087 6 0 21
4916 6 0 80
4162 6 0 73
2384 6 0 47
4394 6 0 93
1388 6 0 1
3174 6 0 5
2738 6 1 94
3724 6 1 5
4792 6 1 21
3345 6 1 73
960 6 1 9
3685 6 1 35
2172 6 1 43
2727 6 1 47
4300 6 1 80
3504 6 1 13
533 6 1 1
4677 6 1 50
2003 6 2 5
4762 6 2 50
2163 6 2 83
2486 6 2 81
752 6 2 2
3429 6 2 18
1559 6 2 9
426 6 2 43
1871 6 2 47
100 6 2 73
2840 6 2 21
4688 6 2 13
1595 6 2 39
4506 6 2 95
3755 6 2 67
3228 6 2 36
3474 6 3 54
2571 6 3 36
4599 6 3 74
4630 6 3 13
540 6 3 2
1617 6 3 83
3993 6 3 95
1356 6 3 50
2469 6 3 21
2375 6 3 67
2357 6 3 43
1403 6 4 21
2308 6 4 43
2848 6 4 57
541 6 4 3
671 6 4 36
395 6 4 50
2188 6 4 67
2436 6 4 13
3224 6 4 74
1605 6 4 83
1791 6 4 95
1528 6 5 45
2290 6 5 9
3569 6 5 1
3400 6 5 37
4799 6 5 68
3564 6 5 75
3395 6 6 38
4326 6 6 83
2664 6 6 23
2075 6 6 18
2695 6 6 2
1945 6 6 78
534 6 6 89
3577 6 7 83
1664 6 7 79
2648 6 7 2
1565 6 7 75
3455 6 7 89
112 6 7 20
3553 6 7 38
2078 6 7 23
1722 6 7 54
263 6 8 19
1621 6 8 2
3731 6 8 80
4673 6 8 15
457 6 8 55
1154 6 8 84
3820 6 9 56
1371 6 9 69
3404 6 9 2
4627 6 9 82
1495 6 9 86
916 6 9 30
3600 6 9 20
258 6 10 8
2356 6 10 83
1493 6 10 39
4055 6 10 2
29 6 10 12
4782 6 10 60
2148 6 11 10
859 6 11 50
4031 6 11 78
4447 6 11 2
3486 6 11 39
1855 6 12 49
3617 6 13 64
4349 6 13 16
1581 6 13 81
346 6 13 3
2034 6 13 33
122 6 14 3
1360 6 14 23
4366 6 14 72
1280 6 14 41
1252 6 15 53
8 6 15 13
2411 6 15 36
1573 6 15 90
2420 6 16 53
3134 6 16 13
3091 6 16 90
2817 6 16 36
1494 6 16 59
536 6 17 89
3539 6 17 36
3610 6 17 13
624 6 17 53
1812 6 17 59
4015 6 17 63
2943 6 17 66
1956 6 18 84
3482 6 18 69
4832 6 18 3
3642 6 18 76
3772 6 18 42
3921 6 18 23
4436 6 19 17
2377 6 19 26
1757 6 19 84
2028 6 19 3
817 6 19 41
3786 6 19 78
4396 7 0 13
1954 7 0 21
433 7 0 80
3094 7 0 94
886 7 0 1
310 7 1 35
4857 7 1 83
1138 7 1 1
2884 7 1 13
4579 7 1 94
4463 7 2 83
2771 7 2 1
830 7 2 95
4120 7 2 39
4471 7 2 7
2876 7 3 41
276 7 3 1
3426 7 3 10
1851 7 3 54
973 7 4 57
1715 7 4 1
1829 7 4 5
4468 7 4 43
2323 7 5 1
4280 7 5 75
2912 7 5 45
1179 7 5 5
3069 7 6 2
1716 7 6 38
2644 7 6 89
4893 7 6 83
3955 7 6 23
231 7 7 79
3416 7 7 2
4910 7 7 20
4000 7 7 54
4083 7 8 19
4392 7 8 84
767 7 8 2
4387 7 8 55
1313 7 9 69
2788 7 9 30
1093 7 9 2
2872 7 9 86
1729 7 10 12
1090 7 10 32
1651 7 10 83
3603 7 10 8
2782 7 10 80
4005 7 10 3
2636 7 10 60
3181 7 11 3
4119 7 11 32
2523 7 11 60
3265 7 11 50
289 7 11 12
645 7 11 80
4861 7 11 83
3551 7 11 90
2522 7 11 8
1082 7 13 81
3143 7 13 16
4117 7 13 3
2903 7 13 64
2047 7 13 12
3220 7 13 33
1671 7 13 59
85 7 14 29
2072 7 14 33
1405 7 14 3
1174 7 14 59
4262 7 14 81
2328 7 14 64
4489 7 14 16
4059 7 15 14
1053 7 15 53
2116 7 15 36
3351 7 15 91
1305 7 16 8
2997 7 16 73
3981 7 16 62
45 7 16 34
2477 7 16 3
1718 7 17 23
4565 7 17 74
4918 7 17 42
1701 7 17 3
2790 7 18 76
789 7 18 26
692 7 18 3
1888 7 18 42
2511 7 19 26
1158 7 19 3
1714 7 19 78
1547 7 19 41
848 8 0 1
361 8 0 68
4637 8 1 1
4699 8 1 90
1236 8 1 10
2702 8 2 60
4496 8 2 1
4458 8 2 95
611 8 2 16
3750 8 3 96
3854 8 3 78
3660 8 3 7
4013 8 3 1
4923 8 4 1
3037 8 4 98
3654 8 4 65
2342 8 4 25
3319 8 5 57
1785 8 5 1
2487 8 5 89
1971 8 5 16
1908 8 6 89
1364 8 6 1
2206 8 6 16
4665 8 6 86
509 8 6 42
2435 8 6 57
4194 8 7 16
3580 8 7 86
1085 8 7 39
4143 8 7 53
4487 8 7 42
1218 8 7 57
1185 8 7 89
566 8 7 1
1589 8 8 1
3591 8 8 16
1734 8 8 53
2985 8 8 42
4182 8 8 34
4402 8 8 93
2822 8 8 86
351 8 8 84
2352 8 8 13
2614 8 8 89
527 8 8 39
2795 8 8 57
4469 8 9 20
3751 8 9 1
4225 8 9 47
3179 8 9 88
3026 8 10 12
4163 8 10 1
396 8 10 87
3102 8 10 57
3668 8 11 34
2871 8 11 2
1225 8 11 80
2056 8 11 16
4075 8 11 66
3805 8 12 79
1329 8 13 17
646 8 13 4
2591 8 13 66
1733 8 13 92
3545 8 13 38
4818 8 17 68
3286 8 18 87
3092 8 18 42
403 8 18 38
2889 8 18 14
3288 8 18 33
291 8 18 4
2915 8 18 20
3050 8 18 64
4847 8 18 68
3274 8 18 75
366 8 19 89
674 8 19 75
3633 8 19 14
2972 8 19 20
2070 8 19 4
4527 8 19 42
4159 8 19 68
2679 8 19 38
1205 9 2 60
2907 9 2 88
4846 9 2 16
2728 9 2 42
3592 9 2 95
3833 9 2 1
3195 9 3 96
2857 9 3 1
3917 9 3 7
2096 9 3 78
1980 9 3 92
4827 9 3 37
3330 9 3 73
803 9 4 65
3078 9 4 1
3427 9 4 25
847 9 4 52
1408 9 5 6
3965 9 5 1
2988 9 5 90
3718 9 5 58
4588 9 6 1
4660 9 6 68
3844 9 6 91
794 9 6 10
4265 9 7 59
1614 9 7 1
3145 9 7 15
4736 9 7 92
2471 9 8 1
4742 9 8 57
3128 9 8 47
4259 9 8 79
559 9 8 20
2993 9 8 16
269 9 8 76
1677 9 8 89
4702 9 8 93
2909 9 8 34
657 9 8 53
3586 9 9 44
2899 9 9 79
732 9 9 20
4680 9 9 88
2474 9 9 57
604 9 9 93
4466 9 9 12
3868 9 9 1
3122 9 9 47
4765 9 10 12
4040 9 10 79
4551 9 10 87
4341 9 10 93
4453 9 10 47
4010 9 10 1
4585 9 10 57
1824 9 11 28
4573 9 11 13
3271 9 11 65
4305 9 11 80
2399 9 11 90
668 9 11 2
3907 9 13 81
2252 9 13 4
4802 9 13 18
2866 9 13 36
240 9 13 58
2774 9 15 18
788 9 15 61
1060 9 15 4
2097 9 15 87
4564 9 15 82
4418 9 15 35
1286 9 16 69
4722 9 16 23
2220 9 16 92
593 9 16 4
3155 9 16 43
4604 9 17 70
4193 9 18 74
3819 9 18 4
4205 9 18 17
2496 9 18 89
554 9 18 39
4619 9 18 69
300 9 19 38
2005 9 19 75
2244 9 19 4
3362 9 19 42
4106 9 19 14
3033 9 19 69
3093 9 19 20
909 9 19 89
2365 10 0 8
3808 10 0 1
2996 10 0 84
2892 10 8 57
511 10 8 89
3926 10 8 71
3150 10 8 20
3045 10 8 6
4707 10 8 47
387 10 8 79
466 10 8 31
1094 10 9 52
3509 10 9 57
4173 10 9 17
3236 10 9 87
3314 10 9 68
1955 10 9 6
312 10 9 36
796 10 9 71
1358 10 10 6
1504 10 10 52
41 10 10 57
3534 10 10 71
4101 10 10 87
2956 10 10 20
2682 10 10 36
4085 10 11 18
4576 10 11 79
667 10 11 86
39 10 11 4
3028 10 11 37
2861 10 11 50
3484 10 15 18
4880 10 15 58
69 10 15 87
3039 10 15 80
1834 10 15 36
50 10 15 4
4435 10 16 4
2698 10 16 67
1609 10 16 86
4499 10 16 42
225 10 16 17
3611 10 18 92
3867 10 18 4
1037 10 18 23
2216 10 18 41
3412 10 18 74
3716 10 19 92
4313 10 19 20
3398 10 19 4
3687 10 19 42
1772 10 19 75
4289 11 0 1
4609 11 0 97
2746 11 0 26
456 11 0 60
4694 11 0 53
4273 11 0 21
3233 11 1 1
2319 11 1 75
4891 11 1 97
3810 11 1 78
1374 11 1 26
1626 11 1 53
1604 11 1 23
389 11 1 60
1976 11 1 93
2026 11 1 99
4178 11 2 80
4686 11 2 82
4333 11 2 98
4419 11 2 27
4109 11 2 49
4443 11 2 1
4118 11 3 65
992 11 3 90
107 11 3 19
4404 11 3 61
1380 11 3 1
148 11 3 94
4261 11 4 1
4030 11 4 34
4155 11 4 25
4052 11 4 20
1071 11 4 36
3676 11 4 79
1569 11 5 1
4027 11 5 95
4833 11 5 44
1598 11 5 88
1661 11 5 24
4787 11 5 41
3796 11 5 27
1544 11 9 82
1752 11 9 41
4889 11 9 62
2104 11 9 20
2312 11 9 6
1781 11 10 76
3035 11 10 52
4459 11 10 87
4523 11 10 20
2852 11 10 57
2251 11 10 6
2745 11 10 36
4513 11 11 80
3632 11 11 85
2650 11 11 4
757 11 11 52
4898 11 11 37
571 11 11 16
1662 11 12 80
1346 11 12 52
4772 11 12 37
3550 11 12 85
1537 11 12 74
4629 11 12 4
2576 11 12 13
748 11 14 78
3843 11 14 85
722 11 14 5
2481 11 14 31
3601 11 14 53
2192 11 14 48
2651 11 14 67
4678 11 14 12
3675 11 14 26
1139 11 14 72
768 11 15 12
4432 11 15 31
4514 11 15 53
140 11 15 85
4411 11 15 48
3044 11 15 4
3251 11 15 72
1025 11 15 78
377 11 16 90
3738 11 16 4
1909 11 16 46
1108 11 16 67
2885 11 16 18
2316 11 17 65
2769 11 18 53
280 11 18 14
1100 11 18 40
3558 11 18 94
2604 11 18 3
2668 11 19 40
4374 11 19 3
2272 11 19 63
1762 11 19 67
1266 11 19 14
4914 12 0 60
1613 12 0 26
4600 12 0 1
4081 12 1 78
1968 12 1 1
512 12 1 23
3315 12 2 1
2388 12 2 49
3226 12 2 82
3183 12 3 1
1970 12 3 65
1993 12 3 94
690 12 3 19
1623 12 4 1
2015 12 4 95
4437 12 4 36
4158 12 4 25
4197 12 5 27
3954 12 5 44
918 12 5 1
2862 12 5 95
4203 12 7 41
2016 12 7 83
138 12 7 23
4462 12 7 6
1485 12 7 61
4608 12 9 55
1709 12 9 18
663 12 9 5
4067 12 9 76
2863 12 9 35
1801 12 9 85
2849 12 10 18
4338 12 10 36
3802 12 10 57
1672 12 10 5
2754 12 10 76
821 12 10 86
270 12 11 86
3157 12 11 35
2878 12 11 16
1588 12 11 78
2729 12 11 4
4238 12 11 53
3477 12 14 37
1382 12 14 13
545 12 14 84
4486 12 14 4
4354 12 14 57
2787 12 14 77
1743 12 15 78
4529 12 15 12
1593 12 15 53
156 12 15 31
1793 12 15 85
3297 12 15 4
4760 12 16 49
900 12 16 20
3528 12 16 4
971 12 16 90
1878 12 16 67
871 12 17 65
1063 12 18 3
2147 12 18 13
2891 12 18 53
2088 12 18 94
3361 12 18 74
3171 12 18 33
4738 12 19 67
3795 12 19 36
4885 12 19 40
3901 12 19 14
3881 12 19 56
2983 12 19 64
1535 12 19 3
3741 13 0 49
2358 13 0 6
2370 13 0 56
2735 13 0 24
4904 13 0 16
1072 13 0 32
822 13 0 74
1986 13 1 16
2453 13 1 32
4789 13 1 62
3729 13 1 86
4152 13 1 7
2063 13 1 69
4840 13 1 49
4025 13 1 74
3877 13 2 74
2758 13 2 7
1991 13 2 32
3636 13 2 62
1259 13 2 69
3508 13 2 49
3417 13 2 86
933 13 2 16
1724 13 3 17
530 13 3 69
1684 13 3 49
3235 13 3 74
876 13 3 7
3261 13 3 86
2777 13 3 33
164 13 4 5
158 13 4 29
4493 13 4 72
3880 13 4 13
687 13 4 51
4597 13 4 79
2770 13 7 61
3167 13 7 21
2645 13 7 28
3223 13 7 6
2057 13 7 69
2938 13 7 81
4825 13 7 38
3024 13 13 34
3626 13 13 58
4272 13 14 58
4141 13 14 34
4776 13 15 5
4666 13 15 50
718 13 15 31
3081 13 15 58
4144 13 15 34
2201 13 15 14
3924 13 15 84
3934 13 15 75
2048 13 16 67
4508 13 16 55
4646 13 16 4
4653 13 16 21
177 13 17 57
4264 13 18 57
1982 13 18 20
3975 13 19 31
652 13 19 40
3196 13 19 67
192 13 19 85
800 13 19 91
4370 13 19 56
4781 13 19 4
2723 13 19 14
2140 13 19 37
2916 14 0 56
3693 14 0 6
1777 14 0 74
1999 14 0 16
4640 14 0 49
3047 14 0 32
2457 14 1 15
4096 14 1 48
2544 14 1 7
2629 14 1 69
3841 14 1 86
1017 14 1 30
3206 14 1 55
1692 14 1 62
1009 14 2 80
4304 14 2 22
1538 14 2 13
811 14 2 5
3704 14 2 52
2742 14 2 73
447 14 3 91
4364 14 3 86
350 14 3 74
1697 14 3 7
4610 14 3 17
2669 14 3 33
1276 14 4 67
1933 14 4 13
1856 14 4 7
3679 14 4 45
4901 14 4 51
2450 14 4 27
2270 14 4 79
1683 14 4 72
2826 14 6 65
3752 14 6 6
3589 14 6 43
3075 14 6 83
3454 14 6 21
1471 14 7 69
1474 14 7 38
3363 14 7 83
2836 14 7 28
3859 14 7 6
2217 14 8 68
3006 14 8 86
1058 14 8 45
4211 14 8 28
348 14 8 5
2064 14 9 5
4045 14 9 47
3159 14 9 66
2051 14 9 86
4179 14 9 24
425 14 10 5
4815 14 10 41
307 14 10 33
2530 14 10 55
475 14 10 77
1862 14 10 91
1318 14 11 5
2025 14 11 86
282 14 11 43
503 14 11 66
4029 14 11 24
2366 14 12 54
4213 14 12 77
525 14 12 18
2467 14 12 37
1316 14 12 86
2940 14 12 5
260 14 13 58
4892 14 13 5
284 14 13 34
3544 14 13 17
2962 14 13 76
1073 14 13 86
809 14 14 57
490 14 14 82
1167 14 14 33
4355 14 15 84
813 14 15 17
2495 14 15 52
915 14 15 34
1089 14 15 5
160 14 15 58
4256 14 15 76
1965 14 16 4
626 14 16 61
2154 14 16 21
2623 14 16 50
1397 14 17 61
1251 14 17 50
889 14 17 21
993 14 17 84
1658 14 17 4
1413 14 18 38
4448 14 18 32
2989 14 18 83
4091 14 18 11
3403 14 18 88
1451 14 18 65
3200 14 18 57
1688 14 19 18
4735 14 19 4
3442 14 19 62
353 14 19 85
2071 14 19 91
2941 14 19 78
3337 14 19 45
4871 15 0 5
3674 15 0 16
2815 15 0 32
3919 15 0 56
1418 15 0 85
3313 15 0 74
4444 15 1 32
1901 15 1 6
2146 15 1 69
3396 15 1 15
4806 15 1 86
4317 15 1 48
1115 15 1 74
2683 15 1 54
2588 15 1 62
3812 15 2 67
4550 15 2 13
1006 15 2 74
4191 15 2 86
467 15 2 32
1310 15 2 5
3733 15 2 24
4633 15 2 48
3339 15 2 41
2655 15 2 54
3446 15 3 75
2193 15 3 86
750 15 3 7
476 15 3 17
2519 15 3 33
226 15 4 33
1964 15 6 46
4595 15 6 73
1915 15 6 26
72 15 6 66
875 15 6 6
4639 15 6 83
2708 15 7 5
2838 15 7 72
56 15 7 87
1257 15 7 46
1229 15 7 27
1434 15 8 49
3614 15 8 24
2333 15 8 69
4739 15 8 5
553 15 8 88
4216 15 9 71
2737 15 9 5
953 15 9 28
1210 15 9 88
3882 15 9 51
3350 15 10 5
4872 15 10 41
3385 15 10 55
513 15 10 91
2426 15 10 33
582 15 10 11
551 15 10 77
1702 15 10 19
3148 15 11 47
3423 15 11 68
1047 15 11 5
3042 15 11 28
3863 15 11 86
2151 15 12 81
3935 15 12 57
1883 15 12 8
2294 15 12 4
393 15 12 33
814 15 12 77
2174 15 13 4
2291 15 13 57
477 15 13 32
235 15 13 77
1459 15 13 81
4824 15 13 16
612 15 14 82
3034 15 14 33
1285 15 14 57
4689 15 15 5
3189 15 15 34
3471 15 15 58
4836 15 15 76
3523 15 15 83
3301 15 15 90
3512 15 15 30
4062 15 16 28
3030 15 16 3
116 15 16 11
18 15 16 55
3649 15 16 82
2199 15 17 83
2603 15 17 32
2264 15 17 3
3467 15 17 9
154 15 17 51
2176 15 18 65
1622 15 18 94
4708 15 18 32
4212 15 18 11
801 15 18 83
2483 15 18 38
3925 15 18 57
1699 15 19 25
3219 15 19 29
3214 15 19 53
1521 15 19 62
2801 15 19 85
4251 15 19 91
1110 15 19 4
3503 16 0 23
3847 16 0 62
321 16 0 14
3193 16 0 28
252 16 0 38
2126 16 0 6
2268 16 0 69
1416 16 0 84
2715 16 0 43
4520 16 1 69
3317 16 1 6
528 16 1 62
4741 16 1 15
1345 16 1 59
2775 16 1 30
3692 16 1 45
518 16 1 84
4544 16 2 86
4887 16 2 48
2693 16 2 54
3444 16 2 41
1043 16 2 32
1275 16 2 74
3963 16 2 67
4515 16 2 15
878 16 2 25
1599 16 2 6
4047 16 3 6
390 16 3 11
3828 16 3 75
2091 16 3 79
1634 16 3 49
2515 16 3 40
2527 16 3 26
3040 16 4 6
3768 16 4 37
181 16 4 48
1130 16 4 56
2092 16 4 25
1249 16 4 68
2783 16 4 89
3909 16 5 71
4340 16 5 6
2211 16 5 21
2973 16 5 86
1806 16 5 48
4853 16 6 6
3209 16 6 86
3836 16 6 48
2958 16 6 73
4088 16 6 21
4809 16 7 87
3776 16 7 18
3252 16 7 27
2275 16 7 46
1503 16 7 72
4801 16 7 5
4299 16 7 41
4474 16 7 66
2904 16 8 27
386 16 8 72
3689 16 8 87
4186 16 8 5
4294 16 8 18
2521 16 8 41
4344 16 8 49
4661 16 9 5
4399 16 9 55
4426 16 9 33
88 16 9 90
3831 16 9 19
2403 16 9 11
2235 16 9 77
2191 16 9 41
1331 16 10 11
2660 16 10 50
30 16 10 90
4397 16 10 33
4079 16 10 55
1482 16 10 77
2076 16 10 41
2914 16 10 19
3757 16 10 5
4124 16 11 86
2398 16 11 5
1008 16 11 46
1597 16 11 24
3967 16 11 73
3452 16 12 33
4896 16 12 71
709 16 12 8
4617 16 12 28
4725 16 12 52
3845 16 12 57
666 16 12 81
4090 16 13 32
1172 16 13 4
3086 16 13 48
1749 16 13 75
3950 16 13 16
1435 16 14 92
3520 16 14 33
1392 16 14 57
3135 16 14 82
4206 16 15 34
4048 16 15 83
689 16 15 58
3670 16 15 5
2262 16 16 11
1301 16 16 21
1689 16 16 55
3431 16 16 28
851 16 16 77
3825 16 16 82
3608 16 16 47
2786 16 16 4
3180 16 16 93
2055 16 17 82
3405 16 17 17
238 16 17 5
797 16 17 11
4751 16 17 69
21 16 17 28
2532 16 17 93
2663 16 17 42
2626 16 17 57
4605 16 18 38
1854 16 18 57
1654 16 18 82
4852 16 18 47
411 16 18 17
3770 16 18 28
4157 16 18 94
1181 16 18 42
4461 16 18 11
1656 16 19 29
2748 16 19 62
4501 16 19 91
699 16 19 4
4188 16 19 85
4727 16 19 54
4701 17 0 62
2239 17 0 38
3958 17 0 43
3100 17 0 6
1517 17 0 14
3518 17 0 81
2853 17 0 84
3392 17 0 28
3439 17 0 69
23 17 1 13
2380 17 1 45
3505 17 1 62
2027 17 1 80
2560 17 1 30
2164 17 1 67
4391 17 1 5
2684 17 1 41
1886 17 2 25
2732 17 2 32
184 17 2 85
1342 17 2 74
4240 17 2 6
464 17 2 54
2621 17 2 47
163 17 2 14
522 17 3 72
1 17 3 5
2322 17 3 26
2510 17 3 49
290 17 3 79
1867 17 3 11
2134 17 4 25
3708 17 4 49
3160 17 4 6
2442 17 4 56
515 17 4 89
2371 17 4 44
3358 17 4 68
4077 17 4 37
3655 17 5 6
3964 17 5 68
3711 17 5 82
334 17 5 49
4 17 5 64
2215 17 5 25
111 17 5 87
2149 17 5 37
3229 17 5 44
3561 17 6 44
3287 17 6 49
197 17 6 64
2213 17 6 60
1675 17 6 87
3282 17 6 25
654 17 6 20
2464 17 6 6
2908 17 6 37
601 17 6 68
3184 17 7 5
4797 17 7 50
4298 17 7 90
4664 17 7 68
2208 17 7 32
3915 17 7 25
2946 17 7 55
893 17 7 72
2321 17 7 77
3878 17 8 90
3371 17 8 33
3797 17 8 19
1431 17 8 55
1844 17 8 77
1399 17 8 68
3549 17 8 5
3585 17 9 63
2516 17 9 90
3980 17 9 77
2079 17 9 19
4791 17 9 55
4543 17 9 33
3789 17 9 15
686 17 9 5
99 17 10 30
2178 17 10 69
3217 17 10 4
779 17 10 54
3420 17 10 13
3241 17 11 69
4405 17 11 4
3773 17 11 13
2961 17 11 30
3359 17 11 54
4244 17 12 28
4767 17 12 23
2225 17 12 33
3788 17 12 52
961 17 12 8
2647 17 12 92
4749 17 12 81
965 17 12 57
4860 17 12 71
1641 17 13 71
2627 17 13 16
4490 17 13 33
3325 17 13 81
4497 17 13 23
698 17 13 57
3177 17 13 52
911 17 13 92
4070 17 13 8
4049 17 14 57
4258 17 14 33
1669 17 14 92
213 17 14 40
3578 17 14 82
95 17 15 72
1182 17 15 89
4023 17 15 51
4675 17 15 31
4254 17 15 5
3799 17 15 46
4253 17 16 4
3164 17 16 27
3737 17 16 77
3502 17 16 93
4388 17 16 82
3864 17 16 11
2726 17 16 51
3875 17 16 21
345 17 17 21
2911 17 17 25
600 17 17 42
1679 17 17 57
1941 17 17 75
3571 17 17 93
1585 17 17 10
3270 17 17 80
3856 17 17 52
3421 17 17 17
3705 17 17 5
3707 17 18 70
429 17 18 4
2443 17 18 28
4382 17 18 56
4624 17 19 91
1508 17 19 4
755 17 19 29
3255 17 19 62
1428 18 0 43
575 18 0 69
1799 18 0 84
1247 18 0 28
1667 18 0 14
1809 18 0 5
3065 18 1 45
4685 18 1 5
2924 18 1 30
325 18 1 13
2747 18 1 67
2642 18 1 80
4037 18 1 41
1039 18 2 14
1522 18 2 74
3308 18 2 47
4567 18 2 32
1423 18 2 5
3587 18 2 25
1779 18 2 54
4556 18 2 85
3615 18 3 67
1635 18 3 24
2859 18 3 88
3457 18 3 42
4620 18 3 61
1873 18 3 6
1958 18 4 24
4003 18 4 61
2810 18 4 83
4460 18 4 37
1390 18 4 88
2694 18 4 6
4593 18 4 48
4726 18 4 42
1223 18 4 68
2111 18 5 18
4632 18 5 60
4039 18 5 67
3597 18 5 44
450 18 5 24
4198 18 5 6
2980 18 5 82
3871 18 6 49
1209 18 6 20
3607 18 6 6
3769 18 6 43
2831 18 6 87
1826 18 6 68
1789 18 6 64
1455 18 6 25
4365 18 7 25
4323 18 7 90
4554 18 7 55
3959 18 7 5
3147 18 7 77
3372 18 7 32
2416 18 7 72
4131 18 8 28
558 18 8 66
4784 18 8 5
4882 18 8 51
1069 18 8 33
200 18 8 73
1334 18 8 88
1928 18 9 30
2808 18 9 25
2341 18 9 88
4310 18 9 5
3279 18 9 49
1841 18 9 70
3956 18 10 50
259 18 10 26
1147 18 10 5
2793 18 10 66
3499 18 10 20
1029 18 10 91
2800 18 11 54
2303 18 11 13
524 18 11 91
2094 18 11 30
4322 18 11 5
1896 18 11 74
3623 18 11 22
3485 18 11 69
4793 18 11 46
2280 18 12 5
3538 18 12 54
3142 18 12 62
2177 18 12 30
1016 18 12 14
505 18 12 91
4479 18 12 75
2611 18 12 22
3031 18 12 69
2850 18 12 46
4778 18 13 40
3036 18 13 54
1321 18 13 91
4168 18 13 30
4439 18 13 87
2374 18 13 15
1367 18 13 5
2919 18 13 62
2975 18 13 69
3970 18 13 77
4803 18 14 47
1546 18 14 40
4834 18 14 26
1294 18 14 91
2376 18 14 54
2563 18 14 74
2052 18 14 15
1136 18 14 5
2428 18 14 69
3575 18 14 87
4215 18 14 82
2937 18 15 26
3239 18 15 10
2463 18 15 51
1507 18 15 31
1866 18 15 65
705 18 15 5
3943 18 15 89
925 18 16 11
2600 18 16 3
1219 18 16 52
3656 18 16 27
3247 18 16 82
1960 18 17 5
2893 18 17 11
952 18 17 17
2083 18 17 42
4202 18 17 80
4406 18 17 52
3962 18 17 27
4332 18 17 93
3342 18 17 57
1415 18 17 47
957 18 17 21
2589 18 17 75
4184 18 18 27
2254 18 18 4
4293 18 18 51
4472 18 18 93
3885 18 18 11
3390 18 18 57
1731 18 18 75
1540 18 18 47
3986 18 18 21
383 18 19 75
3009 18 19 25
584 18 19 3
1469 18 19 51
1610 18 19 47
481 18 19 11
1738 19 0 14
1924 19 0 5
3264 19 0 74
2969 19 0 84
906 19 0 45
2717 19 0 28
943 19 1 45
4266 19 1 30
4715 19 1 5
1118 19 1 13
4509 19 1 74
3522 19 1 84
4635 19 2 5
3005 19 2 74
3377 19 2 54
1245 19 2 85
4358 19 2 14
4652 19 2 32
3785 19 3 42
4363 19 3 88
4357 19 3 67
2369 19 3 24
3556 19 3 6
3914 19 4 22
3113 19 4 68
4884 19 4 88
3268 19 4 6
332 19 4 48
4017 19 5 6
4775 19 5 67
1766 19 5 44
2957 19 5 24
2276 19 6 25
3492 19 6 6
787 19 6 49
2606 19 6 68
2458 19 7 5
728 19 7 55
605 19 7 89
3996 19 7 32
3895 19 7 77
2440 19 8 51
3602 19 8 73
4733 19 8 5
1140 19 8 33
3886 19 8 88
888 19 9 49
3462 19 9 88
2336 19 9 5
2338 19 9 30
3254 19 9 73
3630 19 10 74
1363 19 10 91
4140 19 10 10
568 19 10 26
4922 19 10 50
798 19 10 4
1817 19 11 4
3547 19 11 10
3116 19 11 91
4517 19 11 74
2870 19 11 22
2605 19 11 51
1890 19 12 4
3154 19 12 11
4570 19 12 30
2125 19 12 44
3401 19 12 91
4829 19 12 75
2454 19 13 4
3696 19 13 91
491 19 13 77
2500 19 13 25
4560 19 13 48
2730 19 13 13
899 19 14 64
2400 19 14 25
3124 19 14 4
882 19 14 52
4097 19 14 13
2653 19 15 51
1948 19 15 4
4831 19 15 10
1783 19 15 65
3408 19 15 31
4232 19 16 80
4645 19 16 11
633 19 16 56
1932 19 16 3
4533 19 16 17
1642 19 17 80
2586 19 17 17
1511 19 17 3
4603 19 17 11
1751 19 17 42
4682 19 17 56
4160 19 17 74
5 19 18 3
3739 19 18 9
1312 19 18 27
4324 19 18 75
4687 19 18 57
1064 19 19 11
4862 19 19 25
935 19 19 3
4670 19 19 51
2480 19 19 75
