2610
2788 0 0 1
404 0 0 34
4283 0 0 91
2491 0 1 26
5082 0 1 1
5694 0 1 83
2634 0 2 1
1066 0 2 16
4469 0 2 83
4857 0 3 19
3102 0 3 68
3839 0 3 1
5011 0 4 35
4670 0 4 1
2941 0 4 57
729 0 5 56
3780 0 5 98
5561 0 5 1
4959 0 5 20
3032 0 6 46
4975 0 6 97
4563 0 6 21
1629 0 6 1
2576 0 7 20
5004 0 7 1
4940 0 7 96
460 0 7 59
5418 0 8 5
5253 0 8 95
3897 0 8 1
5547 0 8 66
2694 0 9 7
5453 0 9 1
5061 0 9 84
2098 0 9 44
2239 0 10 8
5192 0 10 84
3447 0 10 1
4524 0 10 47
3229 0 11 11
5497 0 11 85
531 0 11 1
5625 0 11 50
5619 0 12 56
1262 0 12 86
4903 0 12 3
423 0 12 1
1201 0 13 1
68 0 13 11
2390 0 13 55
1759 0 13 87
5635 0 14 88
4772 0 14 1
5410 0 14 18
2165 0 14 45
3190 0 15 51
5652 0 15 89
4878 0 15 24
4076 0 15 1
5015 0 16 41
3551 0 16 1
4437 0 16 13
3763 0 16 91
4530 0 17 1
5683 0 17 36
4731 0 17 20
5067 0 17 93
5459 0 18 93
5345 0 18 1
1144 0 18 9
2315 0 18 59
4424 0 19 94
5147 0 19 1
2827 0 19 59
281 0 19 18
5510 1 9 77
2836 1 9 44
2742 1 9 1
4000 1 9 7
847 1 9 42
1420 1 10 1
912 1 10 32
5503 1 10 47
4380 1 10 78
5512 1 10 84
14 1 10 97
2249 1 10 8
5621 1 11 74
5495 1 11 85
839 1 11 11
882 1 11 1
4349 1 11 8
3282 1 11 47
5520 1 11 50
5560 1 12 49
1710 1 12 56
5195 1 12 86
4182 1 12 3
4125 1 12 96
5006 1 13 55
1726 1 13 87
4558 1 13 82
3639 1 13 45
2142 1 13 8
836 1 13 1
686 1 13 11
1586 1 14 45
2132 1 14 18
5749 1 14 79
2954 1 14 1
3809 1 14 15
5724 1 14 43
3247 1 14 88
4849 1 15 24
4812 1 15 85
236 1 15 20
2108 1 15 51
3803 1 15 89
4064 1 15 1
5699 1 16 1
860 1 16 41
3469 1 16 91
5045 1 16 37
5109 1 16 10
5213 1 16 85
631 1 16 13
4561 1 17 17
3314 1 17 36
1328 1 17 98
3047 1 17 1
4417 1 17 20
4254 1 17 79
3615 1 18 25
3587 1 18 1
4837 1 18 9
4806 1 18 93
5351 1 18 81
5659 1 19 86
2616 1 19 94
3430 1 19 37
5685 1 19 14
5499 1 19 1
2832 1 19 18
5148 1 19 59
391 2 0 15
2961 2 0 37
3451 2 0 82
3941 2 0 77
3353 2 0 69
1676 2 0 90
3222 2 0 22
3187 2 0 6
401 2 0 43
2777 2 0 62
1744 2 1 50
4760 2 1 67
3464 2 1 6
2054 2 1 77
4377 2 1 28
3384 2 1 44
2940 2 1 13
1863 2 2 83
3396 2 2 29
3293 2 2 55
1307 2 2 49
2515 2 2 6
3302 2 2 16
3253 2 2 70
2025 2 2 60
3590 2 3 63
2650 2 3 79
233 2 3 53
2595 2 3 33
1414 2 3 57
4246 2 3 13
2957 2 3 19
2779 2 3 73
534 2 3 6
3364 2 3 39
2719 2 3 89
5019 2 4 6
4941 2 4 55
5518 2 4 38
5334 2 4 81
995 2 4 90
1210 2 4 76
3358 2 4 49
5630 2 4 28
5658 2 5 62
3018 2 5 85
2972 2 5 6
1507 2 5 36
2036 2 5 29
2778 2 5 80
3323 2 5 12
720 2 5 44
5540 2 6 65
5332 2 6 7
2973 2 6 13
3524 2 6 88
3999 2 6 29
1329 2 6 40
1423 2 7 25
1988 2 7 6
2588 2 7 85
1810 2 7 54
1857 2 9 77
1995 2 9 96
680 2 9 1
813 2 9 39
4614 2 9 7
4756 2 9 44
3616 2 9 71
5030 2 10 8
3729 2 10 84
4308 2 10 32
1295 2 10 47
4126 2 10 78
4457 2 10 71
4177 2 10 2
5212 2 10 42
1665 2 10 97
2666 2 10 29
3169 2 11 50
2173 2 11 69
2062 2 11 96
4265 2 11 74
1853 2 11 1
2496 2 11 11
2409 2 11 35
5287 2 11 7
4750 2 11 85
3719 2 12 3
5269 2 12 56
3597 2 12 79
2388 2 12 96
4014 2 12 86
5390 2 12 49
4340 2 13 11
3379 2 13 87
3167 2 13 82
3704 2 13 38
1621 2 13 45
4585 2 13 55
4106 2 13 96
4677 2 13 2
4565 2 14 18
819 2 14 15
3211 2 14 77
5474 2 14 12
1935 2 14 1
4407 2 14 36
2100 2 14 45
5276 2 14 79
638 2 14 88
1862 2 14 43
2080 2 15 85
5617 2 15 79
2325 2 15 16
1497 2 15 1
4511 2 15 49
828 2 15 89
428 2 15 21
1358 2 15 24
2309 2 15 51
2336 2 16 37
5145 2 16 13
4754 2 16 34
3586 2 16 10
3178 2 16 41
893 2 16 91
5564 2 16 83
1901 2 16 1
3300 2 17 1
5307 2 17 94
4440 2 17 79
2849 2 17 17
2683 2 17 20
2671 2 17 14
4969 2 17 36
4916 2 17 57
2057 2 18 23
4679 2 18 67
540 2 18 25
3394 2 18 93
2562 2 18 1
2174 2 18 81
4695 2 18 9
4420 2 19 18
5044 2 19 14
3900 2 19 1
3089 2 19 33
1045 2 19 37
5040 2 19 59
3416 2 19 86
920 2 19 94
5679 2 19 83
3666 3 0 43
2292 3 0 69
3388 3 0 6
3400 3 0 22
4109 3 0 62
4473 3 0 82
286 3 0 91
4477 3 0 37
4506 3 0 76
1967 3 0 15
3859 3 1 6
4879 3 1 67
3380 3 1 77
2295 3 1 91
2960 3 1 50
3387 3 1 13
4606 3 1 44
4531 3 1 28
2559 3 2 6
3502 3 2 29
1296 3 2 48
4130 3 2 16
2369 3 2 70
2318 3 2 60
3374 3 2 76
2753 3 2 83
54 3 2 54
5440 3 3 6
2183 3 3 53
5645 3 3 39
2416 3 3 57
4143 3 3 63
3126 3 3 73
3160 3 3 33
4405 3 3 13
4568 3 3 79
3901 3 3 89
3800 3 3 19
1306 3 4 6
2215 3 4 33
2932 3 4 55
1737 3 4 81
2394 3 4 38
3972 3 5 44
3363 3 5 85
4521 3 5 62
5533 3 5 12
5626 3 5 6
4379 3 5 29
3181 3 5 36
5515 3 6 6
4189 3 6 40
2632 3 6 30
2141 3 6 13
3399 3 6 65
511 3 7 6
2253 3 7 30
3112 3 7 86
5134 3 7 57
4700 3 9 77
1477 3 9 96
3153 3 9 92
5196 3 9 39
3130 3 9 71
5517 3 9 7
3059 3 9 36
1924 3 9 44
160 3 9 1
3267 3 10 42
1593 3 10 2
3076 3 10 32
1431 3 10 78
3230 3 10 84
3911 3 10 70
1458 3 10 29
4680 3 10 8
931 3 10 47
5496 3 10 97
3145 3 11 74
5016 3 11 85
2312 3 11 1
3890 3 11 95
1855 3 11 7
3783 3 11 35
4181 3 11 4
1717 3 11 50
1950 3 11 69
2242 3 11 29
506 3 11 11
1481 3 11 47
4971 3 12 49
2735 3 12 79
2363 3 12 95
3180 3 12 3
5338 3 12 86
4623 3 12 45
1365 3 12 56
3841 3 13 45
3359 3 13 38
5614 3 13 34
2233 3 13 96
266 3 13 82
2968 3 13 51
5759 3 13 55
5162 3 13 11
2858 3 13 87
1345 3 13 2
5681 3 13 79
1679 3 14 18
5426 3 14 15
3871 3 14 36
4399 3 14 97
5177 3 14 77
5197 3 14 12
4244 3 14 33
594 3 14 1
5598 3 14 88
3896 3 14 45
1978 3 14 70
5545 3 15 79
3404 3 15 85
3659 3 15 87
2546 3 15 97
5240 3 15 24
5 3 15 1
3290 3 15 51
5328 3 15 89
5472 3 15 75
1522 3 15 16
5504 3 15 47
922 3 16 80
2704 3 16 13
676 3 16 91
4656 3 16 83
3595 3 16 34
137 3 16 1
4504 3 16 41
1325 3 16 10
2548 3 17 14
5431 3 17 57
3630 3 17 94
1913 3 17 32
3308 3 17 79
1606 3 17 1
3042 3 17 36
1076 3 17 75
2573 3 17 20
3944 3 18 56
4313 3 18 67
1002 3 18 1
4673 3 18 25
1828 3 18 23
3201 3 18 93
1699 3 18 81
3641 3 18 9
721 3 19 94
5163 3 19 11
4644 3 19 37
4149 3 19 14
5073 3 19 18
528 3 19 33
3066 3 19 59
2697 3 19 83
2769 3 19 86
5569 3 19 1
4410 3 19 30
4851 3 19 55
949 4 0 62
4701 4 0 22
2359 4 0 15
5372 4 0 37
3776 4 0 43
117 4 0 5
5471 4 0 76
3393 4 0 82
2374 4 0 59
2582 4 1 67
1190 4 1 77
3547 4 1 13
5475 4 1 50
191 4 1 28
2578 4 1 5
4439 4 2 16
5309 4 2 29
1926 4 2 54
2157 4 2 48
13 4 2 60
5074 4 2 76
2807 4 2 6
3116 4 2 83
2317 4 3 39
3688 4 3 19
2444 4 3 57
666 4 3 63
2564 4 3 79
1740 4 3 5
4954 4 3 13
5711 4 4 38
4252 4 4 81
4720 4 4 13
3769 4 4 55
1669 4 4 5
1867 4 5 12
3925 4 5 36
4808 4 5 44
586 4 5 58
3933 4 5 62
229 4 5 5
5577 4 5 75
3959 4 6 30
2865 4 6 40
1416 4 6 5
4233 4 6 68
3162 4 6 75
3306 4 6 13
4886 4 6 57
1711 4 7 32
430 4 7 6
3930 4 7 68
1637 4 7 75
4681 4 7 57
4686 4 9 89
3792 4 9 44
724 4 9 92
4905 4 9 77
3695 4 9 39
5267 4 9 96
5660 4 9 36
2922 4 9 71
5160 4 9 7
3271 4 9 2
2939 4 9 65
4665 4 10 84
486 4 10 95
3140 4 10 29
2101 4 10 42
2606 4 10 70
3241 4 10 97
612 4 10 2
1254 4 10 8
4984 4 10 38
4384 4 10 64
5401 4 10 32
256 4 10 78
5001 4 11 2
2838 4 11 50
3567 4 11 66
1915 4 11 69
2005 4 11 35
3117 4 11 74
1096 4 11 47
785 4 11 95
3319 4 11 85
3426 4 11 4
1778 4 11 28
659 4 11 7
2021 4 11 11
3796 4 12 3
2343 4 12 49
3016 4 12 76
1550 4 12 95
2066 4 12 86
1800 4 12 79
3672 4 12 31
1668 4 12 56
1119 4 12 45
5397 4 13 78
5427 4 13 34
2824 4 13 51
1120 4 13 55
1042 4 13 2
4264 4 13 38
4578 4 13 83
618 4 13 96
2333 4 13 11
1883 4 13 87
5014 4 14 15
1035 4 14 97
3470 4 14 36
1012 4 14 77
3920 4 14 29
1444 4 14 12
3504 4 14 1
4017 4 14 18
1818 4 14 8
4393 4 14 66
4269 4 14 88
943 4 14 70
637 4 14 45
2071 4 15 97
444 4 15 75
4222 4 15 89
976 4 15 16
3056 4 15 24
5179 4 15 40
3270 4 15 11
1893 4 15 51
5394 4 15 79
1816 4 15 1
5100 4 16 73
4097 4 16 83
4454 4 16 41
5596 4 16 1
148 4 16 80
100 4 16 91
5589 4 16 13
3209 4 16 35
2482 4 16 7
5262 4 16 30
357 4 16 10
2373 4 17 79
1050 4 17 32
5308 4 17 8
2857 4 17 57
3349 4 17 36
5272 4 17 29
431 4 17 73
2734 4 17 94
3825 4 17 1
2288 4 17 14
5069 4 17 20
5548 4 17 55
1038 4 17 75
2967 4 18 67
5289 4 18 81
3417 4 18 56
1062 4 18 9
5650 4 18 89
183 4 18 1
3111 4 18 93
2767 4 18 51
1632 4 18 25
3518 4 19 55
5322 4 19 86
4655 4 19 95
3352 4 19 14
3174 4 19 1
3984 4 19 37
194 4 19 59
3362 4 19 92
4171 4 19 18
804 4 19 34
4660 5 0 5
4989 5 0 43
2502 5 0 62
4880 5 0 77
3579 5 0 82
4792 5 0 15
3006 5 0 22
5417 5 1 77
440 5 1 28
5732 5 1 50
5378 5 1 15
2631 5 1 67
5207 5 1 5
4566 5 2 16
3614 5 2 54
4082 5 2 83
283 5 2 5
1876 5 2 60
2668 5 2 29
5691 5 3 19
5208 5 3 13
365 5 3 39
4516 5 3 5
1464 5 3 63
1524 5 3 79
2927 5 4 38
5467 5 4 13
139 5 4 81
5215 5 4 5
2082 5 4 62
33 5 5 83
722 5 5 44
1052 5 5 12
362 5 5 5
1364 5 5 62
3461 5 6 5
3817 5 6 68
1662 5 6 83
347 5 6 40
5348 5 6 20
4262 5 7 5
5313 5 7 69
1046 5 7 43
4134 5 7 83
198 5 7 20
911 5 9 32
3350 5 9 39
2686 5 9 44
3261 5 9 96
2825 5 9 65
1405 5 9 7
2067 5 9 71
4045 5 9 77
4365 5 9 92
2007 5 9 62
4442 5 9 89
1137 5 9 2
703 5 10 8
3334 5 10 2
3697 5 10 38
4159 5 10 64
145 5 10 78
5199 5 10 60
4135 5 10 32
1272 5 10 93
3848 5 10 27
1238 5 10 5
4284 5 10 84
2251 5 10 70
5388 5 10 42
2986 5 11 93
5205 5 11 50
2966 5 11 4
928 5 11 69
1894 5 11 11
5602 5 11 85
1483 5 11 28
1071 5 11 35
2985 5 11 74
536 5 11 64
1892 5 12 3
4449 5 12 56
418 5 12 31
5102 5 12 76
1750 5 12 86
5043 5 12 73
4054 5 12 25
1090 5 12 45
3361 5 12 95
598 5 12 79
519 5 12 49
3852 5 13 34
1602 5 13 11
3962 5 13 38
1354 5 13 87
3948 5 13 75
4642 5 13 3
3511 5 13 83
3824 5 13 55
5260 5 13 78
2611 5 14 29
3346 5 14 36
1724 5 14 93
4499 5 14 77
144 5 14 70
4028 5 14 66
3 5 14 2
3531 5 14 18
3395 5 14 45
3576 5 14 9
5083 5 14 63
419 5 15 16
293 5 15 75
5764 5 15 1
932 5 15 51
4050 5 15 89
923 5 15 11
5106 5 15 6
4068 5 15 79
5462 5 15 72
2258 5 15 24
4833 5 15 40
5257 5 16 92
2425 5 16 83
4740 5 16 13
3655 5 16 30
3367 5 16 41
3115 5 16 1
3141 5 16 73
1534 5 17 20
4978 5 17 32
3221 5 17 79
3452 5 17 72
2199 5 17 94
2035 5 17 1
4235 5 17 57
3083 5 17 92
5653 5 17 36
1092 5 17 50
5056 5 17 8
58 5 17 14
1385 5 18 19
713 5 18 1
1663 5 18 51
3819 5 18 6
1380 5 18 25
2467 5 18 56
4221 5 18 81
507 5 18 67
4804 5 18 9
4195 5 18 89
878 5 18 93
2755 5 19 78
2211 5 19 55
1502 5 19 59
4426 5 19 2
3548 5 19 18
1445 5 19 14
2139 5 19 37
4964 5 19 86
2266 5 19 95
5578 6 0 2
1053 6 0 62
1934 6 0 22
4196 6 0 82
4939 6 1 62
1164 6 1 2
4586 6 1 82
1842 6 1 28
1457 6 2 60
2833 6 2 2
1704 6 2 92
2032 6 2 29
5183 6 3 92
55 6 3 70
4415 6 3 19
3495 6 3 2
4874 6 4 2
826 6 4 93
4702 6 4 23
4027 6 4 75
2129 6 5 2
5299 6 5 25
272 6 5 64
2003 6 6 2
5536 6 6 47
3107 6 6 69
1277 6 7 34
3971 6 7 76
493 6 7 2
2209 6 17 5
1003 6 18 41
627 6 18 25
1907 6 19 6
4852 6 19 24
4800 6 19 39
2946 6 19 63
2022 7 0 26
2703 7 0 21
5415 7 0 70
1007 7 0 74
934 7 0 5
27 7 0 85
5088 7 0 57
4015 7 0 52
576 7 1 45
3503 7 1 5
2678 7 1 21
2232 7 1 57
1762 7 1 17
1421 7 1 52
3528 7 1 26
3910 7 1 61
3883 7 1 85
2919 7 1 79
685 7 2 5
4942 7 2 58
3318 7 2 61
981 7 2 87
1158 7 2 17
775 7 2 52
3761 7 2 48
3021 7 2 26
2074 7 2 79
2982 7 3 53
187 7 3 87
1287 7 3 79
695 7 3 17
3500 7 3 48
476 7 3 10
348 7 3 26
3955 7 3 5
3294 7 3 61
3888 7 9 19
3082 7 9 34
3625 7 9 80
5108 7 9 16
4168 7 9 59
4689 7 9 5
4985 7 9 62
1399 7 9 29
4337 7 9 88
253 7 10 22
916 7 10 5
3342 7 10 46
3124 7 10 63
5379 7 12 35
4107 7 12 23
1124 7 12 5
4766 7 12 73
2522 7 12 87
4478 7 13 66
5171 7 13 17
1504 7 13 84
1962 7 13 90
3589 7 13 9
1649 7 13 46
2195 7 13 71
4552 7 13 49
2217 7 13 29
1554 7 13 24
3150 7 13 5
4368 7 13 55
1286 7 14 61
464 7 14 87
5246 7 14 19
765 7 14 38
2944 7 14 53
5185 7 14 45
2262 7 14 78
3932 7 14 27
1728 7 14 5
379 7 14 10
5114 7 15 36
5449 7 15 70
3794 7 15 19
1370 7 15 5
28 7 15 87
1570 7 15 47
1526 7 15 16
2691 7 15 41
4111 7 15 55
4523 7 15 60
682 7 15 82
1505 7 16 25
2848 7 16 5
696 7 16 68
602 7 16 77
367 7 16 83
2300 7 16 14
1943 7 16 90
684 7 16 31
4310 7 16 54
3296 7 16 61
3227 7 16 49
490 7 17 15
3507 7 17 20
1610 7 17 28
3685 7 17 46
5302 7 17 5
4912 7 17 42
897 7 17 64
4517 7 17 81
3028 7 17 53
2674 7 17 75
2267 7 18 5
2569 7 18 9
3844 7 18 87
4663 7 18 91
1577 7 18 33
403 7 18 58
909 7 18 21
5595 7 18 28
5460 7 18 45
4051 7 18 70
5368 7 19 38
1873 7 19 24
3669 7 19 63
90 7 19 5
5671 7 19 51
46 7 19 77
5141 7 19 89
4970 8 0 52
5247 8 0 57
2338 8 0 26
3912 8 0 5
3868 8 0 21
29 8 0 70
1698 8 0 74
421 8 0 85
5530 8 1 61
1902 8 1 5
4966 8 1 47
111 8 1 22
3993 8 1 71
228 8 1 78
3476 8 2 87
1708 8 2 22
4948 8 2 58
3121 8 2 47
3814 8 2 5
3826 8 3 5
1109 8 3 70
2270 8 3 24
2219 8 3 48
5702 8 5 27
4706 8 5 49
2989 8 5 5
147 8 5 72
5597 8 6 77
4416 8 6 5
2190 8 6 27
1244 8 6 51
5281 8 7 42
1104 8 7 14
3492 8 7 85
640 8 7 58
2188 8 7 77
3091 8 7 5
2356 8 7 19
4922 8 7 54
3232 8 7 35
3486 8 8 90
1631 8 8 84
3415 8 8 68
4856 8 8 47
1427 8 8 40
1687 8 8 64
4396 8 8 5
881 8 8 23
381 8 9 88
4858 8 9 19
5319 8 9 34
3326 8 9 59
114 8 9 5
3770 8 9 29
4784 8 9 80
4018 8 10 53
1129 8 10 5
1454 8 10 8
1315 8 10 82
5454 8 12 58
3544 8 12 87
874 8 12 42
2519 8 12 5
4813 8 13 49
747 8 13 4
5479 8 13 17
3976 8 13 24
4119 8 13 29
3601 8 13 58
3142 8 13 76
1703 8 13 90
3173 8 14 61
3455 8 14 78
3156 8 14 53
5071 8 14 5
5441 8 14 45
4113 8 14 27
615 8 14 18
3683 8 14 10
812 8 15 20
5062 8 15 47
1856 8 15 70
1919 8 15 75
1657 8 15 5
3755 8 15 25
2706 8 15 41
5403 8 15 60
1072 8 15 82
4245 8 15 87
5546 8 15 36
5057 8 15 55
4705 8 16 54
1536 8 16 25
2567 8 16 90
1837 8 16 31
3992 8 16 5
3163 8 16 14
1755 8 16 77
3473 8 16 49
4914 8 16 61
4575 8 16 83
3520 8 16 68
4218 8 17 28
4895 8 17 46
2765 8 17 5
2947 8 17 75
1157 8 17 20
1688 8 17 25
1289 8 17 53
4926 8 17 42
124 8 17 80
978 8 18 21
4824 8 18 87
4703 8 18 58
2149 8 18 17
1556 8 18 81
4735 8 18 70
1895 8 18 4
1646 8 18 33
5649 8 18 45
1721 8 19 5
326 8 19 50
5508 8 19 24
457 8 19 89
59 8 19 18
3937 8 19 63
751 8 19 77
3671 8 19 46
39 8 19 71
5446 8 19 38
5493 9 0 57
1292 9 0 2
4721 9 0 74
4112 9 0 26
2516 9 1 22
2750 9 1 78
5490 9 1 61
5563 9 1 2
4748 9 2 2
112 9 2 26
4071 9 2 58
2073 9 2 80
2075 9 3 61
4876 9 3 26
5367 9 3 2
4609 9 3 80
917 9 7 42
2663 9 7 58
2093 9 7 64
3337 9 7 77
2020 9 7 14
2507 9 7 19
3855 9 7 85
3843 9 7 35
1496 9 7 4
5365 9 8 47
2730 9 8 90
4779 9 8 40
1764 9 8 23
5741 9 8 68
4366 9 8 14
5094 9 8 84
1093 9 8 4
3303 9 8 64
3292 9 9 19
4315 9 9 34
5538 9 9 40
3644 9 9 80
412 9 9 4
885 9 9 64
1535 9 9 14
3179 9 9 72
1282 9 9 69
4773 9 10 4
1875 9 10 52
5421 9 10 17
4421 9 10 29
660 9 12 4
3840 9 12 26
3085 9 12 88
4316 9 12 9
1075 9 12 52
714 9 13 17
2442 9 13 29
3874 9 13 58
2655 9 13 71
2123 9 13 55
946 9 13 76
4234 9 13 4
3926 9 14 61
1233 9 14 18
4875 9 14 10
4767 9 14 53
1801 9 14 72
4749 9 14 78
1106 9 14 27
2172 9 14 4
5382 9 15 10
749 9 15 4
5078 9 15 47
3061 9 15 20
288 9 15 55
1255 9 15 75
2736 9 15 41
3257 9 15 70
1622 9 15 86
969 9 15 25
1005 9 15 65
1580 9 16 14
5284 9 16 5
5111 9 16 54
4595 9 16 83
2700 9 16 31
5137 9 16 61
3103 9 16 89
4711 9 16 68
1795 9 16 77
837 9 16 20
4414 9 16 49
5156 9 17 28
4147 9 17 46
4256 9 17 71
4333 9 17 5
4364 9 17 25
2994 9 17 75
1131 9 17 80
1195 9 17 20
1811 9 17 53
3861 9 18 33
2731 9 18 4
5507 9 18 58
4713 9 18 81
1377 9 18 21
2699 9 18 76
2423 9 18 70
1203 9 18 52
5470 9 18 87
2501 9 18 17
3539 9 18 45
5669 9 19 24
3034 9 19 38
1650 9 19 50
4164 9 19 71
3604 9 19 5
1937 9 19 46
2341 9 19 89
894 9 19 18
1936 9 19 77
4304 9 19 63
4744 10 0 20
5574 10 0 59
1572 10 0 64
2852 10 0 39
4297 10 0 82
738 10 0 3
3894 10 0 31
3484 10 1 12
1341 10 1 31
3058 10 1 3
4052 10 1 82
2535 10 1 39
3357 10 1 79
4570 10 1 59
5121 10 1 64
4214 10 1 20
4645 10 1 44
1355 10 1 86
2992 10 1 51
1864 10 2 82
1533 10 2 3
3081 10 2 12
5542 10 2 44
4718 10 2 40
4339 10 2 64
4805 10 2 33
753 10 2 74
2620 10 2 86
3715 10 2 20
4008 10 2 59
2264 10 2 51
633 10 3 64
694 10 3 74
2586 10 3 86
3677 10 3 20
3741 10 3 59
3623 10 3 34
1635 10 3 12
2724 10 3 40
4684 10 3 44
4391 10 3 53
1493 10 3 3
905 10 4 12
1166 10 4 59
5608 10 4 21
1463 10 4 40
3075 10 4 53
1181 10 4 3
3214 10 4 64
1641 10 4 70
351 10 4 74
5035 10 4 86
3092 10 4 34
42 10 4 91
4765 10 5 3
1749 10 5 67
1059 10 5 30
3409 10 5 85
1480 10 6 9
4698 10 7 85
2260 10 7 4
5072 10 7 58
4175 10 7 64
5290 10 7 77
2238 10 7 14
3936 10 7 19
1969 10 7 42
5723 10 8 14
5404 10 8 84
3304 10 8 90
1655 10 8 47
2415 10 8 23
4547 10 8 77
2552 10 8 4
5690 10 8 68
5154 10 9 80
3877 10 9 14
5677 10 9 19
3176 10 9 4
4293 10 9 69
3113 10 9 40
4483 10 10 72
4820 10 10 4
5478 10 10 17
3934 10 10 59
5656 10 10 33
1777 10 12 14
3720 10 12 4
3790 10 12 74
2028 10 12 55
3026 10 12 32
4033 10 13 4
770 10 13 27
3793 10 13 14
1058 10 13 58
4140 10 13 76
230 10 14 4
2505 10 14 18
4131 10 14 61
386 10 14 78
2831 10 14 27
92 10 15 19
2977 10 15 86
2178 10 15 55
5122 10 15 47
2920 10 15 75
4122 10 15 41
1182 10 15 65
1163 10 15 25
350 10 15 4
3935 10 16 89
4386 10 16 4
3820 10 16 14
1223 10 16 20
5444 10 16 54
954 10 16 31
358 10 16 83
2793 10 16 77
1140 10 16 61
2185 10 17 49
3534 10 17 86
4588 10 17 75
2037 10 17 4
4888 10 17 25
3315 10 17 53
371 10 17 19
816 10 17 28
5525 10 17 80
1439 10 18 52
4987 10 18 4
170 10 18 46
2556 10 18 58
5118 10 18 76
1830 10 18 21
3543 10 18 86
4881 10 18 81
2669 10 18 17
3382 10 18 33
1990 10 19 18
2015 10 19 71
2207 10 19 77
4632 10 19 63
1151 10 19 89
2116 10 19 50
712 10 19 4
1212 10 19 24
2665 10 19 46
2048 10 19 60
3716 11 0 12
4821 11 0 39
4950 11 0 20
2926 11 0 64
4577 11 0 82
5298 11 0 31
4103 11 0 2
3068 11 1 78
2162 11 1 86
5018 11 1 44
4329 11 1 2
4172 11 1 12
2882 11 1 51
1909 11 2 3
2203 11 2 10
2712 11 2 84
1193 11 2 33
4666 11 2 50
4650 11 3 3
1149 11 3 11
5562 11 3 53
1671 11 3 34
4532 11 3 83
4194 11 4 12
3570 11 4 48
4648 11 4 2
433 11 4 79
1961 11 4 21
2602 11 4 86
3526 11 5 78
1051 11 5 87
5511 11 5 12
3588 11 5 51
2549 11 5 22
4774 11 5 2
1105 11 6 19
5273 11 6 79
966 11 7 85
2130 11 7 64
5081 11 7 3
5434 11 7 19
568 11 8 23
5318 11 8 77
2662 11 8 84
5066 11 8 51
31 11 8 3
2039 11 9 51
3829 11 9 3
3223 11 9 80
4167 11 9 78
5528 11 9 19
1582 11 10 82
5331 11 10 77
2406 11 10 51
77 11 10 3
4240 11 10 21
2386 11 15 19
3095 11 15 55
3408 11 15 75
3013 11 15 65
3583 11 15 86
3746 11 15 4
2379 11 15 25
5201 11 15 47
2381 11 16 61
5381 11 16 55
4514 11 16 89
5090 11 16 4
2591 11 16 20
5484 11 16 14
4838 11 16 77
4825 11 16 31
788 11 16 83
3063 11 17 28
5327 11 17 53
2571 11 17 4
1221 11 17 80
4797 11 17 75
5541 11 17 19
5391 11 18 4
4352 11 18 33
3210 11 18 52
3235 11 18 81
822 11 18 46
2830 11 18 58
2431 11 18 21
3171 11 18 89
5248 11 18 76
3138 11 18 17
2924 11 19 18
2963 11 19 63
3401 11 19 4
3080 11 19 46
3338 11 19 77
1944 11 19 89
2243 11 19 24
2584 11 19 50
214 12 0 20
4628 12 0 90
4899 12 0 82
2512 12 0 39
4936 12 0 2
5172 12 1 20
2280 12 1 51
5704 12 1 2
4930 12 1 90
5198 12 1 82
1814 12 2 10
222 12 2 93
4166 12 2 84
5400 12 2 50
4741 12 2 2
553 12 3 2
287 12 3 53
344 12 3 93
4791 12 3 11
4289 12 3 86
5535 12 4 54
4540 12 4 2
2504 12 4 67
2430 12 4 21
3847 12 5 2
1167 12 5 74
5631 12 5 22
4722 12 5 54
1268 12 6 79
3585 12 6 19
532 12 6 9
221 12 7 75
4042 12 7 35
4626 12 7 70
3758 12 7 61
688 12 7 16
2102 12 7 41
538 12 7 2
3731 12 7 45
1597 12 8 2
2473 12 8 16
1408 12 8 31
5027 12 8 35
3749 12 8 63
4909 12 8 70
3977 12 8 75
220 12 8 93
611 12 8 45
2278 12 8 41
377 12 9 76
3928 12 9 47
3870 12 9 7
811 12 9 26
4022 12 9 59
5556 12 10 26
5168 12 10 14
396 12 10 60
218 12 10 53
4053 12 10 33
3873 12 10 47
5727 12 10 7
1489 12 10 78
2557 12 11 14
3624 12 11 47
3946 12 11 60
2761 12 11 9
5323 12 11 53
2171 12 11 78
3730 12 11 70
1560 12 11 33
818 12 12 48
4228 12 12 72
5222 12 12 43
4836 12 12 82
4165 12 12 4
2902 12 12 19
5532 12 13 73
4104 12 13 4
333 12 13 41
5603 12 13 68
4919 12 13 86
22 12 14 18
4127 12 15 25
4636 12 15 20
4026 12 15 4
5638 12 15 89
3828 12 15 55
3159 12 15 65
383 12 15 75
1324 12 16 31
4759 12 16 4
3191 12 16 20
459 12 16 61
5668 12 16 89
5275 12 16 83
1256 12 17 28
3965 12 17 21
3128 12 17 4
1366 12 17 80
513 12 17 52
3571 12 18 4
4823 12 18 52
5021 12 18 33
89 12 18 81
4725 12 18 58
3493 12 18 21
5335 12 19 4
3305 12 19 63
3114 12 19 77
3538 12 19 50
3939 12 19 18
1057 12 19 45
4286 12 19 24
4538 13 0 3
1890 13 0 15
1191 13 0 37
1916 13 0 74
2536 13 0 59
5203 13 0 78
3123 13 0 56
2900 13 0 11
1733 13 0 20
2347 13 0 87
3258 13 0 42
255 13 1 69
5730 13 1 19
378 13 1 32
2614 13 1 3
3652 13 1 74
2277 13 1 42
4476 13 1 92
426 13 1 78
3510 13 1 38
4207 13 1 82
2420 13 2 92
2187 13 2 38
2528 13 2 70
51 13 2 32
1850 13 2 42
5278 13 2 19
2372 13 2 78
4324 13 3 19
483 13 3 32
4958 13 3 48
4929 13 3 45
1958 13 3 78
4859 13 4 48
4848 13 4 9
1301 13 4 19
4344 13 4 32
405 13 4 78
4676 13 5 24
2014 13 5 9
4831 13 5 48
4764 13 5 79
4955 13 5 19
2310 13 6 79
1529 13 6 9
4921 13 6 19
3724 13 6 50
3108 13 7 3
2673 13 7 57
2299 13 7 73
1833 13 7 15
4187 13 7 31
4153 13 7 38
2428 13 7 60
5672 13 7 89
3381 13 7 9
1112 13 7 64
3620 13 8 3
4279 13 8 63
810 13 8 45
652 13 8 14
5634 13 8 70
259 13 8 93
5144 13 8 35
1205 13 8 75
2412 13 8 41
4847 13 9 26
3913 13 9 7
2235 13 9 77
5587 13 9 59
4654 13 9 47
3424 13 10 33
9 13 10 3
3392 13 10 77
3288 13 10 60
1732 13 10 14
2657 13 11 78
1628 13 11 70
4892 13 11 29
4466 13 11 9
789 13 11 4
5288 13 11 43
5680 13 12 43
5110 13 12 72
5133 13 12 14
4092 13 12 19
5568 13 12 48
1584 13 12 3
2727 13 12 82
2380 13 13 3
3753 13 13 73
1219 13 13 14
1792 13 13 34
3636 13 13 65
649 13 13 83
225 13 14 72
1517 13 14 18
767 13 15 25
773 13 15 75
3856 13 15 4
4296 13 15 65
4012 13 16 4
5048 13 16 31
1001 13 16 83
4321 13 16 61
632 13 17 61
3679 13 17 28
3778 13 17 4
5420 13 17 81
2675 13 18 33
2110 13 18 81
657 13 18 4
5312 13 18 58
5362 13 19 4
1015 13 19 24
2448 13 19 63
5628 13 19 50
4719 14 0 90
2214 14 0 63
1905 14 0 37
3053 14 0 11
1523 14 0 59
4983 14 0 3
395 14 0 88
2436 14 0 20
3960 14 0 74
635 14 0 42
5233 14 0 78
4933 14 0 15
1996 14 1 27
4683 14 1 82
1424 14 1 3
4223 14 1 57
3049 14 1 18
3341 14 1 32
2166 14 1 69
3651 14 1 13
4894 14 1 92
3231 14 2 63
4428 14 2 42
884 14 2 74
2493 14 2 87
3418 14 2 30
4573 14 2 9
1467 14 2 26
3726 14 2 60
3157 14 3 48
975 14 3 94
161 14 3 17
5673 14 3 71
261 14 3 65
5384 14 3 35
1824 14 3 3
5492 14 3 45
4781 14 3 84
4121 14 4 68
5263 14 4 28
1989 14 4 83
1973 14 4 32
2514 14 4 39
2041 14 4 45
4183 14 4 3
953 14 4 62
2272 14 4 88
4487 14 4 13
5255 14 4 18
834 14 5 43
752 14 5 46
1693 14 5 77
384 14 5 73
5373 14 5 17
4354 14 5 3
3218 14 5 65
62 14 5 61
4463 14 5 34
1136 14 5 40
4949 14 6 2
4515 14 6 87
2648 14 6 12
4525 14 6 56
1252 14 6 91
3024 14 6 79
4621 14 6 70
1409 14 6 53
2909 14 6 74
3821 14 6 50
3553 14 6 30
4243 14 6 18
1170 14 7 88
3044 14 7 9
3321 14 7 15
2716 14 7 60
4826 14 7 38
1549 14 7 64
4055 14 7 73
2424 14 7 31
3742 14 7 3
3523 14 8 14
5226 14 8 35
2804 14 8 41
3158 14 8 75
295 14 8 72
4809 14 8 69
2113 14 8 93
3981 14 8 3
1858 14 8 45
4280 14 8 63
959 14 9 7
5588 14 9 47
3988 14 9 3
5746 14 9 59
3714 14 10 60
3996 14 10 3
3878 14 10 7
2352 14 10 47
5310 14 11 71
746 14 11 9
3010 14 11 3
5509 14 11 43
5261 14 12 19
524 14 12 76
1579 14 12 3
5616 14 12 48
5124 14 13 50
1387 14 13 73
4435 14 13 24
2061 14 13 3
1551 14 13 80
4418 14 14 72
3552 14 14 18
118 14 15 63
4576 14 15 69
2204 14 15 92
4152 14 15 17
574 14 15 36
2042 14 15 6
577 14 16 36
935 14 16 63
5158 14 16 69
3555 14 16 92
2821 14 16 6
319 14 16 17
4579 14 16 22
1752 14 17 5
4347 14 17 77
1977 14 17 36
5223 14 17 69
98 14 17 22
2002 14 17 17
4567 14 17 27
3268 14 17 63
3599 14 17 92
373 14 17 42
4810 14 18 92
1866 14 18 81
5344 14 18 69
5514 14 18 60
3020 14 18 5
5150 14 18 17
126 14 18 22
3445 14 18 27
1018 14 18 42
2367 14 18 36
856 14 18 77
3373 14 18 88
5544 14 19 81
415 14 19 5
3421 14 19 60
1228 14 19 27
5120 14 19 12
374 14 19 57
4873 14 19 77
3938 14 19 48
2910 14 19 42
2012 14 19 88
5280 15 0 3
5231 15 0 15
2937 15 0 59
2860 15 0 63
3605 15 0 11
4091 15 0 20
2843 15 0 37
5251 15 0 78
4817 15 0 88
2218 15 0 42
737 15 1 86
3608 15 1 59
5448 15 1 32
1618 15 1 92
4629 15 1 2
1767 15 1 61
4101 15 1 27
83 15 1 69
4397 15 1 18
5013 15 2 87
2247 15 2 30
4394 15 2 74
3488 15 2 9
1308 15 2 58
3574 15 2 36
3734 15 2 63
4526 15 2 60
4877 15 2 42
3043 15 2 83
2114 15 3 65
505 15 3 2
3832 15 3 71
4738 15 3 93
224 15 3 17
5361 15 3 36
85 15 3 44
5737 15 3 48
2888 15 4 32
2839 15 4 2
3709 15 4 18
3325 15 4 45
841 15 4 68
2630 15 4 39
2930 15 4 88
1162 15 4 62
5566 15 5 46
3986 15 5 90
4994 15 5 95
1897 15 5 40
1804 15 5 73
4188 15 5 77
3788 15 5 35
346 15 5 2
3580 15 5 65
4581 15 5 17
1253 15 5 62
5761 15 6 2
4372 15 6 18
3680 15 6 28
2413 15 6 31
3997 15 6 74
2492 15 6 91
3096 15 6 12
5593 15 6 56
4727 15 6 87
4480 15 6 79
1437 15 6 53
5353 15 7 73
4156 15 7 3
3459 15 7 15
4086 15 7 88
3705 15 7 31
3073 15 7 64
1069 15 7 92
3690 15 7 9
45 15 7 38
5477 15 8 3
5085 15 8 31
569 15 8 14
2189 15 8 45
3732 15 8 93
3265 15 8 41
1835 15 8 69
3693 15 8 75
5700 15 8 63
2533 15 9 25
5165 15 9 40
5559 15 9 54
541 15 9 45
3813 15 9 84
2566 15 9 91
4274 15 9 13
4998 15 9 32
4204 15 9 59
5370 15 9 5
990 15 9 73
5079 15 10 5
3973 15 10 54
4658 15 10 40
5031 15 10 45
2643 15 10 58
2819 15 10 50
3391 15 10 63
1885 15 10 84
2348 15 10 91
3657 15 10 18
4020 15 10 69
6 15 10 26
1891 15 10 73
4302 15 11 5
1971 15 11 86
435 15 11 91
3347 15 11 54
3397 15 11 26
4643 15 11 18
1034 15 11 63
4789 15 11 45
4158 15 11 40
5464 15 12 5
2987 15 12 18
307 15 12 63
3437 15 12 45
1406 15 12 86
3804 15 12 40
209 15 12 91
999 15 13 18
3407 15 13 40
372 15 13 86
1914 15 13 25
1401 15 13 45
172 15 13 91
754 15 14 18
5136 15 14 45
2031 15 14 41
1130 15 14 91
3898 15 15 7
504 15 15 31
5753 15 15 88
1797 15 15 25
2934 15 15 57
2018 15 15 37
1478 15 15 67
1388 15 15 80
4287 15 16 33
870 15 16 4
3199 15 16 15
5648 15 16 78
3611 15 16 64
5740 15 16 44
1008 15 16 85
5063 15 16 92
5339 15 16 58
651 15 17 58
2714 15 17 3
3389 15 17 55
298 15 17 63
3645 15 17 88
641 15 17 34
4842 15 17 14
3131 15 18 5
461 15 18 69
4029 15 18 85
4927 15 18 92
855 15 18 11
4236 15 18 22
1520 15 18 53
1436 15 18 26
312 15 18 32
5627 15 18 17
3880 15 18 49
3668 15 18 59
1391 15 19 47
4943 15 19 52
5249 15 19 12
4974 15 19 27
2241 15 19 81
2820 15 19 88
973 15 19 56
2385 15 19 5
2 15 19 60
1473 16 0 15
5191 16 0 20
5714 16 0 3
4084 16 0 37
2403 16 0 10
5068 16 0 42
3224 16 0 59
4982 16 0 78
1078 16 0 91
4217 16 0 63
2988 16 1 32
705 16 1 3
4597 16 1 86
5416 16 1 92
4556 16 1 6
5701 16 1 61
190 16 1 69
4510 16 1 27
1359 16 1 37
982 16 2 63
2743 16 2 68
4601 16 2 36
2297 16 2 6
4403 16 2 9
5237 16 2 74
5282 16 2 87
3565 16 2 91
5170 16 2 30
308 16 2 2
4834 16 2 60
387 16 2 42
164 16 3 44
1607 16 3 38
1696 16 3 48
4611 16 3 71
5526 16 3 66
1036 16 3 17
3442 16 3 89
4755 16 3 93
662 16 3 2
5254 16 4 45
5687 16 4 14
4734 16 4 88
1906 16 4 62
242 16 4 2
2313 16 4 68
551 16 4 90
2912 16 4 39
2828 16 5 40
5029 16 5 95
1146 16 5 17
5002 16 5 90
5739 16 5 77
5229 16 5 65
2950 16 5 2
2350 16 5 73
967 16 5 46
1351 16 5 36
115 16 6 79
4882 16 6 2
533 16 6 27
4884 16 6 31
5611 16 6 18
30 16 6 64
3443 16 6 56
3921 16 6 91
178 16 7 73
5483 16 7 9
4807 16 7 15
5643 16 7 64
107 16 7 2
3240 16 7 38
5558 16 7 92
1598 16 8 64
3012 16 8 36
913 16 8 93
4215 16 8 31
2768 16 8 45
585 16 8 14
2044 16 8 69
656 16 8 89
410 16 8 2
3815 16 8 75
4401 16 9 84
2785 16 9 91
1900 16 9 78
2200 16 9 54
5432 16 9 32
2009 16 9 13
1321 16 9 45
798 16 9 59
1691 16 9 26
78 16 9 39
65 16 9 4
4674 16 10 80
1200 16 10 35
3508 16 10 17
5095 16 10 72
2766 16 10 30
2834 16 10 63
4485 16 10 23
777 16 10 26
3629 16 10 9
5270 16 10 4
3136 16 10 57
5458 16 11 10
4710 16 11 60
1661 16 11 66
3676 16 11 86
3927 16 11 54
3979 16 11 30
3745 16 11 25
2647 16 11 70
3581 16 11 91
3249 16 11 4
2019 16 12 4
140 16 12 67
2328 16 12 26
2327 16 12 84
5579 16 12 40
4238 16 12 13
3307 16 12 58
1568 16 12 31
94 16 13 26
3185 16 13 63
4351 16 13 7
1073 16 13 85
3699 16 13 91
2524 16 13 55
3377 16 13 79
5317 16 14 59
2059 16 14 84
1161 16 14 12
2776 16 14 90
3333 16 14 73
4374 16 14 52
157 16 14 17
2628 16 14 26
4775 16 14 32
503 16 14 4
3686 16 15 37
1500 16 15 7
4009 16 15 67
1832 16 15 80
4132 16 15 91
4470 16 15 31
3331 16 15 63
4016 16 15 87
3203 16 15 57
3692 16 16 15
5026 16 16 91
5020 16 16 33
3506 16 16 4
193 16 16 44
200 16 16 29
1547 16 16 64
4596 16 16 85
4299 16 16 80
3067 16 17 87
1482 16 17 4
2287 16 17 30
2759 16 17 16
4638 16 17 55
4331 16 17 58
3206 16 17 12
2453 16 17 34
2770 16 17 63
853 16 18 3
5086 16 18 85
4917 16 18 12
2846 16 18 26
4763 16 18 49
5096 16 18 32
3950 16 18 59
2837 16 18 17
1472 16 18 69
1881 16 18 53
38 16 18 92
1145 16 19 56
2844 16 19 27
5046 16 19 12
3857 16 19 4
3613 16 19 16
1803 16 19 60
2715 16 19 81
3637 16 19 87
5221 16 19 52
1877 17 0 15
5017 17 0 42
4446 17 0 63
5227 17 0 78
437 17 0 2
234 17 0 20
799 17 0 90
4853 17 0 10
3750 17 1 32
5324 17 1 6
2365 17 1 65
3220 17 1 89
1383 17 1 92
1964 17 1 2
5025 17 1 10
5250 17 1 27
3166 17 1 69
1498 17 1 37
2056 17 2 2
4830 17 2 42
2709 17 2 63
4816 17 2 36
2725 17 2 9
3030 17 2 68
4996 17 2 91
280 17 2 74
1510 17 3 44
5519 17 3 71
5609 17 3 63
1407 17 3 13
5315 17 3 2
1251 17 3 17
3833 17 3 93
3001 17 3 38
896 17 3 67
2803 17 3 89
3865 17 3 48
730 17 4 90
3490 17 4 39
196 17 4 87
1206 17 4 35
2933 17 4 2
2813 17 4 45
1118 17 4 16
2468 17 4 68
2913 17 5 13
4048 17 5 2
960 17 5 94
3619 17 5 77
4659 17 5 72
4438 17 5 40
4617 17 5 17
3239 17 5 46
3188 17 5 70
5487 17 5 36
2276 17 5 91
5637 17 6 27
284 17 6 9
3255 17 6 31
4818 17 6 64
1116 17 6 79
1970 17 6 2
4225 17 6 91
5306 17 7 15
50 17 7 92
5571 17 7 71
294 17 7 38
5502 17 7 9
2980 17 7 73
1878 17 7 2
647 17 7 35
865 17 8 2
830 17 8 89
5232 17 8 14
4118 17 8 69
3444 17 8 93
5762 17 8 75
5105 17 8 64
4318 17 8 36
4904 17 8 31
2953 17 8 45
4518 17 9 13
5049 17 9 54
1208 17 9 59
793 17 9 31
4191 17 9 78
1159 17 9 81
1734 17 9 39
2854 17 9 4
4616 17 9 45
769 17 9 84
458 17 10 3
331 17 10 26
3916 17 10 57
5304 17 10 72
3653 17 10 9
3773 17 10 35
2840 17 10 63
3879 17 10 17
3922 17 10 80
4093 17 10 84
4311 17 11 86
1171 17 11 59
4154 17 11 90
4019 17 11 4
2202 17 11 30
1773 17 11 66
223 17 11 10
3842 17 11 70
3165 17 12 67
1707 17 12 31
957 17 12 13
2638 17 12 84
5054 17 12 58
2689 17 12 4
5666 17 12 40
2782 17 13 26
4468 17 13 85
3286 17 13 7
5713 17 13 12
2805 17 13 38
5407 17 13 58
1654 17 13 63
4361 17 13 31
4251 17 14 84
3990 17 14 73
4006 17 14 90
34 17 14 32
1132 17 14 59
3027 17 14 3
335 17 14 17
5291 17 14 66
1230 17 14 12
5155 17 15 67
1874 17 15 7
3457 17 15 57
4605 17 15 31
4155 17 15 37
3728 17 15 63
2541 17 15 80
4624 17 15 87
3752 17 16 64
3721 17 16 15
5674 17 16 33
4714 17 16 80
2796 17 16 85
914 17 16 44
123 17 16 3
4075 17 17 16
4041 17 17 87
4986 17 17 58
1796 17 17 34
3048 17 17 63
2981 17 17 30
3882 17 17 4
3851 17 18 26
1705 17 18 69
2151 17 18 92
3423 17 18 32
3845 17 18 17
557 17 18 12
1229 17 18 3
5506 17 18 85
2538 17 18 53
4520 17 18 59
3903 17 19 16
630 17 19 4
4003 17 19 87
1386 17 19 56
3038 17 19 27
3433 17 19 60
1576 18 0 20
3958 18 0 15
5600 18 0 42
305 18 0 2
5419 18 0 63
5234 18 0 78
2639 18 0 90
328 18 1 10
681 18 1 2
735 18 1 37
4328 18 1 69
2150 18 1 92
4519 18 1 32
4697 18 2 74
2847 18 2 2
1055 18 2 42
5582 18 2 91
1056 18 2 9
5437 18 2 68
5005 18 3 17
4291 18 3 44
1625 18 3 71
446 18 3 93
5498 18 3 2
2017 18 3 13
1065 18 3 48
3269 18 3 67
3414 18 4 2
5329 18 4 39
5369 18 4 45
2607 18 4 68
4069 18 4 90
4059 18 4 65
3563 18 4 16
5125 18 5 94
2320 18 5 13
2702 18 5 91
5642 18 5 72
4047 18 5 77
5610 18 5 17
5629 18 5 2
5187 18 5 40
2305 18 5 46
2612 18 6 79
4475 18 6 31
1813 18 6 93
4278 18 6 2
4724 18 6 73
3281 18 6 9
1440 18 7 2
2342 18 7 93
4589 18 7 73
1150 18 7 38
389 18 7 15
5112 18 8 69
1798 18 8 75
2419 18 8 93
2382 18 8 2
1836 18 8 14
5389 18 8 36
4599 18 8 45
3541 18 9 4
4962 18 9 59
2603 18 9 13
616 18 9 45
2483 18 9 81
2461 18 9 39
2892 18 10 3
3097 18 10 63
1612 18 10 84
24 18 10 72
5590 18 10 17
1177 18 10 35
3279 18 10 26
4965 18 10 9
527 18 11 90
4777 18 11 4
2133 18 11 66
3974 18 11 30
2577 18 11 10
411 18 11 70
4088 18 12 4
1032 18 12 36
2696 18 12 13
3739 18 12 67
5194 18 12 40
4373 18 12 84
1430 18 13 85
5684 18 13 63
517 18 13 58
314 18 13 3
5093 18 13 7
4761 18 13 31
3003 18 13 12
3197 18 13 38
3099 18 14 3
289 18 14 11
1785 18 14 32
873 18 14 17
5523 18 14 66
844 18 14 73
854 18 14 90
4920 18 15 7
327 18 15 37
1214 18 15 63
1677 18 15 3
1196 18 15 67
5116 18 15 31
316 18 15 87
4729 18 16 3
2478 18 16 85
5184 18 16 15
4005 18 16 44
2783 18 16 34
1595 18 16 64
1363 18 17 16
3324 18 17 3
174 18 17 11
4004 18 17 63
3297 18 17 58
1097 18 17 87
3823 18 17 34
2064 18 18 11
958 18 18 17
4993 18 18 59
1271 18 18 32
1793 18 18 69
5209 18 18 85
3983 18 18 3
2283 18 19 27
416 18 19 3
4508 18 19 16
3537 18 19 60
1222 18 19 87
866 19 0 90
5521 19 0 78
2503 19 0 2
3860 19 0 20
5000 19 0 42
2635 19 1 37
4646 19 1 78
3522 19 1 2
3710 19 1 10
2520 19 2 42
5190 19 2 74
2107 19 2 2
4752 19 2 10
1525 19 3 17
1021 19 3 2
4429 19 3 71
779 19 3 48
4327 19 4 45
69 19 4 16
2331 19 4 68
4011 19 4 2
2814 19 5 46
3628 19 5 94
57 19 5 2
478 19 5 17
4257 19 5 77
4461 19 6 79
3449 19 6 9
4433 19 6 93
4550 19 6 2
790 19 6 46
3287 19 7 2
2429 19 7 38
4208 19 7 79
3467 19 7 93
2330 19 7 15
3256 19 8 75
2625 19 8 93
2656 19 8 2
2404 19 8 45
4292 19 8 14
2523 19 9 45
4202 19 9 59
306 19 9 3
4464 19 9 13
5186 19 10 72
159 19 10 17
4209 19 10 90
3429 19 10 3
4571 19 10 35
891 19 11 3
4667 19 11 35
3040 19 11 10
2324 19 11 90
5489 19 11 70
4062 19 12 67
4036 19 12 13
1103 19 12 90
5294 19 12 40
171 19 12 3
4314 19 13 38
2457 19 13 63
1932 19 13 3
926 19 13 90
2030 19 13 12
3004 19 14 17
1747 19 14 3
3717 19 14 32
4537 19 14 73
3072 19 14 89
2052 19 15 89
3638 19 15 3
5204 19 15 37
1545 19 15 7
4066 19 15 67
4237 19 16 15
4716 19 16 44
5615 19 16 3
1518 19 16 89
947 19 16 64
436 19 17 3
1553 19 17 16
2438 19 17 34
2873 19 17 63
698 19 17 89
1474 19 18 17
4572 19 18 32
1614 19 18 3
1923 19 18 69
5744 19 18 87
5164 19 19 27
1884 19 19 69
4389 19 19 17
4184 19 19 87
1280 19 19 3
