2421
4260 0 0 92
4314 0 0 24
3431 0 0 51
2268 0 0 1
179 0 1 1
4118 0 1 93
3231 0 1 18
2874 0 1 63
1390 0 2 58
3858 0 2 1
1778 0 2 95
3723 0 2 20
4100 0 3 25
4005 0 3 67
1447 0 3 1
2901 0 3 95
1326 0 4 1
31 0 4 62
282 0 4 22
1016 0 4 96
2438 0 5 1
1191 0 5 96
4709 0 5 73
4730 0 5 14
2382 0 6 98
4387 0 6 87
5005 0 6 1
1998 0 6 19
2745 0 7 1
3422 0 7 21
33 0 7 64
4320 0 8 1
682 0 8 65
4365 0 8 35
3796 0 9 76
2148 0 9 1
2527 0 9 7
1085 0 10 18
2662 0 10 1
3775 0 10 78
4033 0 11 1
4420 0 11 97
1958 0 11 14
703 0 12 43
2023 0 12 55
4852 0 12 1
3495 0 12 6
3844 0 13 71
3818 0 13 31
1824 0 13 1
2281 0 13 12
1792 0 14 74
311 0 14 38
2130 0 14 1
1603 0 14 12
852 0 15 75
1162 0 15 34
1484 0 15 12
3923 0 15 1
366 0 16 52
1347 0 16 77
3834 0 16 1
4123 0 16 4
2164 0 17 52
4129 0 17 1
896 0 17 12
2511 0 17 80
4616 0 18 1
2248 0 18 81
592 0 18 9
5064 0 18 39
1789 0 19 46
3266 0 19 1
3838 0 19 5
2398 0 19 81
575 1 0 1
4903 1 0 43
2262 1 0 21
4713 1 0 24
271 1 0 97
5067 1 0 82
5040 1 0 92
3897 1 0 51
2751 1 1 91
3711 1 1 93
1654 1 1 15
3774 1 1 63
657 1 1 1
830 1 1 18
4881 1 1 59
3772 1 2 16
2571 1 2 81
2994 1 2 58
4075 1 2 20
2619 1 2 1
3100 1 2 49
3899 1 3 63
5082 1 3 67
5048 1 3 95
3560 1 3 90
701 1 3 1
2652 1 3 19
1516 1 3 25
4090 1 4 62
133 1 4 1
1083 1 4 82
3517 1 4 22
4997 1 4 54
586 1 4 19
4412 1 5 96
4147 1 5 73
967 1 5 1
3167 1 5 14
4970 1 5 47
4989 1 6 85
4445 1 6 19
4172 1 6 87
918 1 6 1
4515 1 6 14
238 1 6 53
4809 1 7 88
4949 1 7 59
2314 1 7 21
4884 1 7 1
2585 1 7 64
1589 1 7 13
4629 1 8 94
545 1 8 13
1911 1 8 35
3054 1 8 1
2637 1 8 65
3241 1 9 67
2040 1 9 76
2459 1 9 28
1109 1 9 1
4984 1 9 7
3954 1 10 13
201 1 10 18
2294 1 10 78
4513 1 10 94
3959 1 10 40
3024 1 10 1
333 1 11 14
4142 1 11 92
2337 1 11 30
1695 1 11 1
2412 1 11 11
4389 1 12 36
1642 1 12 52
3129 1 12 6
4784 1 12 1
4774 1 12 43
2211 1 12 55
4107 1 12 91
415 1 13 31
948 1 13 1
1653 1 13 8
1127 1 13 71
4285 1 13 69
4341 1 13 94
3604 1 14 91
708 1 14 1
2134 1 14 8
5071 1 14 68
2473 1 14 38
2926 1 14 74
60 1 15 12
2408 1 15 34
3077 1 15 61
4746 1 15 75
4161 1 15 1
3461 1 15 93
1261 1 15 9
4115 1 16 73
85 1 16 49
4151 1 16 94
981 1 16 4
2265 1 16 77
4398 1 17 12
4729 1 17 42
760 1 17 9
2478 1 17 52
4066 1 17 80
3476 1 17 1
1760 1 17 94
3661 1 17 76
831 1 18 94
3143 1 18 39
2983 1 18 1
4915 1 18 33
4371 1 18 9
324 1 18 80
3639 1 19 81
3125 1 19 93
4728 1 19 77
4883 1 19 5
1431 1 19 1
3447 1 19 43
1528 1 19 46
4517 2 8 40
914 2 8 35
1402 2 8 18
1354 2 8 48
2986 2 8 79
4485 2 9 59
4527 2 9 40
4163 2 9 48
3842 2 9 18
2653 2 9 35
3296 2 9 79
4120 2 10 32
3719 2 10 78
1965 2 10 59
3999 2 10 18
5124 2 10 40
3535 2 10 71
4860 2 10 48
844 2 11 30
92 2 11 77
4649 2 11 17
177 2 11 48
4308 2 11 71
3789 2 11 59
2124 2 12 55
1488 2 12 86
4348 2 12 6
91 2 12 52
1066 2 12 34
5081 2 12 91
4015 2 12 36
1689 2 12 1
3436 2 12 43
5122 2 13 71
3691 2 13 6
4645 2 13 89
2453 2 13 1
4834 2 13 27
4918 2 13 8
3982 2 13 95
5027 2 13 31
4414 2 13 60
2658 2 14 74
1844 2 14 91
2835 2 14 68
3334 2 14 38
5078 2 14 65
3528 2 14 6
3743 2 14 35
2636 2 14 1
1026 2 15 61
3548 2 15 10
2903 2 15 93
310 2 15 1
3806 2 15 57
1169 2 15 34
4646 2 15 75
2881 2 15 32
4658 2 15 12
1745 2 16 77
3686 2 16 34
2953 2 16 49
3562 2 16 94
4623 2 16 70
2801 2 16 4
3829 2 16 73
2301 2 17 12
816 2 17 1
4662 2 17 71
4916 2 17 52
1156 2 17 76
3481 2 17 42
3258 2 17 80
2017 2 17 91
4879 2 17 7
836 2 18 9
913 2 18 73
4266 2 18 33
2451 2 18 91
347 2 18 1
2917 2 18 39
2456 2 19 40
3110 2 19 75
3538 2 19 5
74 2 19 1
2068 2 19 81
2139 2 19 93
4183 2 19 77
3837 2 19 46
3015 2 19 43
386 3 0 58
98 3 0 75
5063 3 0 6
1570 3 0 18
4322 3 0 32
2036 3 0 53
4550 3 1 76
1532 3 1 35
5102 3 1 70
2010 3 1 6
5046 3 1 59
3640 3 1 83
4617 3 1 19
2724 3 1 12
2383 3 1 39
4812 3 2 20
1614 3 2 43
5073 3 2 14
1418 3 2 6
946 3 2 65
2932 3 2 83
3325 3 3 6
3599 3 3 25
2543 3 3 71
824 3 3 18
2528 3 3 41
607 3 3 82
1753 3 4 23
3584 3 4 40
420 3 4 34
3108 3 4 15
3199 3 5 6
4666 3 5 18
4551 3 5 39
4286 3 5 49
3030 3 6 6
3956 3 6 84
1966 3 6 37
3542 3 6 18
1214 3 6 60
247 3 8 17
5131 3 8 6
4390 3 8 57
1747 3 8 39
4249 3 8 80
3758 3 9 6
1537 3 9 17
3631 3 9 34
2111 3 9 59
1401 3 9 79
1178 3 10 32
767 3 10 6
1028 3 10 18
1174 3 10 57
259 3 10 78
3217 3 11 32
3140 3 11 17
3509 3 11 6
1049 3 11 59
4659 3 11 77
601 3 12 83
4990 3 12 91
598 3 12 86
3002 3 12 6
4501 3 12 55
2706 3 12 30
1708 3 12 36
1293 3 12 1
1590 3 12 43
4136 3 13 2
3299 3 13 95
4013 3 13 55
1425 3 13 27
3074 3 13 71
3607 3 13 8
4486 3 13 43
2074 3 13 49
4394 3 13 60
3670 3 13 86
1062 3 13 36
2025 3 13 91
4744 3 14 2
1733 3 14 95
4928 3 14 57
5093 3 14 74
4754 3 14 60
730 3 14 8
2867 3 14 38
2489 3 14 36
2518 3 14 55
3383 3 14 86
443 3 14 91
2053 3 14 71
1641 3 14 43
289 3 14 65
2206 3 14 24
218 3 15 57
645 3 15 24
4354 3 15 75
2427 3 15 96
1299 3 15 43
857 3 15 62
4757 3 15 12
842 3 15 38
4427 3 15 2
107 3 15 71
3297 3 15 87
1256 3 16 43
4512 3 16 77
276 3 16 38
1263 3 16 96
3485 3 16 12
4988 3 16 4
1948 3 16 62
3237 3 17 7
1636 3 17 12
3457 3 17 80
839 3 17 90
378 3 17 42
4772 3 17 66
5013 3 17 52
4663 3 17 2
687 3 17 76
1520 3 17 71
1599 3 18 28
4372 3 18 88
3911 3 18 63
5126 3 18 6
1799 3 18 39
450 3 18 9
626 3 18 1
4116 3 18 33
3382 3 18 73
2596 3 18 91
4030 3 19 77
1545 3 19 81
1091 3 19 93
19 3 19 46
3930 3 19 5
1821 3 19 37
4560 3 19 69
1955 4 0 6
2034 4 0 32
4765 4 0 58
3406 4 0 19
2348 4 0 75
2125 4 1 6
3762 4 1 76
2920 4 1 19
1081 4 1 59
2616 4 1 39
1279 4 2 6
5109 4 2 20
3534 4 2 43
3683 4 2 83
4807 4 2 65
4711 4 3 71
2875 4 3 41
43 4 3 84
1720 4 3 6
4407 4 3 25
2599 4 4 7
2786 4 4 23
1426 4 4 34
4453 4 4 40
3223 4 4 15
4677 4 5 84
5050 4 5 6
4251 4 5 22
4932 4 5 44
5091 4 5 72
719 4 9 38
750 4 9 81
2500 4 9 54
221 4 9 13
1225 4 9 60
1471 4 10 81
621 4 10 13
5090 4 10 54
211 4 10 45
3641 4 10 38
1845 4 10 60
4432 4 10 93
2217 4 11 13
2640 4 11 45
3475 4 11 48
3235 4 11 31
1226 4 11 80
2258 4 11 89
1254 4 11 60
4820 4 11 7
973 4 11 21
3803 4 12 86
4749 4 12 66
2286 4 12 2
1182 4 12 27
2523 4 13 89
2367 4 13 2
1405 4 13 51
4817 4 13 32
7 4 14 2
2395 4 14 56
3038 4 14 89
1376 4 14 28
190 4 15 17
4593 4 15 2
3466 4 15 89
969 4 15 67
5121 4 16 39
506 4 16 96
2698 4 16 12
805 4 16 43
3354 4 16 4
3491 4 16 77
2445 4 17 80
761 4 17 90
963 4 17 2
3277 4 17 42
4082 4 17 33
3455 4 18 2
1294 4 18 9
817 4 18 91
2031 4 18 73
4785 4 18 29
3356 4 18 33
131 4 18 61
4555 4 18 24
1903 4 18 39
4846 4 18 6
3729 4 18 63
3385 4 19 64
712 4 19 46
4031 4 19 81
5022 4 19 90
2541 4 19 5
4764 4 19 30
4385 4 19 78
3925 4 19 38
4816 4 19 93
2774 4 19 69
3602 5 0 50
3341 5 0 75
3259 5 0 21
1727 5 0 90
1423 5 0 6
4767 5 0 63
445 5 0 34
1417 5 0 28
2907 5 0 14
262 5 0 68
4890 5 0 82
3080 5 1 82
3182 5 1 21
4416 5 1 34
329 5 1 69
3432 5 1 40
1403 5 1 28
4466 5 1 15
3576 5 1 63
2340 5 1 75
1521 5 1 6
3142 5 2 40
4255 5 2 15
3138 5 2 21
4156 5 2 34
2995 5 2 6
2748 5 2 63
4991 5 2 83
2618 5 3 63
4077 5 3 15
373 5 3 6
2686 5 3 34
2035 5 3 21
1738 5 3 40
1866 5 4 34
4182 5 4 7
4065 5 4 15
5130 5 4 40
2947 5 4 23
3369 5 5 44
3749 5 5 29
254 5 5 6
4855 5 5 74
3810 5 5 86
1355 5 7 27
3120 5 7 6
2870 5 7 44
3101 5 7 86
403 5 7 71
3097 5 9 25
2961 5 9 6
4876 5 9 50
4452 5 9 72
1772 5 9 85
1494 5 10 67
270 5 10 10
3841 5 10 54
2559 5 10 92
4023 5 10 71
102 5 10 38
1115 5 10 24
2136 5 10 81
1899 5 10 86
962 5 11 68
3927 5 11 45
1153 5 11 75
5143 5 11 36
5114 5 11 13
2273 5 11 80
3760 5 11 89
705 5 11 52
2085 5 11 48
4953 5 11 7
1491 5 11 31
2580 5 11 21
2729 5 11 60
4423 5 12 2
4270 5 12 22
457 5 12 66
4796 5 12 57
1366 5 12 86
1167 5 12 27
1726 5 13 89
4625 5 13 25
3072 5 13 48
2661 5 13 32
3103 5 13 2
3611 5 13 51
4657 5 13 72
2176 5 14 52
3146 5 14 24
653 5 14 86
2753 5 14 28
3709 5 14 56
2318 5 14 2
2563 5 15 15
4462 5 15 2
1363 5 15 50
105 5 15 86
4332 5 15 17
3322 5 16 87
1496 5 16 39
671 5 16 12
4559 5 16 43
2799 5 16 47
2915 5 16 4
3381 5 16 77
2540 5 17 19
4201 5 17 80
3739 5 17 42
192 5 17 2
1291 5 17 83
4848 5 17 70
991 5 18 2
524 5 18 57
5116 5 18 84
2673 5 18 24
3403 5 18 29
1898 5 18 39
79 5 18 22
3651 5 18 9
1887 5 18 63
4769 5 18 73
1530 5 18 92
2011 5 18 6
769 5 19 64
3109 5 19 30
2656 5 19 61
5017 5 19 81
1097 5 19 46
4175 5 19 26
2084 5 19 69
3018 5 19 5
2669 5 19 89
4435 5 19 93
4424 6 0 75
1975 6 0 50
462 6 0 34
3662 6 0 56
1669 6 0 6
2166 6 0 68
1341 6 0 91
241 6 0 81
36 6 0 14
1428 6 0 28
1407 6 0 46
1584 6 1 91
4703 6 1 74
4667 6 1 23
2655 6 1 80
3583 6 1 59
2043 6 1 6
5146 6 1 49
950 6 1 13
3507 6 2 12
4059 6 2 89
476 6 2 29
4148 6 2 23
2694 6 2 77
4806 6 2 6
2292 6 2 33
2455 6 2 50
2263 6 2 72
3561 6 2 56
4906 6 3 79
2277 6 3 55
3149 6 3 73
1914 6 3 68
3006 6 3 23
2839 6 3 11
2583 6 3 49
21 6 3 87
3529 6 3 6
3451 6 3 31
4618 6 4 23
4197 6 4 74
2480 6 4 30
467 6 4 89
1940 6 4 13
3418 6 4 6
5042 6 4 67
702 6 4 45
1593 6 4 49
4652 6 5 6
819 6 5 89
3419 6 5 79
320 6 5 28
3835 6 5 48
1259 6 7 89
2356 6 7 31
912 6 7 6
4184 6 7 53
1563 6 7 80
1241 6 9 33
5128 6 9 55
2862 6 9 6
1703 6 9 78
847 6 10 10
1796 6 10 35
1877 6 10 67
5115 6 10 24
2361 6 10 71
2184 6 10 86
2311 6 10 30
4631 6 10 92
3918 6 10 38
5138 6 10 54
1870 6 10 50
2110 6 11 75
2675 6 11 21
3404 6 11 48
128 6 11 68
3304 6 11 80
1783 6 11 89
3820 6 11 6
351 6 11 13
3289 6 11 31
718 6 11 52
2902 6 11 60
2719 6 11 36
4232 6 12 57
1600 6 12 2
2816 6 12 27
4864 6 12 52
3823 6 12 22
4670 6 12 66
3335 6 12 86
4316 6 12 82
500 6 13 2
4917 6 13 66
1050 6 13 32
2792 6 13 72
3284 6 13 48
4239 6 13 21
4844 6 13 51
4577 6 13 89
4131 6 13 25
1680 6 14 52
4845 6 14 48
2828 6 14 28
3254 6 14 56
593 6 14 24
3344 6 14 86
550 6 14 2
528 6 15 83
808 6 15 15
3765 6 15 2
3742 6 15 12
4647 6 15 17
1719 6 15 54
4959 6 16 83
1432 6 16 21
1919 6 16 87
1396 6 16 43
118 6 16 39
2218 6 16 77
3960 6 16 12
2442 6 17 80
3703 6 17 15
3489 6 17 42
5096 6 17 68
2126 6 17 2
3974 6 17 90
1682 6 17 19
2976 6 18 73
2491 6 18 24
253 6 18 3
2598 6 18 84
363 6 18 6
227 6 18 29
1895 6 18 54
3011 6 18 9
358 6 18 57
40 6 18 63
4671 6 18 92
3993 6 19 26
1860 6 19 23
4026 6 19 5
2752 6 19 65
3465 6 19 46
4417 6 19 60
1549 6 19 30
286 6 19 69
4831 6 19 81
1894 6 19 89
4419 6 19 93
3799 7 0 6
4742 7 0 28
4309 7 0 14
3191 7 0 90
148 7 0 68
4896 7 0 75
1692 7 0 34
4243 7 0 56
1569 7 0 81
2593 7 0 50
3675 7 1 5
3900 7 1 75
3029 7 1 13
2181 7 1 55
1154 7 1 59
1836 7 1 91
4434 7 1 23
1714 7 1 80
1075 7 2 29
4853 7 2 89
4360 7 2 56
3438 7 2 77
2089 7 2 5
2873 7 2 33
2349 7 2 12
4585 7 2 72
2582 7 2 50
3216 7 3 73
3901 7 3 11
1087 7 3 55
4154 7 3 31
4178 7 3 79
2238 7 3 50
548 7 3 5
4528 7 3 23
2388 7 3 89
2232 7 4 5
1842 7 4 30
569 7 4 74
1629 7 4 49
1749 7 4 13
529 7 5 5
404 7 5 12
4439 7 5 29
5100 7 5 53
1902 7 5 73
3488 7 7 70
3416 7 7 28
666 7 7 5
2015 7 7 51
4862 7 7 13
2794 7 9 70
281 7 9 5
2956 7 9 12
2847 7 9 50
4719 7 9 25
407 7 10 29
588 7 10 38
4167 7 10 71
905 7 10 6
4644 7 10 10
5104 7 10 92
2937 7 10 54
2093 7 10 35
3554 7 11 80
3965 7 11 6
1665 7 11 60
3462 7 11 31
2631 7 11 52
920 7 11 36
3004 7 11 75
983 7 11 88
974 7 11 27
3868 7 11 13
4770 7 12 2
3940 7 12 48
1037 7 12 78
185 7 12 14
3377 7 12 86
3370 7 12 57
361 7 12 27
629 7 12 82
722 7 12 90
2437 7 12 52
3617 7 12 22
3285 7 13 14
4721 7 13 27
4061 7 13 66
4383 7 13 32
3825 7 13 72
2576 7 13 2
2045 7 13 52
618 7 13 90
4290 7 13 82
2205 7 13 57
3294 7 13 46
3788 7 14 28
497 7 14 2
2845 7 14 32
2802 7 14 72
3953 7 14 66
1623 7 14 46
2157 7 14 57
3726 7 14 82
1834 7 14 89
2933 7 14 14
2925 7 14 53
4566 7 15 2
560 7 15 46
848 7 15 72
1670 7 15 89
1339 7 15 32
269 7 15 53
1579 7 15 57
2777 7 15 10
3414 7 15 66
694 7 15 15
3201 7 15 17
1238 7 15 28
226 7 16 39
2716 7 16 12
4675 7 16 77
65 7 16 87
1562 7 17 19
2266 7 17 80
3119 7 17 42
3596 7 17 67
3547 7 17 16
1175 7 17 2
479 7 17 89
3128 7 17 12
4908 7 17 37
3998 7 18 54
872 7 18 9
3664 7 18 63
233 7 18 24
2526 7 18 70
1750 7 18 84
4146 7 18 92
4029 7 18 29
3893 7 18 51
4450 7 18 58
742 7 18 73
879 7 19 89
2194 7 19 22
2622 7 19 81
4187 7 19 33
62 7 19 26
4705 7 19 70
3362 7 19 5
4865 7 19 30
3704 7 19 93
3279 7 19 46
3784 7 19 60
1841 8 0 14
4478 8 0 81
978 8 0 56
4957 8 0 75
4173 8 0 6
2560 8 0 29
1093 8 0 34
3384 8 1 5
1646 8 1 59
3350 8 1 55
2247 8 1 80
4913 8 1 90
4854 8 1 29
4782 8 1 12
2114 8 2 77
4553 8 2 29
4788 8 2 5
5139 8 2 12
1499 8 2 33
1122 8 2 56
1377 8 3 79
1767 8 3 50
4267 8 3 55
1681 8 3 5
1663 8 3 11
4196 8 3 31
3300 8 3 73
1327 8 4 1
1856 8 4 13
2255 8 4 36
3805 8 4 89
1974 8 5 90
1352 8 5 1
3926 8 5 13
2578 8 5 26
1690 8 7 34
439 8 7 5
3448 8 7 82
67 8 7 63
656 8 7 16
1205 8 9 5
624 8 9 33
1249 8 9 87
2019 8 9 57
4205 8 9 16
4351 8 10 71
559 8 10 92
1764 8 10 34
1823 8 10 10
2854 8 10 38
5002 8 10 6
3881 8 10 54
4117 8 11 5
3649 8 11 60
313 8 11 13
1444 8 11 52
3521 8 11 31
4748 8 11 80
1450 8 11 36
1120 8 11 88
3359 8 12 2
4573 8 12 40
4567 8 12 12
1780 8 12 84
965 8 13 90
3541 8 13 2
474 8 13 18
4228 8 13 59
2185 8 14 90
628 8 14 2
2938 8 14 22
1472 8 14 65
1217 8 16 12
4552 8 16 17
3209 8 16 47
2390 8 17 93
3653 8 17 46
1209 8 17 51
4045 8 17 11
3986 8 17 85
1885 8 17 16
4210 8 18 33
436 8 18 70
4735 8 18 11
862 8 18 30
4614 8 18 85
3630 8 18 81
4660 8 18 46
2744 8 18 93
3374 8 18 51
3600 8 19 93
2723 8 19 88
3856 8 19 30
3212 8 19 60
4668 8 19 81
1126 8 19 26
2525 8 19 2
2416 8 19 33
851 8 19 11
1943 8 19 46
400 8 19 70
2665 9 0 5
4074 9 0 34
2668 9 0 14
2713 9 0 56
4679 9 0 81
2810 9 1 80
2633 9 1 5
472 9 1 29
3773 9 1 14
2027 9 1 59
4838 9 2 14
4669 9 2 56
2783 9 2 33
1612 9 2 5
5 9 2 80
1047 9 3 31
3244 9 3 79
4307 9 3 14
1457 9 3 5
2029 9 3 55
1533 9 7 10
2228 9 7 5
2667 9 7 38
2223 9 7 81
1129 9 7 86
4634 9 7 56
2987 9 9 5
5137 9 9 61
3564 9 9 37
372 9 9 14
4067 9 10 38
555 9 10 5
972 9 10 10
3513 9 10 54
1141 9 10 92
605 9 11 13
4760 9 11 5
5018 9 11 36
4064 9 11 88
1224 9 11 60
2754 9 12 40
1777 9 12 12
3589 9 12 84
3400 9 12 2
3800 9 12 8
4996 9 12 67
25 9 12 89
4296 9 13 11
3658 9 13 88
583 9 13 2
945 9 13 59
2779 9 13 18
4940 9 13 49
1332 9 14 2
1951 9 14 65
5011 9 14 88
4802 9 14 36
1724 9 14 11
3116 9 15 64
2949 9 16 62
4841 9 16 49
473 9 16 11
1926 9 16 2
2692 9 17 2
4998 9 17 77
1621 9 17 48
1150 9 17 10
49 9 18 26
2897 9 18 10
4428 9 18 2
1861 9 18 78
1008 9 19 40
4961 9 19 2
4043 9 19 82
5123 9 19 9
4752 10 0 53
692 10 0 82
4594 10 0 8
1337 10 0 1
3620 10 1 1
4449 10 1 48
4931 10 1 86
1275 10 1 8
14 10 2 1
4740 10 2 47
3934 10 2 11
2811 10 2 88
4813 10 3 13
943 10 3 1
55 10 3 53
4022 10 3 88
162 10 5 76
1298 10 5 16
3553 10 5 63
3492 10 5 5
2133 10 5 34
4330 10 6 45
3645 10 6 5
3853 10 6 10
1779 10 6 85
3831 10 6 74
2443 10 6 30
3057 10 6 25
139 10 6 35
929 10 6 55
198 10 6 91
4035 10 7 11
2651 10 7 5
2595 10 7 58
3605 10 7 32
172 10 7 78
4818 10 9 35
2061 10 9 88
2813 10 9 10
1687 10 9 2
4965 10 9 79
795 10 10 37
711 10 10 2
4945 10 10 76
1211 10 10 88
526 10 10 10
4494 10 11 87
2679 10 11 2
4523 10 11 37
3480 10 11 8
4775 10 11 74
779 10 12 40
1807 10 12 8
4103 10 12 67
1412 10 12 12
1716 10 12 84
3929 10 12 89
1094 10 12 2
2714 10 12 58
2270 10 12 36
194 10 13 18
1361 10 13 81
3435 10 13 10
695 10 13 2
4745 10 13 49
4008 10 13 59
4595 10 14 2
4578 10 14 42
2465 10 14 9
3891 10 14 87
3426 10 14 60
4753 10 14 65
207 10 16 2
1318 10 16 36
4062 10 16 10
3293 10 16 87
3730 10 16 70
2172 10 17 18
3755 10 17 82
4162 10 17 48
4575 10 17 70
3348 10 17 2
3977 10 17 9
4499 10 17 77
2469 10 18 63
1107 10 18 22
4038 10 18 10
3166 10 18 2
2770 10 18 78
4200 10 18 7
1864 10 18 26
3272 10 19 2
4464 10 19 27
3137 10 19 40
3386 10 19 66
3860 10 19 82
4795 10 19 9
1440 11 0 5
3473 11 0 53
1242 11 0 68
2818 11 0 17
3081 11 0 40
3305 11 0 47
2896 11 0 76
2941 11 0 89
63 11 0 82
3594 11 0 23
4242 11 1 23
1040 11 1 40
4868 11 1 54
2910 11 1 8
3636 11 1 48
4164 11 1 60
1601 11 1 17
4430 11 1 29
1346 11 1 91
3580 11 2 60
4539 11 2 40
3832 11 2 54
2155 11 2 23
3795 11 2 29
5079 11 2 11
1827 11 2 91
1073 11 2 17
4863 11 3 18
3506 11 3 60
1918 11 3 29
4800 11 3 11
3885 11 3 40
1220 11 3 91
1529 11 3 23
2183 11 3 54
1487 11 5 16
540 11 5 61
381 11 5 75
2389 11 5 89
4169 11 5 5
2746 11 5 38
930 11 6 35
699 11 6 24
4543 11 6 5
427 11 6 20
341 11 6 91
1557 11 6 45
1014 11 6 84
4367 11 6 55
3781 11 6 30
5033 11 7 5
4274 11 7 58
4219 11 7 14
3221 11 7 78
1476 11 7 37
4121 11 9 3
4723 11 9 10
5016 11 9 73
2725 11 9 88
3884 11 9 79
478 11 9 35
1945 11 9 32
2499 11 10 95
327 11 10 2
4140 11 10 58
744 11 10 25
3246 11 10 9
5095 11 10 76
3958 11 11 74
4758 11 11 87
4707 11 11 3
3828 11 11 69
3848 11 11 37
2128 11 11 8
4016 11 12 31
1429 11 12 89
3250 11 12 85
1105 11 12 36
99 11 12 2
2435 11 12 7
2773 11 12 67
4847 11 12 40
471 11 12 58
1123 11 12 80
1060 11 12 55
1324 11 12 12
4471 11 13 81
4582 11 13 49
4448 11 13 3
1627 11 13 41
2906 11 13 59
4086 11 13 76
932 11 13 18
3170 11 13 10
3292 11 14 95
1598 11 14 20
768 11 14 2
4345 11 14 9
4936 11 14 57
1433 11 15 8
3886 11 16 95
4329 11 16 9
2772 11 16 17
1335 11 16 2
2316 11 17 77
602 11 17 15
1594 11 17 2
2355 11 17 82
4441 11 17 41
4237 11 17 70
1709 11 17 18
4766 11 17 9
1790 11 17 48
2535 11 18 8
1526 11 18 10
4176 11 18 58
3160 11 18 2
301 11 18 22
314 11 18 63
2401 11 18 78
4534 11 18 26
3353 11 19 27
3127 11 19 2
2336 11 19 66
3316 11 19 82
70 11 19 9
2856 11 19 40
1542 11 19 57
834 12 0 53
3565 12 0 82
1942 12 0 91
4287 12 0 47
5055 12 0 23
3440 12 0 40
3518 12 0 5
4256 12 0 17
449 12 0 71
3659 12 0 76
4826 12 1 17
801 12 1 83
2940 12 1 52
4437 12 1 60
4687 12 1 46
2187 12 1 91
4979 12 1 29
4866 12 1 5
1493 12 1 73
3295 12 2 75
3646 12 2 87
5023 12 2 50
1133 12 2 68
3347 12 2 18
2602 12 2 27
360 12 2 5
1925 12 2 46
633 12 3 79
2226 12 3 5
2505 12 3 18
1301 12 3 36
4530 12 3 63
109 12 4 5
3023 12 4 57
2996 12 5 5
4469 12 5 76
2113 12 5 61
863 12 5 11
4467 12 5 46
4946 12 6 35
4619 12 6 5
4651 12 6 30
3813 12 6 24
3083 12 6 20
1622 12 6 84
4929 12 6 55
1848 12 6 45
2645 12 6 91
2513 12 7 5
1165 12 7 60
1502 12 7 81
220 12 7 46
419 12 7 20
4384 12 9 88
3309 12 9 73
3609 12 9 35
2758 12 9 10
3032 12 9 79
2912 12 9 94
3327 12 9 64
3301 12 9 3
3932 12 10 88
3591 12 10 76
2899 12 10 58
2276 12 10 54
3192 12 10 25
3123 12 10 64
4006 12 10 3
4889 12 10 10
1652 12 10 79
4198 12 10 35
2603 12 11 3
485 12 11 37
3425 12 11 64
1203 12 11 10
2244 12 11 25
4904 12 11 59
4924 12 11 79
3524 12 11 69
610 12 11 54
3785 12 11 88
1802 12 12 69
396 12 12 4
4349 12 12 89
4519 12 12 12
3168 12 12 59
1970 12 12 80
5084 12 12 25
2493 12 12 40
96 12 12 55
4097 12 13 49
2759 12 13 89
3001 12 13 59
4701 12 13 18
1322 12 13 41
4078 12 13 12
3352 12 13 25
2517 12 14 89
3595 12 14 49
4241 12 14 18
1399 12 14 12
3452 12 14 40
1578 12 14 60
1854 12 14 25
4583 12 16 86
4054 12 16 27
2573 12 16 3
865 12 16 45
4829 12 17 37
4362 12 17 18
2329 12 17 69
3804 12 17 48
1560 12 17 41
3807 12 17 3
4409 12 17 9
533 12 17 77
4811 12 17 82
2498 12 17 92
5147 12 18 63
4355 12 18 74
2579 12 18 58
4250 12 18 53
942 12 18 10
1149 12 18 78
3326 12 18 26
2253 12 19 9
1349 12 19 66
1658 12 19 82
2420 12 19 3
1944 12 19 63
4736 12 19 57
2151 12 19 27
1044 12 19 92
1159 12 19 40
3570 12 19 23
2536 13 0 5
2924 13 0 23
1852 13 0 53
4923 13 0 91
4824 13 0 82
4157 13 0 76
4590 13 0 47
517 13 1 5
4168 13 1 29
266 13 1 77
1333 13 1 83
215 13 1 60
4443 13 1 52
3736 13 1 91
4783 13 1 23
3861 13 2 87
906 13 2 27
5032 13 2 50
3311 13 2 75
2666 13 2 5
823 13 3 66
264 13 3 25
4547 13 3 5
3399 13 3 51
4324 13 4 57
1356 13 4 5
562 13 5 62
4939 13 5 79
2016 13 5 22
3026 13 5 5
1696 13 5 49
3261 13 6 84
5101 13 6 55
4699 13 6 5
1912 13 6 35
1575 13 6 90
3338 13 6 20
3275 13 6 70
4861 13 6 24
4678 13 6 30
1954 13 7 37
1953 13 7 20
3410 13 7 64
4893 13 7 5
1686 13 7 81
1506 13 9 50
2296 13 9 90
4032 13 9 27
4019 13 9 3
3767 13 10 29
4498 13 10 3
2300 13 10 51
5019 13 10 91
23 13 11 50
2150 13 11 93
5097 13 11 3
2375 13 11 34
4463 13 12 39
1284 13 12 3
4422 13 12 60
3340 13 13 83
4611 13 13 3
741 13 13 41
459 13 15 69
556 13 15 93
1244 13 15 10
3446 13 16 59
4002 13 16 27
752 13 16 41
2429 13 16 49
2323 13 16 32
1210 13 16 69
2999 13 16 10
998 13 16 18
4379 13 16 87
95 13 16 83
911 13 16 93
2229 13 17 27
24 13 17 87
1430 13 17 41
2791 13 17 69
539 13 17 58
2399 13 17 18
3104 13 17 10
1536 13 17 83
3043 13 17 49
1976 13 17 93
2514 13 17 53
3519 13 18 49
4804 13 18 66
5062 13 18 82
4046 13 18 10
642 13 18 92
3288 13 18 36
2621 13 18 40
4397 13 18 17
1364 13 18 58
2846 13 18 87
2869 13 18 27
2632 13 18 53
4506 13 19 53
2317 13 19 3
2377 13 19 22
4685 13 19 66
3175 13 19 27
4265 13 19 40
4447 13 19 57
4406 13 19 76
987 13 19 82
928 13 19 92
224 13 19 36
392 13 19 63
1956 14 0 5
1668 14 0 53
5049 14 0 29
2803 14 0 82
2324 14 1 5
3307 14 1 29
519 14 1 60
547 14 1 83
146 14 2 4
4472 14 2 57
456 14 2 87
721 14 2 13
1151 14 2 31
4850 14 3 31
669 14 3 57
3991 14 3 92
484 14 3 4
2069 14 3 13
1524 14 4 5
336 14 4 57
383 14 5 31
3320 14 5 81
4722 14 5 13
1705 14 5 62
1266 14 5 4
332 14 6 4
1223 14 6 24
2687 14 6 35
3801 14 6 61
97 14 6 74
3946 14 6 20
2544 14 6 55
4761 14 6 70
3616 14 6 84
2118 14 6 90
685 14 6 51
3014 14 6 14
3598 14 7 5
892 14 7 60
3865 14 7 76
1325 14 7 32
4591 14 7 15
1552 14 7 38
2279 14 15 90
223 14 15 20
3907 14 16 20
1647 14 16 25
988 14 16 68
2457 14 16 46
4798 14 16 90
1862 14 16 81
4544 14 17 68
1449 14 17 16
776 14 17 76
3317 14 17 81
4264 14 17 87
3660 14 17 25
4837 14 17 45
1173 14 18 76
2107 14 18 87
1849 14 18 66
2467 14 18 16
5059 14 18 45
2569 14 18 53
4442 14 18 81
4570 14 19 53
2409 14 19 66
1721 14 19 62
4268 14 19 8
4738 14 19 81
4350 14 19 72
412 14 19 4
3349 14 19 16
3763 14 19 29
1736 14 19 86
1639 14 19 59
3531 14 19 37
4950 15 0 15
4793 15 0 27
3218 15 0 45
3281 15 0 31
3242 15 0 75
989 15 0 83
2904 15 0 56
3144 15 0 4
1463 15 0 78
1452 15 0 51
3695 15 1 16
2212 15 1 83
4533 15 1 51
3208 15 1 88
2749 15 1 27
4692 15 1 66
1394 15 1 4
3633 15 1 34
698 15 1 75
4732 15 1 56
2702 15 1 94
4596 15 2 66
5045 15 2 16
3873 15 2 4
4413 15 2 51
773 15 2 94
3783 15 2 37
464 15 2 75
1609 15 2 57
2362 15 2 88
1068 15 3 4
337 15 3 91
855 15 3 57
3112 15 3 67
423 15 3 72
431 15 4 57
2718 15 4 5
2358 15 5 88
1170 15 5 62
2701 15 5 34
3409 15 5 42
1036 15 5 93
2663 15 5 53
4598 15 5 67
639 15 5 4
1027 15 5 58
4727 15 5 82
3042 15 5 11
3746 15 6 61
1422 15 6 19
4369 15 6 90
2848 15 6 55
2765 15 6 74
4374 15 6 35
1932 15 6 4
3131 15 6 14
4301 15 6 84
3747 15 6 51
3434 15 6 24
3444 15 7 66
5140 15 7 77
3251 15 7 38
881 15 7 4
4828 15 7 15
4272 15 8 33
4474 15 8 12
4363 15 8 77
4001 15 8 4
2840 15 8 66
3797 15 9 37
3851 15 9 77
1901 15 9 4
495 15 9 13
4231 15 9 64
3053 15 10 77
3205 15 10 4
2778 15 10 64
4823 15 10 33
4418 15 10 8
4278 15 11 79
2463 15 11 34
3086 15 11 27
401 15 11 18
343 15 11 4
4902 15 11 53
1930 15 11 93
3756 15 12 13
4621 15 12 31
1620 15 12 4
2385 15 12 20
4206 15 12 57
1758 15 12 35
1938 15 12 81
786 15 12 85
5083 15 12 8
3951 15 12 76
1672 15 13 10
3391 15 13 30
3669 15 13 89
2297 15 13 63
1006 15 13 37
2678 15 13 43
421 15 13 82
1832 15 13 4
2392 15 14 49
2344 15 14 75
5020 15 14 84
3887 15 14 65
1905 15 14 42
1698 15 14 4
1096 15 14 61
3198 15 14 13
2207 15 14 32
4972 15 15 35
1082 15 15 12
2486 15 15 39
4821 15 15 75
114 15 15 4
1384 15 15 16
736 15 15 80
2233 15 15 47
2354 15 15 54
4034 15 16 19
2627 15 16 74
3044 15 16 59
3905 15 16 31
2606 15 16 46
1572 15 16 56
5004 15 16 70
2997 15 16 85
3427 15 16 90
2916 15 16 63
1540 15 16 4
4180 15 16 11
4536 15 17 73
807 15 17 4
3058 15 17 30
3510 15 17 25
616 15 17 10
4195 15 17 50
538 15 17 54
2703 15 17 68
3627 15 17 15
2086 15 17 62
2153 15 18 76
2680 15 18 87
4718 15 18 45
2021 15 18 5
4554 15 18 58
3115 15 18 13
1735 15 18 32
4337 15 18 81
2733 15 18 65
3896 15 19 16
2158 15 19 59
3970 15 19 86
4899 15 19 8
3150 15 19 43
2466 15 19 66
3852 15 19 29
885 15 19 37
5012 15 19 72
4801 15 19 81
853 15 19 4
2908 15 19 62
3226 16 0 83
1101 16 0 56
4028 16 0 31
2299 16 0 78
1400 16 0 4
4993 16 0 16
3812 16 0 51
83 16 0 26
4938 16 0 45
3679 16 1 34
4537 16 1 16
2923 16 1 66
3421 16 1 42
1700 16 1 47
3464 16 1 81
2050 16 1 4
180 16 1 88
4986 16 2 80
3363 16 2 51
4327 16 2 4
2815 16 2 87
2067 16 2 28
4873 16 2 41
2741 16 2 57
2796 16 2 14
3358 16 2 23
762 16 2 9
3530 16 2 63
2441 16 3 4
3036 16 3 75
4720 16 3 84
248 16 3 52
3980 16 3 44
4967 16 3 72
888 16 3 91
3176 16 3 21
3606 16 3 41
1448 16 3 13
1892 16 3 66
1981 16 4 13
3625 16 4 17
843 16 4 32
3593 16 4 4
3634 16 4 63
3027 16 4 78
4622 16 4 37
1879 16 4 45
2309 16 4 49
4869 16 4 69
5120 16 5 11
3232 16 5 34
668 16 5 4
3657 16 5 62
3740 16 5 42
3949 16 5 53
1216 16 5 67
2829 16 5 83
1240 16 5 88
2539 16 5 58
3718 16 6 19
1817 16 6 61
4138 16 6 24
1660 16 6 14
2386 16 6 78
646 16 6 83
985 16 6 90
1781 16 6 35
3790 16 6 55
2376 16 6 41
3005 16 6 4
38 16 6 10
3470 16 7 3
4803 16 7 53
1392 16 7 65
1039 16 7 24
3360 16 8 53
440 16 8 3
1755 16 8 66
3060 16 8 26
655 16 9 85
4149 16 9 43
756 16 9 3
1113 16 9 26
3990 16 10 48
4971 16 10 3
2998 16 10 85
1763 16 10 16
3215 16 11 85
600 16 11 18
1222 16 11 33
309 16 11 38
3821 16 11 4
4303 16 11 79
4012 16 11 93
4688 16 11 27
502 16 11 53
2993 16 12 20
2471 16 12 81
1643 16 12 85
3059 16 12 35
3525 16 12 4
3693 16 12 8
2059 16 12 60
3313 16 13 4
1459 16 13 37
2866 16 13 43
4858 16 13 10
1146 16 13 82
272 16 13 89
4342 16 13 63
4433 16 13 30
4000 16 14 13
3539 16 14 42
1551 16 14 84
499 16 14 79
4787 16 14 75
2552 16 14 32
3654 16 14 49
4305 16 14 65
4215 16 14 4
1707 16 14 38
3392 16 14 59
3070 16 15 47
4261 16 15 4
3379 16 15 54
1304 16 15 36
1587 16 15 12
2287 16 15 80
3378 16 15 16
2709 16 15 39
50 16 16 63
4925 16 16 74
3738 16 16 90
1048 16 16 10
2123 16 16 19
2630 16 16 85
61 16 16 59
2512 16 16 36
4920 16 16 46
3761 16 16 56
3498 16 16 4
792 16 17 15
1504 16 17 30
2696 16 17 54
4878 16 17 73
2992 16 17 62
4240 16 17 68
3533 16 17 4
4159 16 17 94
3757 16 18 13
3768 16 18 41
4518 16 18 4
4444 16 18 81
886 16 18 65
2054 16 18 87
275 16 18 45
3995 16 18 38
2822 16 19 66
614 16 19 16
3716 16 19 32
854 16 19 72
1573 16 19 86
4684 16 19 4
2685 16 19 37
454 16 19 43
4400 16 19 62
1559 17 0 26
448 17 0 83
4948 17 0 4
4987 17 0 78
4525 17 0 51
4894 17 0 56
5041 17 0 16
577 17 0 31
4702 17 1 34
3031 17 1 83
3323 17 1 88
4653 17 1 42
3733 17 1 4
4887 17 1 16
1000 17 1 66
2785 17 1 47
4083 17 2 87
5075 17 2 80
4068 17 2 63
4340 17 2 57
4009 17 2 4
3822 17 2 14
1699 17 2 19
2414 17 2 28
3147 17 2 37
2064 17 2 41
3787 17 2 23
4263 17 3 44
3786 17 3 4
2160 17 3 91
3151 17 3 21
4951 17 3 84
3329 17 3 75
2806 17 3 71
521 17 3 52
2890 17 3 66
4105 17 3 14
3568 17 4 69
121 17 4 84
4637 17 4 20
5039 17 4 37
3401 17 4 49
1166 17 4 4
4269 17 4 63
3692 17 4 14
2422 17 4 45
3179 17 5 58
1177 17 5 4
164 17 5 38
428 17 5 42
4529 17 5 62
1198 17 5 67
4509 17 5 11
1963 17 5 88
1465 17 6 14
1 17 6 4
2592 17 6 41
4396 17 6 19
1445 17 6 90
4587 17 6 55
4312 17 6 83
1321 17 6 24
354 17 6 61
818 17 7 24
759 17 7 65
1510 17 7 92
2180 17 7 3
611 17 7 17
2989 17 7 13
377 17 7 53
4973 17 8 77
1186 17 8 92
3902 17 8 18
1619 17 8 33
2315 17 8 13
4561 17 8 24
2804 17 8 73
5127 17 8 66
1351 17 8 3
714 17 8 53
84 17 9 3
2730 17 9 18
3690 17 9 77
4313 17 9 85
68 17 9 26
4203 17 9 53
3095 17 9 60
4014 17 9 33
5061 17 9 93
2397 17 10 18
3845 17 10 3
5072 17 10 77
3924 17 10 33
1208 17 10 93
3734 17 10 53
5080 17 10 27
1645 17 11 3
1662 17 11 53
3573 17 11 79
1451 17 11 33
4773 17 11 38
1490 17 11 18
4739 17 11 27
409 17 11 93
5105 17 12 81
2288 17 12 85
1265 17 12 61
5125 17 12 38
2415 17 12 3
1635 17 12 8
5070 17 12 20
3737 17 12 44
3629 17 12 35
2249 17 12 64
4656 17 12 68
3913 17 13 19
3227 17 13 89
4747 17 13 10
689 17 13 36
961 17 13 3
1131 17 13 63
56 17 13 60
5044 17 13 43
2545 17 14 49
3249 17 14 84
3667 17 14 38
4110 17 14 13
4102 17 14 42
833 17 14 10
4640 17 14 79
580 17 14 65
389 17 14 3
2169 17 15 54
5010 17 15 79
2044 17 15 12
4542 17 15 4
3652 17 15 47
4907 17 15 16
5103 17 15 39
3069 17 16 63
821 17 16 74
1515 17 16 46
4085 17 16 90
4299 17 16 10
4480 17 16 36
237 17 16 3
2715 17 16 19
3022 17 16 42
2242 17 16 59
4710 17 17 15
4199 17 17 62
873 17 17 3
2587 17 17 30
4339 17 17 68
418 17 17 73
1148 17 18 9
451 17 18 41
713 17 18 13
1988 17 18 45
1688 17 18 3
2648 17 18 65
2921 17 18 87
2175 17 19 16
4248 17 19 86
2955 17 19 66
2885 17 19 37
200 17 19 3
1413 17 19 72
573 17 19 43
4609 17 19 32
1437 17 19 9
1797 18 0 19
683 18 0 56
4357 18 0 83
376 18 0 31
3155 18 0 26
58 18 0 4
4458 18 1 66
5034 18 1 88
1373 18 1 34
124 18 1 4
4024 18 1 47
5007 18 1 19
3500 18 2 4
4048 18 2 37
4277 18 2 19
1715 18 2 63
288 18 2 87
3819 18 2 28
3033 18 2 41
1820 18 3 45
2405 18 3 52
3871 18 3 21
3555 18 3 18
87 18 3 70
747 18 3 4
2243 18 3 75
2646 18 3 91
4207 18 4 4
4399 18 4 45
3094 18 4 20
250 18 4 69
900 18 4 17
2872 18 4 49
2236 18 5 67
397 18 5 88
4160 18 5 11
2393 18 5 42
2761 18 5 4
4981 18 5 62
1883 18 6 90
4377 18 6 4
1272 18 6 61
4922 18 6 19
395 18 6 41
1591 18 6 24
2327 18 7 3
2740 18 7 92
2823 18 7 53
532 18 7 49
1188 18 7 12
549 18 7 17
5052 18 7 64
3502 18 8 73
1245 18 8 3
3430 18 8 62
5014 18 8 15
1397 18 8 77
4079 18 8 33
4234 18 9 18
8 18 9 85
4759 18 9 91
2112 18 9 3
4209 18 9 25
4690 18 9 42
1514 18 9 47
4880 18 9 69
1615 18 9 76
4189 18 10 3
4171 18 10 46
3255 18 10 11
4081 18 10 77
4017 18 10 62
4985 18 11 75
1674 18 11 52
4781 18 11 12
5134 18 11 46
1882 18 11 79
869 18 11 17
3537 18 11 3
4408 18 12 3
1893 18 12 44
2763 18 12 68
5141 18 12 38
2546 18 12 64
32 18 12 85
2055 18 12 20
3437 18 12 18
3368 18 13 43
3947 18 13 63
799 18 13 84
382 18 13 3
4708 18 13 19
822 18 13 36
1387 18 14 3
2798 18 14 49
3152 18 14 84
340 18 14 65
3066 18 14 10
4514 18 14 42
4318 18 14 13
4405 18 15 16
3964 18 15 12
2341 18 15 79
4111 18 15 3
3798 18 15 47
4875 18 15 54
925 18 16 3
300 18 16 46
3328 18 16 74
5088 18 16 90
4778 18 16 19
3638 18 16 63
2817 18 16 41
5030 18 17 68
298 18 17 87
4969 18 17 15
2788 18 17 3
2013 18 17 73
590 18 17 30
595 18 18 66
841 18 18 87
4275 18 18 45
1288 18 18 3
778 18 18 13
2620 18 18 41
1928 18 19 3
1071 18 19 16
3280 18 19 43
4909 18 19 72
2731 18 19 86
2611 18 19 14
3270 18 19 37
3372 18 19 66
487 19 0 25
2776 19 0 4
1020 19 0 31
4624 19 1 47
581 19 1 4
1871 19 1 88
1553 19 1 34
3071 19 2 41
4217 19 2 4
2221 19 2 28
691 19 2 88
3997 19 3 75
4088 19 3 21
2944 19 3 4
1613 19 3 52
5117 19 4 69
2071 19 4 20
813 19 4 4
3665 19 4 49
571 19 5 4
4731 19 5 20
615 19 5 42
4190 19 5 67
3550 19 5 90
3619 19 6 4
1576 19 6 67
1655 19 6 24
1385 19 6 41
3505 19 6 90
165 19 7 17
3336 19 7 53
4574 19 7 64
4056 19 7 3
4193 19 8 3
3052 19 8 53
2070 19 8 62
1134 19 8 15
4888 19 9 3
1435 19 9 47
4558 19 9 91
4871 19 9 76
4145 19 9 25
2462 19 10 3
3567 19 10 91
727 19 10 25
3808 19 10 76
2241 19 10 46
2502 19 11 52
4317 19 11 75
2271 19 11 3
1765 19 11 17
2842 19 11 91
3268 19 12 3
4504 19 12 68
4632 19 12 20
1458 19 12 44
1519 19 12 91
3135 19 13 19
2672 19 13 68
3532 19 13 3
1497 19 13 91
2342 19 13 43
3093 19 14 49
3857 19 14 3
1835 19 14 13
1051 19 14 91
2163 19 14 65
5098 19 15 16
1743 19 15 3
316 19 15 91
4777 19 15 47
3308 19 15 54
2510 19 16 19
3062 19 16 46
3938 19 16 74
3483 19 16 3
537 19 16 90
994 19 17 15
4569 19 17 73
3079 19 17 3
960 19 17 46
355 19 17 90
3549 19 18 3
1931 19 18 13
3663 19 18 73
2487 19 18 45
4607 19 18 87
3324 19 19 16
3407 19 19 87
737 19 19 43
3571 19 19 72
183 19 19 3
