2276
4711 0 0 82
4690 0 0 66
4640 0 0 21
3784 0 0 41
1251 0 0 5
2472 0 1 66
1792 0 1 83
5235 0 1 21
4678 0 1 41
2381 0 1 5
1511 0 2 18
194 0 2 36
2890 0 2 68
1523 0 2 5
2818 0 2 84
1732 0 3 5
5251 0 3 18
4305 0 3 36
3782 0 3 67
3411 0 3 87
1418 0 4 88
4954 0 4 5
222 0 4 18
810 0 4 43
3040 0 4 62
3643 0 5 5
1060 0 5 35
4325 0 5 65
3925 0 5 21
2461 0 5 88
726 0 6 63
3167 0 6 5
814 0 6 42
3401 0 6 20
3120 0 7 38
4797 0 7 19
4450 0 7 66
2487 0 7 76
4897 0 7 5
2045 0 8 78
1322 0 8 41
4886 0 8 66
1218 0 8 5
3731 0 8 21
2265 0 9 28
1029 0 9 4
2416 0 9 44
4336 0 9 14
2836 0 9 75
3469 0 9 83
2942 0 10 44
4506 0 10 14
2453 0 10 28
2165 0 10 4
2919 0 10 75
5262 0 10 83
2805 0 11 46
3636 0 11 1
180 0 11 85
2596 0 11 11
2837 0 12 37
336 0 12 1
2852 0 12 13
3549 0 12 84
1490 0 13 4
2798 0 13 82
4330 0 13 51
4752 0 13 1
5298 0 14 1
3838 0 14 81
3798 0 14 47
961 0 14 7
2540 0 15 71
4002 0 15 89
4314 0 15 15
386 0 15 4
3341 0 15 36
5217 0 16 12
2367 0 16 89
477 0 16 34
4464 0 16 4
2501 0 16 71
4517 0 17 86
5232 0 17 65
4564 0 17 12
1299 0 17 4
4571 0 17 37
4662 0 18 42
340 0 18 72
570 0 18 90
908 0 18 4
2414 0 18 19
4566 0 19 49
304 0 19 71
4709 0 19 19
707 0 19 4
171 0 19 90
2019 1 0 82
931 1 0 40
4391 1 0 17
3756 1 0 5
3851 1 0 64
4062 1 1 83
94 1 1 21
3387 1 1 5
3672 1 1 17
1177 1 1 88
4351 1 1 35
3931 1 1 41
3621 1 1 58
4294 1 1 66
5020 1 1 77
4396 1 2 28
1786 1 2 35
5188 1 2 58
2710 1 2 5
2303 1 2 17
2701 1 2 50
3606 1 2 84
464 1 2 88
975 1 2 41
2015 1 3 5
4654 1 3 88
3564 1 3 36
1310 1 3 17
62 1 3 41
2976 1 3 53
4861 1 3 58
666 1 4 53
4503 1 4 88
1870 1 4 5
3548 1 4 36
4828 1 5 54
775 1 5 5
627 1 5 36
3896 1 5 88
758 1 6 20
2129 1 6 42
3299 1 6 63
4979 1 6 5
2237 1 6 77
1816 1 6 16
4625 1 6 58
3308 1 7 76
4658 1 7 19
1733 1 7 5
2462 1 7 38
5090 1 7 56
2814 1 7 87
3919 1 8 78
4586 1 8 60
1162 1 8 5
3785 1 8 66
1963 1 8 87
4101 1 8 41
2573 1 8 21
3826 1 9 5
3136 1 9 58
3468 1 9 78
2371 1 9 32
4688 1 10 32
1507 1 10 78
3504 1 10 68
5173 1 10 5
3250 1 10 83
2169 1 10 14
5038 1 10 44
1884 1 10 58
5155 1 11 46
3142 1 11 28
2354 1 11 11
3923 1 11 61
5062 1 11 85
4080 1 11 5
1407 1 15 89
2095 1 15 71
1900 1 15 11
438 1 15 15
4572 1 15 4
2574 1 15 63
4962 1 15 36
2570 1 15 31
3850 1 16 76
1782 1 16 9
4514 1 16 34
1834 1 16 4
504 1 16 48
1929 1 16 89
1198 1 17 4
4340 1 17 86
5100 1 17 65
279 1 17 37
919 1 17 12
5320 1 17 60
2282 1 18 85
4262 1 18 13
4056 1 18 42
3384 1 18 72
2838 1 18 90
2587 1 18 4
1141 1 18 19
1624 1 19 12
1454 1 19 45
4074 1 19 49
3673 1 19 71
5066 1 19 89
4986 1 19 4
567 2 0 82
3553 2 0 5
4289 2 0 74
4129 2 0 48
4758 2 0 28
4961 2 1 5
5012 2 1 20
4937 2 1 74
4122 2 1 50
3938 2 1 82
3664 2 2 5
4875 2 2 28
3302 2 2 50
4147 2 2 41
1413 2 2 78
4844 2 2 82
4353 2 2 63
725 2 3 32
3298 2 3 53
2744 2 3 66
4347 2 3 24
3094 2 3 88
2963 2 3 5
745 2 3 73
2031 2 3 80
5122 2 4 66
3855 2 4 5
5040 2 4 20
2340 2 4 43
4021 2 5 5
4742 2 5 11
3577 2 5 89
2046 2 5 54
4604 2 6 16
2284 2 6 5
4431 2 6 40
4244 2 6 60
681 2 6 75
5097 2 7 70
4516 2 7 76
3473 2 7 13
3601 2 7 19
4048 2 7 5
668 2 7 38
3231 2 7 56
3996 2 8 41
3878 2 8 60
4513 2 8 54
467 2 8 21
1420 2 8 66
2083 2 8 78
608 2 8 87
16 2 8 5
3239 2 8 17
682 2 9 63
4970 2 9 5
1308 2 9 35
3444 2 9 75
781 2 9 16
1498 2 10 58
4105 2 10 90
3476 2 10 44
5253 2 10 83
176 2 10 68
4499 2 10 5
3881 2 10 32
1364 2 10 14
800 2 11 23
3198 2 11 68
1460 2 11 58
2172 2 11 32
3470 2 11 44
5130 2 11 83
2612 2 11 5
537 2 11 90
3574 2 11 14
3091 2 13 51
2866 2 13 14
1211 2 13 75
2159 2 13 29
5194 2 13 4
1219 2 14 92
1467 2 15 63
4096 2 15 57
1787 2 15 31
2201 2 15 26
211 2 15 15
1183 2 15 11
4824 2 15 71
4173 2 15 36
4280 2 15 4
4212 2 15 86
3424 2 16 31
3712 2 16 76
5192 2 16 48
2928 2 16 34
3148 2 16 4
4217 2 16 9
5168 2 16 69
237 2 16 89
5063 2 17 7
648 2 17 12
88 2 17 37
612 2 17 65
4009 2 17 86
4649 2 17 4
5088 2 17 60
1873 2 17 81
5176 2 17 54
1384 2 18 90
3500 2 18 13
2321 2 18 4
5230 2 18 19
1964 2 18 37
1412 2 18 72
1053 2 18 42
2188 2 18 85
3536 2 19 12
4624 2 19 38
4469 2 19 71
3484 2 19 86
1431 2 19 45
3340 2 19 49
1376 2 19 90
4205 2 19 5
3984 3 0 22
4673 3 0 28
1547 3 0 69
3551 3 0 5
4492 3 0 48
1683 3 0 80
2117 3 1 5
3732 3 1 77
809 3 1 48
3538 3 1 28
5308 3 1 71
5215 3 2 63
893 3 2 78
3780 3 2 48
3087 3 2 28
593 3 2 5
5041 3 2 71
5265 3 3 66
1196 3 3 32
4590 3 3 5
5045 3 3 80
2685 3 3 73
4545 3 3 24
4684 3 3 53
2960 3 4 75
1864 3 4 50
2684 3 4 33
1375 3 4 5
4675 3 4 38
262 3 4 55
2790 3 4 68
5293 3 4 16
3377 3 5 89
4016 3 5 5
4273 3 5 55
1868 3 6 89
2780 3 6 5
2343 3 7 5
1526 3 7 89
1096 3 8 89
1232 3 8 5
947 3 9 68
2517 3 9 16
2016 3 9 75
5026 3 9 6
941 3 9 35
4240 3 9 63
327 3 9 31
4428 3 9 58
3940 3 10 55
1800 3 10 35
4714 3 10 5
223 3 10 15
2399 3 10 72
1239 3 12 72
3196 3 12 27
2359 3 12 79
4003 3 14 92
1077 3 15 91
5061 3 16 91
417 3 17 91
1116 3 17 20
3311 3 18 20
2224 3 18 5
259 3 18 90
3063 3 18 63
4993 3 19 72
3752 3 19 31
3852 3 19 5
4161 3 19 13
1259 3 19 20
703 3 19 90
3627 3 19 63
1582 3 19 53
4669 3 19 79
1350 3 19 38
1813 4 0 80
806 4 0 5
1709 4 0 45
1638 4 0 69
2613 4 0 25
3098 4 1 25
1586 4 1 5
2032 4 1 80
5211 4 1 71
1289 4 1 45
68 4 2 23
2167 4 2 5
4870 4 2 48
4275 4 2 73
3849 4 2 80
2592 4 3 32
1819 4 3 5
2950 4 3 53
4853 4 3 73
4114 4 3 80
993 4 4 55
2054 4 4 5
411 4 4 75
3190 4 4 38
1002 4 4 16
359 4 5 72
1353 4 5 12
1995 4 5 34
1268 4 5 5
4402 4 5 51
4006 4 6 15
4291 4 6 5
768 4 6 52
4290 4 6 29
4698 4 6 72
3141 4 7 57
12 4 7 35
1747 4 7 5
1173 4 7 12
24 4 7 73
871 4 14 37
2195 4 14 88
4475 4 14 19
1122 4 14 24
1627 4 14 4
1056 4 14 41
614 4 14 68
2133 4 15 4
2089 4 15 67
4322 4 15 86
3952 4 15 91
2124 4 15 81
2878 4 15 34
1325 4 15 50
1970 4 15 15
5248 4 15 75
2183 4 15 39
4807 4 16 4
4452 4 16 29
2599 4 16 71
1853 4 16 90
5322 4 16 76
372 4 16 11
1240 4 16 43
299 4 17 84
231 4 17 26
750 4 17 70
93 4 17 49
4917 4 17 8
96 4 17 4
4730 4 17 75
3994 4 17 31
721 4 18 69
2331 4 18 74
2782 4 18 61
2482 4 18 86
2096 4 18 35
4771 4 18 16
512 4 18 11
170 4 18 24
2604 4 18 28
3635 4 18 50
2523 4 18 4
4500 4 19 63
4880 4 19 5
3296 4 19 53
4644 4 19 43
630 4 19 67
4854 4 19 84
1086 4 19 13
4313 4 19 31
522 4 19 72
1953 5 0 15
4175 5 0 5
3441 5 0 57
3099 5 0 33
3561 5 0 68
240 5 1 15
2017 5 1 5
4651 5 1 73
4881 5 1 33
2865 5 1 51
255 5 1 90
1491 5 2 51
878 5 2 5
1855 5 2 15
5214 5 2 72
2524 5 2 87
3523 5 2 30
771 5 3 87
1399 5 3 51
1840 5 3 13
624 5 3 30
3241 5 3 5
3147 5 3 72
451 5 4 14
2949 5 4 86
2494 5 4 5
3515 5 4 71
4349 5 4 29
4050 5 4 53
4256 5 5 12
4984 5 5 7
4693 5 5 30
1480 5 5 34
4384 5 5 51
3611 5 5 70
145 5 5 86
5201 5 6 72
4850 5 6 29
5067 5 6 47
1686 5 6 5
4884 5 6 52
3290 5 6 82
1129 5 6 15
1752 5 6 68
3492 5 7 47
5186 5 7 71
674 5 7 5
287 5 7 85
3930 5 7 14
976 5 7 26
1926 5 9 26
642 5 9 5
2334 5 9 14
3412 5 9 84
732 5 9 70
3259 5 9 53
2228 5 10 52
2908 5 10 5
1725 5 10 72
4028 5 10 12
944 5 10 32
394 5 11 73
5266 5 11 12
2047 5 11 5
163 5 11 35
3216 5 11 57
2751 5 13 4
4647 5 13 90
4090 5 13 19
5169 5 13 73
1974 5 13 42
2488 5 14 88
1516 5 14 68
3373 5 14 24
1153 5 14 37
2720 5 14 4
1985 5 14 41
4128 5 15 50
266 5 15 91
1148 5 15 15
3691 5 15 4
3001 5 15 67
3985 5 15 39
563 5 15 75
5084 5 15 86
5259 5 16 76
3516 5 16 1
4593 5 16 11
5203 5 16 43
515 5 17 84
584 5 17 8
3034 5 17 4
1692 5 17 31
2877 5 17 54
4960 5 17 75
3149 5 18 28
2533 5 18 4
2499 5 18 16
5315 5 18 50
2825 5 18 86
891 5 18 81
1422 5 18 69
1928 5 18 11
3634 5 18 35
2985 5 18 61
3958 5 18 74
670 5 19 72
782 5 19 67
258 5 19 53
502 5 19 26
1576 5 19 13
416 5 19 4
3970 5 19 31
854 5 19 84
1697 5 19 48
2119 6 0 5
813 6 0 57
2944 6 0 64
2764 6 0 33
147 6 0 28
2253 6 0 51
4190 6 0 13
86 6 0 84
523 6 0 68
2932 6 1 68
1521 6 1 90
3204 6 1 73
2347 6 1 5
5116 6 1 13
4174 6 1 28
5247 6 1 48
1897 6 9 53
4718 6 9 13
637 6 9 23
2993 6 9 5
367 6 9 70
774 6 9 84
5205 6 10 1
3081 6 10 7
3783 6 10 74
257 6 10 52
250 6 11 1
4284 6 11 76
379 6 11 36
3423 6 11 13
3407 6 14 41
723 6 14 68
787 6 14 24
3774 6 14 4
1510 6 15 91
5227 6 15 41
3033 6 15 67
5193 6 15 50
1064 6 15 15
4439 6 15 4
1396 6 15 75
5310 6 15 86
2846 6 16 15
4762 6 16 4
1146 6 16 75
131 6 16 50
2755 6 16 91
984 6 17 56
1312 6 17 16
468 6 17 35
954 6 17 61
434 6 17 86
1319 6 17 78
4823 6 17 4
1756 6 17 10
2948 6 17 81
216 6 18 49
213 6 18 86
3483 6 18 4
4263 6 18 35
3510 6 18 16
4134 6 18 61
4309 6 18 28
2925 6 18 11
1397 6 18 81
4327 6 18 74
677 6 18 68
1021 6 19 4
2428 6 19 48
3876 6 19 25
1607 6 19 72
4181 6 19 31
2527 6 19 67
2310 6 19 13
1941 6 19 53
4959 6 19 84
532 7 0 52
441 7 0 57
3430 7 0 25
2217 7 0 79
4999 7 0 33
5165 7 0 84
2492 7 0 6
4026 7 0 64
1051 7 0 47
4855 7 1 6
1881 7 1 82
4463 7 1 31
5033 7 1 73
2569 7 1 52
3936 7 3 11
3619 7 3 51
3900 7 3 1
2518 7 3 92
718 7 4 13
4108 7 4 92
82 7 4 59
1065 7 4 1
2939 7 5 34
1531 7 5 57
3503 7 5 85
4655 7 5 36
2109 7 5 70
963 7 6 49
2737 7 6 63
3759 7 6 85
4638 7 6 34
3529 7 6 57
3586 7 6 88
1820 7 6 6
3980 7 6 3
390 7 6 70
4989 7 7 34
4261 7 7 49
137 7 7 56
3907 7 7 85
5023 7 7 88
1293 7 7 3
1880 7 7 63
3656 7 7 6
2085 7 7 70
4474 7 8 21
4618 7 8 43
1426 7 8 88
385 7 8 70
1286 7 8 94
2475 7 8 27
4401 7 8 3
4044 7 8 33
4931 7 9 27
3124 7 9 32
1866 7 9 88
1944 7 9 70
129 7 9 43
2207 7 9 92
1008 7 9 3
5072 7 9 67
2739 7 10 7
3809 7 10 74
4315 7 10 1
1810 7 10 97
4665 7 10 45
4788 7 10 52
1821 7 10 70
1474 7 11 74
3002 7 11 32
345 7 11 7
456 7 11 1
4425 7 11 97
3833 7 11 52
3916 7 11 45
221 7 11 70
3892 7 11 92
15 7 12 70
307 7 12 74
1764 7 12 45
1323 7 12 52
5078 7 12 4
2558 7 12 92
1827 7 12 97
5198 7 12 66
1744 7 12 7
2808 7 12 29
4744 7 12 1
2584 7 12 32
4112 7 14 4
2424 7 14 16
2409 7 14 38
4671 7 14 64
4194 7 14 53
4890 7 14 68
2410 7 14 75
3095 7 14 91
4650 7 14 44
2864 7 14 21
3770 7 14 31
4132 7 15 4
3558 7 15 91
5109 7 15 38
133 7 15 21
5119 7 15 44
1809 7 15 53
5309 7 15 68
3827 7 15 75
3121 7 15 16
4704 7 16 4
4103 7 16 43
3366 7 16 50
5323 7 16 75
4249 7 16 91
3910 7 16 16
3333 7 16 21
1664 7 17 4
1825 7 17 35
3400 7 17 61
733 7 17 81
1260 7 17 86
3251 7 17 16
2420 7 17 56
3021 7 17 11
2740 7 18 11
362 7 18 85
2385 7 18 68
4524 7 18 28
3369 7 18 54
4554 7 18 74
4977 7 18 33
1803 7 18 4
4819 7 18 49
791 7 19 72
554 7 19 53
1496 7 19 4
2511 7 19 85
701 7 19 13
601 7 19 31
2138 8 3 83
4549 8 3 50
4127 8 3 89
3862 8 3 1
895 8 3 59
3638 8 3 8
181 8 4 59
5147 8 4 31
2827 8 4 97
4208 8 4 36
3212 8 4 1
874 8 4 83
4417 8 4 8
5065 8 4 91
2683 8 4 89
4137 8 4 14
4283 8 4 50
5285 8 5 14
4302 8 5 50
2502 8 5 27
3761 8 5 8
4902 8 5 91
2936 8 5 36
2535 8 5 97
178 8 5 83
2441 8 5 1
4974 8 5 31
22 8 5 79
1047 8 6 1
4030 8 6 88
2132 8 6 13
4497 8 6 50
4420 8 7 34
3778 8 7 6
3256 8 7 80
2500 8 7 85
4656 8 7 29
1758 8 7 63
5312 8 7 56
2933 8 7 19
1836 8 7 90
1721 8 7 1
3680 8 8 21
4561 8 8 13
578 8 8 31
950 8 8 1
3610 8 8 33
270 8 8 69
2669 8 8 94
3836 8 8 66
3757 8 9 3
2622 8 9 94
1267 8 9 43
3375 8 9 70
3765 8 9 32
4753 8 9 88
756 8 9 92
3329 8 10 30
951 8 10 76
3822 8 10 4
839 8 10 44
5226 8 10 71
1062 8 10 27
3360 8 11 44
4507 8 11 91
2609 8 11 30
805 8 11 27
224 8 11 4
1037 8 11 22
3211 8 11 71
5279 8 11 76
2991 8 11 65
3644 8 14 74
3161 8 14 51
4460 8 14 4
3107 8 14 21
2901 8 15 4
2368 8 15 53
54 8 15 20
3828 8 15 68
1336 8 16 4
2752 8 16 50
2361 8 16 68
3418 8 16 21
5268 8 17 35
3792 8 17 16
631 8 17 4
5261 8 17 61
2819 8 17 86
4061 8 18 4
143 8 18 11
4523 8 18 74
3403 8 18 54
4445 8 18 33
1606 8 18 86
45 8 19 11
1085 8 19 54
1527 8 19 86
3262 8 19 33
4802 8 19 72
2436 8 19 4
2833 9 0 42
5303 9 0 6
164 9 0 20
165 9 0 44
4073 9 0 67
77 9 0 77
2724 9 1 66
4764 9 1 16
4839 9 1 6
298 9 1 43
2615 9 1 22
323 9 2 82
3339 9 2 30
977 9 2 25
1402 9 2 35
2675 9 2 40
3362 9 2 90
2548 9 2 70
37 9 2 17
3921 9 2 6
2213 9 2 53
1919 9 2 61
5082 9 3 89
825 9 3 8
4843 9 3 1
343 9 3 59
543 9 4 1
1714 9 4 91
2884 9 4 36
1595 9 4 14
246 9 5 1
3773 9 5 48
3191 9 5 97
89 9 5 29
2050 9 6 1
3650 9 6 16
7 9 6 73
3716 9 6 97
1437 9 7 1
4657 9 7 34
3976 9 7 63
2935 9 7 85
2945 9 7 55
1865 9 7 90
2080 9 7 18
4804 9 7 29
4350 9 7 79
2802 9 8 21
2853 9 8 33
3133 9 8 1
4072 9 8 69
4185 9 8 14
3178 9 9 43
4144 9 9 94
2581 9 9 70
901 9 9 92
3108 9 9 3
4592 9 10 30
4567 9 10 44
1070 9 10 76
5245 9 10 4
2234 9 11 79
4990 9 11 4
3905 9 11 33
4878 9 11 57
5256 9 15 50
5141 9 15 68
3841 9 15 6
1475 9 15 1
2544 9 16 46
101 9 16 72
3155 9 16 10
4213 9 16 1
4166 9 17 19
4846 9 17 55
4334 9 17 3
3073 9 17 68
1712 9 18 49
4104 9 18 21
2843 9 18 3
2227 9 18 80
3663 9 18 93
4281 9 19 3
3801 9 19 79
3633 9 19 93
3109 9 19 19
5239 9 19 39
1972 10 0 22
4320 10 0 67
689 10 0 44
4288 10 0 77
786 10 0 6
4727 10 1 67
2392 10 1 6
156 10 1 49
4558 10 1 22
5121 10 1 79
2889 10 2 70
527 10 2 82
4013 10 2 90
3461 10 2 40
3322 10 2 17
2107 10 2 25
2662 10 2 53
4410 10 2 6
4851 10 2 30
4866 10 2 60
4125 10 3 65
2408 10 3 25
3667 10 3 70
141 10 3 30
969 10 3 82
759 10 3 6
2208 10 3 77
5006 10 3 89
3019 10 3 53
1320 10 3 46
4772 10 4 96
1538 10 4 23
2940 10 4 55
460 10 4 1
4679 10 5 16
5096 10 5 23
4626 10 5 48
3886 10 5 83
3891 10 5 96
1247 10 5 29
3903 10 5 55
5263 10 5 45
1457 10 5 1
2736 10 6 1
5314 10 6 23
3608 10 6 76
4862 10 6 9
1036 10 6 29
261 10 6 45
5302 10 6 78
3737 10 6 85
5283 10 6 18
1477 10 6 55
2750 10 6 96
4526 10 6 90
3631 10 7 18
5056 10 7 55
2845 10 7 90
1920 10 7 1
3715 10 7 85
4856 10 7 34
4876 10 7 29
1673 10 7 63
2515 10 7 25
4873 10 7 79
5101 10 8 21
4562 10 8 1
3405 10 8 33
2274 10 8 96
2160 10 9 3
4895 10 9 70
4188 10 9 94
297 10 9 1
4877 10 10 47
3046 10 10 73
4419 10 10 42
130 10 10 81
2902 10 10 3
3665 10 10 7
1351 10 10 22
2678 10 11 3
4358 10 11 22
819 10 11 92
4214 10 11 69
2147 10 11 7
4225 10 11 42
4510 10 11 37
3880 10 11 81
4375 10 11 47
2696 10 11 73
2357 10 12 73
2664 10 12 47
1802 10 12 3
3422 10 12 25
4089 10 12 42
2127 10 12 82
2036 10 12 37
3499 10 12 92
4511 10 12 7
2650 10 12 51
1912 10 12 17
827 10 13 4
4119 10 13 25
2560 10 13 31
4722 10 15 6
1915 10 15 96
4836 10 15 68
3781 10 15 50
699 10 15 1
4133 10 15 43
3278 10 16 72
3570 10 16 68
249 10 16 10
4179 10 16 46
2051 10 16 92
2349 10 16 36
3319 10 16 1
3719 10 17 51
1147 10 17 68
3978 10 17 91
4361 10 17 15
3894 10 17 3
3557 10 17 19
4575 10 17 55
4150 10 18 72
5044 10 18 49
2118 10 18 80
2899 10 18 21
4197 10 18 3
1354 10 18 92
4165 10 18 15
3946 10 19 3
3264 10 19 39
2193 10 19 79
4000 10 19 69
3743 10 19 35
3337 10 19 93
3260 10 19 19
3735 11 0 23
4142 11 0 6
2211 11 0 66
4295 11 0 49
2992 11 0 80
3015 11 0 59
1329 11 1 69
3303 11 1 60
300 11 1 80
4927 11 1 40
455 11 1 6
3724 11 1 29
4442 11 1 24
2820 11 1 49
10 11 2 69
2038 11 2 49
4505 11 2 40
4903 11 2 17
2719 11 2 81
3717 11 2 29
2148 11 2 60
5099 11 2 6
3398 11 2 24
1515 11 2 90
2974 11 3 46
1980 11 3 30
3431 11 3 82
447 11 3 70
1613 11 3 6
1006 11 3 66
5120 11 3 89
780 11 3 53
4076 11 3 25
2702 11 4 1
408 11 4 18
2197 11 4 90
3687 11 5 28
4544 11 5 98
5032 11 5 1
3723 11 6 18
3291 11 6 52
3740 11 6 85
2323 11 6 78
4930 11 6 9
5144 11 6 75
4785 11 6 90
117 11 6 28
3445 11 6 1
3814 11 7 12
4508 11 7 1
286 11 7 22
4551 11 7 25
3810 11 7 53
2811 11 7 75
3224 11 7 10
3540 11 7 17
4023 11 7 63
5255 11 7 49
4919 11 7 34
1671 11 8 1
4176 11 8 12
3993 11 8 17
653 11 8 22
3945 11 8 53
2238 11 8 25
1808 11 8 63
5191 11 9 95
4950 11 9 22
236 11 9 59
1907 11 9 1
1395 11 9 62
4413 11 9 17
480 11 10 81
4606 11 10 7
2267 11 10 22
3511 11 10 3
4518 11 10 47
2536 11 10 76
1082 11 11 8
971 11 11 3
1022 11 11 25
3374 11 11 76
1054 11 11 81
1693 11 11 51
4011 11 12 76
4691 11 12 51
2125 11 12 25
2176 11 12 82
980 11 12 3
2874 11 12 8
1590 11 13 3
1126 11 13 24
564 11 13 83
3830 11 13 76
4775 11 13 8
3689 11 13 59
4868 11 15 81
5052 11 15 27
2166 11 15 22
4594 11 15 36
3426 11 15 50
4232 11 15 86
3771 11 15 73
5254 11 15 92
5324 11 15 46
3238 11 15 68
4555 11 15 10
3475 11 16 22
1859 11 16 73
3628 11 16 65
5049 11 16 10
1565 11 16 36
1307 11 16 46
1901 11 16 3
4687 11 16 86
2741 11 16 92
5167 11 16 27
2594 11 17 55
1014 11 17 92
3371 11 17 68
4216 11 17 87
3242 11 17 15
2721 11 17 3
233 11 17 19
2813 11 18 93
5267 11 18 21
3626 11 18 15
1935 11 18 3
1910 11 18 72
2383 11 18 49
4380 11 18 46
866 11 18 80
2779 11 19 15
575 11 19 19
2641 11 19 35
3449 11 19 69
4298 11 19 64
1405 11 19 79
4203 11 19 39
1770 11 19 3
2556 11 19 93
1927 12 0 49
4928 12 0 66
2174 12 0 29
3254 12 0 80
2287 12 0 6
1435 12 1 45
2870 12 1 6
1061 12 1 81
462 12 1 29
5175 12 1 69
2849 12 2 81
398 12 2 30
1449 12 2 53
1892 12 2 6
5107 12 2 70
1458 12 3 53
2155 12 3 6
1805 12 3 82
1257 12 3 70
4751 12 3 30
4279 12 4 52
784 12 4 90
4139 12 4 1
482 12 4 15
875 12 4 18
204 12 5 50
3227 12 5 52
4577 12 5 85
799 12 5 1
4636 12 5 90
2486 12 5 99
2855 12 5 18
2088 12 6 12
152 12 6 18
3589 12 6 52
4387 12 6 85
4434 12 6 90
4477 12 6 1
4107 12 6 78
3396 12 7 75
3859 12 7 1
289 12 7 34
3301 12 8 98
3273 12 8 1
3064 12 8 25
3508 12 8 63
2761 12 9 98
118 12 9 62
1110 12 9 22
4848 12 9 1
3101 12 10 10
904 12 10 29
4049 12 10 79
5237 12 10 87
1100 12 10 3
1650 12 10 55
2374 12 11 80
3707 12 11 55
2185 12 11 88
1649 12 11 13
4896 12 11 29
4661 12 11 3
325 12 12 3
2913 12 12 9
4530 12 12 77
4677 12 12 37
4486 12 12 88
4036 12 13 43
4623 12 13 88
3093 12 13 80
2576 12 13 3
3350 12 13 18
3008 12 15 13
103 12 15 59
4029 12 15 26
2460 12 15 85
273 12 15 3
1171 12 15 78
167 12 16 8
3571 12 16 46
1969 12 16 27
4163 12 16 73
1287 12 16 85
2071 12 16 3
3981 12 17 19
990 12 17 55
3546 12 17 3
3857 12 17 43
472 12 17 68
1263 12 17 14
3934 12 17 87
928 12 17 93
1906 12 18 90
4343 12 18 21
3011 12 18 77
1378 12 18 49
2549 12 18 72
4605 12 18 69
1078 12 18 46
603 12 18 3
2506 12 18 15
4004 12 18 80
942 12 19 93
2470 12 19 75
4318 12 19 3
2018 12 19 60
686 12 19 32
4834 12 19 69
4022 12 19 64
3786 12 19 19
4031 12 19 39
2082 12 19 14
850 12 19 79
2378 13 0 89
2296 13 0 2
4479 13 0 62
938 13 0 10
18 13 0 28
2519 13 1 89
2667 13 1 2
4737 13 1 10
326 13 1 28
4183 13 1 64
605 13 2 33
3979 13 2 61
2146 13 2 91
3653 13 2 2
757 13 2 10
4458 13 3 62
4628 13 3 16
4012 13 3 46
5318 13 3 41
1464 13 3 90
3772 13 3 66
2000 13 3 13
4135 13 3 2
1052 13 4 90
3963 13 4 36
4191 13 4 16
2543 13 4 46
1252 13 4 66
4614 13 4 86
4934 13 4 41
2411 13 4 2
4071 13 4 62
4265 13 5 58
3180 13 5 87
2859 13 5 62
3088 13 5 36
3893 13 5 16
2490 13 5 46
5115 13 5 66
3835 13 5 41
1568 13 5 2
847 13 5 84
804 13 5 90
4686 13 6 2
3820 13 6 43
3206 13 6 62
3139 13 6 14
4227 13 7 79
1556 13 7 16
2504 13 7 2
4067 13 7 47
4086 13 8 78
1571 13 8 2
1924 13 8 41
3084 13 8 17
1567 13 9 2
2300 13 9 87
2270 13 9 44
3300 13 10 54
572 13 10 3
1773 13 10 10
493 13 10 75
2760 13 10 79
4184 13 10 30
4703 13 10 87
3041 13 11 30
4405 13 11 55
179 13 11 3
1956 13 11 81
3275 13 11 87
3439 13 11 25
3661 13 11 13
39 13 12 87
2004 13 12 30
3058 13 12 25
3464 13 12 55
4761 13 12 37
1690 13 12 81
3409 13 12 4
4389 13 12 17
793 13 13 30
2860 13 13 55
4303 13 13 18
1655 13 13 37
4637 13 13 88
1898 13 15 3
3967 13 15 13
4847 13 15 31
1200 13 15 80
3727 13 15 45
2975 13 15 86
4170 13 16 80
2345 13 16 31
4591 13 16 3
4366 13 16 13
4276 13 16 86
1273 13 16 46
4299 13 17 80
1776 13 17 3
546 13 17 55
956 13 17 14
418 13 17 19
1154 13 17 40
3382 13 17 43
2747 13 17 93
5131 13 17 68
848 13 18 72
2660 13 18 21
509 13 18 3
281 13 18 47
4269 13 18 49
2539 13 18 80
926 13 18 90
2273 13 18 15
4258 13 18 67
3808 13 18 40
1231 13 19 3
4357 13 19 11
1303 13 19 19
5313 13 19 56
1608 13 19 79
604 13 19 89
3593 13 19 64
2292 13 19 93
5118 13 19 39
1668 13 19 60
2052 13 19 75
661 13 19 14
2955 13 19 69
3105 14 0 62
876 14 0 6
442 14 0 2
4054 14 0 33
1577 14 0 57
4735 14 0 86
811 14 1 2
1438 14 1 28
573 14 1 64
485 14 1 10
2971 14 1 61
5057 14 1 89
1005 14 1 97
2035 14 2 91
1760 14 2 33
3654 14 2 8
1986 14 2 88
4773 14 2 2
741 14 2 61
2244 14 2 55
4075 14 2 30
1038 14 3 46
36 14 3 16
358 14 3 66
72 14 3 2
4707 14 4 2
3283 14 4 14
2202 14 4 44
3456 14 4 69
5157 14 5 69
4779 14 5 41
1425 14 5 66
2338 14 5 44
2131 14 5 46
4943 14 5 91
4814 14 5 10
3749 14 5 2
3220 14 5 16
2241 14 5 36
2108 14 5 58
4331 14 6 35
1345 14 6 2
2693 14 6 13
4929 14 6 43
4583 14 6 51
3119 14 7 79
2390 14 7 2
3999 14 7 43
3679 14 7 16
5153 14 7 75
2807 14 7 47
897 14 7 94
4682 14 8 10
5050 14 8 71
1271 14 8 78
1436 14 8 17
4680 14 8 2
632 14 8 38
2312 14 8 41
4162 14 9 2
4965 14 9 33
4576 14 9 83
4084 14 9 87
4451 14 9 44
458 14 10 87
2906 14 10 64
3983 14 10 27
424 14 10 2
1479 14 11 2
1766 14 11 87
3414 14 11 64
248 14 11 34
1114 14 12 52
4871 14 12 88
4904 14 12 75
5019 14 12 3
1990 14 12 17
3562 14 12 34
5272 14 13 48
1279 14 13 12
5231 14 13 40
1187 14 14 3
3560 14 14 81
4736 14 14 24
4833 14 15 24
3795 14 15 81
1917 14 15 3
239 14 15 60
1059 14 16 60
3324 14 16 94
3681 14 16 81
4461 14 16 3
644 14 16 9
2427 14 16 23
2356 14 17 69
4882 14 17 94
2364 14 17 21
5152 14 17 3
4180 14 17 9
1562 14 17 60
3791 14 17 81
160 14 18 93
2968 14 18 69
3640 14 18 21
823 14 18 3
5149 14 18 39
1726 14 18 29
2999 14 18 60
640 14 18 79
4740 14 18 49
1046 14 19 3
4100 14 19 75
4360 14 19 19
3189 14 19 64
1845 14 19 29
3365 14 19 39
2403 14 19 69
4837 14 19 56
638 14 19 11
764 14 19 60
2120 14 19 93
1994 15 0 2
5206 15 0 82
3201 15 0 27
3844 15 0 6
1555 15 0 86
4826 15 0 62
3954 15 0 33
324 15 0 57
3659 15 1 10
3594 15 1 89
3741 15 1 28
4629 15 1 6
3616 15 1 24
125 15 1 2
5305 15 1 84
1998 15 1 64
2911 15 1 56
738 15 2 33
4816 15 2 55
4504 15 2 27
856 15 2 30
4409 15 2 2
4982 15 2 8
1631 15 2 91
4017 15 2 80
855 15 3 33
3948 15 3 67
4274 15 3 93
1784 15 3 64
4498 15 3 10
3199 15 3 13
1186 15 3 18
4403 15 4 10
1229 15 4 13
4065 15 4 20
136 15 4 33
2218 15 4 67
3057 15 4 93
4597 15 5 41
1387 15 5 93
552 15 5 20
4311 15 5 10
2370 15 5 36
4060 15 5 39
1667 15 6 93
3071 15 6 10
192 15 6 36
4710 15 7 79
5154 15 7 3
466 15 7 16
1302 15 7 47
4079 15 7 91
3266 15 7 75
5077 15 7 11
3755 15 7 94
2483 15 8 41
4304 15 8 71
4481 15 8 10
5238 15 8 78
3029 15 8 3
2593 15 8 17
1798 15 8 67
2069 15 8 35
4946 15 9 25
1379 15 9 2
4421 15 9 44
3726 15 9 77
4271 15 9 83
3381 15 9 33
4321 15 10 20
1708 15 10 2
4995 15 10 27
2442 15 10 33
3746 15 10 74
3882 15 10 83
4368 15 10 44
1741 15 10 77
3602 15 11 87
3913 15 11 19
4768 15 11 34
597 15 11 64
4042 15 11 58
2053 15 11 2
5058 15 12 3
5105 15 12 34
3286 15 12 52
4470 15 12 75
3442 15 12 86
3072 15 12 17
1342 15 13 12
374 15 13 40
107 15 13 49
1670 15 14 56
1369 15 14 31
4602 15 14 3
3447 15 14 90
4371 15 15 85
2772 15 15 3
4666 15 15 37
5156 15 15 31
333 15 16 23
4912 15 16 3
1954 15 16 59
5271 15 16 79
691 15 17 94
3977 15 17 47
3837 15 17 58
3889 15 17 79
3233 15 17 53
2336 15 17 17
853 15 17 21
2242 15 17 42
377 15 17 91
479 15 17 3
1614 15 17 12
2456 15 18 3
3854 15 18 78
3858 15 18 20
4852 15 18 47
1738 15 18 12
2042 15 18 94
4733 15 18 53
4838 15 18 42
753 15 18 72
5000 15 18 17
4835 15 19 46
1439 15 19 3
50 15 19 17
2262 15 19 76
2733 15 19 53
3685 16 0 23
1591 16 0 27
3274 16 0 75
5311 16 0 33
4991 16 0 57
1879 16 0 7
3113 16 0 92
1967 16 0 48
934 16 0 71
2106 16 0 52
4863 16 0 86
2541 16 1 92
2330 16 1 75
1034 16 1 33
4528 16 1 64
1992 16 1 87
1557 16 1 10
2362 16 2 92
4236 16 2 64
2507 16 2 18
4484 16 2 10
998 16 2 33
3692 16 3 10
3017 16 3 33
2358 16 3 18
1168 16 3 64
5225 16 3 93
4052 16 4 53
1706 16 4 58
3829 16 4 81
2440 16 4 3
1000 16 4 85
2078 16 4 26
4812 16 4 91
4607 16 5 3
4663 16 5 50
51 16 5 57
1768 16 5 81
2151 16 5 22
2393 16 5 24
4323 16 6 37
2011 16 6 10
2189 16 7 3
383 16 7 33
1594 16 7 11
2659 16 7 94
3140 16 7 58
3632 16 8 17
5197 16 8 61
1617 16 8 35
945 16 8 67
109 16 8 71
1807 16 8 3
4813 16 8 32
3514 16 8 10
3933 16 8 41
5236 16 8 78
3174 16 9 86
2418 16 9 2
4509 16 9 19
1432 16 9 66
4412 16 10 83
2645 16 10 20
4536 16 10 2
5022 16 10 15
4001 16 10 27
5039 16 10 44
1793 16 10 33
4860 16 10 66
2990 16 10 74
1398 16 10 77
4867 16 10 86
639 16 11 16
5007 16 11 19
3865 16 11 31
4041 16 11 34
3777 16 11 58
4933 16 11 2
807 16 11 56
2775 16 11 64
3443 16 11 85
2509 16 11 87
2994 16 12 20
3769 16 13 12
132 16 13 85
403 16 13 95
881 16 13 49
531 16 13 40
4168 16 14 12
2446 16 14 49
3657 16 14 83
4058 16 14 95
1771 16 14 40
1172 16 15 78
3304 16 15 8
2384 16 15 1
2979 16 15 39
3089 16 15 95
4422 16 16 95
3236 16 16 26
2243 16 16 1
3188 16 16 82
4140 16 16 11
2897 16 17 3
4750 16 17 21
1687 16 17 79
4543 16 17 58
4645 16 18 78
1903 16 18 20
450 16 18 3
2762 16 18 47
3968 16 19 17
5098 16 19 76
4493 16 19 53
1848 16 19 3
3794 17 0 75
4725 17 0 48
3328 17 0 92
1679 17 0 7
4889 17 0 3
3688 17 0 84
100 17 0 57
1844 17 0 30
3507 17 0 52
2520 17 1 28
2279 17 1 78
264 17 1 87
613 17 1 82
4068 17 1 3
2352 17 1 24
3471 17 1 60
4557 17 1 49
76 17 1 55
5223 17 1 8
2844 17 2 32
794 17 2 8
1580 17 2 91
3056 17 2 51
4942 17 2 82
61 17 2 28
3367 17 2 54
294 17 2 2
5228 17 2 75
4339 17 2 5
5112 17 3 31
1759 17 3 73
260 17 3 2
35 17 3 92
1088 17 3 58
310 17 3 27
3009 17 3 7
84 17 3 43
1305 17 3 47
209 17 3 78
2094 17 3 23
2749 17 4 58
5182 17 4 26
3316 17 4 3
3137 17 4 85
580 17 4 91
360 17 5 91
3026 17 5 85
2571 17 5 24
4899 17 5 3
1962 17 5 57
2856 17 6 32
4672 17 13 86
1321 17 13 58
4522 17 13 3
422 17 13 22
5031 17 13 81
4951 17 14 12
3939 17 14 40
3684 17 14 49
4994 17 14 95
4040 17 14 83
4755 17 15 8
2465 17 15 95
1343 17 15 1
596 17 15 78
4617 17 15 34
4149 17 15 39
5181 17 15 73
2577 17 16 11
2634 17 16 70
34 17 16 95
1522 17 16 26
1973 17 16 1
511 17 16 82
3575 17 17 1
5011 17 17 79
3863 17 17 93
4241 17 17 5
114 17 17 38
2969 17 18 11
2566 17 18 32
5093 17 18 76
3334 17 18 93
1513 17 18 1
4160 17 19 11
3157 17 19 93
1430 17 19 1
2437 17 19 25
3922 17 19 71
2847 18 0 7
4348 18 0 52
2022 18 0 57
3816 18 0 30
3354 18 0 80
4418 18 0 2
3700 18 0 84
3363 18 0 92
1795 18 1 2
1011 18 1 28
2324 18 1 55
1730 18 1 82
402 18 1 87
1860 18 1 8
4976 18 1 60
2801 18 2 32
3935 18 2 8
981 18 2 2
4973 18 2 54
2232 18 2 82
646 18 3 2
2389 18 3 58
1283 18 3 92
3270 18 3 7
1404 18 3 47
1075 18 3 27
1166 18 3 78
2698 18 3 23
3175 18 3 73
2413 18 3 31
885 18 4 2
5209 18 4 77
475 18 4 57
2588 18 4 47
3013 18 4 92
3479 18 4 7
3357 18 4 23
4987 18 4 26
469 18 5 9
3003 18 5 77
2158 18 5 59
4233 18 5 2
3014 18 6 14
3706 18 6 48
470 18 6 81
5170 18 6 2
4117 18 7 96
2638 18 7 77
4341 18 7 54
2212 18 7 93
1180 18 7 29
3182 18 7 14
2309 18 7 9
3578 18 7 59
2498 18 7 38
3496 18 7 2
4945 18 7 42
4032 18 7 33
2546 18 7 69
3210 18 7 83
2910 18 7 48
4787 18 8 2
2630 18 8 53
3215 18 8 75
276 18 8 14
1284 18 8 18
4449 18 8 78
2386 18 8 45
1891 18 8 81
2179 18 9 2
5014 18 9 76
5246 18 9 11
1600 18 9 38
3118 18 9 42
74 18 9 15
4858 18 9 94
5216 18 10 66
4745 18 10 17
5222 18 10 89
4894 18 10 46
4608 18 10 13
4935 18 10 85
894 18 10 42
2449 18 10 71
1647 18 10 96
3035 18 10 36
887 18 10 2
1265 18 10 75
2995 18 11 45
2753 18 11 13
1035 18 11 40
5242 18 11 42
4345 18 11 71
3130 18 11 96
2722 18 11 85
2142 18 11 2
4944 18 11 75
2895 18 12 2
4615 18 12 39
4941 18 12 75
2175 18 12 12
1131 18 12 42
4317 18 13 5
2298 18 13 11
5306 18 13 65
1355 18 13 1
3817 18 13 86
4810 18 13 33
4328 18 13 69
356 18 13 40
1554 18 14 11
4830 18 14 49
3704 18 14 21
3748 18 14 34
3487 18 14 82
1549 18 14 95
2351 18 14 54
498 18 14 58
5055 18 14 40
1622 18 15 53
1020 18 15 21
4996 18 15 57
63 18 15 28
5010 18 15 82
5250 18 15 40
2665 18 15 95
4948 18 15 49
2930 18 15 11
4947 18 15 34
5257 18 16 82
1193 18 16 21
3295 18 16 93
1388 18 16 89
1102 18 16 18
274 18 16 28
4155 18 16 77
5034 18 16 53
3509 18 16 32
4915 18 16 11
4695 18 16 6
1896 18 16 40
915 18 16 57
2937 18 16 79
4237 18 17 32
4715 18 17 57
4337 18 17 79
1327 18 17 21
2196 18 17 38
3217 18 17 76
4798 18 17 93
734 18 17 11
2341 18 17 2
4097 18 17 28
1620 18 17 73
3831 18 17 89
4616 18 17 5
5071 18 18 76
3766 18 18 32
2261 18 18 61
4746 18 18 5
4085 18 18 21
4799 18 18 88
4316 18 18 65
1264 18 18 1
3556 18 18 11
4926 18 18 27
2839 18 18 73
2602 18 19 87
1989 18 19 1
4759 18 19 5
3151 18 19 10
766 18 19 27
4708 18 19 65
3763 18 19 71
1852 19 0 30
2250 19 0 84
3957 19 0 57
4936 19 0 7
4879 19 0 2
851 19 1 87
2190 19 1 60
5013 19 1 28
4192 19 1 8
2676 19 1 2
1942 19 2 31
2313 19 2 7
2308 19 2 2
2763 19 2 54
2027 19 2 82
2235 19 3 2
2222 19 3 27
1356 19 3 31
1091 19 3 78
3703 19 3 7
3306 19 3 58
2034 19 4 2
3811 19 4 26
995 19 4 77
3234 19 4 7
3805 19 4 57
3317 19 5 83
1133 19 5 77
4335 19 5 42
3937 19 5 2
3645 19 5 59
1911 19 5 74
4478 19 5 9
2430 19 6 2
4308 19 6 42
4005 19 6 9
3545 19 6 59
2777 19 6 38
845 19 6 77
2538 19 6 83
2457 19 7 38
115 19 7 77
3725 19 7 96
5025 19 7 54
4918 19 7 33
1318 19 7 6
1830 19 7 83
2929 19 7 69
4319 19 7 59
4789 19 7 2
1674 19 7 42
2229 19 7 9
1913 19 8 2
3433 19 8 53
4968 19 8 78
158 19 8 81
1914 19 8 18
3668 19 9 42
508 19 9 93
488 19 9 2
4057 19 9 15
611 19 10 17
5054 19 10 2
3408 19 10 89
2380 19 10 46
5234 19 11 2
2076 19 11 13
834 19 11 85
1711 19 11 45
4966 19 12 42
421 19 12 85
4020 19 12 12
3953 19 12 2
1982 19 13 69
1748 19 13 93
1063 19 13 1
5140 19 13 11
5030 19 13 40
695 19 14 67
215 19 14 93
3454 19 14 31
3090 19 14 1
777 19 14 10
3497 19 15 20
1719 19 15 92
4141 19 15 67
2644 19 15 1
1411 19 15 10
598 19 16 1
1492 19 16 92
1978 19 16 64
5301 19 16 40
797 19 16 6
883 19 17 38
987 19 17 92
2725 19 17 5
3102 19 17 1
3077 19 17 63
3895 19 18 1
2868 19 18 4
3314 19 18 38
4245 19 18 73
1097 19 18 88
5134 19 19 10
1778 19 19 68
859 19 19 1
970 19 19 88
4811 19 19 27
