2341
3889 0 0 2
47 0 0 87
453 0 1 80
4148 0 1 48
4853 0 1 28
2096 0 1 2
1314 0 2 19
1417 0 2 80
5388 0 2 2
580 0 2 50
3110 0 3 16
389 0 3 53
5411 0 3 2
1538 0 3 80
5361 0 4 10
3776 0 4 63
1645 0 4 80
4711 0 4 2
4526 0 5 68
1016 0 5 81
5405 0 5 2
2547 0 5 31
5401 0 6 2
1432 0 6 81
5316 0 6 74
807 0 6 43
4823 0 7 67
858 0 7 2
2550 0 7 18
3386 0 7 41
1024 0 8 2
4944 0 8 49
5554 0 8 19
1992 0 8 70
4640 0 9 1
531 0 9 47
3257 0 9 8
834 0 9 87
3579 0 10 1
4686 0 10 85
3147 0 10 49
2108 0 10 11
5133 0 11 7
1366 0 11 83
4629 0 11 42
4190 0 11 1
916 0 12 83
507 0 12 11
3146 0 12 37
1673 0 12 1
2640 0 13 24
595 0 13 83
6 0 13 2
3581 0 13 11
4044 0 13 52
5509 0 13 63
3482 0 14 83
3993 0 14 21
1883 0 14 24
3236 0 14 3
4946 0 14 49
3106 0 14 63
3356 0 14 52
92 0 15 3
3932 0 15 21
2677 0 15 52
3190 0 15 63
3030 0 15 83
2723 0 15 49
4781 0 15 78
202 0 15 24
3424 0 16 82
4319 0 16 3
5518 0 16 69
4019 0 17 2
4082 0 17 11
989 0 17 32
4902 0 17 70
4302 0 17 88
1135 0 18 33
822 0 18 2
2338 0 18 90
2198 0 18 6
3467 0 18 57
4741 0 19 68
143 0 19 20
3850 0 19 90
4583 0 19 2
4807 0 19 11
2271 1 0 69
2106 1 0 96
4229 1 0 87
3925 1 0 44
246 1 0 14
4986 1 0 77
5277 1 0 39
3016 1 0 2
2079 1 1 87
3083 1 1 39
3049 1 1 48
2352 1 1 46
3365 1 1 28
1659 1 1 2
4915 1 1 15
1996 1 1 69
2509 1 1 96
4405 1 1 77
2884 1 2 70
1059 1 2 82
3992 1 2 19
3323 1 2 50
893 1 2 78
3825 1 2 2
5432 1 2 89
2773 1 2 28
3340 1 2 65
5248 1 2 34
2205 1 2 96
1670 1 3 28
3897 1 3 53
3550 1 3 19
4546 1 3 82
2058 1 3 2
3423 1 3 23
4898 1 3 73
5202 1 3 89
2367 1 3 34
513 1 4 28
3154 1 4 89
4210 1 4 2
2287 1 4 53
3089 1 4 23
2883 1 4 73
1546 1 4 19
1039 1 4 34
2000 1 5 31
795 1 5 68
4746 1 5 93
2322 1 5 2
3937 1 5 64
5406 1 5 23
5100 1 6 81
3990 1 6 19
2625 1 6 43
642 1 6 69
3779 1 6 74
3254 1 6 2
558 1 7 2
4862 1 7 62
1606 1 7 33
528 1 7 41
4130 1 7 95
5031 1 7 18
3167 1 7 67
3074 1 8 42
3118 1 8 70
2888 1 8 95
1190 1 8 19
149 1 8 2
5140 1 8 15
1995 1 8 49
5346 1 8 65
3752 1 9 80
2153 1 9 1
2221 1 9 87
4346 1 9 47
732 1 9 95
2825 1 9 32
1930 1 9 8
4434 1 10 11
5172 1 10 85
449 1 10 8
4232 1 10 74
5291 1 10 41
3806 1 10 1
1870 1 10 96
3026 1 10 49
4772 1 11 66
2525 1 11 1
2217 1 11 42
4485 1 11 83
4794 1 11 38
2382 1 11 97
1595 1 11 7
2402 1 12 37
3841 1 12 1
868 1 12 8
2172 1 12 11
4009 1 12 74
4753 1 12 33
1823 1 13 85
2673 1 13 63
5210 1 13 11
1215 1 13 2
97 1 13 24
5330 1 14 32
1707 1 14 2
5545 1 14 67
2407 1 14 11
4499 1 14 85
3961 1 15 78
4878 1 15 11
5274 1 15 3
4945 1 15 67
2201 1 15 32
3511 1 15 64
5097 1 15 24
4381 1 15 85
1931 1 15 52
4837 1 16 3
4974 1 16 62
1825 1 16 82
3880 1 16 35
5245 1 16 69
3531 1 17 3
491 1 17 27
3445 1 17 65
2855 1 17 11
4432 1 17 70
2610 1 17 88
2266 1 17 32
1286 1 18 88
3857 1 18 70
86 1 18 33
1605 1 18 6
4702 1 18 57
3791 1 19 11
1994 1 19 68
4175 1 19 90
4959 1 19 43
3324 1 19 3
3807 1 19 20
5495 2 0 2
2202 2 0 14
3783 2 0 44
4894 2 0 77
1227 2 1 78
755 2 1 15
5087 2 1 2
4128 2 1 45
4228 2 2 44
1276 2 2 89
1686 2 2 82
1758 2 2 78
4374 2 2 70
843 2 2 12
1922 2 2 18
4256 2 2 2
418 2 2 68
1890 2 2 34
1821 2 2 50
3098 2 3 23
4160 2 3 48
3813 2 3 73
4845 2 3 80
592 2 3 98
2766 2 3 2
357 2 3 45
3079 2 4 2
4090 2 4 35
1443 2 4 29
613 2 4 73
2040 2 4 53
2403 2 4 23
3143 2 4 89
2254 2 5 31
2703 2 5 46
5142 2 5 17
2860 2 5 93
5225 2 5 2
4684 2 6 2
1209 2 6 95
2526 2 6 39
509 2 6 69
3489 2 6 19
5512 2 6 81
3387 2 6 13
1365 2 6 43
4063 2 6 65
33 2 6 74
877 2 7 33
2508 2 7 95
4267 2 7 18
5223 2 7 41
4814 2 7 2
4291 2 7 62
5452 2 7 67
5310 2 7 13
5339 2 7 58
1719 2 7 89
3812 2 8 70
4557 2 8 12
3914 2 8 15
4737 2 8 93
219 2 8 19
2891 2 8 42
1400 2 8 49
4998 2 8 65
1012 2 8 2
1898 2 9 32
3037 2 9 80
702 2 9 1
330 2 9 47
2220 2 9 87
5302 2 9 95
4870 2 9 14
4719 2 10 11
5535 2 10 49
5096 2 10 32
4203 2 10 14
4979 2 10 70
5115 2 10 41
4176 2 10 74
4645 2 10 96
5497 2 10 30
4016 2 10 80
2652 2 10 2
2166 2 10 87
3699 2 11 66
4826 2 11 2
2802 2 11 74
837 2 11 63
1182 2 11 87
4081 2 11 32
2722 2 11 11
4271 2 11 70
3846 2 11 42
3407 2 11 97
2678 2 11 38
3829 2 11 49
3183 2 11 14
3015 2 12 14
4996 2 12 57
3656 2 12 2
3757 2 12 38
5213 2 12 67
1614 2 12 70
1133 2 12 87
2987 2 12 33
1753 2 12 74
3552 2 12 49
2432 2 12 97
670 2 12 11
3343 2 12 42
4036 2 13 80
284 2 13 1
2683 2 13 27
5137 2 13 14
4035 2 14 26
2416 2 14 3
2649 2 14 62
1049 2 15 11
3442 2 15 52
3283 2 15 85
5063 2 15 3
1621 2 15 32
3861 2 15 78
871 2 15 26
3186 2 15 67
1536 2 16 85
602 2 16 26
4522 2 16 35
3163 2 16 11
4067 2 16 3
5043 2 16 69
5222 2 16 17
4747 2 16 79
2843 2 16 52
3967 2 17 92
4072 2 17 35
2315 2 17 85
887 2 17 11
2540 2 17 27
2863 2 17 79
1975 2 17 17
1702 2 17 52
4039 2 17 3
4135 2 17 69
5349 2 18 85
3912 2 18 70
5072 2 18 52
5184 2 18 6
5472 2 18 11
3774 2 18 92
446 2 18 27
680 2 18 17
3308 2 18 35
949 2 18 15
5487 2 18 88
2582 2 18 57
5362 2 19 86
4193 2 19 3
905 2 19 43
5391 2 19 7
3398 2 19 11
2301 2 19 90
5285 2 19 68
666 2 19 20
2838 3 0 2
1271 3 0 78
3360 3 0 40
1689 3 0 86
4976 3 0 16
956 3 1 86
4848 3 1 40
1856 3 1 2
3199 3 1 89
4324 3 1 44
5082 3 1 70
669 3 1 78
5266 3 1 34
4047 3 1 16
2783 3 2 12
4868 3 2 70
4689 3 2 34
2707 3 2 50
600 3 2 78
4598 3 2 44
4539 3 2 2
2534 3 2 18
1520 3 2 89
4911 3 3 18
228 3 3 80
867 3 3 2
3916 3 3 48
3596 3 4 30
3039 3 4 2
5280 3 4 74
1744 3 4 35
4412 3 4 57
1257 3 4 89
1093 3 4 23
4763 3 4 53
4707 3 5 31
2503 3 5 93
4301 3 5 53
1658 3 5 74
3599 3 5 57
2387 3 5 2
1028 3 5 23
3839 3 5 35
1769 3 5 89
4929 3 6 59
5378 3 6 74
5313 3 6 3
4866 3 7 59
3988 3 9 2
4482 3 9 17
3333 3 9 64
5246 3 9 43
3830 3 10 17
5517 3 10 42
856 3 10 2
1847 3 10 60
1694 3 11 59
629 3 11 2
684 3 11 42
2068 3 11 17
2785 3 12 57
5111 3 12 87
4624 3 12 74
5127 3 12 3
5075 3 12 90
5508 3 12 11
1841 3 12 49
3213 3 12 42
2117 3 12 33
1066 3 12 71
503 3 13 10
220 3 13 94
240 3 13 27
4906 3 13 80
1572 3 13 2
4776 3 13 14
3842 3 13 68
422 3 14 28
5496 3 14 3
1017 3 14 49
2037 3 15 28
1042 3 15 3
3991 3 15 57
5230 3 15 89
1119 3 16 25
5377 3 16 3
3428 3 16 52
5232 3 16 87
2922 3 17 3
3265 3 17 48
223 3 17 22
5433 3 17 79
2543 3 18 35
5531 3 18 6
4060 3 18 27
1550 3 18 57
2425 3 18 92
1929 3 18 70
4225 3 18 17
3678 3 18 52
4280 3 18 88
3032 3 19 64
1783 3 19 86
2340 3 19 4
2714 3 19 11
3682 3 19 43
3814 3 19 20
1160 3 19 90
3661 3 19 7
5294 3 19 36
4846 4 0 44
3693 4 0 2
2685 4 0 86
4360 4 0 16
1439 4 1 44
1666 4 1 2
4215 4 1 18
5471 4 1 89
4718 4 2 2
3876 4 2 50
413 4 2 18
3437 4 3 1
5073 4 3 87
1356 4 3 94
4995 4 3 25
4668 4 3 12
3564 4 4 12
4361 4 4 32
4002 4 4 1
3962 4 4 76
3127 4 5 6
79 4 5 1
1388 4 5 79
660 4 5 47
606 4 6 94
4116 4 6 12
3730 4 6 88
3750 4 6 71
1304 4 6 67
4445 4 6 59
1109 4 6 26
2128 4 6 36
522 4 6 56
445 4 6 2
4446 4 7 34
5440 4 7 38
3282 4 7 81
4251 4 7 2
3567 4 7 63
5464 4 9 46
5386 4 9 25
4108 4 9 3
3797 4 9 79
3918 4 10 15
3018 4 12 43
713 4 13 43
3980 4 13 71
5148 4 13 94
2790 4 14 12
2659 4 14 43
4353 4 14 71
5418 4 14 94
3849 4 15 58
1829 4 15 71
997 4 15 92
256 4 15 52
1802 4 15 38
4463 4 15 12
3421 4 15 43
2686 4 16 71
2041 4 16 37
1426 4 16 52
4519 4 16 43
614 4 16 11
5130 4 16 58
1162 4 16 92
186 4 17 57
1273 4 17 92
5492 4 17 43
646 4 17 36
3261 4 17 71
3558 4 17 52
3027 4 17 11
10 4 18 70
3608 4 18 52
3384 4 18 11
1612 4 18 92
2404 4 18 7
818 4 18 36
2019 4 18 43
1322 4 18 57
3281 4 19 7
3586 4 19 36
4113 4 19 11
5467 4 19 30
1403 4 19 86
145 4 19 4
1884 4 19 43
153 4 19 90
2941 4 19 64
3222 5 0 1
3915 5 0 23
3375 5 0 69
2073 5 1 1
2574 5 1 39
1154 5 1 73
3554 5 2 41
15 5 2 75
554 5 2 1
3764 5 3 71
5269 5 3 19
2856 5 3 59
3063 5 3 94
1288 5 3 1
4666 5 3 87
3901 5 3 25
4536 5 3 7
2761 5 4 22
4149 5 4 56
3508 5 4 91
4234 5 4 9
4651 5 4 71
2097 5 4 94
3200 5 4 87
4022 5 4 36
1141 5 4 76
1452 5 4 32
5182 5 4 12
4993 5 4 46
1506 5 4 59
3358 5 4 26
1961 5 4 2
1730 5 4 78
4157 5 5 71
1078 5 5 87
3964 5 5 9
2793 5 5 36
1936 5 5 94
4660 5 5 12
392 5 5 2
4045 5 5 56
2482 5 5 26
3618 5 5 46
5116 5 5 59
2125 5 5 22
5347 5 5 67
1303 5 6 46
5242 5 6 5
3159 5 6 23
1460 5 6 26
899 5 6 56
576 5 6 87
2505 5 6 36
1908 5 6 2
3826 5 6 67
3926 5 6 71
5049 5 6 59
4494 5 6 12
1041 5 6 10
1771 5 6 94
2999 5 7 91
697 5 7 2
3169 5 7 38
4857 5 7 78
927 5 10 15
1208 5 11 38
1416 5 11 2
2451 5 11 78
4339 5 11 60
2821 5 11 90
4972 5 11 13
5132 5 11 31
1630 5 11 64
2157 5 12 11
1639 5 12 94
1565 5 12 31
4688 5 12 2
2036 5 12 90
1254 5 12 40
4462 5 12 77
1362 5 12 35
4316 5 12 63
3885 5 12 72
3957 5 13 13
5469 5 13 92
1298 5 13 2
912 5 13 36
5258 5 13 70
1382 5 14 42
3253 5 14 22
22 5 14 94
1894 5 14 10
5109 5 14 70
5229 5 14 79
1921 5 15 34
3502 5 15 75
391 5 15 39
519 5 15 79
3523 5 15 22
3435 5 15 93
3325 5 15 10
5516 5 15 70
1471 5 15 42
482 5 16 57
2031 5 16 34
2268 5 16 10
1625 5 16 68
2743 5 16 79
2809 5 16 42
3510 5 16 93
5308 5 16 75
2523 5 16 39
4282 5 17 79
3007 5 17 10
2089 5 17 68
2325 5 17 62
703 5 17 88
1542 5 17 38
5044 5 17 34
3569 5 17 42
3835 5 17 93
2587 5 17 57
3346 5 18 83
573 5 18 93
1913 5 18 87
4058 5 18 34
681 5 18 52
4172 5 18 10
250 5 18 61
1914 5 18 57
695 5 18 68
4748 5 18 3
1510 5 19 2
5289 5 19 83
1295 5 19 56
2347 5 19 34
4262 5 19 87
4917 5 19 27
2286 5 19 30
1050 5 19 93
4657 5 19 68
1029 5 19 6
4340 5 19 61
4388 6 0 23
4982 6 0 1
2944 6 0 51
5350 6 0 95
5544 6 0 19
782 6 0 69
5085 6 1 39
1656 6 1 1
4592 6 1 70
1009 6 1 73
3852 6 1 28
3854 6 2 75
4768 6 2 95
3525 6 2 41
3879 6 2 1
2814 6 2 24
5215 6 3 12
1486 6 3 1
5018 6 3 19
1822 6 3 71
3244 6 3 91
4447 6 4 32
4939 6 4 26
2679 6 4 22
2100 6 4 12
5499 6 4 56
2259 6 4 78
4442 6 4 91
3603 6 4 76
5358 6 4 86
5151 6 4 94
3280 6 4 2
2098 6 4 36
4851 6 4 9
4889 6 5 84
3369 6 5 91
3588 6 5 22
2727 6 5 82
1484 6 5 1
5249 6 5 50
4032 6 5 56
2246 6 5 36
2478 6 5 78
5126 6 5 9
3305 6 5 12
4268 6 5 26
5173 6 6 56
2810 6 6 1
4317 6 6 26
4606 6 6 9
2942 6 6 78
3722 6 6 22
1647 6 6 82
2200 6 6 53
4289 6 6 35
190 6 6 94
1715 6 7 9
3584 6 7 1
4524 6 7 81
1197 6 7 26
5209 6 7 56
1838 6 8 3
3020 6 8 78
5421 6 8 22
3216 6 8 45
441 6 10 66
4491 6 10 3
3600 6 10 16
4582 6 10 44
4334 6 10 91
3503 6 11 78
2262 6 11 13
3085 6 11 2
4922 6 11 90
1640 6 11 38
5511 6 11 64
1053 6 11 96
474 6 11 35
5179 6 12 77
5153 6 12 2
4071 6 12 90
2435 6 12 40
5536 6 12 35
4216 6 12 72
52 6 12 94
1903 6 12 11
1030 6 13 89
5262 6 13 9
5175 6 13 55
4556 6 13 30
3580 6 13 60
1535 6 13 2
3719 6 13 35
809 6 14 89
2919 6 14 64
3907 6 14 31
4475 6 14 52
3514 6 14 60
4254 6 14 9
224 6 14 2
3749 6 14 55
4591 6 14 35
3645 6 15 58
4126 6 15 3
1136 6 15 10
2990 6 15 33
4859 6 15 86
4337 6 15 91
5369 6 15 70
4674 6 16 3
4440 6 16 31
2442 6 16 65
5090 6 16 9
372 6 16 89
5194 6 16 27
4014 6 17 42
5055 6 17 64
1563 6 17 84
2915 6 17 6
4237 6 17 38
1177 6 17 60
4363 6 17 2
772 6 18 66
2191 6 18 3
2918 6 18 31
4921 6 18 10
4630 6 18 27
4371 6 18 60
5095 6 18 90
380 6 19 6
1534 6 19 2
2423 6 19 30
5420 6 19 61
1578 6 19 68
4276 6 19 87
1854 6 19 93
3309 6 19 34
5121 7 0 47
3834 7 0 95
3688 7 0 67
2963 7 0 23
4261 7 0 1
5370 7 0 51
3135 7 0 16
4240 7 0 69
1978 7 0 91
4789 7 0 19
3659 7 1 19
5071 7 1 24
3723 7 1 41
658 7 1 68
4314 7 1 73
4833 7 1 95
3858 7 1 16
2608 7 1 28
4356 7 1 63
1495 7 1 70
4484 7 1 92
5094 7 1 75
5546 7 1 1
3017 7 2 38
5477 7 2 19
4185 7 2 24
2536 7 2 1
5046 7 2 63
5298 7 2 95
5286 7 2 41
3427 7 2 68
3431 7 2 75
3388 7 3 68
2074 7 3 19
3954 7 3 99
3172 7 3 1
4895 7 4 32
5270 7 4 1
4628 7 4 86
3720 7 4 9
1222 7 4 94
3115 7 5 1
2257 7 5 84
3743 7 5 36
1189 7 5 94
4824 7 5 12
1846 7 6 12
2204 7 6 1
979 7 6 94
855 7 6 35
2333 7 6 82
4736 7 7 26
791 7 7 94
2363 7 7 9
1789 7 7 82
4403 7 7 1
4561 7 8 1
4487 7 8 7
2095 7 8 87
5548 7 8 53
2047 7 11 38
4869 7 11 13
3639 7 11 78
3787 7 11 2
1014 7 11 95
171 7 12 94
1115 7 12 77
977 7 12 11
1479 7 12 40
5414 7 12 2
5255 7 13 60
1852 7 13 91
865 7 13 9
1569 7 13 2
60 7 13 35
2491 7 14 2
2110 7 14 91
312 7 14 64
4867 7 14 8
239 7 14 31
3658 7 15 10
87 7 15 2
4984 7 15 70
4619 7 15 91
5078 7 15 33
2276 7 16 92
938 7 16 31
1285 7 16 64
4298 7 16 9
2152 7 16 2
131 7 17 2
5563 7 17 10
2465 7 17 92
2209 7 17 64
5080 7 17 42
727 7 18 2
1061 7 18 10
511 7 18 31
2834 7 18 66
3242 7 18 92
597 7 19 6
2553 7 19 34
4404 7 19 2
4125 7 19 92
3120 7 19 68
222 8 0 23
3873 8 0 91
4152 8 0 43
3251 8 0 51
4156 8 0 69
437 8 0 49
2651 8 0 89
3864 8 0 47
892 8 0 1
2302 8 1 89
689 8 1 93
3941 8 1 24
102 8 1 70
4248 8 1 95
829 8 1 51
1988 8 1 28
3881 8 1 63
1391 8 1 43
4779 8 1 75
1660 8 1 19
777 8 1 1
808 8 2 51
3728 8 2 19
3164 8 2 63
900 8 2 43
5438 8 2 71
3904 8 2 75
3997 8 2 96
3795 8 2 1
1817 8 2 24
3289 8 2 13
364 8 2 28
4330 8 3 1
5183 8 3 96
94 8 3 63
5419 8 3 15
5134 8 4 96
1274 8 4 1
3512 8 4 21
3330 8 4 51
3694 8 5 18
404 8 5 65
2750 8 5 31
3680 8 5 3
2274 8 5 84
5381 8 6 3
5231 8 6 36
3537 8 6 84
1767 8 6 65
5353 8 6 14
1786 8 7 63
2141 8 7 86
5384 8 7 15
3408 8 7 41
3457 8 7 3
4655 8 8 7
4517 8 8 87
4570 8 8 53
1597 8 8 82
4808 8 8 5
5159 8 8 41
324 8 9 3
2428 8 9 23
2071 8 9 39
32 8 9 66
110 8 9 90
3181 8 11 3
2468 8 11 61
5387 8 11 44
3518 8 11 91
98 8 11 16
3882 8 12 89
3446 8 12 42
4424 8 12 3
1068 8 12 13
815 8 12 63
4815 8 13 16
4098 8 13 42
2875 8 13 63
2434 8 13 3
4192 8 13 89
975 8 14 3
1247 8 14 67
944 8 14 37
2151 8 14 17
4798 8 14 89
3312 8 15 4
1073 8 15 61
3986 8 15 43
2012 8 15 18
3478 8 16 61
1518 8 16 18
2862 8 16 4
4092 8 16 89
3420 8 16 43
725 8 17 78
4502 8 17 20
175 8 17 48
913 8 17 4
2872 8 18 4
4497 8 18 25
1934 8 18 75
5035 8 18 55
5003 8 19 4
353 8 19 24
1620 8 19 72
3653 8 19 47
971 9 0 22
4900 9 0 1
3983 9 0 97
3965 9 0 49
3611 9 1 18
4030 9 1 97
3735 9 1 58
3513 9 1 1
2738 9 2 36
1662 9 2 51
631 9 2 24
5468 9 2 58
1380 9 2 63
2985 9 2 75
3010 9 2 1
1462 9 2 13
4871 9 2 28
5198 9 2 44
4654 9 3 72
452 9 3 1
2745 9 3 95
3875 9 3 15
73 9 4 1
237 9 4 21
4802 9 4 51
5422 9 4 84
5318 9 4 18
840 9 5 81
2620 9 5 3
3756 9 5 59
2798 9 5 18
2551 9 5 31
1383 9 6 62
778 9 6 91
4105 9 6 65
5457 9 6 36
4414 9 6 3
4384 9 6 14
2759 9 6 80
3054 9 6 84
763 9 7 15
3443 9 7 63
163 9 7 41
1011 9 7 3
2748 9 7 35
5228 9 7 81
4230 9 7 86
423 9 7 91
4287 9 8 35
4042 9 8 41
920 9 8 53
3473 9 8 87
1993 9 8 83
2183 9 8 7
5442 9 8 77
616 9 8 92
448 9 9 83
3471 9 9 35
4810 9 9 92
2595 9 9 7
1390 9 9 72
5089 9 9 77
4255 9 9 26
3464 9 9 41
4468 9 9 53
58 9 9 87
4852 9 11 89
2876 9 11 67
4813 9 11 3
3895 9 11 17
4836 9 11 37
3662 9 12 39
3515 9 12 89
49 9 12 13
2263 9 12 3
1442 9 12 60
1172 9 13 88
1040 9 13 42
2126 9 13 3
2010 9 13 16
4839 9 13 63
1168 9 14 33
344 9 14 3
4270 9 14 62
5038 9 14 84
1493 9 14 89
3368 9 14 17
2061 9 14 37
2895 9 14 67
1537 9 15 87
2408 9 15 4
3751 9 15 43
263 9 15 18
1341 9 15 62
2138 9 16 61
917 9 16 40
4729 9 16 4
3946 9 16 19
3955 9 16 89
1760 9 17 4
3815 9 17 73
118 9 17 15
542 9 17 20
1859 9 17 93
3817 9 17 48
4931 9 17 78
4322 9 17 42
2816 9 18 49
3297 9 18 75
1806 9 18 4
4692 9 18 55
1812 9 18 25
4791 9 18 92
664 9 19 72
1680 9 19 88
5250 9 19 40
2018 9 19 4
3105 9 19 68
194 9 19 24
4977 9 19 47
4542 10 0 1
773 10 0 54
1456 10 0 10
3831 10 0 83
4313 10 1 80
1319 10 1 10
1976 10 1 83
5056 10 1 44
4263 10 1 1
48 10 1 54
1418 10 2 13
2771 10 2 1
4076 10 2 44
1885 10 2 83
4956 10 2 65
4416 10 2 54
2357 10 2 80
2740 10 2 93
4318 10 2 75
2912 10 2 10
1031 10 2 36
2483 10 2 28
3090 10 2 63
5212 10 2 59
1710 10 2 25
2294 10 2 51
1044 10 3 42
2670 10 3 1
4459 10 3 13
4926 10 3 87
3212 10 3 15
2487 10 3 95
2733 10 4 14
3769 10 4 1
5436 10 4 51
3800 10 4 18
4307 10 4 77
2392 10 4 84
3796 10 4 21
4151 10 4 48
551 10 5 31
5021 10 5 59
2980 10 5 81
2035 10 5 77
112 10 5 3
4501 10 5 18
5304 10 5 26
3892 10 6 29
1855 10 6 3
2539 10 6 80
2149 10 6 84
3155 10 6 36
2726 10 6 65
470 10 6 56
3696 10 6 14
191 10 7 15
3336 10 7 77
2056 10 7 57
2409 10 7 35
1070 10 7 41
95 10 7 63
5010 10 7 29
4727 10 7 3
2902 10 7 81
3051 10 7 86
275 10 7 91
252 10 7 12
886 10 8 10
35 10 8 3
1449 10 8 37
3357 10 8 63
4535 10 8 80
4834 10 9 13
2063 10 9 1
766 10 9 53
708 10 9 88
1555 10 11 72
3449 10 11 19
3260 10 11 86
2596 10 11 39
3307 10 11 3
3520 10 12 72
3385 10 12 86
4638 10 12 3
1634 10 12 19
1047 10 12 41
1243 10 13 16
1507 10 13 63
1333 10 13 3
3494 10 13 88
468 10 13 42
4303 10 13 84
4568 10 14 84
1627 10 14 3
4492 10 14 17
4164 10 14 61
356 10 14 13
1545 10 14 30
20 10 14 89
2841 10 14 81
4905 10 14 67
620 10 14 33
2644 10 14 37
3097 10 15 79
2281 10 15 18
756 10 15 93
3667 10 15 63
3610 10 15 4
3448 10 15 87
3905 10 15 13
4364 10 15 55
5479 10 15 43
515 10 15 38
383 10 16 93
1213 10 16 19
2381 10 16 4
5483 10 16 90
3259 10 16 13
4083 10 16 43
2207 10 16 79
1893 10 16 63
5456 10 16 55
384 10 17 43
2581 10 17 73
1782 10 17 93
4636 10 17 33
3989 10 17 55
1183 10 17 4
4916 10 17 20
5093 10 17 85
3820 10 17 48
5261 10 17 63
1668 10 17 79
1169 10 18 25
633 10 18 75
2080 10 18 55
451 10 18 4
2818 10 18 92
4928 10 18 19
5059 10 18 45
1184 10 18 49
2319 10 19 47
940 10 19 37
5305 10 19 72
2474 10 19 89
4699 10 19 24
3827 10 19 4
5051 10 19 40
2045 10 19 68
3604 10 19 84
2530 10 19 17
2177 11 0 94
4123 11 0 1
5290 11 0 17
3474 11 0 54
4074 11 1 94
2940 11 1 1
4855 11 1 71
2970 11 1 13
4966 11 2 59
4020 11 2 77
4724 11 2 80
4226 11 2 65
2692 11 2 1
1195 11 2 26
1912 11 2 84
472 11 2 10
2609 11 2 54
762 11 2 28
2413 11 3 95
3519 11 3 39
2190 11 3 15
4341 11 3 51
3400 11 3 77
5309 11 3 21
4951 11 3 84
2351 11 3 1
5251 11 3 75
3935 11 3 87
723 11 3 48
3982 11 4 48
2270 11 4 84
1525 11 4 14
4206 11 4 77
2546 11 4 1
2330 11 4 21
66 11 4 51
4872 11 5 59
1393 11 5 74
2461 11 5 81
1120 11 5 3
1581 11 5 31
1732 11 5 18
4242 11 5 13
4111 11 5 55
5241 11 5 26
4025 11 6 65
2604 11 6 81
208 11 6 15
3433 11 6 9
707 11 6 18
4406 11 6 3
2807 11 6 36
678 11 6 95
3770 11 6 26
5465 11 6 84
910 11 7 41
586 11 7 18
3069 11 7 3
2697 11 7 26
2622 11 7 36
2938 11 7 86
776 11 7 65
5260 11 8 66
1615 11 8 22
4435 11 8 18
114 11 8 26
2653 11 8 51
5030 11 8 37
1064 11 8 3
2682 11 8 86
3893 11 8 41
1419 11 9 63
4199 11 9 9
2044 11 9 3
84 11 9 36
3072 11 9 80
3623 11 12 3
682 11 12 86
514 11 12 30
3607 11 12 59
4843 11 12 12
4150 11 13 33
4089 11 13 63
4050 11 13 82
4865 11 13 4
2910 11 13 88
4472 11 13 42
4550 11 13 56
3805 11 13 16
4162 11 14 84
2293 11 14 17
4008 11 14 67
4919 11 14 37
5413 11 14 89
5474 11 14 55
5345 11 14 4
144 11 14 30
854 11 15 85
2998 11 15 4
793 11 15 19
3669 11 15 39
319 11 15 63
3267 11 16 19
2986 11 16 39
965 11 16 87
3351 11 16 69
3101 11 16 4
4453 11 17 20
717 11 17 55
1385 11 17 4
2309 11 17 25
1635 11 17 93
5057 11 17 79
2185 11 17 50
5533 11 18 18
1232 11 18 64
5488 11 18 10
3012 11 18 4
3320 11 18 25
3526 11 18 75
4265 11 18 40
1054 11 18 72
1916 11 18 49
398 11 18 84
5110 11 18 90
2379 11 19 17
2655 11 19 64
4257 11 19 40
1114 11 19 4
549 11 19 84
1482 11 19 89
8 11 19 32
3566 11 19 24
425 11 19 68
4293 11 19 72
4742 11 19 47
2556 12 0 95
399 12 0 58
2324 12 0 17
4349 12 0 1
3664 12 1 31
2886 12 1 55
839 12 1 11
2955 12 1 60
948 12 1 85
2732 12 1 28
687 12 1 1
1781 12 2 54
1683 12 2 1
1632 12 2 84
5502 12 2 70
3602 12 2 10
2524 12 2 77
4224 12 2 31
5331 12 2 28
2628 12 2 59
603 12 3 12
78 12 3 48
5252 12 3 1
1459 12 3 94
3762 12 4 17
3859 12 4 1
5303 12 4 93
5478 12 4 62
1181 12 5 14
2384 12 5 29
1528 12 5 3
5129 12 5 62
4132 12 5 76
5205 12 6 60
605 12 6 78
1622 12 6 3
3239 12 6 41
3594 12 6 14
2171 12 7 3
882 12 7 80
4980 12 7 62
4003 12 7 16
2496 12 7 32
2572 12 8 37
2871 12 8 18
1277 12 8 66
4310 12 8 4
2444 12 8 86
2112 12 8 41
1593 12 8 22
5050 12 9 4
5552 12 9 40
257 12 9 66
1671 12 9 86
2865 12 9 18
2307 12 9 37
439 12 10 29
3788 12 10 8
2615 12 10 57
3488 12 10 87
1137 12 10 3
1352 12 12 4
1734 12 13 4
1788 12 14 4
2341 12 15 4
2712 12 16 4
3041 12 17 4
2544 12 17 25
3740 12 18 83
2360 12 18 13
2436 12 18 78
608 12 18 9
4253 12 18 51
3149 12 18 4
5124 12 18 58
5426 12 18 36
516 12 18 25
4408 12 19 83
3211 12 19 4
1494 12 19 9
4650 12 19 51
3246 12 19 57
560 12 19 32
1450 13 0 58
1568 13 0 1
4947 13 0 87
4409 13 0 14
2218 13 1 31
485 13 1 1
164 13 1 28
4827 13 1 55
2966 13 1 60
2236 13 2 14
830 13 2 93
1790 13 2 1
2395 13 2 42
377 13 3 48
1379 13 3 94
4924 13 3 1
2227 13 3 12
4607 13 3 44
5200 13 3 83
2230 13 4 93
2469 13 4 91
775 13 4 1
3362 13 4 17
4243 13 4 56
4344 13 4 62
4392 13 5 3
4662 13 5 76
2719 13 5 62
3372 13 5 12
5178 13 5 29
5475 13 5 55
3401 13 6 55
5101 13 6 73
4969 13 6 14
4326 13 6 3
3878 13 6 29
1811 13 6 51
3804 13 6 41
5523 13 6 62
4370 13 6 78
4189 13 6 25
5306 13 7 8
3913 13 7 54
4418 13 7 3
1968 13 7 32
2953 13 7 62
4766 13 7 16
5558 13 7 25
2123 13 7 80
5529 13 8 89
308 13 8 53
1644 13 8 14
1453 13 8 3
1693 13 8 41
5019 13 12 5
25 13 13 4
5519 13 13 26
2873 13 13 10
2989 13 13 46
5029 13 13 78
3042 13 14 26
3862 13 14 54
4449 13 14 79
3209 13 14 10
80 13 14 4
921 13 15 81
1940 13 15 4
1481 13 15 21
4085 13 15 52
2519 13 15 76
5083 13 15 39
1695 13 16 22
1954 13 16 56
2008 13 16 35
3171 13 16 87
2235 13 16 94
1267 13 16 4
5489 13 16 12
1246 13 16 50
1604 13 16 69
4615 13 16 76
3298 13 16 72
2348 13 16 42
3470 13 16 60
133 13 17 85
461 13 17 4
1779 13 17 32
3367 13 17 15
1617 13 17 60
1485 13 18 36
56 13 18 85
2822 13 18 58
9 13 18 4
2113 13 18 13
3404 13 19 32
3695 13 19 57
5027 13 19 83
3619 13 19 4
3221 13 19 9
2635 14 0 6
3632 14 0 58
4797 14 0 86
4532 14 0 1
2565 14 1 55
2393 14 1 1
5084 14 1 6
5360 14 1 92
3033 14 1 13
623 14 1 60
630 14 1 31
4490 14 2 32
572 14 2 60
3504 14 2 6
1808 14 2 1
417 14 3 1
1402 14 3 6
3629 14 3 32
2334 14 4 1
4623 14 4 13
2760 14 4 17
2656 14 4 56
5281 14 4 51
2788 14 4 62
166 14 4 93
4377 14 5 1
2001 14 5 90
5247 14 5 11
3191 14 5 52
1895 14 6 60
5001 14 6 14
3220 14 6 29
2356 14 6 5
639 14 6 24
5217 14 6 41
1570 14 6 55
2601 14 6 78
3703 14 6 87
5299 14 6 45
4273 14 10 16
5279 14 10 38
5156 14 10 90
3616 14 10 5
2300 14 10 57
4051 14 10 85
2343 14 11 50
2203 14 11 79
1955 14 11 14
1515 14 11 31
4825 14 11 90
4385 14 12 6
4908 14 13 39
978 14 13 71
4819 14 13 78
4275 14 13 5
1329 14 13 92
3157 14 13 46
3891 14 14 5
2612 14 14 10
3228 14 14 47
1193 14 14 79
2215 14 14 91
4208 14 14 26
3617 14 14 54
3277 14 15 21
2237 14 15 4
820 14 15 52
1130 14 15 81
4576 14 16 4
5560 14 16 12
1745 14 16 18
2282 14 16 56
3112 14 16 42
4923 14 16 72
1521 14 16 60
4200 14 16 35
4714 14 16 76
2643 14 16 94
3956 14 16 50
4600 14 16 86
3540 14 16 22
1019 14 17 60
1116 14 17 46
1866 14 17 12
3572 14 17 22
2458 14 17 56
421 14 17 75
4717 14 17 50
4605 14 17 86
280 14 17 94
4420 14 17 34
5146 14 17 4
3187 14 17 42
3215 14 18 4
3943 14 18 42
2631 14 18 56
4991 14 18 22
5380 14 18 60
1830 14 18 31
2513 14 18 75
4286 14 18 85
714 14 18 94
2504 14 18 46
1305 14 19 4
2654 14 19 94
5177 14 19 28
4274 14 19 42
535 14 19 82
4787 14 19 46
5026 14 19 75
1750 15 0 1
2747 15 0 34
4279 15 1 1
438 15 1 24
3708 15 2 77
4304 15 2 1
1723 15 2 55
1964 15 6 5
2716 15 6 87
325 15 6 48
4165 15 6 75
5141 15 6 12
3601 15 6 33
4934 15 8 18
3451 15 8 90
1478 15 8 29
4450 15 8 5
2331 15 8 78
1805 15 8 52
270 15 9 33
4389 15 9 78
2859 15 9 45
2186 15 9 52
5424 15 9 90
4166 15 9 12
3939 15 9 27
1980 15 9 74
3337 15 9 5
5143 15 10 27
3160 15 10 74
5375 15 10 12
5423 15 10 52
4179 15 10 5
5234 15 10 78
3721 15 10 87
2844 15 11 67
1918 15 11 83
5356 15 11 36
2799 15 11 42
4005 15 11 15
2034 15 11 60
5415 15 12 9
952 15 13 10
848 15 13 92
993 15 14 10
2456 15 14 92
3201 15 15 10
218 15 15 28
3225 15 15 92
3759 15 16 64
333 15 16 28
2350 15 16 5
4394 15 16 52
4761 15 17 50
2133 15 17 3
544 15 17 86
5207 15 17 34
2222 15 17 12
1142 15 18 3
2687 15 18 85
2137 15 18 60
2086 15 18 31
5301 15 18 12
780 15 19 46
1469 15 19 4
1180 15 19 82
4438 15 19 28
4936 16 4 44
2105 16 4 4
5219 16 4 63
2907 16 4 2
1778 16 4 88
1762 16 8 33
1006 16 8 78
1881 16 8 90
3718 16 8 18
4066 16 8 5
824 16 8 50
566 16 9 89
2154 16 9 33
3093 16 9 5
2303 16 9 18
4296 16 9 50
3598 16 9 71
3549 16 9 45
4698 16 10 5
5136 16 10 78
533 16 10 33
305 16 10 89
5240 16 10 12
1081 16 10 45
217 16 11 35
4680 16 11 15
3000 16 11 42
4075 16 11 60
3321 16 11 91
3938 16 11 67
2104 16 11 83
1858 16 12 54
4052 16 12 10
4465 16 12 28
816 16 12 86
828 16 12 81
735 16 12 4
4925 16 13 39
3868 16 13 65
4220 16 13 83
3945 16 13 56
4095 16 13 10
1321 16 13 21
103 16 13 4
4887 16 14 79
926 16 14 5
5170 16 14 52
5284 16 14 90
1857 16 14 17
3833 16 14 31
833 16 15 28
371 16 15 91
3726 16 15 5
3781 16 15 10
4918 16 16 44
2913 16 16 52
5276 16 16 28
1387 16 16 5
3021 16 16 64
4421 16 16 87
2774 16 17 5
4029 16 17 46
1943 16 17 25
3597 16 17 68
3195 16 17 89
2571 16 18 89
1229 16 18 25
309 16 18 68
2025 16 18 46
1500 16 18 5
1395 16 19 62
2691 16 19 5
2520 16 19 40
5367 16 19 88
4143 16 19 15
221 17 0 42
3378 17 0 46
3422 17 0 27
4471 17 0 69
1483 17 0 53
4180 17 0 13
3206 17 0 74
3162 17 0 82
4634 17 0 6
524 17 1 53
538 17 1 65
4345 17 1 42
4896 17 1 29
4327 17 1 6
2321 17 1 74
2889 17 1 13
1415 17 1 82
3332 17 2 42
5486 17 2 29
4451 17 2 90
4169 17 2 82
2486 17 2 37
5004 17 2 6
3871 17 2 17
2160 17 2 55
1118 17 3 22
4496 17 3 6
3341 17 3 55
3227 17 3 70
2639 17 4 4
5323 17 4 63
2606 17 4 88
3459 17 4 1
1529 17 5 74
1562 17 5 12
4723 17 5 6
316 17 5 68
1187 17 5 87
5131 17 5 21
5344 17 5 44
2146 17 5 51
4886 17 5 33
3409 17 5 27
2507 17 6 67
996 17 6 50
800 17 6 83
3647 17 6 73
2083 17 6 13
2928 17 6 18
4437 17 6 56
2159 17 6 5
2452 17 6 32
754 17 6 24
1284 17 7 26
2277 17 7 48
314 17 7 86
4963 17 7 6
3430 17 7 72
3951 17 7 30
562 17 7 81
1816 17 7 14
2577 17 7 55
4336 17 8 51
151 17 8 23
2880 17 8 8
935 17 8 28
4124 17 8 76
5117 17 8 83
2921 17 8 5
5366 17 8 14
4027 17 8 73
2633 17 8 90
1317 17 8 35
1959 17 9 14
4912 17 9 83
4534 17 9 51
473 17 9 47
942 17 9 90
5295 17 9 9
4489 17 9 59
5077 17 9 35
4439 17 10 83
4188 17 10 51
4659 17 10 35
193 17 10 59
4985 17 10 9
918 17 10 90
1653 17 10 14
5190 17 11 60
4648 17 11 91
3119 17 11 83
5491 17 11 67
1516 17 11 14
986 17 11 35
787 17 12 4
2196 17 12 11
3455 17 12 50
4295 17 12 86
3626 17 12 30
2139 17 13 65
741 17 13 4
5211 17 13 10
5528 17 13 21
4183 17 13 56
1972 17 14 17
4417 17 14 5
4554 17 14 37
4413 17 14 79
173 17 14 84
5542 17 14 31
4948 17 14 57
2835 17 15 5
2189 17 15 28
1010 17 15 91
3952 17 15 10
742 17 16 5
3173 17 16 21
273 17 16 36
1332 17 16 91
2297 17 16 28
2567 17 17 91
3108 17 17 40
5538 17 17 36
1152 17 17 58
5332 17 17 62
3279 17 17 83
3995 17 17 27
4891 17 17 21
878 17 17 5
3595 17 18 15
2739 17 18 48
1107 17 18 62
2713 17 18 77
4799 17 18 40
922 17 18 55
1582 17 18 5
3853 17 18 83
737 17 18 89
430 17 18 35
5288 17 19 15
1843 17 19 40
41 17 19 88
4305 17 19 83
1253 17 19 62
59 17 19 34
1698 17 19 5
1815 17 19 55
34 18 0 27
4186 18 0 13
4975 18 0 69
1455 18 0 73
3631 18 0 82
5147 18 0 46
5069 18 0 6
4730 18 0 53
3670 18 1 29
174 18 1 5
4495 18 1 71
2767 18 1 77
403 18 1 24
2291 18 1 11
4004 18 1 45
3984 18 1 51
3606 18 2 66
4879 18 2 11
4194 18 2 72
641 18 2 55
3331 18 2 80
406 18 2 5
4988 18 2 26
4577 18 2 47
321 18 2 16
5445 18 2 37
1307 18 2 42
991 18 3 26
649 18 3 55
4751 18 3 47
1610 18 3 5
3821 18 3 66
4461 18 3 80
4932 18 3 72
185 18 3 11
2251 18 3 42
3235 18 4 77
4701 18 4 71
4509 18 4 66
2424 18 4 42
5238 18 4 26
2776 18 4 5
3485 18 4 47
1259 18 4 11
667 18 5 33
3291 18 5 74
1470 18 5 87
5443 18 5 6
923 18 5 12
3530 18 5 27
4627 18 5 51
465 18 5 68
1106 18 6 50
4790 18 6 18
2842 18 6 24
4154 18 6 73
4864 18 6 68
2499 18 6 32
3738 18 6 5
2718 18 6 13
1880 18 6 83
3091 18 6 56
2359 18 7 48
4745 18 7 5
1149 18 7 86
396 18 7 72
2377 18 7 26
4153 18 7 30
5226 18 7 55
3933 18 7 14
2680 18 8 35
4961 18 8 83
4433 18 8 8
1331 18 8 4
1577 18 8 28
5022 18 8 76
3479 18 8 91
459 18 8 14
5174 18 8 51
3174 18 9 59
5227 18 9 5
3589 18 9 9
1862 18 9 79
3497 18 9 24
4669 18 9 32
3487 18 9 91
2721 18 10 76
4466 18 10 91
1784 18 10 4
3366 18 10 33
3657 18 10 28
2665 18 10 14
4504 18 10 73
4687 18 10 51
2027 18 10 56
4691 18 11 67
1907 18 11 31
4882 18 11 91
434 18 11 59
4987 18 11 12
2583 18 11 74
3001 18 11 4
5500 18 12 91
2284 18 12 59
5328 18 12 67
5485 18 12 12
4396 18 12 29
1583 18 12 53
3711 18 12 4
3492 18 12 74
3729 18 13 4
3145 18 13 11
5282 18 13 29
2965 18 13 58
2502 18 13 24
1018 18 13 67
4380 18 13 53
5312 18 14 84
424 18 14 57
4874 18 14 37
2421 18 14 5
3675 18 15 60
4738 18 15 5
1770 18 15 43
5425 18 16 61
5342 18 16 5
4452 18 16 44
212 18 17 58
13 18 17 74
4223 18 17 5
4927 18 17 33
4770 18 17 27
2666 18 17 81
5201 18 17 20
3559 18 17 91
4997 18 18 47
4351 18 18 70
2575 18 18 15
5524 18 18 81
5493 18 18 33
5314 18 18 5
3495 18 18 89
1178 18 18 58
1203 18 18 19
4390 18 18 26
2369 18 19 26
1340 18 19 5
5119 18 19 70
3866 18 19 55
5152 18 19 47
5208 18 19 89
1242 18 19 19
3229 19 0 27
2614 19 0 73
4161 19 0 82
5463 19 0 13
3276 19 0 53
1947 19 0 5
4309 19 1 13
88 19 1 51
1508 19 1 5
1436 19 1 82
2099 19 1 73
3973 19 1 29
4973 19 2 47
1513 19 2 73
811 19 2 13
1616 19 2 29
1027 19 2 82
120 19 2 5
5449 19 3 5
3056 19 3 22
1868 19 3 55
1056 19 3 11
2755 19 3 80
5462 19 3 72
4252 19 4 47
4308 19 4 5
2557 19 4 11
643 19 4 80
860 19 4 26
5160 19 4 71
2480 19 5 12
1328 19 5 5
3224 19 5 33
5451 19 5 51
5557 19 5 74
2591 19 5 87
4597 19 6 73
294 19 6 18
1198 19 6 56
1512 19 6 5
376 19 6 87
2949 19 6 32
369 19 7 86
3582 19 7 73
5120 19 7 55
4272 19 7 18
2729 19 7 30
258 19 7 5
1832 19 8 83
890 19 8 14
2892 19 8 35
1129 19 8 51
4378 19 8 4
5321 19 9 59
229 19 9 79
5326 19 9 32
1127 19 9 4
980 19 9 9
3075 19 10 4
2158 19 10 56
4382 19 10 76
1667 19 10 14
2143 19 10 33
2053 19 11 14
5122 19 11 54
393 19 11 76
2593 19 11 4
3677 19 11 31
484 19 12 4
4616 19 12 74
2219 19 12 59
1435 19 12 27
5515 19 12 12
2847 19 13 29
5125 19 13 4
3548 19 13 58
5058 19 13 67
4935 19 13 11
2385 19 14 27
3802 19 14 5
36 19 14 57
2107 19 14 84
3524 19 15 27
4541 19 15 56
1087 19 15 5
2457 19 15 20
4332 19 15 74
4100 19 16 56
2702 19 16 74
3734 19 16 5
5412 19 16 27
1013 19 16 51
2145 19 16 20
4458 19 16 16
167 19 17 20
2210 19 17 56
792 19 17 51
585 19 17 27
3644 19 17 5
489 19 17 91
844 19 17 46
2165 19 17 16
420 19 17 74
5337 19 18 5
2756 19 18 81
1441 19 18 33
5185 19 18 58
4312 19 19 5
1685 19 19 26
5450 19 19 55
1309 19 19 70
