2938
734 0 0 1
130 0 0 45
1577 0 0 5
4458 0 0 84
5958 0 1 84
6633 0 1 1
1712 0 1 8
2135 0 1 49
6594 0 2 84
2369 0 2 1
2464 0 2 55
411 0 2 7
6195 0 3 86
5350 0 3 1
651 0 3 10
4894 0 3 39
3710 0 4 1
5682 0 4 61
1120 0 4 11
6550 0 4 86
3537 0 5 11
2392 0 5 87
4109 0 5 43
4288 0 5 1
2193 0 6 7
5760 0 6 47
3827 0 6 87
4869 0 6 1
6177 0 7 47
6693 0 7 1
1365 0 7 10
4573 0 7 88
2894 0 8 58
2644 0 8 91
1643 0 8 1
5996 0 8 9
386 0 9 45
6129 0 9 92
5937 0 9 1
2374 0 9 7
1060 0 10 49
2929 0 10 12
6330 0 10 93
2518 0 10 1
346 0 11 12
3561 0 11 62
6519 0 11 93
2584 0 11 1
2942 0 12 1
6251 0 12 26
2631 0 12 66
6207 0 12 96
2421 0 13 1
977 0 13 97
6236 0 13 67
3998 0 13 22
427 0 14 71
3895 0 14 97
4410 0 14 1
3752 0 14 19
4551 0 15 1
540 0 15 99
994 0 15 73
625 0 15 32
3275 0 16 1
2529 0 16 74
2429 0 16 99
4286 0 16 23
5653 0 17 42
1929 0 17 1
4859 0 17 62
5288 0 18 1
2869 0 18 15
2504 0 18 68
3830 0 19 1
4694 0 19 35
1915 0 19 69
6528 1 0 39
580 1 0 45
3889 1 0 81
2729 1 0 95
1375 1 0 5
488 1 0 1
6119 1 1 42
3614 1 1 8
5641 1 1 49
6338 1 1 1
5044 1 1 82
5941 1 2 55
1188 1 2 7
2158 1 2 1
6471 1 2 78
5064 1 2 49
350 1 2 84
4559 1 3 1
4881 1 3 72
3077 1 3 36
1022 1 3 95
4673 1 3 10
6624 1 3 39
4050 1 4 86
6025 1 4 93
1708 1 4 57
551 1 4 1
5967 1 4 9
4255 1 4 82
6090 1 4 61
2109 1 5 1
2872 1 5 11
6627 1 5 41
5326 1 5 43
5815 1 5 93
3206 1 5 70
5869 1 6 79
3522 1 6 7
2007 1 6 1
619 1 6 87
3272 1 6 37
4536 1 7 88
590 1 7 93
2690 1 7 10
3667 1 7 1
1582 1 7 77
6505 1 7 44
3727 1 7 47
4091 1 8 92
6507 1 8 1
3293 1 8 83
4890 1 8 9
6280 1 8 6
1475 1 8 46
1909 1 8 58
1774 1 9 1
5228 1 9 41
5929 1 9 45
3880 1 9 92
4062 1 9 73
606 1 9 7
3581 1 10 92
1622 1 10 1
2776 1 10 49
3869 1 10 44
1043 1 10 73
6443 1 10 12
5290 1 11 87
6385 1 11 93
4948 1 11 10
3986 1 11 62
3022 1 11 1
6677 1 11 46
6281 1 12 1
3828 1 12 26
3181 1 12 21
4412 1 12 66
6606 1 12 60
233 1 12 92
4807 1 12 96
3778 1 13 22
5804 1 13 18
65 1 13 67
6350 1 13 1
6652 1 13 94
5875 1 13 61
6622 1 14 1
494 1 14 52
5191 1 14 16
4640 1 14 71
753 1 14 97
4905 1 14 94
3216 1 14 19
2044 1 15 73
4895 1 15 1
6306 1 15 32
5895 1 15 27
3350 1 15 69
13 1 15 96
248 1 16 74
3557 1 16 96
4036 1 16 1
1785 1 16 21
5867 1 16 23
6683 1 16 59
5576 1 17 94
631 1 17 24
2397 1 17 42
4014 1 17 1
4716 1 17 62
1112 1 18 48
5659 1 18 95
4374 1 18 68
4755 1 18 1
6123 1 18 15
4336 1 19 35
2198 1 19 1
6446 1 19 62
3348 1 19 21
5307 1 19 95
670 1 19 69
5988 2 0 34
5777 2 0 45
5237 2 0 68
4677 2 0 5
3669 2 0 81
6104 2 0 39
2987 2 0 95
3826 2 0 2
5216 2 1 42
3471 2 1 38
3766 2 1 49
6348 2 1 8
5334 2 1 82
5396 2 1 74
5482 2 1 1
5461 2 1 85
6165 2 2 84
4346 2 2 7
2968 2 2 55
4953 2 2 2
5792 2 2 78
361 2 2 38
396 2 2 92
452 2 3 36
5823 2 3 39
6062 2 3 72
3972 2 3 10
5505 2 3 89
6692 2 3 2
4842 2 3 95
5299 2 4 1
4069 2 4 82
850 2 4 57
1211 2 4 9
5536 2 4 93
4424 2 4 6
4039 2 4 86
1121 2 4 61
1081 2 4 39
6089 2 5 85
4420 2 5 43
2414 2 5 8
5599 2 5 70
6232 2 5 1
4388 2 5 11
6045 2 5 65
4489 2 5 38
5016 2 6 71
5731 2 6 79
5298 2 6 87
1655 2 6 92
255 2 6 7
887 2 6 37
6462 2 6 2
6078 2 7 1
3437 2 7 4
965 2 7 10
6393 2 7 44
3254 2 7 47
3172 2 7 73
2946 2 7 86
4221 2 7 88
588 2 7 40
5697 2 7 93
6680 2 7 77
6336 2 8 1
4257 2 8 80
1126 2 8 46
2472 2 8 83
4931 2 8 6
2182 2 8 58
2190 2 8 9
2459 2 8 92
738 2 9 1
4040 2 9 45
5874 2 9 7
2382 2 9 41
5324 2 9 73
547 2 9 87
5449 2 9 38
1249 2 10 44
3432 2 10 92
1254 2 10 1
6524 2 10 70
1798 2 10 49
3184 2 10 12
4930 2 11 44
5959 2 11 93
2519 2 11 62
5951 2 11 85
67 2 11 10
4592 2 11 87
702 2 11 1
2854 2 11 46
5314 2 12 1
5031 2 12 17
89 2 12 92
5391 2 12 96
632 2 12 26
785 2 12 66
98 2 12 21
4785 2 12 57
5897 2 12 60
5157 2 13 61
4923 2 13 94
1736 2 13 1
2831 2 13 90
519 2 13 22
3377 2 13 18
6531 2 13 50
6558 2 13 67
5215 2 14 71
6381 2 14 48
5141 2 14 19
6270 2 14 93
4827 2 14 16
6409 2 14 1
340 2 14 52
3553 2 14 97
3330 2 15 1
5236 2 15 67
6549 2 15 73
6361 2 15 93
5812 2 15 96
4574 2 15 18
5847 2 15 27
5621 2 15 32
2168 2 15 69
3930 2 16 1
5926 2 16 18
5603 2 16 74
6564 2 16 23
1153 2 16 59
3491 2 16 95
136 2 16 56
5684 2 16 71
4501 2 17 24
1190 2 17 42
3524 2 17 20
615 2 17 62
2579 2 17 1
4361 2 17 90
6014 2 17 40
4991 2 17 94
4858 2 18 44
4394 2 18 91
4259 2 18 1
6160 2 18 64
4903 2 18 95
5678 2 18 48
6225 2 18 15
6278 2 18 68
2650 2 19 21
73 2 19 1
6376 2 19 62
1454 2 19 69
5385 2 19 91
3975 2 19 35
1280 3 0 45
6384 3 0 28
3316 3 0 68
2740 3 0 2
6100 3 0 39
5339 3 0 5
4324 3 0 34
3468 3 0 81
2307 3 0 95
4223 3 0 64
1262 3 1 85
4240 3 1 74
6001 3 1 36
3167 3 1 8
5453 3 1 1
3837 3 1 42
2813 3 1 69
5547 3 1 49
555 3 2 7
5181 3 2 92
5660 3 2 78
3736 3 2 38
5538 3 2 84
3694 3 2 34
4868 3 2 2
6325 3 2 53
4079 3 2 75
3487 3 2 55
2877 3 3 33
3219 3 3 36
5420 3 3 89
1585 3 3 95
5190 3 3 72
5912 3 3 2
6676 3 3 10
6658 3 4 59
5275 3 4 78
1050 3 4 39
2242 3 4 6
3066 3 4 82
5954 3 4 61
4280 3 4 1
3276 3 4 34
5604 3 4 9
1758 3 4 86
4127 3 4 93
2456 3 5 70
3390 3 5 43
296 3 5 11
587 3 5 85
2743 3 5 1
5775 3 5 65
6101 3 5 39
5089 3 6 87
5833 3 6 7
2601 3 6 92
532 3 6 37
6533 3 6 31
5950 3 6 66
5522 3 6 79
4538 3 6 2
3284 3 6 71
3613 3 7 93
3771 3 7 47
3863 3 7 88
5517 3 7 10
5786 3 7 35
431 3 7 71
2585 3 7 4
2665 3 7 86
2964 3 7 73
886 3 7 44
50 3 7 40
6069 3 7 77
3558 3 8 1
1304 3 8 6
1349 3 8 58
2993 3 8 80
5131 3 8 37
644 3 8 46
2032 3 8 83
6476 3 8 91
1181 3 8 9
5507 3 9 39
1443 3 9 41
4160 3 9 73
2455 3 9 2
6135 3 9 30
2224 3 9 45
6570 3 9 67
5563 3 9 7
6645 3 9 87
5269 3 10 12
4744 3 10 88
1411 3 10 92
5363 3 10 66
1949 3 10 42
6247 3 10 70
5102 3 10 49
253 3 10 1
5741 3 11 38
6058 3 11 62
3792 3 11 44
484 3 11 46
865 3 11 10
6668 3 11 81
4721 3 11 2
4237 3 11 87
2553 3 11 93
4745 3 12 57
6503 3 12 89
3232 3 12 17
5380 3 12 93
4303 3 12 96
2789 3 12 1
4655 3 12 60
2721 3 12 26
4765 3 12 66
1023 3 12 53
4502 3 12 22
4455 3 13 22
5417 3 13 13
1965 3 13 47
6392 3 13 90
6661 3 13 1
6501 3 13 50
2539 3 13 18
5498 3 13 67
4304 3 13 61
3612 3 13 94
4899 3 14 52
3073 3 14 1
6054 3 14 68
4737 3 14 16
1959 3 14 71
5476 3 14 91
5344 3 14 48
4085 3 14 19
2828 3 14 14
2606 3 15 93
6259 3 15 73
5212 3 15 15
3343 3 15 32
2480 3 15 1
2004 3 15 67
6436 3 15 70
5747 3 15 27
3107 3 15 96
6477 3 15 62
5663 3 16 74
6346 3 16 23
2636 3 16 95
941 3 16 57
240 3 16 59
4792 3 16 18
4651 3 16 92
810 3 16 71
6074 3 16 1
5379 3 16 13
2294 3 17 20
4008 3 17 59
3611 3 17 94
4896 3 17 90
4215 3 17 14
1129 3 17 24
3240 3 17 62
6687 3 17 86
5711 3 17 40
2840 3 17 1
6183 3 17 42
4409 3 18 95
4798 3 18 64
2544 3 18 13
2723 3 18 44
5005 3 18 48
201 3 18 91
4095 3 18 1
6200 3 18 15
4493 3 18 68
5266 3 19 62
1456 3 19 35
5229 3 19 14
2284 3 19 21
297 3 19 1
1831 3 19 89
1737 3 19 69
2316 4 0 64
1219 4 0 34
5811 4 0 28
6229 4 0 45
2466 4 0 68
1646 4 0 39
4614 4 0 60
6349 4 0 95
2820 4 0 5
2478 4 0 81
3355 4 1 74
3382 4 1 49
5764 4 1 32
1314 4 1 8
3861 4 1 94
5219 4 1 36
1438 4 1 1
287 4 1 69
6410 4 1 43
3454 4 1 85
1324 4 2 3
6103 4 2 30
2586 4 2 55
2686 4 2 75
1986 4 2 78
6509 4 2 92
3213 4 2 38
1251 4 2 7
1076 4 2 34
4425 4 3 10
1210 4 3 33
2737 4 3 72
225 4 3 36
5649 4 3 28
6588 4 3 95
5077 4 3 89
554 4 3 2
4325 4 4 78
2707 4 4 82
6072 4 4 6
4612 4 4 34
2097 4 4 61
688 4 4 86
4533 4 4 94
5518 4 4 2
6313 4 4 29
2228 4 5 1
5183 4 5 94
3496 4 5 65
526 4 5 43
4682 4 5 33
4313 4 5 85
489 4 5 70
6720 4 5 11
3450 4 6 79
4571 4 6 7
4595 4 6 31
4615 4 6 37
2621 4 6 3
166 4 6 93
6287 4 6 64
4637 4 6 27
4619 4 6 66
1884 4 6 77
4618 4 6 87
6456 4 6 71
3378 4 7 10
5559 4 7 77
803 4 7 93
303 4 7 88
2192 4 7 4
5960 4 7 7
5035 4 7 35
257 4 7 47
5320 4 7 40
4024 4 7 74
5392 4 7 31
5932 4 7 68
3286 4 8 1
6673 4 8 46
6581 4 8 30
936 4 8 6
252 4 8 58
6067 4 8 9
2761 4 8 55
1397 4 8 83
5394 4 8 91
5118 4 8 37
1789 4 9 30
495 4 9 2
5589 4 9 5
620 4 9 65
5530 4 9 41
4918 4 9 7
6021 4 9 45
2939 4 9 87
3511 4 9 73
4177 4 9 67
5817 4 10 94
3791 4 10 49
3120 4 10 12
5512 4 10 42
2399 4 10 1
3502 4 10 88
5561 4 10 8
1111 4 10 92
2247 4 10 38
5414 4 10 70
6282 4 10 45
4671 4 10 66
5438 4 11 62
3379 4 11 38
5011 4 11 81
4774 4 11 33
1287 4 11 44
1228 4 11 93
3750 4 11 87
5345 4 11 46
1297 4 11 2
5776 4 11 10
188 4 11 59
147 4 12 54
4293 4 12 12
4316 4 12 86
5721 4 12 1
4260 4 12 57
2901 4 12 22
4208 4 12 66
560 4 12 26
4276 4 12 89
2312 4 12 50
5305 4 12 96
4379 4 12 60
2679 4 12 17
4273 4 13 92
1874 4 13 1
805 4 13 50
3163 4 13 61
261 4 13 94
2590 4 13 13
2222 4 13 67
6521 4 13 18
4844 4 14 45
2546 4 14 52
4550 4 14 91
4758 4 14 19
317 4 14 11
2680 4 14 48
1764 4 14 68
4431 4 14 1
658 4 14 71
6027 4 15 62
5328 4 15 56
4343 4 15 15
6244 4 15 71
2764 4 15 96
4145 4 15 12
3875 4 15 32
4925 4 15 27
4581 4 15 73
5985 4 15 1
2895 4 16 19
401 4 16 89
184 4 16 96
1951 4 16 92
4512 4 16 13
2603 4 16 1
4594 4 16 51
6463 4 16 23
557 4 16 71
2657 4 16 74
6190 4 16 57
5943 4 16 68
5557 4 17 62
5373 4 17 42
5680 4 17 11
2155 4 17 21
3888 4 17 14
6527 4 17 36
1084 4 17 83
5871 4 17 86
5887 4 17 1
3411 4 17 94
1882 4 17 59
6632 4 17 24
3982 4 18 95
3608 4 18 92
1301 4 18 15
3820 4 18 1
1547 4 18 44
162 4 18 68
4683 4 18 64
4479 4 18 48
145 4 19 89
5903 4 19 21
5145 4 19 14
5224 4 19 62
4511 4 19 32
394 4 19 69
6134 4 19 12
6211 4 19 1
6073 4 19 35
4252 4 19 58
161 5 0 5
1333 5 0 39
2341 5 0 68
4469 5 0 60
1978 5 0 81
1187 5 0 34
1057 5 0 95
1113 5 0 45
4440 5 0 28
1819 5 0 64
3153 5 1 94
692 5 1 49
3338 5 1 32
4132 5 1 36
4315 5 1 43
1666 5 1 30
251 5 1 85
1034 5 1 1
3369 5 1 8
5289 5 1 70
3269 5 1 74
276 5 2 55
288 5 2 7
2306 5 2 88
5121 5 2 27
1381 5 2 92
5750 5 2 35
2825 5 2 30
5226 5 2 78
878 5 2 3
2052 5 2 38
2733 5 3 72
3734 5 3 95
3228 5 3 10
4041 5 3 69
870 5 3 36
5061 5 3 89
5270 5 3 28
3024 5 3 34
49 5 3 2
1782 5 4 2
1828 5 4 82
5809 5 4 52
271 5 4 74
3946 5 4 29
422 5 4 86
1146 5 4 94
3709 5 4 34
1834 5 4 6
4043 5 4 78
4167 5 4 61
5201 5 5 85
3601 5 5 33
2396 5 5 70
1992 5 5 91
4712 5 5 43
1511 5 5 11
3452 5 5 81
2505 5 5 2
2653 5 5 65
6019 5 5 62
1164 5 6 76
4689 5 6 2
6032 5 6 27
5830 5 6 71
3425 5 6 66
1131 5 6 92
6478 5 6 79
5901 5 6 23
4600 5 6 37
2304 5 6 60
3421 5 7 31
3100 5 7 10
5395 5 7 28
3010 5 7 40
1816 5 7 64
2485 5 7 68
4692 5 7 89
6695 5 7 93
2958 5 7 74
5336 5 7 77
3446 5 7 47
4417 5 7 35
381 5 7 4
2883 5 7 7
6389 5 8 37
3205 5 8 58
2646 5 8 55
6719 5 8 29
725 5 8 6
6222 5 8 9
4884 5 8 3
1569 5 8 91
3464 5 8 78
388 5 8 83
3099 5 9 44
5573 5 9 7
1584 5 9 67
3052 5 9 73
5917 5 9 26
1263 5 9 87
2999 5 9 30
5590 5 10 37
5899 5 10 49
3115 5 10 63
3409 5 10 66
2302 5 10 88
5976 5 10 43
2465 5 10 2
5260 5 10 8
1744 5 10 45
2990 5 10 94
715 5 10 12
1562 5 10 70
2086 5 11 87
5508 5 11 93
5752 5 11 3
3003 5 11 33
6256 5 11 27
4748 5 11 62
6432 5 11 10
2292 5 11 38
2612 5 11 46
2327 5 11 81
4159 5 12 89
4087 5 12 12
2211 5 12 26
3326 5 12 60
5906 5 12 2
2751 5 12 22
3169 5 12 66
3235 5 12 86
2025 5 12 17
4339 5 12 48
6292 5 13 2
552 5 13 50
6181 5 13 13
1902 5 13 67
4786 5 13 93
2598 5 13 61
5050 5 13 40
4217 5 14 45
2167 5 14 19
6404 5 14 2
3281 5 14 52
4170 5 14 91
5315 5 15 2
3309 5 15 73
4646 5 15 12
3956 5 15 27
2013 5 15 93
1822 5 15 32
3579 5 15 56
4708 5 15 62
2832 5 16 19
1508 5 16 13
6079 5 16 23
3079 5 16 51
4386 5 16 2
5534 5 16 47
4695 5 16 89
2793 5 16 57
1414 5 16 74
4838 5 17 86
4272 5 17 42
2602 5 17 94
6297 5 17 79
6106 5 17 2
6434 5 17 22
4527 5 17 24
6265 5 17 11
5861 5 17 36
2918 5 17 62
4598 5 18 45
3121 5 18 68
6586 5 18 39
5387 5 18 88
1224 5 18 64
2851 5 18 2
1067 5 18 15
4253 5 18 48
1835 5 19 2
1809 5 19 58
2163 5 19 35
6525 5 19 89
5340 5 19 69
5643 5 19 12
1168 5 19 86
4874 5 19 21
2305 5 19 62
6487 6 0 45
2093 6 0 56
4244 6 0 28
6590 6 0 5
1201 6 0 39
246 6 0 25
5319 6 0 81
2830 6 0 89
3339 6 0 78
3542 6 0 35
4075 6 0 68
2328 6 1 74
891 6 1 8
2183 6 1 89
4065 6 1 49
3512 6 1 43
6523 6 1 3
3893 6 1 28
5097 6 1 64
1821 6 1 36
3711 6 1 85
2291 6 1 94
6213 6 2 7
4606 6 2 38
1980 6 2 78
1195 6 2 88
3922 6 2 35
5544 6 2 25
5658 6 2 27
2124 6 2 92
1691 6 2 73
3065 6 2 55
857 6 2 51
3028 6 3 3
1165 6 3 36
3900 6 3 89
4750 6 3 65
220 6 3 26
3606 6 3 69
1502 6 3 10
5019 6 3 28
997 6 3 72
2797 6 4 78
5230 6 4 26
380 6 4 86
492 6 4 29
2768 6 4 94
3315 6 4 52
3707 6 4 61
4305 6 4 6
5740 6 5 62
1459 6 5 70
1119 6 5 2
1701 6 5 11
4460 6 5 81
3383 6 5 43
5161 6 5 85
1223 6 5 30
4375 6 5 91
4691 6 5 33
4846 6 6 92
3907 6 6 20
1466 6 6 2
3243 6 6 66
325 6 6 23
3976 6 6 56
5797 6 6 27
3882 6 6 79
2264 6 6 60
5146 6 6 71
6204 6 6 37
5510 6 7 93
3473 6 7 26
3480 6 7 89
2076 6 7 28
4097 6 7 47
3858 6 7 77
3266 6 7 10
2104 6 7 35
4494 6 7 63
3078 6 7 31
794 6 7 68
1565 6 7 74
1787 6 8 9
3528 6 8 37
5772 6 8 73
6454 6 8 83
3937 6 8 29
5440 6 8 91
1246 6 8 2
6108 6 8 58
5402 6 8 88
5617 6 9 26
4418 6 9 44
6638 6 9 61
6285 6 9 73
849 6 9 30
3352 6 9 7
4294 6 9 83
4016 6 9 88
2452 6 9 68
6080 6 10 49
5384 6 10 37
6172 6 10 94
1407 6 10 2
5555 6 10 32
6029 6 10 12
6137 6 10 59
3510 6 10 8
5416 6 10 63
845 6 10 70
1574 6 10 88
2187 6 11 81
586 6 11 38
563 6 11 46
3211 6 11 62
5092 6 11 87
4981 6 11 78
1359 6 11 33
3221 6 11 10
216 6 11 91
3134 6 11 3
4999 6 11 27
6681 6 12 89
1286 6 12 22
1772 6 12 2
6070 6 12 57
5037 6 12 8
4332 6 12 85
77 6 12 26
5652 6 12 66
4015 6 12 12
6621 6 12 47
2720 6 13 56
189 6 13 67
827 6 13 93
5693 6 13 50
4148 6 13 40
2156 6 13 61
5292 6 13 2
4983 6 14 3
1232 6 14 52
3029 6 14 24
289 6 14 74
6167 6 15 3
2487 6 15 74
6546 6 15 24
3645 6 15 51
4824 6 16 51
5646 6 16 49
4974 6 16 24
1095 6 16 70
90 6 16 2
204 6 16 29
3285 6 16 74
4226 6 17 29
5279 6 17 79
4025 6 17 2
3933 6 17 48
6420 6 17 24
3995 6 17 54
5588 6 17 69
6371 6 17 15
4202 6 18 39
5397 6 18 81
4052 6 18 89
5447 6 18 21
5919 6 18 69
6651 6 18 48
496 6 18 58
5754 6 18 9
3653 6 18 15
5463 6 18 35
4415 6 18 2
5627 6 18 29
4437 6 18 54
5223 6 19 12
5532 6 19 2
6492 6 19 9
4783 6 19 54
2062 6 19 21
4400 6 19 35
662 6 19 58
572 6 19 62
6140 6 19 89
5232 6 19 69
915 7 0 39
2666 7 0 89
3584 7 0 68
3457 7 0 25
5997 7 0 45
1450 7 0 56
6608 7 0 60
5313 7 0 81
3061 7 0 5
840 7 1 74
3248 7 1 85
6192 7 1 3
2960 7 1 28
1906 7 1 43
5082 7 1 24
4944 7 1 8
848 7 1 36
3891 7 1 49
4962 7 1 64
565 7 1 89
2179 7 1 94
259 7 2 88
5916 7 2 27
1888 7 2 78
2133 7 2 55
2867 7 2 7
1206 7 2 73
2525 7 2 38
1435 7 2 92
1 7 3 72
112 7 3 89
5322 7 3 10
6128 7 3 59
2871 7 3 69
4828 7 3 24
4381 7 3 28
3536 7 3 36
1695 7 3 66
2656 7 3 3
1654 7 4 29
2802 7 4 61
2982 7 4 26
1856 7 4 52
1734 7 4 94
3116 7 4 6
2196 7 4 78
2053 7 4 87
3516 7 4 50
5873 7 5 81
1028 7 5 70
1745 7 5 27
5781 7 5 43
3966 7 5 91
5694 7 5 57
3417 7 5 3
4291 7 5 62
3442 7 5 33
6061 7 5 11
3323 7 6 20
2160 7 6 79
5909 7 6 23
1723 7 6 66
1999 7 6 71
1184 7 6 2
1597 7 6 53
3659 7 6 27
1313 7 6 92
6623 7 7 47
4367 7 7 93
6303 7 7 68
5084 7 7 59
5928 7 7 10
654 7 7 22
4314 7 7 63
5351 7 7 74
2878 7 7 89
1271 7 7 35
6387 7 8 72
5849 7 8 80
5427 7 8 58
6286 7 8 52
2243 7 8 91
5645 7 8 2
6088 7 8 37
6552 7 8 22
3679 7 8 29
5735 7 9 68
4289 7 9 83
3517 7 9 26
5618 7 9 73
3665 7 9 88
4030 7 9 31
6173 7 9 20
3811 7 9 44
6218 7 9 7
5158 7 9 61
5104 7 10 63
6551 7 10 4
1317 7 10 8
3660 7 10 59
4275 7 10 87
4625 7 10 49
6577 7 10 70
4227 7 10 37
2003 7 10 12
4553 7 10 32
1019 7 11 10
896 7 11 87
1696 7 11 62
4977 7 11 27
3225 7 11 33
5043 7 11 81
678 7 11 91
2416 7 11 3
502 7 11 38
558 7 11 46
4572 7 12 46
5584 7 12 26
2856 7 12 66
3130 7 12 85
1379 7 12 89
1128 7 12 8
6261 7 12 4
3533 7 12 12
4794 7 12 57
5638 7 12 22
1154 7 13 2
5455 7 13 72
6226 7 13 83
4946 7 14 3
6083 7 14 75
5615 7 15 2
6375 7 15 76
5856 7 15 28
4154 7 16 20
5086 7 16 67
4 7 16 83
407 7 16 2
6149 7 17 65
6466 7 17 2
6161 7 17 18
441 7 17 80
5439 7 18 90
4232 7 18 2
585 7 18 28
4768 7 19 52
2265 7 19 2
5515 7 19 18
3386 8 17 84
5078 8 17 70
3997 8 18 64
1269 8 18 83
3619 8 19 5
5111 8 19 31
3747 8 19 18
6241 8 19 83
212 8 19 61
6697 8 19 52
3857 8 19 76
153 9 0 27
5848 9 0 46
5100 9 0 13
5911 9 0 78
2906 9 0 61
5802 9 0 39
716 9 1 61
3829 9 1 13
3222 9 1 42
508 9 2 42
129 9 2 61
5154 9 2 15
5624 9 12 27
4590 9 12 72
6366 9 12 15
837 9 12 49
751 9 12 42
4401 9 12 5
2287 9 12 65
2359 9 12 82
3935 9 13 45
4430 9 13 37
6686 9 13 69
3084 9 13 80
2988 9 13 28
5562 9 13 12
4358 9 14 85
2426 9 14 30
1220 9 14 79
3884 9 14 4
2780 9 14 15
3985 9 14 41
501 9 14 68
6159 9 15 58
4883 9 15 20
1672 9 15 81
1705 9 15 12
4820 9 15 26
3132 9 15 50
2353 9 15 70
6699 9 15 35
1964 9 15 76
4139 9 15 89
3401 9 16 42
757 9 16 65
2575 9 16 85
5365 9 16 75
5582 9 16 19
2632 9 16 31
2935 9 16 9
2490 9 16 55
509 9 17 13
5945 9 17 70
1521 9 17 39
4661 9 17 6
5625 9 17 19
4834 9 17 77
2898 9 17 59
5755 9 17 28
3652 9 17 84
266 9 18 25
913 9 18 64
2890 9 18 55
818 9 18 79
6398 9 18 84
3418 9 18 89
5850 9 18 70
338 9 19 61
2919 9 19 84
4654 9 19 76
3987 9 19 18
4249 9 19 5
5309 9 19 53
5058 9 19 31
211 10 0 39
5386 10 0 13
3703 10 0 61
907 10 0 77
813 10 0 91
1010 10 0 27
576 10 1 23
2137 10 1 42
869 10 1 53
4697 10 1 29
2852 10 1 36
4703 10 1 72
3552 10 1 9
521 10 1 49
4019 10 1 82
5907 10 2 61
1352 10 2 77
6115 10 2 28
3885 10 2 7
6201 10 2 46
4500 10 2 89
3063 10 2 22
6654 10 2 15
4676 10 2 71
6555 10 3 19
556 10 3 45
32 10 3 80
4577 10 3 35
4632 10 3 71
3036 10 3 9
2773 10 3 65
4435 10 3 59
6700 10 4 17
2433 10 4 40
1534 10 4 77
6206 10 4 49
4988 10 4 83
1093 10 4 56
5160 10 5 66
1144 10 5 41
1309 10 5 79
6566 10 5 7
3953 10 5 12
5629 10 5 85
2914 10 5 35
4152 10 5 18
998 10 6 38
2726 10 6 83
5343 10 6 22
356 10 6 67
6326 10 6 60
2047 10 6 76
4853 10 6 13
5055 10 6 50
858 10 7 10
5369 10 7 87
3743 10 7 19
1176 10 7 36
3 10 7 43
3416 10 7 69
2100 10 7 78
6268 10 7 62
5918 10 8 85
95 10 8 5
6237 10 8 41
3738 10 8 74
6060 10 8 62
105 10 8 26
2402 10 8 31
1688 10 8 11
3774 10 9 76
2417 10 9 51
205 10 9 12
5481 10 9 87
2754 10 9 68
1499 10 9 36
3210 10 9 5
5179 10 9 29
5349 10 9 82
1343 10 10 13
6412 10 10 24
5090 10 10 75
1213 10 10 5
6716 10 10 30
4266 10 10 52
3551 10 10 91
6671 10 11 9
4851 10 11 91
485 10 11 19
5132 10 11 46
2251 10 11 79
132 10 11 65
10 10 11 85
2885 10 12 65
793 10 12 16
5709 10 12 72
4089 10 12 27
4126 10 12 82
3890 10 12 43
2732 10 12 49
465 10 12 4
4596 10 13 28
6364 10 13 12
4634 10 13 70
958 10 13 36
3940 10 13 45
811 10 13 90
4235 10 14 4
923 10 14 37
5991 10 14 41
3655 10 14 79
4761 10 14 15
5930 10 14 70
5938 10 14 58
1554 10 14 85
4970 10 14 30
3963 10 14 53
2759 10 15 12
2511 10 15 88
4201 10 15 50
5674 10 15 26
3165 10 15 76
4135 10 15 34
6307 10 15 58
5924 10 15 20
1308 10 15 6
3108 10 15 70
2616 10 15 81
5503 10 16 42
3929 10 16 55
3320 10 16 65
1011 10 16 9
3463 10 16 85
403 10 16 76
3297 10 16 31
5808 10 17 52
4230 10 17 19
6335 10 17 77
6176 10 17 6
1913 10 17 90
2796 10 17 13
6223 10 17 29
4181 10 17 59
3993 10 17 42
2493 10 17 72
5575 10 17 84
1261 10 18 64
6725 10 18 70
2659 10 18 88
2623 10 18 6
3131 10 18 55
1610 10 18 16
3540 10 18 12
972 10 18 38
6359 10 18 23
1840 10 18 79
333 10 18 25
2267 10 19 61
3363 10 19 84
5140 10 19 76
6112 10 19 31
1494 10 19 4
696 10 19 17
879 10 19 14
2319 11 0 10
6249 11 0 61
5478 11 0 13
1266 11 0 51
1674 11 0 27
5327 11 0 5
3034 11 0 73
3472 11 0 39
2581 11 0 76
5743 11 0 90
914 11 1 53
5556 11 1 37
5717 11 1 72
798 11 1 49
589 11 1 29
5267 11 1 9
2360 11 1 42
4743 11 1 86
3349 11 1 67
1791 11 1 23
1474 11 1 81
6449 11 2 61
1209 11 2 51
4751 11 2 89
5748 11 2 15
2071 11 2 23
776 11 2 28
3009 11 2 72
990 11 2 5
3449 11 2 77
6000 11 3 71
2238 11 3 36
3908 11 3 45
4987 11 3 59
5770 11 3 65
4555 11 3 19
3451 11 3 9
2716 11 3 80
3594 11 4 56
5410 11 4 83
6710 11 4 17
5551 11 4 40
4490 11 4 5
1742 11 4 26
1472 11 4 10
6365 11 4 49
2847 11 4 32
2467 11 4 77
3911 11 5 6
2697 11 5 18
4900 11 5 12
3273 11 5 36
4537 11 5 41
5828 11 5 85
262 11 5 66
574 11 6 62
1145 11 6 10
490 11 6 38
6663 11 6 22
5994 11 6 13
4950 11 6 50
4459 11 6 83
2442 11 6 92
3199 11 6 5
2821 11 6 67
192 11 6 75
400 11 7 43
838 11 7 9
3174 11 7 22
4267 11 7 69
6706 11 7 86
2887 11 7 78
6619 11 7 62
1557 11 7 92
5352 11 8 74
3385 11 8 6
2521 11 8 41
5245 11 8 85
1325 11 8 26
2629 11 8 31
2945 11 8 11
3670 11 8 66
3314 11 9 5
6055 11 9 29
1887 11 9 12
6562 11 9 82
2989 11 9 51
3374 11 9 68
3951 11 9 76
5550 11 9 87
1732 11 9 36
2540 11 10 23
5374 11 10 75
6024 11 10 53
1560 11 10 13
173 11 10 10
278 11 10 30
3646 11 10 90
3123 11 10 5
3730 11 11 85
656 11 11 19
6250 11 11 46
1291 11 11 26
6310 11 11 91
736 11 11 65
5408 11 11 10
4277 11 11 79
1385 11 12 22
3337 11 12 27
2070 11 12 4
2708 11 12 15
566 11 12 71
3656 11 12 49
6653 11 12 82
1748 11 13 36
2736 11 13 90
989 11 13 57
6526 11 13 25
4117 11 13 45
1406 11 13 12
6168 11 13 70
5962 11 14 4
4967 11 14 53
4879 11 14 15
3686 11 14 37
5644 11 14 30
4163 11 14 58
2106 11 14 79
6294 11 14 41
3526 11 15 88
4580 11 15 70
6317 11 15 34
2817 11 15 6
3541 11 15 11
3062 11 15 50
924 11 15 20
3873 11 15 81
1587 11 15 57
4699 11 15 76
5403 11 16 34
5581 11 16 55
6242 11 16 46
3931 11 16 85
802 11 16 75
1107 11 16 9
3799 11 16 65
3949 11 17 13
6640 11 17 6
1898 11 17 31
6452 11 17 77
61 11 17 83
1431 11 17 19
2365 11 17 42
4650 11 17 64
2197 11 17 90
1117 11 17 53
3485 11 18 25
1197 11 18 32
2061 11 18 79
2859 11 18 88
3046 11 18 38
1294 11 18 22
2667 11 18 6
4698 11 18 12
1823 11 18 16
3836 11 18 55
4203 11 18 64
6092 11 18 70
405 11 19 46
1161 11 19 14
4738 11 19 61
764 11 19 75
2009 11 19 4
643 11 19 31
2279 11 19 17
4421 11 19 84
360 12 0 39
3867 12 0 76
6377 12 0 5
6312 12 0 10
6053 12 0 73
5757 12 0 90
897 12 0 13
6532 12 0 61
6184 12 1 9
4268 12 1 42
3696 12 1 53
2368 12 1 23
1239 12 1 5
1922 12 1 81
6626 12 1 72
3041 12 1 35
5564 12 1 86
6099 12 1 29
1862 12 1 49
3070 12 2 51
1152 12 2 28
2904 12 2 23
3681 12 2 77
1869 12 2 65
1957 12 2 5
6611 12 2 15
6423 12 2 89
5844 12 3 80
6284 12 3 71
3069 12 3 51
5698 12 3 19
5666 12 3 9
5256 12 3 45
2162 12 3 5
6408 12 3 65
5814 12 3 36
3545 12 4 40
2923 12 4 77
4200 12 4 5
2118 12 4 17
976 12 4 84
4808 12 4 56
4448 12 5 18
6228 12 5 5
3550 12 5 36
3231 12 5 84
6483 12 5 41
5636 12 5 12
1461 12 5 66
3958 12 6 62
729 12 6 28
429 12 6 38
5367 12 6 67
673 12 6 13
5695 12 6 50
4426 12 6 5
238 12 6 75
5525 12 6 92
4603 12 6 83
4051 12 7 43
425 12 7 61
5436 12 7 4
3104 12 7 9
4306 12 7 69
3780 12 7 78
474 12 7 55
5857 12 7 86
4464 12 7 22
5714 12 8 11
3139 12 8 41
4318 12 8 66
5696 12 8 26
3445 12 8 31
2445 12 8 73
4405 12 8 4
6035 12 8 85
1682 12 9 29
2116 12 9 12
348 12 9 58
4356 12 9 76
6576 12 9 82
5110 12 9 68
4811 12 9 5
1253 12 9 43
4408 12 9 51
5774 12 9 87
3955 12 10 30
676 12 10 75
6451 12 10 90
2583 12 10 13
2795 12 10 23
517 12 10 4
2728 12 10 82
5982 12 10 64
1580 12 11 19
2543 12 11 10
1346 12 11 91
4371 12 11 79
2356 12 11 26
2974 12 11 65
335 12 11 45
4790 12 11 85
1796 12 11 5
4539 12 12 42
3142 12 12 15
41 12 12 81
1214 12 12 71
59 12 12 87
3394 12 12 27
2373 12 12 4
382 12 12 22
3746 12 12 49
675 12 13 90
605 12 13 26
2481 12 13 57
187 12 13 44
1312 12 13 12
277 12 13 71
21 12 13 51
3214 12 13 5
2298 12 13 36
4723 12 14 17
442 12 14 41
6442 12 14 37
1462 12 14 4
6561 12 14 58
3424 12 14 79
1877 12 14 29
969 12 14 87
141 12 15 33
4939 12 15 4
4658 12 15 88
5628 12 15 11
2180 12 15 69
4760 12 15 76
3006 12 15 57
5789 12 15 81
1644 12 15 20
3767 12 15 50
3787 12 16 5
755 12 16 30
464 12 16 55
1500 12 16 75
4928 12 16 85
4959 12 16 9
767 12 16 34
6427 12 17 19
202 12 17 54
781 12 17 78
1243 12 17 4
3295 12 17 27
1471 12 17 13
117 12 17 83
4017 12 17 64
3609 12 17 32
2008 12 17 90
4763 12 17 42
5549 12 18 4
1858 12 18 16
1931 12 18 32
3962 12 18 22
1402 12 18 45
2596 12 18 79
1497 12 18 55
6279 12 18 70
3745 12 18 25
5091 12 18 88
4399 12 18 38
5783 12 18 11
3500 12 19 17
5029 12 19 61
2300 12 19 31
5736 12 19 51
2119 12 19 4
6529 12 19 46
424 12 19 84
2841 12 19 75
598 13 0 3
241 13 0 33
2693 13 0 61
3150 13 0 39
4281 13 0 90
2545 13 0 13
4328 13 0 76
2424 13 0 86
1098 13 1 41
6339 13 1 29
5206 13 1 49
4666 13 1 4
1363 13 1 9
4241 13 1 72
3419 13 1 35
3758 13 1 53
3624 13 1 81
4601 13 2 28
5524 13 2 77
864 13 2 89
2482 13 2 3
523 13 2 15
2412 13 2 65
4073 13 3 19
3319 13 3 80
4250 13 3 32
2219 13 3 86
4404 13 3 4
1919 13 3 51
2087 13 3 44
5164 13 3 71
5971 13 3 9
1099 13 4 13
4517 13 4 40
399 13 4 3
4047 13 4 56
4161 13 4 17
4128 13 4 78
3786 13 4 83
1445 13 5 3
6362 13 5 49
4191 13 5 18
614 13 5 54
3298 13 5 84
235 13 5 11
486 13 5 41
1504 13 5 66
190 13 6 3
1101 13 6 28
3924 13 6 50
617 13 6 38
1001 13 6 91
1813 13 6 75
4887 13 6 83
5274 13 6 13
6455 13 6 67
269 13 7 68
3345 13 7 9
3928 13 7 78
2337 13 7 61
3637 13 7 22
2089 13 7 86
6690 13 7 44
4505 13 7 55
3833 13 7 4
2962 13 8 73
3749 13 8 31
3039 13 8 11
2755 13 8 41
1143 13 8 80
1116 13 8 3
33 13 8 65
1896 13 8 86
4340 13 9 29
5539 13 9 87
2296 13 9 43
4195 13 9 76
3913 13 9 58
5348 13 9 12
4575 13 9 51
5650 13 9 68
5257 13 9 3
2814 13 10 13
2938 13 10 23
947 13 10 30
505 13 10 75
1513 13 10 67
5448 13 10 4
3731 13 10 82
3518 13 10 90
4943 13 10 53
3302 13 11 4
3004 13 11 26
1061 13 11 84
4292 13 11 10
5323 13 11 79
2012 13 11 40
890 13 11 45
2084 13 11 19
4914 13 11 65
2513 13 11 91
3663 13 12 4
4149 13 12 81
2523 13 12 87
3145 13 12 14
3838 13 12 22
4733 13 12 42
819 13 12 49
1247 13 12 55
4044 13 12 27
2524 13 13 57
6148 13 13 5
1441 13 13 12
2329 13 13 36
1897 13 13 71
6133 13 13 30
4323 13 13 90
538 13 13 51
854 13 13 26
724 13 13 44
3137 13 14 29
6578 13 14 58
6002 13 14 65
2975 13 14 4
491 13 14 41
6057 13 14 17
5806 13 15 20
5836 13 15 81
5981 13 15 88
4207 13 15 50
468 13 15 4
4344 13 15 45
5689 13 15 76
5419 13 15 33
3370 13 15 57
3689 13 15 69
5188 13 16 9
1208 13 16 34
761 13 16 55
478 13 16 29
327 13 16 85
2430 13 16 75
2483 13 16 71
3965 13 16 5
2263 13 17 90
5597 13 17 42
2550 13 17 19
5927 13 17 32
392 13 17 54
1639 13 17 4
3049 13 17 64
1652 13 17 13
983 13 17 83
2687 13 17 59
4528 13 18 50
2393 13 18 55
3170 13 18 16
2956 13 18 79
6391 13 18 70
5619 13 18 22
1373 13 18 25
3964 13 18 45
6563 13 18 4
4554 13 18 38
5444 13 18 88
5788 13 18 11
2157 13 19 4
6643 13 19 61
3769 13 19 17
4395 13 19 75
6545 13 19 31
2350 13 19 54
1094 13 19 84
6602 13 19 46
626 14 0 3
6052 14 0 76
3577 14 0 86
3921 14 0 39
4978 14 0 61
2266 14 0 33
3031 14 0 13
5535 14 0 90
5000 14 1 35
1110 14 1 58
4242 14 1 48
6367 14 1 29
5214 14 1 72
4617 14 1 14
6272 14 1 9
5613 14 1 53
4762 14 1 81
1306 14 1 3
1938 14 1 41
2492 14 2 32
1189 14 2 38
5198 14 2 65
2018 14 2 89
4301 14 2 51
6216 14 2 28
2491 14 2 3
3482 14 2 79
2953 14 2 15
1756 14 3 38
2951 14 3 86
5442 14 3 71
3455 14 3 80
3515 14 3 14
4112 14 3 19
6696 14 3 9
2753 14 3 51
3494 14 3 32
4153 14 3 44
2112 14 3 3
5858 14 4 17
2531 14 4 13
4284 14 4 78
5574 14 4 83
5079 14 4 40
2578 14 4 52
3616 14 4 31
6293 14 4 56
2436 14 4 3
4909 14 5 43
5671 14 5 54
4214 14 5 84
1861 14 5 48
377 14 5 11
3575 14 5 3
4565 14 5 66
1792 14 5 18
1003 14 5 59
607 14 6 46
3821 14 6 13
2462 14 6 28
2634 14 6 17
3162 14 6 37
3234 14 6 3
1881 14 6 75
3040 14 6 50
5200 14 6 68
4910 14 6 83
2681 14 6 91
2784 14 7 68
4817 14 7 78
2506 14 7 61
6402 14 7 9
5923 14 7 55
304 14 7 35
3306 14 7 89
23 14 7 22
2995 14 7 3
2688 14 8 85
2750 14 8 3
4033 14 8 31
3144 14 8 18
1998 14 8 41
4835 14 8 73
4776 14 8 49
1171 14 8 65
1489 14 8 80
3632 14 9 43
4586 14 9 51
5268 14 9 29
3698 14 9 3
5246 14 9 58
3054 14 9 87
5866 14 9 68
3984 14 9 18
3364 14 9 63
6332 14 9 76
3859 14 10 3
2102 14 10 30
3332 14 10 67
884 14 10 75
3586 14 10 13
3331 14 10 23
974 14 10 61
4320 14 10 89
3782 14 10 82
3483 14 11 91
4497 14 11 52
5868 14 11 10
2949 14 11 45
1690 14 11 84
3729 14 11 19
4579 14 11 26
1775 14 11 65
3291 14 11 3
2798 14 11 40
2438 14 12 55
4685 14 12 87
825 14 12 41
6499 14 12 81
3236 14 12 14
243 14 12 3
1115 14 12 49
4263 14 12 27
5009 14 12 22
1393 14 13 26
2080 14 13 12
3148 14 13 36
4608 14 13 57
4968 14 13 90
2355 14 13 44
4679 14 13 71
1602 14 13 86
1036 14 13 30
6718 14 13 5
5196 14 14 5
2059 14 14 18
4037 14 14 29
780 14 14 41
5180 14 14 76
3270 14 14 58
5810 14 15 69
5133 14 15 57
6219 14 15 88
6522 14 15 20
633 14 15 33
2024 14 15 4
6020 14 15 76
6130 14 15 81
5683 14 15 50
1276 14 16 85
46 14 16 4
2748 14 16 18
6379 14 16 9
2880 14 16 75
916 14 16 29
4370 14 16 34
3140 14 16 71
5565 14 16 55
1917 14 17 4
3192 14 17 64
2447 14 17 42
3648 14 17 59
1952 14 17 13
6011 14 17 32
1215 14 17 83
3578 14 17 39
1167 14 17 53
5466 14 17 90
2678 14 17 19
5311 14 18 45
1923 14 18 60
1852 14 18 51
4670 14 18 25
1408 14 18 21
6397 14 18 38
570 14 18 55
3038 14 18 4
2458 14 18 32
3190 14 18 16
5961 14 18 79
1218 14 18 88
5341 14 19 54
2888 14 19 61
3114 14 19 77
2034 14 19 84
3312 14 19 31
853 14 19 51
4504 14 19 17
4392 14 19 4
926 14 19 93
4623 15 0 90
4902 15 0 3
2177 15 0 85
3389 15 0 76
5704 15 0 61
733 15 0 56
5430 15 0 33
393 15 0 80
5071 15 0 39
4771 15 0 13
1984 15 1 48
3429 15 1 81
5716 15 1 35
5870 15 1 72
4461 15 1 14
1870 15 1 86
3513 15 1 41
3186 15 1 3
2643 15 1 58
1596 15 2 15
5572 15 2 79
4397 15 2 89
3691 15 2 3
435 15 2 56
5940 15 2 32
3373 15 2 61
2711 15 2 12
5947 15 2 65
2136 15 2 38
6154 15 3 71
3493 15 3 14
6295 15 3 37
306 15 3 43
6479 15 3 19
2926 15 3 51
6419 15 3 86
2468 15 3 3
3592 15 3 80
3824 15 4 31
2838 15 4 2
1272 15 4 79
5250 15 4 40
1697 15 4 36
5863 15 4 52
6299 15 4 17
5265 15 4 56
826 15 4 83
4779 15 5 66
5234 15 5 18
2909 15 5 11
5825 15 5 48
4749 15 5 84
3627 15 5 3
2088 15 5 59
379 15 6 91
4357 15 6 43
2669 15 6 17
1762 15 6 2
5010 15 6 37
1374 15 6 46
2930 15 6 50
5038 15 6 83
1633 15 6 88
2207 15 6 72
2649 15 6 28
4861 15 6 75
2517 15 7 61
1125 15 7 15
102 15 7 22
1072 15 7 55
5054 15 7 78
2169 15 7 3
1410 15 7 89
3647 15 7 68
5587 15 7 35
5325 15 8 73
4976 15 8 80
4224 15 8 31
3883 15 8 41
4920 15 8 49
4532 15 8 18
5602 15 8 3
1662 15 8 84
1362 15 8 65
4396 15 9 3
5620 15 9 51
5248 15 9 18
6345 15 9 68
1255 15 9 47
3495 15 9 63
1945 15 9 76
5889 15 9 58
3362 15 9 29
4746 15 10 30
2515 15 10 16
5707 15 10 67
4680 15 10 62
5399 15 10 89
4080 15 10 23
80 15 10 79
5514 15 10 75
2827 15 10 3
4911 15 10 82
5454 15 11 26
3819 15 11 19
3408 15 11 40
3845 15 11 84
6603 15 11 91
6604 15 11 10
4837 15 11 45
6046 15 11 65
828 15 11 3
4732 15 12 16
4416 15 12 27
6582 15 12 22
1769 15 12 49
1512 15 12 3
30 15 12 45
6438 15 12 87
2214 15 12 80
6625 15 12 55
3807 15 13 36
571 15 13 66
1860 15 13 71
1069 15 13 30
3204 15 13 44
2861 15 13 4
2677 15 13 9
6202 15 13 12
3507 15 13 26
5651 15 13 57
237 15 13 90
3860 15 14 18
4463 15 14 29
2769 15 14 58
720 15 14 4
1400 15 14 41
87 15 14 24
6037 15 15 50
697 15 15 16
6543 15 15 76
2592 15 15 27
5708 15 15 33
3590 15 15 20
6117 15 15 69
3548 15 15 4
6691 15 15 81
5087 15 15 88
5594 15 15 57
3032 15 16 75
5254 15 16 93
3322 15 16 18
4926 15 16 34
4378 15 16 51
1629 15 16 85
314 15 16 13
881 15 16 55
5051 15 16 4
529 15 16 68
1485 15 16 29
6081 15 17 90
6565 15 17 13
6568 15 17 39
2874 15 17 42
4419 15 17 4
5308 15 17 59
5900 15 17 64
1971 15 17 78
5062 15 17 19
1545 15 17 53
4516 15 17 83
5975 15 18 79
4295 15 18 88
4880 15 18 21
99 15 18 4
893 15 18 39
2533 15 18 51
6437 15 18 32
726 15 18 55
6447 15 18 45
1172 15 18 28
4077 15 18 60
5182 15 19 17
1203 15 19 51
4865 15 19 77
1972 15 19 54
3318 15 19 84
5129 15 19 4
4028 15 19 61
4907 15 19 31
3300 15 19 93
5030 16 0 90
3812 16 0 85
3166 16 0 61
5630 16 0 33
6342 16 0 39
1720 16 0 56
4985 16 0 3
6465 16 0 13
6155 16 0 80
3158 16 1 58
2599 16 1 86
2035 16 1 48
5211 16 1 41
4558 16 1 81
4176 16 1 14
1853 16 1 77
4471 16 1 3
3095 16 2 11
3247 16 2 85
2164 16 2 65
4611 16 2 3
6066 16 2 32
1850 16 2 38
4211 16 2 61
2209 16 2 15
4885 16 2 89
2924 16 3 86
6512 16 3 19
4092 16 3 80
6414 16 3 37
4064 16 3 14
5718 16 3 51
5034 16 3 3
693 16 3 43
6715 16 3 77
536 16 4 17
2010 16 4 40
6612 16 4 56
4078 16 4 79
2969 16 4 83
6150 16 4 2
2886 16 4 36
4995 16 5 66
652 16 5 48
6210 16 5 18
6179 16 5 84
4150 16 5 11
4659 16 5 3
4094 16 6 46
42 16 6 88
2994 16 6 50
2836 16 6 17
3126 16 6 28
1275 16 6 37
5546 16 6 75
5516 16 6 83
1477 16 6 3
749 16 7 22
4665 16 7 68
1501 16 7 89
2617 16 7 61
6254 16 7 78
6357 16 7 35
1726 16 7 55
2730 16 7 15
3458 16 7 3
3008 16 8 84
6041 16 8 3
6468 16 8 49
5989 16 8 73
5147 16 8 80
4877 16 8 31
4924 16 8 18
5441 16 8 41
2313 16 8 65
1943 16 9 25
5891 16 9 21
5859 16 9 51
6726 16 9 68
5317 16 9 76
9 16 9 58
3568 16 9 3
5670 16 9 16
3519 16 9 29
1624 16 10 67
5511 16 10 16
506 16 10 63
6610 16 10 56
222 16 10 79
4972 16 10 82
4754 16 10 23
3617 16 10 3
4054 16 10 89
5294 16 10 30
4812 16 11 3
5762 16 11 26
4382 16 11 40
4630 16 11 19
5096 16 11 15
5568 16 11 45
1755 16 11 65
6635 16 11 78
31 16 11 91
3488 16 12 49
4196 16 12 55
122 16 12 80
5197 16 12 21
3443 16 12 3
1460 16 12 59
3092 16 12 27
5162 16 12 63
1130 16 13 66
1122 16 13 90
4540 16 13 12
648 16 13 4
4137 16 13 36
695 16 13 44
4373 16 13 30
2807 16 13 71
806 16 14 58
4057 16 14 18
1446 16 14 4
975 16 14 24
3923 16 14 41
6220 16 14 63
4777 16 14 29
5296 16 15 33
2029 16 15 69
5713 16 15 20
1606 16 15 81
1868 16 15 64
2963 16 15 51
2220 16 15 4
5742 16 15 57
2970 16 15 27
6331 16 16 51
6180 16 16 18
6657 16 16 34
1687 16 16 24
3604 16 16 55
4544 16 16 4
2547 16 16 29
961 16 16 68
265 16 16 75
1016 16 16 93
1990 16 17 90
3294 16 17 53
5457 16 17 59
6095 16 17 64
5186 16 17 4
946 16 17 78
5468 16 17 83
4626 16 17 19
4576 16 17 42
6694 16 17 13
1795 16 18 4
6583 16 18 51
5012 16 18 21
2432 16 18 28
139 16 18 75
4354 16 18 79
2281 16 18 93
6506 16 18 45
1656 16 18 55
5782 16 18 60
5056 16 18 32
1927 16 19 31
6574 16 19 61
2811 16 19 93
120 16 19 4
5840 16 19 77
2202 16 19 54
5155 16 19 83
1033 16 19 27
6390 17 0 90
5980 17 0 3
4787 17 0 85
2005 17 0 13
3720 17 0 39
5437 17 0 61
1857 17 1 77
5074 17 1 14
4074 17 1 58
336 17 1 2
5904 17 1 41
2073 17 1 48
6320 17 1 81
2627 17 2 65
6491 17 2 3
6343 17 2 89
4609 17 2 11
4422 17 2 15
4525 17 2 61
6614 17 2 38
6461 17 2 85
4964 17 3 14
6143 17 3 3
4616 17 3 80
4329 17 3 38
2117 17 3 19
1932 17 3 51
3400 17 3 86
5591 17 3 43
5356 17 4 36
4229 17 4 17
6553 17 4 3
4588 17 4 40
6197 17 4 56
4901 17 4 83
4188 17 5 34
1426 17 5 18
4702 17 5 3
4636 17 5 11
822 17 5 63
5171 17 5 66
6490 17 5 84
2120 17 6 50
4351 17 6 28
4821 17 6 37
5756 17 6 46
3531 17 6 82
4090 17 6 88
6382 17 6 3
5710 17 6 17
6591 17 7 3
5877 17 7 61
1066 17 7 22
5422 17 7 19
167 17 7 35
5803 17 7 68
1626 17 7 78
5969 17 8 31
6141 17 8 41
911 17 8 73
3969 17 8 84
6540 17 8 65
6630 17 8 49
6435 17 8 3
578 17 9 79
6504 17 9 51
5330 17 9 3
4209 17 9 58
1561 17 9 21
2495 17 9 68
6721 17 9 29
6429 17 10 58
2039 17 10 67
1930 17 10 79
2125 17 10 63
645 17 10 20
5656 17 10 23
778 17 10 3
45 17 10 30
2605 17 10 82
6480 17 11 26
5933 17 11 40
6126 17 11 19
5668 17 11 45
69 17 11 56
1714 17 11 61
2714 17 11 65
1421 17 11 78
6196 17 11 3
4398 17 12 3
5073 17 12 55
5166 17 12 63
3105 17 12 76
1675 17 12 80
4436 17 12 27
4641 17 12 49
5531 17 12 21
1132 17 13 66
6157 17 13 30
2237 17 13 90
3081 17 13 71
6314 17 13 44
2189 17 13 4
4949 17 13 36
4510 17 13 62
6009 17 13 12
4784 17 14 29
3674 17 14 63
3706 17 14 24
2050 17 14 70
3044 17 14 41
1709 17 14 4
6679 17 15 57
2181 17 15 33
4822 17 15 4
6132 17 15 81
3490 17 15 27
4739 17 15 69
3365 17 15 64
1526 17 16 4
5835 17 16 75
1649 17 16 34
1733 17 16 24
2800 17 16 68
4735 17 16 55
2576 17 16 29
6617 17 17 53
5069 17 17 83
5862 17 17 19
1594 17 17 24
637 17 17 64
6075 17 17 59
5499 17 17 4
6316 17 18 21
4709 17 18 50
179 17 18 60
4199 17 18 4
3090 17 18 32
3426 17 18 93
5199 17 18 79
1954 17 18 55
3788 17 18 28
4362 17 19 83
1721 17 19 4
3879 17 19 61
5047 17 19 54
2246 17 19 27
4882 17 19 31
3146 18 0 13
6311 18 0 3
4526 18 0 39
6662 18 0 85
113 18 0 90
6318 18 0 61
6360 18 1 81
885 18 1 14
820 18 1 2
4898 18 1 48
4269 18 1 58
214 18 2 89
1579 18 2 2
6537 18 2 15
3530 18 2 38
5855 18 2 11
6125 18 2 65
2783 18 2 85
6006 18 3 14
2541 18 3 2
5880 18 3 43
4684 18 3 19
6189 18 3 51
4348 18 3 86
6193 18 4 40
1642 18 4 2
4570 18 4 17
2014 18 4 56
4722 18 5 11
5184 18 5 18
5103 18 5 34
579 18 5 66
5347 18 5 2
1757 18 6 50
142 18 6 33
3499 18 6 2
5252 18 6 17
3539 18 6 37
2401 18 6 88
2731 18 7 22
1801 18 7 3
2403 18 7 78
2282 18 7 35
6475 18 7 68
1635 18 8 49
1848 18 8 73
6494 18 8 3
4063 18 8 84
3717 18 8 31
4482 18 9 58
3755 18 9 68
3640 18 9 79
2395 18 9 23
5022 18 9 29
771 18 9 3
5953 18 10 23
6401 18 10 30
2971 18 10 3
4446 18 10 79
3872 18 10 82
2822 18 10 67
3697 18 10 63
1731 18 11 61
4800 18 11 45
5606 18 11 26
1240 18 11 3
2215 18 11 65
1038 18 11 80
5108 18 12 63
4088 18 12 80
1193 18 12 3
4060 18 12 27
5243 18 12 55
324 18 13 71
5726 18 13 36
4096 18 13 4
595 18 13 44
2985 18 13 12
1009 18 13 66
6497 18 14 29
2022 18 14 70
2186 18 14 41
4477 18 14 4
2435 18 15 81
5220 18 15 4
5738 18 15 69
4904 18 15 27
877 18 15 33
3870 18 15 64
5672 18 16 34
6453 18 16 4
6248 18 16 55
3404 18 16 68
3602 18 16 75
3503 18 16 29
4391 18 17 4
1921 18 17 24
6138 18 17 59
5843 18 17 64
104 18 17 83
3797 18 18 32
3842 18 18 55
6063 18 18 28
6493 18 18 60
97 18 18 79
6341 18 18 4
1361 18 19 4
5727 18 19 54
1451 18 19 83
5679 18 19 31
4462 18 19 61
904 19 0 2
5661 19 0 13
5702 19 0 61
4143 19 0 90
3892 19 1 2
410 19 1 58
5418 19 1 14
1805 19 1 90
2409 19 2 65
6049 19 2 15
6085 19 2 89
2908 19 2 2
4032 19 3 19
5838 19 3 89
4644 19 3 2
397 19 3 51
1244 19 4 40
932 19 4 89
1939 19 4 2
2078 19 4 19
6008 19 5 34
1151 19 5 2
395 19 5 89
6464 19 5 18
4675 19 6 2
3263 19 6 17
2873 19 6 37
3017 19 6 88
5608 19 7 3
3159 19 7 77
1944 19 7 35
4543 19 8 84
4947 19 8 3
1685 19 8 49
5882 19 8 73
3605 19 9 68
944 19 9 3
3796 19 9 84
1588 19 9 29
5610 19 10 30
4759 19 10 3
5794 19 10 82
5117 19 10 67
567 19 11 3
2026 19 11 45
4104 19 11 65
4299 19 11 82
5388 19 12 63
2931 19 12 3
6395 19 12 80
2278 19 12 27
5039 19 13 3
1021 19 13 12
5734 19 13 75
5025 19 13 44
5744 19 13 71
4906 19 14 12
3593 19 14 71
1040 19 14 75
1958 19 14 3
127 19 14 41
945 19 15 33
752 19 15 75
5595 19 15 4
4797 19 15 69
412 19 16 75
6266 19 16 68
1505 19 16 34
1351 19 16 4
2320 19 17 64
5908 19 17 34
788 19 17 4
5335 19 18 4
1292 19 18 60
4613 19 18 32
6252 19 19 61
3014 19 19 4
1973 19 19 83
6406 19 19 31
