2549
946 0 0 24
924 0 0 4
1646 0 0 86
2956 0 0 45
1638 0 1 4
16 0 1 38
3016 0 1 88
3359 0 1 50
2285 0 2 59
2249 0 2 16
1820 0 2 4
3332 0 3 3
166 0 3 67
2006 0 3 21
3432 0 3 48
1345 0 4 82
669 0 4 3
1668 0 4 42
1455 0 4 27
2666 0 5 57
128 0 5 3
1741 0 5 17
486 0 5 76
2863 0 5 71
26 0 6 27
3164 0 6 83
3126 0 6 72
2576 0 6 33
2067 0 6 3
778 0 7 26
2363 0 7 73
3389 0 7 1
2033 0 7 93
1040 0 7 6
3219 0 8 10
575 0 8 94
2783 0 8 29
1991 0 8 1
1623 0 8 73
330 0 9 1
1578 0 9 94
2141 0 9 73
563 0 9 38
2568 0 9 8
2277 0 10 1
1259 0 10 10
2223 0 10 68
395 0 10 24
2115 0 11 1
1964 0 11 72
3034 0 11 11
1620 0 11 41
2825 0 12 1
586 0 12 77
2167 0 12 56
106 0 12 10
2599 0 13 8
1198 0 13 84
64 0 13 36
2960 0 13 1
2643 0 14 10
3252 0 14 89
3212 0 14 35
2897 0 14 1
1243 0 15 27
1974 0 15 97
2929 0 15 66
2421 0 15 1
2517 0 16 82
2474 0 16 1
631 0 16 98
2852 0 16 9
1231 0 17 18
1599 0 17 83
2222 0 17 1
712 0 17 98
633 0 18 29
2954 0 18 1
1865 0 18 56
1756 0 19 1
2257 0 19 58
1141 0 19 15
1479 1 0 86
909 1 0 18
3253 1 0 45
1151 1 0 24
1954 1 0 71
84 1 0 4
2986 1 0 38
2018 1 1 4
2506 1 1 38
2670 1 1 88
1306 1 1 50
2398 1 1 21
2819 1 1 46
1994 1 2 59
1257 1 2 87
311 1 2 4
2992 1 2 16
2690 1 2 47
2194 1 3 4
1589 1 3 67
2010 1 3 85
1699 1 3 48
2953 1 3 21
157 1 3 39
2531 1 3 14
3267 1 4 70
1677 1 4 42
1946 1 4 82
3369 1 4 4
923 1 4 87
2086 1 4 22
1066 1 4 27
2612 1 5 57
2159 1 5 71
2949 1 5 51
3140 1 5 17
2293 1 5 80
1275 1 5 4
81 1 5 76
3445 1 5 37
2757 1 6 61
1658 1 6 72
951 1 6 4
1613 1 6 27
900 1 6 22
1489 1 6 84
351 1 6 33
2366 1 7 6
3221 1 7 26
2994 1 7 22
3387 1 7 45
3112 1 7 93
3433 1 7 90
881 1 7 1
668 1 8 29
761 1 8 1
127 1 8 10
2606 1 8 89
2381 1 8 65
535 1 9 90
268 1 9 94
3281 1 9 34
2234 1 9 5
71 1 9 1
2502 1 9 8
2445 1 9 73
512 1 9 64
2733 1 9 38
38 1 10 68
2411 1 10 6
775 1 10 86
2856 1 10 57
3094 1 10 20
2763 1 10 24
3206 1 10 10
189 1 10 1
3403 1 11 2
3392 1 11 72
1975 1 11 41
1175 1 11 79
2997 1 11 11
2524 1 11 66
2557 1 11 34
3134 1 12 2
2187 1 12 10
1439 1 12 31
695 1 12 56
3125 1 12 77
2649 1 12 51
3441 1 12 91
584 1 13 2
782 1 13 8
871 1 13 34
1250 1 13 36
3330 1 13 55
1828 1 13 84
2632 1 13 92
3110 1 14 85
2566 1 14 23
3386 1 14 10
2140 1 14 2
1758 1 14 49
1219 1 14 35
2251 1 14 89
2675 1 15 60
1618 1 15 1
2016 1 15 66
1612 1 15 92
1986 1 15 27
1546 1 15 97
2348 1 16 1
2133 1 16 9
2698 1 16 35
1320 1 16 82
819 1 16 95
3153 1 16 78
1372 1 17 1
3120 1 17 45
639 1 17 83
969 1 17 18
3046 1 18 56
3137 1 18 48
1397 1 18 90
941 1 18 22
657 1 18 1
2320 1 18 29
3312 1 19 58
3299 1 19 1
2782 1 19 12
739 1 19 95
809 1 19 15
3423 1 19 47
1648 2 0 4
3209 2 0 24
2383 2 0 59
1433 2 0 13
125 2 0 71
424 2 0 18
477 2 0 38
3220 2 0 31
3186 2 0 86
3018 2 0 45
2462 2 1 46
2085 2 1 50
2948 2 1 4
747 2 1 69
1185 2 1 88
2162 2 1 13
3270 2 1 21
3200 2 2 16
3428 2 2 38
284 2 2 87
1109 2 2 5
1325 2 2 59
1669 2 2 47
981 2 2 81
1288 2 3 85
2420 2 3 81
1640 2 3 67
1730 2 3 48
2811 2 3 32
3104 2 3 4
19 2 3 11
2155 2 3 21
2103 2 3 14
2376 2 3 40
580 2 3 62
142 2 4 87
505 2 4 38
1495 2 4 4
1361 2 4 70
1569 2 4 82
728 2 4 27
2391 2 4 14
2017 2 4 42
1782 2 4 64
341 2 5 33
2135 2 5 17
2045 2 5 51
773 2 5 4
401 2 5 87
873 2 5 71
3358 2 5 37
3304 2 5 80
2446 2 5 57
1125 2 6 27
1460 2 6 84
1714 2 6 61
1083 2 6 33
170 2 6 23
810 2 6 4
251 2 6 17
3146 2 6 53
427 2 6 72
1990 2 7 3
3092 2 7 82
11 2 7 39
1871 2 7 6
2886 2 7 22
1042 2 7 93
1476 2 7 90
2384 2 7 26
1932 2 7 45
3003 2 8 65
2638 2 8 10
1673 2 8 93
1944 2 8 23
2331 2 8 84
2360 2 8 55
323 2 8 29
2019 2 8 89
177 2 8 2
1960 2 9 25
2237 2 9 52
843 2 9 64
868 2 9 2
2911 2 9 38
1246 2 9 69
1835 2 9 73
1799 2 9 90
862 2 9 95
2839 2 9 34
3298 2 9 8
2273 2 9 85
1995 2 10 6
327 2 10 3
602 2 10 92
3311 2 10 52
419 2 10 57
2636 2 10 68
2546 2 10 86
2778 2 10 10
1430 2 10 20
3251 2 10 24
2559 2 10 83
742 2 11 41
302 2 11 66
1442 2 11 32
831 2 11 11
1993 2 11 34
3333 2 11 69
2209 2 11 72
2526 2 11 2
972 2 11 79
212 2 12 2
2640 2 12 75
3259 2 12 91
603 2 12 25
1017 2 12 56
1030 2 12 10
2618 2 12 31
864 2 12 47
1145 2 12 51
2309 2 12 77
2385 2 13 92
1631 2 13 8
1971 2 13 28
2938 2 13 2
577 2 13 5
3105 2 13 55
24 2 13 79
2883 2 13 85
680 2 13 36
832 2 14 23
2580 2 14 76
2822 2 14 85
1683 2 14 2
2965 2 14 10
399 2 14 35
1896 2 14 89
1465 2 14 49
2276 2 15 17
105 2 15 60
1848 2 15 97
2119 2 15 1
849 2 15 88
169 2 15 93
2682 2 15 66
3071 2 15 27
2971 2 15 49
1588 2 16 1
3293 2 16 71
96 2 16 9
2519 2 16 78
1293 2 16 82
1165 2 16 33
30 2 16 35
349 2 16 96
996 2 17 40
3232 2 17 45
2505 2 17 79
2170 2 17 95
1308 2 17 1
1907 2 17 83
2530 2 17 18
1539 2 18 29
3235 2 18 45
66 2 18 90
2821 2 18 56
3051 2 18 19
2593 2 18 1
861 2 18 22
1392 2 18 86
1806 2 18 48
2644 2 19 12
3265 2 19 1
1059 2 19 58
339 2 19 47
2969 2 19 7
1767 2 19 90
859 2 19 96
3183 2 19 15
1886 2 19 44
2053 3 0 80
70 3 0 38
462 3 0 19
2887 3 0 55
2286 3 0 59
1295 3 0 11
2917 3 0 4
2493 3 0 24
2002 3 0 86
1114 3 0 71
2082 3 0 45
1407 3 0 31
20 3 1 5
2031 3 1 63
2356 3 1 21
2204 3 1 38
3321 3 1 50
630 3 1 14
3366 3 1 69
727 3 1 82
671 3 1 88
2806 3 2 6
1262 3 2 47
825 3 2 16
536 3 2 32
3050 3 2 38
1851 3 2 59
235 3 2 87
3085 3 2 71
2767 3 3 57
2326 3 3 85
2325 3 3 11
2108 3 3 48
518 3 3 32
1315 3 3 67
939 3 3 40
961 3 3 4
1672 3 3 21
987 3 3 81
3159 3 3 74
1225 3 4 70
438 3 4 32
334 3 4 59
2746 3 4 42
245 3 4 66
1485 3 4 14
1074 3 4 82
3368 3 4 5
246 3 4 27
2055 3 5 57
1765 3 5 51
3179 3 5 80
3043 3 5 87
3023 3 5 37
2921 3 5 20
3080 3 5 32
866 3 5 4
195 3 5 71
2849 3 6 47
722 3 6 84
3031 3 6 33
1251 3 6 74
2719 3 6 11
1341 3 6 61
4 3 6 4
2203 3 6 53
1171 3 7 18
1102 3 7 26
2892 3 7 82
1158 3 7 45
1750 3 7 23
1316 3 7 91
1786 3 7 72
1908 3 7 6
1706 3 7 40
2288 3 8 45
1693 3 8 23
3247 3 8 2
737 3 8 91
1813 3 8 10
1135 3 8 29
514 3 8 55
694 3 8 65
1410 3 8 85
1481 3 8 7
1420 3 9 73
3193 3 9 38
1702 3 9 65
2781 3 9 25
2295 3 9 95
1509 3 9 8
2870 3 9 29
901 3 9 34
2040 3 9 51
1973 3 9 85
957 3 10 3
2049 3 10 52
1779 3 10 57
2527 3 10 87
222 3 10 92
2594 3 10 24
2112 3 10 68
1725 3 10 65
3072 3 10 48
2963 3 10 80
425 3 10 10
1642 3 11 2
310 3 11 79
3353 3 11 7
1999 3 11 11
3308 3 11 62
2631 3 11 27
3238 3 11 72
1301 3 11 34
363 3 11 41
1552 3 11 76
164 3 12 91
2436 3 12 31
294 3 12 47
2510 3 12 26
1063 3 12 52
2999 3 12 56
2191 3 12 71
1636 3 12 22
530 3 12 3
1913 3 12 77
678 3 12 10
2775 3 13 85
1553 3 13 28
2570 3 13 55
2584 3 13 21
3194 3 13 80
2966 3 13 36
1962 3 13 92
2470 3 13 8
1190 3 13 51
539 3 13 75
3182 3 14 76
2362 3 14 87
3346 3 14 73
3296 3 14 90
644 3 14 10
2828 3 14 2
1887 3 14 23
1144 3 14 49
3017 3 14 41
2216 3 15 66
2907 3 15 61
2065 3 15 1
2377 3 15 27
606 3 15 88
1764 3 15 93
2382 3 15 49
1605 3 15 44
1769 3 15 17
3397 3 16 79
3061 3 16 71
3323 3 16 92
337 3 16 35
471 3 16 29
1474 3 16 82
1737 3 16 96
1462 3 16 9
2379 3 16 60
554 3 16 1
2406 3 17 1
2539 3 17 83
2361 3 17 18
2231 3 17 63
3184 3 17 40
1218 3 17 79
3367 3 17 35
1794 3 17 91
2226 3 17 16
2280 3 18 56
1639 3 18 48
1927 3 18 19
2355 3 18 78
2437 3 18 1
492 3 18 22
1538 3 18 29
1579 3 18 45
2477 3 18 86
721 3 19 7
2301 3 19 90
797 3 19 12
1055 3 19 96
2240 3 19 39
3199 3 19 92
1278 3 19 15
1118 3 19 86
53 3 19 58
2573 3 19 54
2388 3 19 47
2558 3 19 1
1548 4 0 6
1554 4 0 45
1567 4 0 24
2518 4 0 86
1045 4 0 80
3356 4 0 38
598 4 0 31
280 4 0 11
1584 4 0 60
286 4 0 72
2229 4 1 50
2195 4 1 6
3447 4 1 15
265 4 1 89
3313 4 1 36
402 4 1 69
1549 4 1 63
3322 4 1 21
675 4 1 82
654 4 2 16
1829 4 2 59
1004 4 2 55
1882 4 2 87
3000 4 2 77
805 4 2 6
559 4 2 25
3045 4 2 71
517 4 3 38
2637 4 3 57
400 4 3 48
2092 4 3 11
1094 4 3 67
445 4 3 85
270 4 3 21
2111 4 3 74
1744 4 3 5
955 4 3 81
906 4 4 14
2124 4 4 82
2105 4 4 90
2928 4 4 42
2164 4 4 54
3063 4 4 59
1674 4 4 5
2974 4 4 74
2831 4 4 70
2868 4 4 28
944 4 5 51
1173 4 5 57
2924 4 5 80
1929 4 5 87
3345 4 5 31
219 4 5 37
2562 4 5 5
288 4 6 33
2939 4 6 41
357 4 6 61
1232 4 6 75
632 4 6 84
2073 4 6 11
1283 4 6 47
2885 4 6 5
2047 4 6 53
2805 4 7 67
490 4 7 6
3132 4 7 26
3374 4 7 45
2064 4 7 91
1920 4 7 82
641 4 7 40
203 4 7 72
3415 4 7 36
1395 4 8 29
3396 4 8 44
2515 4 8 4
2212 4 8 90
3007 4 8 78
3103 4 8 21
2137 4 8 55
1096 4 8 85
2132 4 8 10
1338 4 9 65
431 4 9 51
2777 4 9 38
2504 4 9 8
2684 4 9 20
1948 4 9 25
894 4 9 28
218 4 9 35
1024 4 9 82
3074 4 9 73
982 4 10 87
2692 4 10 24
1601 4 10 52
453 4 10 2
1915 4 10 57
2697 4 10 10
2003 4 10 44
3053 4 10 17
1099 4 10 48
3277 4 11 62
3062 4 11 72
564 4 11 93
2217 4 11 27
3169 4 11 7
2107 4 11 79
1428 4 11 11
358 4 11 41
1133 4 11 34
766 4 11 2
1507 4 11 24
3096 4 12 17
3363 4 12 70
897 4 12 43
161 4 12 77
2749 4 12 91
1791 4 12 47
413 4 12 22
2452 4 12 2
3310 4 12 10
991 4 12 31
3436 4 12 27
2492 4 12 56
2685 4 12 52
1652 4 13 8
1719 4 13 21
1130 4 13 28
1861 4 13 85
3035 4 13 80
1111 4 13 92
3280 4 13 36
853 4 13 50
2043 4 13 55
3002 4 13 68
1432 4 14 49
2575 4 14 68
2238 4 14 90
1006 4 14 23
2623 4 14 2
336 4 14 10
1501 4 14 41
2634 4 14 73
207 4 14 76
2034 4 15 61
1645 4 15 1
2860 4 15 49
1280 4 15 17
688 4 15 58
1852 4 15 27
3435 4 15 45
1270 4 15 66
2582 4 16 35
2063 4 16 71
2987 4 16 6
2030 4 16 82
3217 4 16 94
1033 4 16 9
3422 4 16 1
2056 4 16 52
382 4 16 30
795 4 16 79
3326 4 17 1
1132 4 17 63
2096 4 17 34
2511 4 17 83
1418 4 17 18
278 4 17 91
3111 4 17 13
1893 4 17 40
141 4 18 22
1223 4 18 1
2937 4 18 29
1497 4 18 78
2475 4 18 44
483 4 18 16
681 4 18 48
1016 4 18 86
3155 4 18 72
2950 4 18 56
913 4 19 4
1844 4 19 39
1630 4 19 1
2702 4 19 58
2267 4 19 47
628 4 19 12
801 4 19 15
1563 4 19 54
295 4 19 92
3162 4 19 79
452 4 19 7
2488 5 0 75
2547 5 0 46
734 5 0 80
3291 5 0 38
3203 5 0 12
1120 5 0 24
3084 5 0 61
41 5 0 31
884 5 0 6
1424 5 0 86
3081 5 1 36
277 5 1 82
964 5 1 50
2596 5 1 76
67 5 1 5
1446 5 1 15
2683 5 1 69
1107 5 1 90
3143 5 2 7
316 5 2 25
1738 5 2 71
2872 5 2 59
2076 5 2 17
2316 5 2 77
2499 5 2 88
466 5 3 85
1470 5 3 73
1281 5 3 5
2473 5 3 57
2007 5 3 11
2864 5 3 21
3421 5 3 50
3372 5 3 67
615 5 3 36
2185 5 4 28
240 5 4 90
3127 5 4 70
1097 5 4 5
2486 5 4 59
3384 5 4 83
1717 5 4 42
2157 5 4 54
788 5 4 14
1931 5 5 30
3336 5 5 37
377 5 5 57
1748 5 5 46
1056 5 5 62
2695 5 5 80
1949 5 5 88
1814 5 5 51
3089 5 5 5
1684 5 6 41
108 5 6 33
916 5 6 70
228 5 6 47
2004 5 6 11
1981 5 6 53
3317 5 6 61
113 5 6 5
2184 5 6 84
1398 5 7 15
2359 5 7 6
2878 5 7 26
764 5 7 45
1044 5 7 65
1242 5 7 67
2052 5 7 77
2716 5 7 41
504 5 7 91
3348 5 7 72
1655 5 7 82
1727 5 8 78
3390 5 8 19
3340 5 8 10
3434 5 8 29
531 5 8 55
3244 5 8 3
3409 5 8 43
301 5 8 91
1166 5 9 38
386 5 9 65
2859 5 9 29
2807 5 9 19
383 5 9 61
814 5 9 82
2541 5 9 73
1513 5 9 25
3378 5 9 51
2608 5 9 35
2723 5 9 8
2046 5 10 77
596 5 10 44
1533 5 10 3
3347 5 10 20
2613 5 10 37
1520 5 10 52
2283 5 10 57
718 5 10 87
2032 5 10 10
480 5 11 93
2329 5 11 58
1875 5 11 62
69 5 11 34
2713 5 11 24
1839 5 11 41
815 5 11 3
3057 5 11 72
1408 5 11 79
609 5 11 7
1342 5 11 11
839 5 12 27
818 5 12 56
2855 5 12 77
813 5 12 70
3307 5 12 31
139 5 12 40
1773 5 12 10
2611 5 12 17
2386 5 12 4
2241 5 12 88
2884 5 13 64
578 5 13 92
3005 5 13 8
2628 5 13 86
3073 5 13 17
1336 5 13 29
2498 5 13 36
3090 5 13 22
2846 5 14 49
1021 5 14 64
2299 5 14 4
1670 5 14 23
867 5 14 76
3171 5 14 10
3394 5 14 90
1349 5 14 68
1535 5 14 38
2602 5 14 83
2710 5 14 19
1435 5 14 42
666 5 15 24
1328 5 15 17
2042 5 15 45
1937 5 15 27
545 5 15 2
1628 5 15 66
1081 5 15 49
1440 5 15 61
380 5 15 83
2074 5 15 37
2083 5 16 24
1919 5 16 35
1077 5 16 9
1857 5 16 52
1611 5 16 47
3144 5 16 82
2645 5 16 66
1575 5 16 79
1707 5 16 71
824 5 16 88
2773 5 16 6
75 5 17 91
1635 5 17 13
2660 5 17 59
2343 5 17 78
2471 5 17 83
3362 5 17 40
3324 5 17 33
2996 5 17 2
1400 5 17 18
1723 5 17 63
887 5 18 73
565 5 18 56
2973 5 18 2
2871 5 18 49
2563 5 18 29
1322 5 18 43
2704 5 18 68
223 5 18 23
973 5 18 78
3437 5 18 86
2050 5 19 54
2110 5 19 74
2894 5 19 79
3260 5 19 48
3231 5 19 58
3261 5 19 39
690 5 19 15
3038 6 0 12
3334 6 0 46
1789 6 0 80
289 6 0 86
568 6 0 61
2718 6 0 38
2820 6 0 24
285 6 0 32
371 6 1 36
2160 6 1 51
2270 6 1 7
2801 6 1 15
1046 6 1 69
1340 6 1 31
3339 6 1 90
2336 6 1 76
1934 6 2 7
1230 6 2 60
746 6 2 25
1192 6 2 49
1817 6 2 17
3082 6 2 78
3279 6 2 87
822 6 3 21
1254 6 3 43
2736 6 3 50
501 6 3 73
3419 6 3 36
1933 6 3 67
393 6 3 85
1878 6 3 11
1049 6 4 5
2072 6 4 59
567 6 4 14
421 6 4 70
1819 6 4 28
1153 6 4 53
1807 6 4 42
3399 6 4 90
1195 6 5 80
626 6 5 62
2494 6 5 58
3402 6 5 89
3114 6 5 5
1043 6 5 37
1095 6 5 46
3160 6 5 26
122 6 6 70
1864 6 6 84
1766 6 6 49
1564 6 6 41
1491 6 6 11
1996 6 6 33
2551 6 6 61
1228 6 6 53
2432 6 7 60
930 6 7 67
2745 6 7 45
1795 6 7 77
2509 6 7 26
2978 6 7 72
2152 6 7 6
3243 6 7 82
2725 6 8 69
1942 6 8 16
627 6 8 10
1110 6 8 78
1662 6 8 29
2567 6 8 91
2175 6 8 3
1863 6 8 55
3139 6 8 43
3292 6 9 38
2172 6 9 73
1309 6 9 19
1966 6 9 80
290 6 9 8
3302 6 9 54
3070 6 9 28
3354 6 10 3
835 6 10 52
1796 6 10 87
3149 6 10 20
1423 6 10 36
1604 6 10 10
51 6 10 44
960 6 10 57
299 6 11 79
1988 6 11 58
1015 6 11 11
269 6 11 3
2770 6 11 93
2832 6 11 35
498 6 11 73
2450 6 11 24
2728 6 11 63
2220 6 11 41
830 6 11 53
2414 6 12 19
8 6 12 4
1621 6 12 77
296 6 12 10
2945 6 12 31
332 6 12 70
889 6 12 27
63 6 12 56
3294 6 12 88
2444 6 13 86
2934 6 13 92
1444 6 13 71
2393 6 13 8
2991 6 13 22
566 6 13 36
1273 6 13 56
1521 6 13 17
1735 6 13 64
369 6 14 4
1928 6 14 68
3102 6 14 76
1353 6 14 49
178 6 14 42
1728 6 14 10
412 6 14 23
1347 6 14 19
1511 6 14 63
2542 6 14 82
3011 6 14 91
282 6 15 17
3056 6 15 53
625 6 15 35
3295 6 15 61
534 6 15 2
12 6 15 37
3128 6 15 27
870 6 15 15
702 6 15 81
1238 6 15 45
789 6 16 82
1743 6 16 52
1012 6 16 71
2405 6 16 19
2037 6 16 9
759 6 16 88
2274 6 16 66
1333 6 16 47
2258 6 16 42
594 6 16 74
3215 6 16 35
2794 6 17 13
1236 6 17 34
1664 6 17 40
2145 6 17 83
2797 6 17 2
1788 6 17 63
1409 6 17 77
2196 6 18 68
2734 6 18 2
2290 6 18 29
1571 6 18 73
2926 6 18 94
1076 6 18 24
2330 6 18 49
1644 6 18 86
2943 6 18 63
2664 6 18 56
933 6 18 14
1972 6 18 43
994 6 19 79
2658 6 19 48
2029 6 19 34
1478 6 19 15
1194 6 19 74
2654 6 19 58
802 7 0 46
1272 7 0 80
3176 7 0 62
1846 7 0 12
2298 7 0 24
2555 7 0 32
928 7 0 38
2829 7 1 6
2041 7 1 15
684 7 1 69
1112 7 1 31
2843 7 1 90
3450 7 1 37
292 7 1 51
2228 7 1 76
1128 7 2 41
2338 7 2 78
1167 7 2 60
1802 7 2 25
1582 7 2 7
1480 7 2 17
1732 7 3 11
77 7 3 21
3377 7 3 68
2256 7 3 50
28 7 3 86
1434 7 3 36
902 7 4 5
274 7 4 70
398 7 4 53
882 7 4 28
2791 7 4 90
1329 7 4 15
2423 7 4 59
107 7 4 42
776 7 5 5
804 7 5 46
458 7 5 80
2245 7 5 24
2815 7 5 63
2146 7 5 89
977 7 5 37
1883 7 6 33
1517 7 6 41
3309 7 6 71
3360 7 6 53
1503 7 6 84
2198 7 6 91
1451 7 6 49
2975 7 7 67
2075 7 7 85
3412 7 7 56
962 7 7 6
1856 7 7 26
2341 7 7 45
2219 7 7 77
1382 7 7 72
1346 7 7 60
1531 7 8 16
2015 7 8 55
3315 7 8 68
1161 7 8 91
3391 7 8 5
267 7 8 78
52 7 8 10
435 7 8 29
2036 7 8 43
1858 7 9 50
3014 7 9 7
2591 7 9 18
3095 7 9 38
589 7 9 28
1160 7 9 80
3067 7 9 54
1967 7 9 73
1591 7 10 2
984 7 10 36
2706 7 10 53
528 7 10 14
186 7 10 87
576 7 10 20
469 7 10 74
645 7 10 77
2748 7 10 57
2817 7 11 87
2687 7 11 50
758 7 11 11
1431 7 11 35
1498 7 11 79
1800 7 11 58
2252 7 11 24
1344 7 11 93
649 7 11 63
2125 7 12 67
3166 7 12 14
3152 7 12 88
3117 7 12 81
1633 7 12 19
3408 7 12 55
1249 7 12 2
204 7 12 77
1888 7 12 27
2944 7 13 50
2754 7 13 92
949 7 13 71
2803 7 13 22
1383 7 13 8
65 7 13 86
1834 7 13 36
886 7 13 56
1425 7 13 64
1487 7 14 15
3037 7 14 23
3283 7 14 10
2808 7 14 76
118 7 14 43
2901 7 14 5
740 7 14 91
743 7 14 33
1456 7 14 63
1364 7 14 81
97 7 14 68
89 7 14 49
3083 7 15 37
2812 7 15 76
3042 7 15 33
506 7 15 45
149 7 15 17
1565 7 15 3
2913 7 15 27
2847 7 15 61
730 7 16 24
1229 7 16 19
1078 7 16 47
604 7 16 42
1754 7 16 9
2248 7 16 35
1241 7 16 52
3181 7 16 82
2218 7 16 66
573 7 17 13
194 7 17 59
1240 7 17 40
1514 7 17 83
2028 7 17 2
772 7 17 34
2434 7 18 3
2898 7 18 49
1419 7 18 86
2415 7 18 57
55 7 18 94
601 7 18 11
3204 7 18 82
2899 7 18 40
780 7 18 63
2278 7 18 73
3109 7 18 29
2622 7 19 27
2601 7 19 35
2968 7 19 15
2403 7 19 58
1926 7 19 48
952 7 19 79
1303 8 0 24
416 8 0 38
2522 8 0 46
242 8 0 62
2940 8 0 81
85 8 0 32
811 8 0 13
1053 8 1 30
1104 8 1 6
2318 8 1 15
947 8 1 37
2244 8 1 58
616 8 1 69
836 8 1 76
3290 8 1 51
1666 8 1 90
1941 8 2 78
1527 8 2 7
1222 8 2 17
583 8 2 41
93 8 2 25
2399 8 2 60
2039 8 2 89
1641 8 3 68
3148 8 3 86
709 8 3 37
3173 8 3 21
1264 8 3 11
653 8 3 50
1140 8 3 30
261 8 4 70
1310 8 4 15
1650 8 4 81
2200 8 4 29
1841 8 4 90
2891 8 4 42
3335 8 4 6
3254 8 5 23
3187 8 5 5
1490 8 5 63
1483 8 5 80
520 8 5 89
409 8 5 46
442 8 5 37
3329 8 6 63
174 8 6 92
1979 8 6 56
155 8 6 49
444 8 6 41
253 8 6 84
1289 8 6 71
2802 8 6 33
2025 8 7 45
1801 8 7 26
1343 8 7 6
2869 8 7 56
1998 8 7 77
647 8 7 72
102 8 7 10
1326 8 7 60
540 8 7 85
2369 8 8 55
500 8 8 14
2131 8 8 67
1150 8 8 29
937 8 8 42
550 8 8 92
2731 8 8 10
2353 8 9 18
1760 8 9 80
459 8 9 50
2916 8 9 7
1500 8 9 28
1969 8 9 74
2641 8 9 54
2680 8 9 38
1622 8 10 3
796 8 10 35
3054 8 10 20
3097 8 10 57
3190 8 10 75
1862 8 10 88
156 8 11 11
665 8 11 35
954 8 11 58
1334 8 11 86
2744 8 11 79
2069 8 11 25
2372 8 11 50
569 8 11 93
1224 8 12 14
2639 8 12 73
101 8 12 27
45 8 12 55
165 8 12 2
2269 8 12 88
2102 8 13 92
244 8 13 56
1093 8 13 8
1524 8 13 49
552 8 13 59
241 8 13 36
1651 8 13 70
3213 8 13 64
2616 8 13 22
2451 8 14 42
3174 8 14 15
1681 8 14 23
1357 8 14 57
2465 8 14 83
1510 8 14 10
938 8 14 73
322 8 14 64
2447 8 14 32
808 8 14 5
917 8 14 49
2151 8 14 92
1989 8 15 33
3400 8 15 13
2564 8 15 76
676 8 15 61
467 8 15 2
1831 8 15 27
2946 8 15 18
404 8 15 45
918 8 15 37
1625 8 16 66
2633 8 16 30
1239 8 16 61
3278 8 16 52
495 8 16 47
784 8 16 9
2380 8 16 20
3100 8 16 82
595 8 16 42
1307 8 16 35
522 8 17 2
919 8 17 59
476 8 17 13
1505 8 17 83
3442 8 17 34
1441 8 18 3
460 8 18 11
2221 8 18 49
1696 8 18 57
2804 8 18 81
1904 8 18 64
3395 8 18 86
2875 8 18 40
2291 8 18 29
2712 8 18 73
2433 8 19 15
2161 8 19 58
3262 8 19 79
673 8 19 85
3365 8 19 26
1577 8 19 48
2339 8 19 35
2070 9 0 46
2681 9 0 63
2307 9 0 14
524 9 0 24
2476 9 0 81
2424 9 1 15
2769 9 1 28
134 9 1 58
2466 9 1 63
183 9 1 51
2751 9 1 6
429 9 1 37
3022 9 2 25
1597 9 2 79
180 9 2 7
3030 9 2 41
2077 9 2 60
394 9 2 17
33 9 2 37
190 9 3 37
1212 9 3 11
549 9 3 50
2835 9 3 68
2837 9 3 86
220 9 3 21
1853 9 3 30
515 9 4 81
513 9 4 42
1252 9 4 15
1131 9 4 6
328 9 4 60
47 9 4 70
2098 9 4 29
661 9 5 22
236 9 5 46
1164 9 5 89
974 9 5 5
132 9 5 37
463 9 5 62
2255 9 6 52
44 9 6 41
2500 9 6 63
1600 9 6 33
905 9 6 71
2011 9 7 50
2648 9 7 56
1217 9 7 26
3075 9 7 45
2409 9 7 65
6 9 7 85
1526 9 7 4
1847 9 7 77
1312 9 7 60
2720 9 8 10
3010 9 8 41
1961 9 8 20
3032 9 8 29
1842 9 8 67
3263 9 8 14
422 9 8 55
790 9 8 91
707 9 9 38
129 9 9 74
2674 9 9 2
1404 9 9 50
551 9 9 28
159 9 10 83
2982 9 10 75
1746 9 10 20
1286 9 10 88
1269 9 10 57
1536 9 10 3
354 9 10 35
1261 9 11 79
525 9 11 94
3274 9 11 24
365 9 11 58
2481 9 11 34
2308 9 11 11
1084 9 11 19
1169 9 11 86
720 9 12 18
2201 9 12 36
313 9 12 55
100 9 12 67
1545 9 12 75
2862 9 12 14
2342 9 12 27
376 9 12 3
3303 9 13 9
2197 9 13 47
3379 9 13 86
716 9 13 67
2873 9 13 59
1877 9 13 36
1463 9 13 22
2543 9 14 10
1304 9 14 15
2925 9 14 48
2532 9 14 82
3099 9 14 92
2418 9 14 42
2136 9 14 73
1075 9 14 23
1001 9 14 32
562 9 15 33
852 9 15 45
2322 9 15 60
768 9 15 27
2089 9 15 84
1427 9 15 3
1595 9 15 18
3443 9 15 49
812 9 15 37
372 9 16 66
272 9 16 20
215 9 16 42
2789 9 16 35
2373 9 16 30
2595 9 16 52
1377 9 16 82
304 9 16 89
192 9 16 9
491 9 16 61
2554 9 17 84
3015 9 17 59
2646 9 17 2
1978 9 17 27
1172 9 17 34
3287 9 17 13
3093 9 17 75
389 9 18 11
1436 9 18 49
2766 9 18 86
2514 9 18 40
3414 9 18 81
2044 9 18 56
2464 9 18 73
1235 9 18 3
1247 9 18 29
2443 9 19 26
3398 9 19 70
1008 9 19 15
1035 9 19 35
2866 9 19 58
934 9 19 48
2962 9 19 79
1191 10 0 25
1596 10 0 63
1034 10 0 81
1472 10 1 28
1956 10 1 40
1136 10 1 15
2726 10 1 51
3320 10 1 7
370 10 2 17
3319 10 2 30
1911 10 2 41
1406 10 2 79
1558 10 2 61
2174 10 2 25
1547 10 2 8
940 10 3 11
3440 10 3 22
1401 10 3 51
271 10 3 68
2487 10 3 31
2790 10 3 86
34 10 4 15
1534 10 4 40
1930 10 4 61
3052 10 4 70
2523 10 4 80
281 10 4 6
1590 10 4 29
1610 10 5 21
1092 10 5 89
2659 10 5 5
115 10 5 62
1866 10 5 31
1884 10 5 37
3068 10 6 71
1671 10 6 63
3066 10 6 20
1790 10 6 52
1661 10 7 45
1184 10 7 60
927 10 7 26
3406 10 7 77
883 10 7 4
1647 10 7 65
1984 10 7 56
1163 10 7 50
3163 10 7 84
611 10 8 66
3165 10 8 55
1983 10 8 10
3337 10 8 29
2178 10 8 39
1850 10 8 91
3404 10 8 14
3242 10 9 17
1201 10 9 50
1855 10 9 2
264 10 9 38
1805 10 9 12
2592 10 9 75
470 10 10 57
637 10 10 73
979 10 10 3
355 10 10 11
2148 10 10 20
208 10 10 34
231 10 10 89
360 10 17 49
3123 10 18 81
2727 10 18 58
2780 10 18 49
423 10 19 48
911 10 19 15
2694 10 19 69
3047 10 19 58
2627 10 19 80
2302 10 19 26
646 11 0 25
2795 11 0 81
1445 11 0 63
116 11 1 5
3264 11 1 19
3276 11 1 28
710 11 1 64
544 11 2 25
154 11 2 8
2931 11 2 17
266 11 2 48
2205 11 2 62
692 11 2 79
2691 11 3 22
1213 11 3 51
1351 11 3 86
2826 11 3 68
1970 11 3 75
1317 11 3 12
1811 11 4 62
3338 11 4 29
3033 11 4 54
783 11 4 15
2909 11 4 7
2303 11 4 70
1860 11 4 80
757 11 5 63
1121 11 5 21
2138 11 5 5
410 11 5 89
345 11 5 76
2874 11 5 32
2118 11 6 20
1318 11 6 71
1906 11 6 53
465 11 7 50
732 11 7 56
623 11 7 60
1022 11 7 33
1559 11 7 65
529 11 7 4
925 11 7 45
2313 11 7 37
2890 11 7 77
3328 11 7 26
2667 11 7 84
464 11 8 66
3418 11 8 39
3107 11 8 33
931 11 8 10
433 11 8 50
2332 11 8 14
2850 11 8 55
794 11 8 91
1469 11 9 2
1358 11 9 69
3133 11 9 13
10 11 9 48
3228 11 9 75
1916 11 9 38
3049 11 10 64
2935 11 10 74
2350 11 10 2
2095 11 12 2
1506 11 12 22
474 11 12 40
2340 11 13 23
1437 11 13 2
2721 11 13 18
2768 11 14 22
3411 11 14 80
1007 11 14 2
741 11 14 66
2609 11 15 2
3124 11 15 20
1379 11 15 51
1311 11 15 71
482 11 16 18
1204 11 16 2
3300 11 16 49
1656 11 16 70
2454 11 17 51
1182 11 17 2
2080 11 17 20
1729 11 17 74
3196 11 17 80
2389 11 18 79
2442 11 18 18
817 11 18 42
135 11 18 89
704 11 18 2
1380 11 19 85
1679 11 19 3
537 11 19 56
617 12 0 25
1634 12 0 81
439 12 1 5
555 12 1 18
2113 12 1 64
2496 12 1 55
2701 12 1 74
3325 12 1 28
1792 12 2 17
2297 12 2 61
3216 12 2 7
1751 12 2 25
2282 12 2 42
1740 12 2 79
366 12 3 12
392 12 3 86
1912 12 3 22
1337 12 3 75
1557 12 3 68
3188 12 3 43
2394 12 3 53
405 12 4 15
904 12 4 8
1608 12 4 80
1576 12 4 43
2881 12 4 70
76 12 4 29
708 12 4 59
2545 12 5 31
753 12 5 63
614 12 5 21
1051 12 5 44
1816 12 5 5
2619 12 5 89
3314 12 6 52
1062 12 6 71
1187 12 6 20
509 12 7 4
2438 12 7 26
117 12 7 46
679 12 7 65
238 12 7 60
1629 12 7 77
130 12 7 84
3207 12 8 32
227 12 8 66
2327 12 8 14
297 12 8 10
2378 12 8 39
307 12 8 50
2250 12 8 90
1959 12 8 55
988 12 9 38
2134 12 9 5
2983 12 9 61
1957 12 9 75
2583 12 9 58
3044 12 9 70
250 12 9 32
1712 12 9 48
2259 12 9 13
3210 12 10 3
908 12 10 25
2479 12 10 76
1763 12 10 47
1258 12 12 59
2060 12 12 23
381 12 12 84
1632 12 12 3
1803 12 13 23
2079 12 13 18
635 12 13 4
2758 12 13 61
1572 12 13 84
618 12 14 17
449 12 14 3
137 12 14 22
3297 12 14 54
2851 12 14 66
2625 12 14 76
2838 12 14 81
1146 12 15 65
929 12 15 3
2841 12 15 41
2959 12 15 84
133 12 15 51
1493 12 15 71
2967 12 15 20
90 12 16 85
1475 12 16 11
3269 12 16 70
306 12 16 18
3227 12 16 33
642 12 16 3
1176 12 16 66
1777 12 16 49
3156 12 17 68
2647 12 17 42
3426 12 17 75
2516 12 17 80
1039 12 17 3
2779 12 17 20
2930 12 17 51
2275 12 18 38
1551 12 18 42
3431 12 18 57
663 12 18 18
2663 12 18 3
841 12 18 80
287 12 18 89
2337 12 19 56
1057 12 19 40
443 12 19 76
403 12 19 85
3248 12 19 3
1775 13 0 54
2324 13 0 81
3249 13 1 5
2747 13 1 67
3417 13 1 58
1211 13 1 17
3380 13 1 28
1537 13 2 17
3236 13 2 80
2989 13 2 8
1003 13 2 25
1952 13 2 62
1687 13 2 42
3157 13 3 87
2784 13 3 57
319 13 3 12
2571 13 3 41
687 13 3 22
2629 13 3 67
252 13 4 59
3098 13 4 29
1414 13 4 43
2799 13 4 70
2422 13 4 9
3064 13 4 35
385 13 4 15
2995 13 4 78
2416 13 5 88
2537 13 5 21
2932 13 5 43
2865 13 5 35
1762 13 5 5
2668 13 5 64
713 13 6 71
2581 13 6 52
1113 13 6 20
1736 13 7 8
2678 13 7 61
959 13 7 47
2786 13 7 77
2139 13 7 26
1373 13 8 55
2507 13 8 14
3361 13 8 64
1891 13 8 41
1985 13 9 38
1138 13 9 75
247 13 9 48
2653 13 9 13
2109 13 9 61
828 13 10 5
3401 13 10 60
1399 13 10 33
2671 13 10 73
803 13 12 5
774 13 12 64
1752 13 12 38
1745 13 12 47
2375 13 13 61
2459 13 13 5
2114 13 13 73
1690 13 13 18
3024 13 13 51
2158 13 14 22
1822 13 14 5
3241 13 14 54
1233 13 14 81
2657 13 14 66
2906 13 14 45
2233 13 15 6
1965 13 15 61
2453 13 15 32
437 13 15 20
2927 13 15 84
3130 13 15 72
2614 13 15 51
1411 13 15 42
2176 13 16 49
1832 13 16 59
2990 13 16 34
1874 13 16 26
2569 13 16 70
2371 13 16 78
1393 13 16 18
2597 13 16 85
2305 13 17 68
1237 13 17 40
1181 13 17 6
838 13 17 51
3069 13 17 20
2062 13 17 75
1691 13 18 30
2495 13 18 23
2358 13 18 89
1010 13 18 57
1616 13 18 5
3446 13 18 81
2903 13 18 42
1054 13 18 18
2589 13 18 50
1134 13 19 5
1785 13 19 85
3122 13 19 17
876 13 19 40
1686 13 19 77
1780 13 19 66
1809 13 19 56
3375 13 19 32
2066 14 0 81
1369 14 0 54
1532 14 1 44
762 14 1 7
2427 14 1 62
1685 14 2 42
1649 14 2 62
898 14 2 82
2796 14 2 25
2468 14 2 33
91 14 2 16
1902 14 3 41
3268 14 3 12
992 14 3 53
2057 14 3 67
2676 14 3 87
333 14 3 22
2955 14 4 58
1678 14 4 70
2428 14 4 78
2128 14 4 37
329 14 4 15
1413 14 4 29
798 14 5 34
1202 14 5 27
648 14 5 88
3029 14 5 11
851 14 5 64
364 14 5 21
497 14 6 21
685 14 6 52
1359 14 6 81
1027 14 6 71
1963 14 7 26
335 14 7 85
457 14 7 77
3342 14 7 11
2246 14 7 65
1058 14 8 37
441 14 8 55
1216 14 8 14
2491 14 8 64
945 14 9 9
2407 14 9 75
374 14 9 87
440 14 9 38
2440 14 9 50
777 14 16 59
1321 14 17 59
1117 14 17 89
112 14 18 57
2271 14 18 89
494 14 19 44
1162 14 19 66
1290 14 19 85
1137 14 19 56
1415 14 19 8
1127 14 19 35
700 15 0 54
1002 15 0 81
2717 15 1 61
1917 15 1 9
2265 15 1 32
3344 15 2 16
1170 15 2 25
2024 15 2 33
1402 15 2 62
664 15 2 81
1207 15 3 22
507 15 3 50
1709 15 3 87
2123 15 3 9
1376 15 3 41
1770 15 3 67
2078 15 4 78
3424 15 4 15
890 15 4 38
2703 15 4 46
1335 15 4 29
767 15 4 70
1020 15 5 9
206 15 5 25
2122 15 5 43
1815 15 5 65
1541 15 5 88
176 15 6 81
356 15 6 71
2740 15 6 19
2410 15 6 53
1761 15 7 65
325 15 7 85
2626 15 7 26
2199 15 7 37
921 15 7 9
408 15 7 77
2429 15 8 64
729 15 8 14
516 15 8 28
58 15 8 55
362 15 9 46
2117 15 9 69
1068 15 9 9
3161 15 9 27
769 15 11 65
1824 15 11 85
473 15 11 26
1923 15 11 42
1271 15 11 51
2020 15 11 20
3138 15 11 74
1768 15 11 9
1291 15 12 9
2367 15 12 16
683 15 12 77
2368 15 12 68
3318 15 12 45
3357 15 12 59
1226 15 12 22
888 15 12 32
754 15 13 63
1038 15 13 48
1154 15 13 9
1976 15 13 24
1274 15 13 16
2347 15 13 35
1594 15 13 41
807 15 13 72
878 15 14 59
1452 15 14 37
308 15 14 45
1148 15 14 19
806 15 14 66
607 15 14 75
1587 15 14 84
2058 15 15 40
682 15 15 68
3115 15 15 30
985 15 15 82
1901 15 15 15
2977 15 15 9
1013 15 15 21
2142 15 15 60
140 15 15 55
1494 15 16 44
1098 15 16 57
1837 15 16 70
1903 15 16 33
2512 15 16 80
1721 15 16 9
1129 15 16 19
488 15 17 59
3013 15 17 27
2129 15 17 66
2439 15 17 75
655 15 17 88
216 15 17 9
145 15 17 51
1570 15 17 35
3009 15 17 40
640 15 18 87
2461 15 18 30
3170 15 18 39
3055 15 18 8
344 15 18 18
608 15 18 50
1285 15 18 68
2289 15 18 78
965 15 19 26
2693 15 19 75
40 15 19 35
1412 15 19 44
1245 15 19 56
1384 15 19 84
1955 15 19 8
1542 15 19 66
1502 15 19 20
621 16 0 82
963 16 1 52
2854 16 1 11
2081 16 1 78
3101 16 1 39
1457 16 2 60
2905 16 2 16
1720 16 2 33
858 16 2 25
2013 16 2 82
2724 16 3 19
1265 16 3 41
597 16 3 48
2771 16 3 10
1637 16 3 67
2213 16 4 58
2181 16 4 27
2540 16 4 77
3198 16 4 46
3271 16 4 70
970 16 4 15
2311 16 5 31
3 16 5 88
1525 16 5 11
305 16 5 45
2588 16 6 54
2561 16 6 19
2774 16 6 71
3079 16 7 12
1718 16 7 26
1562 16 7 33
2650 16 7 43
454 16 7 78
541 16 8 14
1447 16 8 45
2287 16 8 55
2483 16 8 28
860 16 8 63
80 16 9 79
2284 16 9 65
2490 16 9 9
855 16 9 26
3201 16 9 49
857 16 11 65
2224 16 11 9
2214 16 11 51
2610 16 11 20
3108 16 11 85
2190 16 11 42
3224 16 11 74
1405 16 11 26
1759 16 12 32
2709 16 12 77
2642 16 12 9
2328 16 12 45
3059 16 12 68
2143 16 12 22
3289 16 12 58
3288 16 13 35
840 16 13 16
3129 16 13 9
451 16 13 48
1873 16 13 41
1512 16 13 63
2572 16 13 72
571 16 13 23
1314 16 13 84
1695 16 14 66
92 16 14 10
2090 16 14 37
2268 16 14 45
610 16 14 18
2230 16 14 84
2100 16 14 58
254 16 14 31
209 16 14 75
1653 16 15 8
187 16 15 28
114 16 15 20
2947 16 15 40
935 16 15 81
2182 16 15 60
719 16 15 68
1100 16 15 55
3021 16 16 33
2202 16 16 88
2877 16 16 57
1122 16 16 44
379 16 16 9
2147 16 16 70
3239 16 16 80
2144 16 16 19
396 16 17 51
1453 16 17 59
3250 16 17 9
511 16 17 40
1812 16 17 66
479 16 17 88
978 16 17 26
2915 16 17 75
2374 16 18 68
350 16 18 49
1362 16 18 7
2396 16 18 59
3256 16 18 39
3001 16 18 29
548 16 18 78
1711 16 18 87
2150 16 19 66
205 16 19 55
3420 16 19 8
1448 16 19 34
1951 16 19 44
2552 16 19 84
1731 16 19 74
1879 16 19 26
557 16 19 19
2809 17 0 83
2304 17 1 11
3272 17 1 51
262 17 1 78
2497 17 1 39
1108 17 2 16
1643 17 2 33
1386 17 2 42
1394 17 2 60
239 17 2 25
1774 17 2 81
2730 17 3 10
94 17 3 41
83 17 3 50
1783 17 3 68
2192 17 3 19
1798 17 3 74
605 17 4 15
1885 17 4 46
543 17 4 27
2882 17 4 36
1849 17 4 68
43 17 5 11
508 17 5 30
32 17 6 19
1585 17 6 54
320 17 6 70
368 17 7 77
2441 17 7 12
1064 17 7 26
2449 17 7 42
591 17 7 33
1368 17 8 36
2776 17 8 14
2456 17 8 20
2312 17 8 28
3192 17 8 55
3234 17 8 62
3154 17 9 31
3136 17 9 66
1550 17 9 50
956 17 9 11
2022 17 11 7
899 17 11 61
200 17 11 50
1385 17 11 73
1019 17 11 85
1374 17 11 19
874 17 11 65
2126 17 11 26
472 17 12 32
1504 17 12 58
3331 17 12 76
428 17 12 7
2689 17 12 22
3135 17 12 52
3229 17 13 72
2460 17 13 23
2761 17 13 63
2830 17 13 8
144 17 13 40
1297 17 13 48
82 17 14 57
2738 17 14 45
2707 17 14 37
2426 17 14 66
2404 17 14 17
367 17 14 83
827 17 14 31
1416 17 14 7
748 17 14 75
1298 17 15 68
2352 17 15 60
829 17 15 80
1838 17 15 7
837 17 15 28
2853 17 15 18
201 17 15 54
3167 17 15 39
340 17 16 78
1023 17 16 88
842 17 16 56
3370 17 16 19
2097 17 16 33
2630 17 16 9
352 17 16 69
2236 17 16 44
1698 17 17 26
1417 17 17 75
698 17 17 40
3410 17 17 9
2207 17 17 51
2168 17 17 66
2480 17 18 78
31 17 18 49
172 17 18 67
2001 17 18 87
1499 17 18 40
1197 17 18 24
1203 17 18 7
86 17 19 7
2503 17 19 66
1827 17 19 74
582 17 19 55
3158 17 19 44
877 17 19 19
2964 17 19 34
1876 17 19 87
3091 18 11 19
2165 18 11 26
2739 18 11 65
2227 18 11 50
1617 18 11 61
2984 18 11 7
1703 18 11 73
2888 18 12 22
2976 18 12 32
3381 18 12 52
3449 18 12 58
980 18 12 76
2088 18 12 7
2798 18 13 23
3439 18 13 31
1905 18 13 7
2104 18 13 48
651 18 13 71
1454 18 13 83
1323 18 14 66
2484 18 14 6
3286 18 14 17
3350 18 14 45
1739 18 14 31
1945 18 14 83
2737 18 14 37
2189 18 15 7
2711 18 15 60
1036 18 15 39
752 18 15 80
1079 18 15 28
2292 18 16 56
2607 18 16 6
779 18 16 69
546 18 16 78
2662 18 16 33
561 18 16 17
2091 18 16 88
138 18 16 23
1422 18 17 7
291 18 17 51
587 18 17 26
2232 18 18 7
1880 18 18 25
1603 18 18 49
1680 18 18 67
2188 18 18 40
1205 18 18 78
2535 18 19 66
1115 18 19 34
3257 18 19 7
2560 18 19 74
1199 18 19 55
1009 18 19 19
2121 19 0 70
3416 19 0 46
3025 19 0 11
162 19 0 22
3364 19 1 49
2617 19 1 11
1331 19 1 25
738 19 1 40
1177 19 2 84
527 19 2 11
1843 19 2 43
2208 19 2 67
1157 19 2 22
2026 19 3 11
1804 19 3 43
1080 19 3 19
750 19 3 67
1047 19 3 84
751 19 4 11
326 19 4 19
13 19 4 43
293 19 4 65
975 19 4 84
221 19 5 42
348 19 5 11
397 19 5 67
942 19 5 22
2171 19 5 83
1300 19 6 83
2656 19 6 19
25 19 6 11
2981 19 6 65
2972 19 6 41
990 19 7 29
3197 19 7 37
2457 19 7 65
234 19 7 11
1156 19 7 76
314 19 8 19
22 19 8 42
1143 19 8 53
1071 19 8 71
2549 19 8 10
2857 19 9 11
1050 19 9 23
2239 19 9 44
2669 19 9 32
1313 19 9 69
2513 19 10 11
2814 19 10 39
3316 19 10 52
1940 19 10 23
658 19 11 26
2211 19 11 17
872 19 11 5
1443 19 11 60
1090 19 11 73
2314 19 12 58
173 19 12 73
213 19 12 32
570 19 12 5
1689 19 12 17
2750 19 13 31
1593 19 13 6
893 19 13 71
3240 19 14 6
3371 19 14 37
3172 19 14 45
3258 19 15 27
2520 19 15 39
634 19 15 6
1048 19 16 78
1005 19 16 6
971 19 16 33
2553 19 16 69
3305 19 17 26
3245 19 17 6
2349 19 17 69
230 19 17 21
922 19 17 78
283 19 18 25
2166 19 18 67
104 19 18 6
2521 19 18 77
2958 19 18 49
1667 19 19 19
3230 19 19 66
787 19 19 73
3177 19 19 34
926 19 19 6
