2539
4870 0 0 82
5563 0 0 2
2513 0 0 13
3952 0 0 55
911 0 1 17
3431 0 1 75
4594 0 1 2
231 0 1 41
1952 0 2 74
4509 0 2 42
4237 0 2 2
3067 0 2 17
3274 0 3 2
4133 0 3 15
3070 0 3 71
4708 0 3 33
5467 0 4 83
2428 0 4 92
3959 0 4 36
3092 0 4 15
3250 0 4 2
5080 0 5 2
5050 0 5 41
866 0 5 80
5537 0 5 14
2399 0 5 92
2790 0 6 2
4752 0 6 39
345 0 6 92
83 0 6 80
25 0 6 15
2667 0 7 91
4157 0 7 76
1852 0 7 13
4381 0 7 2
4127 0 7 44
775 0 8 76
28 0 8 15
1704 0 8 2
760 0 8 33
1833 0 8 91
560 0 9 90
5316 0 9 14
1980 0 9 32
1571 0 9 70
4443 0 9 2
4736 0 10 89
265 0 10 41
4453 0 10 2
4936 0 10 74
2556 0 10 11
24 0 11 25
4454 0 11 54
141 0 11 3
2389 0 11 76
3981 0 12 48
2279 0 12 3
2163 0 12 25
5782 0 12 77
4406 0 13 22
420 0 13 3
2813 0 13 78
1939 0 13 56
876 0 14 48
5359 0 14 3
4722 0 14 80
2661 0 14 25
1406 0 15 20
3169 0 15 3
2073 0 15 51
4441 0 15 83
2483 0 16 51
5510 0 16 3
4681 0 16 83
2847 0 16 20
4929 0 17 84
617 0 17 3
2333 0 17 56
4683 0 17 23
398 0 18 89
3799 0 18 30
924 0 18 3
4190 0 18 49
2029 0 19 52
1867 0 19 89
3887 0 19 3
5145 0 19 18
1568 1 0 10
3181 1 0 55
4288 1 0 82
1495 1 0 13
3430 1 0 40
4433 1 0 2
3369 1 1 63
2148 1 1 75
652 1 1 13
74 1 1 37
1357 1 1 17
1673 1 1 41
834 1 1 2
5250 1 2 14
1596 1 2 66
5644 1 2 74
1013 1 2 87
42 1 2 2
4317 1 2 42
1888 1 3 87
1709 1 3 2
4586 1 3 71
2941 1 3 15
1860 1 3 29
2074 1 3 33
5555 1 3 11
5508 1 3 63
1171 1 4 2
4205 1 4 92
3617 1 4 14
913 1 4 36
2491 1 4 68
3706 1 4 83
3363 1 5 87
1408 1 5 37
1425 1 5 2
1426 1 5 14
2197 1 5 41
5787 1 5 64
2495 1 5 80
4840 1 6 35
159 1 6 39
4778 1 6 2
1016 1 6 12
4550 1 6 76
4465 1 6 87
1668 1 6 15
4111 1 7 2
4484 1 7 86
5779 1 7 44
4064 1 7 13
885 1 7 35
4168 1 7 68
5373 1 7 91
5482 1 7 76
1146 1 8 12
2203 1 8 89
4802 1 8 33
2944 1 8 15
2106 1 8 29
2331 1 8 65
4869 1 8 2
3344 1 9 28
246 1 9 87
5410 1 9 62
4150 1 9 90
5440 1 9 14
2246 1 9 2
1320 1 9 70
4983 1 9 32
5095 1 10 11
1857 1 10 74
2689 1 10 89
3174 1 10 2
3718 1 10 41
3160 1 10 37
2307 1 10 65
1168 1 11 3
2705 1 11 7
4411 1 11 51
1736 1 11 54
172 1 11 76
3081 1 11 90
2241 1 12 20
1497 1 12 44
5355 1 12 25
1950 1 12 3
4128 1 12 71
1680 1 12 48
2600 1 12 77
5708 1 13 3
5360 1 13 56
5097 1 13 72
3187 1 13 93
390 1 13 22
5611 1 13 78
3710 1 13 17
464 1 13 50
1230 1 14 74
598 1 14 25
1313 1 14 44
2685 1 14 80
5647 1 14 19
4783 1 14 48
5547 1 14 3
4422 1 15 3
3720 1 15 46
4582 1 15 74
2212 1 15 19
2789 1 16 51
2751 1 16 66
4310 1 16 83
958 1 16 20
4930 1 16 3
1476 1 16 16
5176 1 16 42
3741 1 17 3
4142 1 17 19
404 1 17 50
3109 1 17 76
4520 1 17 84
2139 1 17 23
2336 1 17 56
4546 1 18 19
3244 1 18 30
1854 1 18 49
56 1 18 68
647 1 18 3
4519 1 19 3
2534 1 19 52
677 1 19 90
3442 1 19 18
1019 1 19 15
3306 1 19 82
5799 1 19 43
4357 2 0 76
2371 2 0 32
3607 2 0 2
4862 2 0 55
4731 2 0 52
2282 2 0 10
3709 2 0 82
1319 2 0 40
5642 2 1 41
5149 2 1 85
257 2 1 10
5623 2 1 75
2437 2 1 2
886 2 1 17
325 2 1 63
4660 2 1 60
5484 2 1 38
2079 2 2 11
5364 2 2 61
4372 2 2 42
4709 2 2 85
5526 2 2 74
1256 2 2 66
1676 2 2 2
3516 2 2 14
3279 2 3 57
5001 2 3 63
1573 2 3 15
22 2 3 2
4947 2 3 33
273 2 3 29
4695 2 3 87
1209 2 3 71
4922 2 3 11
2296 2 4 68
3630 2 4 28
1699 2 4 2
4623 2 4 10
1968 2 4 92
1521 2 4 83
2759 2 4 36
4626 2 4 63
4909 2 5 80
746 2 5 14
3544 2 5 2
5412 2 5 38
4167 2 5 33
1015 2 5 9
4462 2 5 64
3839 2 5 85
5727 2 5 41
3764 2 5 59
3186 2 6 87
2882 2 6 39
1401 2 6 73
855 2 6 12
3052 2 6 15
5796 2 6 34
4608 2 6 3
3289 2 7 86
1929 2 7 68
5172 2 7 91
4591 2 7 3
4585 2 7 30
3216 2 7 64
5694 2 7 13
3521 2 7 36
3492 2 7 44
5199 2 7 76
3213 2 8 65
3649 2 8 85
1285 2 8 15
2023 2 8 3
44 2 8 29
5345 2 8 61
5730 2 8 89
3408 2 8 33
5350 2 9 14
1700 2 9 28
5307 2 9 62
1944 2 9 32
3491 2 9 90
2089 2 9 58
5810 2 9 70
151 2 9 83
4510 2 9 3
1103 2 10 84
5590 2 10 3
4894 2 10 31
4957 2 10 38
117 2 10 41
2450 2 10 61
3712 2 10 89
2263 2 10 65
5658 2 10 74
3967 2 10 11
1846 2 11 4
5487 2 11 34
1805 2 11 76
4315 2 11 51
4620 2 11 91
4951 2 11 54
5193 2 11 72
1566 2 11 86
3211 2 11 7
5312 2 12 77
1782 2 12 25
3565 2 12 3
4841 2 12 91
1547 2 12 20
109 2 12 44
4145 2 12 15
3931 2 12 38
3345 2 12 71
452 2 12 48
4873 2 13 78
5722 2 13 42
927 2 13 3
5717 2 13 12
2476 2 13 56
4286 2 13 22
2453 2 13 50
2909 2 13 17
4382 2 13 72
314 2 13 93
4006 2 14 70
5321 2 14 48
1071 2 14 44
4367 2 14 38
5118 2 14 19
2653 2 14 3
3703 2 14 80
4865 2 14 86
1086 2 14 74
5366 2 14 25
1758 2 14 14
4181 2 15 17
3348 2 15 66
3693 2 15 43
1556 2 15 3
506 2 15 46
3468 2 16 66
4403 2 16 83
3736 2 16 51
3273 2 16 42
4565 2 16 20
3665 2 16 38
3934 2 16 61
4204 2 16 77
3245 2 16 3
333 2 16 93
3176 2 17 16
23 2 17 56
2921 2 17 79
5483 2 17 50
4180 2 17 46
4071 2 17 76
5496 2 17 23
896 2 17 84
4385 2 17 3
2050 2 17 20
221 2 18 90
2022 2 18 30
2035 2 18 68
4212 2 18 63
5117 2 18 46
1845 2 18 3
2610 2 18 49
5725 2 18 17
310 2 19 82
2216 2 19 43
174 2 19 52
4499 2 19 3
1263 2 19 79
324 2 19 90
5166 2 19 18
5280 2 19 39
509 2 19 15
974 3 0 32
4109 3 0 52
4203 3 0 55
1229 3 0 10
1018 3 0 40
2369 3 0 82
2911 3 0 3
5274 3 0 27
499 3 0 76
3722 3 1 60
4589 3 1 63
3795 3 1 69
5333 3 1 41
3170 3 1 75
182 3 1 17
4486 3 1 3
3560 3 1 85
2617 3 2 66
4612 3 2 61
5562 3 2 70
5235 3 2 74
3865 3 2 33
4023 3 2 42
395 3 2 3
2207 3 3 15
4836 3 3 3
4032 3 3 45
2305 3 4 15
4251 3 4 45
5003 3 4 3
2799 3 4 65
4013 3 5 65
4096 3 5 15
4867 3 5 45
5614 3 5 3
1026 3 6 79
4661 3 6 15
2598 3 6 44
1259 3 6 3
5015 3 6 65
629 3 7 21
5036 3 7 15
1832 3 7 78
1724 3 7 3
4444 3 7 44
5161 3 7 65
5016 3 8 77
3151 3 8 65
1879 3 8 3
3173 3 8 33
3185 3 8 58
3663 3 8 90
4172 3 8 15
1130 3 8 41
1614 3 8 38
3054 3 9 3
3830 3 9 11
1982 3 9 41
1625 3 9 38
2199 3 9 24
4348 3 9 65
4327 3 9 90
4916 3 9 58
4958 3 9 74
97 3 9 33
1783 3 10 11
3927 3 10 38
1097 3 10 65
2417 3 10 84
1509 3 10 94
2816 3 10 41
267 3 10 33
4926 3 10 54
4019 3 10 74
4965 3 10 3
741 3 10 61
2388 3 11 54
909 3 11 86
4475 3 11 72
3208 3 11 7
1810 3 11 5
92 3 11 76
3283 3 11 91
3875 3 11 34
3882 3 12 38
4065 3 12 15
3864 3 12 25
5586 3 12 77
4393 3 12 7
253 3 12 86
822 3 12 91
730 3 12 20
4323 3 12 72
4268 3 12 54
1826 3 13 39
5096 3 13 78
2317 3 13 25
4833 3 13 56
3699 3 13 72
4880 3 13 93
1343 3 13 22
3659 3 13 7
4723 3 14 48
816 3 14 74
4267 3 14 19
5656 3 14 8
2012 3 14 38
322 3 14 14
1210 3 14 25
3120 3 14 65
2670 3 14 70
2768 3 14 3
4313 3 14 81
4777 3 14 86
809 3 15 3
5696 3 15 38
340 3 15 91
4717 3 15 75
5243 3 15 46
3161 3 15 12
634 3 16 51
5043 3 16 10
5260 3 16 57
3554 3 16 93
3488 3 16 61
2990 3 16 83
2129 3 16 42
3200 3 16 17
2004 3 16 33
3340 3 16 66
2030 3 16 3
2426 3 16 77
1601 3 17 3
1438 3 17 50
3676 3 17 76
908 3 17 79
5585 3 17 44
1695 3 17 20
3406 3 17 72
4823 3 17 84
481 3 17 56
170 3 17 91
4652 3 17 23
1358 3 18 3
5599 3 18 49
3456 3 18 63
4193 3 18 88
3998 3 18 68
4727 3 18 46
1989 3 18 17
5797 3 18 58
4728 3 18 10
1603 3 18 30
1919 3 19 43
112 3 19 52
123 3 19 82
78 3 19 3
5581 3 19 90
5417 3 19 18
4249 3 19 35
1310 3 19 79
754 4 0 32
5605 4 0 49
2328 4 0 3
5793 4 0 72
3429 4 0 27
3083 4 0 55
5011 4 0 10
4817 4 0 82
3939 4 0 23
3307 4 0 93
424 4 0 76
553 4 1 60
2784 4 1 85
2133 4 1 75
4584 4 1 63
2436 4 1 32
1878 4 1 41
5293 4 1 17
3907 4 1 3
1842 4 1 69
3783 4 2 52
2498 4 2 30
3873 4 2 3
2509 4 2 89
2179 4 3 15
2787 4 3 45
1316 4 3 3
4449 4 4 42
3547 4 4 73
5561 4 4 84
3254 4 4 10
803 4 4 2
3945 4 5 45
5703 4 5 69
2804 4 5 3
202 4 5 84
1184 4 6 23
5660 4 6 63
3957 4 6 3
605 4 6 79
3214 4 7 63
283 4 7 23
3721 4 7 3
2220 4 7 78
5681 4 8 77
4140 4 8 26
3768 4 8 61
1302 4 8 3
2423 4 9 57
3309 4 9 72
1178 4 9 3
4108 4 9 24
981 4 10 33
4482 4 10 54
3535 4 10 94
4837 4 10 3
3265 4 11 62
4934 4 11 15
2960 4 11 3
1355 4 11 43
5778 4 12 65
2802 4 12 3
4555 4 12 16
2825 4 12 50
2245 4 17 92
1402 4 18 5
4461 4 18 68
4353 4 18 74
3973 4 18 52
4966 4 18 90
5202 4 19 45
426 4 19 90
2319 4 19 6
5582 4 19 52
533 4 19 65
4592 4 19 18
5084 4 19 74
5077 4 19 26
3086 4 19 58
4241 5 0 82
763 5 0 72
1488 5 0 32
4745 5 0 10
1297 5 0 23
52 5 0 76
1140 5 0 5
2624 5 0 55
5480 5 0 44
1565 5 1 41
2609 5 1 65
1223 5 1 85
4270 5 1 31
1065 5 1 75
2521 5 1 5
4900 5 1 17
2713 5 2 17
2034 5 2 80
5352 5 2 5
5123 5 2 39
3726 5 2 52
363 5 3 15
894 5 3 45
5165 5 3 49
2058 5 4 5
2206 5 4 61
5432 5 4 15
376 5 4 87
1479 5 4 42
4634 5 5 15
3829 5 5 88
378 5 5 40
2064 5 5 5
5630 5 5 58
1847 5 6 18
4779 5 6 69
1803 5 6 5
4578 5 6 88
1801 5 6 42
344 5 7 5
3800 5 7 74
5600 5 7 88
5186 5 7 26
5724 5 7 38
2444 5 8 40
3417 5 8 22
4713 5 8 58
2860 5 8 89
463 5 8 5
4153 5 9 22
2390 5 9 5
4100 5 9 40
2085 5 9 62
4009 5 9 89
4931 5 10 22
2652 5 10 62
3842 5 10 5
4742 5 10 89
4566 5 10 41
766 5 11 62
5794 5 11 15
2176 5 11 5
5557 5 11 43
5577 5 11 56
4571 5 11 37
3564 5 12 71
3725 5 12 5
4851 5 12 49
5568 5 12 19
2808 5 16 57
5298 5 16 37
618 5 16 90
5339 5 16 20
902 5 16 32
2315 5 16 5
1003 5 16 15
5400 5 17 15
5197 5 17 36
474 5 17 43
4047 5 17 83
5236 5 17 65
4954 5 17 6
1661 5 17 54
276 5 18 11
511 5 18 61
1127 5 18 66
519 5 18 87
5343 5 18 34
1947 5 18 6
3490 5 18 40
2597 5 18 47
932 5 18 25
4598 5 18 75
931 5 19 65
1040 5 19 80
2460 5 19 6
3393 5 19 58
517 5 19 18
912 5 19 12
84 5 19 45
3831 5 19 36
699 5 19 74
1163 5 19 26
1301 5 19 85
3466 6 0 44
3898 6 0 10
2102 6 0 71
2886 6 0 55
2447 6 0 32
1039 6 0 23
1588 6 0 38
3400 6 0 82
53 6 1 65
4699 6 1 14
5524 6 1 29
5645 6 1 41
884 6 1 75
5675 6 1 53
5713 6 1 85
3770 6 1 6
2750 6 2 76
1179 6 2 39
20 6 2 17
198 6 2 52
5315 6 2 5
5264 6 3 14
4665 6 3 49
41 6 4 87
4847 6 4 5
226 6 4 17
5571 6 4 36
2432 6 4 58
51 6 5 58
1390 6 5 5
1721 6 5 15
5058 6 5 40
1649 6 5 81
3638 6 5 53
4215 6 5 34
914 6 6 42
3913 6 6 36
4272 6 6 69
3667 6 6 88
5019 6 6 6
2017 6 6 18
1827 6 6 61
4788 6 7 5
516 6 7 84
4350 6 7 64
4797 6 7 26
2590 6 7 89
2681 6 7 74
4758 6 7 17
155 6 7 38
2592 6 8 36
1371 6 8 5
4666 6 8 16
5628 6 8 58
2820 6 8 77
3484 6 9 34
5441 6 9 16
1512 6 9 59
3742 6 9 40
582 6 9 5
3331 6 9 83
4653 6 10 5
2255 6 10 17
5443 6 10 34
4776 6 10 41
2560 6 10 89
994 6 10 81
3806 6 10 59
4748 6 10 22
5216 6 11 73
1865 6 11 62
4692 6 11 15
3370 6 11 56
4838 6 11 6
4673 6 11 44
3256 6 11 31
4564 6 11 37
3487 6 12 5
993 6 12 81
5712 6 12 17
3108 6 12 56
329 6 12 35
2096 6 12 89
4435 6 15 5
4051 6 15 22
1653 6 15 72
3587 6 15 49
3467 6 16 5
1225 6 16 15
3077 6 16 20
4808 6 16 59
4095 6 16 37
1490 6 16 90
1255 6 17 64
609 6 17 83
2419 6 17 90
844 6 17 43
2780 6 17 54
279 6 17 35
1073 6 17 14
434 6 17 5
3509 6 18 40
578 6 18 11
1051 6 18 25
3192 6 18 87
2353 6 18 6
695 6 18 19
2697 6 18 47
1990 6 18 61
1808 6 18 66
4765 6 18 75
3600 6 19 80
947 6 19 12
311 6 19 5
1385 6 19 26
49 6 19 58
540 6 19 65
2382 6 19 85
5492 6 19 36
218 6 19 45
1660 6 19 18
3650 7 15 19
4426 7 15 85
4188 7 15 5
789 7 15 50
2062 7 16 27
3056 7 16 37
5413 7 16 50
3788 7 16 75
3294 7 16 20
1804 7 16 15
4596 7 16 5
1478 7 17 14
2013 7 17 43
3761 7 17 54
3655 7 17 90
1400 7 17 64
2221 7 17 83
501 7 17 5
1192 7 17 35
4300 7 18 47
4904 7 18 87
1237 7 18 19
1030 7 18 66
3452 7 18 11
1784 7 18 78
2361 7 18 6
1908 7 18 25
4312 7 18 40
2700 7 18 54
2048 7 18 61
5020 7 19 26
524 7 19 36
678 7 19 58
661 7 19 5
554 7 19 45
1848 7 19 12
2978 7 19 18
2935 7 19 85
4326 7 19 65
4602 7 19 80
3018 7 19 40
3705 8 0 2
3391 8 0 58
387 8 0 78
4903 8 0 20
1335 8 1 56
5207 8 1 15
407 8 1 73
4924 8 1 2
468 8 2 19
3673 8 2 2
3147 8 2 47
3550 8 2 92
3914 8 3 53
4754 8 3 90
2885 8 3 20
1835 8 3 2
984 8 4 55
2849 8 4 58
2836 8 4 2
1212 8 4 77
5422 8 4 21
1822 8 4 81
2996 8 4 88
2077 8 4 93
4369 8 4 43
1449 8 5 52
1641 8 5 84
5393 8 5 26
3662 8 5 61
3628 8 5 39
4773 8 6 19
5497 8 6 78
1901 8 6 2
3522 8 6 27
2520 8 6 64
5055 8 6 55
347 8 7 93
5531 8 7 39
5801 8 7 19
5804 8 7 34
5069 8 7 29
5342 8 7 43
3968 8 7 76
4715 8 7 69
5249 8 7 65
1457 8 7 2
2896 8 8 92
2412 8 8 78
4767 8 8 81
4105 8 8 19
4389 8 8 50
1717 8 8 27
5447 8 8 31
3337 8 8 57
1129 8 8 2
3690 8 8 66
507 8 9 8
2701 8 9 24
1062 8 9 72
5619 8 9 81
5052 8 9 68
502 8 9 2
1690 8 9 30
5245 8 9 64
2188 8 9 88
4877 8 9 37
3708 8 9 93
4807 8 10 65
3299 8 10 20
5604 8 10 25
3478 8 10 16
105 8 10 86
4485 8 10 2
5601 8 10 54
4989 8 10 83
643 8 11 2
3923 8 11 18
5340 8 11 72
3463 8 11 78
3333 8 11 44
4569 8 11 36
788 8 12 2
3920 8 12 65
2227 8 12 60
5591 8 12 54
5465 8 12 82
5405 8 12 19
5518 8 12 24
5674 8 12 79
5026 8 13 70
3584 8 13 88
5662 8 13 16
177 8 13 3
2897 8 13 28
585 8 15 5
2881 8 15 25
3025 8 15 41
565 8 16 50
5229 8 16 54
2049 8 16 74
3546 8 16 20
3217 8 16 27
735 8 16 5
3193 8 16 37
2067 8 17 35
713 8 17 69
232 8 17 26
5705 8 17 43
4613 8 17 90
2957 8 17 82
3912 8 17 54
5784 8 17 14
4247 8 17 5
3220 8 17 64
213 8 17 58
4173 8 18 11
3012 8 18 19
2120 8 18 61
5709 8 18 47
3657 8 18 54
4610 8 18 6
2028 8 18 66
5503 8 18 25
1898 8 18 78
2 8 18 86
2912 8 19 12
4707 8 19 85
1098 8 19 5
3603 8 19 40
1831 8 19 26
2675 8 19 65
1884 8 19 45
3457 8 19 18
1190 8 19 58
4103 9 0 34
3177 9 0 66
5368 9 0 1
3007 9 1 1
3026 9 1 37
2273 9 1 77
5749 9 2 36
2464 9 2 1
4981 9 3 1
303 9 3 99
5291 9 4 43
3859 9 4 88
3141 9 4 93
2938 9 4 58
4112 9 4 23
2258 9 4 55
1755 9 4 82
5620 9 4 77
154 9 4 2
2415 9 5 84
3559 9 5 61
1254 9 5 26
1972 9 5 52
3724 9 6 64
2378 9 6 2
1520 9 6 78
728 9 6 27
5745 9 7 69
1517 9 7 2
5213 9 7 29
2835 9 7 34
4066 9 7 76
3338 9 7 93
4703 9 7 43
4522 9 8 66
5442 9 8 77
5618 9 8 31
1562 9 8 81
5091 9 8 27
2380 9 8 2
4309 9 8 57
2518 9 9 30
3790 9 9 72
2167 9 9 28
4502 9 9 93
1705 9 9 2
5789 9 9 88
5739 9 9 80
4160 9 9 37
5494 9 9 68
2056 9 9 8
1044 9 10 86
5029 9 10 2
443 9 10 25
621 9 10 65
4476 9 10 20
1988 9 11 2
1626 9 11 78
1773 9 11 18
2284 9 11 44
1513 9 12 2
59 9 12 24
692 9 12 82
2650 9 12 60
338 9 12 65
4360 9 13 92
2104 9 13 65
3312 9 15 77
5433 9 15 55
3454 9 15 5
4914 9 15 63
3906 9 15 51
4331 9 15 18
1447 9 15 84
5548 9 16 20
3757 9 16 5
3482 9 16 27
3413 9 16 37
1592 9 16 50
5112 9 16 54
4606 9 17 82
1047 9 17 14
4342 9 17 5
5047 9 17 64
1459 9 17 58
3568 9 17 69
5795 9 17 90
1713 9 17 43
4088 9 17 35
5707 9 18 6
4639 9 18 54
2086 9 18 78
2628 9 18 11
2066 9 18 60
448 9 18 31
2007 9 18 40
2151 9 18 25
2318 9 18 86
5046 9 18 66
3917 9 19 12
4363 9 19 18
2459 9 19 26
4365 9 19 40
1979 9 19 45
2732 9 19 65
3618 9 19 78
2970 9 19 58
2777 9 19 5
3807 10 0 29
5005 10 0 43
1526 10 0 8
5326 10 0 32
4615 10 0 69
4374 10 0 2
3860 10 0 62
1943 10 0 75
944 10 0 88
4614 10 0 34
5237 10 1 32
3240 10 1 77
2859 10 1 29
2998 10 1 43
3042 10 1 62
4018 10 1 88
4815 10 1 2
5054 10 1 49
2103 10 1 94
5685 10 1 24
1738 10 1 34
5168 10 1 37
1123 10 1 8
3953 10 1 69
3826 10 2 88
3991 10 2 37
1887 10 2 94
4063 10 2 77
3347 10 2 62
4255 10 2 2
4216 10 2 49
5344 10 2 24
4321 10 2 71
2499 10 2 43
4572 10 2 9
5723 10 3 94
4024 10 3 2
1629 10 3 9
21 10 3 43
2742 10 3 62
3702 10 3 24
5031 10 3 55
1578 10 3 71
2169 10 3 77
4864 10 3 49
3499 10 3 88
3149 10 4 88
1226 10 4 55
3819 10 4 9
2142 10 4 24
5226 10 4 94
3142 10 4 2
4083 10 4 43
1441 10 4 21
688 10 4 77
442 10 4 47
4012 10 4 49
999 10 5 51
2481 10 6 87
3311 10 6 2
2888 10 6 68
1795 10 6 29
3811 10 7 43
3510 10 7 34
1211 10 7 87
4570 10 7 76
5439 10 7 2
5314 10 8 77
203 10 8 2
3043 10 8 31
4775 10 8 66
786 10 8 87
2195 10 9 2
5311 10 9 30
7 10 9 80
3685 10 9 37
5170 10 9 93
3017 10 9 8
4895 10 9 72
1424 10 10 25
4412 10 10 72
429 10 10 2
2186 10 10 86
4060 10 11 2
5648 10 11 72
4297 10 11 82
3288 10 11 18
1868 10 12 82
4799 10 12 65
4281 10 12 24
3497 10 12 2
2863 10 13 65
2540 10 13 91
1199 10 14 5
5731 10 14 68
1572 10 14 50
5769 10 14 25
2627 10 15 63
4448 10 15 5
3918 10 15 84
3626 10 15 18
5646 10 15 55
1431 10 16 69
534 10 16 5
3548 10 16 75
4264 10 16 37
4298 10 16 27
3855 10 16 50
3884 10 16 54
2664 10 17 58
2658 10 17 14
3910 10 17 43
406 10 17 63
3 10 17 82
4184 10 17 35
5103 10 17 69
4473 10 17 5
1219 10 17 30
2201 10 18 5
3983 10 18 40
3523 10 18 11
4829 10 18 25
3753 10 18 86
5061 10 18 54
2439 10 18 31
3358 10 18 66
5572 10 18 77
2714 10 18 60
3669 10 19 5
4856 10 19 18
3422 10 19 58
2018 10 19 45
3984 10 19 78
1443 10 19 26
3615 10 19 65
4174 10 19 12
4740 11 0 43
4902 11 0 69
2264 11 0 88
4985 11 0 75
4284 11 0 8
4345 11 0 32
5811 11 0 2
2468 11 1 49
3963 11 1 76
5684 11 1 2
3896 11 1 40
3191 11 1 88
5513 11 1 7
3792 11 2 86
5576 11 2 29
5152 11 2 9
2533 11 2 32
3871 11 2 71
5325 11 2 2
3124 11 3 27
2972 11 3 30
5105 11 3 55
4031 11 3 86
4794 11 3 2
5143 11 4 75
2345 11 4 2
209 11 4 92
3696 11 4 23
3368 11 5 51
5324 11 6 75
3684 11 6 2
2344 11 6 37
797 11 6 92
365 11 7 93
348 11 7 2
5414 11 7 43
5018 11 7 76
849 11 8 1
2864 11 8 77
4980 11 8 8
419 11 8 93
1181 11 8 31
1207 11 9 93
5330 11 9 37
1964 11 9 1
4780 11 9 8
4425 11 9 80
3023 11 10 28
3589 11 10 73
595 11 10 13
5017 11 10 36
3154 11 10 65
3734 11 10 78
5288 11 10 89
2763 11 10 59
3911 11 10 44
3479 11 11 56
4307 11 11 36
1480 11 11 59
146 11 11 73
323 11 11 78
1682 11 11 91
2811 11 11 65
2951 11 12 65
38 11 12 91
3189 11 13 91
2869 11 13 65
457 11 14 35
5512 11 14 62
3401 11 15 63
1550 11 15 24
1439 11 15 56
3472 11 15 73
5461 11 15 5
5404 11 16 27
199 11 16 37
5292 11 16 54
3975 11 16 69
2717 11 16 5
5363 11 17 73
1362 11 17 82
5507 11 17 43
2229 11 17 63
4830 11 17 35
4993 11 17 5
3065 11 17 58
737 11 17 14
2764 11 18 76
3810 11 18 66
5602 11 18 86
4455 11 18 5
5127 11 18 11
4280 11 18 60
5478 11 18 82
5542 11 18 25
4875 11 18 40
2720 11 18 31
5115 11 19 78
5367 11 19 12
5358 11 19 18
4214 11 19 45
5652 11 19 5
3832 11 19 58
3707 11 19 26
3849 11 19 65
1921 12 0 8
5389 12 0 75
5714 12 0 1
861 12 0 43
5532 12 1 1
5133 12 1 7
4004 12 1 49
1311 12 1 76
4295 12 2 9
943 12 2 32
3207 12 2 85
1622 12 2 1
1029 12 3 30
4407 12 3 9
4967 12 3 1
3298 12 3 88
4932 12 4 38
5624 12 4 11
4380 12 4 88
349 12 4 1
5171 12 5 51
1020 12 6 31
4250 12 6 1
1702 12 6 22
2943 12 6 51
624 12 6 59
4633 12 6 4
1655 12 6 87
1118 12 7 11
2024 12 7 1
1744 12 7 31
3326 12 7 59
2351 12 7 63
5251 12 7 51
1243 12 7 87
211 12 7 22
3570 12 8 47
4581 12 8 63
5200 12 8 66
1785 12 8 87
5299 12 8 51
4238 12 8 59
2267 12 8 1
3845 12 8 31
3241 12 8 11
3616 12 8 20
4138 12 9 35
1188 12 9 47
4423 12 9 51
4183 12 9 77
5239 12 9 7
5362 12 9 40
4978 12 9 31
4194 12 9 1
5792 12 9 16
2222 12 9 11
3027 12 9 66
2981 12 9 84
3786 12 10 65
5667 12 10 36
5209 12 10 44
1361 12 10 13
3102 12 10 59
5530 12 10 89
478 12 10 77
3776 12 10 73
3153 12 10 28
4137 12 11 58
1869 12 11 91
1069 12 11 64
10 12 11 4
709 12 11 12
4030 12 11 84
194 12 11 25
2451 12 11 34
3335 12 12 28
2330 12 12 57
4879 12 12 42
3891 12 12 37
4 12 12 70
4889 12 12 63
1985 12 12 74
106 12 12 10
2848 12 12 5
4347 12 12 81
1148 12 13 4
418 12 13 68
1228 12 13 38
962 12 13 33
4751 12 13 76
2414 12 13 12
2057 12 14 35
1058 12 15 12
1415 12 15 37
5455 12 15 63
4416 12 15 77
1489 12 15 4
3293 12 16 12
3700 12 16 4
5720 12 16 54
459 12 16 78
2311 12 16 37
500 12 17 14
3234 12 17 58
3295 12 17 82
4220 12 17 78
5329 12 17 5
5529 12 17 43
853 12 17 63
1366 12 18 11
5185 12 18 40
577 12 18 86
1088 12 18 4
3793 12 18 66
5187 12 18 31
5473 12 18 60
1605 12 18 81
3877 12 19 78
4439 12 19 4
4753 12 19 65
5491 12 19 12
3846 12 19 26
4221 12 19 58
5007 13 0 1
2803 13 0 38
4187 13 0 8
5078 13 0 89
2930 13 0 93
4086 13 1 38
2740 13 1 8
4258 13 1 1
3376 13 1 75
4725 13 1 89
1665 13 1 93
3580 13 2 70
2925 13 2 7
1873 13 2 75
473 13 2 90
5341 13 2 1
1448 13 2 93
5490 13 2 38
4391 13 2 33
2037 13 3 7
4377 13 3 33
4534 13 3 38
1863 13 3 75
5337 13 3 65
1287 13 3 93
4330 13 3 1
3143 13 3 70
5774 13 4 84
1647 13 4 50
2945 13 4 33
3784 13 4 29
3387 13 5 29
1201 13 5 50
3553 13 5 36
5041 13 6 30
2283 13 6 41
4302 13 6 47
4684 13 6 95
3403 13 6 37
5351 13 6 66
3489 13 6 5
1679 13 6 70
3904 13 7 22
3445 13 7 9
2225 13 7 16
4119 13 7 39
5083 13 7 51
5540 13 7 85
1277 13 7 93
1599 13 7 69
1220 13 7 11
2636 13 7 44
594 13 7 1
4244 13 7 67
400 13 7 78
2462 13 8 73
5246 13 8 45
3629 13 8 1
4860 13 8 20
4662 13 8 59
1729 13 8 31
4806 13 8 63
2862 13 8 87
2738 13 8 92
5538 13 8 8
3588 13 8 13
5013 13 9 51
2260 13 9 1
2769 13 9 94
4792 13 9 8
3644 13 9 84
2985 13 9 47
4560 13 9 77
2433 13 9 11
3965 13 9 40
4809 13 9 16
5233 13 9 35
120 13 9 66
2868 13 9 44
3922 13 10 73
5736 13 10 65
706 13 10 59
568 13 10 77
1828 13 10 89
1496 13 10 13
63 13 10 52
76 13 10 28
305 13 10 9
5276 13 10 44
4296 13 11 84
1825 13 11 57
1432 13 11 64
4741 13 11 91
3059 13 11 22
2463 13 11 34
1114 13 11 4
3152 13 12 81
3743 13 12 28
5788 13 12 42
3262 13 12 5
1876 13 12 10
918 13 12 63
3747 13 12 58
5128 13 12 37
2253 13 12 74
940 13 13 17
427 13 13 4
1850 13 13 33
3902 13 13 38
5107 13 13 58
1351 13 13 90
2754 13 14 35
5564 13 15 43
5767 13 15 67
2244 13 15 4
4551 13 15 14
3004 13 15 86
2668 13 16 37
5319 13 16 4
3771 13 16 12
2730 13 16 86
2771 13 16 67
2485 13 17 43
3558 13 17 82
1173 13 17 63
286 13 17 4
1552 13 17 14
2429 13 18 4
1502 13 18 81
4011 13 18 40
4007 13 18 66
1966 13 18 11
1136 13 19 4
327 13 19 81
197 13 19 40
5099 13 19 65
655 13 19 11
4548 14 0 96
4077 14 0 12
5148 14 0 1
1995 14 0 71
4135 14 1 25
4311 14 1 77
5454 14 1 96
3260 14 1 1
5303 14 2 79
15 14 2 25
4674 14 2 1
1528 14 2 97
2807 14 3 80
3593 14 3 1
1829 14 3 97
857 14 3 17
805 14 4 29
3999 14 4 36
2232 14 4 50
983 14 4 84
2956 14 5 33
1326 14 5 1
4962 14 5 39
5219 14 5 86
2982 14 5 13
3320 14 6 47
2182 14 6 5
5081 14 6 37
5012 14 6 33
2963 14 6 41
5765 14 6 95
3428 14 6 70
5426 14 7 16
5549 14 7 44
245 14 7 74
611 14 7 22
795 14 7 78
140 14 7 51
5746 14 7 11
1430 14 7 1
4179 14 7 48
3440 14 7 69
4638 14 7 85
5500 14 8 13
3899 14 8 73
50 14 8 42
4483 14 8 63
3123 14 8 92
2000 14 8 45
2470 14 8 67
2962 14 8 31
825 14 8 71
3972 14 8 1
3552 14 8 87
4943 14 8 20
2272 14 9 69
157 14 9 81
3455 14 9 51
5427 14 9 40
3938 14 9 76
4126 14 9 11
1120 14 9 72
4175 14 9 84
3381 14 9 16
3674 14 9 38
4764 14 9 1
1978 14 9 44
46 14 9 94
255 14 10 28
2906 14 10 59
1638 14 10 9
2729 14 10 19
1960 14 10 52
3637 14 10 13
428 14 10 5
3010 14 10 43
3412 14 10 48
814 14 10 65
915 14 10 77
3226 14 10 89
3115 14 11 22
2075 14 11 4
1746 14 11 49
5014 14 11 91
2355 14 11 57
732 14 11 64
4911 14 11 85
2879 14 11 34
942 14 12 28
3961 14 12 5
2631 14 12 63
1918 14 12 42
975 14 12 85
3235 14 12 74
5272 14 12 10
2119 14 12 48
2903 14 13 62
5397 14 13 73
4990 14 13 57
3251 14 13 5
5286 14 13 24
2842 14 13 32
978 14 13 13
3427 14 13 38
1725 14 13 43
4209 14 13 89
2910 14 13 78
3529 14 14 5
3465 14 14 35
497 14 15 63
3905 14 15 5
3951 14 15 35
2772 14 16 63
4335 14 16 5
1295 14 16 35
5141 14 17 5
169 14 17 22
1327 14 17 35
4739 14 17 60
1344 14 17 72
1753 14 18 21
3572 14 18 41
1391 14 18 4
1527 14 18 35
650 14 18 50
4887 14 18 60
1394 14 18 72
1049 14 18 56
1914 14 19 41
2840 14 19 79
985 14 19 15
3303 14 19 30
75 14 19 10
2726 14 19 21
1105 14 19 55
2855 14 19 60
1645 14 19 4
2164 14 19 35
864 15 0 12
3405 15 0 35
5336 15 0 67
4791 15 0 6
3450 15 0 29
1291 15 0 71
1193 15 0 96
2040 15 0 56
5369 15 0 61
4547 15 0 10
1037 15 0 64
2492 15 0 84
5407 15 0 2
2501 15 1 88
1200 15 1 2
2992 15 1 68
4016 15 1 6
4769 15 1 71
4762 15 1 77
4583 15 1 48
3324 15 1 29
2502 15 1 84
3642 15 1 25
2965 15 1 97
2162 15 1 12
5449 15 1 62
1261 15 1 43
4050 15 1 57
5757 15 1 35
5376 15 2 35
4987 15 2 77
1091 15 2 14
693 15 2 17
630 15 2 68
1215 15 2 84
3230 15 2 21
1021 15 2 88
2209 15 2 97
808 15 2 43
3848 15 2 49
2552 15 2 29
173 15 2 6
4185 15 2 71
5698 15 2 79
397 15 2 25
1396 15 3 79
1236 15 3 46
2204 15 3 21
4253 15 3 50
35 15 3 69
1296 15 3 23
2866 15 3 71
490 15 3 17
2583 15 3 36
3183 15 3 25
93 15 3 43
2541 15 3 29
4704 15 3 96
1067 15 4 96
3199 15 4 74
883 15 4 29
917 15 4 80
4651 15 4 36
1618 15 4 18
2551 15 4 25
2363 15 4 50
1570 15 4 71
3011 15 5 33
5616 15 5 9
5309 15 5 58
3620 15 5 66
3836 15 5 39
5144 15 5 1
138 15 5 89
4085 15 5 12
1507 15 6 64
64 15 6 36
3171 15 6 87
3639 15 6 41
863 15 6 47
2593 15 6 90
1844 15 6 5
300 15 6 95
2786 15 7 1
4277 15 7 51
1501 15 7 78
4230 15 7 16
1563 15 7 74
391 15 7 19
3330 15 7 87
4413 15 7 44
1398 15 7 22
3808 15 8 31
1033 15 8 70
4129 15 8 42
5406 15 8 73
132 15 8 1
4379 15 8 67
312 15 8 45
5391 15 8 20
1346 15 8 29
5374 15 8 87
4641 15 8 92
3823 15 8 15
2208 15 9 44
750 15 9 81
4490 15 9 94
4207 15 9 84
646 15 9 40
1028 15 9 75
5596 15 9 72
3646 15 9 51
3805 15 9 16
3447 15 9 1
494 15 10 4
3561 15 10 9
858 15 10 65
2183 15 10 88
373 15 10 42
2679 15 10 28
5169 15 10 48
2042 15 10 52
2408 15 10 13
4517 15 10 59
2852 15 10 77
1208 15 11 86
2094 15 11 4
1135 15 11 46
3689 15 11 22
3518 15 11 49
2596 15 11 57
3050 15 11 34
1092 15 11 64
5770 15 11 91
2010 15 12 28
4878 15 12 20
3407 15 12 4
3028 15 12 63
2190 15 12 48
4525 15 12 42
5573 15 12 10
3270 15 12 74
1776 15 12 85
1984 15 13 88
1807 15 13 43
2027 15 13 13
2933 15 13 62
4505 15 13 78
3590 15 13 57
5297 15 13 5
1764 15 13 26
1999 15 13 32
4668 15 14 75
2302 15 14 5
4624 15 14 61
3691 15 14 90
4282 15 14 9
510 15 14 23
5553 15 14 18
5627 15 14 28
5228 15 14 47
126 15 14 79
3122 15 15 40
4729 15 15 60
707 15 15 81
2397 15 15 47
659 15 15 93
5525 15 15 26
3992 15 15 50
2341 15 15 8
3988 15 15 5
4039 15 15 19
2615 15 16 28
1751 15 16 23
2280 15 16 15
4996 15 16 75
3541 15 16 51
5574 15 16 45
2929 15 16 63
592 15 16 4
4234 15 16 86
3044 15 17 19
1906 15 17 26
1167 15 17 57
3876 15 17 13
225 15 17 52
2137 15 17 81
124 15 17 93
3974 15 17 5
3767 15 17 42
3349 15 18 50
4123 15 18 76
892 15 18 27
2657 15 18 4
5398 15 18 32
248 15 18 47
3661 15 18 83
2259 15 18 68
3888 15 18 17
2091 15 18 72
2071 15 18 90
4002 15 19 41
2706 15 19 4
1534 15 19 10
4603 15 19 35
3872 15 19 55
1006 15 19 60
1816 15 19 15
3483 15 19 21
461 15 19 29
5559 16 0 6
5308 16 0 60
2384 16 0 67
2312 16 0 96
1260 16 0 1
3754 16 0 29
4672 16 0 35
2602 16 0 64
2936 16 0 10
5130 16 0 84
4616 16 0 88
2191 16 1 48
149 16 1 1
2172 16 1 43
5578 16 1 88
2709 16 1 12
4049 16 1 68
3228 16 1 95
3928 16 2 83
5676 16 2 94
2467 16 2 80
1767 16 2 17
4089 16 2 49
2387 16 2 14
3352 16 2 56
3206 16 2 21
5371 16 2 76
5567 16 2 42
4291 16 2 1
4575 16 3 41
5735 16 3 48
4402 16 3 86
4390 16 3 50
4079 16 3 80
5156 16 3 1
3276 16 3 36
2563 16 3 90
3900 16 3 9
369 16 3 45
3695 16 3 93
2435 16 4 17
4724 16 4 77
2059 16 4 15
2303 16 4 44
515 16 4 80
934 16 4 40
5098 16 4 92
4182 16 4 73
3382 16 4 1
5034 16 4 21
4680 16 5 12
1434 16 5 84
4952 16 5 33
4318 16 5 39
449 16 5 1
4812 16 5 87
1569 16 5 89
3730 16 5 66
2856 16 5 64
1830 16 6 47
1187 16 6 5
3015 16 6 64
4355 16 6 90
3850 16 6 41
1706 16 6 93
4045 16 6 95
4714 16 7 87
1881 16 7 22
1299 16 7 51
2051 16 7 19
5636 16 7 45
5504 16 7 15
5790 16 7 1
5402 16 7 78
2626 16 8 1
5621 16 8 20
2723 16 8 45
435 16 8 31
2409 16 8 28
2775 16 8 26
2141 16 8 91
723 16 8 73
2731 16 8 70
2136 16 8 18
5310 16 9 94
87 16 9 98
4434 16 9 51
5361 16 9 84
3515 16 9 14
5230 16 9 44
5163 16 9 16
5423 16 9 75
5190 16 9 81
4685 16 9 1
3097 16 9 40
3698 16 10 28
5157 16 10 77
2916 16 10 52
3801 16 10 65
4549 16 10 42
3140 16 10 88
1035 16 10 4
1897 16 10 9
2774 16 10 13
5734 16 10 48
5516 16 10 59
445 16 11 91
2175 16 11 34
3079 16 11 53
1933 16 11 86
5390 16 11 49
1025 16 11 25
2660 16 11 57
1191 16 11 4
3866 16 11 64
2320 16 11 31
5408 16 12 28
5022 16 12 42
4988 16 12 74
3843 16 12 4
2725 16 12 85
185 16 12 10
3375 16 12 63
1481 16 12 56
4068 16 12 48
356 16 13 4
3978 16 13 57
139 16 13 13
5381 16 13 62
2937 16 13 32
5394 16 13 78
2123 16 13 87
5277 16 13 43
1892 16 14 28
5120 16 14 90
1169 16 14 61
1741 16 14 9
4732 16 14 50
1862 16 14 23
1815 16 14 4
3255 16 14 79
2441 16 15 4
4084 16 15 19
514 16 15 46
3962 16 15 40
793 16 15 93
5566 16 15 26
4545 16 15 8
1511 16 15 60
4770 16 15 50
4231 16 16 51
2581 16 16 4
4477 16 16 86
433 16 16 28
644 16 16 20
1349 16 16 74
5138 16 16 63
3980 16 16 15
2327 16 16 23
4026 16 17 57
2486 16 17 42
2376 16 17 46
1257 16 17 89
936 16 17 52
4694 16 17 13
5488 16 17 81
925 16 17 4
4263 16 17 19
3013 16 17 93
4844 16 17 26
2154 16 18 46
317 16 18 83
350 16 18 27
2711 16 18 4
3464 16 18 50
4801 16 18 17
4206 16 18 76
5554 16 18 32
2843 16 18 72
5242 16 19 55
1227 16 19 60
1936 16 19 88
2060 16 19 15
4601 16 19 4
4000 16 19 21
5753 16 19 35
4507 16 19 41
3915 16 19 93
5279 17 0 88
687 17 0 67
4960 17 0 10
5672 17 0 64
4314 17 0 29
2837 17 0 35
5268 17 0 96
396 17 0 1
2240 17 1 1
1538 17 1 91
4094 17 1 95
4322 17 1 12
5284 17 1 48
2779 17 1 68
4056 17 2 17
5452 17 2 49
2111 17 2 94
2676 17 2 1
3758 17 2 21
3100 17 2 80
2033 17 2 56
5583 17 2 42
4784 17 2 83
5687 17 3 90
5049 17 3 86
4693 17 3 41
5506 17 3 1
877 17 3 45
4320 17 3 50
1798 17 3 94
1370 17 3 9
5106 17 4 77
2350 17 4 1
3719 17 4 17
820 17 4 94
5175 17 4 21
1325 17 4 91
5699 17 4 44
717 17 4 80
5486 17 4 41
496 17 5 12
836 17 5 66
1516 17 5 39
3359 17 5 86
2569 17 5 89
811 17 5 1
5038 17 6 64
5240 17 6 41
100 17 6 2
4233 17 6 95
2865 17 6 92
3404 17 6 5
3774 17 6 47
2870 17 7 1
1630 17 7 85
4492 17 7 47
642 17 7 22
1587 17 7 51
5608 17 7 87
4644 17 7 19
2833 17 8 91
2718 17 8 73
4543 17 8 1
2979 17 8 31
3815 17 8 45
1895 17 8 26
5665 17 8 20
19 17 9 16
4452 17 9 80
946 17 9 84
368 17 9 98
5305 17 9 44
1156 17 9 1
5262 17 9 51
694 17 10 77
3797 17 10 13
998 17 10 83
3304 17 10 52
4409 17 10 88
1851 17 10 4
3827 17 10 65
5747 17 10 48
5151 17 10 28
2210 17 11 25
1309 17 11 53
3292 17 11 34
4029 17 11 31
3041 17 11 57
938 17 11 91
2500 17 11 4
498 17 11 64
3175 17 12 10
4450 17 12 48
3990 17 12 85
2861 17 12 56
5761 17 12 63
4306 17 12 4
859 17 12 28
525 17 12 81
1675 17 13 4
757 17 13 43
3738 17 13 48
3257 17 13 87
5593 17 13 81
1330 17 13 62
632 17 13 79
2932 17 13 13
5635 17 13 26
274 17 14 28
3512 17 14 9
4953 17 14 79
5136 17 14 90
4979 17 14 23
3343 17 14 61
3016 17 14 4
3336 17 15 4
3219 17 15 19
1663 17 15 92
3342 17 15 46
5028 17 15 50
3732 17 15 60
5331 17 15 8
3365 17 15 26
4636 17 16 86
3944 17 16 28
1505 17 16 74
5775 17 16 51
2526 17 16 4
1186 17 16 20
5146 17 16 63
2901 17 16 23
2187 17 17 57
2454 17 17 19
1941 17 17 89
29 17 17 26
976 17 17 4
5570 17 17 46
1336 17 17 92
3167 17 17 52
3893 17 18 4
5632 17 18 17
1446 17 18 32
5225 17 18 76
2322 17 18 27
2304 17 18 50
2193 17 18 83
2061 17 19 15
1149 17 19 88
4959 17 19 4
1880 17 19 60
285 17 19 21
5479 17 19 41
3681 17 19 55
1305 17 19 93
70 18 0 96
3098 18 0 35
3390 18 0 67
5285 18 0 88
4944 18 0 10
1294 18 0 1
4158 18 1 12
4440 18 1 91
5610 18 1 68
2088 18 1 95
2266 18 1 1
2479 18 1 49
5579 18 2 83
5690 18 2 49
4643 18 2 21
1032 18 2 1
156 18 2 56
1416 18 3 50
2178 18 3 45
5808 18 3 90
2565 18 3 94
5589 18 3 1
5501 18 3 9
4074 18 4 21
5119 18 4 44
409 18 4 91
1147 18 4 1
5108 18 4 80
3449 18 5 86
3125 18 5 89
3511 18 5 12
4398 18 5 1
2329 18 5 66
4301 18 6 2
1004 18 6 5
4552 18 6 47
4750 18 6 64
5543 18 6 95
2002 18 7 22
3821 18 7 51
4945 18 7 1
2457 18 7 26
5702 18 7 87
4261 18 8 31
1564 18 8 1
4421 18 8 26
794 18 8 45
4014 18 8 91
2776 18 9 98
4170 18 9 51
1597 18 9 1
3202 18 9 84
5040 18 9 16
2827 18 10 4
268 18 10 24
2793 18 10 65
4192 18 10 13
4746 18 10 88
4178 18 10 83
3598 18 10 52
2295 18 10 28
2536 18 11 64
2448 18 11 4
411 18 11 30
4716 18 11 57
2954 18 11 91
4970 18 11 34
3267 18 12 28
3301 18 12 56
4688 18 12 85
4964 18 12 4
625 18 12 24
4619 18 12 10
2504 18 12 63
5706 18 13 81
3763 18 13 26
3581 18 13 62
3878 18 13 13
3323 18 13 87
3841 18 13 48
5472 18 13 4
2009 18 14 61
5218 18 14 23
1151 18 14 28
5462 18 14 90
4933 18 14 9
3787 18 14 4
4832 18 15 26
1493 18 15 8
5206 18 15 50
5178 18 15 60
3443 18 15 92
3701 18 15 4
2788 18 16 57
2766 18 16 63
5328 18 16 23
289 18 16 28
802 18 16 83
5222 18 16 86
5785 18 16 4
2684 18 17 4
4008 18 17 19
2823 18 17 26
3925 18 17 57
5807 18 17 52
4252 18 17 92
4076 18 18 55
2699 18 18 27
5346 18 18 32
5419 18 18 83
1293 18 18 50
3903 18 18 4
5437 18 19 4
2041 18 19 88
504 18 19 21
4218 18 19 60
2036 18 19 93
5259 18 19 55
3606 19 0 10
4470 19 0 96
3919 19 0 67
1962 19 0 1
3275 19 1 68
3379 19 1 95
3602 19 1 12
4533 19 1 1
5580 19 2 1
2484 19 2 21
3168 19 2 95
5569 19 2 56
5773 19 3 1
5302 19 3 94
1981 19 3 50
5221 19 3 9
1307 19 4 44
2171 19 4 1
4994 19 4 21
1718 19 4 91
4512 19 5 89
5760 19 5 66
1723 19 5 1
1967 19 5 21
4469 19 6 64
5380 19 6 1
881 19 6 5
4588 19 7 1
4687 19 7 26
2693 19 7 51
4925 19 8 31
1610 19 8 1
4896 19 8 45
4819 19 9 16
5164 19 9 84
4101 19 9 1
5382 19 9 98
3008 19 10 3
637 19 10 65
3949 19 10 28
3131 19 10 13
3296 19 10 88
1974 19 11 3
3538 19 11 13
4337 19 11 34
1799 19 11 88
1623 19 11 64
610 19 12 3
4292 19 12 63
3852 19 12 28
475 19 12 88
3982 19 12 10
843 19 13 3
1731 19 13 87
1360 19 13 26
5594 19 13 13
4117 19 13 62
2619 19 14 9
4332 19 14 61
4995 19 14 28
14 19 14 3
1450 19 14 87
214 19 15 3
4005 19 15 60
879 19 15 87
3594 19 15 8
3537 19 15 26
4977 19 16 63
2562 19 16 4
2313 19 16 86
3029 19 16 28
3729 19 17 26
875 19 17 57
4022 19 17 4
562 19 17 86
3493 19 18 55
3474 19 18 4
175 19 18 32
3410 19 19 93
3528 19 19 32
3272 19 19 4
3049 19 19 60
