2540
4756 0 0 95
4761 0 0 6
3558 0 0 1
2572 0 0 71
4479 0 1 55
476 0 1 97
3656 0 1 4
2955 0 1 1
1597 0 2 16
1551 0 2 1
1965 0 2 71
2208 0 2 97
3734 0 3 97
180 0 3 73
4918 0 3 1
2509 0 3 4
1124 0 4 1
1327 0 4 73
4690 0 4 97
4288 0 4 17
2403 0 5 86
1981 0 5 98
3346 0 5 36
4598 0 5 1
4264 0 6 23
114 0 6 66
4680 0 6 1
3945 0 7 66
320 0 7 1
2450 0 7 35
1433 0 8 1
1024 0 8 24
735 0 8 67
1594 0 9 83
2112 0 9 16
4414 0 9 1
32 0 10 93
1162 0 10 1
3645 0 10 15
541 0 10 32
4868 0 11 1
3353 0 11 89
4447 0 11 54
2437 0 11 14
4943 0 12 1
626 0 12 44
2535 0 12 89
374 0 12 10
4477 0 13 1
321 0 13 14
2026 0 13 41
391 0 13 87
908 0 14 84
3351 0 14 1
3621 0 14 8
536 0 14 37
3101 0 15 1
4059 0 15 59
3431 0 15 7
4561 0 15 80
2819 0 16 53
4386 0 16 80
769 0 16 1
4736 0 16 14
2980 0 17 1
4827 0 17 76
1763 0 17 51
2735 0 17 10
3083 0 18 75
1422 0 18 48
2972 0 18 1
9 0 18 10
2684 0 19 1
3579 0 19 69
2907 0 19 7
804 0 19 44
719 1 0 69
3403 1 0 1
888 1 0 6
2212 1 0 95
4731 1 0 93
4572 1 0 33
4867 1 0 71
2836 1 1 91
2073 1 1 35
4620 1 1 4
4712 1 1 1
2365 1 1 55
4523 1 2 71
4252 1 2 93
758 1 2 12
1615 1 2 49
3848 1 2 16
1397 1 2 1
1626 1 3 26
734 1 3 77
4448 1 3 4
879 1 4 1
4180 1 4 93
275 1 4 97
978 1 4 73
1227 1 4 13
3040 1 4 17
1937 1 4 66
3995 1 5 1
341 1 5 36
2826 1 5 71
582 1 5 22
1345 1 5 86
2808 1 6 23
4405 1 6 20
2951 1 6 1
1359 1 6 45
1958 1 6 94
2303 1 7 1
2378 1 7 61
525 1 7 66
4290 1 7 92
4124 1 7 22
3952 1 7 35
3049 1 8 24
4520 1 8 18
4657 1 8 60
1710 1 8 94
546 1 8 67
4138 1 8 1
3006 1 9 78
2040 1 9 11
2094 1 9 95
3876 1 9 48
4734 1 9 1
2417 1 9 83
4494 1 9 16
3036 1 10 93
1918 1 10 15
2738 1 10 1
4663 1 10 32
2587 1 10 9
4674 1 10 62
2977 1 11 1
4906 1 11 9
2757 1 11 40
1393 1 11 14
782 1 11 54
2944 1 11 84
4838 1 11 89
4965 1 12 88
4773 1 12 75
203 1 12 10
345 1 12 35
4548 1 12 44
384 1 12 1
270 1 13 87
510 1 13 1
2264 1 13 41
4280 1 13 70
1367 1 13 10
3779 1 13 14
4413 1 13 35
2927 1 14 90
128 1 14 8
855 1 14 34
3344 1 14 1
3376 1 14 37
3591 1 14 84
4545 1 14 75
1560 1 15 7
4220 1 15 5
3470 1 15 1
3124 1 15 80
2916 1 15 35
3618 1 15 90
591 1 15 59
630 1 16 1
1025 1 16 14
425 1 16 45
1494 1 16 53
292 1 16 79
3943 1 16 10
3704 1 17 51
1090 1 17 1
2431 1 17 34
4735 1 17 10
3959 1 17 76
915 1 17 73
1449 1 18 48
969 1 18 75
4071 1 18 90
600 1 18 5
3084 1 18 73
3393 1 18 41
3528 1 18 1
1167 1 19 7
1767 1 19 91
2043 1 19 1
4606 1 19 37
3996 1 19 66
3639 1 19 69
3949 1 19 44
4384 2 0 33
3703 2 0 6
3696 2 0 63
1930 2 0 71
2135 2 0 30
2725 2 0 1
2386 2 0 89
1465 2 0 95
1127 2 0 97
4198 2 1 35
4913 2 1 51
2114 2 1 55
4443 2 1 4
2237 2 1 91
3366 2 1 86
754 2 2 16
2036 2 2 93
2919 2 2 12
3842 2 2 46
1219 2 2 49
1238 2 2 1
3569 2 2 71
4408 2 2 89
1032 2 3 4
2730 2 3 26
1872 2 3 72
4206 2 3 77
2136 2 3 93
2318 2 4 17
1811 2 4 11
3328 2 4 93
3075 2 4 97
4779 2 4 73
302 2 4 66
1349 2 4 90
1694 2 4 1
4076 2 4 50
3537 2 5 22
4271 2 5 65
3088 2 5 18
3643 2 5 33
1428 2 5 1
585 2 5 86
693 2 5 36
2718 2 5 71
4009 2 6 94
2614 2 6 20
2247 2 6 1
2293 2 6 18
3484 2 6 45
199 2 6 23
581 2 6 68
1611 2 7 35
771 2 7 92
2364 2 7 88
3462 2 7 18
2840 2 7 66
1704 2 7 22
2696 2 7 1
571 2 7 61
3798 2 8 55
2806 2 8 1
3253 2 8 18
4237 2 8 60
4170 2 8 24
967 2 8 91
46 2 8 94
1419 2 8 67
1850 2 9 83
4525 2 9 11
1356 2 9 16
4054 2 9 1
1450 2 9 78
2347 2 9 95
4006 2 9 39
2095 2 9 48
317 2 10 60
2571 2 10 9
3954 2 10 32
2864 2 10 15
3745 2 10 88
4193 2 10 29
1577 2 10 1
1931 2 10 93
4014 2 10 62
3316 2 11 85
3589 2 11 14
587 2 11 1
2583 2 11 89
3698 2 11 9
4004 2 11 76
1596 2 11 38
4863 2 11 54
1529 2 11 40
3405 2 12 8
4703 2 12 88
4276 2 12 65
4891 2 12 39
892 2 12 1
4088 2 12 75
4700 2 12 44
1851 2 13 41
2893 2 13 85
716 2 13 10
1434 2 13 70
985 2 13 66
4111 2 13 35
2205 2 13 14
2281 2 13 8
490 2 13 1
83 2 13 87
3356 2 14 75
70 2 14 8
1606 2 14 1
4065 2 14 85
4839 2 14 70
4726 2 14 37
4404 2 14 5
4067 2 15 59
3691 2 15 30
2729 2 15 80
3910 2 15 90
1322 2 15 1
225 2 15 35
4150 2 15 57
4580 2 15 7
4790 2 15 77
2809 2 16 2
4174 2 16 76
4924 2 16 79
2399 2 16 88
594 2 16 53
4815 2 16 49
584 2 16 14
3629 2 16 35
3769 2 16 45
1325 2 17 88
4026 2 17 76
413 2 17 73
3543 2 17 10
4611 2 17 83
159 2 17 34
3817 2 17 2
2035 2 17 51
3808 2 18 48
2260 2 18 33
1170 2 18 41
3883 2 18 75
3069 2 18 90
2727 2 18 5
4070 2 18 72
3676 2 18 87
1818 2 19 63
4188 2 19 7
1756 2 19 2
3511 2 19 37
139 2 19 44
4499 2 19 69
4021 2 19 40
394 2 19 88
4848 2 19 32
4586 2 19 91
795 3 0 89
3585 3 0 6
3933 3 0 2
3099 3 0 63
2751 3 0 33
1297 3 0 71
4654 3 0 59
4967 3 0 23
4008 3 1 4
3711 3 1 30
3801 3 1 35
1264 3 1 55
4255 3 1 83
2584 3 1 49
1928 3 1 91
2238 3 1 51
3118 3 1 86
4510 3 2 37
2517 3 2 46
2607 3 2 71
2028 3 2 12
3005 3 2 86
4715 3 2 89
1866 3 2 16
2165 3 2 68
736 3 2 1
4187 3 2 49
207 3 3 72
3516 3 3 77
1452 3 3 93
2284 3 3 26
1221 3 3 4
822 3 3 24
125 3 3 69
2102 3 4 71
4450 3 4 73
4623 3 4 50
4762 3 4 45
748 3 4 1
4107 3 4 17
4020 3 4 90
4646 3 4 66
3601 3 4 63
2498 3 5 71
3612 3 5 60
4688 3 5 1
4733 3 5 15
3019 3 5 36
3011 3 5 65
3021 3 5 86
2561 3 5 95
1830 3 5 22
3054 3 6 68
3245 3 6 94
2104 3 6 20
936 3 6 91
2992 3 6 65
3592 3 6 15
2905 3 6 23
4234 3 6 1
2578 3 6 45
1499 3 6 41
4757 3 7 22
4368 3 7 15
1290 3 7 31
4157 3 7 1
3283 3 7 59
4005 3 7 66
4941 3 7 84
2305 3 7 88
3646 3 7 35
954 3 7 93
4682 3 7 62
3251 3 8 55
3329 3 8 11
170 3 8 1
2187 3 8 51
3942 3 8 60
3334 3 8 24
3032 3 8 88
3907 3 8 67
3052 3 8 94
2625 3 8 18
3434 3 9 35
4453 3 9 96
3892 3 9 39
3971 3 9 1
1353 3 9 78
1188 3 9 11
1771 3 9 48
3419 3 9 8
1473 3 9 83
2616 3 9 16
2020 3 10 32
1685 3 10 93
68 3 10 62
4704 3 10 81
2451 3 10 2
2801 3 10 15
3560 3 10 88
1492 3 10 9
2214 3 11 89
1635 3 11 33
3637 3 11 40
2161 3 11 2
3658 3 11 14
1861 3 11 50
4978 3 11 54
2846 3 11 76
2585 3 11 85
2900 3 11 72
3398 3 12 82
4194 3 12 33
3821 3 12 44
3512 3 12 40
3972 3 12 75
4425 3 12 62
2261 3 12 2
1617 3 12 65
4874 3 12 88
3113 3 13 87
3937 3 13 11
4902 3 13 14
4542 3 13 67
1772 3 13 2
4769 3 13 31
1082 3 13 70
1545 3 13 8
3816 3 13 41
2611 3 13 60
1196 3 13 85
3009 3 14 5
2875 3 14 75
4635 3 14 68
2424 3 14 37
3581 3 14 84
1318 3 14 30
288 3 15 2
1689 3 15 30
468 3 15 87
2736 3 15 26
968 3 15 7
1001 3 15 90
2234 3 15 55
3709 3 15 59
4880 3 15 80
2508 3 16 2
1544 3 16 45
4841 3 16 14
3441 3 16 79
883 3 16 49
4788 3 16 71
4708 3 16 34
3814 3 16 53
3109 3 17 10
4480 3 17 68
2194 3 17 73
3997 3 17 51
827 3 17 88
3524 3 17 2
1774 3 17 30
3089 3 17 34
1814 3 17 48
698 3 17 83
930 3 18 87
4259 3 18 34
2559 3 18 5
4883 3 18 41
2742 3 18 90
4176 3 18 67
3230 3 18 28
2775 3 18 72
381 3 18 75
3501 3 18 48
3861 3 19 40
1875 3 19 37
3330 3 19 32
4322 3 19 59
4939 3 19 44
4565 3 19 28
3190 3 19 91
166 3 19 69
4292 3 19 7
869 3 19 2
1425 4 10 9
2218 4 10 15
2912 4 10 55
3289 4 10 32
2153 4 10 2
1302 4 10 62
2915 4 10 79
2200 4 10 81
3211 4 10 88
35 4 10 93
4245 4 11 2
596 4 11 33
4311 4 11 38
821 4 11 85
2428 4 11 54
1200 4 11 76
518 4 11 11
2022 4 11 89
1000 4 11 50
2412 4 11 14
877 4 11 72
3255 4 12 82
4650 4 12 65
2694 4 12 72
4624 4 12 44
182 4 12 62
4802 4 12 30
988 4 12 2
3381 4 12 40
1858 4 12 58
3562 4 12 75
3990 4 12 88
2565 4 13 41
4185 4 13 31
2298 4 13 60
1045 4 13 70
3829 4 13 14
387 4 13 87
4066 4 13 57
839 4 13 2
2064 4 14 75
3045 4 14 84
641 4 14 5
1988 4 14 61
2868 4 14 28
3205 4 14 68
4051 4 14 37
3619 4 15 22
824 4 15 90
3775 4 15 50
4454 4 15 59
4436 4 15 27
4060 4 15 7
4807 4 15 76
3322 4 15 80
3494 4 15 30
3336 4 15 2
2230 4 16 46
3433 4 16 14
1736 4 16 2
1072 4 16 31
668 4 16 71
2899 4 16 79
2658 4 16 53
3912 4 16 49
2013 4 16 9
4875 4 17 10
4691 4 17 25
922 4 17 30
2741 4 17 68
3815 4 17 51
2294 4 17 83
3154 4 17 88
3188 4 17 2
4961 4 17 6
3410 4 17 73
3513 4 17 80
3781 4 18 27
1423 4 18 75
4503 4 18 5
1966 4 18 34
4127 4 18 66
1707 4 18 72
154 4 18 87
2811 4 18 48
3900 4 18 41
4204 4 18 82
2945 4 19 40
2031 4 19 7
3200 4 19 69
3463 4 19 56
662 4 19 2
1186 4 19 28
2923 4 19 82
2856 4 19 91
3866 4 19 59
2119 4 19 44
1225 5 0 22
1046 5 0 65
94 5 0 7
843 5 0 45
4831 5 0 84
323 5 1 40
3872 5 1 24
1479 5 1 66
1672 5 1 87
2393 5 1 7
1455 5 2 7
2155 5 2 22
2097 5 2 87
2388 5 2 66
4202 5 2 46
895 5 3 24
2331 5 3 88
4519 5 3 7
1878 5 3 71
4830 5 3 47
1693 5 4 7
2267 5 4 38
1628 5 4 22
1370 5 4 68
1953 5 5 73
4401 5 5 29
1828 5 5 50
3106 5 5 7
3726 5 6 7
3604 5 6 29
516 5 6 77
2824 5 6 53
1199 5 7 78
1531 5 7 58
2714 5 7 34
3236 5 7 7
3082 5 8 56
1087 5 8 82
4341 5 8 28
1314 5 8 7
977 5 18 51
2788 5 19 51
4872 5 19 78
3902 5 19 15
2495 5 19 23
2570 5 19 69
3131 6 0 41
4901 6 0 7
844 6 0 20
4660 6 0 83
4146 6 0 65
3047 6 1 77
75 6 1 20
2148 6 1 41
4321 6 1 83
3660 6 1 63
2997 6 1 7
2390 6 2 7
3751 6 2 84
4227 6 2 57
3220 6 2 63
2019 6 2 41
1006 6 2 77
3823 6 2 36
3741 6 2 20
343 6 3 41
4521 6 3 16
4808 6 3 57
2648 6 3 63
2429 6 3 7
2881 6 3 36
3492 6 3 84
3207 6 3 20
1300 6 4 20
1304 6 4 29
1658 6 4 36
4946 6 4 42
854 6 4 57
3385 6 4 16
3067 6 4 84
1845 6 4 7
2231 6 4 63
570 6 5 57
4216 6 5 42
4571 6 5 8
2380 6 5 21
4094 6 5 63
1240 6 5 73
1106 6 5 29
703 6 5 36
2947 6 5 84
4638 6 6 8
3710 6 10 74
3257 6 10 51
454 6 10 89
4105 6 10 28
3268 6 10 17
2310 6 10 44
1083 6 10 60
3979 6 10 7
3486 6 10 82
4491 6 11 61
2092 6 11 81
4621 6 11 7
4468 6 11 41
2263 6 11 18
42 6 13 30
3716 6 13 79
1483 6 13 87
2357 6 13 7
4745 6 13 64
1241 6 13 20
1917 6 13 50
218 6 14 21
3360 6 14 35
4169 6 14 7
3681 6 14 65
2979 6 14 74
132 6 15 63
2563 6 16 21
4397 6 16 62
2981 6 16 72
2473 6 16 7
3119 6 16 39
3314 6 17 68
3835 6 17 27
1017 6 17 84
12 6 17 57
4173 6 17 18
4074 6 18 52
19 6 18 71
1138 6 18 8
2375 6 18 79
3365 6 18 31
1854 6 19 68
2289 6 19 26
3615 6 19 51
1075 6 19 15
1418 6 19 79
3015 7 0 29
4164 7 0 87
2855 7 0 72
2549 7 0 3
4184 7 0 16
4758 7 1 16
1734 7 1 29
1284 7 1 89
2792 7 1 3
3563 7 1 75
1253 7 2 91
4763 7 2 40
2448 7 2 18
1622 7 2 3
3361 7 2 78
1901 7 3 18
2207 7 3 3
2753 7 3 48
123 7 3 57
4390 7 4 51
588 7 4 18
2302 7 4 75
3182 7 4 3
4029 7 5 3
4873 7 5 79
2545 7 5 40
4378 7 5 18
3865 7 6 79
1148 7 6 31
1495 7 6 60
1415 7 6 7
2268 7 7 7
2644 7 7 39
2685 7 7 82
2371 7 7 61
4949 7 7 31
905 7 8 28
3320 7 8 32
1146 7 8 52
4396 7 8 79
2477 7 8 88
4465 7 8 44
1445 7 8 7
3497 7 8 73
2018 7 9 31
4285 7 9 7
4842 7 9 77
1011 7 9 37
2939 7 9 19
205 7 9 90
2797 7 9 58
1224 7 9 85
3721 7 10 17
2358 7 10 44
3853 7 10 74
4379 7 10 28
3906 7 10 51
3285 7 10 82
2070 7 10 60
4791 7 10 7
4953 7 11 14
2023 7 11 25
991 7 11 85
1482 7 11 55
2492 7 11 6
542 7 13 30
4552 7 13 87
688 7 13 64
2872 7 13 58
3424 7 13 14
463 7 13 3
80 7 13 19
1546 7 13 24
2109 7 14 89
1802 7 14 3
4570 7 14 65
1282 7 14 32
3559 7 14 55
1908 7 15 63
2105 7 16 90
3483 7 16 28
2236 7 16 63
469 7 16 3
2166 7 17 12
219 7 17 32
2433 7 17 90
3176 7 17 53
3243 7 17 67
914 7 17 18
3830 7 17 82
1769 7 17 57
1430 7 17 4
4047 7 18 31
2443 7 18 8
4156 7 18 71
1779 7 18 64
828 7 18 87
3802 7 18 80
2686 7 18 19
705 7 19 67
602 7 19 90
3233 7 19 79
2454 7 19 15
1649 7 19 4
287 7 19 51
2462 7 19 26
1796 8 0 6
3471 8 0 87
1498 8 0 12
1131 8 0 66
1209 8 0 45
1129 8 0 72
1798 8 0 40
1067 8 1 89
1673 8 1 6
823 8 1 24
4123 8 1 16
3007 8 1 29
826 8 1 45
4822 8 1 76
4178 8 2 78
2027 8 2 16
1229 8 2 6
1911 8 2 60
2743 8 2 30
1986 8 2 45
3208 8 3 78
2968 8 3 7
1991 8 3 30
2276 8 3 48
3138 8 3 60
2669 8 4 60
4467 8 4 31
2653 8 4 7
1459 8 4 78
4333 8 4 51
2120 8 5 31
1292 8 5 78
2460 8 5 7
1869 8 5 60
1699 8 6 7
3827 8 6 31
389 8 6 78
1789 8 6 60
2400 8 7 39
2663 8 7 58
1860 8 7 6
2485 8 7 87
3597 8 7 21
3628 8 8 32
999 8 8 79
557 8 8 6
4576 8 8 21
4752 8 8 44
938 8 8 52
3359 8 9 85
2971 8 9 19
502 8 9 6
4445 8 9 58
4002 8 9 37
4215 8 10 51
1721 8 10 6
3227 8 10 60
3722 8 10 82
4667 8 10 17
4242 8 10 28
801 8 11 32
2936 8 11 85
4449 8 11 10
1669 8 11 55
112 8 11 6
2799 8 13 19
696 8 13 3
3265 8 13 30
2970 8 13 91
3335 8 13 64
3968 8 13 87
2198 8 14 91
3062 8 14 65
2270 8 14 3
1929 8 14 27
3400 8 16 33
963 8 16 67
4770 8 16 90
2156 8 16 3
4528 8 17 18
2670 8 17 12
2566 8 17 4
4697 8 17 47
2446 8 17 57
4529 8 17 67
3623 8 17 90
4771 8 17 53
3538 8 17 32
4313 8 17 82
4411 8 18 8
3016 8 18 19
342 8 18 94
4308 8 18 53
3886 8 18 71
10 8 18 86
2240 8 18 47
4019 8 18 31
1272 8 19 90
2540 8 19 15
2330 8 19 4
1997 8 19 51
3488 8 19 26
3137 8 19 67
3542 8 19 79
4549 9 0 87
4836 9 0 45
2918 9 0 66
2459 9 0 17
3343 9 0 40
4402 9 0 6
4727 9 1 87
3600 9 1 17
4540 9 1 6
4487 9 1 69
4400 9 1 43
2690 9 2 6
4177 9 2 41
4115 9 2 88
3836 9 2 21
4121 9 2 65
82 9 3 42
4120 9 3 65
4317 9 3 19
148 9 3 90
3379 9 3 6
1665 9 4 45
327 9 4 6
227 9 4 59
4042 9 4 20
1889 9 5 6
1435 9 5 20
3057 9 5 54
4792 9 5 87
1235 9 5 24
1600 9 6 66
311 9 6 47
4805 9 6 6
1563 9 6 20
831 9 6 72
3177 9 7 47
1976 9 7 21
4634 9 7 6
3993 9 7 66
3270 9 7 72
2547 9 8 32
935 9 8 6
289 9 8 78
2275 9 8 52
1252 9 9 78
1712 9 9 58
4672 9 9 37
443 9 9 6
433 9 10 6
478 9 10 60
2172 9 10 78
4075 9 10 28
4248 9 11 78
4165 9 11 39
2227 9 11 62
3468 9 11 6
1816 9 13 30
4847 9 13 91
1420 9 13 68
2698 9 13 3
1701 9 14 3
2815 9 14 39
2876 9 14 68
1678 9 14 93
4346 9 16 70
1061 9 16 34
1341 9 16 3
1748 9 17 77
2878 9 17 12
2512 9 17 82
4975 9 17 32
2687 9 17 57
172 9 17 46
785 9 17 3
356 9 17 52
3286 9 17 93
4568 9 17 67
4796 9 17 18
4490 9 18 53
3988 9 18 94
2420 9 18 86
554 9 18 8
3394 9 18 24
4722 9 18 31
2379 9 18 47
4182 9 18 71
3153 9 19 51
1368 9 19 3
1222 9 19 15
1215 9 19 79
2219 9 19 28
2366 9 19 85
2415 9 19 90
4077 9 19 67
1822 10 0 88
2239 10 0 17
2107 10 0 72
3735 10 0 45
1801 10 0 5
1412 10 1 12
3296 10 1 88
1287 10 1 47
743 10 1 5
2794 10 1 72
3720 10 2 74
2522 10 2 47
1776 10 2 12
3797 10 2 88
4068 10 2 5
3793 10 3 5
3590 10 3 20
2273 10 3 31
2530 10 3 73
104 10 3 89
2128 10 4 48
2457 10 4 20
4711 10 4 5
917 10 4 89
4098 10 4 77
3564 10 5 47
4270 10 5 24
2755 10 5 5
2747 10 5 74
3102 10 6 48
4852 10 6 22
1409 10 6 77
1980 10 6 5
4195 10 7 5
1050 10 7 82
517 10 7 47
634 10 7 26
3523 10 8 23
4948 10 8 88
4481 10 8 5
4046 10 8 58
4928 10 9 60
2892 10 9 5
2902 10 9 27
2129 10 9 89
1268 10 10 5
4701 10 10 66
2516 10 10 42
146 10 11 4
746 10 11 13
4267 10 11 67
2765 10 11 89
1653 10 11 33
2127 10 13 52
4281 10 13 85
183 10 13 6
1882 10 13 75
2555 10 13 63
3020 10 13 23
3184 10 13 59
4775 10 13 31
3147 10 14 23
2890 10 14 63
642 10 14 75
2996 10 14 6
4809 10 14 31
3058 10 14 58
1398 10 16 3
928 10 16 86
4025 10 16 34
3767 10 17 82
926 10 17 13
1644 10 17 57
4593 10 17 93
1610 10 17 52
3219 10 17 77
3895 10 17 18
711 10 17 69
547 10 17 46
160 10 17 4
4929 10 18 31
2442 10 18 84
1562 10 18 24
2576 10 18 53
3004 10 18 86
4513 10 18 94
2301 10 18 59
4205 10 18 71
4096 10 18 47
2500 10 18 8
2862 10 19 79
4133 10 19 51
605 10 19 66
3718 10 19 3
4024 10 19 85
4464 10 19 90
1111 10 19 15
4082 11 0 80
1785 11 0 27
4279 11 0 40
4312 11 0 52
2093 11 0 20
2099 11 0 62
410 11 0 92
2851 11 0 70
2889 11 0 6
880 11 1 42
1910 11 1 6
89 11 1 62
3673 11 1 20
4460 11 2 7
1151 11 6 23
805 11 13 6
3774 11 13 83
2928 11 13 46
4951 11 13 65
2667 11 14 6
2820 11 14 31
2177 11 14 63
461 11 14 83
784 11 15 26
3212 11 16 26
1298 11 16 44
713 11 16 3
1513 11 17 6
64 11 17 47
3159 11 17 82
3228 11 17 77
1703 11 17 52
2871 11 17 57
1173 11 17 13
3960 11 17 18
1663 11 17 69
4555 11 18 53
3402 11 18 24
2470 11 18 31
2758 11 18 8
4459 11 18 59
520 11 18 71
1171 11 18 94
842 11 19 4
2066 11 19 15
470 11 19 50
4739 11 19 85
1522 11 19 66
4666 11 19 90
4254 11 19 79
110 11 19 33
1176 11 19 57
3013 12 0 92
4486 12 0 20
3065 12 0 27
3697 12 0 70
3644 12 0 6
4543 12 0 80
1510 12 0 40
2312 12 0 62
1244 12 1 24
127 12 1 53
2622 12 1 67
998 12 1 42
707 12 1 10
2790 12 1 37
1309 12 1 76
2739 12 1 6
1161 12 1 30
4023 12 1 83
278 12 2 59
2807 12 2 7
1323 12 2 44
4462 12 2 64
2922 12 2 27
2152 12 2 75
1768 12 2 80
3391 12 2 92
373 12 2 11
4800 12 2 23
639 12 3 28
3983 12 3 6
871 12 3 40
3072 12 3 21
3175 12 3 67
4442 12 3 54
1142 12 3 61
1317 12 3 76
300 12 3 90
465 12 4 6
3061 12 4 16
1586 12 4 91
3854 12 4 63
3022 12 4 80
4784 12 4 30
995 12 4 45
4228 12 4 22
3173 12 5 29
1267 12 5 73
1295 12 5 24
2279 12 5 81
4846 12 5 13
1525 12 5 46
144 12 5 8
720 12 5 68
493 12 6 16
3746 12 6 61
651 12 6 37
1130 12 6 6
1985 12 6 30
1217 12 6 56
4945 12 6 84
4284 12 6 79
499 12 7 69
3221 12 7 21
4531 12 7 39
3260 12 7 45
1497 12 7 63
573 12 7 4
1902 12 8 36
658 12 8 43
4230 12 8 57
979 12 8 63
57 12 8 70
4960 12 8 89
1948 12 8 47
4495 12 8 9
3295 12 8 19
1362 12 8 24
1184 12 9 40
4110 12 9 81
1880 12 9 50
2700 12 9 74
211 12 9 4
1588 12 9 91
1460 12 9 36
2768 12 9 18
446 12 10 4
2715 12 10 22
3206 12 10 31
1661 12 10 91
359 12 10 41
2113 12 10 85
2579 12 10 37
3097 12 10 61
4434 12 10 79
2452 12 11 85
4456 12 11 18
215 12 11 4
4103 12 11 66
508 12 11 23
3249 12 11 54
1346 12 11 92
4222 12 11 35
945 12 11 47
355 12 11 80
2901 12 12 34
88 12 12 12
2666 12 12 75
4585 12 12 25
1153 12 12 49
4380 12 12 4
4251 12 12 57
2591 12 12 9
1383 12 12 67
870 12 13 4
526 12 13 18
3758 12 13 57
1825 12 13 25
3294 12 13 86
4713 12 14 6
1121 12 14 25
2197 12 14 86
3321 12 14 58
2599 12 15 6
3461 12 15 25
4797 12 16 19
1962 12 16 56
436 12 16 31
4759 12 16 85
2518 12 16 91
4457 12 16 26
4294 12 16 36
4533 12 16 3
3946 12 16 49
1903 12 17 77
4087 12 17 57
1620 12 17 13
3139 12 17 69
2017 12 17 19
3806 12 17 52
1664 12 17 6
3928 12 17 82
1627 12 18 4
4203 12 18 36
4921 12 18 59
1998 12 18 94
500 12 18 50
2983 12 18 48
1285 12 18 8
675 12 18 71
674 12 19 91
3647 12 19 85
4172 12 19 4
4362 12 19 66
1202 12 19 28
1590 12 19 57
4658 12 19 79
1516 12 19 15
1031 12 19 50
2762 13 0 62
3804 13 0 56
624 13 0 6
857 13 0 19
3041 13 0 40
1744 13 0 27
2117 13 0 70
2883 13 0 91
1040 13 1 42
2538 13 1 76
4056 13 1 83
241 13 1 53
2574 13 1 30
2595 13 1 10
3970 13 1 37
4750 13 1 69
3547 13 1 6
1376 13 1 24
3165 13 2 11
2382 13 2 75
4793 13 2 27
1747 13 2 80
3325 13 2 44
3773 13 2 7
904 13 2 36
2241 13 2 59
4716 13 2 64
179 13 3 46
4864 13 3 20
1511 13 3 53
1352 13 3 61
1938 13 3 28
3695 13 3 67
2613 13 3 40
4626 13 3 7
933 13 3 90
1469 13 3 76
404 13 4 59
563 13 4 79
1351 13 4 36
1182 13 4 45
4489 13 4 63
1554 13 4 22
1071 13 4 85
2167 13 4 6
2860 13 4 91
4367 13 5 81
1003 13 5 13
3261 13 5 29
3809 13 5 7
3055 13 5 73
856 13 5 46
2248 13 6 30
4964 13 6 37
105 13 6 61
2179 13 6 16
1859 13 6 84
3725 13 6 56
1941 13 6 6
1350 13 7 4
1642 13 7 38
786 13 7 45
4027 13 7 21
1504 13 7 55
2059 13 7 93
447 13 7 68
133 13 7 62
3977 13 8 47
3354 13 8 24
3426 13 8 90
2716 13 8 36
994 13 8 5
3372 13 8 70
1052 13 8 56
1364 13 8 9
1898 13 8 63
666 13 8 43
580 13 9 4
2381 13 9 90
3828 13 9 36
1369 13 9 40
1868 13 9 81
1155 13 9 50
601 13 9 15
4515 13 9 21
590 13 10 22
3323 13 10 91
3602 13 10 4
3688 13 10 61
809 13 10 41
3472 13 10 37
1892 13 10 84
2688 13 11 92
2680 13 11 85
3180 13 11 71
1629 13 11 47
875 13 11 4
4778 13 11 35
751 13 11 66
3490 13 11 54
1283 13 11 80
1984 13 11 23
2703 13 11 43
216 13 11 62
1797 13 11 13
3363 13 12 12
2737 13 12 9
4217 13 12 67
852 13 12 79
4786 13 12 4
471 13 12 31
762 13 12 75
3631 13 12 34
621 13 12 25
1574 13 12 22
2224 13 12 49
4334 13 12 57
732 13 12 71
560 13 13 33
4546 13 13 3
4100 13 13 93
2748 13 13 10
4033 13 13 53
4738 13 13 69
4191 13 13 86
3087 13 13 19
1316 13 14 6
2406 13 14 22
2850 13 14 19
3440 13 14 39
2867 13 14 34
3927 13 14 13
2467 13 14 3
1547 13 14 58
1518 13 15 21
1523 13 15 74
2370 13 15 43
3545 13 15 10
2184 13 15 24
3580 13 15 89
192 13 15 17
3795 13 15 84
1250 13 15 38
4850 13 15 3
3 13 16 60
3810 13 16 20
1567 13 16 25
3333 13 16 56
2215 13 16 52
1136 13 16 36
645 13 16 95
2359 13 16 3
459 13 16 31
1408 13 16 85
4819 13 17 52
514 13 17 49
2930 13 17 6
2077 13 17 13
3280 13 17 20
2010 13 17 34
2191 13 17 77
2946 13 17 3
1753 13 17 57
295 13 17 82
1301 13 17 38
579 13 18 13
1189 13 18 28
533 13 18 31
1761 13 18 50
2143 13 18 47
2060 13 18 94
1118 13 18 8
4782 13 18 4
2362 13 18 36
4935 13 18 59
1486 13 18 71
4344 13 19 44
753 13 19 49
2471 13 19 85
214 13 19 78
3076 13 19 57
733 13 19 15
3091 13 19 34
193 13 19 3
4609 13 19 66
2917 13 19 95
789 13 19 38
3839 14 0 70
890 14 0 40
841 14 0 6
3840 14 0 56
3388 14 0 62
2598 14 0 48
208 14 0 19
3306 14 0 91
1192 14 0 35
4587 14 1 6
4538 14 1 83
4532 14 1 76
3653 14 1 30
3879 14 1 42
4506 14 1 37
4910 14 1 10
2480 14 1 53
543 14 1 69
3129 14 1 24
941 14 2 36
3831 14 2 44
1667 14 2 58
4323 14 2 7
1714 14 2 64
4231 14 2 80
4113 14 2 28
2847 14 2 11
2159 14 3 28
1191 14 3 6
2910 14 3 40
1773 14 3 35
1587 14 3 46
1770 14 3 53
2976 14 3 61
1503 14 3 19
309 14 3 67
2481 14 3 90
4348 14 4 22
3445 14 4 36
1260 14 4 74
4564 14 4 6
1332 14 4 59
646 14 4 30
3640 14 4 91
294 14 4 79
4500 14 4 63
462 14 5 5
4210 14 5 81
4209 14 5 29
3577 14 5 13
4530 14 5 46
2654 14 6 61
4168 14 6 84
3609 14 6 37
731 14 6 5
4 14 6 16
549 14 7 69
2003 14 7 20
2524 14 7 38
1973 14 7 55
1746 14 7 4
812 14 7 62
2993 14 7 45
232 14 7 93
3980 14 8 47
3160 14 8 5
4265 14 8 24
4551 14 8 36
893 14 8 43
1108 14 8 56
3317 14 8 91
2895 14 8 63
4854 14 8 9
4920 14 8 70
4122 14 9 40
4694 14 9 50
4855 14 9 69
4473 14 9 90
1185 14 9 21
2444 14 9 4
770 14 9 15
3843 14 10 4
1952 14 10 41
2526 14 10 84
700 14 10 12
2931 14 10 22
379 14 10 17
1472 14 10 60
4069 14 10 91
3616 14 10 37
488 14 10 70
555 14 11 35
310 14 11 62
4053 14 11 71
2629 14 11 66
2438 14 11 4
4391 14 11 54
2831 14 11 13
1601 14 11 80
118 14 11 92
4594 14 11 85
2752 14 11 47
2404 14 11 23
920 14 12 12
1212 14 12 71
2624 14 12 34
3850 14 12 75
4048 14 12 83
704 14 12 57
1113 14 12 3
3728 14 12 9
1526 14 12 25
3674 14 12 79
619 14 12 31
2558 14 13 86
326 14 13 3
876 14 13 78
4474 14 13 71
286 14 13 53
3077 14 13 10
430 14 13 38
1374 14 13 49
322 14 13 19
1849 14 14 13
3305 14 14 3
2770 14 14 92
4354 14 14 95
4374 14 14 67
4689 14 14 34
3700 14 14 58
1097 14 14 42
3034 14 14 22
3685 14 15 24
2057 14 15 59
4678 14 15 84
2728 14 15 74
4357 14 15 38
3924 14 15 17
3770 14 15 89
4007 14 15 21
251 14 15 3
3857 14 15 43
3053 14 16 21
565 14 16 55
2163 14 16 25
2329 14 16 31
4283 14 16 60
2061 14 16 63
354 14 16 85
913 14 16 3
4595 14 16 36
1051 14 16 68
1372 14 17 49
1608 14 17 38
2631 14 17 12
768 14 17 21
1757 14 17 3
1888 14 17 74
2288 14 17 77
332 14 17 82
4516 14 17 57
2513 14 17 44
3096 14 18 28
3702 14 18 86
4795 14 18 50
1645 14 18 13
2717 14 18 36
1168 14 18 8
3583 14 18 64
3889 14 18 74
16 14 18 3
840 14 18 31
4324 14 18 59
2849 14 18 94
2376 14 18 47
777 14 19 11
1048 14 19 15
1451 14 19 3
4015 14 19 85
375 14 19 59
966 14 19 71
4263 14 19 49
1605 14 19 38
1920 14 19 44
2183 14 19 78
4937 14 19 34
1078 14 19 65
1864 15 0 5
1643 15 0 19
1570 15 0 91
2569 15 0 35
4876 15 0 48
4114 15 0 56
152 15 0 70
2090 15 0 39
4197 15 0 62
940 15 0 81
4627 15 1 76
3466 15 1 53
3783 15 1 18
2228 15 1 5
1913 15 1 10
873 15 1 30
830 15 1 69
448 15 1 47
501 15 1 82
306 15 1 91
4104 15 1 42
2510 15 2 36
4091 15 2 29
1711 15 2 44
4801 15 2 80
1462 15 2 11
511 15 2 5
4112 15 2 64
2950 15 2 87
2668 15 3 35
1718 15 3 19
2671 15 3 28
3287 15 3 46
2749 15 3 53
3156 15 3 40
1093 15 3 5
38 15 3 81
338 15 3 60
3573 15 3 90
957 15 3 67
3635 15 4 36
2201 15 4 67
4438 15 4 91
2493 15 4 74
2838 15 4 62
3415 15 4 15
1335 15 4 30
2830 15 4 79
1431 15 4 59
458 15 4 6
2185 15 5 76
131 15 5 28
3442 15 5 62
710 15 5 4
2527 15 5 55
260 15 5 34
3756 15 5 18
4145 15 5 68
1016 15 5 87
254 15 6 29
4090 15 6 87
4511 15 6 19
2754 15 6 62
1637 15 6 5
2502 15 6 55
1289 15 6 93
2548 15 6 34
4590 15 6 45
3899 15 6 68
3763 15 7 38
2014 15 7 55
3668 15 7 87
3299 15 7 20
512 15 7 5
3862 15 7 45
1676 15 7 62
351 15 7 93
3877 15 7 69
4828 15 8 5
4426 15 8 19
1413 15 8 56
4135 15 8 24
971 15 8 43
4670 15 8 33
647 15 8 63
2083 15 8 76
1143 15 8 93
1156 15 8 47
26 15 8 9
253 15 8 70
1690 15 9 15
3358 15 9 21
3043 15 9 43
2651 15 9 4
4675 15 9 69
1233 15 9 54
2221 15 10 70
2496 15 10 41
3044 15 10 60
3782 15 10 37
1079 15 10 50
4304 15 10 22
2038 15 10 12
962 15 10 17
1657 15 10 84
4927 15 10 4
4061 15 11 13
2226 15 11 71
1102 15 11 35
442 15 11 30
4045 15 11 23
328 15 11 92
4579 15 11 54
392 15 11 62
3114 15 11 66
4686 15 11 85
3766 15 11 47
3456 15 11 4
3241 15 12 44
2033 15 12 57
4844 15 12 31
1441 15 12 71
3939 15 12 75
11 15 12 79
229 15 12 83
3250 15 12 3
4931 15 12 48
1543 15 12 12
3717 15 12 34
3284 15 12 25
1552 15 13 73
4287 15 13 3
1053 15 13 9
1502 15 13 38
365 15 13 78
2964 15 13 49
2203 15 13 82
3278 15 13 86
1036 15 13 19
1791 15 13 53
1538 15 14 58
2760 15 14 67
3891 15 14 3
4914 15 14 22
901 15 14 73
3576 15 14 61
2047 15 14 13
3337 15 14 92
4677 15 14 42
4783 15 14 34
722 15 15 17
464 15 15 43
39 15 15 21
2145 15 15 38
2413 15 15 65
4337 15 15 24
3844 15 15 74
36 15 15 61
4950 15 15 84
1271 15 15 3
3991 15 15 89
3530 15 16 60
1760 15 16 82
3436 15 16 3
2464 15 16 25
1592 15 16 88
3586 15 16 36
2722 15 16 31
802 15 16 57
4942 15 16 68
4877 15 16 23
40 15 17 21
4269 15 17 12
3622 15 17 44
2959 15 17 49
3984 15 17 3
250 15 17 57
2553 15 17 77
837 15 17 82
4318 15 17 92
4389 15 18 74
788 15 18 3
3432 15 18 8
3191 15 18 94
3561 15 18 46
4637 15 18 50
4139 15 18 86
3454 15 18 31
2874 15 18 64
4605 15 18 13
3307 15 18 36
403 15 19 44
2523 15 19 65
2396 15 19 15
2220 15 19 3
2355 15 19 71
2531 15 19 85
3430 15 19 78
2636 15 19 38
1566 15 19 61
4158 15 19 49
6 16 0 89
1925 16 0 34
467 16 0 61
4742 16 0 5
496 16 0 48
1751 16 0 19
564 16 0 70
676 16 0 13
3457 16 0 81
2130 16 0 39
3950 16 1 53
2859 16 1 91
1484 16 1 76
2988 16 1 18
3481 16 1 69
574 16 1 30
652 16 1 82
644 16 1 47
1766 16 1 5
2963 16 2 44
3375 16 2 36
3706 16 2 87
452 16 2 64
4387 16 2 29
1581 16 2 5
2772 16 2 81
3209 16 2 11
1841 16 3 19
2897 16 3 28
2953 16 3 35
4976 16 3 5
863 16 3 60
2419 16 3 67
2360 16 3 13
1729 16 3 40
3578 16 3 81
1905 16 3 89
3163 16 3 53
4559 16 4 79
1820 16 4 6
4142 16 4 36
3308 16 4 54
3018 16 4 91
540 16 4 62
4330 16 4 15
1759 16 4 30
370 16 4 58
916 16 4 74
1259 16 5 87
3951 16 5 62
4441 16 5 55
919 16 5 5
1742 16 5 52
4373 16 5 76
4871 16 5 68
2324 16 5 16
4583 16 5 34
257 16 5 28
2425 16 6 62
4003 16 6 80
4080 16 6 29
2837 16 6 20
2933 16 6 53
1468 16 6 93
1821 16 6 5
2777 16 7 92
4211 16 7 23
3256 16 7 4
4310 16 7 69
84 16 7 32
4256 16 7 60
3566 16 7 77
4148 16 7 83
3603 16 7 38
744 16 7 15
4740 16 8 29
1223 16 8 33
2679 16 8 76
3508 16 8 5
273 16 8 53
1803 16 8 93
2601 16 8 56
296 16 8 70
1169 16 8 23
4652 16 8 19
1648 16 8 47
671 16 8 63
4903 16 9 21
729 16 9 59
4584 16 9 43
1696 16 9 54
369 16 9 79
3500 16 9 15
1160 16 9 48
3526 16 9 4
2764 16 10 4
3903 16 10 41
1578 16 10 50
718 16 10 70
2030 16 10 22
3132 16 10 84
1256 16 10 17
4699 16 10 60
2956 16 11 62
3324 16 11 13
4923 16 11 54
2525 16 11 35
3611 16 11 4
3231 16 11 66
4766 16 11 92
834 16 11 30
2285 16 11 71
3982 16 11 47
4915 16 12 57
820 16 12 83
426 16 12 2
53 16 12 30
4878 16 12 34
4078 16 12 71
169 16 12 79
1247 16 12 12
2123 16 12 54
1623 16 12 44
4676 16 12 75
424 16 13 48
1800 16 13 78
4496 16 13 86
2678 16 13 75
3981 16 13 82
233 16 13 2
885 16 13 43
2695 16 13 53
2076 16 13 9
697 16 13 96
4919 16 13 19
4081 16 14 92
2833 16 14 67
4031 16 14 73
2316 16 14 39
609 16 14 22
1114 16 14 88
266 16 14 42
90 16 14 2
4355 16 14 13
4017 16 14 61
4612 16 15 89
4767 16 15 39
853 16 15 43
487 16 15 2
157 16 15 21
4055 16 15 65
2046 16 15 17
4608 16 15 74
3214 16 15 70
898 16 15 24
3748 16 15 83
135 16 16 2
3281 16 16 25
1137 16 16 68
3158 16 16 88
3905 16 16 31
4286 16 16 20
947 16 16 36
3729 16 16 60
4861 16 17 77
2643 16 17 2
1598 16 17 44
2476 16 17 21
3080 16 17 82
3112 16 17 49
1834 16 17 57
727 16 17 11
625 16 17 92
3916 16 18 36
161 16 18 2
285 16 18 90
3288 16 18 74
4803 16 18 94
724 16 18 70
212 16 18 13
3675 16 18 8
4698 16 18 50
4422 16 18 61
2456 16 18 64
3796 16 18 46
618 16 19 44
2888 16 19 15
3081 16 19 38
3309 16 19 49
4502 16 19 78
4881 16 19 85
329 16 19 75
3898 16 19 3
4630 16 19 70
3312 16 19 65
2681 17 0 5
3422 17 0 19
3650 17 0 39
1208 17 0 61
2157 17 0 70
1306 17 0 48
337 17 0 88
1604 17 0 81
2190 17 1 30
1294 17 1 90
2398 17 1 5
1725 17 1 76
1477 17 1 82
4509 17 1 18
141 17 1 53
1799 17 2 5
4359 17 2 87
4446 17 2 11
3240 17 2 44
1532 17 2 64
4884 17 2 29
3570 17 2 36
3613 17 3 67
2447 17 3 89
1128 17 3 5
3453 17 3 28
3371 17 3 19
4108 17 3 40
2550 17 3 60
3046 17 3 35
334 17 3 81
800 17 4 58
1846 17 4 74
3396 17 4 54
1561 17 4 62
4423 17 4 36
2781 17 4 6
3491 17 4 79
2089 17 4 15
1328 17 5 68
4681 17 5 55
479 17 5 28
4573 17 5 16
4149 17 5 87
961 17 5 61
4295 17 5 34
1777 17 5 5
2852 17 6 93
3858 17 6 53
4272 17 6 29
2317 17 6 19
2494 17 6 14
3127 17 6 4
3614 17 6 62
3727 17 6 80
4730 17 6 85
1411 17 7 38
4137 17 7 69
313 17 7 83
2126 17 7 93
4563 17 7 4
1315 17 7 15
2346 17 7 23
223 17 8 4
4894 17 8 29
2828 17 8 33
1684 17 8 47
648 17 8 53
1313 17 8 19
2763 17 8 56
2673 17 8 70
1805 17 8 14
4640 17 8 76
1982 17 9 29
1835 17 9 48
1993 17 9 81
2726 17 9 21
2416 17 9 59
3664 17 9 4
3940 17 9 15
3338 17 9 54
4721 17 10 41
1358 17 10 17
3304 17 10 22
3856 17 10 50
4247 17 10 4
664 17 10 60
4656 17 10 84
1924 17 10 56
4356 17 11 4
3742 17 11 66
165 17 11 13
2320 17 11 54
4315 17 11 35
1388 17 11 71
3332 17 11 46
4472 17 11 79
4753 17 12 75
240 17 12 79
4954 17 12 34
807 17 12 57
2108 17 12 2
259 17 12 12
1378 17 12 44
1347 17 12 83
43 17 13 16
4625 17 13 86
726 17 13 2
4189 17 13 9
4684 17 13 78
3730 17 13 45
1595 17 13 96
298 17 13 19
331 17 13 82
1897 17 13 53
2693 17 13 48
4097 17 14 39
3632 17 14 42
2489 17 14 22
4336 17 14 13
3413 17 14 67
1553 17 14 18
439 17 14 73
482 17 14 2
4451 17 14 92
3670 17 15 24
3406 17 15 70
3785 17 15 21
4706 17 15 89
2719 17 15 74
1726 17 15 2
4128 17 15 17
4835 17 15 39
1914 17 15 43
4326 17 16 36
3276 17 16 39
4403 17 16 20
1180 17 16 68
4375 17 16 25
1382 17 16 88
2295 17 16 2
3247 17 17 44
3150 17 17 21
1009 17 17 2
4896 17 17 92
4614 17 17 57
3300 17 17 49
3818 17 17 82
78 17 17 19
1670 17 18 2
4347 17 18 13
1765 17 18 64
418 17 18 45
4154 17 18 90
1265 17 18 19
2353 17 18 50
3893 17 18 74
4970 17 18 94
4843 17 19 44
481 17 19 15
1517 17 19 70
2461 17 19 78
2932 17 19 49
2055 17 19 2
277 18 0 18
2001 18 0 88
3262 18 0 5
2253 18 0 61
2539 18 0 70
4291 18 0 48
810 18 0 82
2497 18 1 82
4717 18 1 18
4617 18 1 36
632 18 1 75
3837 18 1 30
3846 18 1 5
2645 18 1 90
1286 18 1 53
2885 18 2 64
4406 18 2 87
2195 18 2 5
4696 18 2 44
4888 18 2 36
3475 18 2 11
388 18 3 67
3411 18 3 88
4818 18 3 62
3869 18 3 35
874 18 3 40
4223 18 3 19
2879 18 3 5
1603 18 4 58
569 18 4 62
4043 18 4 6
3599 18 4 15
1842 18 4 36
3882 18 4 79
4466 18 5 87
1338 18 5 34
3966 18 5 68
2274 18 5 16
3672 18 5 29
1122 18 5 61
3998 18 5 82
832 18 5 4
3031 18 6 19
4539 18 6 62
4812 18 6 53
1921 18 6 85
1808 18 6 4
4320 18 6 29
3223 18 7 93
2813 18 7 38
1034 18 7 4
3896 18 7 23
4393 18 7 83
921 18 7 20
3788 18 8 56
4693 18 8 33
2196 18 8 4
982 18 8 19
3059 18 8 76
3195 18 8 70
3168 18 8 53
4117 18 9 21
3913 18 9 81
2567 18 9 4
2845 18 9 59
3349 18 9 54
3953 18 9 29
3222 18 10 80
2410 18 10 84
2178 18 10 22
4144 18 10 76
1234 18 10 4
3522 18 10 50
1270 18 10 60
3444 18 11 13
4603 18 11 4
3369 18 11 46
3739 18 11 54
4028 18 11 66
3079 18 11 71
1758 18 11 79
2803 18 12 2
1559 18 12 44
244 18 12 12
3659 18 12 83
4526 18 12 57
3870 18 12 79
3232 18 13 96
3655 18 13 82
4897 18 13 48
378 18 13 53
4463 18 13 19
4669 18 13 86
303 18 13 2
4332 18 13 16
2689 18 14 18
1977 18 14 42
4834 18 14 2
4955 18 14 39
2170 18 14 73
3575 18 14 22
2373 18 14 96
3532 18 15 89
4314 18 15 21
2853 18 15 2
319 18 15 24
3370 18 15 43
1158 18 15 96
4887 18 15 74
3625 18 16 2
4412 18 16 20
924 18 16 25
2575 18 16 68
4813 18 16 39
2771 18 17 91
3554 18 17 21
3319 18 17 18
4417 18 17 2
3495 18 17 49
678 18 17 57
1795 18 17 68
2990 18 18 19
3762 18 18 64
3677 18 18 50
4535 18 18 13
4032 18 18 2
120 18 18 74
987 18 18 94
4799 18 19 70
3196 18 19 2
2557 18 19 78
1837 18 19 15
2999 18 19 49
136 19 0 88
474 19 0 18
4109 19 0 5
667 19 0 70
3480 19 0 48
4578 19 1 19
3348 19 1 36
3438 19 1 70
385 19 1 82
4858 19 1 5
1583 19 2 19
4268 19 2 5
4339 19 2 44
3784 19 2 86
4972 19 3 40
3582 19 3 5
2789 19 3 67
3935 19 3 19
524 19 4 5
1731 19 4 40
3841 19 4 15
2422 19 4 62
4118 19 5 34
1515 19 5 16
532 19 5 87
1490 19 5 3
2898 19 5 68
3958 19 6 4
1542 19 6 29
124 19 6 87
1963 19 6 62
3485 19 7 83
2086 19 7 62
3210 19 7 4
3447 19 7 23
423 19 8 56
3964 19 8 4
2458 19 8 83
2044 19 8 33
861 19 9 29
2863 19 9 59
3401 19 9 4
393 19 9 81
717 19 10 4
1890 19 10 60
3994 19 10 29
1695 19 10 80
1175 19 11 13
198 19 11 71
4925 19 11 54
4655 19 11 4
4233 19 12 83
2072 19 12 12
25 19 12 57
2957 19 12 2
4439 19 13 86
990 19 13 53
2626 19 13 2
1942 19 13 19
1058 19 14 89
1159 19 14 42
3860 19 14 22
4743 19 14 2
1394 19 15 43
4648 19 15 24
4645 19 15 2
1922 19 15 89
3125 19 16 2
3473 19 16 39
3002 19 16 25
2006 19 17 57
7 19 17 68
1679 19 17 21
4947 19 17 2
3985 19 18 2
376 19 18 74
4798 19 18 64
3277 19 18 19
2174 19 19 2
1092 19 19 49
2784 19 19 78
