2338
46 0 0 1
3834 0 0 21
5406 0 0 73
2249 0 1 17
5656 0 1 75
2629 0 1 1
260 0 2 1
3852 0 2 84
5184 0 2 3
2499 0 3 1
4609 0 3 16
4570 0 3 88
5496 0 4 32
5359 0 4 75
4860 0 4 13
946 0 4 6
5631 0 4 46
2846 0 4 88
1065 0 5 6
4024 0 5 76
1666 0 5 89
3810 0 5 51
3216 0 5 34
3180 0 5 13
4797 0 6 70
1576 0 6 34
3741 0 6 13
3884 0 6 54
1345 0 6 6
1929 0 7 52
2676 0 7 6
4658 0 7 37
5590 0 7 80
1449 0 7 19
979 0 8 6
4400 0 8 33
2674 0 8 61
2402 0 8 19
5421 0 8 77
948 0 9 34
3843 0 9 1
4028 0 9 11
4753 0 9 80
4897 0 10 1
1116 0 10 26
2119 0 10 57
4752 0 10 85
1527 0 11 50
1040 0 11 6
4935 0 11 86
2908 0 11 1
5075 0 12 77
2416 0 12 2
5296 0 12 47
89 0 12 54
2762 0 12 27
4531 0 12 82
1506 0 13 82
4612 0 13 47
4516 0 13 77
5412 0 13 27
84 0 13 54
4726 0 13 44
2293 0 13 2
4547 0 14 23
4706 0 14 27
3038 0 14 40
4649 0 14 44
4519 0 14 47
4247 0 14 54
1795 0 14 77
3878 0 14 2
2801 0 14 75
5556 0 14 82
3214 0 14 94
4454 0 15 52
1856 0 15 2
5120 0 15 79
2793 0 15 26
827 0 16 53
1189 0 16 78
2829 0 16 2
3291 0 16 19
5022 0 17 76
2685 0 17 19
4210 0 17 57
1783 0 17 2
4593 0 18 2
3882 0 18 57
2143 0 18 72
1617 0 18 16
775 0 19 2
664 0 19 23
460 0 19 54
2149 0 19 94
1633 1 0 1
5627 1 0 17
3132 1 0 73
3995 1 0 98
2562 1 0 62
754 1 0 21
5559 1 1 1
3698 1 1 14
4053 1 1 52
5314 1 1 75
2163 1 1 17
3717 1 1 96
2895 1 2 98
1881 1 2 37
4558 1 2 3
4876 1 2 84
5568 1 3 16
1840 1 3 36
1358 1 3 1
4542 1 3 88
4656 1 4 27
5361 1 4 32
2809 1 4 88
3181 1 4 13
613 1 4 6
5069 1 4 75
2430 1 4 70
1421 1 4 46
2387 1 5 31
5367 1 5 47
715 1 5 51
1708 1 5 76
2734 1 5 89
5665 1 5 70
2091 1 5 7
5486 1 6 70
4573 1 6 34
2506 1 6 54
4923 1 6 63
4373 1 6 86
2695 1 6 29
3030 1 6 7
3839 1 6 49
439 1 7 80
426 1 7 19
4376 1 7 6
5092 1 7 52
5604 1 7 77
3879 1 7 37
5655 1 7 13
4802 1 8 52
4229 1 8 33
1563 1 8 61
3554 1 8 16
4417 1 8 77
1518 1 8 6
3388 1 9 1
5607 1 9 62
2084 1 9 80
746 1 9 34
2115 1 9 11
4580 1 10 53
3474 1 10 11
5250 1 10 79
5680 1 10 57
2741 1 10 26
1060 1 10 1
2879 1 10 91
4146 1 10 85
4032 1 11 86
5352 1 11 2
5325 1 11 6
4428 1 11 80
4235 1 11 50
3473 1 11 35
4836 1 12 27
3791 1 12 54
4762 1 12 2
4870 1 12 82
137 1 13 86
5531 1 13 2
5362 1 13 16
3170 1 13 58
5675 1 14 28
4262 1 14 58
3278 1 14 44
5042 1 14 86
4432 1 14 4
2175 1 15 43
5563 1 15 4
3581 1 15 57
4496 1 15 85
3776 1 15 28
2564 1 16 4
2422 1 16 96
5114 1 16 85
4704 1 16 57
1702 1 16 47
1863 1 16 43
2931 1 16 28
77 1 16 23
3662 1 17 28
71 1 17 3
2807 1 17 33
5132 1 17 57
3504 1 17 23
3756 1 17 43
577 1 17 68
2362 1 17 20
2615 1 17 36
1044 1 17 51
1224 1 17 84
1075 1 17 95
2510 1 17 47
3482 1 18 68
1063 1 18 51
1183 1 18 56
895 1 18 3
2729 1 18 9
2622 1 18 20
2321 1 18 42
1577 1 18 36
2870 1 18 47
3092 1 18 33
1425 1 18 84
4471 1 18 23
1724 1 18 94
5050 1 18 75
5074 1 18 28
4569 1 19 23
665 1 19 28
1413 1 19 15
4337 1 19 50
1781 1 19 94
4249 1 19 19
3301 1 19 84
2173 1 19 2
1917 1 19 54
4180 2 4 7
355 2 4 16
1952 2 4 20
2720 2 4 63
5273 2 4 37
2368 2 4 82
1941 2 5 82
4695 2 5 37
953 2 5 16
4794 2 5 7
3648 2 5 63
2547 2 5 20
2254 2 6 34
858 2 6 63
2356 2 6 29
1936 2 6 54
3542 2 6 49
2476 2 6 81
2847 2 6 7
3682 2 6 86
3809 2 7 37
3956 2 7 93
3434 2 7 13
943 2 7 32
3691 2 7 6
5368 2 7 19
207 2 7 57
4372 2 7 80
5004 2 7 77
3711 2 8 52
1833 2 8 29
3277 2 8 76
4458 2 8 16
54 2 8 6
1139 2 8 33
402 2 8 61
2132 2 9 32
5028 2 9 80
2735 2 9 11
4497 2 9 59
163 2 9 34
5495 2 9 2
2527 2 9 91
5152 2 9 62
2664 2 10 91
4505 2 10 86
5501 2 10 9
3446 2 10 26
1232 2 10 1
4078 2 10 53
5142 2 10 57
1320 2 10 74
3856 2 10 79
5317 2 10 48
453 2 11 35
1467 2 11 86
4988 2 11 29
5313 2 11 2
1102 2 11 50
3472 2 11 80
1995 2 11 6
1697 2 12 12
4184 2 12 80
5089 2 12 47
2833 2 12 2
4694 2 13 2
3824 2 13 12
583 2 13 18
3097 2 13 81
1272 2 14 28
2759 2 14 4
3383 2 14 58
4899 2 14 86
4534 2 15 13
2147 2 15 2
3969 2 15 68
5488 2 15 40
1592 2 15 81
4227 2 15 32
2196 2 15 92
4929 2 15 35
5206 2 15 84
4716 2 15 74
4997 2 15 17
1971 2 16 92
4673 2 16 17
5163 2 16 51
4450 2 16 65
2677 2 16 32
1591 2 16 2
5546 2 16 56
2205 2 16 35
4500 2 16 84
4465 2 16 74
1221 2 16 81
3511 2 16 9
3708 2 16 13
3454 2 16 68
3050 2 16 41
1740 2 17 74
96 2 17 35
2637 2 17 32
2375 2 17 20
3333 2 17 65
2778 2 17 41
1472 2 17 17
1851 2 17 56
5160 2 17 94
4046 2 17 84
292 2 17 2
3293 2 17 9
3709 2 17 51
2307 2 17 13
3332 2 17 68
5490 2 18 47
1705 2 18 56
4648 2 18 18
2322 2 18 20
1455 2 18 68
360 2 18 32
1352 2 18 3
2946 2 18 9
1157 2 18 74
1020 2 18 36
699 2 18 78
4005 2 18 84
3449 2 18 51
3583 2 18 42
513 2 18 65
3257 2 18 14
2062 2 18 94
5030 2 19 15
5678 2 19 93
3249 2 19 19
4469 2 19 56
5508 2 19 2
5194 2 19 28
629 2 19 74
983 3 0 71
3098 3 0 1
4385 3 0 97
3822 3 0 7
932 3 1 27
2458 3 1 67
1140 3 1 98
3548 3 1 1
5611 3 2 50
1499 3 2 1
415 3 2 25
4655 3 4 84
3205 3 4 58
3350 3 4 36
4064 3 4 6
5007 3 4 19
601 3 5 6
4936 3 5 63
5149 3 5 82
4209 3 5 20
1202 3 5 37
7 3 6 62
4679 3 6 20
1981 3 6 37
1623 3 6 6
4451 3 6 81
221 3 6 77
2146 3 7 6
4984 3 7 20
5119 3 7 37
1248 3 7 80
3538 3 7 49
4733 3 7 61
1249 3 7 57
958 3 7 77
4661 3 8 35
3426 3 8 70
1647 3 8 16
2274 3 8 89
4284 3 8 49
5176 3 8 20
4360 3 8 76
2532 3 8 55
4065 3 8 11
2911 3 8 6
5389 3 8 61
2342 3 9 34
4690 3 9 62
2129 3 9 91
849 3 9 56
3773 3 9 2
2414 3 9 11
4827 3 9 80
967 3 9 59
3040 3 10 59
5208 3 10 74
4972 3 10 48
718 3 10 91
3015 3 10 80
4687 3 10 34
3611 3 10 53
2824 3 10 2
3151 3 10 11
5543 3 10 62
3637 3 10 86
2112 3 10 9
5576 3 10 26
5157 3 10 70
4277 3 11 29
3007 3 11 11
4248 3 11 74
5581 3 11 91
1524 3 11 70
2418 3 11 86
2962 3 11 62
4805 3 11 35
2938 3 11 80
4579 3 11 2
2926 3 12 47
856 3 12 80
3915 3 12 73
386 3 12 12
2684 3 12 2
1445 3 13 2
5619 3 13 39
4174 3 13 47
4358 3 13 73
863 3 13 92
5402 3 13 12
4466 3 13 68
2608 3 14 86
3253 3 14 58
970 3 14 4
4931 3 15 35
5153 3 15 74
253 3 15 84
4297 3 15 40
1512 3 15 2
593 3 15 17
3659 3 16 56
3222 3 16 81
4399 3 16 2
864 3 16 13
1622 3 16 41
4456 3 17 17
2994 3 17 20
1582 3 17 94
2036 3 17 63
3489 3 17 2
728 3 17 35
4165 3 18 82
4391 3 18 42
1391 3 18 2
1934 3 18 47
4014 3 18 92
5239 3 18 14
4021 3 19 93
3083 3 19 28
623 3 19 2
3955 3 19 19
2270 3 19 74
1819 4 0 71
5499 4 0 93
2731 4 0 52
4038 4 0 97
2399 4 0 1
4732 4 0 7
3775 4 1 52
2398 4 1 91
5285 4 1 48
3871 4 1 71
5112 4 1 67
5647 4 1 27
2126 4 1 7
1747 4 1 1
1451 4 1 98
3379 4 1 93
319 4 2 52
1429 4 2 7
5481 4 2 45
875 4 2 1
4851 4 2 67
243 4 2 91
2174 4 2 87
525 4 2 93
3945 4 2 71
4996 4 2 27
551 4 4 61
5357 4 4 33
5399 4 4 84
3590 4 4 6
5217 4 4 20
2678 4 5 6
95 4 5 34
2087 4 5 15
5326 4 5 57
3101 4 5 53
955 4 5 73
3185 4 5 88
1996 4 6 6
1641 4 6 15
1849 4 6 48
1973 4 6 62
1453 4 6 34
4977 4 7 30
3731 4 7 54
2681 4 7 13
1893 4 7 6
2239 4 7 36
4686 4 7 71
2945 4 8 6
3271 4 8 28
171 4 8 11
5449 4 8 35
5513 4 8 55
5457 4 8 20
3481 4 8 75
4085 4 8 70
2610 4 8 89
2702 4 8 49
1379 4 9 49
5129 4 9 2
3716 4 9 20
1378 4 9 88
4586 4 10 64
2443 4 10 2
3944 4 10 32
3553 4 10 89
5413 4 11 23
600 4 11 62
566 4 11 86
4792 4 11 11
3635 4 11 29
2830 4 11 2
1953 4 11 80
3796 4 11 74
4406 4 11 35
3175 4 11 91
1763 4 12 2
1514 4 12 16
2991 4 12 80
2445 4 12 30
1489 4 13 59
73 4 13 86
3543 4 14 46
5192 4 14 65
1395 4 14 4
4818 4 14 59
5638 4 14 86
2900 4 15 17
2444 4 15 84
3009 4 15 2
4271 4 15 40
5483 4 16 2
4614 4 16 81
2267 4 16 13
3846 4 16 56
2118 4 17 94
3897 4 17 20
1294 4 17 2
3145 4 17 35
5070 4 18 2
2679 4 18 47
5555 4 18 92
3738 4 18 14
1099 4 19 2
4782 4 19 92
4070 4 19 19
4768 4 19 28
2145 5 0 6
3516 5 0 16
4091 5 0 39
4939 5 0 61
5187 5 0 87
4499 5 3 47
2358 5 4 16
2022 5 4 6
3658 5 4 87
2381 5 4 39
2550 5 4 61
4696 5 5 73
5514 5 5 34
5344 5 5 57
2984 5 5 6
3844 5 5 15
2480 5 6 6
2461 5 6 36
3982 5 6 48
136 5 6 75
2959 5 6 13
1879 5 7 54
3663 5 7 36
357 5 7 75
2613 5 7 6
4857 5 7 13
1182 5 8 35
1974 5 8 6
1904 5 8 75
969 5 8 20
4886 5 8 55
3002 5 9 2
3146 5 9 89
4532 5 9 20
4592 5 9 41
4976 5 9 49
4854 5 9 79
4588 5 10 41
2580 5 10 2
474 5 10 37
5369 5 10 64
585 5 10 89
3905 5 10 20
1359 5 10 49
4258 5 10 79
3355 5 11 41
1208 5 11 11
3805 5 11 4
3523 5 11 74
5289 5 11 91
4173 5 11 39
5275 5 11 81
2442 5 11 2
5139 5 11 23
4966 5 11 64
3605 5 11 94
4556 5 11 20
219 5 14 40
4312 5 14 92
4371 5 14 3
154 5 14 44
2594 5 14 48
5118 5 14 81
4724 5 14 28
4748 5 14 15
4523 5 14 76
5370 5 15 28
1651 5 15 48
5674 5 15 81
4327 5 15 92
557 5 15 3
5175 5 15 44
3024 5 16 41
1426 5 16 3
2569 5 16 70
3891 5 16 88
4737 5 17 42
1082 5 17 66
788 5 17 70
2234 5 17 3
3591 5 17 88
5666 5 18 18
3559 5 18 3
4761 5 18 87
4265 5 18 68
3920 5 19 87
768 5 19 3
12 5 19 29
1003 5 19 64
4602 6 0 89
1792 6 0 6
4626 6 0 17
4440 6 0 39
3585 6 0 61
3885 6 2 22
2920 6 2 51
3079 6 2 6
5116 6 2 38
1670 6 3 76
1789 6 3 82
214 6 3 17
3430 6 3 61
3248 6 3 43
2097 6 3 6
1111 6 4 12
791 6 4 1
3723 6 4 75
31 6 4 96
2082 6 5 38
5260 6 5 66
1992 6 5 10
5237 6 5 3
5472 6 6 3
3099 6 6 10
1876 6 6 37
5079 6 6 69
3509 6 7 3
1570 6 7 14
3244 6 7 38
1372 6 7 73
1542 6 8 15
2066 6 8 3
4483 6 8 38
1765 6 8 73
4871 6 9 3
3112 6 9 48
2038 6 9 79
3577 6 9 8
3320 6 10 3
2726 6 10 37
5218 6 10 26
2646 6 10 83
4251 6 11 81
3086 6 11 39
1638 6 11 91
4784 6 11 11
2626 6 11 75
4907 6 11 65
5137 6 12 69
4559 6 12 22
3651 6 12 78
1916 6 12 47
3909 6 12 3
3500 6 12 85
3373 6 12 34
1086 6 13 3
153 6 13 93
162 6 14 3
5554 6 14 17
813 6 14 29
1433 6 15 48
1168 6 15 3
3488 6 15 28
5572 6 15 92
4660 6 16 88
1008 6 16 41
4921 6 16 3
5267 6 16 73
1695 6 17 64
2650 6 17 61
3555 6 17 70
5245 6 17 3
1222 6 17 87
4092 6 17 18
4159 6 17 14
519 6 17 23
4192 6 17 42
2283 6 17 53
4435 6 17 29
2860 6 18 53
4705 6 18 18
5442 6 18 68
282 6 18 3
1816 6 18 61
1006 6 18 64
3274 6 18 29
3043 6 18 87
82 6 18 83
5080 6 18 23
5248 6 19 85
5479 6 19 23
1986 6 19 61
3836 6 19 64
4606 6 19 29
1982 6 19 3
200 7 0 88
662 7 0 41
5332 7 0 21
1494 7 0 6
2405 7 0 80
4528 7 0 59
3901 7 3 6
3929 7 3 50
4618 7 3 22
2940 7 3 55
5527 7 3 61
3458 7 3 71
4305 7 3 79
742 7 3 31
5168 7 3 34
4563 7 3 41
506 7 3 90
922 7 3 87
2111 7 3 12
618 7 4 22
3134 7 4 12
5174 7 4 34
4861 7 4 6
2226 7 4 61
5366 7 4 79
4072 7 4 41
2978 7 4 90
5424 7 4 55
3883 7 4 87
1074 7 5 91
5596 7 5 38
621 7 5 10
4220 7 5 3
3129 7 5 61
3964 7 5 66
3239 7 6 3
4866 7 6 57
4941 7 6 38
691 7 6 91
4817 7 6 66
3960 7 6 69
1804 7 6 61
1199 7 6 10
3034 7 7 38
4421 7 7 84
3008 7 7 3
1459 7 7 54
4301 7 7 14
1899 7 7 33
1225 7 7 62
425 7 7 91
2982 7 7 66
5227 7 7 10
3841 7 7 57
5468 7 7 69
109 7 8 91
3954 7 8 3
4841 7 8 41
4949 7 8 11
2806 7 8 15
911 7 8 73
4152 7 8 66
4517 7 9 79
3117 7 9 92
4101 7 9 38
2552 7 9 3
4863 7 9 8
3055 7 9 48
2 7 9 73
3673 7 10 76
3464 7 10 47
4410 7 10 26
3162 7 10 3
1126 7 10 83
4204 7 11 81
4017 7 11 65
4131 7 11 11
846 7 11 23
2760 7 11 39
1479 7 11 91
5310 7 12 69
3576 7 12 78
2370 7 12 85
2987 7 12 47
306 7 12 34
3851 7 12 3
3616 7 12 22
3893 7 13 3
3528 7 13 93
255 7 14 45
3596 7 14 93
4855 7 14 3
2923 7 15 45
5467 7 15 93
245 7 15 3
5023 7 16 29
3260 7 16 45
5643 7 16 93
989 7 16 3
3022 7 16 49
2195 7 16 23
3013 7 17 3
66 7 17 93
334 7 17 64
4157 7 17 49
5051 7 17 34
3544 7 17 45
5584 7 17 29
3072 7 17 23
5312 7 17 88
1277 7 18 93
468 7 18 67
4294 7 18 13
4920 7 18 27
5485 7 18 49
5255 7 18 21
3886 7 18 3
119 7 18 73
5058 7 18 81
146 7 18 56
3722 7 18 59
3552 7 18 45
5507 7 18 34
2541 7 18 85
810 7 19 73
1384 7 19 93
2090 7 19 17
573 7 19 3
2667 7 19 49
3323 7 19 44
5609 7 19 21
582 7 19 79
2533 7 19 40
2718 7 19 59
4919 7 19 85
5622 8 0 76
4480 8 0 63
1643 8 0 17
4590 8 0 82
3016 8 0 6
408 8 0 41
3420 8 1 63
1777 8 1 57
5141 8 1 76
2914 8 1 6
4452 8 1 43
3594 8 1 82
1587 8 1 17
2168 8 3 6
2867 8 3 76
2098 8 3 82
5124 8 3 39
4883 8 3 17
2854 8 3 62
4793 8 4 90
5600 8 4 34
2843 8 4 22
4507 8 4 6
5213 8 4 61
817 8 4 79
772 8 4 41
2612 8 5 3
3298 8 5 11
1820 8 5 39
529 8 5 64
3302 8 6 65
4116 8 6 13
4011 8 6 43
94 8 6 3
4171 8 7 62
4601 8 7 10
143 8 7 38
3981 8 7 14
2712 8 7 57
2317 8 7 3
3432 8 7 84
3899 8 7 33
5330 8 7 69
5048 8 7 91
5081 8 8 15
4845 8 8 11
3371 8 8 41
2211 8 8 88
4076 8 8 35
3499 8 8 73
3210 8 8 3
3161 8 8 66
2963 8 9 92
2689 8 9 8
3949 8 9 38
2178 8 9 79
961 8 9 48
5021 8 9 66
1129 8 9 3
3656 8 9 35
804 8 11 23
3459 8 12 3
4562 8 12 69
2666 8 12 62
1305 8 12 85
1529 8 12 22
3699 8 12 47
5155 8 12 33
3859 8 13 29
2855 8 13 80
4840 8 13 3
1327 8 13 89
1093 8 14 89
622 8 14 3
1122 8 14 43
118 8 14 73
3480 8 15 12
5045 8 15 33
1028 8 15 43
2875 8 15 26
4197 8 15 69
1244 8 15 79
2269 8 15 64
4350 8 15 91
1282 8 15 53
4578 8 15 39
2133 8 15 3
3997 8 16 59
1415 8 16 37
2161 8 16 3
1718 8 16 29
2739 8 16 86
915 8 16 89
3088 8 16 67
4824 8 17 77
1450 8 17 22
3667 8 17 43
3652 8 17 53
3817 8 17 72
2364 8 17 88
4279 8 17 3
3998 8 17 19
3443 8 17 14
204 8 17 58
5276 8 17 83
3958 8 18 42
5429 8 18 56
5606 8 18 72
4208 8 18 16
3710 8 18 20
1798 8 18 93
4062 8 18 27
3269 8 18 3
1538 8 18 45
3970 8 18 81
91 8 19 85
2950 8 19 73
5091 8 19 44
2363 8 19 17
3172 8 19 59
1692 8 19 79
394 8 19 21
3405 8 19 49
1196 8 19 3
4170 9 0 41
1427 9 0 80
2069 9 0 22
2773 9 0 62
5138 9 0 6
4242 9 3 21
4980 9 3 40
1052 9 3 62
2662 9 3 6
3057 9 3 80
1603 9 3 88
1153 9 4 79
792 9 4 22
320 9 4 62
300 9 4 41
4867 9 4 6
4693 9 5 86
2453 9 5 3
5277 9 5 59
129 9 5 64
4799 9 5 31
2993 9 5 39
3231 9 5 11
5121 9 6 27
3514 9 6 39
2371 9 6 3
4153 9 6 13
3387 9 6 59
5651 9 6 65
166 9 6 43
3370 9 6 81
4377 9 6 31
3076 9 6 86
5460 9 7 86
4981 9 7 14
4335 9 7 4
5626 9 7 65
4822 9 7 91
3187 9 7 43
3048 9 7 27
4382 9 7 31
205 9 7 39
2408 9 7 33
3713 9 7 69
3215 9 8 41
5510 9 8 15
1785 9 8 35
495 9 8 31
2150 9 8 3
1227 9 8 66
1584 9 8 88
4494 9 8 11
2967 9 8 73
1664 9 9 24
3687 9 9 12
1461 9 9 88
1351 9 9 3
1772 9 9 66
4838 9 11 25
1217 9 11 3
5301 9 11 62
3000 9 11 87
5574 9 11 12
41 9 12 64
379 9 12 3
1448 9 12 12
1540 9 12 30
2141 9 12 86
1786 9 13 7
4059 9 13 51
4844 9 13 2
5482 9 13 78
1835 9 14 7
2469 9 14 79
5578 9 14 2
4110 9 14 51
4803 9 15 3
5274 9 15 26
4948 9 15 39
1194 9 15 68
4646 9 15 12
4918 9 15 79
4810 9 15 8
3818 9 15 64
3530 9 15 53
1976 9 15 43
179 9 15 32
835 9 15 90
1053 9 15 75
3505 9 16 75
2619 9 16 67
4213 9 16 3
5083 9 16 37
5243 9 16 89
3174 9 17 58
4115 9 17 72
4617 9 17 53
1671 9 17 22
206 9 17 77
5582 9 17 45
5043 9 17 88
4566 9 17 19
2777 9 17 3
4128 9 18 20
2866 9 18 45
3289 9 18 73
5625 9 18 3
5428 9 18 81
2434 9 18 27
2934 9 18 56
4359 9 18 16
2441 9 18 93
4986 9 19 17
1690 9 19 85
3668 9 19 73
3245 9 19 3
2354 9 19 79
3438 9 19 49
604 9 19 21
5353 9 19 59
2851 10 0 64
3951 10 0 6
4189 10 0 21
3570 10 0 33
589 10 0 81
2346 10 2 81
5557 10 2 40
4632 10 2 21
4515 10 2 6
3457 10 2 64
195 10 3 6
2162 10 3 85
592 10 3 26
741 10 3 47
4033 10 3 70
3148 10 4 42
2474 10 4 68
4773 10 4 6
4476 10 4 83
2194 10 4 23
1061 10 5 40
3058 10 5 6
4016 10 5 23
4722 10 5 66
4093 10 5 83
1191 10 6 6
5601 10 6 23
2531 10 6 43
2273 10 6 53
3650 10 6 83
734 10 7 69
2861 10 7 91
4858 10 7 6
1477 10 7 31
4774 10 7 86
2928 10 7 43
1103 10 7 14
1828 10 7 27
2206 10 7 33
4743 10 7 65
4289 10 8 82
5519 10 8 4
5541 10 8 30
1430 10 8 35
881 10 8 41
4352 10 8 15
4114 10 8 64
5287 10 8 73
4272 10 11 33
3296 10 11 65
5535 10 11 72
1167 10 11 50
3209 10 11 86
4665 10 11 8
2247 10 11 54
5236 10 12 83
4691 10 12 86
4105 10 12 32
2792 10 12 50
5550 10 12 64
2755 10 12 54
4685 10 12 8
1502 10 13 2
2848 10 13 10
1240 10 13 53
2856 10 13 38
1547 10 13 73
5211 10 13 78
4727 10 13 90
3353 10 14 32
1872 10 14 73
2670 10 14 68
5201 10 14 12
3771 10 14 38
4814 10 14 43
3589 10 14 78
2657 10 14 90
1597 10 14 53
1360 10 14 2
2811 10 15 32
680 10 15 53
1214 10 15 68
2576 10 15 78
595 10 15 90
2095 10 15 43
2614 10 15 7
4449 10 15 2
2440 10 15 38
4778 10 15 49
744 10 15 73
340 10 15 12
2154 10 16 11
3837 10 16 2
4796 10 16 7
5333 10 16 89
3574 10 16 38
2990 10 16 67
4217 10 16 75
3039 10 17 88
5195 10 17 53
4654 10 17 58
4901 10 17 72
1304 10 17 3
4560 10 17 22
923 10 17 77
3386 10 18 27
5476 10 18 56
1923 10 18 3
5610 10 18 45
5516 10 18 73
1885 10 18 81
2044 10 18 88
4912 10 18 20
4903 10 19 49
820 10 19 88
2696 10 19 79
803 10 19 59
5226 10 19 17
5464 10 19 3
4585 10 19 85
4280 10 19 21
5616 11 0 95
2605 11 0 5
5230 11 0 1
3120 11 0 75
2475 11 6 83
2172 11 6 43
1932 11 6 17
1588 11 6 53
3660 11 6 6
2395 11 7 91
3456 11 7 77
1585 11 7 27
5283 11 7 69
1176 11 7 6
3396 11 7 86
796 11 7 14
4678 11 7 65
2288 11 7 43
479 11 8 4
2336 11 8 24
2844 11 8 62
3819 11 8 82
4313 11 10 4
446 11 10 83
1911 11 10 58
3639 11 10 32
957 11 10 55
4565 11 10 37
4162 11 11 65
3669 11 11 4
3814 11 11 33
4645 11 11 72
3125 11 11 30
3625 11 11 84
3816 11 12 32
509 11 12 26
3246 11 12 54
5547 11 12 8
4438 11 12 61
5539 11 12 86
4533 11 13 2
625 11 13 53
3204 11 13 10
5085 11 13 38
1143 11 14 43
4902 11 14 2
2747 11 14 10
1901 11 14 68
5673 11 15 68
4321 11 15 10
5000 11 15 2
5063 11 15 49
5505 11 16 38
1458 11 16 2
4504 11 16 11
3410 11 16 75
1220 11 17 77
2051 11 17 58
1678 11 17 3
2897 11 17 22
5110 11 18 3
874 11 18 56
1593 11 18 81
3766 11 18 27
302 11 19 3
1209 11 19 85
1927 11 19 59
2250 11 19 21
2668 12 0 79
3768 12 0 20
4331 12 0 14
2251 12 0 1
387 12 0 51
2733 12 0 83
4366 12 0 91
2223 12 0 62
4354 12 1 22
654 12 1 62
222 12 1 83
5096 12 1 1
1707 12 1 11
3750 12 1 91
1243 12 1 79
148 12 1 51
3360 12 2 29
822 12 2 20
170 12 3 4
2714 12 3 25
3384 12 3 11
5466 12 3 90
823 12 3 55
3252 12 4 80
2912 12 4 11
2233 12 4 31
528 12 4 88
1579 12 4 4
2241 12 4 61
3398 12 10 84
3966 12 10 37
3211 12 10 58
2890 12 10 4
1886 12 11 33
5046 12 11 84
5518 12 11 72
1604 12 11 4
4721 12 12 8
987 12 12 32
4729 12 12 61
450 12 12 3
2080 12 12 86
3740 12 13 4
2645 12 13 60
1612 12 13 82
3977 12 13 29
2301 12 14 4
767 12 14 80
5055 12 14 56
1407 12 14 25
449 12 15 92
186 12 15 50
2882 12 15 75
1560 12 15 20
605 12 15 5
369 12 16 5
311 12 16 29
4837 12 16 76
1369 12 16 92
5363 12 16 49
3811 12 17 77
602 12 17 23
554 12 17 51
1807 12 17 92
4052 12 17 5
3558 12 18 91
5173 12 18 46
852 12 18 26
2992 12 18 74
4508 12 18 5
985 12 19 18
5257 12 19 74
3612 12 19 91
5456 12 19 5
2989 12 19 50
3026 13 0 83
1890 13 0 62
4411 13 0 14
4909 13 0 20
3178 13 0 51
2567 13 0 1
545 13 1 14
1907 13 1 43
2035 13 1 88
4125 13 1 22
5316 13 1 1
738 13 2 77
1235 13 2 68
4415 13 2 29
2366 13 2 20
1386 13 3 84
1994 13 3 29
4281 13 3 5
2421 13 3 53
2693 13 4 84
4777 13 4 29
547 13 4 5
4613 13 4 48
3166 13 4 53
4140 13 4 80
5462 13 4 91
3463 13 5 48
3419 13 5 5
5623 13 5 36
4574 13 5 91
1552 13 5 11
3336 13 5 53
1837 13 5 67
4310 13 5 58
1251 13 5 29
1728 13 5 84
3391 13 6 79
3540 13 6 63
4413 13 6 32
202 13 6 5
2367 13 6 15
2514 13 6 25
2947 13 6 51
2632 13 7 5
3860 13 7 88
5597 13 7 30
3089 13 7 25
2452 13 7 54
308 13 7 83
756 13 7 11
4894 13 7 48
2513 13 8 52
3763 13 8 5
5220 13 8 80
3152 13 8 28
4884 13 9 8
295 13 10 8
724 13 11 8
1739 13 12 8
3724 13 13 8
3006 13 14 30
5595 13 14 8
968 13 14 60
1245 13 14 92
5545 13 14 74
5016 13 14 83
2849 13 15 69
5059 13 15 75
4145 13 15 91
2644 13 15 16
5432 13 15 31
5108 13 15 50
2682 13 15 20
5470 13 15 5
5214 13 16 49
4571 13 16 69
3987 13 16 91
5633 13 16 76
4347 13 16 22
4223 13 16 5
3802 13 16 29
345 13 16 43
5603 13 17 92
3765 13 17 5
5661 13 17 23
5553 13 17 17
3235 13 17 77
3372 13 17 43
2974 13 17 51
2260 13 17 71
3115 13 18 70
4188 13 18 5
4898 13 18 46
3184 13 18 91
1877 13 18 42
5537 13 18 22
2922 13 18 26
5027 13 19 18
5111 13 19 69
4620 13 19 41
2711 13 19 50
2927 13 19 74
2265 13 19 91
2996 13 19 5
1686 14 0 62
3418 14 0 1
39 14 0 20
5115 14 0 90
3041 14 1 22
2803 14 1 49
5011 14 1 91
3334 14 1 1
2039 14 2 84
5203 14 2 76
5320 14 2 68
3988 14 2 74
27 14 2 27
3979 14 2 53
1609 14 2 37
3853 14 2 62
4611 14 2 20
5172 14 2 29
4640 14 3 79
4097 14 3 13
5033 14 3 6
1414 14 3 48
3774 14 3 36
5398 14 3 39
4026 14 3 74
5064 14 3 65
4136 14 3 88
5041 14 3 62
2312 14 3 3
2431 14 3 82
2376 14 3 27
5492 14 4 39
2736 14 4 65
1791 14 4 1
5190 14 4 9
4627 14 4 44
5018 14 5 11
4723 14 5 58
1193 14 5 81
1774 14 5 4
5348 14 5 36
4325 14 5 28
3747 14 5 67
2609 14 5 88
85 14 6 32
3349 14 6 60
3118 14 6 88
3666 14 6 63
723 14 6 79
1440 14 6 83
388 14 6 5
898 14 6 15
3167 14 7 88
4653 14 7 54
2789 14 7 83
4232 14 7 11
3725 14 7 4
773 14 7 30
5583 14 8 47
3243 14 8 72
4928 14 8 92
4714 14 8 24
2512 14 8 56
3348 14 8 5
2256 14 9 56
5282 14 9 67
30 14 9 5
3135 14 9 24
3347 14 9 72
144 14 9 30
916 14 9 47
5072 14 9 78
1914 14 9 92
3993 14 10 6
3247 14 10 56
1810 14 10 60
5328 14 11 51
1161 14 11 70
3683 14 11 5
5026 14 11 31
2093 14 12 27
5379 14 12 59
2365 14 12 41
645 14 12 5
4502 14 12 91
1857 14 13 21
4956 14 13 50
2232 14 13 79
3609 14 13 89
4273 14 13 71
1376 14 13 6
1424 14 13 57
3963 14 14 8
1821 14 14 92
1615 14 14 60
1918 14 15 92
2579 14 15 60
5209 14 15 8
879 14 16 7
3875 14 16 60
4061 14 16 92
4010 14 17 31
4324 14 17 60
1902 14 17 7
321 14 17 35
1921 14 17 51
4186 14 17 92
4625 14 18 22
844 14 18 42
3294 14 18 75
3701 14 18 91
4245 14 18 18
705 14 18 6
2660 14 18 35
4707 14 18 29
2060 14 18 12
3636 14 18 50
4484 14 18 58
944 14 18 65
4060 14 18 83
2013 14 19 88
708 14 19 6
4058 14 19 50
4594 14 19 41
3262 14 19 58
1370 14 19 82
2435 14 19 25
2665 14 19 18
2816 14 19 12
2483 14 19 29
1446 14 19 69
406 14 19 35
3940 14 19 75
4282 15 0 20
329 15 0 44
383 15 0 15
3280 15 0 84
1569 15 0 90
4119 15 0 1
5592 15 0 76
978 15 0 93
2817 15 0 37
2294 15 1 16
4751 15 1 72
980 15 1 1
3876 15 1 19
5258 15 1 44
5663 15 1 76
4473 15 1 80
2545 15 1 37
4459 15 1 29
4906 15 1 84
627 15 1 93
225 15 2 51
4193 15 2 72
1930 15 2 29
4815 15 2 20
3752 15 2 84
1280 15 2 2
4605 15 2 53
4635 15 2 44
3485 15 2 37
5156 15 2 76
1487 15 2 56
4419 15 2 93
5381 15 2 68
5244 15 2 8
4407 15 2 80
5319 15 3 36
693 15 3 2
2891 15 3 15
2330 15 3 74
3218 15 3 82
2253 15 3 45
2011 15 3 88
888 15 3 5
2406 15 3 27
2872 15 3 51
2054 15 3 62
1085 15 3 97
4124 15 4 9
2979 15 4 1
233 15 4 44
2880 15 4 88
3672 15 5 81
3759 15 5 67
2604 15 5 36
5430 15 5 4
4877 15 5 11
224 15 6 4
1754 15 6 32
2688 15 6 15
3835 15 6 83
3400 15 6 63
3171 15 6 88
1095 15 7 51
4166 15 7 4
2719 15 7 20
3427 15 7 83
2188 15 8 24
5374 15 8 72
3365 15 8 56
4545 15 8 5
4882 15 9 78
706 15 9 30
4036 15 9 5
290 15 9 55
527 15 10 5
2463 15 10 60
3429 15 10 56
4330 15 11 69
4191 15 11 14
873 15 11 4
458 15 11 82
297 15 11 41
5062 15 12 15
1177 15 12 82
1285 15 12 27
951 15 12 59
3850 15 12 63
4960 15 12 21
1144 15 12 4
5614 15 12 38
2831 15 12 78
624 15 13 32
1726 15 13 5
3107 15 13 21
2529 15 13 57
633 15 13 71
4460 15 13 89
5210 15 13 50
3258 15 14 21
2691 15 14 5
3234 15 14 32
1041 15 14 70
4664 15 14 89
2423 15 14 50
1648 15 14 36
3238 15 15 4
5246 15 15 21
4527 15 15 70
2828 15 15 82
4303 15 15 36
2889 15 16 49
4353 15 16 33
1719 15 16 60
3282 15 16 6
4702 15 16 15
5422 15 16 55
4446 15 16 86
4598 15 16 29
2585 15 17 6
2386 15 17 92
4780 15 17 70
2462 15 17 19
2752 15 17 35
1017 15 17 44
3838 15 17 60
998 15 17 30
3496 15 18 85
4276 15 18 6
5409 15 18 26
191 15 18 38
4222 15 18 65
2396 15 19 82
3595 15 19 25
3283 15 19 29
1367 15 19 35
2074 15 19 88
511 15 19 6
1581 15 19 58
3613 16 0 44
5509 16 0 84
4589 16 0 90
1399 16 0 15
5304 16 0 20
4710 16 0 1
3889 16 0 37
4478 16 1 16
4506 16 1 19
5416 16 1 29
4287 16 1 89
230 16 1 1
3011 16 1 80
5183 16 2 84
1699 16 2 42
3286 16 2 56
3914 16 2 8
2208 16 2 2
4102 16 2 68
5662 16 2 90
5443 16 2 50
2903 16 2 36
5410 16 2 53
3743 16 2 20
1254 16 3 48
3664 16 3 51
2516 16 3 74
3068 16 3 13
1847 16 3 5
3789 16 3 82
3797 16 3 10
1339 16 3 24
3571 16 3 55
2716 16 3 45
4795 16 3 15
5323 16 3 36
2904 16 3 71
4118 16 3 96
2769 16 3 27
1906 16 3 2
2436 16 3 62
4236 16 4 45
3748 16 4 51
5029 16 4 82
3042 16 4 88
1468 16 4 48
1092 16 4 55
1875 16 4 93
4318 16 4 10
1037 16 4 1
2543 16 4 13
1850 16 5 55
5280 16 5 45
1310 16 5 1
4340 16 5 13
1216 16 5 87
2907 16 5 93
1713 16 6 72
515 16 6 19
4414 16 6 49
3641 16 6 4
4314 16 7 46
1447 16 7 4
5013 16 7 20
1387 16 7 51
4700 16 7 77
685 16 7 83
3381 16 8 49
3513 16 8 79
3256 16 8 19
4662 16 8 4
1155 16 9 80
5229 16 9 20
4054 16 9 4
698 16 9 50
4286 16 10 56
3849 16 10 60
4383 16 10 5
1043 16 10 94
4001 16 11 4
3999 16 11 12
619 16 11 25
37 16 11 60
3630 16 11 87
5311 16 12 82
5551 16 12 4
4077 16 12 42
5605 16 12 27
5444 16 12 38
4042 16 12 63
5015 16 12 21
3128 16 13 76
1764 16 13 14
3164 16 13 4
695 16 13 71
42 16 13 42
3390 16 13 88
328 16 14 4
5034 16 14 20
1059 16 14 70
2243 16 14 79
2056 16 14 36
3163 16 14 50
5395 16 14 32
5252 16 14 89
4944 16 15 60
4475 16 15 33
2477 16 15 15
59 16 15 5
1915 16 15 86
5523 16 16 33
5364 16 16 6
837 16 16 15
4765 16 16 60
5667 16 16 55
1428 16 16 86
1505 16 17 44
3056 16 17 35
3712 16 17 6
4745 16 17 19
5620 16 17 30
4412 16 17 60
4226 16 17 92
5437 16 17 70
1619 16 17 84
4495 16 18 38
562 16 18 5
5358 16 18 65
130 16 18 87
2137 16 18 17
1181 16 19 5
5233 16 19 35
747 16 19 87
4037 16 19 29
3144 16 19 58
5234 16 19 17
356 17 0 20
847 17 0 1
5446 17 0 44
4878 17 0 90
4482 17 1 1
4659 17 1 19
2800 17 1 29
4379 17 1 89
5552 17 2 56
865 17 2 50
2235 17 2 2
4256 17 2 8
40 17 2 20
1546 17 2 88
2003 17 2 66
3251 17 2 68
2131 17 2 42
5560 17 2 90
2756 17 3 62
1583 17 3 89
5648 17 3 74
579 17 3 5
69 17 3 1
2621 17 3 36
4938 17 3 24
5562 17 3 15
5375 17 3 96
5054 17 3 27
1070 17 4 1
702 17 4 51
3123 17 4 93
4740 17 4 27
1712 17 5 55
3154 17 5 92
3272 17 5 13
4268 17 5 1
3085 17 6 49
887 17 6 43
5329 17 6 94
2415 17 6 4
4582 17 6 19
3906 17 6 72
5262 17 7 43
55 17 7 51
3188 17 7 20
5269 17 7 83
4420 17 7 77
4786 17 7 94
2070 17 7 4
3512 17 7 72
3788 17 7 37
5433 17 7 89
5639 17 7 67
2888 17 8 56
907 17 8 13
2788 17 8 72
1935 17 8 4
3922 17 8 52
3321 17 8 24
3357 17 8 91
2697 17 8 94
1787 17 8 79
1080 17 9 79
4979 17 9 24
2125 17 9 91
2279 17 9 32
1288 17 9 4
894 17 9 94
4 17 9 14
2812 17 9 56
2437 17 10 56
3989 17 10 94
1416 17 10 24
1355 17 10 5
4375 17 11 18
2971 17 11 43
5617 17 11 77
4719 17 11 71
1528 17 11 91
4240 17 11 60
4071 17 11 53
4639 17 11 4
3221 17 11 12
1133 17 12 4
437 17 12 63
4309 17 12 42
3193 17 12 27
3550 17 12 88
1132 17 13 4
3705 17 13 19
4804 17 13 76
4514 17 13 88
1207 17 13 50
4356 17 14 50
5397 17 14 20
2407 17 14 36
4266 17 14 79
5577 17 14 89
1533 17 14 70
568 17 14 12
1635 17 14 4
1120 17 14 31
1824 17 15 4
3470 17 15 15
3984 17 15 63
3317 17 15 84
353 17 15 89
4160 17 15 44
4676 17 15 79
5318 17 16 5
1645 17 16 59
3035 17 16 14
512 17 16 84
3070 17 16 39
2572 17 16 65
2560 17 16 19
2389 17 16 91
1866 17 16 44
5167 17 17 19
5450 17 17 35
2378 17 17 44
332 17 17 79
5478 17 17 92
1771 17 17 30
4623 17 17 6
4769 17 17 60
1898 17 17 84
5544 17 17 70
1180 17 18 68
3808 17 18 14
4674 17 18 5
934 17 18 89
2037 17 18 40
1801 17 19 5
2495 17 19 68
264 17 19 35
4029 17 19 14
4776 17 19 87
4564 18 0 68
3826 18 0 1
940 18 0 8
5179 18 0 95
5293 18 1 95
4055 18 1 74
1688 18 1 20
5271 18 1 1
2921 18 2 42
3270 18 2 74
5305 18 2 8
5232 18 2 2
3324 18 2 20
2481 18 2 90
1404 18 2 93
3799 18 2 40
1922 18 2 95
3364 18 2 50
1332 18 2 56
4104 18 2 68
872 18 3 15
2433 18 3 57
5526 18 3 27
4141 18 3 36
1607 18 3 74
4856 18 3 62
1393 18 3 5
1389 18 3 95
584 18 3 1
3389 18 4 74
2862 18 4 60
4522 18 4 57
1882 18 4 1
4880 18 4 36
1230 18 4 94
4629 18 4 5
2202 18 4 92
70 18 4 15
5635 18 5 1
668 18 5 15
2050 18 5 94
572 18 5 74
3519 18 5 36
5060 18 6 4
721 18 6 23
1710 18 6 56
760 18 6 71
393 18 7 4
607 18 7 75
263 18 7 52
4885 18 7 24
2544 18 8 82
3502 18 8 56
2278 18 8 52
1889 18 8 13
124 18 8 44
1942 18 8 90
5031 18 8 39
2302 18 8 4
4908 18 8 18
3197 18 8 24
5140 18 8 71
496 18 8 86
4041 18 8 75
3628 18 9 4
736 18 9 42
4418 18 9 50
4713 18 9 85
516 18 9 22
5529 18 9 17
5649 18 9 76
3493 18 10 52
4644 18 10 72
5347 18 10 94
2916 18 10 34
4893 18 10 28
3406 18 10 78
1412 18 10 4
4812 18 11 53
4832 18 11 71
4306 18 11 4
1137 18 11 77
4951 18 11 60
3935 18 11 18
4274 18 12 78
3147 18 12 41
5670 18 12 70
2490 18 12 4
5185 18 12 89
2975 18 12 45
5170 18 12 16
4278 18 13 70
3044 18 13 16
3023 18 13 41
990 18 13 4
4443 18 13 36
3254 18 13 50
405 18 13 20
4712 18 13 89
3857 18 13 65
424 18 13 78
4425 18 13 45
1896 18 14 89
4490 18 14 50
4978 18 14 61
3633 18 14 78
2625 18 14 41
1121 18 14 31
2981 18 14 4
3654 18 14 70
5602 18 14 20
2902 18 14 36
761 18 14 66
5259 18 14 12
997 18 14 85
5463 18 15 70
1165 18 15 4
5677 18 15 63
1839 18 15 84
2584 18 15 17
2286 18 15 44
2596 18 15 49
4056 18 16 19
4672 18 16 39
2449 18 16 44
929 18 16 84
3783 18 16 65
3136 18 16 5
4543 18 16 59
3579 18 16 91
2523 18 17 18
4821 18 17 90
1725 18 17 56
3102 18 17 84
5387 18 17 6
3627 18 17 30
2153 18 17 42
5098 18 17 60
4267 18 17 35
4396 18 17 70
4304 18 18 66
3911 18 18 42
5571 18 18 60
3198 18 18 89
2127 18 18 18
4622 18 18 35
603 18 18 5
2507 18 18 56
3827 18 19 35
3189 18 19 60
5024 18 19 16
1436 18 19 90
892 18 19 5
2661 19 0 1
2969 19 0 68
4962 19 0 56
4801 19 0 95
1616 19 0 8
2986 19 1 56
1242 19 1 68
5019 19 1 93
2565 19 1 8
1743 19 1 1
3693 19 1 50
3626 19 2 93
901 19 2 1
3545 19 2 90
3990 19 2 8
3494 19 2 50
1683 19 2 68
2771 19 2 56
3275 19 2 42
3895 19 3 62
2078 19 3 1
2491 19 3 95
4945 19 3 27
5032 19 4 60
1390 19 4 95
4047 19 4 5
2655 19 4 1
5646 19 5 1
5253 19 5 15
4259 19 5 94
5613 19 5 74
5177 19 6 52
3761 19 6 71
4298 19 6 4
1094 19 6 56
5346 19 6 90
4643 19 6 23
4345 19 7 56
658 19 7 44
857 19 7 23
3781 19 7 4
2721 19 7 18
3345 19 7 86
3036 19 7 52
5025 19 7 90
2526 19 7 67
4367 19 7 71
5336 19 8 82
5265 19 8 13
62 19 8 18
2515 19 8 86
4203 19 8 56
5658 19 8 4
1811 19 8 67
2096 19 8 90
4995 19 8 44
5117 19 8 39
3968 19 8 23
5133 19 8 71
2648 19 9 22
5038 19 9 85
639 19 9 4
2915 19 9 50
973 19 10 4
472 19 10 78
3126 19 10 34
3619 19 10 52
3795 19 11 60
4847 19 11 18
1495 19 11 77
4381 19 11 4
4404 19 12 16
991 19 12 45
3060 19 12 4
5439 19 12 89
5586 19 12 78
3236 19 13 20
1308 19 13 65
60 19 13 4
3313 19 13 50
4513 19 14 46
4299 19 14 19
1779 19 14 4
3150 19 14 66
3237 19 15 49
226 19 15 17
3160 19 15 4
4787 19 15 70
1480 19 16 17
2727 19 16 5
2359 19 16 44
445 19 16 65
2107 19 16 91
2871 19 17 70
552 19 17 17
2257 19 17 5
4916 19 17 44
4933 19 17 90
4319 19 18 42
1410 19 18 18
121 19 18 5
3680 19 18 90
5145 19 18 66
1753 19 19 66
2820 19 19 5
2728 19 19 16
1961 19 19 90
1260 19 19 42
