2501
1834 0 0 2
6272 0 0 22
5488 0 0 82
3845 0 0 43
5033 0 1 85
3149 0 1 2
2043 0 1 11
2679 0 1 49
4127 0 2 50
1132 0 2 18
2462 0 2 2
5327 0 3 53
3808 0 3 77
2156 0 3 18
3051 0 3 2
2966 0 4 82
3458 0 4 2
6492 0 4 52
1701 0 4 18
322 0 5 73
2591 0 5 1
262 0 5 22
247 0 5 98
446 0 6 1
1547 0 6 20
4991 0 6 76
3970 0 7 1
1124 0 7 45
2949 0 7 79
2446 0 8 1
5566 0 8 37
6383 0 8 96
4976 0 9 97
6498 0 9 1
2263 0 9 14
6187 0 9 62
3958 0 10 97
3431 0 10 25
5337 0 10 1
1516 0 10 57
3421 0 11 96
6493 0 11 68
5179 0 11 10
6395 0 11 1
2465 0 12 48
179 0 12 24
752 0 12 1
2670 0 12 96
4832 0 13 7
6074 0 13 1
2207 0 13 95
1166 0 13 54
3850 0 14 1
1023 0 14 23
6189 0 14 94
66 0 14 60
5550 0 15 94
2474 0 15 1
5734 0 15 16
3988 0 15 51
6399 0 16 93
3576 0 16 60
1739 0 16 11
5195 0 16 1
6133 0 17 92
2727 0 17 23
2310 0 17 1
4728 0 17 57
209 0 18 1
3619 0 18 15
4782 0 18 56
5660 0 18 92
3483 0 19 92
2411 0 19 1
5993 0 19 47
418 0 19 21
2918 1 0 22
3178 1 0 43
6203 1 0 75
5011 1 0 82
944 1 0 2
6271 1 1 11
5017 1 1 49
3497 1 1 81
1607 1 1 2
4996 1 1 85
6310 1 1 39
5190 1 2 46
1767 1 2 2
2587 1 2 16
6299 1 2 50
430 1 2 89
6065 1 3 46
4014 1 3 77
4421 1 3 15
3083 1 3 53
4344 1 3 2
3306 1 4 18
6259 1 4 82
3450 1 4 92
1612 1 4 79
4211 1 4 11
5441 1 4 48
1477 1 4 2
3691 1 4 52
6268 1 5 63
3017 1 5 22
5975 1 5 98
1511 1 5 1
3202 1 5 96
5656 1 5 73
940 1 6 76
4463 1 6 17
3662 1 6 52
5126 1 6 1
5466 1 6 20
6336 1 6 96
4015 1 7 32
6017 1 7 96
5040 1 7 74
2152 1 7 79
5719 1 7 1
6142 1 7 45
6579 1 8 30
4973 1 8 37
5729 1 8 96
6478 1 8 1
6008 1 8 58
5816 1 9 12
3776 1 9 93
4199 1 9 14
4523 1 9 44
2508 1 9 97
3979 1 9 62
3835 1 9 1
5741 1 10 88
3663 1 10 57
2104 1 10 55
6622 1 10 13
1434 1 10 25
441 1 10 1
5931 1 11 96
6038 1 11 1
3024 1 11 68
3199 1 11 53
6438 1 11 10
2262 1 11 93
4725 1 12 24
2313 1 12 1
4427 1 12 90
942 1 12 46
6079 1 12 48
6600 1 12 13
5649 1 13 28
6489 1 13 91
5731 1 13 1
1819 1 13 7
6303 1 13 95
3299 1 13 54
3341 1 14 1
4212 1 14 23
6516 1 14 50
5669 1 14 60
6164 1 14 88
3887 1 14 94
6337 1 14 13
1083 1 15 51
6426 1 15 89
3006 1 15 46
3382 1 15 1
4018 1 15 11
4928 1 15 16
4578 1 16 55
5850 1 16 90
4746 1 16 1
6503 1 16 11
4868 1 16 93
1617 1 16 60
4164 1 17 57
3430 1 17 1
3669 1 17 23
4632 1 17 14
4195 1 17 88
2628 1 17 92
2883 1 17 52
4325 1 18 56
6197 1 18 1
579 1 18 15
2314 1 18 12
6176 1 18 50
6044 1 18 82
2294 1 19 21
5881 1 19 45
48 1 19 47
3945 1 19 78
304 1 19 1
3195 1 19 19
6415 2 0 22
1514 2 0 43
167 2 0 89
6258 2 0 15
6480 2 0 38
5382 2 0 75
893 2 0 2
5119 2 0 82
489 2 1 2
2515 2 1 81
5990 2 1 74
1460 2 1 11
4635 2 1 85
1389 2 1 7
2030 2 1 39
1588 2 1 49
5322 2 2 81
5592 2 2 41
5074 2 2 16
343 2 2 89
5303 2 2 2
4878 2 2 50
6276 2 2 10
4341 2 3 2
5424 2 3 72
1727 2 3 15
5390 2 3 53
4123 2 3 77
2788 2 3 92
3496 2 3 46
6369 2 4 42
421 2 4 89
2948 2 4 92
4704 2 4 48
3792 2 4 11
5714 2 4 82
5841 2 4 18
375 2 4 2
551 2 4 79
1537 2 4 52
3885 2 5 50
6205 2 5 73
1213 2 5 1
3921 2 5 98
4312 2 5 63
5425 2 5 94
6620 2 5 22
5310 2 6 1
5582 2 6 15
1948 2 6 52
4242 2 6 17
1336 2 6 76
6515 2 6 49
2972 2 6 95
4395 2 6 20
3950 2 7 74
2960 2 7 76
1056 2 7 1
4961 2 7 32
3855 2 7 95
6049 2 7 79
422 2 7 71
6076 2 7 42
5963 2 7 26
6404 2 7 45
401 2 8 37
5309 2 8 58
2873 2 8 81
5615 2 8 30
4450 2 8 26
1391 2 8 1
2338 2 9 93
5739 2 9 90
4579 2 9 14
1263 2 9 62
887 2 9 97
1679 2 9 1
3457 2 9 44
5176 2 9 40
1792 2 10 93
1446 2 10 88
4470 2 10 90
1189 2 10 97
5115 2 10 40
1475 2 10 14
5725 2 10 10
4802 2 10 1
3846 2 10 62
3071 2 10 25
5852 2 10 44
6430 2 10 57
5312 2 10 86
4673 2 11 1
1394 2 11 14
3765 2 11 57
4867 2 11 68
5125 2 11 82
1502 2 11 25
5289 2 11 86
1953 2 11 93
1198 2 11 10
696 2 11 40
2793 2 11 90
1081 2 11 62
1635 2 11 53
4681 2 11 44
4464 2 12 1
4311 2 12 86
1466 2 12 14
142 2 12 62
1051 2 12 10
157 2 12 57
5509 2 12 48
4667 2 12 68
1689 2 12 25
51 2 12 90
1146 2 12 82
6061 2 13 86
6623 2 13 14
6130 2 13 25
4360 2 13 11
5431 2 13 48
148 2 13 28
4163 2 13 7
4247 2 13 64
6412 2 13 58
5595 2 13 1
727 2 13 82
3529 2 13 22
3583 2 13 68
1041 2 13 91
757 2 13 62
249 2 14 82
6097 2 14 25
3896 2 14 1
5227 2 14 48
6129 2 14 28
6345 2 14 14
6546 2 14 50
3456 2 14 68
1802 2 14 64
5618 2 14 88
3527 2 15 1
5487 2 15 51
4709 2 15 82
6457 2 15 16
5514 2 15 25
2328 2 15 28
4367 2 15 89
2797 2 15 68
6471 2 16 52
5722 2 16 83
4810 2 16 93
5911 2 16 60
1386 2 16 1
1141 2 16 12
1399 2 16 55
3314 2 17 14
638 2 17 1
2048 2 17 49
3072 2 17 10
688 2 17 57
6284 2 17 85
1187 2 17 52
2772 2 17 88
1886 2 17 92
6589 2 17 23
6619 2 18 15
5500 2 18 46
4310 2 18 82
929 2 18 1
5845 2 18 50
1677 2 18 56
2196 2 19 94
5994 2 19 71
6370 2 19 47
6425 2 19 41
5342 2 19 12
309 2 19 1
5463 2 19 78
6366 2 19 21
3928 3 0 75
6247 3 0 38
290 3 0 2
6084 3 0 43
5448 3 0 69
6217 3 0 15
4715 3 0 82
6143 3 0 89
1412 3 0 22
6499 3 1 30
1957 3 1 39
3704 3 1 3
4383 3 1 11
2999 3 1 49
3948 3 1 74
6464 3 1 70
207 3 1 7
867 3 1 85
2903 3 2 50
5910 3 2 89
4688 3 2 10
2529 3 2 2
1961 3 2 81
4338 3 2 41
2228 3 2 75
2785 3 2 16
5209 3 3 10
1208 3 3 72
2721 3 3 53
275 3 3 77
1907 3 3 43
2330 3 3 2
1134 3 3 92
6022 3 3 68
4253 3 3 15
2998 3 3 46
2112 3 4 11
5373 3 4 18
5738 3 4 73
4633 3 4 82
3622 3 4 52
919 3 4 2
3772 3 4 89
6243 3 4 42
4425 3 4 48
5142 3 4 6
3028 3 5 47
2811 3 5 50
2868 3 5 63
1443 3 5 22
3807 3 5 1
2965 3 5 73
2438 3 5 19
4241 3 6 17
999 3 6 1
5690 3 6 49
3532 3 6 20
6052 3 6 45
3673 3 6 52
5877 3 6 86
317 3 7 1
3528 3 7 74
2755 3 7 95
5727 3 7 26
4780 3 7 32
4742 3 7 69
6232 3 7 45
2749 3 7 76
4615 3 7 79
3660 3 8 25
5863 3 8 1
1138 3 8 56
4315 3 8 81
5691 3 8 37
5302 3 8 96
3723 3 8 30
2147 3 8 58
1160 3 9 55
2910 3 9 1
5439 3 9 12
6612 3 9 87
4655 3 10 60
13 3 10 9
5445 3 10 88
5082 3 10 1
4403 3 11 40
1542 3 11 12
1595 3 11 89
2971 3 11 1
2302 3 12 50
3630 3 12 5
3893 3 12 1
3645 3 12 90
5233 3 13 1
6252 3 13 91
4658 3 13 8
5075 3 13 43
3707 3 14 12
2160 3 14 92
3891 3 14 39
3621 3 14 1
6298 3 15 16
3888 3 15 68
3066 3 15 72
52 3 15 78
4625 3 15 28
4890 3 15 26
1538 3 15 1
3703 3 16 94
5557 3 16 52
2217 3 16 1
2213 3 16 85
1498 3 16 23
5552 3 16 50
3905 3 16 72
1790 3 16 92
3688 3 16 78
977 3 16 6
743 3 16 41
1218 3 16 15
1562 3 16 57
6169 3 17 1
2226 3 17 6
4404 3 17 50
3027 3 17 85
990 3 17 41
5348 3 17 72
6228 3 17 23
1704 3 17 82
5019 3 17 78
3787 3 17 94
4283 3 17 57
5112 3 17 88
2113 3 17 15
3680 3 18 15
4033 3 18 56
2770 3 18 82
5181 3 18 94
3717 3 18 21
411 3 18 71
214 3 18 1
2833 3 18 47
6362 3 18 78
5133 3 18 50
3844 3 18 41
6140 3 19 41
293 3 19 1
5804 3 19 94
4374 3 19 71
4045 3 19 12
3843 3 19 21
2102 3 19 39
4972 3 19 78
5641 3 19 47
1732 4 0 94
4693 4 0 38
1374 4 0 22
3345 4 0 75
1315 4 0 43
4261 4 0 82
3273 4 0 69
4533 4 0 10
1357 4 0 2
5457 4 0 89
5736 4 0 15
3607 4 1 3
4138 4 1 85
6152 4 1 49
5811 4 1 8
3752 4 1 67
5565 4 1 70
762 4 1 11
1686 4 1 39
2398 4 1 74
5037 4 1 30
1861 4 2 81
5607 4 2 89
5479 4 2 37
909 4 2 41
1951 4 2 72
5959 4 2 16
3451 4 2 94
1685 4 2 2
4801 4 2 50
2901 4 2 10
1801 4 2 75
6453 4 3 37
1804 4 3 2
1950 4 3 15
6609 4 3 77
1356 4 3 88
4895 4 3 10
6514 4 3 92
2850 4 3 68
1094 4 3 72
2486 4 3 53
428 4 3 46
6424 4 4 3
4650 4 4 18
2745 4 4 48
5472 4 4 73
4189 4 4 6
69 4 4 11
2049 4 4 52
4440 4 4 82
5803 4 4 42
2643 4 4 89
5591 4 5 59
2277 4 5 91
6047 4 5 43
242 4 5 2
3747 4 5 73
1955 4 5 14
6495 4 5 22
4842 4 5 50
5784 4 5 64
2475 4 5 47
6470 4 6 86
4396 4 6 92
46 4 6 41
5521 4 6 45
2665 4 6 52
4879 4 6 2
3478 4 6 81
2703 4 6 20
2094 4 7 79
2890 4 7 62
6436 4 7 22
3278 4 7 2
1599 4 7 76
5206 4 7 42
2556 4 7 32
2880 4 7 26
5120 4 8 2
6432 4 8 30
1073 4 8 35
5161 4 8 37
975 4 8 25
5604 4 8 18
315 4 8 78
6032 4 8 58
122 4 8 81
3000 4 9 12
412 4 9 87
5403 4 9 84
1643 4 9 2
4729 4 9 42
2268 4 9 55
2690 4 16 57
6068 4 16 64
654 4 16 90
5675 4 16 71
1025 4 16 95
3117 4 16 39
4026 4 16 2
2415 4 16 34
3445 4 17 26
2212 4 17 29
5533 4 17 2
115 4 17 63
1137 4 17 90
5985 4 17 14
1744 4 17 95
6578 4 17 71
5336 4 17 39
6073 4 17 34
3181 4 17 57
5661 4 18 2
6060 4 18 14
5059 4 18 34
5858 4 18 63
5578 4 18 26
1889 4 18 29
1494 4 18 90
5032 4 18 78
3235 4 18 57
3595 4 18 95
4987 4 19 23
3443 4 19 63
569 4 19 2
6550 4 19 53
4321 4 19 81
2139 4 19 90
4313 4 19 57
1716 4 19 95
1291 4 19 19
493 4 19 29
3800 5 0 82
4554 5 0 89
4426 5 0 10
267 5 0 38
6615 5 0 94
5762 5 0 35
1270 5 0 2
6327 5 0 22
1074 5 0 43
3045 5 0 69
211 5 0 75
5079 5 0 15
6433 5 1 62
3537 5 1 30
5193 5 1 11
5621 5 1 8
1520 5 1 39
1585 5 1 67
2368 5 1 70
3021 5 1 3
1109 5 1 74
3223 5 1 26
5367 5 1 49
2639 5 1 85
5326 5 2 37
657 5 2 41
2892 5 2 69
2391 5 2 16
655 5 2 75
1106 5 2 81
4452 5 2 89
2691 5 2 10
718 5 2 2
6223 5 2 50
6062 5 2 94
5895 5 3 92
725 5 3 15
2298 5 3 51
461 5 3 2
3573 5 3 10
933 5 3 46
554 5 3 72
3539 5 3 37
564 5 3 68
3026 5 3 77
1981 5 3 53
5572 5 4 42
2432 5 4 6
6154 5 4 4
2271 5 4 52
5933 5 4 69
1424 5 4 18
4893 5 4 73
2117 5 4 48
1611 5 4 14
4034 5 4 11
3243 5 4 82
6567 5 4 90
4988 5 5 43
3331 5 5 73
1449 5 5 91
4637 5 5 64
6377 5 5 47
405 5 5 2
5154 5 5 14
5962 5 5 22
2729 5 5 36
2983 5 5 10
4757 5 5 59
1271 5 6 2
4937 5 6 92
5795 5 6 52
5364 5 6 74
3100 5 6 45
1818 5 6 81
1 5 6 20
6208 5 6 86
4493 5 6 9
1294 5 7 26
3633 5 7 79
1722 5 7 9
5890 5 7 22
693 5 7 2
3398 5 7 92
2941 5 7 18
6301 5 7 32
4188 5 7 42
5169 5 7 38
1913 5 7 62
65 5 8 18
3659 5 8 37
5435 5 8 81
371 5 8 2
1253 5 8 26
6123 5 8 30
2 5 8 9
4705 5 8 58
1372 5 9 3
3240 5 9 49
6224 5 9 80
2383 5 11 66
1232 5 11 21
5355 5 11 88
320 5 11 4
3904 5 11 39
6036 5 11 44
4154 5 11 75
3903 5 11 70
1581 5 11 80
6321 5 11 84
5612 5 12 21
4648 5 12 24
4136 5 12 75
6534 5 12 4
2501 5 12 54
3665 5 12 28
1518 5 12 89
1806 5 12 70
2881 5 12 39
5819 5 12 44
4391 5 12 15
4150 5 13 24
1766 5 13 54
6134 5 13 4
1456 5 13 89
5776 5 13 46
5096 5 13 9
2775 5 13 28
152 5 13 15
4309 5 13 72
3865 5 13 75
2220 5 13 39
2110 5 14 2
4783 5 14 12
5703 5 14 44
6003 5 14 33
1320 5 14 68
3626 5 14 82
5128 5 15 9
2460 5 15 42
1072 5 15 46
347 5 15 80
2537 5 15 16
1264 5 16 17
6462 5 16 2
1642 5 16 78
2282 5 16 14
284 5 16 53
4294 5 17 2
3584 5 17 85
4429 5 17 32
4308 5 17 81
4743 5 17 71
2385 5 17 25
5971 5 17 90
3670 5 17 95
5787 5 17 39
3716 5 17 69
4201 5 18 26
4149 5 18 69
3920 5 18 34
3790 5 18 83
5679 5 18 55
5724 5 18 2
6496 5 18 22
1918 5 18 78
5036 5 19 90
6116 5 19 57
3008 5 19 95
1366 5 19 29
4684 5 19 81
6037 5 19 69
5223 5 19 23
2240 5 19 63
1481 5 19 2
3999 6 0 15
2882 6 0 82
1464 6 0 94
6043 6 0 43
3783 6 0 64
2029 6 0 69
3874 6 0 89
3991 6 0 22
2116 6 0 35
2857 6 0 10
6302 6 0 76
6543 6 0 4
1576 6 0 38
3851 6 1 8
702 6 1 70
1979 6 1 62
682 6 1 3
1866 6 1 85
2022 6 1 49
1474 6 1 30
3200 6 1 11
760 6 1 74
1455 6 1 39
2732 6 2 69
400 6 2 37
1600 6 2 34
4858 6 2 81
5406 6 2 16
6066 6 2 50
1772 6 2 94
175 6 2 3
5668 6 2 76
4433 6 2 46
1207 6 2 10
6318 6 2 41
6263 6 3 34
5434 6 3 3
3132 6 3 47
4669 6 3 15
6207 6 3 73
4269 6 3 92
1436 6 3 53
2461 6 3 77
3968 6 4 11
5564 6 4 65
4745 6 4 73
4549 6 4 42
5417 6 4 82
1627 6 4 38
1879 6 4 48
5237 6 4 69
5067 6 4 88
6300 6 4 52
1572 6 4 6
1809 6 4 18
2939 6 5 47
1062 6 5 91
1273 6 5 86
3373 6 5 10
5028 6 5 64
6282 6 5 36
5138 6 5 22
1143 6 5 59
5139 6 5 3
88 6 6 20
5778 6 6 86
5350 6 6 45
4826 6 6 3
1314 6 6 81
2547 6 6 37
805 6 6 9
1234 6 6 52
4627 6 6 74
5835 6 7 66
510 6 7 59
4717 6 7 3
4293 6 7 32
5561 6 7 71
5515 6 7 22
5480 6 7 62
1346 6 7 92
660 6 7 38
3207 6 7 79
3298 6 8 58
4331 6 8 37
4803 6 8 53
5726 6 8 76
5072 6 8 88
516 6 8 26
6198 6 8 81
4564 6 8 3
4719 6 8 30
653 6 9 65
1508 6 9 3
4319 6 9 34
310 6 11 44
1546 6 11 80
4086 6 11 39
987 6 11 83
195 6 11 18
3234 6 11 21
3036 6 11 4
4067 6 11 70
5902 6 11 88
4454 6 11 75
3763 6 12 54
5058 6 12 24
5202 6 12 28
3294 6 12 63
1648 6 12 2
4495 6 12 85
1754 6 12 68
2004 6 12 89
6004 6 12 19
2384 6 13 2
5783 6 13 22
2631 6 13 66
4889 6 13 18
4031 6 13 46
1989 6 13 71
5189 6 13 9
5682 6 13 87
3508 6 14 44
4167 6 14 34
4398 6 14 12
6614 6 14 70
3129 6 14 2
1471 6 14 87
552 6 15 9
5163 6 15 46
1975 6 15 77
2498 6 15 42
426 6 15 80
1423 6 16 2
1219 6 16 17
857 6 16 61
5684 6 16 78
3096 6 16 87
6531 6 17 25
5935 6 17 32
4698 6 17 81
6442 6 17 71
4305 6 17 85
337 6 17 90
481 6 17 39
5887 6 17 2
2843 6 18 78
2086 6 18 83
6474 6 18 88
1994 6 18 2
5713 6 18 26
4064 6 18 34
3863 6 18 55
5484 6 19 81
6416 6 19 69
1629 6 19 29
706 6 19 2
6132 6 19 57
2635 6 19 63
3290 6 19 90
1344 7 0 51
2267 7 0 17
634 7 0 72
560 7 0 38
3111 7 0 22
2038 7 0 10
5680 7 0 76
1888 7 0 89
4198 7 0 4
825 7 0 94
4833 7 0 64
5558 7 0 43
1827 7 0 82
3822 7 1 76
6219 7 1 17
2480 7 1 22
3012 7 1 30
1569 7 1 89
6281 7 1 53
5483 7 1 4
6235 7 1 43
6484 7 1 94
6042 7 1 11
1292 7 2 30
5316 7 2 17
4611 7 2 11
3879 7 2 76
5518 7 2 53
2215 7 2 94
18 7 2 89
4468 7 2 43
4955 7 3 53
4548 7 3 11
1682 7 3 30
3853 7 3 77
5311 7 3 17
2343 7 4 58
6595 7 4 53
2026 7 4 11
3122 7 5 53
615 7 5 11
81 7 5 59
299 7 6 53
540 7 7 38
4443 7 7 71
5461 7 7 3
3354 7 7 32
1657 7 7 18
3739 7 7 62
868 7 7 92
2988 7 7 79
2954 7 7 22
6216 7 8 20
1909 7 8 50
1026 7 8 30
689 7 8 37
3442 7 8 76
1633 7 8 58
5203 7 8 81
1936 7 8 88
4260 7 8 3
5081 7 9 79
2659 7 9 58
5360 7 9 3
4535 7 9 18
6558 7 11 83
2456 7 11 80
5751 7 11 75
3501 7 11 21
941 7 11 4
4276 7 11 39
4323 7 11 44
4370 7 11 88
3180 7 12 2
5057 7 12 85
1983 7 12 68
5650 7 12 24
235 7 12 63
2559 7 12 28
6112 7 12 19
2019 7 12 89
2562 7 13 9
1628 7 13 19
2789 7 13 71
1128 7 13 34
4238 7 13 2
4121 7 13 66
3206 7 13 87
4091 7 13 22
5623 7 14 74
1814 7 14 88
4711 7 14 34
6158 7 14 12
575 7 14 44
4589 7 14 2
506 7 15 80
5 7 15 42
1857 7 15 56
2276 7 15 77
724 7 15 9
5801 7 16 78
1131 7 16 88
502 7 16 2
4660 7 16 69
2332 7 16 36
5274 7 17 39
6242 7 17 32
3277 7 17 79
4445 7 17 90
1301 7 17 2
1561 7 17 81
6429 7 18 34
2033 7 18 55
4850 7 18 83
216 7 18 88
3116 7 18 2
2984 7 19 63
5073 7 19 29
5216 7 19 69
3503 7 19 90
4170 7 19 86
6120 7 19 2
5368 8 0 51
5760 8 0 3
1750 8 0 83
6148 8 0 17
5969 8 1 53
1910 8 1 83
499 8 1 3
6101 8 1 21
932 8 2 84
4553 8 2 47
420 8 2 3
1043 8 2 25
2249 8 3 51
971 8 3 3
5347 8 3 27
3358 8 3 84
2926 8 4 3
6016 8 4 84
572 8 4 21
3172 8 4 58
1156 8 5 3
5170 8 5 29
239 8 5 51
76 8 6 53
2311 8 7 51
6604 8 7 3
311 8 7 78
487 8 7 13
6240 8 8 31
5627 8 8 3
3214 8 8 76
1236 8 8 73
2059 8 8 88
3678 8 8 81
3729 8 8 20
6603 8 8 56
1148 8 8 50
4956 8 8 37
3976 8 8 46
1482 8 8 16
4095 8 9 49
6006 8 9 19
4103 8 9 79
5780 8 9 3
6556 8 11 80
5904 8 11 21
11 8 11 44
3080 8 11 4
1938 8 11 83
6015 8 12 85
222 8 12 89
2078 8 12 68
5867 8 12 24
3357 8 12 2
4761 8 12 28
4336 8 13 22
5276 8 13 71
5208 8 13 2
5490 8 13 34
5280 8 13 87
3900 8 13 9
5644 8 14 77
3134 8 14 12
2132 8 14 44
6437 8 14 2
6545 8 14 36
1590 8 15 9
872 8 15 42
2329 8 15 56
2421 8 15 80
226 8 16 89
3873 8 16 78
3466 8 16 33
5110 8 16 2
187 8 17 90
5497 8 17 2
4111 8 17 81
4700 8 17 39
5767 8 18 55
2616 8 18 83
5786 8 18 2
4104 8 19 69
5797 8 19 2
837 8 19 90
289 9 0 3
5491 9 0 19
3400 9 0 61
5573 9 0 50
5116 9 1 3
6048 9 1 47
269 9 1 84
6160 9 1 81
2121 9 1 18
5817 9 2 18
3046 9 2 79
5288 9 2 41
982 9 2 83
3526 9 2 3
1978 9 3 3
3011 9 3 29
6168 9 3 16
5880 9 4 13
3385 9 4 3
539 9 4 43
2853 9 4 87
2744 9 5 73
1832 9 5 42
6440 9 5 3
230 9 5 14
6028 9 6 54
3892 9 7 3
1900 9 7 46
3906 9 7 17
2768 9 7 74
3477 9 8 56
19 9 8 50
353 9 8 88
4528 9 8 31
3360 9 8 20
5003 9 8 3
160 9 8 16
4032 9 8 37
2372 9 8 46
2574 9 8 76
2870 9 8 81
386 9 9 13
447 9 9 49
5681 9 9 3
4342 9 9 73
2866 9 11 44
621 9 11 4
3566 9 11 83
1964 9 11 1
5979 9 12 4
194 9 12 28
3262 9 12 85
4428 9 12 1
3614 9 13 9
4494 9 13 1
5283 9 13 86
1841 9 13 34
125 9 14 1
818 9 14 44
1753 9 14 12
6559 9 14 87
2669 9 15 31
976 9 15 42
3639 9 15 56
4105 9 15 9
2557 9 15 80
2419 9 16 42
4894 9 16 9
4950 9 16 27
6030 9 16 80
6448 9 16 90
4347 9 16 66
1735 9 16 52
6455 9 17 27
2761 9 17 96
4679 9 17 52
3112 9 17 80
6351 9 17 9
1530 9 17 23
1555 9 17 20
5775 9 17 91
4506 9 17 66
3162 9 17 42
5685 9 18 72
1850 9 18 91
264 9 18 9
6108 9 18 52
5752 9 18 80
2235 9 18 75
6525 9 18 27
5589 9 18 64
4275 9 18 42
2649 9 18 23
201 9 18 36
4000 9 19 6
1914 9 19 49
2564 9 19 52
2862 9 19 61
5052 9 19 23
884 9 19 80
1302 9 19 9
3225 9 19 91
5590 9 19 27
5700 10 0 3
5549 10 0 19
5930 10 0 61
628 10 0 84
5773 10 0 44
1645 10 0 14
4208 10 0 50
4316 10 1 3
3938 10 1 11
797 10 1 47
3032 10 1 70
4430 10 1 42
6146 10 1 84
5287 10 2 83
44 10 2 18
2814 10 2 41
6461 10 2 36
2763 10 2 3
3608 10 2 73
1825 10 2 79
3983 10 3 11
4559 10 3 3
1789 10 3 29
5747 10 3 16
1714 10 3 46
3828 10 3 86
7 10 4 87
1872 10 4 43
2236 10 4 36
5325 10 4 67
5409 10 4 13
2084 10 4 3
5711 10 5 3
4663 10 5 14
726 10 5 42
5248 10 5 62
6538 10 5 73
6149 10 5 37
3215 10 5 93
5083 10 6 54
234 10 7 13
5538 10 7 69
5002 10 7 3
1089 10 7 55
1400 10 8 31
3302 10 8 93
4848 10 8 45
2194 10 8 76
4424 10 8 88
4875 10 8 37
3734 10 8 3
2252 10 8 81
3271 10 8 20
4849 10 8 56
4228 10 8 72
3033 10 9 43
3022 10 9 17
2957 10 9 3
3664 10 9 73
4818 10 11 89
1290 10 11 9
6063 10 11 2
5857 10 11 68
3335 10 11 93
5688 10 11 25
2491 10 11 73
5088 10 11 76
4992 10 11 31
6371 10 12 2
2158 10 12 22
3377 10 12 63
3558 10 12 25
4628 10 12 31
5600 10 12 9
4619 10 12 68
1902 10 12 93
4970 10 12 76
3366 10 12 70
2351 10 12 36
2567 10 13 36
5956 10 13 27
1527 10 13 63
363 10 13 2
5296 10 13 9
3323 10 13 70
3145 10 13 94
3780 10 13 31
4808 10 13 76
3287 10 13 68
5937 10 13 87
6171 10 13 60
4243 10 14 76
3628 10 14 27
1191 10 14 94
4083 10 14 56
2523 10 14 60
6542 10 14 54
2684 10 14 31
756 10 14 63
2509 10 14 7
5251 10 14 36
3222 10 15 61
563 10 15 7
161 10 15 54
2123 10 15 31
6172 10 15 38
4503 10 15 78
3247 10 15 56
4977 10 15 95
2219 10 16 35
2455 10 16 39
1342 10 16 91
2188 10 16 61
3420 10 16 63
20 10 16 5
3384 10 16 9
5370 10 16 24
6606 10 16 67
2257 10 16 29
1838 10 16 85
196 10 17 23
640 10 17 27
774 10 17 2
2442 10 17 66
6352 10 17 74
204 10 17 91
3078 10 17 37
4181 10 17 7
4169 10 18 59
3182 10 18 8
6113 10 18 3
1230 10 18 90
5997 10 18 42
2371 10 18 36
591 10 18 64
5929 10 18 75
4355 10 19 80
3810 10 19 61
4774 10 19 6
5875 10 19 78
1429 10 19 9
6629 10 19 91
2454 10 19 27
5136 10 19 52
176 10 19 23
6125 11 0 37
1489 11 0 72
6034 11 0 61
4609 11 0 3
1319 11 0 19
4856 11 0 93
2735 11 0 50
5699 11 0 44
2646 11 1 8
4218 11 1 93
5568 11 1 53
4597 11 1 72
5759 11 1 44
6555 11 1 19
5754 11 1 37
2660 11 1 33
4965 11 1 61
3635 11 1 3
6308 11 1 84
3687 11 2 93
5386 11 2 53
6456 11 2 33
5436 11 2 65
5506 11 2 61
3098 11 2 3
6069 11 2 19
1000 11 2 37
3073 11 2 73
253 11 2 8
5486 11 2 84
3986 11 3 19
3654 11 3 93
2992 11 3 73
4298 11 3 65
5543 11 3 29
2936 11 3 3
6449 11 3 33
4960 11 3 53
1651 11 3 61
4157 11 3 86
3718 11 4 29
15 11 4 3
5048 11 4 87
3309 11 4 93
1752 11 4 67
4721 11 4 53
1842 11 4 73
2195 11 4 19
64 11 4 33
1284 11 4 62
4568 11 5 37
581 11 5 88
3786 11 5 14
6273 11 5 56
6414 11 5 42
4504 11 5 3
3746 11 5 62
6421 11 5 73
5061 11 6 54
4011 11 7 92
5226 11 7 18
2047 11 7 40
2420 11 7 3
5587 11 7 73
1086 11 8 31
2406 11 8 72
3862 11 8 45
3648 11 8 11
878 11 8 76
1420 11 8 81
2568 11 8 20
2560 11 8 56
2007 11 8 3
3221 11 8 37
5765 11 9 33
5153 11 9 3
1322 11 9 15
2794 11 9 92
3049 11 9 73
4614 11 11 73
469 11 11 31
6196 11 11 25
5828 11 11 93
2154 11 11 89
6625 11 11 76
1350 11 11 9
6304 11 11 2
5323 11 12 7
3316 11 12 90
6597 11 12 75
77 11 12 1
4475 11 12 36
6439 11 12 30
6528 11 12 70
3733 11 13 87
5779 11 13 92
4412 11 13 5
72 11 13 1
5802 11 13 27
5928 11 13 60
3629 11 14 26
2335 11 14 91
3187 11 14 7
1181 11 14 1
2097 11 14 71
3324 11 14 56
3912 11 15 78
6126 11 15 75
6191 11 15 72
6177 11 15 64
6041 11 15 38
5949 11 15 93
3275 11 15 25
3406 11 15 4
2713 11 16 34
3119 11 16 91
1831 11 16 37
2514 11 16 1
427 11 16 5
137 11 16 9
3756 11 16 67
2653 11 16 29
1103 11 16 39
5416 11 16 63
3995 11 16 88
2513 11 17 66
1228 11 17 74
1965 11 17 27
5923 11 17 7
829 11 17 23
1921 11 17 1
5122 11 17 37
3348 11 18 2
2829 11 18 35
1080 11 18 61
319 11 18 75
5697 11 18 42
1726 11 18 64
3459 11 18 8
3467 11 18 91
2618 11 19 1
1277 11 19 5
1749 11 19 9
3683 11 19 23
6541 11 19 52
3902 11 19 91
4259 11 19 27
2739 11 19 61
5009 11 19 80
2818 12 0 93
5720 12 0 18
1619 12 0 72
5791 12 0 37
2425 12 0 3
5502 12 1 53
6350 12 1 45
6051 12 1 3
1363 12 1 8
4963 12 2 9
2489 12 2 65
1295 12 2 3
6583 12 2 45
2668 12 3 45
3898 12 3 70
6280 12 3 9
3793 12 3 3
3721 12 4 53
4513 12 4 25
6039 12 4 36
3963 12 4 87
6467 12 4 19
4931 12 4 72
3101 12 4 29
4209 12 4 4
659 12 5 3
769 12 5 56
3209 12 5 81
5671 12 5 42
2366 12 5 11
6353 12 6 91
4713 12 6 54
4871 12 7 68
3448 12 7 3
2283 12 7 92
4906 12 7 30
2430 12 7 15
297 12 8 76
2522 12 8 56
1601 12 8 45
3224 12 8 82
3330 12 8 11
118 12 8 72
3166 12 8 32
1307 12 8 3
1609 12 8 20
2370 12 8 37
2369 12 9 92
3524 12 9 3
5665 12 9 14
5737 12 9 69
5098 12 9 38
5051 12 11 76
2237 12 11 1
4471 12 11 31
2858 12 11 93
992 12 11 9
4125 12 12 36
912 12 12 93
2085 12 12 1
3685 12 12 9
1847 12 12 75
2742 12 13 75
455 12 13 1
4845 12 13 9
1621 12 13 92
2806 12 13 27
2427 12 14 71
352 12 14 92
5836 12 14 7
3291 12 14 1
4812 12 14 26
6231 12 15 26
4069 12 15 78
6507 12 15 93
6117 12 15 38
546 12 15 72
5241 12 15 4
2600 12 16 5
4639 12 16 67
6443 12 16 72
3817 12 16 39
5365 12 16 91
3397 12 16 9
3370 12 16 1
6072 12 16 34
5732 12 17 67
1127 12 17 37
2091 12 17 1
526 12 17 7
2539 12 17 27
4766 12 17 74
3064 12 18 42
5629 12 18 64
1462 12 18 75
716 12 18 8
6413 12 18 2
5035 12 18 91
880 12 18 39
6091 12 19 61
647 12 19 80
3197 12 19 1
2452 12 19 27
1528 12 19 5
4796 12 19 9
1250 13 0 3
5633 13 0 12
2083 13 0 65
3640 13 0 86
5814 13 0 28
5210 13 1 28
113 13 1 3
6576 13 1 52
2673 13 1 83
4090 13 1 12
6098 13 2 83
120 13 2 3
6445 13 2 9
5575 13 2 21
4765 13 2 28
6518 13 2 52
4314 13 2 91
1404 13 3 4
5257 13 3 21
4049 13 3 52
4239 13 3 91
5162 13 3 83
6297 13 3 9
4687 13 3 28
2927 13 4 53
4760 13 4 9
2692 13 4 29
3809 13 4 87
3252 13 4 4
5295 13 4 36
4596 13 4 72
6206 13 4 21
1272 13 5 4
4366 13 5 72
3059 13 5 56
3403 13 5 9
3871 13 5 21
3512 13 5 87
4194 13 5 36
6 13 5 67
915 13 8 20
709 13 8 56
6397 13 8 4
6012 13 8 26
2164 13 8 82
700 13 8 32
3245 13 8 77
5981 13 8 38
306 13 8 45
2908 13 8 11
902 13 9 24
1018 13 9 54
2575 13 9 4
6466 13 9 81
1901 13 11 4
2100 13 11 41
3601 13 11 81
5834 13 11 24
6523 13 12 4
6357 13 12 53
6510 13 12 79
2402 13 12 20
10 13 13 22
3952 13 13 78
6229 13 13 46
3624 13 13 4
2291 13 14 4
2915 13 14 70
1970 13 14 22
4215 13 14 91
2293 13 14 41
3604 13 15 4
5830 13 15 78
75 13 15 1
4656 13 15 93
168 13 15 38
3229 13 16 72
565 13 16 39
3535 13 16 1
6584 13 16 9
533 13 17 1
3217 13 17 37
6527 13 17 74
163 13 17 8
1799 13 18 8
5427 13 18 42
642 13 18 1
1529 13 18 75
4387 13 19 1
5446 13 19 9
6290 13 19 27
5635 13 19 80
6184 14 0 12
3666 14 0 86
2428 14 0 3
2686 14 0 30
2397 14 0 65
2028 14 1 12
5676 14 1 3
5548 14 1 33
100 14 1 90
5613 14 1 73
3146 14 2 14
5914 14 2 75
5086 14 2 90
1229 14 2 3
5039 14 2 31
4593 14 3 91
6591 14 3 14
1305 14 3 3
5023 14 3 63
91 14 3 33
1762 14 4 3
6251 14 4 91
2440 14 4 15
4477 14 4 70
2003 14 4 39
6331 14 5 64
2319 14 5 14
2558 14 5 37
3444 14 5 3
1317 14 5 92
1280 14 6 65
3919 14 6 15
2243 14 6 3
1694 14 6 92
3643 14 6 39
1396 14 11 65
3520 14 12 65
1067 14 13 64
257 14 13 92
5415 14 13 16
800 14 14 16
283 14 14 92
3697 14 14 64
5005 14 14 44
949 14 15 6
686 14 15 92
900 14 15 64
974 14 15 16
3003 14 15 44
3499 14 16 92
5117 14 16 38
4023 14 16 44
1476 14 16 6
2183 14 16 16
1283 14 16 64
61 14 17 5
2202 14 17 16
462 14 17 92
2821 14 17 38
2678 14 17 64
3651 14 18 16
2106 14 18 5
4173 14 18 51
5513 14 18 38
3185 14 18 64
1233 14 18 85
840 14 18 92
3039 14 19 73
4025 14 19 54
4469 14 19 64
332 14 19 38
261 14 19 12
4333 14 19 77
3179 14 19 5
6338 14 19 84
6195 14 19 51
1331 14 19 25
1730 14 19 92
2609 15 0 5
6159 15 0 57
5927 15 0 65
1297 15 0 80
2773 15 0 12
4598 15 0 86
890 15 0 30
5861 15 1 90
1184 15 1 5
6349 15 1 33
717 15 1 27
4603 15 1 54
4631 15 1 73
2436 15 2 28
4255 15 2 75
2588 15 2 5
3168 15 2 14
4512 15 2 31
2675 15 2 59
4172 15 3 33
3015 15 3 63
3899 15 3 5
36 15 3 80
722 15 3 27
6314 15 3 55
6394 15 8 69
1268 15 8 91
2304 15 8 47
2840 15 8 76
978 15 8 20
5050 15 8 28
5672 15 9 12
687 15 9 4
1713 15 9 79
505 15 9 88
3097 15 9 25
5124 15 9 29
5394 15 9 44
476 15 9 48
4145 15 10 69
2917 15 10 10
1185 15 10 74
2046 15 10 31
5670 15 10 78
3212 15 10 36
3460 15 10 65
737 15 10 41
2612 15 10 85
4618 15 11 73
452 15 11 8
1738 15 11 77
6245 15 11 32
6119 15 11 61
1215 15 11 17
3436 15 12 12
514 15 12 33
5420 15 12 62
3577 15 12 27
6417 15 12 5
1274 15 12 81
3889 15 13 5
1217 15 13 32
45 15 13 91
3971 15 13 58
4016 15 13 42
4459 15 13 14
5275 15 13 63
4934 15 13 36
3548 15 14 80
5458 15 14 62
5843 15 14 11
4249 15 14 28
1844 15 14 48
5357 15 14 34
2054 15 14 56
5476 15 14 5
2340 15 14 52
1433 15 15 29
923 15 15 40
5263 15 15 86
3267 15 15 79
5868 15 15 75
4853 15 15 16
4560 15 15 59
4073 15 15 5
6226 15 16 31
6454 15 16 77
3194 15 16 5
3715 15 16 14
4820 15 16 82
3260 15 16 28
5256 15 16 60
1549 15 17 80
3259 15 17 33
1179 15 17 27
5104 15 17 13
6124 15 17 64
4378 15 17 86
5102 15 17 5
184 15 17 76
3842 15 17 92
4206 15 17 51
1385 15 17 57
5511 15 18 16
3052 15 18 11
4184 15 18 74
1312 15 18 81
1681 15 18 50
2441 15 18 85
5113 15 18 63
3139 15 18 5
907 15 18 28
4764 15 18 56
1049 15 19 38
4733 15 19 77
2774 15 19 25
3631 15 19 83
5000 15 19 5
6530 15 19 54
1778 15 19 92
1123 15 19 12
135 15 19 64
831 16 0 5
1048 16 0 80
5414 16 0 30
5250 16 0 12
576 16 0 24
3930 16 0 53
5374 16 0 57
4048 16 0 65
3836 16 0 75
4334 16 0 86
4453 16 1 69
5821 16 1 22
5663 16 1 33
5900 16 1 54
38 16 1 73
4446 16 1 27
2623 16 1 5
5723 16 1 90
3769 16 2 31
2300 16 2 59
6508 16 2 54
2218 16 2 14
1030 16 2 85
5340 16 2 75
2289 16 2 5
6571 16 2 23
5042 16 3 36
2336 16 3 84
6215 16 3 5
5038 16 3 57
4901 16 5 4
2127 16 5 20
767 16 5 63
4144 16 5 44
2072 16 5 91
2134 16 6 91
5856 16 6 44
2400 16 6 63
6023 16 6 4
5770 16 6 20
5584 16 7 20
2375 16 7 47
6511 16 7 4
6628 16 7 69
3437 16 7 91
2845 16 8 47
2180 16 8 20
6594 16 8 69
1447 16 8 91
3856 16 8 76
5140 16 8 28
6617 16 9 79
3359 16 9 4
4793 16 9 48
4583 16 9 12
5643 16 9 29
515 16 9 88
5717 16 10 78
1183 16 10 10
1973 16 10 65
1795 16 10 32
3227 16 10 36
2445 16 10 60
302 16 10 5
4176 16 10 88
1098 16 10 41
1552 16 10 74
2658 16 11 77
4229 16 11 59
1923 16 11 8
4329 16 11 32
6080 16 11 73
2946 16 11 17
650 16 12 74
4574 16 12 12
4835 16 12 27
4221 16 12 88
1444 16 12 33
3438 16 12 4
2663 16 12 62
6329 16 13 14
4605 16 13 42
5026 16 13 36
3375 16 13 74
3484 16 13 55
881 16 13 83
4020 16 13 5
595 16 13 58
4190 16 13 91
149 16 13 30
5555 16 13 63
3826 16 14 34
5571 16 14 5
2453 16 14 11
2951 16 14 52
2162 16 14 56
1604 16 14 81
5708 16 14 62
2111 16 15 16
4187 16 15 79
1947 16 15 40
4758 16 15 5
3924 16 15 59
1152 16 15 55
16 16 15 86
3784 16 16 28
5064 16 16 14
2357 16 16 31
1884 16 16 82
3244 16 16 39
2171 16 16 60
5545 16 16 5
1225 16 17 13
4012 16 17 80
5537 16 17 51
5659 16 17 33
5485 16 17 5
1667 16 17 57
4527 16 17 86
2254 16 17 64
4644 16 17 92
5766 16 18 16
4179 16 18 32
5807 16 18 28
4282 16 18 63
1367 16 18 81
507 16 18 54
3908 16 18 11
382 16 18 77
4186 16 18 50
6019 16 18 5
3307 16 18 85
4039 16 19 83
4794 16 19 64
3880 16 19 38
5392 16 19 91
6389 16 19 12
4159 16 19 4
5560 16 19 77
2518 16 19 60
6568 16 19 54
3564 17 0 66
1658 17 0 75
5010 17 0 24
4007 17 0 48
27 17 0 81
2242 17 0 53
384 17 0 5
2831 17 0 30
1992 17 0 57
4285 17 0 86
3263 17 0 12
2434 17 1 27
4077 17 1 84
5389 17 1 90
3954 17 1 33
2143 17 1 5
6608 17 1 49
5328 17 1 54
3118 17 1 69
3368 17 1 73
4457 17 1 22
4891 17 2 23
3352 17 2 31
1405 17 2 5
2023 17 2 14
4809 17 2 59
4047 17 2 53
1509 17 2 75
1503 17 2 70
3498 17 2 85
519 17 3 50
6307 17 3 5
5673 17 3 21
6095 17 3 76
4143 17 3 71
3198 17 5 56
1175 17 5 4
1159 17 5 62
6222 17 5 41
4621 17 5 19
6524 17 5 80
4608 17 5 13
2867 17 5 86
2145 17 5 67
3007 17 5 35
3967 17 6 44
6463 17 6 80
6021 17 6 36
4792 17 6 20
47 17 6 4
429 17 6 67
2956 17 6 89
2617 17 6 56
2303 17 7 89
5608 17 7 36
2879 17 7 44
896 17 7 56
6384 17 7 28
1096 17 7 4
3917 17 7 69
2284 17 7 19
3337 17 7 9
669 17 8 6
6078 17 8 76
1531 17 8 56
1881 17 8 19
2345 17 8 44
5953 17 8 28
6497 17 8 67
1483 17 8 89
3186 17 9 17
1873 17 9 29
260 17 9 35
6093 17 9 4
3569 17 9 61
529 17 9 79
5504 17 9 12
1781 17 10 65
4248 17 10 36
3233 17 10 5
3766 17 10 60
4110 17 10 78
2519 17 10 10
1212 17 10 55
3068 17 10 41
2920 17 11 59
2540 17 11 32
101 17 11 4
5788 17 11 8
4392 17 11 17
5261 17 11 36
4755 17 11 55
2991 17 11 77
4652 17 12 15
181 17 12 74
6024 17 12 27
1501 17 12 4
3609 17 12 62
3462 17 12 33
1114 17 13 14
4759 17 13 42
894 17 13 83
518 17 13 91
3138 17 13 63
1699 17 13 78
3692 17 13 58
5782 17 13 36
3154 17 13 4
6145 17 14 34
5199 17 14 11
3067 17 14 62
4489 17 14 83
2538 17 14 56
2638 17 14 4
4272 17 15 40
6435 17 15 35
5986 17 15 16
1422 17 15 55
2203 17 15 86
5339 17 15 79
5879 17 15 5
5498 17 15 59
4060 17 16 82
5398 17 16 31
4330 17 16 60
307 17 16 4
3364 17 16 39
2114 17 16 14
5653 17 17 33
6535 17 17 64
2644 17 17 57
4841 17 17 86
4694 17 17 92
2572 17 17 13
5527 17 17 5
5135 17 17 80
5286 17 18 85
1151 17 18 16
4082 17 18 11
2068 17 18 63
1877 17 18 81
5596 17 18 54
4274 17 18 32
93 17 18 4
1050 17 18 57
870 17 19 34
6204 17 19 38
4288 17 19 15
5569 17 19 83
627 17 19 4
1013 17 19 29
6315 17 19 91
6214 17 19 64
4009 17 19 60
1500 17 19 57
4653 18 0 24
3255 18 0 75
3586 18 0 86
6027 18 0 6
2150 18 0 30
1639 18 0 66
636 18 0 57
2720 18 0 12
2784 18 0 48
3061 18 1 69
3653 18 1 54
5893 18 1 73
3833 18 1 90
291 18 1 5
5562 18 1 80
3010 18 1 22
2142 18 1 27
5018 18 1 49
5695 18 1 44
3441 18 1 84
5574 18 1 33
5369 18 2 6
436 18 2 59
2837 18 2 31
6296 18 2 45
2565 18 2 23
3322 18 2 85
3545 18 2 53
735 18 2 75
4844 18 2 15
1349 18 3 5
2172 18 3 25
4196 18 3 76
2208 18 3 71
5290 18 3 49
1856 18 5 4
804 18 5 19
4519 18 5 41
4836 18 5 13
1603 18 5 62
520 18 5 67
4762 18 5 86
3594 18 6 4
3951 18 6 89
4837 18 6 15
2350 18 6 53
1710 18 6 20
3832 18 6 36
1238 18 7 34
5606 18 7 38
5235 18 7 69
4876 18 7 82
3391 18 7 4
5542 18 7 13
3562 18 7 19
6174 18 7 61
4516 18 8 89
5453 18 8 38
3732 18 8 44
5351 18 8 5
5343 18 8 10
5412 18 8 66
5790 18 9 29
1995 18 9 35
5926 18 9 12
6618 18 9 4
3606 18 9 61
5508 18 9 79
6472 18 9 17
4919 18 10 78
1774 18 10 41
5553 18 10 5
608 18 10 10
3864 18 10 60
2520 18 10 65
4815 18 11 59
3410 18 11 4
5943 18 11 36
649 18 11 13
4128 18 11 77
107 18 11 17
4642 18 12 62
2953 18 12 14
4708 18 12 74
3315 18 12 4
5215 18 12 33
5408 18 13 63
2573 18 13 91
4706 18 13 14
5744 18 13 58
3428 18 13 4
5918 18 13 36
6312 18 13 42
5865 18 13 83
6181 18 14 11
6267 18 14 36
3694 18 14 4
5177 18 14 62
4821 18 14 89
590 18 15 16
3773 18 15 4
972 18 15 36
946 18 15 11
6261 18 15 86
4485 18 15 59
5599 18 15 40
5978 18 15 55
5080 18 16 4
5468 18 16 82
5065 18 16 39
5628 18 16 14
3741 18 16 55
431 18 17 64
5988 18 17 86
6547 18 17 92
2925 18 17 13
5184 18 17 4
4076 18 17 33
1862 18 18 11
4364 18 18 16
897 18 18 32
4933 18 18 4
2469 18 18 57
6544 18 18 85
1805 18 18 63
3351 18 19 15
3775 18 19 38
1575 18 19 34
6227 18 19 4
5077 18 19 60
1949 18 19 64
4649 18 19 91
2546 19 5 86
6266 19 5 19
4449 19 5 67
2201 19 5 41
1454 19 5 4
676 19 6 36
6512 19 6 20
892 19 6 86
1504 19 6 4
2447 19 6 67
5194 19 7 19
1868 19 7 38
3339 19 7 82
6420 19 7 69
1071 19 7 4
4245 19 8 44
3070 19 8 4
1221 19 8 82
3304 19 8 10
5400 19 8 66
1222 19 9 17
5820 19 9 4
535 19 9 35
5958 19 9 66
844 19 9 79
1687 19 10 10
3286 19 10 65
527 19 10 4
4197 19 10 41
2671 19 10 78
4281 19 11 4
714 19 11 77
4322 19 11 36
2444 19 11 17
4541 19 11 65
2439 19 12 74
2129 19 12 65
3151 19 12 4
4953 19 12 33
4474 19 12 17
969 19 13 17
1922 19 13 87
951 19 13 91
99 19 13 4
5952 19 13 42
5567 19 13 63
5966 19 14 4
4531 19 14 42
1803 19 14 63
488 19 14 11
6311 19 15 4
3486 19 15 40
5964 19 15 59
5085 19 15 16
6253 19 16 4
1660 19 16 16
248 19 16 55
6058 19 16 40
771 19 17 64
2987 19 17 92
4726 19 17 40
1352 19 17 13
6460 19 17 4
4920 19 18 16
1506 19 18 4
2975 19 18 32
2754 19 18 63
2747 19 18 92
2355 19 19 38
4021 19 19 64
562 19 19 4
4185 19 19 16
5694 19 19 90
