2934
1134 0 0 30
4027 0 0 57
1817 0 0 1
4946 0 1 18
973 0 1 66
4882 0 1 1
619 0 2 1
4373 0 2 72
4864 0 2 25
339 0 3 6
381 0 3 78
3977 0 3 1
1188 0 4 1
599 0 4 20
4621 0 4 81
2033 0 5 38
4440 0 5 86
3221 0 5 1
3094 0 6 9
5303 0 6 89
5218 0 6 1
4835 0 7 1
4697 0 7 59
4196 0 7 91
1684 0 8 1
3722 0 8 79
1577 0 9 67
3766 0 9 1
2355 0 9 92
773 0 9 28
3806 0 10 71
1251 0 10 2
4769 0 10 34
2614 0 11 27
1127 0 11 2
488 0 11 31
4214 0 12 70
478 0 12 2
40 0 12 34
3488 0 12 93
3697 0 13 2
4206 0 13 26
490 0 13 56
3130 0 13 93
5091 0 14 19
823 0 14 92
2717 0 14 49
1926 0 14 2
5006 0 15 2
916 0 15 91
4224 0 15 17
1796 0 15 67
880 0 16 91
4811 0 16 65
4728 0 16 2
2351 0 16 20
301 0 17 91
1187 0 17 60
3153 0 17 2
1530 0 17 17
984 0 18 65
3502 0 18 13
3546 0 18 2
4338 0 18 88
3683 0 19 2
4324 0 19 88
4437 0 19 63
160 0 19 15
5403 1 0 22
165 1 0 55
5439 1 0 90
1078 1 0 57
2579 1 0 30
4369 1 0 1
1798 1 1 18
5197 1 1 59
4028 1 1 97
402 1 1 66
3596 1 1 1
5220 1 2 66
4948 1 2 21
3583 1 2 1
1230 1 2 25
3391 1 2 99
507 1 2 72
3333 1 3 97
4705 1 3 78
2008 1 3 6
3239 1 3 59
3549 1 3 1
560 1 4 18
4135 1 4 20
2241 1 4 66
1103 1 4 81
2666 1 4 1
3757 1 5 38
5038 1 5 1
384 1 5 86
4640 1 5 29
4147 1 5 76
4497 1 6 41
4010 1 6 1
3207 1 6 9
5033 1 6 89
4736 1 6 81
3853 1 7 91
842 1 7 1
1951 1 7 22
1304 1 7 59
4695 1 8 1
2305 1 8 79
1365 1 8 12
139 1 8 97
4694 1 9 67
5471 1 9 92
978 1 9 28
5206 1 9 14
5232 1 9 62
1712 1 9 2
4439 1 9 84
2836 1 10 88
3934 1 10 2
2753 1 10 34
5210 1 10 71
5238 1 10 63
3181 1 10 14
3440 1 11 71
3387 1 11 18
2847 1 11 31
1742 1 11 27
3182 1 11 2
2103 1 12 90
3477 1 12 2
2026 1 12 34
3761 1 12 93
3785 1 12 18
44 1 12 70
3851 1 12 67
4079 1 13 88
4245 1 13 26
216 1 13 51
2576 1 13 56
4819 1 13 2
2989 1 13 18
2696 1 14 14
3959 1 14 44
4375 1 14 2
903 1 14 93
1514 1 14 49
3483 1 14 77
5097 1 14 19
3320 1 15 85
2912 1 15 52
2779 1 15 17
53 1 15 92
4281 1 15 67
615 1 15 2
5126 1 16 16
3865 1 16 2
5447 1 16 20
4482 1 16 32
4795 1 16 65
5424 1 16 82
731 1 17 2
4748 1 17 55
2 1 17 60
2559 1 17 17
489 1 17 87
1297 1 18 13
3866 1 18 52
3724 1 18 65
4203 1 18 84
4261 1 18 88
2508 1 18 2
4173 1 19 47
2810 1 19 15
5043 1 19 63
708 1 19 87
3660 1 19 2
4293 2 0 84
1871 2 0 30
550 2 0 90
2818 2 0 22
208 2 0 1
4872 2 0 16
649 2 0 57
5249 2 1 89
541 2 1 18
3545 2 1 1
3519 2 1 50
2400 2 1 66
4619 2 1 59
1329 2 1 15
1432 2 2 16
512 2 2 72
4215 2 2 61
2817 2 2 96
2562 2 2 1
4321 2 2 21
4236 2 2 25
3537 2 3 1
533 2 3 59
3531 2 3 97
4639 2 3 78
893 2 3 6
5330 2 3 51
4301 2 4 15
3979 2 4 81
963 2 4 20
311 2 4 66
3770 2 4 1
5521 2 4 96
214 2 5 86
1602 2 5 29
4216 2 5 73
368 2 5 1
3816 2 5 38
4953 2 5 17
2365 2 5 76
2468 2 6 81
3892 2 6 1
5398 2 6 73
3399 2 6 89
5429 2 6 36
3990 2 6 9
3684 2 6 41
519 2 7 59
4143 2 7 17
5343 2 7 54
5054 2 7 80
3163 2 7 91
129 2 7 22
1592 2 7 1
218 2 8 97
2721 2 8 93
221 2 8 1
5329 2 8 12
2623 2 8 63
3952 2 8 79
2706 2 9 67
3884 2 9 58
3858 2 9 84
161 2 9 2
2663 2 9 28
4894 2 9 92
4421 2 9 14
4768 2 9 62
2781 2 10 2
3809 2 10 12
4409 2 10 34
694 2 10 56
5159 2 10 63
1424 2 10 84
4405 2 10 88
1741 2 11 27
4211 2 11 71
2271 2 11 85
2521 2 11 12
611 2 11 31
2285 2 11 2
4656 2 11 64
1142 2 12 67
4518 2 12 86
1553 2 12 2
5396 2 12 70
1934 2 12 12
1545 2 12 90
4722 2 12 55
3080 2 12 93
3428 2 12 34
3015 2 13 88
412 2 13 2
2986 2 13 56
4278 2 13 13
1259 2 13 18
1082 2 13 26
4377 2 13 51
5194 2 13 82
1488 2 14 90
4990 2 14 2
2987 2 14 93
864 2 14 44
1036 2 14 19
2567 2 14 49
2409 2 14 14
4446 2 14 77
554 2 14 72
3883 2 14 10
5164 2 15 17
2324 2 15 85
3061 2 15 2
4000 2 15 11
4550 2 15 40
5019 2 15 80
168 2 15 52
4737 2 15 92
3246 2 15 67
2816 2 16 28
3746 2 16 65
3817 2 16 82
3971 2 16 55
1668 2 16 16
4566 2 16 2
3645 2 16 10
3958 2 16 32
4465 2 16 20
293 2 17 82
4144 2 17 55
5491 2 17 17
3603 2 17 11
4593 2 17 38
2660 2 17 87
1664 2 17 2
2413 2 17 60
1102 2 18 88
5418 2 18 65
1733 2 18 13
4055 2 18 3
2711 2 18 47
5240 2 18 79
1003 2 18 84
1128 2 18 52
3492 2 19 63
863 2 19 87
2231 2 19 2
4161 2 19 35
1791 2 19 10
1494 2 19 47
543 2 19 15
4469 3 0 16
1208 3 0 57
3137 3 0 80
3280 3 0 84
5488 3 0 11
5452 3 0 1
2722 3 0 22
3702 3 0 30
242 3 0 90
3081 3 0 52
4146 3 1 45
2635 3 1 89
3217 3 1 50
1920 3 1 15
203 3 1 18
4581 3 1 85
2719 3 1 59
421 3 1 66
3345 3 1 1
3300 3 2 11
4392 3 2 56
385 3 2 72
5224 3 2 1
3706 3 2 21
3740 3 2 61
3925 3 2 17
5354 3 2 96
3793 3 2 92
711 3 2 25
4949 3 3 59
3159 3 3 78
5498 3 3 6
1491 3 3 1
3709 3 3 73
4083 3 3 46
4780 3 3 51
2845 3 4 20
2143 3 4 1
3751 3 4 60
2310 3 4 66
5534 3 4 78
1606 3 4 81
4614 3 4 96
4842 3 5 1
4723 3 5 17
4380 3 5 34
2002 3 5 69
4064 3 5 13
1738 3 5 76
5395 3 5 86
5351 3 5 29
4254 3 5 38
2890 3 5 95
1559 3 6 89
3439 3 6 34
2424 3 6 41
4115 3 6 73
2926 3 6 36
2052 3 6 1
3665 3 6 9
5168 3 6 68
1933 3 6 81
5008 3 7 54
425 3 7 13
3146 3 7 17
3579 3 7 80
4050 3 7 51
3128 3 7 91
522 3 7 22
323 3 7 59
377 3 7 1
4717 3 8 1
1132 3 8 12
4491 3 8 50
2471 3 8 63
3416 3 8 79
2392 3 8 93
4106 3 8 10
2673 3 9 28
3154 3 9 58
1953 3 9 14
4922 3 9 53
2266 3 9 92
3576 3 9 84
5185 3 9 3
3797 3 9 62
765 3 9 79
5391 3 9 67
4956 3 10 94
4585 3 10 50
3374 3 10 82
5267 3 10 3
4867 3 10 63
4683 3 10 88
845 3 10 29
5434 3 10 57
4754 3 10 34
982 3 10 12
3160 3 11 3
3478 3 11 29
2005 3 11 85
2317 3 11 71
3997 3 11 31
4282 3 11 64
5184 3 11 60
1605 3 11 24
2368 3 12 93
4296 3 12 30
245 3 12 2
468 3 12 34
5388 3 12 9
3398 3 12 51
1077 3 12 68
4747 3 12 70
2823 3 12 86
1541 3 13 56
107 3 13 26
1518 3 13 95
3622 3 13 3
4048 3 13 23
1586 3 13 13
4464 3 13 82
1455 3 13 51
4181 3 13 18
4100 3 13 88
1907 3 14 14
2659 3 14 93
4500 3 14 38
902 3 14 90
79 3 14 44
360 3 14 49
2462 3 14 19
2954 3 14 73
3744 3 14 77
361 3 14 2
1641 3 14 10
1273 3 15 2
1057 3 15 63
4724 3 15 86
2667 3 15 17
1765 3 15 11
3327 3 15 35
3281 3 15 80
3049 3 15 67
2504 3 15 40
4890 3 15 52
4524 3 15 92
4030 3 16 16
2179 3 16 10
4832 3 16 65
5373 3 16 78
561 3 16 2
2291 3 16 83
3179 3 16 32
2385 3 16 51
4904 3 16 26
5496 3 16 20
2245 3 16 28
3938 3 16 55
1950 3 17 79
3448 3 17 95
3690 3 17 17
1399 3 17 2
643 3 17 38
867 3 17 56
3274 3 17 60
2384 3 17 11
3139 3 17 87
482 3 18 13
3346 3 18 62
1588 3 18 47
4820 3 18 65
4303 3 18 88
3731 3 18 3
3834 3 18 95
4845 3 18 79
5344 3 18 52
925 3 19 10
35 3 19 58
3885 3 19 87
614 3 19 2
1682 3 19 35
4893 3 19 32
4515 3 19 95
4572 3 19 15
2473 3 19 63
1299 4 0 80
4514 4 0 12
4246 4 0 16
1908 4 0 84
2451 4 0 96
1364 4 0 30
1889 4 0 1
362 4 0 57
5230 4 0 90
1391 4 0 22
1231 4 1 42
455 4 1 82
4968 4 1 66
3933 4 1 45
4520 4 1 18
5228 4 1 11
3206 4 1 50
1938 4 1 89
3158 4 1 85
3066 4 1 1
674 4 1 59
749 4 2 61
4629 4 2 21
184 4 2 88
3773 4 2 52
3450 4 2 23
5179 4 2 25
3517 4 2 56
3802 4 2 72
260 4 2 92
2517 4 2 17
3078 4 2 96
3311 4 2 1
2218 4 2 11
2785 4 3 46
857 4 3 6
1212 4 3 73
4539 4 3 51
3703 4 3 2
2974 4 3 43
2887 4 3 59
1146 4 4 78
3982 4 4 96
618 4 4 66
3525 4 4 81
3681 4 4 60
2873 4 4 92
171 4 4 20
638 4 4 1
5527 4 4 48
4843 4 5 8
1337 4 5 76
4716 4 5 29
3526 4 5 86
698 4 5 69
2944 4 5 13
951 4 5 95
761 4 5 34
1487 4 5 38
5296 4 5 1
1710 4 6 81
669 4 6 89
2332 4 6 33
5246 4 6 9
4774 4 6 68
1120 4 6 1
1050 4 6 41
5116 4 6 61
2360 4 6 36
3631 4 6 73
5446 4 7 87
3476 4 7 52
3742 4 7 10
2198 4 7 22
1130 4 7 91
5524 4 7 59
4333 4 7 77
1940 4 7 17
4271 4 7 80
3141 4 7 49
1630 4 7 1
4272 4 7 54
1316 4 8 93
5349 4 8 12
5139 4 8 41
4289 4 8 50
841 4 8 10
54 4 8 77
2671 4 8 1
4916 4 8 79
4961 4 8 63
407 4 8 91
5100 4 9 49
1227 4 9 79
3350 4 9 67
312 4 9 58
4350 4 9 53
5005 4 9 3
3289 4 9 28
2159 4 9 92
1060 4 9 14
2626 4 9 62
3010 4 9 84
2863 4 10 57
1979 4 10 88
3670 4 10 34
4790 4 10 3
5359 4 10 78
4120 4 10 94
4663 4 10 12
4034 4 10 50
3650 4 10 63
4307 4 10 28
1811 4 10 82
4013 4 11 64
1510 4 11 3
3902 4 11 31
4638 4 11 54
3557 4 11 60
473 4 11 71
2943 4 11 85
2905 4 11 29
206 4 12 93
997 4 12 30
5502 4 12 3
4624 4 12 70
1412 4 12 34
5386 4 12 50
914 4 12 9
2340 4 12 86
5191 4 13 44
3348 4 13 3
1358 4 13 26
5384 4 13 14
3016 4 13 95
1509 4 13 18
1335 4 13 51
452 4 13 82
530 4 13 56
4836 4 13 78
3186 4 13 88
5291 4 14 45
1405 4 14 94
4686 4 14 32
3637 4 14 38
1601 4 14 77
5399 4 14 19
5186 4 14 3
1757 4 14 14
101 4 14 73
319 4 14 49
2119 4 15 40
1866 4 15 92
4319 4 15 17
1631 4 15 11
4738 4 15 32
3324 4 15 35
1022 4 15 63
2169 4 15 67
3192 4 15 80
4594 4 15 52
5276 4 15 3
2898 4 15 86
5036 4 16 3
3079 4 16 55
2371 4 16 44
5472 4 16 20
2115 4 16 83
4427 4 16 12
4458 4 16 32
4255 4 16 65
5253 4 16 72
1040 4 16 28
5529 4 17 84
5225 4 17 3
5171 4 17 38
2168 4 17 32
1178 4 17 11
2976 4 17 17
525 4 17 56
4562 4 17 60
3931 4 17 53
1007 4 18 94
1967 4 18 13
3930 4 18 65
1179 4 18 47
3164 4 18 3
5374 4 18 39
894 4 18 88
4197 4 18 52
4188 4 19 15
36 4 19 28
3003 4 19 95
3497 4 19 3
5464 4 19 54
13 4 19 58
5119 4 19 90
1156 4 19 35
2189 4 19 63
3759 5 0 77
3113 5 0 48
4785 5 0 57
4605 5 0 27
2877 5 0 90
1001 5 0 30
2262 5 0 96
1764 5 0 84
2547 5 0 22
3247 5 0 1
4907 5 0 12
3833 5 0 81
4802 5 0 8
1242 5 1 39
4487 5 1 11
2258 5 1 50
1807 5 1 1
5306 5 1 59
3077 5 1 18
2704 5 1 45
4499 5 1 63
4276 5 1 66
2829 5 1 85
1673 5 1 89
2741 5 2 46
2641 5 2 56
375 5 2 61
1781 5 2 25
3380 5 2 1
2645 5 2 92
4957 5 2 14
2591 5 2 52
1703 5 2 96
3743 5 2 72
2675 5 2 23
390 5 3 43
1395 5 3 2
3265 5 3 47
2697 5 3 59
5536 5 3 36
4168 5 3 6
3900 5 3 51
2398 5 3 94
3290 5 3 73
4847 5 4 20
48 5 4 1
2647 5 4 73
928 5 4 60
2931 5 4 11
4156 5 4 48
1563 5 4 92
5408 5 4 66
2622 5 4 81
1430 5 4 96
4793 5 4 43
475 5 4 78
191 5 5 34
471 5 5 95
5302 5 5 72
5283 5 5 27
3647 5 5 66
3723 5 5 8
4415 5 5 13
5132 5 5 38
2154 5 5 1
350 5 5 86
1918 5 5 29
5007 5 5 76
717 5 5 69
851 5 5 83
4154 5 6 5
2086 5 6 36
4911 5 6 89
3178 5 6 94
2238 5 6 9
5357 5 6 57
2401 5 6 73
3493 5 6 68
1634 5 6 85
1719 5 6 1
1709 5 6 41
4824 5 6 81
3560 5 6 61
3377 5 7 8
5361 5 7 87
5287 5 7 75
3302 5 7 22
3566 5 7 54
1245 5 7 1
2461 5 7 59
4357 5 7 41
2319 5 7 80
1848 5 7 17
815 5 8 50
3508 5 8 12
3864 5 8 4
5368 5 8 38
29 5 8 94
4094 5 8 63
4970 5 8 41
1860 5 8 79
3804 5 8 1
3338 5 8 75
4339 5 9 67
5154 5 9 76
4501 5 9 42
1459 5 9 92
3949 5 9 3
2399 5 9 53
629 5 9 62
2758 5 9 84
3653 5 9 49
729 5 9 14
1793 5 10 89
2620 5 10 28
228 5 10 34
3504 5 10 63
2474 5 10 47
2042 5 10 94
3229 5 10 3
5285 5 10 57
2844 5 10 50
4548 5 10 12
3250 5 10 72
3494 5 10 83
3595 5 11 64
347 5 11 71
1438 5 11 21
1334 5 11 85
3679 5 11 54
935 5 11 60
276 5 11 31
2694 5 11 3
715 5 12 30
5535 5 12 24
4322 5 12 3
5431 5 12 93
5155 5 12 47
3451 5 12 70
2323 5 12 9
3733 5 12 34
4452 5 12 50
4571 5 13 83
318 5 13 56
1474 5 13 88
3937 5 13 26
983 5 13 18
547 5 13 40
67 5 13 45
1137 5 13 3
1806 5 13 95
2200 5 14 94
3639 5 14 38
3649 5 14 68
1442 5 14 19
1467 5 14 32
5093 5 14 10
4076 5 14 77
1256 5 14 3
447 5 14 49
87 5 14 86
2343 5 14 46
5169 5 15 78
1205 5 15 3
4248 5 15 67
3904 5 15 40
4840 5 15 86
4489 5 15 25
2787 5 15 35
3304 5 16 20
955 5 16 45
3705 5 16 28
2122 5 16 12
2848 5 16 55
3276 5 16 72
2822 5 16 84
3881 5 16 65
2479 5 16 3
2408 5 17 3
919 5 17 38
3124 5 17 53
4933 5 17 60
1786 5 17 32
3868 5 17 84
5404 5 17 78
289 5 18 65
1067 5 18 79
575 5 18 47
624 5 18 94
2766 5 18 52
3039 5 18 89
4165 5 18 3
5263 5 18 39
3672 5 19 15
549 5 19 35
474 5 19 86
2652 5 19 3
1034 5 19 58
4903 5 19 54
3981 5 19 90
2853 5 19 95
3696 6 0 81
2306 6 0 48
1522 6 0 22
966 6 0 30
4837 6 0 12
379 6 0 27
3491 6 0 8
3042 6 0 57
1970 6 0 90
4955 6 0 2
5177 6 1 2
3388 6 1 63
1828 6 1 11
3245 6 1 66
4082 6 1 39
5001 6 1 59
1899 6 1 79
4129 6 1 85
1244 6 1 50
2993 6 1 18
3769 6 1 36
1327 6 1 45
4262 6 2 7
3658 6 2 14
5392 6 2 42
1695 6 2 52
4299 6 2 25
3075 6 2 1
2566 6 2 46
3619 6 2 57
83 6 2 70
4414 6 2 61
3112 6 2 72
484 6 2 92
5453 6 3 32
3571 6 3 59
3778 6 3 51
4435 6 3 36
2915 6 3 6
3205 6 3 47
3425 6 3 77
3373 6 3 3
3498 6 4 66
1923 6 4 73
670 6 4 81
1056 6 4 20
2013 6 4 7
1693 6 4 93
2348 6 4 11
493 6 4 87
4407 6 4 1
3993 6 4 48
3145 6 4 43
106 6 4 60
5124 6 5 86
4202 6 5 13
2214 6 5 33
3131 6 5 38
1340 6 5 94
4121 6 5 76
2529 6 5 27
4994 6 5 29
113 6 5 1
4493 6 5 8
1618 6 5 25
4881 6 5 64
585 6 5 70
4954 6 5 72
2518 6 6 61
4930 6 6 57
689 6 6 1
2004 6 6 36
1362 6 6 73
3845 6 6 89
3144 6 6 85
4789 6 6 81
930 6 6 41
1440 6 6 94
2949 6 6 68
2334 6 6 5
1915 6 6 9
3726 6 6 31
4066 6 7 22
589 6 7 1
4861 6 7 40
3402 6 7 75
1313 6 7 17
1305 6 7 59
1997 6 7 73
3351 6 7 87
1626 6 7 80
2027 6 7 54
4591 6 7 9
3495 6 8 87
4205 6 8 63
4828 6 8 79
3393 6 8 33
3755 6 8 38
5 6 8 12
1359 6 8 1
4251 6 8 74
3605 6 8 4
3551 6 9 3
2341 6 9 42
3584 6 9 49
1879 6 9 53
2782 6 9 58
4625 6 9 14
3839 6 9 38
3914 6 9 67
5390 6 9 76
1591 6 9 84
952 6 9 92
192 6 10 3
2381 6 10 14
3279 6 10 38
5260 6 10 42
2544 6 10 53
5367 6 10 67
1377 6 10 94
4804 6 11 67
960 6 11 95
2100 6 11 42
4974 6 11 76
5383 6 11 4
1714 6 11 14
1937 6 11 21
1662 6 12 21
2835 6 12 4
3675 6 12 76
1678 6 12 14
1098 6 12 42
1746 6 13 4
387 6 13 44
877 6 14 4
4045 6 15 3
394 6 15 92
2965 6 15 40
5084 6 15 20
2540 6 15 25
3041 6 15 67
2691 6 15 85
2138 6 15 35
4298 6 15 78
5509 6 16 72
1894 6 16 83
232 6 16 12
4395 6 16 55
69 6 16 28
613 6 16 3
1371 6 16 20
816 6 16 46
2906 6 17 3
4712 6 17 84
5004 6 17 38
4627 6 17 18
2678 6 17 50
1138 6 17 60
3024 6 17 78
4526 6 18 16
2034 6 18 39
892 6 18 79
5079 6 18 3
2366 6 18 52
194 6 18 65
4991 6 18 90
1309 6 18 47
3122 6 18 94
2738 6 19 35
2859 6 19 50
3543 6 19 79
3599 6 19 15
4454 6 19 58
5358 6 19 5
531 6 19 90
4588 6 19 54
1247 7 0 57
357 7 0 8
4647 7 0 2
1173 7 0 81
1772 7 0 90
3264 7 0 12
5082 7 0 45
5086 7 0 30
1363 7 0 48
4998 7 0 23
4043 7 1 59
136 7 1 63
49 7 1 50
4631 7 1 85
1312 7 1 11
4468 7 1 41
3029 7 1 77
5041 7 1 2
3202 7 1 36
5421 7 1 46
5234 7 1 66
1110 7 1 18
1133 7 2 42
3126 7 2 14
1446 7 2 46
2264 7 2 57
3509 7 2 7
640 7 2 52
1123 7 2 1
4169 7 2 25
249 7 2 72
4889 7 2 92
4361 7 2 61
4052 7 3 59
3781 7 3 72
1223 7 3 30
5292 7 3 6
856 7 3 3
2574 7 3 32
630 7 3 77
444 7 3 94
2280 7 3 36
3763 7 3 51
2630 7 3 47
5219 7 4 40
1876 7 4 20
2240 7 4 2
1881 7 4 73
2747 7 4 66
1116 7 4 81
4459 7 4 8
5321 7 4 44
4545 7 4 12
2314 7 4 84
5143 7 4 60
2578 7 4 48
2832 7 4 87
4720 7 4 62
3791 7 5 72
523 7 5 29
3798 7 5 64
1643 7 5 33
2519 7 5 38
2597 7 5 9
4022 7 5 2
3449 7 5 76
3829 7 5 86
4119 7 5 13
302 7 5 94
4987 7 6 5
4002 7 6 54
3116 7 6 68
3721 7 6 28
1258 7 6 36
4328 7 6 81
5201 7 6 89
285 7 6 31
1437 7 6 61
4668 7 6 41
2452 7 7 75
4617 7 7 40
3659 7 7 2
105 7 7 17
1715 7 7 54
5181 7 7 59
4509 7 7 71
281 7 7 9
1877 7 7 80
4020 7 7 22
2729 7 8 63
2546 7 8 87
5108 7 8 12
1320 7 8 4
4110 7 8 79
2657 7 8 59
5475 7 8 28
5510 7 8 38
11 7 8 33
4912 7 9 50
1821 7 9 21
5226 7 9 91
2269 7 9 3
3614 7 10 54
1177 7 10 84
1961 7 10 3
2433 7 10 23
3072 7 10 78
4771 7 11 3
4743 7 11 62
1199 7 11 11
3470 7 11 74
3384 7 12 3
2861 7 12 15
1768 7 12 84
1122 7 12 62
5347 7 13 36
2412 7 13 68
1857 7 13 3
5046 7 14 6
4755 7 15 39
2725 7 15 68
1408 7 15 65
2315 7 15 6
4746 7 15 19
4981 7 16 19
4992 7 16 39
2293 7 16 5
1688 7 16 65
3541 7 17 65
1225 7 17 16
4056 7 17 5
534 7 17 39
4065 7 18 16
4696 7 18 65
1182 7 18 35
664 7 18 74
4158 7 18 55
1018 7 18 79
4274 7 18 5
1999 7 18 39
2830 7 19 79
1996 7 19 54
4688 7 19 5
2377 7 19 35
2427 7 19 49
2942 7 19 15
308 7 19 58
2797 7 19 91
2354 7 19 86
1729 8 0 12
814 8 0 23
2825 8 0 81
2357 8 0 57
1080 8 0 90
647 8 0 3
5068 8 0 85
240 8 0 8
3680 8 0 30
5494 8 1 50
2932 8 1 66
4040 8 1 85
3252 8 1 46
5377 8 1 18
2536 8 1 59
3315 8 1 2
3136 8 1 31
3592 8 1 41
5180 8 1 55
2313 8 1 77
3527 8 2 42
4610 8 2 92
1724 8 2 14
926 8 2 61
3161 8 2 7
5034 8 2 70
2485 8 2 25
95 8 2 52
266 8 2 2
14 8 3 3
2516 8 3 47
2417 8 3 59
2814 8 3 72
2914 8 3 77
1249 8 3 32
1593 8 3 6
5345 8 3 26
1892 8 3 36
3033 8 3 51
4523 8 3 56
1610 8 4 66
4026 8 4 87
2225 8 4 2
4553 8 4 62
1760 8 4 73
4732 8 4 82
4237 8 4 8
2486 8 4 48
3604 8 4 12
3249 8 4 20
3610 8 4 37
4730 8 4 44
1090 8 4 60
4398 8 5 2
4286 8 5 33
2102 8 5 76
1903 8 5 38
3860 8 5 86
20 8 5 72
3565 8 5 64
1175 8 5 30
3342 8 5 13
4813 8 5 92
4315 8 6 81
5461 8 6 24
873 8 6 36
2263 8 6 5
4356 8 6 89
2780 8 6 41
517 8 6 54
2294 8 6 68
1427 8 6 61
587 8 7 22
5409 8 7 93
917 8 7 2
496 8 7 80
85 8 7 75
2999 8 7 40
2372 8 7 17
4354 8 7 20
2279 8 7 52
2811 8 8 10
1343 8 8 38
5028 8 8 73
4069 8 8 79
5341 8 8 33
1431 8 8 87
938 8 8 4
3871 8 8 28
5125 8 8 58
4323 8 8 63
4418 8 9 83
5020 8 9 15
1111 8 9 50
2188 8 9 91
2282 8 9 3
4191 8 9 42
4623 8 9 21
4839 8 10 91
5204 8 10 17
4569 8 10 23
5320 8 10 78
1087 8 10 3
2477 8 10 50
3307 8 10 54
3303 8 11 36
4906 8 11 71
3225 8 11 3
3266 8 11 11
2488 8 12 3
5457 8 12 33
1740 8 12 72
4863 8 12 15
1049 8 13 16
927 8 13 75
3349 8 13 3
5352 8 13 42
149 8 14 6
713 8 15 34
2880 8 15 77
2080 8 15 3
4777 8 15 17
3456 8 16 3
3198 8 16 11
3323 8 16 40
5106 8 16 78
123 8 17 24
5433 8 17 17
2422 8 17 3
3756 8 17 80
1287 8 18 14
2653 8 18 3
1189 8 18 82
3174 8 18 50
5044 8 19 47
1151 8 19 16
4178 8 19 90
4075 8 19 3
189 9 0 3
2777 9 0 24
1554 9 0 30
1072 9 0 57
932 9 0 90
5438 9 0 8
3727 9 0 52
5268 9 0 82
3758 9 1 18
4095 9 1 41
2617 9 1 85
2304 9 1 55
1936 9 1 66
2895 9 1 31
1367 9 1 77
3258 9 1 2
4880 9 2 3
5272 9 2 7
4476 9 2 92
2020 9 2 25
3613 9 2 52
2642 9 2 42
246 9 2 70
740 9 2 61
3574 9 3 26
3222 9 3 6
2165 9 3 24
5070 9 3 32
627 9 3 36
3750 9 3 56
744 9 3 47
1816 9 3 72
5286 9 3 77
4486 9 3 93
757 9 3 51
3521 9 3 3
4097 9 4 62
367 9 4 3
4268 9 4 56
5080 9 4 48
4612 9 4 44
2992 9 4 8
1323 9 4 73
380 9 4 82
5315 9 4 36
1450 9 4 66
1561 9 4 20
3118 9 5 86
3922 9 5 59
3237 9 5 64
1716 9 5 13
4368 9 5 30
4141 9 5 92
572 9 5 76
1788 9 5 2
4917 9 5 72
4522 9 5 38
606 9 6 54
465 9 6 61
2142 9 6 5
3453 9 6 24
5307 9 6 37
2328 9 6 41
2229 9 6 89
4370 9 6 21
2235 9 6 68
2950 9 6 81
2243 9 7 38
4223 9 7 93
2088 9 7 40
316 9 7 80
286 9 7 52
1726 9 7 5
3748 9 7 20
2216 9 7 3
5355 9 7 22
451 9 7 75
2069 9 7 72
226 9 8 35
1154 9 8 38
4291 9 8 63
3562 9 8 25
3572 9 8 73
1298 9 8 58
346 9 8 56
3535 9 8 79
1352 9 8 91
2765 9 8 4
3469 9 8 28
1389 9 9 42
2609 9 9 15
1465 9 9 21
1845 9 9 62
3234 9 9 90
645 9 9 3
3872 9 9 83
2043 9 10 3
2199 9 10 17
995 9 10 11
480 9 10 78
4126 9 10 91
3263 9 10 43
2071 9 10 23
1744 9 10 54
372 9 11 31
4800 9 11 4
5031 9 11 11
3064 9 11 36
5470 9 11 71
2039 9 11 90
348 9 12 33
1790 9 12 90
3786 9 12 15
5261 9 12 60
5478 9 12 4
4090 9 12 72
2662 9 13 70
5508 9 13 45
5414 9 13 14
1981 9 13 3
4729 9 15 68
307 9 15 3
3121 9 15 14
758 9 15 35
4883 9 16 40
2692 9 16 71
817 9 16 11
1233 9 16 4
2136 9 16 35
5410 9 16 78
1210 9 16 90
2147 9 17 24
4360 9 17 4
4827 9 17 80
4978 9 17 17
469 9 17 90
5463 9 17 74
5406 9 18 31
172 9 18 90
4935 9 18 4
4698 9 18 76
3718 9 18 82
4180 9 18 50
5419 9 18 14
5312 9 19 75
5101 9 19 90
4860 9 19 33
5202 9 19 4
3570 9 19 47
2656 9 19 16
2718 10 18 43
1398 10 19 21
3447 10 19 27
4952 10 19 49
2297 10 19 75
498 10 19 42
580 11 0 71
3889 11 0 53
1753 11 0 24
2634 11 0 44
506 11 0 64
1584 11 1 31
3687 11 1 58
2791 11 1 39
2956 11 1 6
3375 11 1 76
846 11 1 25
4494 11 2 65
4703 11 2 69
4453 11 2 23
3983 11 2 39
3771 11 2 6
683 11 2 84
1671 11 2 51
5525 11 3 6
159 11 3 37
3255 11 3 47
1886 11 3 60
1843 11 3 77
2446 11 3 27
3241 11 4 38
1498 11 4 51
2677 11 4 68
691 11 4 76
3554 11 4 81
1921 11 4 22
3407 11 5 6
2374 11 5 85
4913 11 5 46
3232 11 5 30
3520 11 5 73
2807 11 5 57
4448 11 5 23
4766 11 5 39
4031 11 6 27
4423 11 6 16
4101 11 6 9
5258 11 6 49
803 11 6 68
3594 11 6 75
2104 11 7 43
1986 11 7 14
4806 11 7 8
4967 11 7 80
970 11 7 38
3890 11 7 55
5133 11 8 72
4085 11 8 20
1942 11 8 7
5484 11 8 24
4230 11 8 40
3974 11 8 47
4456 11 8 15
3924 11 9 54
3552 11 9 6
3663 11 9 21
2654 11 9 39
92 11 9 75
1387 11 9 31
3795 11 10 71
2629 11 10 32
32 11 10 14
2450 11 10 26
3714 11 10 48
1957 11 10 83
2699 11 11 15
993 11 11 50
4131 11 11 88
3457 11 11 44
4559 11 11 27
1392 11 11 8
2737 11 11 65
682 11 11 20
2917 11 12 82
3400 11 12 36
1780 11 12 7
3607 11 12 60
5251 11 12 19
754 11 12 43
4049 11 12 69
2734 11 13 58
3980 11 13 70
3257 11 13 6
4995 11 13 34
23 11 13 64
3634 11 13 45
3438 11 13 84
3261 11 13 18
2744 11 14 88
4145 11 14 23
1224 11 14 72
5369 11 14 7
1330 11 14 60
2105 11 14 43
98 11 15 30
5360 11 15 24
1149 11 15 48
1217 11 15 35
4118 11 15 18
2940 11 15 62
2875 11 15 82
4058 11 16 21
3877 11 16 28
2132 11 16 45
5378 11 16 75
3880 11 16 89
3352 11 16 6
4189 11 16 67
2739 11 17 24
5248 11 17 37
4919 11 17 72
1749 11 17 59
2763 11 17 6
1526 11 17 82
1946 11 17 19
4046 11 17 29
4879 11 18 61
4654 11 18 7
2552 11 18 30
2532 11 18 20
3707 11 18 43
3928 11 18 47
3656 11 19 58
2936 11 19 84
1064 11 19 28
5313 11 19 42
809 11 19 77
338 11 19 15
2016 11 19 21
3046 11 19 70
2321 11 19 49
915 12 0 77
1885 12 0 64
2833 12 0 44
5016 12 0 53
4240 12 0 70
504 12 0 90
2284 12 0 24
2470 12 1 43
1612 12 1 58
1101 12 1 25
2580 12 1 31
3485 12 1 11
315 12 1 83
2393 12 1 77
2813 12 1 20
448 12 2 29
4443 12 2 52
1582 12 2 39
4674 12 2 22
3988 12 2 6
4061 12 2 86
923 12 2 65
2564 12 3 27
2538 12 3 7
2723 12 3 77
1972 12 3 60
514 12 3 37
4650 12 3 15
5175 12 3 52
481 12 3 71
3636 12 4 81
1031 12 4 57
2911 12 4 68
5000 12 4 38
5441 12 4 51
2155 12 4 22
1063 12 4 76
4584 12 5 15
5266 12 5 23
4831 12 5 39
3601 12 5 30
3021 12 5 45
1801 12 5 65
3875 12 5 60
31 12 5 73
4641 12 5 88
4659 12 5 7
3719 12 6 39
5462 12 6 52
5170 12 6 16
544 12 6 27
1028 12 6 68
4651 12 6 9
5120 12 7 55
155 12 7 89
1100 12 7 7
2358 12 7 14
2621 12 7 69
3691 12 7 80
1595 12 7 25
4510 12 7 63
2869 12 7 43
576 12 7 37
4834 12 8 7
4855 12 8 47
5138 12 8 40
4505 12 8 15
2478 12 8 71
5217 12 8 20
1425 12 8 29
4986 12 8 59
1415 12 8 24
3967 12 9 61
3020 12 9 12
1190 12 9 74
2418 12 9 83
2505 12 9 31
5208 12 9 39
5040 12 9 21
2379 12 9 89
234 12 10 14
5029 12 10 48
3991 12 10 71
4096 12 10 37
2982 12 10 26
4958 12 11 88
5413 12 11 15
3006 12 11 65
2860 12 11 50
146 12 11 80
3 12 11 6
2891 12 11 20
1496 12 11 39
4222 12 11 44
1927 12 12 7
3287 12 12 69
3212 12 12 83
3012 12 12 31
776 12 12 90
3799 12 12 19
4536 12 12 43
4488 12 12 60
4132 12 13 58
3704 12 13 45
3383 12 13 84
457 12 13 5
2265 12 13 17
3176 12 13 64
4783 12 13 70
527 12 13 33
847 12 14 43
227 12 14 23
5474 12 14 72
2928 12 14 39
2253 12 14 15
4484 12 14 60
1461 12 14 28
2175 12 14 54
1594 12 14 6
712 12 14 87
1539 12 15 48
1248 12 15 35
1390 12 15 30
4598 12 15 80
4763 12 15 62
1549 12 15 18
2638 12 16 67
949 12 16 78
3372 12 16 89
2573 12 16 45
3964 12 16 6
3947 12 16 21
2415 12 16 29
597 12 17 23
3473 12 17 5
4549 12 17 29
1197 12 17 72
2970 12 17 37
2750 12 17 19
1842 12 17 82
3308 12 17 64
745 12 18 67
3226 12 18 20
2892 12 18 30
1166 12 18 80
3942 12 18 6
147 12 18 54
2425 12 18 43
1319 12 18 61
628 12 18 25
5122 12 19 21
2251 12 19 28
4194 12 19 58
456 12 19 70
344 12 19 15
3397 12 19 84
2726 12 19 49
2067 12 19 42
4932 13 0 63
3589 13 0 44
5193 13 0 57
5420 13 0 90
5092 13 0 24
3787 13 0 39
2124 13 0 77
4551 13 0 5
5333 13 0 33
4868 13 0 70
3193 13 0 12
1614 13 1 5
2035 13 1 11
4071 13 1 31
3945 13 1 92
2301 13 1 58
3201 13 1 43
986 13 1 83
2511 13 1 77
1548 13 1 25
778 13 2 71
5221 13 2 5
652 13 2 22
3898 13 2 39
3729 13 2 86
2206 13 2 82
1570 13 2 65
5227 13 2 53
2337 13 3 94
680 13 3 41
827 13 3 27
5500 13 3 5
4816 13 3 15
4016 13 3 53
3068 13 3 60
3819 13 3 77
1125 13 3 85
3462 13 4 22
3879 13 4 81
3228 13 4 76
3297 13 4 68
3242 13 4 38
3435 13 4 5
3708 13 4 57
1344 13 4 12
985 13 4 52
1261 13 5 30
538 13 5 73
3381 13 5 88
3095 13 5 54
5282 13 5 5
4753 13 5 60
3408 13 5 45
2300 13 5 65
2171 13 5 15
3454 13 6 64
1417 13 6 53
4821 13 6 9
1818 13 6 92
1379 13 6 16
570 13 6 39
2114 13 6 59
1260 13 6 27
1734 13 6 68
1480 13 6 84
4649 13 7 80
5037 13 7 90
1814 13 7 6
124 13 7 54
1164 13 7 25
288 13 7 70
2410 13 7 14
2210 13 7 37
2568 13 7 63
1240 13 8 84
5199 13 8 71
4269 13 8 29
5229 13 8 59
432 13 8 65
4534 13 8 15
5440 13 8 24
542 13 8 92
1228 13 8 5
5148 13 8 40
5188 13 8 47
2745 13 9 31
1536 13 9 40
3992 13 9 12
4643 13 9 61
1532 13 9 74
3536 13 9 83
2679 13 9 54
4750 13 9 90
5244 13 9 21
2076 13 10 67
4677 13 10 71
662 13 10 86
779 13 10 82
3396 13 10 26
415 13 10 37
3765 13 10 49
2864 13 10 22
3022 13 10 56
4111 13 10 5
3291 13 10 13
3243 13 11 39
3788 13 11 87
5157 13 11 44
3961 13 11 6
759 13 11 80
3040 13 11 20
4406 13 11 65
3859 13 11 50
3360 13 12 31
5104 13 12 60
27 13 12 84
5513 13 12 69
4776 13 12 43
1966 13 12 90
3962 13 12 19
4810 13 12 7
263 13 13 70
1960 13 13 33
4891 13 13 64
3969 13 13 45
4707 13 13 5
3013 13 13 17
5331 13 13 58
4701 13 13 84
693 13 13 27
3035 13 14 43
2502 13 14 69
4088 13 14 39
2228 13 14 54
5257 13 14 23
337 13 14 60
2453 13 14 87
1572 13 14 28
3715 13 14 76
4859 13 14 6
2872 13 14 15
1646 13 15 18
137 13 15 80
5532 13 15 35
5400 13 15 62
2762 13 15 48
2878 13 15 30
4032 13 16 21
3764 13 16 45
787 13 16 67
4422 13 16 78
515 13 16 30
1023 13 16 41
3452 13 16 7
4092 13 16 89
2975 13 17 19
88 13 17 58
2031 13 17 82
3313 13 17 23
2277 13 17 37
3830 13 17 5
5167 13 17 29
1429 13 17 72
724 13 18 25
4209 13 18 43
1809 13 18 67
2070 13 18 79
4408 13 18 30
4284 13 18 20
5151 13 18 12
1560 13 18 54
2455 13 18 61
3907 13 19 49
2250 13 19 15
1776 13 19 66
1422 13 19 21
2751 13 19 70
586 13 19 41
4399 13 19 58
4429 13 19 84
811 14 0 62
1976 14 0 44
431 14 0 89
1802 14 0 24
4713 14 0 5
3317 14 0 56
4021 14 0 39
3577 14 0 12
1068 14 0 70
2805 14 1 58
4463 14 1 83
68 14 1 4
4849 14 1 43
2682 14 1 11
4410 14 1 92
4599 14 1 31
2041 14 1 25
2846 14 1 77
1752 14 2 39
2426 14 2 55
5342 14 2 5
3878 14 2 82
320 14 2 93
4878 14 2 71
998 14 2 22
1767 14 2 65
2108 14 3 60
1008 14 3 41
3606 14 3 27
1956 14 3 85
1515 14 3 93
5411 14 3 15
118 14 3 4
5337 14 3 53
4966 14 4 57
2098 14 4 12
3530 14 4 22
22 14 4 88
3385 14 4 38
4105 14 4 68
591 14 4 81
4941 14 4 5
4159 14 4 76
4787 14 5 60
4204 14 5 15
2420 14 5 65
1500 14 5 36
1135 14 5 73
4556 14 5 30
860 14 5 4
335 14 5 45
1787 14 5 88
909 14 6 32
152 14 6 39
2290 14 6 68
5363 14 6 75
4130 14 6 64
4009 14 6 27
1708 14 6 84
5505 14 6 92
1000 14 6 8
2680 14 6 16
3028 14 6 59
2632 14 7 37
2990 14 7 6
1272 14 7 54
2996 14 7 14
4671 14 7 80
462 14 7 89
518 14 7 63
1275 14 7 25
5021 14 8 15
4198 14 8 47
1468 14 8 91
1252 14 8 59
4451 14 8 25
3220 14 8 53
2978 14 8 76
545 14 8 71
1676 14 8 84
1991 14 8 4
1775 14 8 29
3044 14 9 54
1895 14 9 40
3686 14 9 25
1411 14 9 49
5279 14 9 61
3223 14 9 31
1882 14 9 12
2941 14 9 74
3588 14 9 83
971 14 9 89
5223 14 10 5
3575 14 10 37
5436 14 10 71
3803 14 10 26
2055 14 10 86
2599 14 10 93
4675 14 10 13
4929 14 10 22
4226 14 10 56
2979 14 10 67
3213 14 10 82
2112 14 11 80
4928 14 11 67
1948 14 11 39
4796 14 11 73
3544 14 11 20
1761 14 11 50
4150 14 11 87
4606 14 11 6
2281 14 12 11
1161 14 12 38
3944 14 12 90
5426 14 12 43
5415 14 12 31
2283 14 12 18
37 14 12 69
770 14 12 53
1694 14 13 27
1575 14 13 6
5382 14 13 64
3365 14 13 39
38 14 13 83
3310 14 13 17
1218 14 13 45
797 14 13 32
1059 14 13 78
4818 14 14 87
282 14 14 70
1108 14 14 75
224 14 14 22
3188 14 14 28
4537 14 14 60
4218 14 14 39
3215 14 14 6
810 14 14 14
1336 14 14 53
3177 14 14 43
1763 14 15 18
4858 14 15 73
2481 14 15 35
3612 14 15 6
5523 14 15 62
299 14 15 80
2790 14 15 91
4316 14 15 48
2356 14 15 41
2903 14 16 30
2131 14 16 56
3055 14 16 67
39 14 16 7
3051 14 16 77
4102 14 16 89
4884 14 16 21
1238 14 16 41
3915 14 16 45
382 14 16 14
1755 14 17 58
164 14 17 81
2141 14 17 72
255 14 17 41
5052 14 17 19
957 14 17 23
1479 14 17 6
1184 14 17 37
3316 14 18 61
110 14 18 12
72 14 18 6
4788 14 18 36
3564 14 18 79
3356 14 18 30
1677 14 18 91
2193 14 18 43
2023 14 18 67
854 14 18 25
1685 14 19 21
1558 14 19 41
3539 14 19 70
5039 14 19 49
1585 14 19 83
1825 14 19 58
4567 14 19 7
297 14 19 66
1035 14 19 14
3057 15 0 24
4190 15 0 39
4711 15 0 4
1355 15 0 62
3000 15 0 44
1974 15 0 55
4217 15 0 12
1722 15 0 70
5207 15 0 89
1470 15 0 84
2768 15 1 58
4546 15 1 83
4332 15 1 92
5444 15 1 43
334 15 1 53
3640 15 1 20
2463 15 1 4
4759 15 1 31
3301 15 2 22
3270 15 2 34
3114 15 2 55
564 15 2 4
2129 15 2 39
828 15 2 81
269 15 2 65
4047 15 2 93
1168 15 3 27
3475 15 3 60
3259 15 3 85
3353 15 3 91
1475 15 3 20
1565 15 3 4
342 15 3 52
4609 15 4 22
2061 15 4 4
1372 15 4 81
3256 15 4 38
3737 15 4 88
1503 15 4 68
3511 15 4 12
248 15 4 32
5095 15 5 30
2217 15 5 36
1221 15 5 73
2828 15 5 65
2593 15 5 4
2444 15 5 45
4851 15 5 60
4779 15 5 15
2335 15 5 88
2059 15 6 8
2506 15 6 84
4797 15 6 91
309 15 6 39
2120 15 6 75
4573 15 6 64
2436 15 6 32
4632 15 6 16
4093 15 6 27
5423 15 6 68
5222 15 7 80
5158 15 7 25
1924 15 7 74
4127 15 7 6
2613 15 7 89
5483 15 7 14
2133 15 7 49
2661 15 7 63
3822 15 7 31
1441 15 7 54
3897 15 7 37
1803 15 8 59
3563 15 8 53
1985 15 8 91
4388 15 8 47
1649 15 8 71
2587 15 8 4
5289 15 8 15
1353 15 8 68
3741 15 8 76
2014 15 8 84
4726 15 8 25
1836 15 8 29
2515 15 9 89
4231 15 9 83
4201 15 9 54
3824 15 9 74
4637 15 9 61
4690 15 9 12
80 15 9 31
4700 15 9 68
4249 15 9 25
843 15 9 40
5356 15 10 5
3753 15 10 82
2858 15 10 93
3484 15 10 13
215 15 10 37
4615 15 10 26
5473 15 10 71
3920 15 10 67
2295 15 10 86
2469 15 11 39
3053 15 11 80
1061 15 11 33
3319 15 11 50
4267 15 11 20
1005 15 11 5
2702 15 11 60
648 15 11 73
84 15 11 87
3869 15 12 11
2220 15 12 18
1642 15 12 38
1025 15 12 5
3284 15 12 43
3325 15 12 69
77 15 12 90
1373 15 13 78
4238 15 13 68
2885 15 13 27
5205 15 13 45
4979 15 13 6
4679 15 13 17
940 15 13 32
1435 15 13 12
1832 15 13 83
1663 15 14 6
2249 15 14 53
4997 15 14 60
676 15 14 22
3430 15 14 43
1328 15 14 70
2054 15 14 75
872 15 14 28
3717 15 14 87
3432 15 14 14
369 15 15 73
2550 15 15 91
2190 15 15 6
5025 15 15 35
4502 15 15 48
51 15 15 12
383 15 15 80
1124 15 15 63
3812 15 15 18
2548 15 15 41
1590 15 16 6
1037 15 16 67
2876 15 16 56
752 15 16 40
3818 15 16 77
918 15 16 71
283 15 16 89
4608 15 16 30
540 15 16 21
2755 15 16 13
5405 15 16 45
264 15 17 41
3251 15 17 23
2056 15 17 37
5089 15 17 66
2347 15 17 80
2156 15 17 58
5460 15 17 19
2349 15 17 87
4857 15 17 72
3150 15 17 6
1016 15 18 19
3459 15 18 67
3444 15 18 30
4378 15 18 79
2476 15 18 91
4351 15 18 43
2093 15 18 6
5014 15 18 36
4072 15 18 61
4942 15 18 12
1993 15 19 61
5503 15 19 83
100 15 19 33
4898 15 19 7
569 15 19 66
4570 15 19 49
1551 15 19 13
3156 15 19 21
3524 15 19 41
4984 15 19 88
3772 15 19 70
332 16 0 54
4390 16 0 44
1571 16 0 4
5035 16 0 70
3901 16 0 24
1756 16 0 84
1451 16 0 62
5211 16 0 89
4290 16 1 20
4565 16 1 78
2057 16 1 31
532 16 1 58
1 16 1 84
4018 16 1 4
1778 16 1 53
5136 16 1 92
2700 16 2 81
3852 16 2 55
2681 16 2 39
4288 16 2 93
2045 16 2 4
300 16 2 61
2096 16 2 22
1333 16 2 65
190 16 2 16
1332 16 3 52
1044 16 3 90
4182 16 3 4
5156 16 3 60
1973 16 3 20
2839 16 3 27
4263 16 3 85
3071 16 4 22
4853 16 4 4
1573 16 4 47
2920 16 4 81
3948 16 4 88
2735 16 4 38
5090 16 4 12
2373 16 5 73
3542 16 5 4
3096 16 5 36
5482 16 5 65
2708 16 5 88
2604 16 5 15
2309 16 5 45
3157 16 6 75
4662 16 6 84
5062 16 6 16
5063 16 6 68
4253 16 6 71
3905 16 6 8
3214 16 6 32
4924 16 6 39
1922 16 6 91
4265 16 6 27
657 16 7 14
4244 16 7 89
2570 16 7 54
1054 16 7 5
1380 16 7 37
4899 16 7 31
755 16 7 63
5281 16 7 80
2988 16 8 29
4972 16 8 15
621 16 8 59
3187 16 8 71
4914 16 8 53
4006 16 8 4
5118 16 8 76
3185 16 8 26
5045 16 8 84
4005 16 8 91
1556 16 8 46
5003 16 9 68
5469 16 9 26
4676 16 9 83
4989 16 9 12
4770 16 9 54
1021 16 9 40
5437 16 9 89
2158 16 9 31
5301 16 9 61
5456 16 9 74
4258 16 9 7
920 16 10 86
4727 16 10 26
1423 16 10 92
3593 16 10 66
3999 16 10 13
565 16 10 62
265 16 10 4
726 16 10 71
1701 16 10 37
5442 16 11 39
1696 16 11 87
4925 16 11 20
710 16 11 60
3230 16 11 80
3329 16 11 50
1944 16 11 5
1815 16 11 33
1782 16 11 73
1114 16 12 5
4541 16 12 43
4511 16 12 11
1727 16 12 38
3443 16 12 69
890 16 12 59
595 16 12 80
637 16 12 90
3295 16 12 18
571 16 13 70
1704 16 13 12
789 16 13 5
2257 16 13 17
1096 16 13 32
3698 16 13 78
5265 16 13 45
130 16 13 52
2778 16 13 87
3621 16 14 43
4940 16 14 75
3461 16 14 87
3004 16 14 70
5264 16 14 60
4227 16 14 28
1633 16 14 22
4660 16 14 14
2925 16 14 6
3436 16 14 53
144 16 15 12
3120 16 15 63
5200 16 15 48
511 16 15 68
974 16 15 5
706 16 15 80
2456 16 15 73
962 16 15 90
4334 16 15 18
3775 16 15 41
2582 16 16 71
1464 16 16 40
4544 16 16 6
947 16 16 45
1502 16 16 89
78 16 16 62
2554 16 16 21
3895 16 16 13
3917 16 16 77
4751 16 16 30
1051 16 16 67
1443 16 17 5
4616 16 17 37
4455 16 17 58
3361 16 17 66
3422 16 17 80
5407 16 17 87
388 16 17 18
4163 16 17 23
1206 16 17 41
996 16 18 5
2959 16 18 43
5271 16 18 12
2395 16 18 37
2586 16 18 19
1113 16 18 85
3745 16 18 30
196 16 18 90
4187 16 18 67
4667 16 18 79
1964 16 19 83
3363 16 19 21
3963 16 19 13
4172 16 19 41
859 16 19 66
4386 16 19 70
796 16 19 33
1262 16 19 88
4875 16 19 49
3216 16 19 61
1444 16 19 5
359 17 0 89
3376 17 0 62
1810 17 0 70
1219 17 0 24
1705 17 0 17
3912 17 0 4
3671 17 0 54
1209 17 1 58
5071 17 1 20
4175 17 1 31
423 17 1 49
5432 17 1 23
5215 17 1 78
3045 17 1 84
4597 17 1 4
3873 17 1 53
3720 17 2 4
3018 17 2 16
2445 17 2 65
1307 17 2 77
5147 17 2 93
4086 17 2 39
325 17 2 61
3446 17 2 81
5381 17 2 22
5042 17 2 55
3370 17 3 52
921 17 3 60
3587 17 3 90
4400 17 3 4
3433 17 3 20
3455 17 3 27
764 17 3 46
3262 17 4 19
3405 17 4 4
5098 17 4 88
4177 17 4 47
4397 17 4 38
4886 17 4 22
762 17 5 7
2261 17 5 70
3826 17 5 5
555 17 5 45
3236 17 5 73
1687 17 5 87
4036 17 5 36
4583 17 6 8
3421 17 6 39
961 17 6 91
3403 17 6 75
714 17 6 16
4485 17 6 71
5074 17 6 32
3312 17 6 5
186 17 6 83
4628 17 7 37
4492 17 7 54
3125 17 7 63
2049 17 7 89
3768 17 7 5
2036 17 7 14
948 17 7 32
2740 17 8 29
581 17 8 76
4317 17 8 26
865 17 8 91
5012 17 8 15
4297 17 8 4
825 17 8 59
4808 17 8 71
5241 17 8 53
3209 17 9 12
5499 17 9 61
5353 17 9 68
2268 17 9 31
681 17 9 74
4381 17 9 7
1282 17 9 40
588 17 9 89
1745 17 10 13
821 17 10 32
2390 17 10 4
3986 17 10 66
2380 17 10 71
4343 17 10 37
1472 17 10 86
3567 17 10 92
1094 17 10 62
3088 17 11 60
1598 17 11 69
2276 17 11 73
3011 17 11 86
871 17 11 20
2382 17 11 5
2984 17 11 39
1524 17 12 90
4620 17 12 18
71 17 12 64
1314 17 12 5
2146 17 12 68
1846 17 12 38
1505 17 12 80
1302 17 12 43
697 17 13 90
1065 17 13 70
2686 17 13 17
844 17 13 52
1267 17 13 32
5465 17 13 45
4023 17 13 78
3814 17 13 5
1622 17 14 75
239 17 14 51
3635 17 14 5
213 17 14 60
1421 17 14 86
3754 17 14 43
633 17 14 13
4901 17 14 22
5297 17 14 28
1984 17 15 5
340 17 15 12
5077 17 15 18
5316 17 15 41
2094 17 15 68
4174 17 15 73
4601 17 15 48
1070 17 15 80
424 17 15 90
1826 17 16 67
4564 17 16 45
4892 17 16 77
1959 17 16 88
2951 17 16 5
4243 17 16 71
4887 17 16 13
1537 17 16 21
3646 17 16 40
1350 17 17 17
4140 17 17 66
3957 17 17 23
3378 17 17 5
4568 17 17 80
730 17 17 41
1384 17 17 86
2961 17 18 30
2011 17 18 5
4742 17 18 79
1608 17 18 85
3386 17 18 37
3835 17 18 43
4731 17 18 19
5010 17 18 67
5479 17 18 13
1013 17 19 70
3918 17 19 77
1720 17 19 33
1954 17 19 49
2770 17 19 66
672 17 19 40
3951 17 19 21
1660 17 19 5
4001 17 19 13
1115 17 19 88
651 18 0 89
666 18 0 24
959 18 0 21
2904 18 0 70
1576 18 0 4
5009 18 0 62
5288 18 1 23
2135 18 1 78
3946 18 1 31
2167 18 1 58
1041 18 1 84
1357 18 1 53
2048 18 1 4
1052 18 2 81
3340 18 2 16
3027 18 2 65
3848 18 2 39
5512 18 2 22
3965 18 2 4
2157 18 2 61
4068 18 2 77
1542 18 3 4
4344 18 3 60
862 18 3 27
185 18 3 77
3910 18 3 52
1331 18 4 77
3390 18 4 22
3626 18 4 4
1279 18 4 18
5231 18 4 47
4508 18 5 87
3099 18 5 7
1680 18 5 4
4535 18 5 45
5402 18 5 73
5443 18 5 36
5088 18 6 8
4259 18 6 39
2495 18 6 16
405 18 6 83
1896 18 6 4
968 18 6 91
4719 18 6 75
5304 18 6 32
5152 18 7 37
2512 18 7 31
2202 18 7 14
25 18 7 4
609 18 7 63
526 18 8 59
3267 18 8 15
4431 18 8 4
3655 18 8 76
2173 18 8 91
1910 18 8 29
4266 18 9 4
5023 18 9 67
2852 18 9 12
1162 18 9 74
4636 18 9 7
5127 18 9 40
2232 18 9 91
1006 18 9 32
1157 18 10 37
4554 18 10 66
5087 18 10 4
2841 18 10 71
154 18 10 92
3522 18 10 13
5115 18 10 32
4153 18 11 73
3515 18 11 86
3038 18 11 39
4626 18 11 5
1566 18 11 20
4739 18 11 69
3728 18 12 68
3856 18 12 80
1214 18 12 18
2946 18 12 90
4693 18 12 5
2402 18 12 43
4786 18 13 5
2464 18 13 32
4416 18 13 44
169 18 13 52
4279 18 13 78
3490 18 13 18
5325 18 14 22
3955 18 14 60
1670 18 14 75
3935 18 14 86
5530 18 14 28
1325 18 14 5
3966 18 14 51
5422 18 15 5
4004 18 15 90
5397 18 15 73
1552 18 15 18
2510 18 15 48
4349 18 15 80
5318 18 16 77
2234 18 16 45
4672 18 16 21
4602 18 16 71
1192 18 16 5
4646 18 17 23
4277 18 17 41
56 18 17 79
5308 18 17 86
1288 18 17 5
4382 18 17 72
546 18 18 5
1202 18 18 43
5298 18 18 79
3017 18 18 19
3909 18 18 85
1366 18 18 72
3578 18 18 37
2134 18 19 70
832 18 19 77
1819 18 19 5
4877 18 19 21
684 18 19 40
2783 18 19 49
769 19 0 89
4645 19 0 70
1812 19 0 4
1089 19 0 24
4664 19 1 58
427 19 1 4
3001 19 1 84
5319 19 1 31
3836 19 2 65
3533 19 2 22
4764 19 2 4
3034 19 2 81
3052 19 3 60
5172 19 3 4
4340 19 3 27
2404 19 3 81
1407 19 4 77
911 19 4 22
3180 19 4 4
4367 19 4 60
5477 19 5 87
4447 19 5 4
4513 19 5 7
898 19 5 45
1093 19 6 16
453 19 6 4
4136 19 6 39
1637 19 6 83
333 19 7 83
1226 19 7 14
2037 19 7 4
5075 19 7 37
5183 19 8 4
5273 19 8 15
537 19 8 29
4326 19 8 76
1308 19 9 74
4385 19 9 12
3678 19 9 40
1900 19 9 4
5165 19 10 37
3480 19 10 13
5262 19 10 4
1820 19 10 71
4445 19 11 73
3032 19 11 86
3140 19 11 5
2795 19 12 43
1368 19 12 5
4655 19 12 80
4852 19 13 32
5094 19 13 5
3199 19 13 52
1600 19 14 86
2095 19 14 60
3111 19 14 5
1346 19 14 28
1628 19 15 28
3661 19 15 80
2046 19 15 48
1513 19 15 5
5515 19 16 77
1838 19 16 23
646 19 16 48
4192 19 16 5
5076 19 17 23
3183 19 17 5
2432 19 17 41
578 19 17 79
528 19 17 86
1196 19 18 43
4673 19 18 5
1159 19 18 78
3248 19 18 19
5362 19 18 85
314 19 19 21
1027 19 19 85
5387 19 19 76
1829 19 19 5
2087 19 19 49
