2484
329 0 0 20
1765 0 0 1
2911 0 0 97
2879 0 1 90
1484 0 1 1
363 0 1 13
2382 0 2 42
375 0 2 1
439 0 2 86
2356 0 3 35
918 0 3 1
2282 0 3 40
1138 0 3 98
3243 0 4 75
2651 0 4 97
2563 0 4 1
3294 0 4 50
145 0 5 17
3036 0 5 1
1319 0 5 66
1815 0 5 97
1411 0 6 10
1500 0 6 1
3072 0 6 56
1786 0 6 97
313 0 7 16
3102 0 7 1
2461 0 7 65
1896 0 7 96
181 0 8 4
2051 0 8 94
1986 0 8 62
3423 0 8 1
1995 0 9 12
3086 0 9 1
2767 0 9 48
2044 0 9 92
2782 0 10 1
2312 0 10 48
873 0 10 92
2499 0 10 11
3434 0 11 47
731 0 11 92
1340 0 11 16
2280 0 11 1
1617 0 12 20
599 0 12 83
3075 0 12 4
471 0 12 42
917 0 12 65
1608 0 13 4
2880 0 13 44
3417 0 13 70
1342 0 13 17
3004 0 13 87
2335 0 14 4
1202 0 14 17
2587 0 14 71
3122 0 14 87
2065 0 14 43
2777 0 15 17
560 0 15 43
2025 0 15 75
3308 0 15 4
3442 0 15 87
245 0 16 88
1136 0 16 43
2751 0 16 18
3307 0 16 75
3220 0 16 4
655 0 17 76
982 0 17 88
535 0 17 22
2617 0 17 43
848 0 17 4
1920 0 18 4
1466 0 18 26
516 0 18 64
296 0 18 44
1075 0 19 23
2528 0 19 56
300 0 19 4
1752 0 19 77
175 1 0 1
3245 1 0 13
3496 1 0 90
287 1 0 97
3282 1 0 20
294 1 0 68
1152 1 1 25
609 1 1 1
2417 1 1 13
2713 1 1 90
2798 1 2 19
3137 1 2 1
1740 1 2 79
3369 1 2 86
1697 1 2 42
1583 1 2 96
1876 1 3 1
1818 1 3 35
2205 1 3 91
779 1 3 22
807 1 3 40
3003 1 4 18
3167 1 4 70
797 1 4 97
421 1 4 1
1458 1 4 50
1078 1 4 75
1243 1 4 94
939 1 5 1
1666 1 5 66
3085 1 5 91
970 1 5 44
3140 1 5 17
383 1 6 40
1269 1 6 88
81 1 6 6
3188 1 6 1
1313 1 6 10
767 1 6 56
3492 1 7 65
3422 1 7 88
3084 1 7 36
1720 1 7 96
1013 1 7 1
2552 1 7 13
2794 1 7 16
2133 1 8 86
1545 1 8 94
188 1 8 35
3228 1 8 62
704 1 8 2
1806 1 8 4
1795 1 9 12
2421 1 9 48
314 1 9 92
1671 1 9 46
978 1 9 1
2626 1 9 80
2960 1 9 10
2729 1 10 89
338 1 10 1
1186 1 10 11
2185 1 10 37
778 1 11 14
3522 1 11 47
2127 1 11 82
2569 1 11 37
903 1 11 1
2908 1 11 16
2608 1 12 20
2008 1 12 78
1745 1 12 42
2493 1 12 34
88 1 12 86
2546 1 12 65
1951 1 12 60
2272 1 12 4
2445 1 12 83
2311 1 13 39
2834 1 13 87
2039 1 13 70
1851 1 13 18
2653 1 13 62
2846 1 13 44
577 1 13 4
2088 1 14 66
85 1 14 38
2317 1 14 20
192 1 14 71
1848 1 14 4
2318 1 14 87
2014 1 15 80
1871 1 15 4
2785 1 15 17
2486 1 15 10
435 1 15 42
1774 1 15 60
2553 1 16 42
2662 1 16 63
1601 1 16 80
2358 1 16 15
3523 1 16 18
2481 1 16 4
309 1 16 75
2251 1 17 82
1616 1 17 4
707 1 17 88
871 1 17 22
3480 1 17 63
2410 1 17 16
601 1 17 43
2861 1 17 76
3437 1 17 38
1631 1 18 61
3390 1 18 64
3377 1 18 4
2490 1 18 78
1116 1 18 26
3336 1 18 44
2484 1 18 14
1025 1 19 23
3339 1 19 43
2402 1 19 56
2905 1 19 77
3104 1 19 16
1142 1 19 4
1163 1 19 87
1191 2 0 68
765 2 0 97
3274 2 0 20
3088 2 0 88
2140 2 0 6
2148 2 0 1
3211 2 0 63
3285 2 1 58
2817 2 1 63
2156 2 1 68
2405 2 1 13
1519 2 1 6
2354 2 1 90
2578 2 1 25
1446 2 1 2
636 2 1 97
3520 2 1 84
3230 2 1 20
269 2 2 42
3264 2 2 21
2544 2 2 63
2754 2 2 90
321 2 2 2
2779 2 2 25
346 2 2 6
2294 2 2 68
3186 2 2 13
1181 2 2 58
1916 2 2 79
621 2 3 6
1304 2 3 25
1148 2 3 79
2788 2 3 91
1632 2 3 35
2799 2 3 13
1171 2 3 63
2083 2 3 68
2635 2 3 54
1167 2 3 58
35 2 3 2
2633 2 3 42
2755 2 3 9
3250 2 4 80
2301 2 4 70
2684 2 4 3
2954 2 4 50
288 2 4 63
1459 2 4 35
1763 2 4 59
2504 2 4 25
2325 2 4 91
3279 2 4 75
2106 2 4 94
2485 2 4 31
2748 2 4 9
2721 2 4 13
2995 2 4 7
2033 2 4 42
2948 2 4 54
2289 2 5 70
1692 2 5 80
2440 2 5 44
2726 2 5 63
2255 2 5 25
584 2 5 59
3231 2 5 35
1972 2 5 3
805 2 5 92
1194 2 5 75
2139 2 5 31
1436 2 5 13
2582 2 5 8
1089 2 5 51
158 2 6 3
2800 2 6 75
2505 2 6 10
3244 2 6 25
406 2 6 13
540 2 6 35
2062 2 6 44
2527 2 6 30
276 2 6 59
2157 2 6 70
1724 2 7 2
1428 2 7 32
1040 2 7 16
195 2 7 14
2114 2 7 36
2407 2 7 65
3026 2 7 88
3491 2 8 90
525 2 8 94
519 2 8 35
2453 2 8 55
2231 2 8 29
2138 2 8 62
2541 2 8 86
1853 2 8 4
2497 2 8 82
221 2 9 92
2554 2 9 42
1751 2 9 12
2773 2 9 2
2147 2 9 80
3406 2 9 74
1732 2 9 48
3132 2 10 11
3283 2 10 75
944 2 10 2
3314 2 10 45
2222 2 10 89
953 2 11 12
1803 2 11 37
3142 2 11 82
1940 2 11 93
3481 2 11 2
2559 2 11 16
1767 2 11 47
2455 2 11 73
1629 2 12 57
2125 2 12 65
2137 2 12 86
2601 2 12 42
1903 2 12 83
1787 2 12 20
241 2 12 30
250 2 12 15
1054 2 12 4
1981 2 12 34
1840 2 12 60
1454 2 12 78
2795 2 13 54
2479 2 13 62
3127 2 13 70
1203 2 13 18
2154 2 13 44
1930 2 13 39
94 2 13 87
247 2 13 4
512 2 13 80
1689 2 13 35
3403 2 13 14
992 2 14 38
691 2 14 72
3303 2 14 20
3172 2 14 33
3513 2 14 62
2385 2 14 15
1103 2 14 4
677 2 14 66
864 2 15 60
3424 2 15 57
248 2 15 36
1151 2 15 4
1600 2 15 10
430 2 15 17
2844 2 15 80
2859 2 15 76
2730 2 15 42
554 2 16 29
3380 2 16 75
30 2 16 63
1612 2 16 4
286 2 16 91
2115 2 16 18
553 2 17 76
3349 2 17 43
193 2 17 22
1356 2 17 38
227 2 17 4
345 2 17 16
2545 2 17 89
1263 2 17 82
1698 2 17 34
3021 2 17 60
179 2 18 92
2219 2 18 73
1073 2 18 64
2032 2 18 39
1280 2 18 44
1262 2 18 14
3178 2 18 78
922 2 18 4
2852 2 18 26
565 2 19 77
594 2 19 39
1501 2 19 72
3077 2 19 23
2458 2 19 87
1614 2 19 16
2302 2 19 43
1045 2 19 4
422 2 19 56
1253 3 0 94
2248 3 0 59
467 3 0 1
1814 3 0 8
3310 3 0 40
413 3 1 8
880 3 1 36
2122 3 1 1
752 3 1 75
1364 3 1 94
3428 3 2 3
2433 3 2 76
2047 3 2 1
1400 3 2 38
764 3 2 95
2516 3 3 1
3017 3 3 82
25 3 3 33
3234 3 3 8
2118 3 3 95
116 3 4 40
2169 3 4 79
38 3 4 1
2623 3 4 9
481 3 5 80
1712 3 5 31
2775 3 5 1
1298 3 5 9
1880 3 7 4
31 3 7 30
1819 3 7 63
1091 3 7 67
1905 3 7 94
3064 3 7 39
3066 3 8 94
2238 3 8 26
2126 3 8 30
1214 3 8 63
2707 3 8 4
1350 3 8 42
228 3 8 39
1010 3 9 82
1443 3 9 63
3306 3 9 42
370 3 9 93
3365 3 9 61
3289 3 9 39
1730 3 9 2
46 3 9 70
2572 3 9 84
1347 3 9 26
1522 3 10 75
1462 3 10 19
2416 3 10 37
2426 3 10 60
2938 3 10 82
1024 3 10 2
1011 3 10 93
118 3 10 70
2489 3 10 26
663 3 11 37
3025 3 11 87
1889 3 11 2
3171 3 11 25
2149 3 11 90
700 3 11 56
2853 3 11 73
2261 3 11 93
1 3 11 19
1421 3 11 80
3498 3 11 82
1349 3 12 20
2379 3 12 15
2692 3 12 37
1455 3 12 42
3071 3 12 66
3284 3 12 83
994 3 12 78
1431 3 12 5
2241 3 12 90
1245 3 13 44
1426 3 13 90
1775 3 13 66
2273 3 13 21
1927 3 13 5
347 3 14 91
3463 3 14 5
1415 3 14 21
915 3 14 44
1423 3 14 66
2723 3 15 5
911 3 15 66
987 3 15 21
180 3 15 44
2518 3 15 91
1275 3 16 21
2498 3 16 48
2772 3 16 56
2478 3 16 91
2170 3 16 5
3277 3 16 66
3150 3 16 44
2558 3 17 43
3366 3 17 28
840 3 17 60
2868 3 17 22
222 3 17 38
3426 3 17 9
1892 3 17 82
2866 3 17 4
1467 3 17 34
1325 3 17 89
2443 3 17 77
2229 3 18 26
3505 3 18 9
1868 3 18 73
1022 3 18 57
2162 3 18 65
2967 3 18 78
2636 3 18 92
1398 3 18 20
1518 3 18 39
3410 3 18 14
2415 3 18 4
2902 3 18 44
786 3 19 78
3121 3 19 36
3119 3 19 56
1277 3 19 16
2408 3 19 87
3313 3 19 43
966 3 19 67
499 3 19 9
2619 3 19 23
3098 3 19 52
2192 3 19 4
1093 3 19 73
1521 4 0 87
3515 4 0 59
816 4 0 94
2119 4 0 54
2460 4 0 26
825 4 0 3
1225 4 0 40
3114 4 0 8
769 4 1 71
941 4 1 75
1822 4 1 2
2604 4 1 15
355 4 1 36
1296 4 2 3
2850 4 2 27
1768 4 2 38
3286 4 2 70
1641 4 2 76
3320 4 3 54
2053 4 3 82
204 4 3 95
2712 4 3 2
774 4 3 8
2632 4 3 30
2686 4 3 33
2187 4 4 21
391 4 4 2
2551 4 4 69
1883 4 4 79
898 4 4 40
3149 4 5 78
2454 4 5 2
3517 4 5 63
1992 4 5 5
3042 4 5 74
3321 4 7 39
1937 4 7 80
604 4 7 73
3227 4 7 20
2701 4 7 49
1286 4 7 2
1034 4 7 91
3233 4 7 70
1156 4 7 45
2774 4 8 48
20 4 8 93
1235 4 8 81
2214 4 8 11
1077 4 8 35
1157 4 8 45
829 4 8 62
87 4 8 2
2666 4 9 84
1592 4 9 57
182 4 9 52
3151 4 9 78
850 4 9 2
3168 4 9 63
2176 4 9 18
2373 4 9 89
3456 4 9 39
57 4 10 26
2243 4 10 88
2378 4 10 60
787 4 10 2
3199 4 10 51
2796 4 10 16
814 4 10 91
2745 4 10 22
1006 4 10 84
685 4 11 2
2042 4 11 25
448 4 11 91
442 4 11 53
2322 4 11 19
2996 4 11 87
2812 4 11 78
1976 4 11 48
933 4 11 56
86 4 11 93
2607 4 12 65
583 4 12 61
3268 4 12 74
2743 4 12 13
2369 4 12 90
53 4 12 41
3174 4 12 5
673 4 12 36
3165 4 13 13
1087 4 13 4
1009 4 13 21
1721 4 13 40
2414 4 13 51
2256 4 13 75
1231 4 13 86
3180 4 14 56
3475 4 14 39
172 4 14 78
3203 4 14 84
1064 4 14 4
2029 4 14 60
2401 4 14 12
2330 4 15 13
501 4 15 25
2308 4 15 28
298 4 15 57
1129 4 15 4
2375 4 15 79
1919 4 16 5
1016 4 16 91
1201 4 16 48
1476 4 17 52
2268 4 17 79
2085 4 17 5
3096 4 17 28
1352 4 17 22
2739 4 17 9
2438 4 18 78
1281 4 18 44
509 4 18 73
2930 4 18 14
151 4 18 26
681 4 18 20
1000 4 18 57
1783 4 18 93
1449 4 18 65
3016 4 18 5
2885 4 19 37
2155 4 19 67
1955 4 19 5
2676 4 19 17
2524 4 19 52
173 4 19 56
2560 4 19 72
887 4 19 87
1974 4 19 79
3213 4 19 43
1575 4 19 23
2910 4 19 48
2540 5 0 40
1606 5 0 54
2977 5 0 36
3510 5 0 88
2881 5 0 26
3133 5 0 81
3040 5 0 48
56 5 0 4
839 5 0 59
799 5 0 95
1496 5 0 8
2511 5 1 59
1718 5 1 48
2940 5 1 68
3232 5 1 75
2599 5 1 8
1911 5 1 26
3219 5 1 71
856 5 1 95
1963 5 1 40
2001 5 1 4
1690 5 1 15
1615 5 1 81
1404 5 1 88
13 5 1 36
307 5 2 4
2269 5 2 82
1860 5 2 59
638 5 2 15
3360 5 2 76
1859 5 2 40
1516 5 2 8
3328 5 2 27
1358 5 2 48
1492 5 2 72
976 5 2 88
2158 5 3 82
1662 5 3 27
3126 5 3 40
717 5 3 48
445 5 3 15
1766 5 3 59
877 5 3 88
1184 5 3 8
1406 5 3 30
452 5 3 45
3107 5 3 76
3013 5 4 59
741 5 4 8
3056 5 4 65
2611 5 4 40
1843 5 4 82
2590 5 4 15
3160 5 4 21
2182 5 4 76
569 5 4 28
3325 5 4 89
523 5 4 48
641 5 5 20
2005 5 5 78
2172 5 5 46
491 5 5 2
2914 5 5 74
3501 5 7 80
1653 5 7 44
2909 5 7 91
2533 5 7 2
1317 5 7 20
3404 5 7 49
3210 5 7 73
1573 5 8 81
841 5 8 2
2824 5 8 62
2040 5 8 45
418 5 8 93
3271 5 8 48
712 5 8 11
3173 5 9 22
2912 5 9 39
1672 5 9 93
1366 5 9 63
2310 5 9 57
1654 5 9 2
2975 5 9 89
2753 5 9 84
136 5 10 60
123 5 10 88
1646 5 10 26
2110 5 10 58
2381 5 10 2
3459 5 10 22
1684 5 11 93
3344 5 11 2
350 5 11 16
2579 5 11 25
93 5 11 50
624 5 11 53
3116 5 11 19
3145 5 11 56
3474 5 11 78
155 5 11 87
790 5 12 74
2299 5 12 41
1668 5 12 13
2084 5 12 4
2992 5 12 65
1442 5 13 21
531 5 13 51
2830 5 13 4
3236 5 13 85
3401 5 13 40
2932 5 14 12
1383 5 14 60
3092 5 14 4
2783 5 14 84
3007 5 14 39
2899 5 15 28
1947 5 15 4
373 5 15 60
2436 5 15 84
1511 5 15 13
1190 5 16 5
3487 5 16 25
2190 5 16 91
1112 5 17 9
2728 5 17 78
910 5 17 90
761 5 17 5
960 5 17 22
387 5 17 28
3447 5 17 57
70 5 18 52
1624 5 18 78
260 5 18 20
2130 5 18 89
1182 5 18 35
1708 5 18 44
1755 5 18 5
1893 5 18 14
1419 5 18 65
648 5 18 26
2517 5 19 56
2334 5 19 17
2875 5 19 37
1246 5 19 63
1910 5 19 79
468 5 19 87
3438 5 19 30
2252 5 19 48
1414 5 19 5
3482 5 19 23
657 5 19 67
2041 5 19 73
2427 5 19 12
2886 5 19 43
2946 6 0 36
2664 6 0 90
244 6 0 7
570 6 0 2
590 6 0 72
494 6 1 2
1336 6 1 40
170 6 1 92
3493 6 1 68
2512 6 1 12
3175 6 2 7
2260 6 2 41
580 6 2 2
2305 6 2 59
2869 6 3 24
58 6 3 71
10 6 3 2
2365 6 3 16
1597 6 4 40
721 6 4 8
948 6 4 15
1984 6 4 48
2838 6 4 62
1791 6 4 65
1176 6 4 21
2076 6 4 76
603 6 4 82
2642 6 4 89
1539 6 4 59
2160 6 5 2
2343 6 5 73
737 6 5 78
946 6 5 31
895 6 5 9
1033 6 7 2
847 6 7 49
122 6 7 80
263 6 8 62
1789 6 8 93
3518 6 8 48
2685 6 8 2
2469 6 9 39
2939 6 9 63
763 6 9 2
861 6 9 89
1836 6 10 60
402 6 10 89
1220 6 10 2
2108 6 10 26
2561 6 11 2
1394 6 11 87
3139 6 11 19
275 6 11 25
1215 6 11 53
277 6 11 56
2297 6 12 25
2276 6 12 87
921 6 12 56
2957 6 12 2
2351 6 13 5
1887 6 13 31
1028 6 13 83
3300 6 13 53
699 6 14 59
2699 6 14 5
3454 6 14 31
2595 6 14 75
1402 6 14 81
3478 6 15 5
2927 6 15 59
3293 6 15 33
3508 6 15 82
3500 6 15 75
878 6 16 5
1931 6 16 25
419 6 16 92
1857 6 17 52
973 6 17 83
968 6 17 9
870 6 17 22
760 6 17 78
988 6 17 28
379 6 18 65
3015 6 18 27
1323 6 18 14
359 6 18 35
3201 6 18 52
1682 6 18 44
3371 6 18 82
2372 6 18 5
1532 6 18 11
69 6 19 37
2803 6 19 18
470 6 19 5
1581 6 19 43
1029 6 19 12
2958 6 19 56
1996 6 19 48
3348 6 19 61
1234 6 19 73
1872 6 19 79
2983 6 19 30
2266 6 19 23
1117 6 19 89
3352 7 0 72
2004 7 0 90
2659 7 0 84
890 7 0 7
417 7 0 31
2702 7 0 36
1989 7 0 2
1303 7 1 40
514 7 1 29
3490 7 1 3
2656 7 1 62
3184 7 1 68
1249 7 1 12
3083 7 1 92
3130 7 2 7
2715 7 2 59
1939 7 2 90
2724 7 2 34
372 7 2 41
2316 7 3 89
3037 7 3 10
2292 7 3 16
382 7 3 2
1800 7 3 24
351 7 3 53
2734 7 4 18
579 7 4 76
162 7 4 59
101 7 4 8
833 7 4 21
2605 7 4 62
842 7 4 89
1954 7 4 65
3327 7 4 49
2361 7 4 40
2919 7 4 15
411 7 4 82
762 7 5 17
3361 7 5 67
1043 7 5 87
1987 7 5 2
3331 7 5 9
3238 7 7 65
3419 7 7 86
942 7 7 2
2448 7 7 27
2889 7 7 9
3356 7 8 3
505 7 8 42
2532 7 8 25
1998 7 8 85
3337 7 9 84
2404 7 9 61
1534 7 9 3
2105 7 9 13
2459 7 10 22
146 7 10 3
3375 7 10 55
544 7 10 81
1048 7 11 79
131 7 11 23
740 7 11 59
2694 7 11 3
2221 7 12 3
3153 7 12 25
3202 7 12 73
2367 7 12 52
1621 7 13 77
3255 7 13 53
3368 7 13 27
191 7 13 83
686 7 13 47
1693 7 13 5
3272 7 14 24
2492 7 14 81
3216 7 14 5
292 7 14 31
1566 7 14 55
3246 7 14 74
3353 7 15 5
690 7 15 19
236 7 15 64
2530 7 15 49
1579 7 17 28
1199 7 17 71
2370 7 17 9
2815 7 17 56
161 7 17 21
1554 7 18 44
2968 7 18 27
493 7 18 36
1200 7 18 14
3259 7 18 75
1485 7 18 5
21 7 18 82
3416 7 18 65
45 7 19 5
1334 7 19 79
548 7 19 48
27 7 19 38
1912 7 19 61
2347 7 19 89
2439 7 19 18
1586 7 19 31
2637 7 19 56
539 7 19 12
3465 8 0 36
443 8 0 91
1990 8 0 72
2884 8 0 7
12 8 0 31
822 8 0 26
1975 8 0 86
2359 8 0 58
3157 8 1 3
2134 8 1 68
306 8 1 12
2026 8 1 40
332 8 1 29
2262 8 1 57
3521 8 1 62
608 8 1 92
2168 8 2 34
3297 8 2 53
1448 8 2 29
1498 8 2 41
187 8 2 77
3039 8 2 7
750 8 2 91
1676 8 2 39
1978 8 2 59
2655 8 3 44
2898 8 3 3
2562 8 3 24
1348 8 3 76
3225 8 3 89
2842 8 3 10
2202 8 3 16
2184 8 4 49
3324 8 4 12
3256 8 4 40
2622 8 4 18
3323 8 4 88
2220 8 4 8
2645 8 4 15
203 8 4 21
218 8 4 62
2326 8 4 82
1902 8 5 21
2431 8 5 42
3384 8 5 3
1956 8 5 88
875 8 5 64
3061 8 7 44
1913 8 7 91
1602 8 7 14
3217 8 7 70
1805 8 7 3
295 8 8 3
999 8 8 25
2778 8 8 70
2907 8 8 85
2007 8 8 91
1118 8 8 17
2470 8 8 42
2021 8 8 37
2698 8 9 84
3144 8 9 13
3117 8 9 78
683 8 9 3
3393 8 9 61
820 8 9 43
3326 8 10 17
117 8 10 45
3350 8 10 3
1589 8 10 76
851 8 10 81
3430 8 10 55
2925 8 10 22
1680 8 10 89
2058 8 11 45
2218 8 11 91
547 8 11 59
2597 8 11 3
3191 8 11 79
1395 8 11 23
2194 8 11 19
843 8 12 25
310 8 12 69
3457 8 12 52
3499 8 12 91
3448 8 12 46
2451 8 12 73
1559 8 12 3
2949 8 12 18
415 8 13 78
719 8 13 83
76 8 13 89
33 8 13 53
2247 8 13 5
2515 8 13 47
1213 8 13 27
2063 8 13 22
3479 8 13 70
2257 8 14 49
2066 8 14 5
234 8 14 55
2678 8 14 74
1944 8 14 24
1155 8 14 17
727 8 14 81
1166 8 14 31
2434 8 15 22
2340 8 15 5
2966 8 15 61
1141 8 15 82
589 8 15 32
2618 8 17 5
1691 8 17 82
2195 8 17 19
2802 8 17 67
963 8 17 44
2009 8 18 56
104 8 18 14
950 8 18 5
2396 8 18 75
2621 8 18 82
2650 8 18 85
2710 8 18 27
507 8 18 31
3190 8 18 65
1469 8 18 44
1435 8 19 89
3110 8 19 49
3405 8 19 31
1369 8 19 11
134 8 19 18
989 8 19 5
1354 8 19 61
2669 8 19 39
2822 8 19 80
2681 9 0 7
2483 9 0 16
3082 9 0 65
1928 9 0 36
809 9 0 26
3183 9 0 74
1605 9 0 86
2735 9 0 91
1208 9 0 58
1817 9 0 31
3148 9 1 36
1686 9 1 20
11 9 1 86
2331 9 1 92
530 9 1 26
2525 9 1 7
3118 9 1 16
2826 9 1 41
1506 9 1 31
907 9 1 68
1661 9 1 74
2101 9 2 16
1847 9 2 81
868 9 2 68
1828 9 2 74
1494 9 2 41
1793 9 2 7
2102 9 2 92
1291 9 3 41
474 9 3 92
697 9 3 17
794 9 3 68
1430 9 4 41
1267 9 4 49
711 9 5 49
348 9 5 20
2304 9 7 58
2491 9 7 3
344 9 7 37
3343 9 7 85
894 9 7 16
2249 9 8 18
2969 9 8 11
214 9 8 25
2048 9 8 66
2535 9 8 3
1222 9 8 85
2963 9 8 42
1239 9 8 37
1842 9 9 57
1333 9 9 78
1031 9 9 40
1407 9 9 84
3357 9 9 3
2688 9 9 61
2693 9 9 13
1723 9 9 43
2225 9 9 9
160 9 10 11
1270 9 10 76
1959 9 10 81
1722 9 10 3
1128 9 10 89
3470 9 10 44
1403 9 10 22
567 9 10 72
1796 9 10 17
3315 9 10 55
3169 9 10 85
654 9 11 11
2918 9 11 74
3059 9 11 45
703 9 11 3
1950 9 11 59
2109 9 11 19
714 9 11 23
2973 9 11 53
2086 9 11 79
3484 9 11 90
95 9 12 18
2586 9 12 69
2567 9 12 46
1330 9 12 73
2259 9 12 41
645 9 12 91
2471 9 12 52
3329 9 12 3
1465 9 12 25
3378 9 12 9
2213 9 13 15
689 9 13 47
420 9 13 5
2964 9 13 43
1439 9 13 65
2012 9 13 70
2024 9 13 22
1357 9 13 27
1082 9 13 53
251 9 13 78
665 9 13 83
2193 9 13 89
1153 9 14 74
660 9 14 24
1074 9 14 45
3280 9 14 55
1387 9 14 69
1952 9 14 31
3412 9 14 6
1508 9 14 49
3074 9 14 81
1738 9 14 88
940 9 14 17
3383 9 15 21
3319 9 15 5
426 9 15 80
1901 9 15 62
168 9 15 34
2181 9 16 43
1785 9 17 20
3295 9 17 58
121 9 17 80
1385 9 17 41
2649 9 17 5
1863 9 18 14
2845 9 18 86
2295 9 18 65
702 9 18 79
2985 9 18 6
1929 9 18 44
2465 9 18 28
3497 9 18 54
2921 9 19 62
766 9 19 31
3382 9 19 18
2616 9 19 49
1453 9 19 80
2095 9 19 26
303 9 19 11
1094 9 19 90
200 9 19 5
2944 10 0 3
3028 10 0 74
3305 10 0 34
2011 10 0 16
3058 10 0 65
1580 10 1 80
865 10 1 3
75 10 1 14
1538 10 1 64
996 10 1 41
2038 10 2 37
2355 10 2 72
2718 10 2 80
1969 10 2 21
2555 10 2 3
3129 10 3 68
1832 10 3 3
2717 10 3 12
476 10 3 35
2388 10 3 83
132 10 4 15
323 10 4 3
1067 10 4 84
2786 10 4 38
1914 10 4 68
2989 10 5 66
1510 10 5 3
1714 10 5 15
1237 10 5 86
2521 10 5 41
1480 10 7 83
815 10 7 16
2679 10 7 33
1979 10 7 3
2161 10 7 63
1762 10 8 11
100 10 8 86
2399 10 8 36
692 10 8 42
854 10 8 66
613 10 8 18
2962 10 8 5
2309 10 8 25
1132 10 9 88
1260 10 9 57
2227 10 9 61
1019 10 9 78
552 10 9 3
1008 10 9 13
780 10 9 43
768 10 9 84
619 10 9 9
1513 10 9 74
3342 10 10 18
1879 10 10 85
772 10 10 4
1264 10 10 90
588 10 10 81
3156 10 10 12
135 10 10 55
2836 10 10 44
326 10 10 72
801 10 10 76
270 10 10 22
3502 10 10 67
412 10 11 23
2380 10 11 74
1355 10 11 19
2903 10 11 9
1420 10 11 59
165 10 11 53
1648 10 11 3
578 10 11 79
1925 10 11 45
2180 10 11 37
2480 10 11 90
1655 10 12 64
268 10 12 25
3046 10 12 9
2790 10 12 18
2274 10 12 87
610 10 12 91
393 10 12 69
3364 10 12 73
2074 10 12 3
2035 10 12 46
1196 10 12 52
1507 10 12 41
259 10 13 47
1079 10 13 65
785 10 13 70
1904 10 13 15
1468 10 13 60
1265 10 13 27
3057 10 13 6
2210 10 13 53
198 10 13 90
60 10 13 22
2675 10 14 6
2901 10 14 55
409 10 14 69
2811 10 14 81
546 10 14 64
597 10 14 31
575 10 14 88
997 10 14 50
1080 10 14 74
2400 10 14 24
169 10 15 60
1619 10 15 79
3095 10 15 18
1520 10 15 37
1942 10 15 5
2705 10 17 5
189 10 17 21
2107 10 17 60
2435 10 17 37
1924 10 17 79
1133 10 18 6
2991 10 18 54
469 10 18 65
1401 10 18 86
262 10 18 79
1736 10 18 14
1305 10 18 28
9 10 18 44
2691 10 19 62
564 10 19 76
3002 10 19 6
2522 10 19 31
1934 10 19 26
1502 10 19 18
19 10 19 80
3316 10 19 42
925 10 19 90
3070 10 19 50
230 10 19 12
2831 11 5 80
197 11 5 54
2128 11 5 4
1865 11 5 26
3035 11 10 38
3302 11 10 12
166 11 10 52
2250 11 10 64
3335 11 10 82
2894 11 10 5
3187 11 10 18
2593 11 10 22
3239 11 10 55
3045 11 10 67
715 11 10 76
3392 11 10 89
2654 11 10 44
3258 11 11 67
2602 11 11 33
1086 11 11 19
2706 11 11 90
1753 11 11 45
2073 11 11 53
3473 11 11 59
327 11 11 4
935 11 11 79
582 11 11 37
2603 11 11 83
2627 11 11 23
1719 11 12 25
1598 11 12 9
3338 11 12 18
1645 11 12 42
784 11 12 46
1543 11 12 87
2929 11 12 69
1248 11 12 64
812 11 12 36
2092 11 12 73
2878 11 12 4
515 11 12 91
1180 11 12 52
1050 11 13 27
1376 11 13 6
3452 11 13 34
891 11 13 44
2915 11 13 90
254 11 13 60
612 11 13 65
3301 11 13 15
623 11 13 70
1529 11 13 54
2412 11 14 34
2906 11 14 90
2281 11 14 60
2833 11 14 55
1324 11 14 6
2452 11 15 5
1968 11 15 58
543 11 15 21
3373 11 15 77
1544 11 15 36
3229 11 17 73
1272 11 17 58
1546 11 17 5
1003 11 17 35
1061 11 17 13
1378 11 18 65
1373 11 18 86
1386 11 18 77
2131 11 18 45
783 11 18 14
1290 11 18 54
205 11 18 28
2644 11 18 6
1374 11 19 39
3265 11 19 31
252 11 19 17
2209 11 19 62
1417 11 19 81
113 11 19 12
572 11 19 90
1831 11 19 26
2858 11 19 6
2087 11 19 50
3044 12 0 67
977 12 0 40
836 12 0 30
2700 12 0 86
3192 12 0 46
1670 12 0 10
1731 12 1 8
229 12 1 18
1585 12 1 52
2668 12 1 59
983 12 1 73
226 12 1 86
1307 12 1 27
1346 12 2 10
1663 12 2 38
1396 12 2 21
1644 12 2 44
3386 12 2 60
341 12 2 77
1030 12 2 87
2847 12 3 9
2494 12 3 62
3176 12 3 27
1576 12 3 50
434 12 3 76
2547 12 5 4
1482 12 5 26
1252 12 5 43
821 12 5 81
1706 12 6 81
1424 12 6 49
667 12 6 4
3087 12 6 25
3461 12 7 4
1610 12 7 20
2709 12 7 47
1127 12 7 83
1825 12 8 65
1613 12 8 4
96 12 8 32
1412 12 8 83
2183 12 19 62
2124 12 19 12
2270 12 19 51
1536 12 19 32
3266 12 19 42
748 12 19 17
770 13 0 67
239 13 0 9
1999 13 0 30
1046 13 0 40
211 13 0 84
3 13 1 62
1384 13 1 73
2736 13 1 8
255 13 1 86
2234 13 1 18
3432 13 1 52
1365 13 1 31
728 13 2 77
1339 13 2 86
1185 13 2 53
1488 13 2 10
1530 13 2 21
1463 13 2 38
3504 13 2 71
2320 13 3 76
1125 13 3 27
2348 13 3 18
2349 13 3 46
3094 13 3 64
2818 13 3 8
3241 13 5 77
1741 13 5 43
2689 13 5 23
1703 13 5 7
3019 13 5 35
3099 13 5 60
883 13 6 35
3248 13 6 51
3460 13 6 73
2513 13 6 7
3177 13 6 81
3488 13 6 23
279 13 7 84
2577 13 7 23
3351 13 7 7
464 13 7 55
3009 13 7 34
2346 13 7 73
2159 13 8 7
3477 13 8 73
526 13 8 55
3108 13 8 15
2827 13 8 40
2570 13 8 84
1900 13 10 73
3420 13 10 55
2376 13 10 7
755 13 10 42
2843 13 10 22
2851 13 11 32
2981 13 11 42
3109 13 11 82
806 13 11 89
1679 13 11 18
99 13 11 52
2764 13 11 7
2264 13 11 70
2697 13 12 27
2953 13 12 57
8 13 12 7
3159 13 12 49
1413 13 12 36
957 13 12 71
2201 13 12 83
2806 13 13 43
3093 13 13 24
225 13 13 51
2855 13 13 68
324 13 13 75
616 13 13 89
1353 13 13 7
1223 13 13 29
2727 13 14 7
1572 13 14 48
153 13 14 89
1447 13 14 26
2592 13 14 66
909 13 16 58
2314 13 16 7
453 13 16 26
3260 13 16 43
3166 13 16 83
2067 13 17 7
2917 13 17 16
3252 13 17 29
3464 13 17 69
2542 13 17 47
3304 13 17 84
1640 13 18 7
1177 13 18 63
3394 13 18 26
2003 13 18 74
2674 13 18 50
3193 13 18 45
3408 13 18 33
1582 13 19 56
2883 13 19 69
2658 13 19 76
1875 13 19 27
3275 13 19 17
2150 13 19 32
2411 13 19 7
1283 13 19 83
2094 14 0 40
2265 14 0 8
2315 14 0 67
242 14 0 75
1596 14 0 84
2447 14 0 30
2023 14 0 47
3115 14 1 8
2789 14 1 32
325 14 1 18
3060 14 1 52
2366 14 1 73
2585 14 1 63
1771 14 2 21
2072 14 2 77
1375 14 2 84
2060 14 2 47
931 14 2 33
89 14 2 70
2538 14 2 38
1884 14 2 59
1756 14 2 10
2384 14 3 67
2061 14 3 47
2291 14 3 29
2390 14 3 16
2232 14 3 86
482 14 3 8
274 14 5 60
71 14 5 78
243 14 5 35
1838 14 5 15
3385 14 5 43
357 14 5 54
1210 14 5 7
2237 14 6 18
2442 14 6 72
1802 14 6 7
2228 14 6 81
2804 14 6 34
1611 14 6 51
1062 14 7 53
1564 14 7 34
1320 14 7 23
2722 14 7 7
795 14 7 72
929 14 7 81
1389 14 7 14
2893 14 8 33
3215 14 8 18
1397 14 8 7
2922 14 8 55
3196 14 8 80
2230 14 8 71
2813 14 10 70
2383 14 10 54
2290 14 10 80
2784 14 10 18
183 14 10 33
1318 14 10 7
3273 14 11 42
3047 14 11 32
2089 14 11 52
2549 14 11 70
2945 14 11 7
2849 14 11 18
1271 14 11 89
3054 14 12 57
2096 14 12 36
1372 14 12 71
386 14 12 90
1302 14 12 7
1561 14 12 25
3455 14 12 49
1464 14 13 75
611 14 13 51
1255 14 13 42
867 14 13 7
2081 14 13 29
2652 14 14 7
2769 14 14 24
1599 14 14 64
2449 14 14 50
1594 14 15 89
672 14 16 28
3249 14 16 7
390 14 16 52
1329 14 16 82
2178 14 16 72
625 14 17 6
2319 14 17 29
2933 14 17 52
1627 14 17 82
2934 14 17 16
3031 14 17 72
2374 14 18 82
2776 14 18 17
2926 14 18 74
290 14 18 6
2614 14 18 33
1922 14 18 50
478 14 19 83
3051 14 19 32
1982 14 19 75
3134 14 19 17
273 14 19 56
793 14 19 6
2387 15 0 8
1556 15 0 55
3158 15 0 30
2746 15 0 67
2246 15 0 40
2321 15 0 84
376 15 0 24
2135 15 0 47
397 15 0 75
3182 15 1 52
3333 15 1 63
924 15 1 17
2146 15 1 9
3152 15 1 31
278 15 1 46
1550 15 1 73
1773 15 2 21
1918 15 2 10
2473 15 2 31
2807 15 2 38
2217 15 2 69
2624 15 2 47
3511 15 2 59
2759 15 2 84
2556 15 2 77
2010 15 3 61
1898 15 3 27
1881 15 3 53
2386 15 3 73
1393 15 3 81
2897 15 3 88
438 15 3 8
37 15 3 39
1604 15 10 30
3024 15 10 71
138 15 10 8
1681 15 10 55
1962 15 10 79
800 15 10 46
1737 15 10 15
2245 15 10 62
98 15 10 26
1007 15 11 18
54 15 11 52
920 15 11 78
423 15 11 5
3399 15 11 42
2583 15 11 85
1209 15 12 57
450 15 12 36
2364 15 12 78
1179 15 12 5
2750 15 12 85
2573 15 12 13
1846 15 13 5
2695 15 13 18
2808 15 13 55
1841 15 13 80
2823 15 13 85
1058 15 13 42
130 15 14 71
400 15 14 21
642 15 14 30
889 15 14 58
550 15 14 5
2116 15 15 89
3318 15 16 89
2609 15 16 33
142 15 17 7
3414 15 17 33
322 15 17 88
2534 15 17 21
1168 15 18 7
2671 15 18 21
3435 15 18 33
653 15 18 42
1782 15 18 47
993 15 18 87
1854 15 19 56
15 15 19 13
1337 15 19 87
3267 15 19 47
3512 15 19 77
912 15 19 42
1295 15 19 20
3354 15 19 7
299 15 19 65
3053 15 19 32
215 16 0 29
1377 16 0 75
14 16 0 62
456 16 0 55
2741 16 0 40
2303 16 0 47
2725 16 0 8
1315 16 0 66
633 16 0 16
591 16 0 24
361 16 0 83
562 16 1 8
2887 16 1 67
640 16 1 29
2015 16 1 46
1827 16 1 73
220 16 1 52
339 16 1 17
991 16 2 10
2287 16 2 69
3068 16 2 38
3011 16 2 77
280 16 2 58
1941 16 2 21
896 16 2 31
1268 16 2 84
2805 16 2 47
1983 16 3 27
2638 16 3 53
2002 16 3 8
3034 16 3 61
3451 16 3 73
1713 16 3 81
139 16 3 39
3101 16 3 88
1287 16 4 83
1499 16 4 8
240 16 4 32
2865 16 4 38
1274 16 4 15
110 16 4 26
2956 16 4 46
1250 16 4 53
2244 16 4 63
1147 16 4 75
518 16 5 21
384 16 5 27
2972 16 5 49
3135 16 5 57
2765 16 5 86
1491 16 5 42
2584 16 5 11
1547 16 5 70
3221 16 6 9
1816 16 6 62
1183 16 6 28
1711 16 6 72
2646 16 6 86
3147 16 6 50
3257 16 6 19
600 16 6 78
3397 16 7 20
2117 16 7 33
527 16 7 80
508 16 7 66
1988 16 7 10
2615 16 7 46
410 16 7 39
1055 16 7 61
2935 16 7 88
17 16 8 34
90 16 8 85
2941 16 8 19
206 16 8 80
185 16 8 61
1362 16 8 68
2267 16 8 47
2323 16 8 9
1664 16 9 40
533 16 9 82
3345 16 9 66
1705 16 9 8
773 16 9 19
1895 16 9 73
1224 16 9 57
2503 16 9 50
315 16 9 31
1371 16 10 46
272 16 10 70
557 16 10 15
676 16 10 62
472 16 10 79
1750 16 10 55
1321 16 10 26
845 16 10 8
103 16 10 30
967 16 10 51
2037 16 11 31
2368 16 11 12
7 16 11 71
1867 16 11 76
972 16 11 7
1145 16 11 41
3112 16 11 19
2071 16 11 87
3449 16 11 52
1948 16 11 65
622 16 12 80
2509 16 12 19
2696 16 12 41
2357 16 12 47
844 16 12 60
1792 16 12 65
1812 16 12 34
3055 16 12 88
119 16 12 7
675 16 12 54
1071 16 13 34
1761 16 13 88
2099 16 13 8
2488 16 13 41
2377 16 13 23
934 16 13 65
866 16 14 34
378 16 14 65
3309 16 14 8
1236 16 14 23
1388 16 14 88
331 16 14 41
1322 16 15 65
487 16 15 88
2069 16 15 8
3439 16 15 42
1757 16 15 35
399 16 15 23
2976 16 16 26
2199 16 16 46
869 16 16 16
528 16 16 35
3136 16 16 40
3346 16 16 65
2350 16 16 6
1907 16 16 81
1749 16 16 51
36 16 17 29
97 16 17 18
3111 16 17 11
857 16 17 67
2819 16 17 53
1052 16 17 76
3052 16 17 86
354 16 17 6
1489 16 18 80
1830 16 18 16
1432 16 18 71
1306 16 18 33
855 16 18 6
1958 16 18 46
2600 16 18 54
2860 16 18 62
369 16 18 21
1946 16 19 12
73 16 19 6
545 16 19 65
106 16 19 76
556 16 19 47
1858 16 19 56
51 16 19 20
1344 16 19 86
517 16 19 33
47 16 19 29
1072 17 0 16
24 17 0 47
1888 17 0 29
3276 17 0 8
1618 17 0 66
424 17 0 62
2197 17 0 75
2752 17 0 24
674 17 0 83
2928 17 0 40
637 17 1 52
792 17 1 67
1037 17 1 29
698 17 1 45
2100 17 1 83
1233 17 1 8
1658 17 1 17
3247 17 2 38
1205 17 2 47
1977 17 2 21
1620 17 2 10
735 17 2 69
1527 17 2 84
985 17 2 31
266 17 3 88
818 17 3 27
2028 17 3 8
1890 17 3 61
2398 17 3 68
1229 17 3 52
1821 17 3 81
1801 17 3 23
2536 17 4 8
63 17 4 32
1770 17 4 15
3091 17 4 46
55 17 4 69
3486 17 4 38
819 17 4 26
2362 17 4 82
2630 17 4 53
2634 17 4 74
2391 17 5 10
3402 17 5 70
2392 17 5 42
1899 17 5 64
1227 17 5 21
1211 17 5 27
449 17 5 49
1574 17 5 78
1399 17 6 8
2856 17 6 28
606 17 6 62
395 17 6 38
2648 17 6 78
897 17 6 18
725 17 7 46
986 17 7 66
634 17 7 88
2576 17 7 10
927 17 7 32
1258 17 7 39
1392 17 7 80
2288 17 7 20
1650 17 8 8
2079 17 8 18
2020 17 8 61
1212 17 8 68
1240 17 8 34
2613 17 8 28
2974 17 8 47
529 17 8 85
22 17 9 50
2046 17 9 8
2760 17 9 26
736 17 9 19
928 17 9 46
72 17 9 65
2121 17 9 73
2988 17 9 82
1993 17 9 38
2207 17 10 51
1014 17 10 62
1493 17 10 26
2703 17 10 8
757 17 10 30
2487 17 10 15
881 17 10 45
1310 17 10 55
1531 17 10 70
2104 17 10 79
1105 17 11 7
971 17 11 71
2787 17 11 19
2791 17 11 12
2820 17 11 87
1026 17 11 52
1862 17 11 41
587 17 11 34
2463 17 11 76
3143 17 12 7
3103 17 12 14
745 17 12 54
127 17 12 34
1834 17 12 79
658 17 12 60
3155 17 12 88
3485 17 12 72
2233 17 13 51
1647 17 13 75
1226 17 13 32
1568 17 13 23
635 17 13 57
650 17 13 81
3453 17 13 86
2393 17 13 11
2050 17 13 6
1382 17 14 63
2339 17 14 55
3458 17 14 11
3330 17 14 76
2341 17 14 6
3029 17 14 39
947 17 14 83
1486 17 14 19
1335 17 15 83
563 17 15 22
2142 17 15 33
2566 17 15 41
3370 17 15 7
1104 17 15 60
3100 17 15 75
2840 17 15 14
2867 17 16 65
2892 17 16 6
1743 17 16 16
913 17 16 34
2171 17 16 57
2997 17 16 51
679 17 16 84
2424 17 16 25
791 17 16 40
1667 17 17 85
1451 17 17 29
1994 17 17 18
3468 17 17 67
945 17 17 6
1823 17 17 76
3441 17 17 46
2526 17 18 80
958 17 18 54
2145 17 18 32
1456 17 18 71
1108 17 18 6
65 17 18 21
2837 17 18 46
592 17 19 20
2641 17 19 6
932 17 19 47
1588 17 19 70
2814 17 19 76
1953 17 19 56
3433 17 19 85
2900 17 19 33
1140 17 19 11
571 17 19 29
1251 18 0 66
3355 18 0 39
1558 18 0 82
2971 18 0 24
1207 18 0 28
1971 18 0 8
930 18 0 47
926 18 0 62
2206 18 1 8
2876 18 1 29
2419 18 1 17
1945 18 1 45
2942 18 1 52
2565 18 1 67
3322 18 1 83
628 18 2 31
2224 18 2 47
2112 18 2 21
2500 18 2 8
425 18 2 64
1728 18 2 69
3362 18 2 84
3269 18 3 61
2539 18 3 27
2474 18 3 81
1669 18 3 52
304 18 3 8
2863 18 3 68
2683 18 4 32
678 18 4 25
3254 18 4 69
3367 18 4 8
1526 18 4 82
3022 18 4 53
1259 18 4 45
3146 18 4 14
3197 18 5 27
808 18 5 82
1126 18 5 9
2523 18 5 49
2052 18 5 64
2430 18 5 41
1107 18 5 70
1637 18 5 21
573 18 6 17
3041 18 6 28
2077 18 6 8
644 18 6 38
738 18 6 64
682 18 6 82
1005 18 7 46
2588 18 7 66
3363 18 7 80
483 18 7 32
1702 18 7 9
2508 18 7 20
3395 18 7 39
353 18 8 18
747 18 8 47
1758 18 8 85
1734 18 8 68
1882 18 8 8
1683 18 8 34
1308 18 9 46
630 18 9 82
1609 18 9 72
79 18 9 26
1555 18 9 34
936 18 9 19
2993 18 9 50
78 18 9 65
3506 18 9 8
954 18 10 25
1192 18 10 62
2740 18 10 8
1023 18 10 14
2873 18 10 79
2620 18 10 70
23 18 10 51
3001 18 10 30
2174 18 10 45
687 18 11 40
831 18 11 19
1886 18 11 7
285 18 11 52
3261 18 11 76
335 18 11 87
3181 18 12 88
212 18 12 60
1122 18 12 78
3206 18 12 14
2557 18 12 6
256 18 12 40
1991 18 13 57
2990 18 13 32
2300 18 13 75
2397 18 13 6
3450 18 13 23
1973 18 13 86
2978 18 13 14
1772 18 14 86
730 18 14 19
853 18 14 57
1709 18 14 32
2568 18 14 6
2714 18 14 63
3012 18 14 76
1878 18 15 6
2226 18 15 83
2665 18 15 41
3495 18 15 74
2660 18 15 22
3226 18 15 60
3251 18 15 33
3299 18 15 14
1569 18 15 55
3312 18 16 65
1590 18 16 84
2891 18 16 25
3235 18 16 57
3263 18 16 6
1870 18 16 40
3347 18 16 16
2057 18 16 34
2132 18 17 85
3106 18 17 76
432 18 17 21
2994 18 17 29
1980 18 17 6
1113 18 17 46
1541 18 18 6
3387 18 18 47
2501 18 18 21
1548 18 18 54
3413 18 18 71
2049 18 18 32
374 18 18 79
2756 18 19 47
2947 18 19 56
1813 18 19 85
646 18 19 6
1021 18 19 20
651 18 19 29
3062 18 19 33
2732 18 19 70
2189 18 19 76
2937 19 0 66
1173 19 0 8
2574 19 0 28
1001 19 0 47
377 19 0 84
3076 19 1 17
3516 19 1 52
1165 19 1 84
3065 19 1 67
961 19 1 7
1445 19 1 31
3043 19 2 21
366 19 2 47
2871 19 2 31
1961 19 2 69
1701 19 2 84
281 19 2 7
733 19 3 14
2999 19 3 32
317 19 3 7
2444 19 3 68
602 19 3 85
232 19 3 52
732 19 4 7
2345 19 4 69
1216 19 4 14
1057 19 4 85
3358 19 4 53
3189 19 4 32
2589 19 5 49
1327 19 5 85
2327 19 5 21
3376 19 5 27
1933 19 5 7
1949 19 5 70
1744 19 6 46
1649 19 6 17
1727 19 6 72
2129 19 6 85
1473 19 6 7
1299 19 6 28
392 19 7 32
2998 19 7 72
3467 19 7 20
2271 19 7 85
3388 19 7 46
1938 19 7 7
2352 19 8 17
1784 19 8 7
398 19 8 47
3287 19 8 72
356 19 8 33
2951 19 8 85
2661 19 9 14
1636 19 9 34
380 19 9 50
2056 19 9 72
1807 19 9 7
2711 19 10 14
2175 19 10 51
2744 19 10 79
3185 19 10 70
2191 19 10 7
1675 19 10 30
1696 19 11 19
1279 19 11 6
368 19 11 60
495 19 11 87
846 19 11 40
1673 19 11 76
1845 19 12 6
2466 19 12 40
2371 19 12 88
566 19 12 60
1966 19 12 78
776 19 12 23
2598 19 13 6
2514 19 13 23
1460 19 13 75
3503 19 13 40
1099 19 13 60
892 19 14 41
1514 19 14 19
1549 19 14 6
362 19 14 76
2829 19 14 63
2476 19 15 22
2835 19 15 83
2984 19 15 41
488 19 15 60
3471 19 15 6
194 19 16 6
510 19 16 25
2068 19 16 40
3418 19 16 65
2136 19 16 84
333 19 17 29
2423 19 17 54
2920 19 17 79
1591 19 17 6
2428 19 18 6
2682 19 18 32
2425 19 18 54
3120 19 18 79
3125 19 19 76
2031 19 19 56
1314 19 19 5
694 19 19 85
74 19 19 20
2639 19 19 33
