7 7 50 0 20 40 10 60 30 41 21 1 11 31 61 51
7 7 53 13 33 23 3 43 63 14 4 24 34 64 44 54
7 7 62 12 22 2 32 42 52 14 4 24 34 64 44 54
7 7 50 0 20 40 10 60 30 62 12 22 2 32 42 52
7 7 50 0 20 40 10 60 30 14 4 24 34 64 44 54
7 7 41 21 1 11 31 61 51 14 4 24 34 64 44 54
7 7 41 21 1 11 31 61 51 53 13 33 23 3 43 63
6 6 45 5 25 35 55 15 46 26 36 56 6 16
6 6 58 48 28 38 8 18 29 39 19 49 9 59
6 6 17 57 37 7 27 47 58 48 28 38 8 18
6 6 17 57 37 7 27 47 29 39 19 49 9 59
6 6 45 5 25 35 55 15 58 48 28 38 8 18
6 6 45 5 25 35 55 15 17 57 37 7 27 47
6 6 45 5 25 35 55 15 29 39 19 49 9 59
7 6 62 12 22 2 32 42 52 58 48 28 38 8 18
7 6 62 12 22 2 32 42 52 17 57 37 7 27 47
7 6 62 12 22 2 32 42 52 29 39 19 49 9 59
7 6 62 12 22 2 32 42 52 45 5 25 35 55 15
7 6 62 12 22 2 32 42 52 46 26 36 56 6 16
7 6 50 0 20 40 10 60 30 46 26 36 56 6 16
7 6 14 4 24 34 64 44 54 46 26 36 56 6 16
7 6 41 21 1 11 31 61 51 46 26 36 56 6 16
7 6 53 13 33 23 3 43 63 46 26 36 56 6 16
7 7 58 56 48 28 38 8 18 50 0 20 40 10 60 30
7 6 58 56 48 28 38 8 18 45 5 25 35 55 15
7 6 58 56 48 28 38 8 18 29 39 19 49 9 59
7 6 58 56 48 28 38 8 18 17 57 37 7 27 47
5 7 46 26 36 6 16 62 12 22 2 32 42 52
5 7 46 26 36 6 16 41 21 1 11 31 61 51
5 7 46 26 36 6 16 53 13 33 23 3 43 63
#c 4 2 5 1 3 6 0 9 8 7 4 2 5 1 3 6 0 9 8 7 4 2 5 1 3 6 0 9 8 7 4 2 5 1 3 6 0 9 8 7 4 2 5 1 3 6 0 9 8 7 4 2 5 1 3 6 8 9 8 7 4 2 5 1 3
7 7 17 57 37 7 16 27 47 50 0 20 40 10 60 30
7 6 17 57 37 7 16 27 47 45 5 25 35 55 15
7 7 17 57 37 7 16 27 47 62 12 22 2 32 42 52
4 7 46 26 36 6 17 57 37 7 16 27 47
4 7 46 26 36 6 41 21 1 11 31 61 51
4 7 46 26 36 6 14 4 24 34 64 44 54
4 7 46 26 36 6 50 0 20 40 10 60 30
#c 4 1 6 0 2 7 3 5 9 8 4 1 6 0 2 7 5 5 9 8 4 1 6 0 2 7 3 5 9 8 4 1 6 0 2 7 3 5 9 8 4 1 6 0 2 7 3 5 9 8 4 1 6 0 2 7 9 5 9 8 4 1 6 0 2
8 7 48 28 38 8 58 53 56 18 50 0 20 40 10 60 30
8 7 48 28 38 8 58 53 56 18 62 12 22 2 32 42 52
8 6 48 28 38 8 58 53 56 18 45 5 25 35 55 15
8 6 48 28 38 8 58 53 56 18 29 39 19 49 9 59
6 7 13 33 23 3 43 63 17 57 37 7 16 27 47
6 7 13 33 23 3 43 63 14 4 24 34 64 44 54
6 7 13 33 23 3 43 63 41 21 1 11 31 61 51
#c 4 1 6 0 2 7 3 5 8 9 4 1 6 0 2 7 5 5 8 9 4 1 6 0 2 7 3 5 8 9 4 1 6 0 2 7 3 5 8 9 4 1 6 0 2 7 3 5 8 9 4 1 6 8 2 7 8 5 8 9 4 1 6 0 2
7 7 29 39 19 49 9 59 43 50 0 20 40 10 60 30
7 7 29 39 19 49 9 59 43 62 12 22 2 32 42 52
7 6 29 39 19 49 9 59 43 45 5 25 35 55 15
7 8 29 39 19 49 9 59 43 48 28 38 8 58 53 56 18
5 7 13 33 23 3 63 17 57 37 7 16 27 47
5 7 13 33 23 3 63 14 4 24 34 64 44 54
5 7 13 33 23 3 63 41 21 1 11 31 61 51
#c 4 0 6 1 2 7 3 5 9 8 4 0 6 1 2 7 5 5 9 8 4 0 6 1 2 7 3 5 9 8 4 0 6 1 2 7 3 5 9 8 4 0 6 8 2 7 3 5 9 8 4 0 6 9 2 7 9 5 9 8 4 0 6 1 2
9 7 48 28 38 8 58 53 1 56 18 50 0 20 40 10 60 30
9 7 48 28 38 8 58 53 1 56 18 62 12 22 2 32 42 52
9 6 48 28 38 8 58 53 1 56 18 45 5 25 35 55 15
9 7 48 28 38 8 58 53 1 56 18 29 39 19 49 9 59 43
6 7 41 21 11 31 61 51 17 57 37 7 16 27 47
6 7 41 21 11 31 61 51 14 4 24 34 64 44 54
6 5 41 21 11 31 61 51 13 33 23 3 63
#c 4 9 6 0 2 7 3 5 9 8 4 1 6 0 2 7 5 5 9 8 4 1 6 0 2 7 3 5 9 8 4 1 6 0 2 7 3 5 9 8 4 1 6 8 2 7 3 5 9 8 4 1 6 9 2 7 9 5 9 8 4 1 6 0 2
10 7 48 28 38 8 58 53 1 23 56 18 50 0 20 40 10 60 30
10 7 48 28 38 8 58 53 1 23 56 18 14 4 24 34 64 44 54
10 4 48 28 38 8 58 53 1 23 56 18 46 26 36 6
4 7 13 33 3 63 50 0 20 40 10 60 30
4 7 13 33 3 63 62 12 22 2 32 42 52
4 7 13 33 3 63 17 57 37 7 16 27 47
#c 4 3 7 6 1 8 2 5 3 9 4 0 7 6 1 8 5 5 3 9 4 0 7 3 1 8 2 5 3 9 4 0 7 6 1 8 2 5 3 9 4 0 7 9 1 8 2 5 3 9 4 0 7 3 1 8 3 5 3 9 4 0 7 6 1
8 7 19 49 29 39 43 59 9 41 50 0 20 40 10 60 30
8 4 19 49 29 39 43 59 9 41 13 33 3 63
8 7 19 49 29 39 43 59 9 41 62 12 22 2 32 42 52
8 6 19 49 29 39 43 59 9 41 45 5 25 35 55 15
5 7 21 11 31 61 51 17 57 37 7 16 27 47
5 4 21 11 31 61 51 46 26 36 6
5 10 21 11 31 61 51 48 28 38 8 58 53 1 23 56 18
#c 4 3 7 6 0 8 1 5 3 9 4 2 7 6 0 8 5 5 3 9 4 2 7 3 0 8 1 5 3 9 4 2 7 6 0 8 1 5 3 9 4 9 7 9 0 8 1 5 3 9 4 2 7 3 0 8 3 5 3 9 4 2 7 6 0
9 7 19 49 24 29 39 43 59 9 41 50 0 20 40 10 60 30
9 5 19 49 24 29 39 43 59 9 41 21 11 31 61 51
9 10 19 49 24 29 39 43 59 9 41 48 28 38 8 58 53 1 23 56 18
6 7 14 4 34 64 44 54 50 0 20 40 10 60 30
6 5 14 4 34 64 44 54 21 11 31 61 51
6 10 14 4 34 64 44 54 48 28 38 8 58 53 1 23 56 18
6 9 14 4 34 64 44 54 19 49 24 29 39 43 59 9 41
#c 5 2 8 7 3 9 0 6 2 4 5 1 8 7 3 9 6 6 2 4 5 1 8 2 4 9 0 6 2 4 5 1 8 7 3 9 0 6 2 4 5 4 8 4 3 9 0 6 2 4 5 1 8 2 3 9 2 6 2 4 5 1 8 7 3
7 9 45 5 25 35 55 15 6 19 49 24 29 39 43 59 9 41
7 7 45 5 25 35 55 15 6 17 57 37 7 16 27 47
7 4 45 5 25 35 55 15 6 13 33 3 63
7 7 45 5 25 35 55 15 6 62 12 22 2 32 42 52
3 7 46 26 36 50 0 20 40 10 60 30
3 10 46 26 36 48 28 38 8 58 53 1 23 56 18
3 5 46 26 36 21 11 31 61 51
#c 5 2 8 7 3 9 9 6 2 4 5 0 8 7 3 9 6 6 2 4 5 0 8 2 4 9 1 6 2 4 5 0 8 7 3 9 1 6 2 4 5 4 8 4 3 9 1 6 2 4 5 0 8 2 3 9 2 6 2 4 5 0 8 7 3
8 9 45 5 25 35 11 6 55 15 19 49 24 29 39 43 59 9 41
8 10 45 5 25 35 11 6 55 15 48 28 38 8 58 53 1 23 56 18
8 3 45 5 25 35 11 6 55 15 46 26 36
4 9 21 31 61 51 19 49 24 29 39 43 59 9 41
4 7 21 31 61 51 17 57 37 7 16 27 47
4 4 21 31 61 51 13 33 3 63
4 7 21 31 61 51 62 12 22 2 32 42 52
#c 5 2 8 7 3 0 0 6 2 4 5 0 8 7 3 0 6 6 2 4 5 9 8 2 4 0 1 6 2 4 5 9 8 7 3 0 1 6 2 4 5 4 8 4 3 0 1 6 2 4 5 9 8 2 3 0 2 6 2 4 5 9 8 7 3
5 9 21 35 31 61 51 19 49 24 29 39 43 59 9 41
5 7 21 35 31 61 51 17 57 37 7 16 27 47
5 4 21 35 31 61 51 13 33 3 63
5 7 21 35 31 61 51 62 12 22 2 32 42 52
7 7 45 5 25 11 6 55 15 50 0 20 40 10 60 30
7 10 45 5 25 11 6 55 15 48 28 38 8 58 53 1 23 56 18
7 3 45 5 25 11 6 55 15 46 26 36
#c 5 2 8 7 3 0 0 6 2 4 5 0 8 7 3 0 6 6 2 4 5 9 8 2 4 0 1 6 2 4 5 9 8 7 3 9 1 6 2 4 5 4 8 4 3 0 1 6 2 4 5 9 8 2 3 0 2 6 2 4 5 9 8 7 3
6 9 21 35 25 31 61 51 19 49 24 29 39 43 59 9 41
6 7 21 35 25 31 61 51 17 57 37 7 16 27 47
6 4 21 35 25 31 61 51 13 33 3 63
6 7 45 5 11 6 55 15 50 0 20 40 10 60 30
6 10 45 5 11 6 55 15 48 28 38 8 58 53 1 23 56 18
6 3 45 5 11 6 55 15 46 26 36
#c 5 2 9 8 3 1 1 6 2 4 5 1 9 8 3 1 6 6 2 4 5 7 9 2 4 7 0 6 2 4 5 7 9 8 3 7 0 6 2 4 5 4 9 4 3 1 0 6 2 4 5 7 9 2 3 1 2 6 2 4 5 7 9 8 3
8 9 62 12 22 2 26 32 42 52 19 49 24 29 39 43 59 9 41
8 10 62 12 22 2 26 32 42 52 48 28 38 8 58 53 1 23 56 18
8 6 62 12 22 2 26 32 42 52 14 4 34 64 44 54
2 9 46 36 19 49 24 29 39 43 59 9 41
2 10 46 36 48 28 38 8 58 53 1 23 56 18
2 6 46 36 14 4 34 64 44 54
#c 6 1 4 9 3 0 0 7 1 5 6 0 4 9 3 0 7 7 1 5 6 8 4 1 5 8 4 7 1 5 6 8 4 9 3 8 2 7 1 5 6 5 4 5 3 0 2 7 1 5 6 8 4 1 3 0 1 7 1 5 6 8 4 9 3
5 8 45 13 33 3 63 62 12 22 2 26 32 42 52
5 2 45 13 33 3 63 46 36
5 10 45 13 33 3 63 48 28 38 8 58 53 1 23 56 18
5 8 5 11 6 55 15 62 12 22 2 26 32 42 52
5 7 5 11 6 55 15 50 0 20 40 10 60 30
5 7 5 11 6 55 15 17 57 37 7 16 27 47
5 6 5 11 6 55 15 21 35 25 31 61 51
#c 6 1 4 0 3 9 9 7 1 5 6 9 4 0 3 9 7 7 1 5 6 8 4 1 5 8 4 7 1 5 6 8 4 0 3 8 2 7 1 5 6 5 4 5 3 0 2 7 1 5 6 8 4 1 3 9 1 7 1 5 6 8 4 0 3
6 8 5 3 11 6 55 15 62 12 22 2 26 32 42 52
6 2 5 3 11 6 55 15 46 36
6 10 5 3 11 6 55 15 48 28 38 8 58 53 1 23 56 18
4 8 45 13 33 63 62 12 22 2 26 32 42 52
4 7 45 13 33 63 50 0 20 40 10 60 30
4 7 45 13 33 63 17 57 37 7 16 27 47
4 6 45 13 33 63 21 35 25 31 61 51
#c 6 1 4 0 3 0 0 7 1 5 6 0 4 9 3 0 7 7 1 5 6 8 4 1 5 8 4 7 1 5 6 8 4 9 3 8 2 7 1 5 6 5 4 5 3 9 2 7 1 5 6 8 4 1 3 0 1 7 1 5 6 8 4 9 3
5 8 45 13 33 5 63 62 12 22 2 26 32 42 52
5 7 45 13 33 5 63 50 0 20 40 10 60 30
5 7 45 13 33 5 63 17 57 37 7 16 27 47
5 6 45 13 33 5 63 21 35 25 31 61 51
5 9 3 11 6 55 15 19 49 24 29 39 43 59 9 41
5 2 3 11 6 55 15 46 36
5 10 3 11 6 55 15 48 28 38 8 58 53 1 23 56 18
#c 6 1 4 0 3 9 0 7 1 5 6 0 4 9 3 0 7 7 1 5 6 8 4 1 5 8 4 7 1 5 6 8 4 9 3 8 2 7 1 5 6 5 4 5 3 9 2 7 1 5 6 8 4 1 3 0 1 7 1 5 6 8 4 9 3
6 8 45 13 33 5 3 63 62 12 22 2 26 32 42 52
6 2 45 13 33 5 3 63 46 36
6 10 45 13 33 5 3 63 48 28 38 8 58 53 1 23 56 18
4 8 11 6 55 15 62 12 22 2 26 32 42 52
4 7 11 6 55 15 50 0 20 40 10 60 30
4 7 11 6 55 15 17 57 37 7 16 27 47
4 6 11 6 55 15 21 35 25 31 61 51
#c 6 1 4 0 3 0 9 7 1 5 6 9 4 0 3 9 7 7 1 5 6 8 4 1 5 8 4 7 1 5 6 8 4 0 3 8 2 7 1 5 6 5 4 5 3 0 2 7 1 5 6 8 4 1 3 9 1 7 1 5 6 8 4 0 3
5 8 11 6 63 55 15 62 12 22 2 26 32 42 52
5 7 11 6 63 55 15 50 0 20 40 10 60 30
5 7 11 6 63 55 15 17 57 37 7 16 27 47
5 6 11 6 63 55 15 21 35 25 31 61 51
5 9 45 13 33 5 3 19 49 24 29 39 43 59 9 41
5 2 45 13 33 5 3 46 36
5 10 45 13 33 5 3 48 28 38 8 58 53 1 23 56 18
#c 6 1 4 0 3 0 9 7 1 5 6 9 4 0 3 9 7 7 1 5 6 8 4 1 5 8 4 7 1 5 6 8 4 0 3 8 2 7 1 5 6 5 4 5 3 0 2 7 1 5 6 8 4 1 3 9 1 7 1 5 6 8 4 9 3
6 8 45 11 6 63 55 15 62 12 22 2 26 32 42 52
6 2 45 11 6 63 55 15 46 36
6 10 45 11 6 63 55 15 48 28 38 8 58 53 1 23 56 18
4 8 13 33 5 3 62 12 22 2 26 32 42 52
4 7 13 33 5 3 50 0 20 40 10 60 30
4 7 13 33 5 3 17 57 37 7 16 27 47
4 6 13 33 5 3 21 35 25 31 61 51
#c 6 1 4 9 3 9 0 7 1 5 6 0 4 9 3 0 7 7 1 5 6 8 4 1 5 8 4 7 1 5 6 8 4 9 3 8 2 7 1 5 6 5 4 5 3 0 2 7 1 5 6 8 4 1 3 0 1 7 1 5 6 8 4 0 3
5 8 13 33 5 3 55 62 12 22 2 26 32 42 52
5 7 13 33 5 3 55 50 0 20 40 10 60 30
5 7 13 33 5 3 55 17 57 37 7 16 27 47
5 6 13 33 5 3 55 21 35 25 31 61 51
5 9 45 11 6 63 15 19 49 24 29 39 43 59 9 41
5 2 45 11 6 63 15 46 36
5 10 45 11 6 63 15 48 28 38 8 58 53 1 23 56 18
#c 6 1 4 8 3 8 0 7 1 5 6 0 4 8 3 0 7 7 1 5 6 9 4 1 5 9 4 7 1 5 6 9 4 8 3 9 2 7 1 5 6 5 4 5 3 0 2 7 1 5 6 9 4 1 3 8 1 7 1 5 6 9 4 0 3
7 8 45 21 35 25 31 61 51 62 12 22 2 26 32 42 52
7 2 45 21 35 25 31 61 51 46 36
7 10 45 21 35 25 31 61 51 48 28 38 8 58 53 1 23 56 18
4 8 11 6 63 15 62 12 22 2 26 32 42 52
4 7 11 6 63 15 50 0 20 40 10 60 30
4 7 11 6 63 15 17 57 37 7 16 27 47
4 5 11 6 63 15 13 33 5 3 55
#c 6 1 4 8 3 8 9 7 1 5 6 9 4 8 3 9 7 7 1 5 6 0 4 1 5 0 4 7 1 5 6 0 4 8 3 0 2 7 1 5 6 5 4 5 3 0 2 7 1 5 6 0 4 1 3 8 1 7 1 5 6 0 4 9 3
5 8 25 11 6 63 15 62 12 22 2 26 32 42 52
5 2 25 11 6 63 15 46 36
5 10 25 11 6 63 15 48 28 38 8 58 53 1 23 56 18
6 8 45 21 35 31 61 51 62 12 22 2 26 32 42 52
6 7 45 21 35 31 61 51 50 0 20 40 10 60 30
6 9 45 21 35 31 61 51 19 49 24 29 39 43 59 9 41
#c 7 0 4 9 3 9 1 8 0 5 7 1 4 9 3 1 8 8 0 5 7 6 4 0 5 1 4 8 0 5 7 6 4 9 3 6 2 8 0 5 7 5 4 5 3 6 2 8 0 5 7 6 4 0 3 9 0 8 0 5 7 6 4 1 3
6 8 13 33 5 3 55 28 62 12 22 2 26 32 42 52
6 6 13 33 5 3 55 28 45 21 35 31 61 51
6 9 13 33 5 3 55 28 19 49 24 29 39 43 59 9 41
9 9 48 38 8 58 53 1 23 56 18 19 49 24 29 39 43 59 9 41
9 2 48 38 8 58 53 1 23 56 18 46 36
9 6 48 38 8 58 53 1 23 56 18 14 4 34 64 44 54
#c 8 2 4 6 3 6 0 9 2 5 8 0 4 6 3 0 9 9 2 5 8 7 4 2 5 0 4 9 6 5 8 7 4 6 3 7 1 9 2 5 8 5 4 5 3 7 1 9 2 5 8 7 4 2 3 6 2 9 2 5 8 7 4 0 3
8 8 17 25 37 27 57 7 16 47 62 12 22 2 26 32 42 52
8 9 17 25 37 27 57 7 16 47 48 38 8 58 53 1 23 56 18
8 2 17 25 37 27 57 7 16 47 46 36
4 8 11 6 63 15 62 12 22 2 26 32 42 52
4 6 11 6 63 15 13 33 5 3 55 28
4 6 11 6 63 15 45 21 35 31 61 51
4 7 11 6 63 15 50 0 20 40 10 60 30
#c 8 2 4 6 3 6 9 0 2 5 8 9 4 6 3 9 0 0 2 5 8 7 4 2 5 0 4 0 6 5 8 7 4 6 3 7 1 0 2 5 8 5 4 5 3 7 1 0 2 5 8 7 4 2 3 6 2 0 2 5 8 7 4 9 3
5 8 11 6 27 63 15 62 12 22 2 26 32 42 52
5 6 11 6 27 63 15 13 33 5 3 55 28
5 6 11 6 27 63 15 45 21 35 31 61 51
5 7 11 6 27 63 15 50 0 20 40 10 60 30
7 9 17 25 37 57 7 16 47 19 49 24 29 39 43 59 9 41
7 9 17 25 37 57 7 16 47 48 38 8 58 53 1 23 56 18
7 2 17 25 37 57 7 16 47 46 36
#c 8 2 4 6 3 6 9 0 2 5 8 9 4 6 3 9 0 0 2 5 8 7 4 2 5 0 4 9 6 5 8 7 4 6 3 7 1 0 2 5 8 5 4 5 3 7 1 0 2 5 8 7 4 2 3 6 2 0 2 5 8 7 4 9 3
6 8 25 11 6 27 63 15 62 12 22 2 26 32 42 52
6 9 25 11 6 27 63 15 48 38 8 58 53 1 23 56 18
6 2 25 11 6 27 63 15 46 36
6 8 17 37 57 7 16 47 62 12 22 2 26 32 42 52
6 6 17 37 57 7 16 47 13 33 5 3 55 28
6 6 17 37 57 7 16 47 45 21 35 31 61 51
6 7 17 37 57 7 16 47 50 0 20 40 10 60 30
#c 8 2 4 6 3 6 0 9 2 5 8 0 4 6 3 0 9 9 2 5 8 7 4 2 5 0 4 0 6 5 8 7 4 6 3 7 1 9 2 5 8 5 4 5 3 7 1 9 2 5 8 7 4 2 3 6 2 9 2 5 8 7 4 0 3
7 8 17 25 37 57 7 16 47 62 12 22 2 26 32 42 52
7 9 17 25 37 57 7 16 47 48 38 8 58 53 1 23 56 18
7 2 17 25 37 57 7 16 47 46 36
5 8 11 6 27 63 15 62 12 22 2 26 32 42 52
5 6 11 6 27 63 15 13 33 5 3 55 28
5 6 11 6 27 63 15 45 21 35 31 61 51
5 7 11 6 27 63 15 50 0 20 40 10 60 30
#c 8 2 4 6 3 6 9 0 2 5 8 9 4 6 3 9 0 0 2 5 8 7 4 2 5 0 4 9 6 5 8 7 4 6 3 7 1 0 2 5 8 5 4 5 3 7 1 0 2 5 8 7 4 2 3 6 2 0 2 5 8 7 4 9 3
6 8 25 11 6 27 63 15 62 12 22 2 26 32 42 52
6 9 25 11 6 27 63 15 48 38 8 58 53 1 23 56 18
6 2 25 11 6 27 63 15 46 36
6 8 17 37 57 7 16 47 62 12 22 2 26 32 42 52
6 6 17 37 57 7 16 47 13 33 5 3 55 28
6 6 17 37 57 7 16 47 45 21 35 31 61 51
6 7 17 37 57 7 16 47 50 0 20 40 10 60 30
#c 8 2 4 6 3 6 0 9 2 5 8 0 4 6 3 0 9 9 2 5 8 7 4 2 5 0 4 0 6 5 8 7 4 6 3 7 1 9 2 5 8 5 4 5 3 7 1 9 2 5 8 7 4 2 3 6 2 9 2 5 8 7 4 0 3
7 8 17 25 37 57 7 16 47 62 12 22 2 26 32 42 52
7 9 17 25 37 57 7 16 47 48 38 8 58 53 1 23 56 18
7 2 17 25 37 57 7 16 47 46 36
5 8 11 6 27 63 15 62 12 22 2 26 32 42 52
5 6 11 6 27 63 15 13 33 5 3 55 28
5 6 11 6 27 63 15 45 21 35 31 61 51
5 7 11 6 27 63 15 50 0 20 40 10 60 30
#c 8 2 4 6 3 6 9 0 2 5 8 9 4 6 3 9 0 0 2 5 8 7 4 2 5 0 4 9 6 5 8 7 4 6 3 7 1 0 2 5 8 5 4 5 3 7 1 0 2 5 8 7 4 2 3 6 2 0 2 5 8 7 4 9 3
6 8 25 11 6 27 63 15 62 12 22 2 26 32 42 52
6 9 25 11 6 27 63 15 48 38 8 58 53 1 23 56 18
6 2 25 11 6 27 63 15 46 36
6 8 17 37 57 7 16 47 62 12 22 2 26 32 42 52
6 6 17 37 57 7 16 47 13 33 5 3 55 28
6 6 17 37 57 7 16 47 45 21 35 31 61 51
6 7 17 37 57 7 16 47 50 0 20 40 10 60 30
#c 8 2 4 6 3 6 0 9 2 5 8 0 4 6 3 0 9 9 2 5 8 7 4 2 5 0 4 0 6 5 8 7 4 6 3 7 1 9 2 5 8 5 4 5 3 7 1 9 2 5 8 7 4 2 3 6 2 9 2 5 8 7 4 0 3
7 8 17 25 37 57 7 16 47 62 12 22 2 26 32 42 52
7 9 17 25 37 57 7 16 47 48 38 8 58 53 1 23 56 18
7 2 17 25 37 57 7 16 47 46 36
5 8 11 6 27 63 15 62 12 22 2 26 32 42 52
5 6 11 6 27 63 15 13 33 5 3 55 28
5 6 11 6 27 63 15 45 21 35 31 61 51
5 7 11 6 27 63 15 50 0 20 40 10 60 30
#c 8 2 4 6 3 6 9 0 2 5 8 9 4 6 3 9 0 0 2 5 8 7 4 2 5 0 4 9 6 5 8 7 4 6 3 7 1 0 2 5 8 5 4 5 3 7 1 0 2 5 8 7 4 2 3 6 2 0 2 5 8 7 4 9 3
6 8 25 11 6 27 63 15 62 12 22 2 26 32 42 52
6 9 25 11 6 27 63 15 48 38 8 58 53 1 23 56 18
6 2 25 11 6 27 63 15 46 36
6 8 17 37 57 7 16 47 62 12 22 2 26 32 42 52
6 6 17 37 57 7 16 47 13 33 5 3 55 28
6 6 17 37 57 7 16 47 45 21 35 31 61 51
6 7 17 37 57 7 16 47 50 0 20 40 10 60 30
#c 8 2 4 6 3 6 0 9 2 5 8 0 4 6 3 0 9 9 2 5 8 7 4 2 5 0 4 0 6 5 8 7 4 6 3 7 1 9 2 5 8 5 4 5 3 7 1 9 2 5 8 7 4 2 3 6 2 9 2 5 8 7 4 0 3
7 8 17 25 37 57 7 16 47 62 12 22 2 26 32 42 52
7 9 17 25 37 57 7 16 47 48 38 8 58 53 1 23 56 18
7 2 17 25 37 57 7 16 47 46 36
5 8 11 6 27 63 15 62 12 22 2 26 32 42 52
5 6 11 6 27 63 15 13 33 5 3 55 28
5 6 11 6 27 63 15 45 21 35 31 61 51
5 7 11 6 27 63 15 50 0 20 40 10 60 30
#c 8 2 4 6 3 6 9 0 2 5 8 9 4 6 3 9 0 0 2 5 8 7 4 2 5 0 4 9 6 5 8 7 4 6 3 7 1 0 2 5 8 5 4 5 3 7 1 0 2 5 8 7 4 2 3 6 2 0 2 5 8 7 4 9 3
6 8 25 11 6 27 63 15 62 12 22 2 26 32 42 52
6 9 25 11 6 27 63 15 48 38 8 58 53 1 23 56 18
6 2 25 11 6 27 63 15 46 36
6 8 17 37 57 7 16 47 62 12 22 2 26 32 42 52
6 6 17 37 57 7 16 47 13 33 5 3 55 28
6 6 17 37 57 7 16 47 45 21 35 31 61 51
6 7 17 37 57 7 16 47 50 0 20 40 10 60 30
#c 8 2 4 6 3 6 0 9 2 5 8 0 4 6 3 0 9 9 2 5 8 7 4 2 5 0 4 0 6 5 8 7 4 6 3 7 1 9 2 5 8 5 4 5 3 7 1 9 2 5 8 7 4 2 3 6 2 9 2 5 8 7 4 0 3
7 8 17 25 37 57 7 16 47 62 12 22 2 26 32 42 52
7 9 17 25 37 57 7 16 47 48 38 8 58 53 1 23 56 18
7 2 17 25 37 57 7 16 47 46 36
5 8 11 6 27 63 15 62 12 22 2 26 32 42 52
5 6 11 6 27 63 15 13 33 5 3 55 28
5 6 11 6 27 63 15 45 21 35 31 61 51
5 7 11 6 27 63 15 50 0 20 40 10 60 30
#c 8 2 4 6 3 6 9 0 2 5 8 9 4 6 3 9 0 0 2 5 8 7 4 2 5 0 4 9 6 5 8 7 4 6 3 7 1 0 2 5 8 5 4 5 3 7 1 0 2 5 8 7 4 2 3 6 2 0 2 5 8 7 4 9 3
6 8 25 11 6 27 63 15 62 12 22 2 26 32 42 52
6 9 25 11 6 27 63 15 48 38 8 58 53 1 23 56 18
6 2 25 11 6 27 63 15 46 36
6 8 17 37 57 7 16 47 62 12 22 2 26 32 42 52
6 6 17 37 57 7 16 47 13 33 5 3 55 28
6 6 17 37 57 7 16 47 45 21 35 31 61 51
6 7 17 37 57 7 16 47 50 0 20 40 10 60 30
#c 8 2 4 6 3 6 0 9 2 5 8 0 4 6 3 0 9 9 2 5 8 7 4 2 5 0 4 0 6 5 8 7 4 6 3 7 1 9 2 5 8 5 4 5 3 7 1 9 2 5 8 7 4 2 3 6 2 9 2 5 8 7 4 0 3
7 8 17 25 37 57 7 16 47 62 12 22 2 26 32 42 52
7 9 17 25 37 57 7 16 47 48 38 8 58 53 1 23 56 18
7 2 17 25 37 57 7 16 47 46 36
5 8 11 6 27 63 15 62 12 22 2 26 32 42 52
5 6 11 6 27 63 15 13 33 5 3 55 28
5 6 11 6 27 63 15 45 21 35 31 61 51
5 7 11 6 27 63 15 50 0 20 40 10 60 30
#c 8 2 4 6 3 6 9 0 2 5 8 9 4 6 3 9 0 0 2 5 8 7 4 2 5 0 4 9 6 5 8 7 4 6 3 7 1 0 2 5 8 5 4 5 3 7 1 0 2 5 8 7 4 2 3 6 2 0 2 5 8 7 4 9 3
6 8 25 11 6 27 63 15 62 12 22 2 26 32 42 52
6 9 25 11 6 27 63 15 48 38 8 58 53 1 23 56 18
6 2 25 11 6 27 63 15 46 36
6 8 17 37 57 7 16 47 62 12 22 2 26 32 42 52
6 6 17 37 57 7 16 47 13 33 5 3 55 28
6 6 17 37 57 7 16 47 45 21 35 31 61 51
6 7 17 37 57 7 16 47 50 0 20 40 10 60 30
#c 8 2 4 6 3 6 0 9 2 5 8 0 4 6 3 0 9 9 2 5 8 7 4 2 5 0 4 0 6 5 8 7 4 6 3 7 1 9 2 5 8 5 4 5 3 7 1 9 2 5 8 7 4 2 3 6 2 9 2 5 8 7 4 0 3
7 8 17 25 37 57 7 16 47 62 12 22 2 26 32 42 52
7 9 17 25 37 57 7 16 47 48 38 8 58 53 1 23 56 18
7 2 17 25 37 57 7 16 47 46 36
5 8 11 6 27 63 15 62 12 22 2 26 32 42 52
5 6 11 6 27 63 15 13 33 5 3 55 28
5 6 11 6 27 63 15 45 21 35 31 61 51
5 7 11 6 27 63 15 50 0 20 40 10 60 30
#c 8 2 4 6 3 6 9 0 2 5 8 9 4 6 3 9 0 0 2 5 8 7 4 2 5 0 4 9 6 5 8 7 4 6 3 7 1 0 2 5 8 5 4 5 3 7 1 0 2 5 8 7 4 2 3 6 2 0 2 5 8 7 4 9 3
6 8 25 11 6 27 63 15 62 12 22 2 26 32 42 52
6 9 25 11 6 27 63 15 48 38 8 58 53 1 23 56 18
6 2 25 11 6 27 63 15 46 36
6 8 17 37 57 7 16 47 62 12 22 2 26 32 42 52
6 6 17 37 57 7 16 47 13 33 5 3 55 28
6 6 17 37 57 7 16 47 45 21 35 31 61 51
6 7 17 37 57 7 16 47 50 0 20 40 10 60 30
#c 8 2 4 6 3 6 0 9 2 5 8 0 4 6 3 0 9 9 2 5 8 7 4 2 5 0 4 0 6 5 8 7 4 6 3 7 1 9 2 5 8 5 4 5 3 7 1 9 2 5 8 7 4 2 3 6 2 9 2 5 8 7 4 0 3
7 8 17 25 37 57 7 16 47 62 12 22 2 26 32 42 52
7 9 17 25 37 57 7 16 47 48 38 8 58 53 1 23 56 18
7 2 17 25 37 57 7 16 47 46 36
5 8 11 6 27 63 15 62 12 22 2 26 32 42 52
5 6 11 6 27 63 15 13 33 5 3 55 28
5 6 11 6 27 63 15 45 21 35 31 61 51
5 7 11 6 27 63 15 50 0 20 40 10 60 30
#c 8 2 4 6 3 6 9 0 2 5 8 9 4 6 3 9 0 0 2 5 8 7 4 2 5 0 4 9 6 5 8 7 4 6 3 7 1 0 2 5 8 5 4 5 3 7 1 0 2 5 8 7 4 2 3 6 2 0 2 5 8 7 4 9 3
6 8 25 11 6 27 63 15 62 12 22 2 26 32 42 52
6 9 25 11 6 27 63 15 48 38 8 58 53 1 23 56 18
6 2 25 11 6 27 63 15 46 36
6 8 17 37 57 7 16 47 62 12 22 2 26 32 42 52
6 6 17 37 57 7 16 47 13 33 5 3 55 28
6 6 17 37 57 7 16 47 45 21 35 31 61 51
6 7 17 37 57 7 16 47 50 0 20 40 10 60 30
#c 8 2 4 6 3 6 0 9 2 5 8 0 4 6 3 0 9 9 2 5 8 7 4 2 5 0 4 0 6 5 8 7 4 6 3 7 1 9 2 5 8 5 4 5 3 7 1 9 2 5 8 7 4 2 3 6 2 9 2 5 8 7 4 0 3
7 8 17 25 37 57 7 16 47 62 12 22 2 26 32 42 52
7 9 17 25 37 57 7 16 47 48 38 8 58 53 1 23 56 18
7 2 17 25 37 57 7 16 47 46 36
5 8 11 6 27 63 15 62 12 22 2 26 32 42 52
5 6 11 6 27 63 15 13 33 5 3 55 28
5 6 11 6 27 63 15 45 21 35 31 61 51
5 7 11 6 27 63 15 50 0 20 40 10 60 30
#c 8 2 4 6 3 6 9 0 2 5 8 9 4 6 3 9 0 0 2 5 8 7 4 2 5 0 4 9 6 5 8 7 4 6 3 7 1 0 2 5 8 5 4 5 3 7 1 0 2 5 8 7 4 2 3 6 2 0 2 5 8 7 4 9 3
6 8 25 11 6 27 63 15 62 12 22 2 26 32 42 52
6 9 25 11 6 27 63 15 48 38 8 58 53 1 23 56 18
6 2 25 11 6 27 63 15 46 36
6 8 17 37 57 7 16 47 62 12 22 2 26 32 42 52
6 6 17 37 57 7 16 47 13 33 5 3 55 28
6 6 17 37 57 7 16 47 45 21 35 31 61 51
6 7 17 37 57 7 16 47 50 0 20 40 10 60 30
#c 8 2 4 6 3 6 0 9 2 5 8 0 4 6 3 0 9 9 2 5 8 7 4 2 5 0 4 0 6 5 8 7 4 6 3 7 1 9 2 5 8 5 4 5 3 7 1 9 2 5 8 7 4 2 3 6 2 9 2 5 8 7 4 0 3
7 8 17 25 37 57 7 16 47 62 12 22 2 26 32 42 52
7 9 17 25 37 57 7 16 47 48 38 8 58 53 1 23 56 18
7 2 17 25 37 57 7 16 47 46 36
5 8 11 6 27 63 15 62 12 22 2 26 32 42 52
5 6 11 6 27 63 15 13 33 5 3 55 28
5 6 11 6 27 63 15 45 21 35 31 61 51
5 7 11 6 27 63 15 50 0 20 40 10 60 30
#c 8 2 4 6 3 6 9 0 2 5 8 9 4 6 3 9 0 0 2 5 8 7 4 2 5 0 4 9 6 5 8 7 4 6 3 7 1 0 2 5 8 5 4 5 3 7 1 0 2 5 8 7 4 2 3 6 2 0 2 5 8 7 4 9 3
6 8 25 11 6 27 63 15 62 12 22 2 26 32 42 52
6 9 25 11 6 27 63 15 48 38 8 58 53 1 23 56 18
6 2 25 11 6 27 63 15 46 36
6 8 17 37 57 7 16 47 62 12 22 2 26 32 42 52
6 6 17 37 57 7 16 47 13 33 5 3 55 28
6 6 17 37 57 7 16 47 45 21 35 31 61 51
6 7 17 37 57 7 16 47 50 0 20 40 10 60 30
#c 8 2 4 6 3 6 0 9 2 5 8 0 4 6 3 0 9 9 2 5 8 7 4 2 5 0 4 0 6 5 8 7 4 6 3 7 1 9 2 5 8 5 4 5 3 7 1 9 2 5 8 7 4 2 3 6 2 9 2 5 8 7 4 0 3
7 8 17 25 37 57 7 16 47 62 12 22 2 26 32 42 52
7 9 17 25 37 57 7 16 47 48 38 8 58 53 1 23 56 18
7 2 17 25 37 57 7 16 47 46 36
5 8 11 6 27 63 15 62 12 22 2 26 32 42 52
5 6 11 6 27 63 15 13 33 5 3 55 28
5 6 11 6 27 63 15 45 21 35 31 61 51
5 7 11 6 27 63 15 50 0 20 40 10 60 30
#c 8 2 4 6 3 6 9 0 2 5 8 9 4 6 3 9 0 0 2 5 8 7 4 2 5 0 4 9 6 5 8 7 4 6 3 7 1 0 2 5 8 5 4 5 3 7 1 0 2 5 8 7 4 2 3 6 2 0 2 5 8 7 4 9 3
6 8 25 11 6 27 63 15 62 12 22 2 26 32 42 52
6 9 25 11 6 27 63 15 48 38 8 58 53 1 23 56 18
6 2 25 11 6 27 63 15 46 36
6 8 17 37 57 7 16 47 62 12 22 2 26 32 42 52
6 6 17 37 57 7 16 47 13 33 5 3 55 28
6 6 17 37 57 7 16 47 45 21 35 31 61 51
6 7 17 37 57 7 16 47 50 0 20 40 10 60 30
#c 8 2 4 6 3 6 0 9 2 5 8 0 4 6 3 0 9 9 2 5 8 7 4 2 5 0 4 0 6 5 8 7 4 6 3 7 1 9 2 5 8 5 4 5 3 7 1 9 2 5 8 7 4 2 3 6 2 9 2 5 8 7 4 0 3
7 8 17 25 37 57 7 16 47 62 12 22 2 26 32 42 52
7 9 17 25 37 57 7 16 47 48 38 8 58 53 1 23 56 18
7 2 17 25 37 57 7 16 47 46 36
5 8 11 6 27 63 15 62 12 22 2 26 32 42 52
5 6 11 6 27 63 15 13 33 5 3 55 28
5 6 11 6 27 63 15 45 21 35 31 61 51
5 7 11 6 27 63 15 50 0 20 40 10 60 30
#c 8 2 4 6 3 6 9 0 2 5 8 9 4 6 3 9 0 0 2 5 8 7 4 2 5 0 4 9 6 5 8 7 4 6 3 7 1 0 2 5 8 5 4 5 3 7 1 0 2 5 8 7 4 2 3 6 2 0 2 5 8 7 4 9 3
6 8 25 11 6 27 63 15 62 12 22 2 26 32 42 52
6 9 25 11 6 27 63 15 48 38 8 58 53 1 23 56 18
6 2 25 11 6 27 63 15 46 36
6 8 17 37 57 7 16 47 62 12 22 2 26 32 42 52
6 6 17 37 57 7 16 47 13 33 5 3 55 28
6 6 17 37 57 7 16 47 45 21 35 31 61 51
6 7 17 37 57 7 16 47 50 0 20 40 10 60 30
#c 8 2 4 6 3 6 0 9 2 5 8 0 4 6 3 0 9 9 2 5 8 7 4 2 5 0 4 0 6 5 8 7 4 6 3 7 1 9 2 5 8 5 4 5 3 7 1 9 2 5 8 7 4 2 3 6 2 9 2 5 8 7 4 0 3
7 8 17 25 37 57 7 16 47 62 12 22 2 26 32 42 52
7 9 17 25 37 57 7 16 47 48 38 8 58 53 1 23 56 18
7 2 17 25 37 57 7 16 47 46 36
5 8 11 6 27 63 15 62 12 22 2 26 32 42 52
5 6 11 6 27 63 15 13 33 5 3 55 28
5 6 11 6 27 63 15 45 21 35 31 61 51
5 7 11 6 27 63 15 50 0 20 40 10 60 30
#c 8 2 4 6 3 6 9 0 2 5 8 9 4 6 3 9 0 0 2 5 8 7 4 2 5 0 4 9 6 5 8 7 4 6 3 7 1 0 2 5 8 5 4 5 3 7 1 0 2 5 8 7 4 2 3 6 2 0 2 5 8 7 4 9 3
6 8 25 11 6 27 63 15 62 12 22 2 26 32 42 52
6 9 25 11 6 27 63 15 48 38 8 58 53 1 23 56 18
6 2 25 11 6 27 63 15 46 36
6 8 17 37 57 7 16 47 62 12 22 2 26 32 42 52
6 6 17 37 57 7 16 47 13 33 5 3 55 28
6 6 17 37 57 7 16 47 45 21 35 31 61 51
6 7 17 37 57 7 16 47 50 0 20 40 10 60 30
#c 8 2 4 6 3 6 0 9 2 5 8 0 4 6 3 0 9 9 2 5 8 7 4 2 5 0 4 0 6 5 8 7 4 6 3 7 1 9 2 5 8 5 4 5 3 7 1 9 2 5 8 7 4 2 3 6 2 9 2 5 8 7 4 0 3
7 8 17 25 37 57 7 16 47 62 12 22 2 26 32 42 52
7 9 17 25 37 57 7 16 47 48 38 8 58 53 1 23 56 18
7 2 17 25 37 57 7 16 47 46 36
5 8 11 6 27 63 15 62 12 22 2 26 32 42 52
5 6 11 6 27 63 15 13 33 5 3 55 28
5 6 11 6 27 63 15 45 21 35 31 61 51
5 7 11 6 27 63 15 50 0 20 40 10 60 30
#c 8 2 4 6 3 6 9 0 2 5 8 9 4 6 3 9 0 0 2 5 8 7 4 2 5 0 4 9 6 5 8 7 4 6 3 7 1 0 2 5 8 5 4 5 3 7 1 0 2 5 8 7 4 2 3 6 2 0 2 5 8 7 4 9 3
6 8 25 11 6 27 63 15 62 12 22 2 26 32 42 52
6 9 25 11 6 27 63 15 48 38 8 58 53 1 23 56 18
6 2 25 11 6 27 63 15 46 36
6 8 17 37 57 7 16 47 62 12 22 2 26 32 42 52
6 6 17 37 57 7 16 47 13 33 5 3 55 28
6 6 17 37 57 7 16 47 45 21 35 31 61 51
6 7 17 37 57 7 16 47 50 0 20 40 10 60 30
#c 8 2 4 6 3 6 0 9 2 5 8 0 4 6 3 0 9 9 2 5 8 7 4 2 5 0 4 0 6 5 8 7 4 6 3 7 1 9 2 5 8 5 4 5 3 7 1 9 2 5 8 7 4 2 3 6 2 9 2 5 8 7 4 0 3
7 8 17 25 37 57 7 16 47 62 12 22 2 26 32 42 52
7 9 17 25 37 57 7 16 47 48 38 8 58 53 1 23 56 18
7 2 17 25 37 57 7 16 47 46 36
5 8 11 6 27 63 15 62 12 22 2 26 32 42 52
5 6 11 6 27 63 15 13 33 5 3 55 28
5 6 11 6 27 63 15 45 21 35 31 61 51
5 7 11 6 27 63 15 50 0 20 40 10 60 30
#c 8 2 4 6 3 6 9 0 2 5 8 9 4 6 3 9 0 0 2 5 8 7 4 2 5 0 4 9 6 5 8 7 4 6 3 7 1 0 2 5 8 5 4 5 3 7 1 0 2 5 8 7 4 2 3 6 2 0 2 5 8 7 4 9 3
6 8 25 11 6 27 63 15 62 12 22 2 26 32 42 52
6 9 25 11 6 27 63 15 48 38 8 58 53 1 23 56 18
6 2 25 11 6 27 63 15 46 36
6 8 17 37 57 7 16 47 62 12 22 2 26 32 42 52
6 6 17 37 57 7 16 47 13 33 5 3 55 28
6 6 17 37 57 7 16 47 45 21 35 31 61 51
6 7 17 37 57 7 16 47 50 0 20 40 10 60 30
#c 8 2 4 6 3 6 0 9 2 5 8 0 4 6 3 0 9 9 2 5 8 7 4 2 5 0 4 0 6 5 8 7 4 6 3 7 1 9 2 5 8 5 4 5 3 7 1 9 2 5 8 7 4 2 3 6 2 9 2 5 8 7 4 0 3
7 8 17 25 37 57 7 16 47 62 12 22 2 26 32 42 52
7 9 17 25 37 57 7 16 47 48 38 8 58 53 1 23 56 18
7 2 17 25 37 57 7 16 47 46 36
5 8 11 6 27 63 15 62 12 22 2 26 32 42 52
5 6 11 6 27 63 15 13 33 5 3 55 28
5 6 11 6 27 63 15 45 21 35 31 61 51
5 7 11 6 27 63 15 50 0 20 40 10 60 30
#c 8 2 4 6 3 6 9 0 2 5 8 9 4 6 3 9 0 0 2 5 8 7 4 2 5 0 4 9 6 5 8 7 4 6 3 7 1 0 2 5 8 5 4 5 3 7 1 0 2 5 8 7 4 2 3 6 2 0 2 5 8 7 4 9 3
6 8 25 11 6 27 63 15 62 12 22 2 26 32 42 52
6 9 25 11 6 27 63 15 48 38 8 58 53 1 23 56 18
6 2 25 11 6 27 63 15 46 36
6 8 17 37 57 7 16 47 62 12 22 2 26 32 42 52
6 6 17 37 57 7 16 47 13 33 5 3 55 28
6 6 17 37 57 7 16 47 45 21 35 31 61 51
6 7 17 37 57 7 16 47 50 0 20 40 10 60 30
#c 8 2 4 6 3 6 0 9 2 5 8 0 4 6 3 0 9 9 2 5 8 7 4 2 5 0 4 0 6 5 8 7 4 6 3 7 1 9 2 5 8 5 4 5 3 7 1 9 2 5 8 7 4 2 3 6 2 9 2 5 8 7 4 0 3
7 8 17 25 37 57 7 16 47 62 12 22 2 26 32 42 52
7 9 17 25 37 57 7 16 47 48 38 8 58 53 1 23 56 18
7 2 17 25 37 57 7 16 47 46 36
5 8 11 6 27 63 15 62 12 22 2 26 32 42 52
5 6 11 6 27 63 15 13 33 5 3 55 28
5 6 11 6 27 63 15 45 21 35 31 61 51
5 7 11 6 27 63 15 50 0 20 40 10 60 30
#c 8 2 4 6 3 6 9 0 2 5 8 9 4 6 3 9 0 0 2 5 8 7 4 2 5 0 4 9 6 5 8 7 4 6 3 7 1 0 2 5 8 5 4 5 3 7 1 0 2 5 8 7 4 2 3 6 2 0 2 5 8 7 4 9 3
6 8 25 11 6 27 63 15 62 12 22 2 26 32 42 52
6 9 25 11 6 27 63 15 48 38 8 58 53 1 23 56 18
6 2 25 11 6 27 63 15 46 36
6 8 17 37 57 7 16 47 62 12 22 2 26 32 42 52
6 6 17 37 57 7 16 47 13 33 5 3 55 28
6 6 17 37 57 7 16 47 45 21 35 31 61 51
6 7 17 37 57 7 16 47 50 0 20 40 10 60 30
#c 8 2 4 6 3 6 0 9 2 5 8 0 4 6 3 0 9 9 2 5 8 7 4 2 5 0 4 0 6 5 8 7 4 6 3 7 1 9 2 5 8 5 4 5 3 7 1 9 2 5 8 7 4 2 3 6 2 9 2 5 8 7 4 0 3
7 8 17 25 37 57 7 16 47 62 12 22 2 26 32 42 52
7 9 17 25 37 57 7 16 47 48 38 8 58 53 1 23 56 18
7 2 17 25 37 57 7 16 47 46 36
5 8 11 6 27 63 15 62 12 22 2 26 32 42 52
5 6 11 6 27 63 15 13 33 5 3 55 28
5 6 11 6 27 63 15 45 21 35 31 61 51
5 7 11 6 27 63 15 50 0 20 40 10 60 30
#c 8 2 4 6 3 6 9 0 2 5 8 9 4 6 3 9 0 0 2 5 8 7 4 2 5 0 4 9 6 5 8 7 4 6 3 7 1 0 2 5 8 5 4 5 3 7 1 0 2 5 8 7 4 2 3 6 2 0 2 5 8 7 4 9 3
6 8 25 11 6 27 63 15 62 12 22 2 26 32 42 52
6 9 25 11 6 27 63 15 48 38 8 58 53 1 23 56 18
6 2 25 11 6 27 63 15 46 36
6 8 17 37 57 7 16 47 62 12 22 2 26 32 42 52
6 6 17 37 57 7 16 47 13 33 5 3 55 28
6 6 17 37 57 7 16 47 45 21 35 31 61 51
6 7 17 37 57 7 16 47 50 0 20 40 10 60 30
#c 8 2 4 6 3 6 0 9 2 5 8 0 4 6 3 0 9 9 2 5 8 7 4 2 5 0 4 0 6 5 8 7 4 6 3 7 1 9 2 5 8 5 4 5 3 7 1 9 2 5 8 7 4 2 3 6 2 9 2 5 8 7 4 0 3
7 8 17 25 37 57 7 16 47 62 12 22 2 26 32 42 52
7 9 17 25 37 57 7 16 47 48 38 8 58 53 1 23 56 18
7 2 17 25 37 57 7 16 47 46 36
5 8 11 6 27 63 15 62 12 22 2 26 32 42 52
5 6 11 6 27 63 15 13 33 5 3 55 28
5 6 11 6 27 63 15 45 21 35 31 61 51
5 7 11 6 27 63 15 50 0 20 40 10 60 30
#c 8 2 4 6 3 6 9 0 2 5 8 9 4 6 3 9 0 0 2 5 8 7 4 2 5 0 4 9 6 5 8 7 4 6 3 7 1 0 2 5 8 5 4 5 3 7 1 0 2 5 8 7 4 2 3 6 2 0 2 5 8 7 4 9 3
6 8 25 11 6 27 63 15 62 12 22 2 26 32 42 52
6 9 25 11 6 27 63 15 48 38 8 58 53 1 23 56 18
6 2 25 11 6 27 63 15 46 36
6 8 17 37 57 7 16 47 62 12 22 2 26 32 42 52
6 6 17 37 57 7 16 47 13 33 5 3 55 28
6 6 17 37 57 7 16 47 45 21 35 31 61 51
6 7 17 37 57 7 16 47 50 0 20 40 10 60 30
#c 8 2 4 6 3 6 0 9 2 5 8 0 4 6 3 0 9 9 2 5 8 7 4 2 5 0 4 0 6 5 8 7 4 6 3 7 1 9 2 5 8 5 4 5 3 7 1 9 2 5 8 7 4 2 3 6 2 9 2 5 8 7 4 0 3
7 8 17 25 37 57 7 16 47 62 12 22 2 26 32 42 52
7 9 17 25 37 57 7 16 47 48 38 8 58 53 1 23 56 18
7 2 17 25 37 57 7 16 47 46 36
5 8 11 6 27 63 15 62 12 22 2 26 32 42 52
5 6 11 6 27 63 15 13 33 5 3 55 28
5 6 11 6 27 63 15 45 21 35 31 61 51
5 7 11 6 27 63 15 50 0 20 40 10 60 30
#c 8 2 4 6 3 6 9 0 2 5 8 9 4 6 3 9 0 0 2 5 8 7 4 2 5 0 4 9 6 5 8 7 4 6 3 7 1 0 2 5 8 5 4 5 3 7 1 0 2 5 8 7 4 2 3 6 2 0 2 5 8 7 4 9 3
6 8 25 11 6 27 63 15 62 12 22 2 26 32 42 52
6 9 25 11 6 27 63 15 48 38 8 58 53 1 23 56 18
6 2 25 11 6 27 63 15 46 36
6 8 17 37 57 7 16 47 62 12 22 2 26 32 42 52
6 6 17 37 57 7 16 47 13 33 5 3 55 28
6 6 17 37 57 7 16 47 45 21 35 31 61 51
6 7 17 37 57 7 16 47 50 0 20 40 10 60 30
#c 8 2 4 6 3 6 0 9 2 5 8 0 4 6 3 0 9 9 2 5 8 7 4 2 5 0 4 0 6 5 8 7 4 6 3 7 1 9 2 5 8 5 4 5 3 7 1 9 2 5 8 7 4 2 3 6 2 9 2 5 8 7 4 0 3
7 8 17 25 37 57 7 16 47 62 12 22 2 26 32 42 52
7 9 17 25 37 57 7 16 47 48 38 8 58 53 1 23 56 18
7 2 17 25 37 57 7 16 47 46 36
5 8 11 6 27 63 15 62 12 22 2 26 32 42 52
5 6 11 6 27 63 15 13 33 5 3 55 28
5 6 11 6 27 63 15 45 21 35 31 61 51
5 7 11 6 27 63 15 50 0 20 40 10 60 30
#c 8 2 4 6 3 6 9 0 2 5 8 9 4 6 3 9 0 0 2 5 8 7 4 2 5 0 4 9 6 5 8 7 4 6 3 7 1 0 2 5 8 5 4 5 3 7 1 0 2 5 8 7 4 2 3 6 2 0 2 5 8 7 4 9 3
6 8 25 11 6 27 63 15 62 12 22 2 26 32 42 52
6 9 25 11 6 27 63 15 48 38 8 58 53 1 23 56 18
6 2 25 11 6 27 63 15 46 36
6 8 17 37 57 7 16 47 62 12 22 2 26 32 42 52
6 6 17 37 57 7 16 47 13 33 5 3 55 28
6 6 17 37 57 7 16 47 45 21 35 31 61 51
6 7 17 37 57 7 16 47 50 0 20 40 10 60 30
#c 8 2 4 6 3 6 0 9 2 5 8 0 4 6 3 0 9 9 2 5 8 7 4 2 5 0 4 0 6 5 8 7 4 6 3 7 1 9 2 5 8 5 4 5 3 7 1 9 2 5 8 7 4 2 3 6 2 9 2 5 8 7 4 0 3
7 8 17 25 37 57 7 16 47 62 12 22 2 26 32 42 52
7 9 17 25 37 57 7 16 47 48 38 8 58 53 1 23 56 18
7 2 17 25 37 57 7 16 47 46 36
5 8 11 6 27 63 15 62 12 22 2 26 32 42 52
5 6 11 6 27 63 15 13 33 5 3 55 28
5 6 11 6 27 63 15 45 21 35 31 61 51
5 7 11 6 27 63 15 50 0 20 40 10 60 30
#c 8 2 4 6 3 6 9 0 2 5 8 9 4 6 3 9 0 0 2 5 8 7 4 2 5 0 4 9 6 5 8 7 4 6 3 7 1 0 2 5 8 5 4 5 3 7 1 0 2 5 8 7 4 2 3 6 2 0 2 5 8 7 4 9 3
6 8 25 11 6 27 63 15 62 12 22 2 26 32 42 52
6 9 25 11 6 27 63 15 48 38 8 58 53 1 23 56 18
6 2 25 11 6 27 63 15 46 36
6 8 17 37 57 7 16 47 62 12 22 2 26 32 42 52
6 6 17 37 57 7 16 47 13 33 5 3 55 28
6 6 17 37 57 7 16 47 45 21 35 31 61 51
6 7 17 37 57 7 16 47 50 0 20 40 10 60 30
#c 8 2 4 6 3 6 0 9 2 5 8 0 4 6 3 0 9 9 2 5 8 7 4 2 5 0 4 0 6 5 8 7 4 6 3 7 1 9 2 5 8 5 4 5 3 7 1 9 2 5 8 7 4 2 3 6 2 9 2 5 8 7 4 0 3
7 8 17 25 37 57 7 16 47 62 12 22 2 26 32 42 52
7 9 17 25 37 57 7 16 47 48 38 8 58 53 1 23 56 18
7 2 17 25 37 57 7 16 47 46 36
5 8 11 6 27 63 15 62 12 22 2 26 32 42 52
5 6 11 6 27 63 15 13 33 5 3 55 28
5 6 11 6 27 63 15 45 21 35 31 61 51
5 7 11 6 27 63 15 50 0 20 40 10 60 30
#c 8 2 4 6 3 6 9 0 2 5 8 9 4 6 3 9 0 0 2 5 8 7 4 2 5 0 4 9 6 5 8 7 4 6 3 7 1 0 2 5 8 5 4 5 3 7 1 0 2 5 8 7 4 2 3 6 2 0 2 5 8 7 4 9 3
6 8 25 11 6 27 63 15 62 12 22 2 26 32 42 52
6 9 25 11 6 27 63 15 48 38 8 58 53 1 23 56 18
6 2 25 11 6 27 63 15 46 36
6 8 17 37 57 7 16 47 62 12 22 2 26 32 42 52
6 6 17 37 57 7 16 47 13 33 5 3 55 28
6 6 17 37 57 7 16 47 45 21 35 31 61 51
6 7 17 37 57 7 16 47 50 0 20 40 10 60 30
#c 8 2 4 6 3 6 0 9 2 5 8 0 4 6 3 0 9 9 2 5 8 7 4 2 5 0 4 0 6 5 8 7 4 6 3 7 1 9 2 5 8 5 4 5 3 7 1 9 2 5 8 7 4 2 3 6 2 9 2 5 8 7 4 0 3
7 8 17 25 37 57 7 16 47 62 12 22 2 26 32 42 52
7 9 17 25 37 57 7 16 47 48 38 8 58 53 1 23 56 18
7 2 17 25 37 57 7 16 47 46 36
5 8 11 6 27 63 15 62 12 22 2 26 32 42 52
5 6 11 6 27 63 15 13 33 5 3 55 28
5 6 11 6 27 63 15 45 21 35 31 61 51
5 7 11 6 27 63 15 50 0 20 40 10 60 30
#c 8 2 4 6 3 6 9 0 2 5 8 9 4 6 3 9 0 0 2 5 8 7 4 2 5 0 4 9 6 5 8 7 4 6 3 7 1 0 2 5 8 5 4 5 3 7 1 0 2 5 8 7 4 2 3 6 2 0 2 5 8 7 4 9 3
6 8 25 11 6 27 63 15 62 12 22 2 26 32 42 52
6 9 25 11 6 27 63 15 48 38 8 58 53 1 23 56 18
6 2 25 11 6 27 63 15 46 36
6 8 17 37 57 7 16 47 62 12 22 2 26 32 42 52
6 6 17 37 57 7 16 47 13 33 5 3 55 28
6 6 17 37 57 7 16 47 45 21 35 31 61 51
6 7 17 37 57 7 16 47 50 0 20 40 10 60 30
#c 8 2 4 6 3 6 0 9 2 5 8 0 4 6 3 0 9 9 2 5 8 7 4 2 5 0 4 0 6 5 8 7 4 6 3 7 1 9 2 5 8 5 4 5 3 7 1 9 2 5 8 7 4 2 3 6 2 9 2 5 8 7 4 0 3
7 8 17 25 37 57 7 16 47 62 12 22 2 26 32 42 52
7 9 17 25 37 57 7 16 47 48 38 8 58 53 1 23 56 18
7 2 17 25 37 57 7 16 47 46 36
5 8 11 6 27 63 15 62 12 22 2 26 32 42 52
5 6 11 6 27 63 15 13 33 5 3 55 28
5 6 11 6 27 63 15 45 21 35 31 61 51
5 7 11 6 27 63 15 50 0 20 40 10 60 30
#c 8 2 4 6 3 6 9 0 2 5 8 9 4 6 3 9 0 0 2 5 8 7 4 2 5 0 4 9 6 5 8 7 4 6 3 7 1 0 2 5 8 5 4 5 3 7 1 0 2 5 8 7 4 2 3 6 2 0 2 5 8 7 4 9 3
6 8 25 11 6 27 63 15 62 12 22 2 26 32 42 52
6 9 25 11 6 27 63 15 48 38 8 58 53 1 23 56 18
6 2 25 11 6 27 63 15 46 36
6 8 17 37 57 7 16 47 62 12 22 2 26 32 42 52
6 6 17 37 57 7 16 47 13 33 5 3 55 28
6 6 17 37 57 7 16 47 45 21 35 31 61 51
6 7 17 37 57 7 16 47 50 0 20 40 10 60 30
#c 8 2 4 6 3 6 0 9 2 5 8 0 4 6 3 0 9 9 2 5 8 7 4 2 5 0 4 0 6 5 8 7 4 6 3 7 1 9 2 5 8 5 4 5 3 7 1 9 2 5 8 7 4 2 3 6 2 9 2 5 8 7 4 0 3
7 8 17 25 37 57 7 16 47 62 12 22 2 26 32 42 52
7 9 17 25 37 57 7 16 47 48 38 8 58 53 1 23 56 18
7 2 17 25 37 57 7 16 47 46 36
5 8 11 6 27 63 15 62 12 22 2 26 32 42 52
5 6 11 6 27 63 15 13 33 5 3 55 28
5 6 11 6 27 63 15 45 21 35 31 61 51
5 7 11 6 27 63 15 50 0 20 40 10 60 30
#c 8 2 4 6 3 6 9 0 2 5 8 9 4 6 3 9 0 0 2 5 8 7 4 2 5 0 4 9 6 5 8 7 4 6 3 7 1 0 2 5 8 5 4 5 3 7 1 0 2 5 8 7 4 2 3 6 2 0 2 5 8 7 4 9 3
6 8 25 11 6 27 63 15 62 12 22 2 26 32 42 52
6 9 25 11 6 27 63 15 48 38 8 58 53 1 23 56 18
6 2 25 11 6 27 63 15 46 36
6 8 17 37 57 7 16 47 62 12 22 2 26 32 42 52
6 6 17 37 57 7 16 47 13 33 5 3 55 28
6 6 17 37 57 7 16 47 45 21 35 31 61 51
6 7 17 37 57 7 16 47 50 0 20 40 10 60 30
#c 8 2 4 6 3 6 0 9 2 5 8 0 4 6 3 0 9 9 2 5 8 7 4 2 5 0 4 0 6 5 8 7 4 6 3 7 1 9 2 5 8 5 4 5 3 7 1 9 2 5 8 7 4 2 3 6 2 9 2 5 8 7 4 0 3
7 8 17 25 37 57 7 16 47 62 12 22 2 26 32 42 52
7 9 17 25 37 57 7 16 47 48 38 8 58 53 1 23 56 18
7 2 17 25 37 57 7 16 47 46 36
5 8 11 6 27 63 15 62 12 22 2 26 32 42 52
5 6 11 6 27 63 15 13 33 5 3 55 28
5 6 11 6 27 63 15 45 21 35 31 61 51
5 7 11 6 27 63 15 50 0 20 40 10 60 30
#c 8 2 4 6 3 6 9 0 2 5 8 9 4 6 3 9 0 0 2 5 8 7 4 2 5 0 4 9 6 5 8 7 4 6 3 7 1 0 2 5 8 5 4 5 3 7 1 0 2 5 8 7 4 2 3 6 2 0 2 5 8 7 4 9 3
6 8 25 11 6 27 63 15 62 12 22 2 26 32 42 52
6 9 25 11 6 27 63 15 48 38 8 58 53 1 23 56 18
6 2 25 11 6 27 63 15 46 36
6 8 17 37 57 7 16 47 62 12 22 2 26 32 42 52
6 6 17 37 57 7 16 47 13 33 5 3 55 28
6 6 17 37 57 7 16 47 45 21 35 31 61 51
6 7 17 37 57 7 16 47 50 0 20 40 10 60 30
#c 8 2 4 6 3 6 0 9 2 5 8 0 4 6 3 0 9 9 2 5 8 7 4 2 5 0 4 0 6 5 8 7 4 6 3 7 1 9 2 5 8 5 4 5 3 7 1 9 2 5 8 7 4 2 3 6 2 9 2 5 8 7 4 0 3
7 8 17 25 37 57 7 16 47 62 12 22 2 26 32 42 52
7 9 17 25 37 57 7 16 47 48 38 8 58 53 1 23 56 18
7 2 17 25 37 57 7 16 47 46 36
5 8 11 6 27 63 15 62 12 22 2 26 32 42 52
5 6 11 6 27 63 15 13 33 5 3 55 28
5 6 11 6 27 63 15 45 21 35 31 61 51
5 7 11 6 27 63 15 50 0 20 40 10 60 30
#c 8 2 4 6 3 6 9 0 2 5 8 9 4 6 3 9 0 0 2 5 8 7 4 2 5 0 4 9 6 5 8 7 4 6 3 7 1 0 2 5 8 5 4 5 3 7 1 0 2 5 8 7 4 2 3 6 2 0 2 5 8 7 4 9 3
6 8 25 11 6 27 63 15 62 12 22 2 26 32 42 52
6 9 25 11 6 27 63 15 48 38 8 58 53 1 23 56 18
6 2 25 11 6 27 63 15 46 36
6 8 17 37 57 7 16 47 62 12 22 2 26 32 42 52
6 6 17 37 57 7 16 47 13 33 5 3 55 28
6 6 17 37 57 7 16 47 45 21 35 31 61 51
6 7 17 37 57 7 16 47 50 0 20 40 10 60 30
#c 8 2 4 6 3 6 0 9 2 5 8 0 4 6 3 0 9 9 2 5 8 7 4 2 5 0 4 0 6 5 8 7 4 6 3 7 1 9 2 5 8 5 4 5 3 7 1 9 2 5 8 7 4 2 3 6 2 9 2 5 8 7 4 0 3
7 8 17 25 37 57 7 16 47 62 12 22 2 26 32 42 52
7 9 17 25 37 57 7 16 47 48 38 8 58 53 1 23 56 18
7 2 17 25 37 57 7 16 47 46 36
5 8 11 6 27 63 15 62 12 22 2 26 32 42 52
5 6 11 6 27 63 15 13 33 5 3 55 28
5 6 11 6 27 63 15 45 21 35 31 61 51
5 7 11 6 27 63 15 50 0 20 40 10 60 30
#c 8 2 4 6 3 6 9 0 2 5 8 9 4 6 3 9 0 0 2 5 8 7 4 2 5 0 4 9 6 5 8 7 4 6 3 7 1 0 2 5 8 5 4 5 3 7 1 0 2 5 8 7 4 2 3 6 2 0 2 5 8 7 4 9 3
6 8 25 11 6 27 63 15 62 12 22 2 26 32 42 52
6 9 25 11 6 27 63 15 48 38 8 58 53 1 23 56 18
6 2 25 11 6 27 63 15 46 36
6 8 17 37 57 7 16 47 62 12 22 2 26 32 42 52
6 6 17 37 57 7 16 47 13 33 5 3 55 28
6 6 17 37 57 7 16 47 45 21 35 31 61 51
6 7 17 37 57 7 16 47 50 0 20 40 10 60 30
#c 8 2 4 6 3 6 0 9 2 5 8 0 4 6 3 0 9 9 2 5 8 7 4 2 5 0 4 0 6 5 8 7 4 6 3 7 1 9 2 5 8 5 4 5 3 7 1 9 2 5 8 7 4 2 3 6 2 9 2 5 8 7 4 0 3
7 8 17 25 37 57 7 16 47 62 12 22 2 26 32 42 52
7 9 17 25 37 57 7 16 47 48 38 8 58 53 1 23 56 18
7 2 17 25 37 57 7 16 47 46 36
5 8 11 6 27 63 15 62 12 22 2 26 32 42 52
5 6 11 6 27 63 15 13 33 5 3 55 28
5 6 11 6 27 63 15 45 21 35 31 61 51
5 7 11 6 27 63 15 50 0 20 40 10 60 30
#c 8 2 4 6 3 6 9 0 2 5 8 9 4 6 3 9 0 0 2 5 8 7 4 2 5 0 4 9 6 5 8 7 4 6 3 7 1 0 2 5 8 5 4 5 3 7 1 0 2 5 8 7 4 2 3 6 2 0 2 5 8 7 4 9 3
6 8 25 11 6 27 63 15 62 12 22 2 26 32 42 52
6 9 25 11 6 27 63 15 48 38 8 58 53 1 23 56 18
6 2 25 11 6 27 63 15 46 36
6 8 17 37 57 7 16 47 62 12 22 2 26 32 42 52
6 6 17 37 57 7 16 47 13 33 5 3 55 28
6 6 17 37 57 7 16 47 45 21 35 31 61 51
6 7 17 37 57 7 16 47 50 0 20 40 10 60 30
#c 8 2 4 6 3 6 0 9 2 5 8 0 4 6 3 0 9 9 2 5 8 7 4 2 5 0 4 0 6 5 8 7 4 6 3 7 1 9 2 5 8 5 4 5 3 7 1 9 2 5 8 7 4 2 3 6 2 9 2 5 8 7 4 0 3
7 8 17 25 37 57 7 16 47 62 12 22 2 26 32 42 52
7 9 17 25 37 57 7 16 47 48 38 8 58 53 1 23 56 18
7 2 17 25 37 57 7 16 47 46 36
5 8 11 6 27 63 15 62 12 22 2 26 32 42 52
5 6 11 6 27 63 15 13 33 5 3 55 28
5 6 11 6 27 63 15 45 21 35 31 61 51
5 7 11 6 27 63 15 50 0 20 40 10 60 30
#c 8 2 4 6 3 6 9 0 2 5 8 9 4 6 3 9 0 0 2 5 8 7 4 2 5 0 4 9 6 5 8 7 4 6 3 7 1 0 2 5 8 5 4 5 3 7 1 0 2 5 8 7 4 2 3 6 2 0 2 5 8 7 4 9 3
6 8 25 11 6 27 63 15 62 12 22 2 26 32 42 52
6 9 25 11 6 27 63 15 48 38 8 58 53 1 23 56 18
6 2 25 11 6 27 63 15 46 36
6 8 17 37 57 7 16 47 62 12 22 2 26 32 42 52
6 6 17 37 57 7 16 47 13 33 5 3 55 28
6 6 17 37 57 7 16 47 45 21 35 31 61 51
6 7 17 37 57 7 16 47 50 0 20 40 10 60 30
#c 8 2 4 6 3 6 0 9 2 5 8 0 4 6 3 0 9 9 2 5 8 7 4 2 5 0 4 0 6 5 8 7 4 6 3 7 1 9 2 5 8 5 4 5 3 7 1 9 2 5 8 7 4 2 3 6 2 9 2 5 8 7 4 0 3
7 8 17 25 37 57 7 16 47 62 12 22 2 26 32 42 52
7 9 17 25 37 57 7 16 47 48 38 8 58 53 1 23 56 18
7 2 17 25 37 57 7 16 47 46 36
5 8 11 6 27 63 15 62 12 22 2 26 32 42 52
5 6 11 6 27 63 15 13 33 5 3 55 28
5 6 11 6 27 63 15 45 21 35 31 61 51
5 7 11 6 27 63 15 50 0 20 40 10 60 30
#c 8 2 4 6 3 6 9 0 2 5 8 9 4 6 3 9 0 0 2 5 8 7 4 2 5 0 4 9 6 5 8 7 4 6 3 7 1 0 2 5 8 5 4 5 3 7 1 0 2 5 8 7 4 2 3 6 2 0 2 5 8 7 4 9 3
6 8 25 11 6 27 63 15 62 12 22 2 26 32 42 52
6 9 25 11 6 27 63 15 48 38 8 58 53 1 23 56 18
6 2 25 11 6 27 63 15 46 36
6 8 17 37 57 7 16 47 62 12 22 2 26 32 42 52
6 6 17 37 57 7 16 47 13 33 5 3 55 28
6 6 17 37 57 7 16 47 45 21 35 31 61 51
6 7 17 37 57 7 16 47 50 0 20 40 10 60 30
#c 8 2 4 6 3 6 0 9 2 5 8 0 4 6 3 0 9 9 2 5 8 7 4 2 5 0 4 0 6 5 8 7 4 6 3 7 1 9 2 5 8 5 4 5 3 7 1 9 2 5 8 7 4 2 3 6 2 9 2 5 8 7 4 0 3
7 8 17 25 37 57 7 16 47 62 12 22 2 26 32 42 52
7 9 17 25 37 57 7 16 47 48 38 8 58 53 1 23 56 18
7 2 17 25 37 57 7 16 47 46 36
5 8 11 6 27 63 15 62 12 22 2 26 32 42 52
5 6 11 6 27 63 15 13 33 5 3 55 28
5 6 11 6 27 63 15 45 21 35 31 61 51
5 7 11 6 27 63 15 50 0 20 40 10 60 30
#c 8 2 4 6 3 6 9 0 2 5 8 9 4 6 3 9 0 0 2 5 8 7 4 2 5 0 4 9 6 5 8 7 4 6 3 7 1 0 2 5 8 5 4 5 3 7 1 0 2 5 8 7 4 2 3 6 2 0 2 5 8 7 4 9 3
6 8 25 11 6 27 63 15 62 12 22 2 26 32 42 52
6 9 25 11 6 27 63 15 48 38 8 58 53 1 23 56 18
6 2 25 11 6 27 63 15 46 36
6 8 17 37 57 7 16 47 62 12 22 2 26 32 42 52
6 6 17 37 57 7 16 47 13 33 5 3 55 28
6 6 17 37 57 7 16 47 45 21 35 31 61 51
6 7 17 37 57 7 16 47 50 0 20 40 10 60 30
#c 8 2 4 6 3 6 0 9 2 5 8 0 4 6 3 0 9 9 2 5 8 7 4 2 5 0 4 0 6 5 8 7 4 6 3 7 1 9 2 5 8 5 4 5 3 7 1 9 2 5 8 7 4 2 3 6 2 9 2 5 8 7 4 0 3
7 8 17 25 37 57 7 16 47 62 12 22 2 26 32 42 52
7 9 17 25 37 57 7 16 47 48 38 8 58 53 1 23 56 18
7 2 17 25 37 57 7 16 47 46 36
5 8 11 6 27 63 15 62 12 22 2 26 32 42 52
5 6 11 6 27 63 15 13 33 5 3 55 28
5 6 11 6 27 63 15 45 21 35 31 61 51
5 7 11 6 27 63 15 50 0 20 40 10 60 30
#c 8 2 4 6 3 6 9 0 2 5 8 9 4 6 3 9 0 0 2 5 8 7 4 2 5 0 4 9 6 5 8 7 4 6 3 7 1 0 2 5 8 5 4 5 3 7 1 0 2 5 8 7 4 2 3 6 2 0 2 5 8 7 4 9 3
6 8 25 11 6 27 63 15 62 12 22 2 26 32 42 52
6 9 25 11 6 27 63 15 48 38 8 58 53 1 23 56 18
6 2 25 11 6 27 63 15 46 36
6 8 17 37 57 7 16 47 62 12 22 2 26 32 42 52
6 6 17 37 57 7 16 47 13 33 5 3 55 28
6 6 17 37 57 7 16 47 45 21 35 31 61 51
6 7 17 37 57 7 16 47 50 0 20 40 10 60 30
#c 8 2 4 6 3 6 0 9 2 5 8 0 4 6 3 0 9 9 2 5 8 7 4 2 5 0 4 0 6 5 8 7 4 6 3 7 1 9 2 5 8 5 4 5 3 7 1 9 2 5 8 7 4 2 3 6 2 9 2 5 8 7 4 0 3
7 8 17 25 37 57 7 16 47 62 12 22 2 26 32 42 52
7 9 17 25 37 57 7 16 47 48 38 8 58 53 1 23 56 18
7 2 17 25 37 57 7 16 47 46 36
5 8 11 6 27 63 15 62 12 22 2 26 32 42 52
5 6 11 6 27 63 15 13 33 5 3 55 28
5 6 11 6 27 63 15 45 21 35 31 61 51
5 7 11 6 27 63 15 50 0 20 40 10 60 30
#c 8 2 4 6 3 6 9 0 2 5 8 9 4 6 3 9 0 0 2 5 8 7 4 2 5 0 4 9 6 5 8 7 4 6 3 7 1 0 2 5 8 5 4 5 3 7 1 0 2 5 8 7 4 2 3 6 2 0 2 5 8 7 4 9 3
6 8 25 11 6 27 63 15 62 12 22 2 26 32 42 52
6 9 25 11 6 27 63 15 48 38 8 58 53 1 23 56 18
6 2 25 11 6 27 63 15 46 36
6 8 17 37 57 7 16 47 62 12 22 2 26 32 42 52
6 6 17 37 57 7 16 47 13 33 5 3 55 28
6 6 17 37 57 7 16 47 45 21 35 31 61 51
6 7 17 37 57 7 16 47 50 0 20 40 10 60 30
#c 8 2 4 6 3 6 0 9 2 5 8 0 4 6 3 0 9 9 2 5 8 7 4 2 5 0 4 0 6 5 8 7 4 6 3 7 1 9 2 5 8 5 4 5 3 7 1 9 2 5 8 7 4 2 3 6 2 9 2 5 8 7 4 0 3
7 8 17 25 37 57 7 16 47 62 12 22 2 26 32 42 52
7 9 17 25 37 57 7 16 47 48 38 8 58 53 1 23 56 18
7 2 17 25 37 57 7 16 47 46 36
5 8 11 6 27 63 15 62 12 22 2 26 32 42 52
5 6 11 6 27 63 15 13 33 5 3 55 28
5 6 11 6 27 63 15 45 21 35 31 61 51
5 7 11 6 27 63 15 50 0 20 40 10 60 30
#c 8 2 4 6 3 6 9 0 2 5 8 9 4 6 3 9 0 0 2 5 8 7 4 2 5 0 4 9 6 5 8 7 4 6 3 7 1 0 2 5 8 5 4 5 3 7 1 0 2 5 8 7 4 2 3 6 2 0 2 5 8 7 4 9 3
6 8 25 11 6 27 63 15 62 12 22 2 26 32 42 52
6 9 25 11 6 27 63 15 48 38 8 58 53 1 23 56 18
6 2 25 11 6 27 63 15 46 36
6 8 17 37 57 7 16 47 62 12 22 2 26 32 42 52
6 6 17 37 57 7 16 47 13 33 5 3 55 28
6 6 17 37 57 7 16 47 45 21 35 31 61 51
6 7 17 37 57 7 16 47 50 0 20 40 10 60 30
#c 8 2 4 6 3 6 0 9 2 5 8 0 4 6 3 0 9 9 2 5 8 7 4 2 5 0 4 0 6 5 8 7 4 6 3 7 1 9 2 5 8 5 4 5 3 7 1 9 2 5 8 7 4 2 3 6 2 9 2 5 8 7 4 0 3
7 8 17 25 37 57 7 16 47 62 12 22 2 26 32 42 52
7 9 17 25 37 57 7 16 47 48 38 8 58 53 1 23 56 18
7 2 17 25 37 57 7 16 47 46 36
5 8 11 6 27 63 15 62 12 22 2 26 32 42 52
5 6 11 6 27 63 15 13 33 5 3 55 28
5 6 11 6 27 63 15 45 21 35 31 61 51
5 7 11 6 27 63 15 50 0 20 40 10 60 30
#c 8 2 4 6 3 6 9 0 2 5 8 9 4 6 3 9 0 0 2 5 8 7 4 2 5 0 4 9 6 5 8 7 4 6 3 7 1 0 2 5 8 5 4 5 3 7 1 0 2 5 8 7 4 2 3 6 2 0 2 5 8 7 4 9 3
6 8 25 11 6 27 63 15 62 12 22 2 26 32 42 52
6 9 25 11 6 27 63 15 48 38 8 58 53 1 23 56 18
6 2 25 11 6 27 63 15 46 36
6 8 17 37 57 7 16 47 62 12 22 2 26 32 42 52
6 6 17 37 57 7 16 47 13 33 5 3 55 28
6 6 17 37 57 7 16 47 45 21 35 31 61 51
6 7 17 37 57 7 16 47 50 0 20 40 10 60 30
#c 8 2 4 6 3 6 0 9 2 5 8 0 4 6 3 0 9 9 2 5 8 7 4 2 5 0 4 0 6 5 8 7 4 6 3 7 1 9 2 5 8 5 4 5 3 7 1 9 2 5 8 7 4 2 3 6 2 9 2 5 8 7 4 0 3
7 8 17 25 37 57 7 16 47 62 12 22 2 26 32 42 52
7 9 17 25 37 57 7 16 47 48 38 8 58 53 1 23 56 18
7 2 17 25 37 57 7 16 47 46 36
5 8 11 6 27 63 15 62 12 22 2 26 32 42 52
5 6 11 6 27 63 15 13 33 5 3 55 28
5 6 11 6 27 63 15 45 21 35 31 61 51
5 7 11 6 27 63 15 50 0 20 40 10 60 30
#c 8 2 4 6 3 6 9 0 2 5 8 9 4 6 3 9 0 0 2 5 8 7 4 2 5 0 4 9 6 5 8 7 4 6 3 7 1 0 2 5 8 5 4 5 3 7 1 0 2 5 8 7 4 2 3 6 2 0 2 5 8 7 4 9 3
6 8 25 11 6 27 63 15 62 12 22 2 26 32 42 52
6 9 25 11 6 27 63 15 48 38 8 58 53 1 23 56 18
6 2 25 11 6 27 63 15 46 36
6 8 17 37 57 7 16 47 62 12 22 2 26 32 42 52
6 6 17 37 57 7 16 47 13 33 5 3 55 28
6 6 17 37 57 7 16 47 45 21 35 31 61 51
6 7 17 37 57 7 16 47 50 0 20 40 10 60 30
#c 8 2 4 6 3 6 0 9 2 5 8 0 4 6 3 0 9 9 2 5 8 7 4 2 5 0 4 0 6 5 8 7 4 6 3 7 1 9 2 5 8 5 4 5 3 7 1 9 2 5 8 7 4 2 3 6 2 9 2 5 8 7 4 0 3
7 8 17 25 37 57 7 16 47 62 12 22 2 26 32 42 52
7 9 17 25 37 57 7 16 47 48 38 8 58 53 1 23 56 18
7 2 17 25 37 57 7 16 47 46 36
5 8 11 6 27 63 15 62 12 22 2 26 32 42 52
5 6 11 6 27 63 15 13 33 5 3 55 28
5 6 11 6 27 63 15 45 21 35 31 61 51
5 7 11 6 27 63 15 50 0 20 40 10 60 30
#c 8 2 4 6 3 6 9 0 2 5 8 9 4 6 3 9 0 0 2 5 8 7 4 2 5 0 4 9 6 5 8 7 4 6 3 7 1 0 2 5 8 5 4 5 3 7 1 0 2 5 8 7 4 2 3 6 2 0 2 5 8 7 4 9 3
6 8 25 11 6 27 63 15 62 12 22 2 26 32 42 52
6 9 25 11 6 27 63 15 48 38 8 58 53 1 23 56 18
6 2 25 11 6 27 63 15 46 36
6 8 17 37 57 7 16 47 62 12 22 2 26 32 42 52
6 6 17 37 57 7 16 47 13 33 5 3 55 28
6 6 17 37 57 7 16 47 45 21 35 31 61 51
6 7 17 37 57 7 16 47 50 0 20 40 10 60 30
#c 8 2 4 6 3 6 0 9 2 5 8 0 4 6 3 0 9 9 2 5 8 7 4 2 5 0 4 0 6 5 8 7 4 6 3 7 1 9 2 5 8 5 4 5 3 7 1 9 2 5 8 7 4 2 3 6 2 9 2 5 8 7 4 0 3
7 8 17 25 37 57 7 16 47 62 12 22 2 26 32 42 52
7 9 17 25 37 57 7 16 47 48 38 8 58 53 1 23 56 18
7 2 17 25 37 57 7 16 47 46 36
5 8 11 6 27 63 15 62 12 22 2 26 32 42 52
5 6 11 6 27 63 15 13 33 5 3 55 28
5 6 11 6 27 63 15 45 21 35 31 61 51
5 7 11 6 27 63 15 50 0 20 40 10 60 30
#c 8 2 4 6 3 6 9 0 2 5 8 9 4 6 3 9 0 0 2 5 8 7 4 2 5 0 4 9 6 5 8 7 4 6 3 7 1 0 2 5 8 5 4 5 3 7 1 0 2 5 8 7 4 2 3 6 2 0 2 5 8 7 4 9 3
6 8 25 11 6 27 63 15 62 12 22 2 26 32 42 52
6 9 25 11 6 27 63 15 48 38 8 58 53 1 23 56 18
6 2 25 11 6 27 63 15 46 36
6 8 17 37 57 7 16 47 62 12 22 2 26 32 42 52
6 6 17 37 57 7 16 47 13 33 5 3 55 28
6 6 17 37 57 7 16 47 45 21 35 31 61 51
6 7 17 37 57 7 16 47 50 0 20 40 10 60 30
#c 8 2 4 6 3 6 0 9 2 5 8 0 4 6 3 0 9 9 2 5 8 7 4 2 5 0 4 0 6 5 8 7 4 6 3 7 1 9 2 5 8 5 4 5 3 7 1 9 2 5 8 7 4 2 3 6 2 9 2 5 8 7 4 0 3
7 8 17 25 37 57 7 16 47 62 12 22 2 26 32 42 52
7 9 17 25 37 57 7 16 47 48 38 8 58 53 1 23 56 18
7 2 17 25 37 57 7 16 47 46 36
5 8 11 6 27 63 15 62 12 22 2 26 32 42 52
5 6 11 6 27 63 15 13 33 5 3 55 28
5 6 11 6 27 63 15 45 21 35 31 61 51
5 7 11 6 27 63 15 50 0 20 40 10 60 30
#c 8 2 4 6 3 6 9 0 2 5 8 9 4 6 3 9 0 0 2 5 8 7 4 2 5 0 4 9 6 5 8 7 4 6 3 7 1 0 2 5 8 5 4 5 3 7 1 0 2 5 8 7 4 2 3 6 2 0 2 5 8 7 4 9 3
6 8 25 11 6 27 63 15 62 12 22 2 26 32 42 52
6 9 25 11 6 27 63 15 48 38 8 58 53 1 23 56 18
6 2 25 11 6 27 63 15 46 36
6 8 17 37 57 7 16 47 62 12 22 2 26 32 42 52
6 6 17 37 57 7 16 47 13 33 5 3 55 28
6 6 17 37 57 7 16 47 45 21 35 31 61 51
6 7 17 37 57 7 16 47 50 0 20 40 10 60 30
#c 8 2 4 6 3 6 0 9 2 5 8 0 4 6 3 0 9 9 2 5 8 7 4 2 5 0 4 0 6 5 8 7 4 6 3 7 1 9 2 5 8 5 4 5 3 7 1 9 2 5 8 7 4 2 3 6 2 9 2 5 8 7 4 0 3
7 8 17 25 37 57 7 16 47 62 12 22 2 26 32 42 52
7 9 17 25 37 57 7 16 47 48 38 8 58 53 1 23 56 18
7 2 17 25 37 57 7 16 47 46 36
5 8 11 6 27 63 15 62 12 22 2 26 32 42 52
5 6 11 6 27 63 15 13 33 5 3 55 28
5 6 11 6 27 63 15 45 21 35 31 61 51
5 7 11 6 27 63 15 50 0 20 40 10 60 30
#c 8 2 4 6 3 6 9 0 2 5 8 9 4 6 3 9 0 0 2 5 8 7 4 2 5 0 4 9 6 5 8 7 4 6 3 7 1 0 2 5 8 5 4 5 3 7 1 0 2 5 8 7 4 2 3 6 2 0 2 5 8 7 4 9 3
6 8 25 11 6 27 63 15 62 12 22 2 26 32 42 52
6 9 25 11 6 27 63 15 48 38 8 58 53 1 23 56 18
6 2 25 11 6 27 63 15 46 36
6 8 17 37 57 7 16 47 62 12 22 2 26 32 42 52
6 6 17 37 57 7 16 47 13 33 5 3 55 28
6 6 17 37 57 7 16 47 45 21 35 31 61 51
6 7 17 37 57 7 16 47 50 0 20 40 10 60 30
#c 8 2 4 6 3 6 0 9 2 5 8 0 4 6 3 0 9 9 2 5 8 7 4 2 5 0 4 0 6 5 8 7 4 6 3 7 1 9 2 5 8 5 4 5 3 7 1 9 2 5 8 7 4 2 3 6 2 9 2 5 8 7 4 0 3
7 8 17 25 37 57 7 16 47 62 12 22 2 26 32 42 52
7 9 17 25 37 57 7 16 47 48 38 8 58 53 1 23 56 18
7 2 17 25 37 57 7 16 47 46 36
5 8 11 6 27 63 15 62 12 22 2 26 32 42 52
5 6 11 6 27 63 15 13 33 5 3 55 28
5 6 11 6 27 63 15 45 21 35 31 61 51
5 7 11 6 27 63 15 50 0 20 40 10 60 30
#c 8 2 4 6 3 6 9 0 2 5 8 9 4 6 3 9 0 0 2 5 8 7 4 2 5 0 4 9 6 5 8 7 4 6 3 7 1 0 2 5 8 5 4 5 3 7 1 0 2 5 8 7 4 2 3 6 2 0 2 5 8 7 4 9 3
6 8 25 11 6 27 63 15 62 12 22 2 26 32 42 52
6 9 25 11 6 27 63 15 48 38 8 58 53 1 23 56 18
6 2 25 11 6 27 63 15 46 36
6 8 17 37 57 7 16 47 62 12 22 2 26 32 42 52
6 6 17 37 57 7 16 47 13 33 5 3 55 28
6 6 17 37 57 7 16 47 45 21 35 31 61 51
6 7 17 37 57 7 16 47 50 0 20 40 10 60 30
#c 8 2 4 6 3 6 0 9 2 5 8 0 4 6 3 0 9 9 2 5 8 7 4 2 5 0 4 0 6 5 8 7 4 6 3 7 1 9 2 5 8 5 4 5 3 7 1 9 2 5 8 7 4 2 3 6 2 9 2 5 8 7 4 0 3
7 8 17 25 37 57 7 16 47 62 12 22 2 26 32 42 52
7 9 17 25 37 57 7 16 47 48 38 8 58 53 1 23 56 18
7 2 17 25 37 57 7 16 47 46 36
5 8 11 6 27 63 15 62 12 22 2 26 32 42 52
5 6 11 6 27 63 15 13 33 5 3 55 28
5 6 11 6 27 63 15 45 21 35 31 61 51
5 7 11 6 27 63 15 50 0 20 40 10 60 30
#c 8 2 4 6 3 6 9 0 2 5 8 9 4 6 3 9 0 0 2 5 8 7 4 2 5 0 4 9 6 5 8 7 4 6 3 7 1 0 2 5 8 5 4 5 3 7 1 0 2 5 8 7 4 2 3 6 2 0 2 5 8 7 4 9 3
6 8 25 11 6 27 63 15 62 12 22 2 26 32 42 52
6 9 25 11 6 27 63 15 48 38 8 58 53 1 23 56 18
6 2 25 11 6 27 63 15 46 36
6 8 17 37 57 7 16 47 62 12 22 2 26 32 42 52
6 6 17 37 57 7 16 47 13 33 5 3 55 28
6 6 17 37 57 7 16 47 45 21 35 31 61 51
6 7 17 37 57 7 16 47 50 0 20 40 10 60 30
#c 8 2 4 6 3 6 0 9 2 5 8 0 4 6 3 0 9 9 2 5 8 7 4 2 5 0 4 0 6 5 8 7 4 6 3 7 1 9 2 5 8 5 4 5 3 7 1 9 2 5 8 7 4 2 3 6 2 9 2 5 8 7 4 0 3
7 8 17 25 37 57 7 16 47 62 12 22 2 26 32 42 52
7 9 17 25 37 57 7 16 47 48 38 8 58 53 1 23 56 18
7 2 17 25 37 57 7 16 47 46 36
5 8 11 6 27 63 15 62 12 22 2 26 32 42 52
5 6 11 6 27 63 15 13 33 5 3 55 28
5 6 11 6 27 63 15 45 21 35 31 61 51
5 7 11 6 27 63 15 50 0 20 40 10 60 30
#c 8 2 4 6 3 6 9 0 2 5 8 9 4 6 3 9 0 0 2 5 8 7 4 2 5 0 4 9 6 5 8 7 4 6 3 7 1 0 2 5 8 5 4 5 3 7 1 0 2 5 8 7 4 2 3 6 2 0 2 5 8 7 4 9 3
6 8 25 11 6 27 63 15 62 12 22 2 26 32 42 52
6 9 25 11 6 27 63 15 48 38 8 58 53 1 23 56 18
6 2 25 11 6 27 63 15 46 36
6 8 17 37 57 7 16 47 62 12 22 2 26 32 42 52
6 6 17 37 57 7 16 47 13 33 5 3 55 28
6 6 17 37 57 7 16 47 45 21 35 31 61 51
6 7 17 37 57 7 16 47 50 0 20 40 10 60 30
#c 8 2 4 6 3 6 0 9 2 5 8 0 4 6 3 0 9 9 2 5 8 7 4 2 5 0 4 0 6 5 8 7 4 6 3 7 1 9 2 5 8 5 4 5 3 7 1 9 2 5 8 7 4 2 3 6 2 9 2 5 8 7 4 0 3
7 8 17 25 37 57 7 16 47 62 12 22 2 26 32 42 52
7 9 17 25 37 57 7 16 47 48 38 8 58 53 1 23 56 18
7 2 17 25 37 57 7 16 47 46 36
5 8 11 6 27 63 15 62 12 22 2 26 32 42 52
5 6 11 6 27 63 15 13 33 5 3 55 28
5 6 11 6 27 63 15 45 21 35 31 61 51
5 7 11 6 27 63 15 50 0 20 40 10 60 30
#c 8 2 4 6 3 6 9 0 2 5 8 9 4 6 3 9 0 0 2 5 8 7 4 2 5 0 4 9 6 5 8 7 4 6 3 7 1 0 2 5 8 5 4 5 3 7 1 0 2 5 8 7 4 2 3 6 2 0 2 5 8 7 4 9 3
6 8 25 11 6 27 63 15 62 12 22 2 26 32 42 52
6 9 25 11 6 27 63 15 48 38 8 58 53 1 23 56 18
6 2 25 11 6 27 63 15 46 36
6 8 17 37 57 7 16 47 62 12 22 2 26 32 42 52
6 6 17 37 57 7 16 47 13 33 5 3 55 28
6 6 17 37 57 7 16 47 45 21 35 31 61 51
6 7 17 37 57 7 16 47 50 0 20 40 10 60 30
#c 8 2 4 6 3 6 0 9 2 5 8 0 4 6 3 0 9 9 2 5 8 7 4 2 5 0 4 0 6 5 8 7 4 6 3 7 1 9 2 5 8 5 4 5 3 7 1 9 2 5 8 7 4 2 3 6 2 9 2 5 8 7 4 0 3
7 8 17 25 37 57 7 16 47 62 12 22 2 26 32 42 52
7 9 17 25 37 57 7 16 47 48 38 8 58 53 1 23 56 18
7 2 17 25 37 57 7 16 47 46 36
5 8 11 6 27 63 15 62 12 22 2 26 32 42 52
5 6 11 6 27 63 15 13 33 5 3 55 28
5 6 11 6 27 63 15 45 21 35 31 61 51
5 7 11 6 27 63 15 50 0 20 40 10 60 30
#c 8 2 4 6 3 6 9 0 2 5 8 9 4 6 3 9 0 0 2 5 8 7 4 2 5 0 4 9 6 5 8 7 4 6 3 7 1 0 2 5 8 5 4 5 3 7 1 0 2 5 8 7 4 2 3 6 2 0 2 5 8 7 4 9 3
6 8 25 11 6 27 63 15 62 12 22 2 26 32 42 52
6 9 25 11 6 27 63 15 48 38 8 58 53 1 23 56 18
6 2 25 11 6 27 63 15 46 36
6 8 17 37 57 7 16 47 62 12 22 2 26 32 42 52
6 6 17 37 57 7 16 47 13 33 5 3 55 28
6 6 17 37 57 7 16 47 45 21 35 31 61 51
6 7 17 37 57 7 16 47 50 0 20 40 10 60 30
#c 8 2 4 6 3 6 0 9 2 5 8 0 4 6 3 0 9 9 2 5 8 7 4 2 5 0 4 0 6 5 8 7 4 6 3 7 1 9 2 5 8 5 4 5 3 7 1 9 2 5 8 7 4 2 3 6 2 9 2 5 8 7 4 0 3
7 8 17 25 37 57 7 16 47 62 12 22 2 26 32 42 52
7 9 17 25 37 57 7 16 47 48 38 8 58 53 1 23 56 18
7 2 17 25 37 57 7 16 47 46 36
5 8 11 6 27 63 15 62 12 22 2 26 32 42 52
5 6 11 6 27 63 15 13 33 5 3 55 28
5 6 11 6 27 63 15 45 21 35 31 61 51
5 7 11 6 27 63 15 50 0 20 40 10 60 30
#c 8 2 4 6 3 6 9 0 2 5 8 9 4 6 3 9 0 0 2 5 8 7 4 2 5 0 4 9 6 5 8 7 4 6 3 7 1 0 2 5 8 5 4 5 3 7 1 0 2 5 8 7 4 2 3 6 2 0 2 5 8 7 4 9 3
6 8 25 11 6 27 63 15 62 12 22 2 26 32 42 52
6 9 25 11 6 27 63 15 48 38 8 58 53 1 23 56 18
6 2 25 11 6 27 63 15 46 36
6 8 17 37 57 7 16 47 62 12 22 2 26 32 42 52
6 6 17 37 57 7 16 47 13 33 5 3 55 28
6 6 17 37 57 7 16 47 45 21 35 31 61 51
6 7 17 37 57 7 16 47 50 0 20 40 10 60 30
#c 8 2 4 6 3 6 0 9 2 5 8 0 4 6 3 0 9 9 2 5 8 7 4 2 5 0 4 0 6 5 8 7 4 6 3 7 1 9 2 5 8 5 4 5 3 7 1 9 2 5 8 7 4 2 3 6 2 9 2 5 8 7 4 0 3
7 8 17 25 37 57 7 16 47 62 12 22 2 26 32 42 52
7 9 17 25 37 57 7 16 47 48 38 8 58 53 1 23 56 18
7 2 17 25 37 57 7 16 47 46 36
5 8 11 6 27 63 15 62 12 22 2 26 32 42 52
5 6 11 6 27 63 15 13 33 5 3 55 28
5 6 11 6 27 63 15 45 21 35 31 61 51
5 7 11 6 27 63 15 50 0 20 40 10 60 30
#c 8 2 4 6 3 6 9 0 2 5 8 9 4 6 3 9 0 0 2 5 8 7 4 2 5 0 4 9 6 5 8 7 4 6 3 7 1 0 2 5 8 5 4 5 3 7 1 0 2 5 8 7 4 2 3 6 2 0 2 5 8 7 4 9 3
6 8 25 11 6 27 63 15 62 12 22 2 26 32 42 52
6 9 25 11 6 27 63 15 48 38 8 58 53 1 23 56 18
6 2 25 11 6 27 63 15 46 36
6 8 17 37 57 7 16 47 62 12 22 2 26 32 42 52
6 6 17 37 57 7 16 47 13 33 5 3 55 28
6 6 17 37 57 7 16 47 45 21 35 31 61 51
6 7 17 37 57 7 16 47 50 0 20 40 10 60 30
#c 8 2 4 6 3 6 0 9 2 5 8 0 4 6 3 0 9 9 2 5 8 7 4 2 5 0 4 0 6 5 8 7 4 6 3 7 1 9 2 5 8 5 4 5 3 7 1 9 2 5 8 7 4 2 3 6 2 9 2 5 8 7 4 0 3
7 8 17 25 37 57 7 16 47 62 12 22 2 26 32 42 52
7 9 17 25 37 57 7 16 47 48 38 8 58 53 1 23 56 18
7 2 17 25 37 57 7 16 47 46 36
5 8 11 6 27 63 15 62 12 22 2 26 32 42 52
5 6 11 6 27 63 15 13 33 5 3 55 28
5 6 11 6 27 63 15 45 21 35 31 61 51
5 7 11 6 27 63 15 50 0 20 40 10 60 30
#c 8 2 4 6 3 6 9 0 2 5 8 9 4 6 3 9 0 0 2 5 8 7 4 2 5 0 4 9 6 5 8 7 4 6 3 7 1 0 2 5 8 5 4 5 3 7 1 0 2 5 8 7 4 2 3 6 2 0 2 5 8 7 4 9 3
6 8 25 11 6 27 63 15 62 12 22 2 26 32 42 52
6 9 25 11 6 27 63 15 48 38 8 58 53 1 23 56 18
6 2 25 11 6 27 63 15 46 36
6 8 17 37 57 7 16 47 62 12 22 2 26 32 42 52
6 6 17 37 57 7 16 47 13 33 5 3 55 28
6 6 17 37 57 7 16 47 45 21 35 31 61 51
6 7 17 37 57 7 16 47 50 0 20 40 10 60 30
#c 8 2 4 6 3 6 0 9 2 5 8 0 4 6 3 0 9 9 2 5 8 7 4 2 5 0 4 0 6 5 8 7 4 6 3 7 1 9 2 5 8 5 4 5 3 7 1 9 2 5 8 7 4 2 3 6 2 9 2 5 8 7 4 0 3
7 8 17 25 37 57 7 16 47 62 12 22 2 26 32 42 52
7 9 17 25 37 57 7 16 47 48 38 8 58 53 1 23 56 18
7 2 17 25 37 57 7 16 47 46 36
5 8 11 6 27 63 15 62 12 22 2 26 32 42 52
5 6 11 6 27 63 15 13 33 5 3 55 28
5 6 11 6 27 63 15 45 21 35 31 61 51
5 7 11 6 27 63 15 50 0 20 40 10 60 30
#c 8 2 4 6 3 6 9 0 2 5 8 9 4 6 3 9 0 0 2 5 8 7 4 2 5 0 4 9 6 5 8 7 4 6 3 7 1 0 2 5 8 5 4 5 3 7 1 0 2 5 8 7 4 2 3 6 2 0 2 5 8 7 4 9 3
6 8 25 11 6 27 63 15 62 12 22 2 26 32 42 52
6 9 25 11 6 27 63 15 48 38 8 58 53 1 23 56 18
6 2 25 11 6 27 63 15 46 36
6 8 17 37 57 7 16 47 62 12 22 2 26 32 42 52
6 6 17 37 57 7 16 47 13 33 5 3 55 28
6 6 17 37 57 7 16 47 45 21 35 31 61 51
6 7 17 37 57 7 16 47 50 0 20 40 10 60 30
#c 8 2 4 6 3 6 0 9 2 5 8 0 4 6 3 0 9 9 2 5 8 7 4 2 5 0 4 0 6 5 8 7 4 6 3 7 1 9 2 5 8 5 4 5 3 7 1 9 2 5 8 7 4 2 3 6 2 9 2 5 8 7 4 0 3
7 8 17 25 37 57 7 16 47 62 12 22 2 26 32 42 52
7 9 17 25 37 57 7 16 47 48 38 8 58 53 1 23 56 18
7 2 17 25 37 57 7 16 47 46 36
5 8 11 6 27 63 15 62 12 22 2 26 32 42 52
5 6 11 6 27 63 15 13 33 5 3 55 28
5 6 11 6 27 63 15 45 21 35 31 61 51
5 7 11 6 27 63 15 50 0 20 40 10 60 30
#c 8 2 4 6 3 6 9 0 2 5 8 9 4 6 3 9 0 0 2 5 8 7 4 2 5 0 4 9 6 5 8 7 4 6 3 7 1 0 2 5 8 5 4 5 3 7 1 0 2 5 8 7 4 2 3 6 2 0 2 5 8 7 4 9 3
6 8 25 11 6 27 63 15 62 12 22 2 26 32 42 52
6 9 25 11 6 27 63 15 48 38 8 58 53 1 23 56 18
6 2 25 11 6 27 63 15 46 36
6 8 17 37 57 7 16 47 62 12 22 2 26 32 42 52
6 6 17 37 57 7 16 47 13 33 5 3 55 28
6 6 17 37 57 7 16 47 45 21 35 31 61 51
6 7 17 37 57 7 16 47 50 0 20 40 10 60 30
#c 8 2 4 6 3 6 0 9 2 5 8 0 4 6 3 0 9 9 2 5 8 7 4 2 5 0 4 0 6 5 8 7 4 6 3 7 1 9 2 5 8 5 4 5 3 7 1 9 2 5 8 7 4 2 3 6 2 9 2 5 8 7 4 0 3
7 8 17 25 37 57 7 16 47 62 12 22 2 26 32 42 52
7 9 17 25 37 57 7 16 47 48 38 8 58 53 1 23 56 18
7 2 17 25 37 57 7 16 47 46 36
5 8 11 6 27 63 15 62 12 22 2 26 32 42 52
5 6 11 6 27 63 15 13 33 5 3 55 28
5 6 11 6 27 63 15 45 21 35 31 61 51
5 7 11 6 27 63 15 50 0 20 40 10 60 30
#c 8 2 4 6 3 6 9 0 2 5 8 9 4 6 3 9 0 0 2 5 8 7 4 2 5 0 4 9 6 5 8 7 4 6 3 7 1 0 2 5 8 5 4 5 3 7 1 0 2 5 8 7 4 2 3 6 2 0 2 5 8 7 4 9 3
6 8 25 11 6 27 63 15 62 12 22 2 26 32 42 52
6 9 25 11 6 27 63 15 48 38 8 58 53 1 23 56 18
6 2 25 11 6 27 63 15 46 36
6 8 17 37 57 7 16 47 62 12 22 2 26 32 42 52
6 6 17 37 57 7 16 47 13 33 5 3 55 28
6 6 17 37 57 7 16 47 45 21 35 31 61 51
6 7 17 37 57 7 16 47 50 0 20 40 10 60 30
#c 8 2 4 6 3 6 0 9 2 5 8 0 4 6 3 0 9 9 2 5 8 7 4 2 5 0 4 0 6 5 8 7 4 6 3 7 1 9 2 5 8 5 4 5 3 7 1 9 2 5 8 7 4 2 3 6 2 9 2 5 8 7 4 0 3
7 8 17 25 37 57 7 16 47 62 12 22 2 26 32 42 52
7 9 17 25 37 57 7 16 47 48 38 8 58 53 1 23 56 18
7 2 17 25 37 57 7 16 47 46 36
5 8 11 6 27 63 15 62 12 22 2 26 32 42 52
5 6 11 6 27 63 15 13 33 5 3 55 28
5 6 11 6 27 63 15 45 21 35 31 61 51
5 7 11 6 27 63 15 50 0 20 40 10 60 30
#c 8 2 4 6 3 6 9 0 2 5 8 9 4 6 3 9 0 0 2 5 8 7 4 2 5 0 4 9 6 5 8 7 4 6 3 7 1 0 2 5 8 5 4 5 3 7 1 0 2 5 8 7 4 2 3 6 2 0 2 5 8 7 4 9 3
6 8 25 11 6 27 63 15 62 12 22 2 26 32 42 52
6 9 25 11 6 27 63 15 48 38 8 58 53 1 23 56 18
6 2 25 11 6 27 63 15 46 36
6 8 17 37 57 7 16 47 62 12 22 2 26 32 42 52
6 6 17 37 57 7 16 47 13 33 5 3 55 28
6 6 17 37 57 7 16 47 45 21 35 31 61 51
6 7 17 37 57 7 16 47 50 0 20 40 10 60 30
#c 8 2 4 6 3 6 0 9 2 5 8 0 4 6 3 0 9 9 2 5 8 7 4 2 5 0 4 0 6 5 8 7 4 6 3 7 1 9 2 5 8 5 4 5 3 7 1 9 2 5 8 7 4 2 3 6 2 9 2 5 8 7 4 0 3
7 8 17 25 37 57 7 16 47 62 12 22 2 26 32 42 52
7 9 17 25 37 57 7 16 47 48 38 8 58 53 1 23 56 18
7 2 17 25 37 57 7 16 47 46 36
5 8 11 6 27 63 15 62 12 22 2 26 32 42 52
5 6 11 6 27 63 15 13 33 5 3 55 28
5 6 11 6 27 63 15 45 21 35 31 61 51
5 7 11 6 27 63 15 50 0 20 40 10 60 30
#c 8 2 4 6 3 6 9 0 2 5 8 9 4 6 3 9 0 0 2 5 8 7 4 2 5 0 4 9 6 5 8 7 4 6 3 7 1 0 2 5 8 5 4 5 3 7 1 0 2 5 8 7 4 2 3 6 2 0 2 5 8 7 4 9 3
6 8 25 11 6 27 63 15 62 12 22 2 26 32 42 52
6 9 25 11 6 27 63 15 48 38 8 58 53 1 23 56 18
6 2 25 11 6 27 63 15 46 36
6 8 17 37 57 7 16 47 62 12 22 2 26 32 42 52
6 6 17 37 57 7 16 47 13 33 5 3 55 28
6 6 17 37 57 7 16 47 45 21 35 31 61 51
6 7 17 37 57 7 16 47 50 0 20 40 10 60 30
#c 8 2 4 6 3 6 0 9 2 5 8 0 4 6 3 0 9 9 2 5 8 7 4 2 5 0 4 0 6 5 8 7 4 6 3 7 1 9 2 5 8 5 4 5 3 7 1 9 2 5 8 7 4 2 3 6 2 9 2 5 8 7 4 0 3
7 8 17 25 37 57 7 16 47 62 12 22 2 26 32 42 52
7 9 17 25 37 57 7 16 47 48 38 8 58 53 1 23 56 18
7 2 17 25 37 57 7 16 47 46 36
5 8 11 6 27 63 15 62 12 22 2 26 32 42 52
5 6 11 6 27 63 15 13 33 5 3 55 28
5 6 11 6 27 63 15 45 21 35 31 61 51
5 7 11 6 27 63 15 50 0 20 40 10 60 30
#c 8 2 4 6 3 6 9 0 2 5 8 9 4 6 3 9 0 0 2 5 8 7 4 2 5 0 4 9 6 5 8 7 4 6 3 7 1 0 2 5 8 5 4 5 3 7 1 0 2 5 8 7 4 2 3 6 2 0 2 5 8 7 4 9 3
6 8 25 11 6 27 63 15 62 12 22 2 26 32 42 52
6 9 25 11 6 27 63 15 48 38 8 58 53 1 23 56 18
6 2 25 11 6 27 63 15 46 36
6 8 17 37 57 7 16 47 62 12 22 2 26 32 42 52
6 6 17 37 57 7 16 47 13 33 5 3 55 28
6 6 17 37 57 7 16 47 45 21 35 31 61 51
6 7 17 37 57 7 16 47 50 0 20 40 10 60 30
#c 8 2 4 6 3 6 0 9 2 5 8 0 4 6 3 0 9 9 2 5 8 7 4 2 5 0 4 0 6 5 8 7 4 6 3 7 1 9 2 5 8 5 4 5 3 7 1 9 2 5 8 7 4 2 3 6 2 9 2 5 8 7 4 0 3
7 8 17 25 37 57 7 16 47 62 12 22 2 26 32 42 52
7 9 17 25 37 57 7 16 47 48 38 8 58 53 1 23 56 18
7 2 17 25 37 57 7 16 47 46 36
5 8 11 6 27 63 15 62 12 22 2 26 32 42 52
5 6 11 6 27 63 15 13 33 5 3 55 28
5 6 11 6 27 63 15 45 21 35 31 61 51
5 7 11 6 27 63 15 50 0 20 40 10 60 30
#c 8 2 4 6 3 6 9 0 2 5 8 9 4 6 3 9 0 0 2 5 8 7 4 2 5 0 4 9 6 5 8 7 4 6 3 7 1 0 2 5 8 5 4 5 3 7 1 0 2 5 8 7 4 2 3 6 2 0 2 5 8 7 4 9 3
6 8 25 11 6 27 63 15 62 12 22 2 26 32 42 52
6 9 25 11 6 27 63 15 48 38 8 58 53 1 23 56 18
6 2 25 11 6 27 63 15 46 36
6 8 17 37 57 7 16 47 62 12 22 2 26 32 42 52
6 6 17 37 57 7 16 47 13 33 5 3 55 28
6 6 17 37 57 7 16 47 45 21 35 31 61 51
6 7 17 37 57 7 16 47 50 0 20 40 10 60 30
#c 8 2 4 6 3 6 0 9 2 5 8 0 4 6 3 0 9 9 2 5 8 7 4 2 5 0 4 0 6 5 8 7 4 6 3 7 1 9 2 5 8 5 4 5 3 7 1 9 2 5 8 7 4 2 3 6 2 9 2 5 8 7 4 0 3
7 8 17 25 37 57 7 16 47 62 12 22 2 26 32 42 52
7 9 17 25 37 57 7 16 47 48 38 8 58 53 1 23 56 18
7 2 17 25 37 57 7 16 47 46 36
5 8 11 6 27 63 15 62 12 22 2 26 32 42 52
5 6 11 6 27 63 15 13 33 5 3 55 28
5 6 11 6 27 63 15 45 21 35 31 61 51
5 7 11 6 27 63 15 50 0 20 40 10 60 30
#c 8 2 4 6 3 6 9 0 2 5 8 9 4 6 3 9 0 0 2 5 8 7 4 2 5 0 4 9 6 5 8 7 4 6 3 7 1 0 2 5 8 5 4 5 3 7 1 0 2 5 8 7 4 2 3 6 2 0 2 5 8 7 4 9 3
6 8 25 11 6 27 63 15 62 12 22 2 26 32 42 52
6 9 25 11 6 27 63 15 48 38 8 58 53 1 23 56 18
6 2 25 11 6 27 63 15 46 36
6 8 17 37 57 7 16 47 62 12 22 2 26 32 42 52
6 6 17 37 57 7 16 47 13 33 5 3 55 28
6 6 17 37 57 7 16 47 45 21 35 31 61 51
6 7 17 37 57 7 16 47 50 0 20 40 10 60 30
#c 8 2 4 6 3 6 0 9 2 5 8 0 4 6 3 0 9 9 2 5 8 7 4 2 5 0 4 0 6 5 8 7 4 6 3 7 1 9 2 5 8 5 4 5 3 7 1 9 2 5 8 7 4 2 3 6 2 9 2 5 8 7 4 0 3
7 8 17 25 37 57 7 16 47 62 12 22 2 26 32 42 52
7 9 17 25 37 57 7 16 47 48 38 8 58 53 1 23 56 18
7 2 17 25 37 57 7 16 47 46 36
5 8 11 6 27 63 15 62 12 22 2 26 32 42 52
5 6 11 6 27 63 15 13 33 5 3 55 28
5 6 11 6 27 63 15 45 21 35 31 61 51
5 7 11 6 27 63 15 50 0 20 40 10 60 30
#c 8 2 4 6 3 6 9 0 2 5 8 9 4 6 3 9 0 0 2 5 8 7 4 2 5 0 4 9 6 5 8 7 4 6 3 7 1 0 2 5 8 5 4 5 3 7 1 0 2 5 8 7 4 2 3 6 2 0 2 5 8 7 4 9 3
6 8 25 11 6 27 63 15 62 12 22 2 26 32 42 52
6 9 25 11 6 27 63 15 48 38 8 58 53 1 23 56 18
6 2 25 11 6 27 63 15 46 36
6 8 17 37 57 7 16 47 62 12 22 2 26 32 42 52
6 6 17 37 57 7 16 47 13 33 5 3 55 28
6 6 17 37 57 7 16 47 45 21 35 31 61 51
6 7 17 37 57 7 16 47 50 0 20 40 10 60 30
#c 8 2 4 6 3 6 0 9 2 5 8 0 4 6 3 0 9 9 2 5 8 7 4 2 5 0 4 0 6 5 8 7 4 6 3 7 1 9 2 5 8 5 4 5 3 7 1 9 2 5 8 7 4 2 3 6 2 9 2 5 8 7 4 0 3
7 8 17 25 37 57 7 16 47 62 12 22 2 26 32 42 52
7 9 17 25 37 57 7 16 47 48 38 8 58 53 1 23 56 18
7 2 17 25 37 57 7 16 47 46 36
5 8 11 6 27 63 15 62 12 22 2 26 32 42 52
5 6 11 6 27 63 15 13 33 5 3 55 28
5 6 11 6 27 63 15 45 21 35 31 61 51
5 7 11 6 27 63 15 50 0 20 40 10 60 30
#c 8 2 4 6 3 6 9 0 2 5 8 9 4 6 3 9 0 0 2 5 8 7 4 2 5 0 4 9 6 5 8 7 4 6 3 7 1 0 2 5 8 5 4 5 3 7 1 0 2 5 8 7 4 2 3 6 2 0 2 5 8 7 4 9 3
6 8 25 11 6 27 63 15 62 12 22 2 26 32 42 52
6 9 25 11 6 27 63 15 48 38 8 58 53 1 23 56 18
6 2 25 11 6 27 63 15 46 36
6 8 17 37 57 7 16 47 62 12 22 2 26 32 42 52
6 6 17 37 57 7 16 47 13 33 5 3 55 28
6 6 17 37 57 7 16 47 45 21 35 31 61 51
6 7 17 37 57 7 16 47 50 0 20 40 10 60 30
#c 8 2 4 6 3 6 0 9 2 5 8 0 4 6 3 0 9 9 2 5 8 7 4 2 5 0 4 0 6 5 8 7 4 6 3 7 1 9 2 5 8 5 4 5 3 7 1 9 2 5 8 7 4 2 3 6 2 9 2 5 8 7 4 0 3
7 8 17 25 37 57 7 16 47 62 12 22 2 26 32 42 52
7 9 17 25 37 57 7 16 47 48 38 8 58 53 1 23 56 18
7 2 17 25 37 57 7 16 47 46 36
5 8 11 6 27 63 15 62 12 22 2 26 32 42 52
5 6 11 6 27 63 15 13 33 5 3 55 28
5 6 11 6 27 63 15 45 21 35 31 61 51
5 7 11 6 27 63 15 50 0 20 40 10 60 30
#c 8 2 4 6 3 6 9 0 2 5 8 9 4 6 3 9 0 0 2 5 8 7 4 2 5 0 4 9 6 5 8 7 4 6 3 7 1 0 2 5 8 5 4 5 3 7 1 0 2 5 8 7 4 2 3 6 2 0 2 5 8 7 4 9 3
6 8 25 11 6 27 63 15 62 12 22 2 26 32 42 52
6 9 25 11 6 27 63 15 48 38 8 58 53 1 23 56 18
6 2 25 11 6 27 63 15 46 36
6 8 17 37 57 7 16 47 62 12 22 2 26 32 42 52
6 6 17 37 57 7 16 47 13 33 5 3 55 28
6 6 17 37 57 7 16 47 45 21 35 31 61 51
6 7 17 37 57 7 16 47 50 0 20 40 10 60 30
#c 8 2 4 6 3 6 0 9 2 5 8 0 4 6 3 0 9 9 2 5 8 7 4 2 5 0 4 0 6 5 8 7 4 6 3 7 1 9 2 5 8 5 4 5 3 7 1 9 2 5 8 7 4 2 3 6 2 9 2 5 8 7 4 0 3
7 8 17 25 37 57 7 16 47 62 12 22 2 26 32 42 52
7 9 17 25 37 57 7 16 47 48 38 8 58 53 1 23 56 18
7 2 17 25 37 57 7 16 47 46 36
5 8 11 6 27 63 15 62 12 22 2 26 32 42 52
5 6 11 6 27 63 15 13 33 5 3 55 28
5 6 11 6 27 63 15 45 21 35 31 61 51
5 7 11 6 27 63 15 50 0 20 40 10 60 30
#c 8 2 4 6 3 6 9 0 2 5 8 9 4 6 3 9 0 0 2 5 8 7 4 2 5 0 4 9 6 5 8 7 4 6 3 7 1 0 2 5 8 5 4 5 3 7 1 0 2 5 8 7 4 2 3 6 2 0 2 5 8 7 4 9 3
6 8 25 11 6 27 63 15 62 12 22 2 26 32 42 52
6 9 25 11 6 27 63 15 48 38 8 58 53 1 23 56 18
6 2 25 11 6 27 63 15 46 36
6 8 17 37 57 7 16 47 62 12 22 2 26 32 42 52
6 6 17 37 57 7 16 47 13 33 5 3 55 28
6 6 17 37 57 7 16 47 45 21 35 31 61 51
6 7 17 37 57 7 16 47 50 0 20 40 10 60 30
#c 8 2 4 6 3 6 0 9 2 5 8 0 4 6 3 0 9 9 2 5 8 7 4 2 5 0 4 0 6 5 8 7 4 6 3 7 1 9 2 5 8 5 4 5 3 7 1 9 2 5 8 7 4 2 3 6 2 9 2 5 8 7 4 0 3
7 8 17 25 37 57 7 16 47 62 12 22 2 26 32 42 52
7 9 17 25 37 57 7 16 47 48 38 8 58 53 1 23 56 18
7 2 17 25 37 57 7 16 47 46 36
5 8 11 6 27 63 15 62 12 22 2 26 32 42 52
5 6 11 6 27 63 15 13 33 5 3 55 28
5 6 11 6 27 63 15 45 21 35 31 61 51
5 7 11 6 27 63 15 50 0 20 40 10 60 30
#c 8 2 4 6 3 6 9 0 2 5 8 9 4 6 3 9 0 0 2 5 8 7 4 2 5 0 4 9 6 5 8 7 4 6 3 7 1 0 2 5 8 5 4 5 3 7 1 0 2 5 8 7 4 2 3 6 2 0 2 5 8 7 4 9 3
6 8 25 11 6 27 63 15 62 12 22 2 26 32 42 52
6 9 25 11 6 27 63 15 48 38 8 58 53 1 23 56 18
6 2 25 11 6 27 63 15 46 36
6 8 17 37 57 7 16 47 62 12 22 2 26 32 42 52
6 6 17 37 57 7 16 47 13 33 5 3 55 28
6 6 17 37 57 7 16 47 45 21 35 31 61 51
6 7 17 37 57 7 16 47 50 0 20 40 10 60 30
#c 8 2 4 6 3 6 0 9 2 5 8 0 4 6 3 0 9 9 2 5 8 7 4 2 5 0 4 0 6 5 8 7 4 6 3 7 1 9 2 5 8 5 4 5 3 7 1 9 2 5 8 7 4 2 3 6 2 9 2 5 8 7 4 0 3
7 8 17 25 37 57 7 16 47 62 12 22 2 26 32 42 52
7 9 17 25 37 57 7 16 47 48 38 8 58 53 1 23 56 18
7 2 17 25 37 57 7 16 47 46 36
5 8 11 6 27 63 15 62 12 22 2 26 32 42 52
5 6 11 6 27 63 15 13 33 5 3 55 28
5 6 11 6 27 63 15 45 21 35 31 61 51
5 7 11 6 27 63 15 50 0 20 40 10 60 30
#c 8 2 4 6 3 6 9 0 2 5 8 9 4 6 3 9 0 0 2 5 8 7 4 2 5 0 4 9 6 5 8 7 4 6 3 7 1 0 2 5 8 5 4 5 3 7 1 0 2 5 8 7 4 2 3 6 2 0 2 5 8 7 4 9 3
6 8 25 11 6 27 63 15 62 12 22 2 26 32 42 52
6 9 25 11 6 27 63 15 48 38 8 58 53 1 23 56 18
6 2 25 11 6 27 63 15 46 36
6 8 17 37 57 7 16 47 62 12 22 2 26 32 42 52
6 6 17 37 57 7 16 47 13 33 5 3 55 28
6 6 17 37 57 7 16 47 45 21 35 31 61 51
6 7 17 37 57 7 16 47 50 0 20 40 10 60 30
#c 8 2 4 6 3 6 0 9 2 5 8 0 4 6 3 0 9 9 2 5 8 7 4 2 5 0 4 0 6 5 8 7 4 6 3 7 1 9 2 5 8 5 4 5 3 7 1 9 2 5 8 7 4 2 3 6 2 9 2 5 8 7 4 0 3
7 8 17 25 37 57 7 16 47 62 12 22 2 26 32 42 52
7 9 17 25 37 57 7 16 47 48 38 8 58 53 1 23 56 18
7 2 17 25 37 57 7 16 47 46 36
5 8 11 6 27 63 15 62 12 22 2 26 32 42 52
5 6 11 6 27 63 15 13 33 5 3 55 28
5 6 11 6 27 63 15 45 21 35 31 61 51
5 7 11 6 27 63 15 50 0 20 40 10 60 30
#c 8 2 4 6 3 6 9 0 2 5 8 9 4 6 3 9 0 0 2 5 8 7 4 2 5 0 4 9 6 5 8 7 4 6 3 7 1 0 2 5 8 5 4 5 3 7 1 0 2 5 8 7 4 2 3 6 2 0 2 5 8 7 4 9 3
6 8 25 11 6 27 63 15 62 12 22 2 26 32 42 52
6 9 25 11 6 27 63 15 48 38 8 58 53 1 23 56 18
6 2 25 11 6 27 63 15 46 36
6 8 17 37 57 7 16 47 62 12 22 2 26 32 42 52
6 6 17 37 57 7 16 47 13 33 5 3 55 28
6 6 17 37 57 7 16 47 45 21 35 31 61 51
6 7 17 37 57 7 16 47 50 0 20 40 10 60 30
#c 8 2 4 6 3 6 0 9 2 5 8 0 4 6 3 0 9 9 2 5 8 7 4 2 5 0 4 0 6 5 8 7 4 6 3 7 1 9 2 5 8 5 4 5 3 7 1 9 2 5 8 7 4 2 3 6 2 9 2 5 8 7 4 0 3
7 8 17 25 37 57 7 16 47 62 12 22 2 26 32 42 52
7 9 17 25 37 57 7 16 47 48 38 8 58 53 1 23 56 18
7 2 17 25 37 57 7 16 47 46 36
5 8 11 6 27 63 15 62 12 22 2 26 32 42 52
5 6 11 6 27 63 15 13 33 5 3 55 28
5 6 11 6 27 63 15 45 21 35 31 61 51
5 7 11 6 27 63 15 50 0 20 40 10 60 30
#c 8 2 4 6 3 6 9 0 2 5 8 9 4 6 3 9 0 0 2 5 8 7 4 2 5 0 4 9 6 5 8 7 4 6 3 7 1 0 2 5 8 5 4 5 3 7 1 0 2 5 8 7 4 2 3 6 2 0 2 5 8 7 4 9 3
6 8 25 11 6 27 63 15 62 12 22 2 26 32 42 52
6 9 25 11 6 27 63 15 48 38 8 58 53 1 23 56 18
6 2 25 11 6 27 63 15 46 36
6 8 17 37 57 7 16 47 62 12 22 2 26 32 42 52
6 6 17 37 57 7 16 47 13 33 5 3 55 28
6 6 17 37 57 7 16 47 45 21 35 31 61 51
6 7 17 37 57 7 16 47 50 0 20 40 10 60 30
#c 8 2 4 6 3 6 0 9 2 5 8 0 4 6 3 0 9 9 2 5 8 7 4 2 5 0 4 0 6 5 8 7 4 6 3 7 1 9 2 5 8 5 4 5 3 7 1 9 2 5 8 7 4 2 3 6 2 9 2 5 8 7 4 0 3
7 8 17 25 37 57 7 16 47 62 12 22 2 26 32 42 52
7 9 17 25 37 57 7 16 47 48 38 8 58 53 1 23 56 18
7 2 17 25 37 57 7 16 47 46 36
5 8 11 6 27 63 15 62 12 22 2 26 32 42 52
5 6 11 6 27 63 15 13 33 5 3 55 28
5 6 11 6 27 63 15 45 21 35 31 61 51
5 7 11 6 27 63 15 50 0 20 40 10 60 30
#c 8 2 4 6 3 6 9 0 2 5 8 9 4 6 3 9 0 0 2 5 8 7 4 2 5 0 4 9 6 5 8 7 4 6 3 7 1 0 2 5 8 5 4 5 3 7 1 0 2 5 8 7 4 2 3 6 2 0 2 5 8 7 4 9 3
6 8 25 11 6 27 63 15 62 12 22 2 26 32 42 52
6 9 25 11 6 27 63 15 48 38 8 58 53 1 23 56 18
6 2 25 11 6 27 63 15 46 36
6 8 17 37 57 7 16 47 62 12 22 2 26 32 42 52
6 6 17 37 57 7 16 47 13 33 5 3 55 28
6 6 17 37 57 7 16 47 45 21 35 31 61 51
6 7 17 37 57 7 16 47 50 0 20 40 10 60 30
#c 8 2 4 6 3 6 0 9 2 5 8 0 4 6 3 0 9 9 2 5 8 7 4 2 5 0 4 0 6 5 8 7 4 6 3 7 1 9 2 5 8 5 4 5 3 7 1 9 2 5 8 7 4 2 3 6 2 9 2 5 8 7 4 0 3
7 8 17 25 37 57 7 16 47 62 12 22 2 26 32 42 52
7 9 17 25 37 57 7 16 47 48 38 8 58 53 1 23 56 18
7 2 17 25 37 57 7 16 47 46 36
5 8 11 6 27 63 15 62 12 22 2 26 32 42 52
5 6 11 6 27 63 15 13 33 5 3 55 28
5 6 11 6 27 63 15 45 21 35 31 61 51
5 7 11 6 27 63 15 50 0 20 40 10 60 30
#c 8 2 4 6 3 6 9 0 2 5 8 9 4 6 3 9 0 0 2 5 8 7 4 2 5 0 4 9 6 5 8 7 4 6 3 7 1 0 2 5 8 5 4 5 3 7 1 0 2 5 8 7 4 2 3 6 2 0 2 5 8 7 4 9 3
6 8 25 11 6 27 63 15 62 12 22 2 26 32 42 52
6 9 25 11 6 27 63 15 48 38 8 58 53 1 23 56 18
6 2 25 11 6 27 63 15 46 36
6 8 17 37 57 7 16 47 62 12 22 2 26 32 42 52
6 6 17 37 57 7 16 47 13 33 5 3 55 28
6 6 17 37 57 7 16 47 45 21 35 31 61 51
6 7 17 37 57 7 16 47 50 0 20 40 10 60 30
#c 8 2 4 6 3 6 0 9 2 5 8 0 4 6 3 0 9 9 2 5 8 7 4 2 5 0 4 0 6 5 8 7 4 6 3 7 1 9 2 5 8 5 4 5 3 7 1 9 2 5 8 7 4 2 3 6 2 9 2 5 8 7 4 0 3
7 8 17 25 37 57 7 16 47 62 12 22 2 26 32 42 52
7 9 17 25 37 57 7 16 47 48 38 8 58 53 1 23 56 18
7 2 17 25 37 57 7 16 47 46 36
5 8 11 6 27 63 15 62 12 22 2 26 32 42 52
5 6 11 6 27 63 15 13 33 5 3 55 28
5 6 11 6 27 63 15 45 21 35 31 61 51
5 7 11 6 27 63 15 50 0 20 40 10 60 30
#c 8 2 4 6 3 6 9 0 2 5 8 9 4 6 3 9 0 0 2 5 8 7 4 2 5 0 4 9 6 5 8 7 4 6 3 7 1 0 2 5 8 5 4 5 3 7 1 0 2 5 8 7 4 2 3 6 2 0 2 5 8 7 4 9 3
6 8 25 11 6 27 63 15 62 12 22 2 26 32 42 52
6 9 25 11 6 27 63 15 48 38 8 58 53 1 23 56 18
6 2 25 11 6 27 63 15 46 36
6 8 17 37 57 7 16 47 62 12 22 2 26 32 42 52
6 6 17 37 57 7 16 47 13 33 5 3 55 28
6 6 17 37 57 7 16 47 45 21 35 31 61 51
6 7 17 37 57 7 16 47 50 0 20 40 10 60 30
#c 8 2 4 6 3 6 0 9 2 5 8 0 4 6 3 0 9 9 2 5 8 7 4 2 5 0 4 0 6 5 8 7 4 6 3 7 1 9 2 5 8 5 4 5 3 7 1 9 2 5 8 7 4 2 3 6 2 9 2 5 8 7 4 0 3
7 8 17 25 37 57 7 16 47 62 12 22 2 26 32 42 52
7 9 17 25 37 57 7 16 47 48 38 8 58 53 1 23 56 18
7 2 17 25 37 57 7 16 47 46 36
5 8 11 6 27 63 15 62 12 22 2 26 32 42 52
5 6 11 6 27 63 15 13 33 5 3 55 28
5 6 11 6 27 63 15 45 21 35 31 61 51
5 7 11 6 27 63 15 50 0 20 40 10 60 30
#c 8 2 4 6 3 6 9 0 2 5 8 9 4 6 3 9 0 0 2 5 8 7 4 2 5 0 4 9 6 5 8 7 4 6 3 7 1 0 2 5 8 5 4 5 3 7 1 0 2 5 8 7 4 2 3 6 2 0 2 5 8 7 4 9 3
6 8 25 11 6 27 63 15 62 12 22 2 26 32 42 52
6 9 25 11 6 27 63 15 48 38 8 58 53 1 23 56 18
6 2 25 11 6 27 63 15 46 36
6 8 17 37 57 7 16 47 62 12 22 2 26 32 42 52
6 6 17 37 57 7 16 47 13 33 5 3 55 28
6 6 17 37 57 7 16 47 45 21 35 31 61 51
6 7 17 37 57 7 16 47 50 0 20 40 10 60 30
#c 8 2 4 6 3 6 0 9 2 5 8 0 4 6 3 0 9 9 2 5 8 7 4 2 5 0 4 0 6 5 8 7 4 6 3 7 1 9 2 5 8 5 4 5 3 7 1 9 2 5 8 7 4 2 3 6 2 9 2 5 8 7 4 0 3
7 8 17 25 37 57 7 16 47 62 12 22 2 26 32 42 52
7 9 17 25 37 57 7 16 47 48 38 8 58 53 1 23 56 18
7 2 17 25 37 57 7 16 47 46 36
5 8 11 6 27 63 15 62 12 22 2 26 32 42 52
5 6 11 6 27 63 15 13 33 5 3 55 28
5 6 11 6 27 63 15 45 21 35 31 61 51
5 7 11 6 27 63 15 50 0 20 40 10 60 30
#c 8 2 4 6 3 6 9 0 2 5 8 9 4 6 3 9 0 0 2 5 8 7 4 2 5 0 4 9 6 5 8 7 4 6 3 7 1 0 2 5 8 5 4 5 3 7 1 0 2 5 8 7 4 2 3 6 2 0 2 5 8 7 4 9 3
6 8 25 11 6 27 63 15 62 12 22 2 26 32 42 52
6 9 25 11 6 27 63 15 48 38 8 58 53 1 23 56 18
6 2 25 11 6 27 63 15 46 36
6 8 17 37 57 7 16 47 62 12 22 2 26 32 42 52
6 6 17 37 57 7 16 47 13 33 5 3 55 28
6 6 17 37 57 7 16 47 45 21 35 31 61 51
6 7 17 37 57 7 16 47 50 0 20 40 10 60 30
#c 8 2 4 6 3 6 0 9 2 5 8 0 4 6 3 0 9 9 2 5 8 7 4 2 5 0 4 0 6 5 8 7 4 6 3 7 1 9 2 5 8 5 4 5 3 7 1 9 2 5 8 7 4 2 3 6 2 9 2 5 8 7 4 0 3
7 8 17 25 37 57 7 16 47 62 12 22 2 26 32 42 52
7 9 17 25 37 57 7 16 47 48 38 8 58 53 1 23 56 18
7 2 17 25 37 57 7 16 47 46 36
5 8 11 6 27 63 15 62 12 22 2 26 32 42 52
5 6 11 6 27 63 15 13 33 5 3 55 28
5 6 11 6 27 63 15 45 21 35 31 61 51
5 7 11 6 27 63 15 50 0 20 40 10 60 30
#c 8 2 4 6 3 6 9 0 2 5 8 9 4 6 3 9 0 0 2 5 8 7 4 2 5 0 4 9 6 5 8 7 4 6 3 7 1 0 2 5 8 5 4 5 3 7 1 0 2 5 8 7 4 2 3 6 2 0 2 5 8 7 4 9 3
6 8 25 11 6 27 63 15 62 12 22 2 26 32 42 52
6 9 25 11 6 27 63 15 48 38 8 58 53 1 23 56 18
6 2 25 11 6 27 63 15 46 36
6 8 17 37 57 7 16 47 62 12 22 2 26 32 42 52
6 6 17 37 57 7 16 47 13 33 5 3 55 28
6 6 17 37 57 7 16 47 45 21 35 31 61 51
6 7 17 37 57 7 16 47 50 0 20 40 10 60 30
#c 8 2 4 6 3 6 0 9 2 5 8 0 4 6 3 0 9 9 2 5 8 7 4 2 5 0 4 0 6 5 8 7 4 6 3 7 1 9 2 5 8 5 4 5 3 7 1 9 2 5 8 7 4 2 3 6 2 9 2 5 8 7 4 0 3
7 8 17 25 37 57 7 16 47 62 12 22 2 26 32 42 52
7 9 17 25 37 57 7 16 47 48 38 8 58 53 1 23 56 18
7 2 17 25 37 57 7 16 47 46 36
5 8 11 6 27 63 15 62 12 22 2 26 32 42 52
5 6 11 6 27 63 15 13 33 5 3 55 28
5 6 11 6 27 63 15 45 21 35 31 61 51
5 7 11 6 27 63 15 50 0 20 40 10 60 30
#c 8 2 4 6 3 6 9 0 2 5 8 9 4 6 3 9 0 0 2 5 8 7 4 2 5 0 4 9 6 5 8 7 4 6 3 7 1 0 2 5 8 5 4 5 3 7 1 0 2 5 8 7 4 2 3 6 2 0 2 5 8 7 4 9 3
6 8 25 11 6 27 63 15 62 12 22 2 26 32 42 52
6 9 25 11 6 27 63 15 48 38 8 58 53 1 23 56 18
6 2 25 11 6 27 63 15 46 36
6 8 17 37 57 7 16 47 62 12 22 2 26 32 42 52
6 6 17 37 57 7 16 47 13 33 5 3 55 28
6 6 17 37 57 7 16 47 45 21 35 31 61 51
6 7 17 37 57 7 16 47 50 0 20 40 10 60 30
#c 8 2 4 6 3 6 0 9 2 5 8 0 4 6 3 0 9 9 2 5 8 7 4 2 5 0 4 0 6 5 8 7 4 6 3 7 1 9 2 5 8 5 4 5 3 7 1 9 2 5 8 7 4 2 3 6 2 9 2 5 8 7 4 0 3
7 8 17 25 37 57 7 16 47 62 12 22 2 26 32 42 52
7 9 17 25 37 57 7 16 47 48 38 8 58 53 1 23 56 18
7 2 17 25 37 57 7 16 47 46 36
5 8 11 6 27 63 15 62 12 22 2 26 32 42 52
5 6 11 6 27 63 15 13 33 5 3 55 28
5 6 11 6 27 63 15 45 21 35 31 61 51
5 7 11 6 27 63 15 50 0 20 40 10 60 30
#c 8 2 4 6 3 6 9 0 2 5 8 9 4 6 3 9 0 0 2 5 8 7 4 2 5 0 4 9 6 5 8 7 4 6 3 7 1 0 2 5 8 5 4 5 3 7 1 0 2 5 8 7 4 2 3 6 2 0 2 5 8 7 4 9 3
6 8 25 11 6 27 63 15 62 12 22 2 26 32 42 52
6 9 25 11 6 27 63 15 48 38 8 58 53 1 23 56 18
6 2 25 11 6 27 63 15 46 36
6 8 17 37 57 7 16 47 62 12 22 2 26 32 42 52
6 6 17 37 57 7 16 47 13 33 5 3 55 28
6 6 17 37 57 7 16 47 45 21 35 31 61 51
6 7 17 37 57 7 16 47 50 0 20 40 10 60 30
#c 8 2 4 6 3 6 0 9 2 5 8 0 4 6 3 0 9 9 2 5 8 7 4 2 5 0 4 0 6 5 8 7 4 6 3 7 1 9 2 5 8 5 4 5 3 7 1 9 2 5 8 7 4 2 3 6 2 9 2 5 8 7 4 0 3
7 8 17 25 37 57 7 16 47 62 12 22 2 26 32 42 52
7 9 17 25 37 57 7 16 47 48 38 8 58 53 1 23 56 18
7 2 17 25 37 57 7 16 47 46 36
5 8 11 6 27 63 15 62 12 22 2 26 32 42 52
5 6 11 6 27 63 15 13 33 5 3 55 28
5 6 11 6 27 63 15 45 21 35 31 61 51
5 7 11 6 27 63 15 50 0 20 40 10 60 30
#c 8 2 4 6 3 6 9 0 2 5 8 9 4 6 3 9 0 0 2 5 8 7 4 2 5 0 4 9 6 5 8 7 4 6 3 7 1 0 2 5 8 5 4 5 3 7 1 0 2 5 8 7 4 2 3 6 2 0 2 5 8 7 4 9 3
6 8 25 11 6 27 63 15 62 12 22 2 26 32 42 52
6 9 25 11 6 27 63 15 48 38 8 58 53 1 23 56 18
6 2 25 11 6 27 63 15 46 36
6 8 17 37 57 7 16 47 62 12 22 2 26 32 42 52
6 6 17 37 57 7 16 47 13 33 5 3 55 28
6 6 17 37 57 7 16 47 45 21 35 31 61 51
6 7 17 37 57 7 16 47 50 0 20 40 10 60 30
#c 8 2 4 6 3 6 0 9 2 5 8 0 4 6 3 0 9 9 2 5 8 7 4 2 5 0 4 0 6 5 8 7 4 6 3 7 1 9 2 5 8 5 4 5 3 7 1 9 2 5 8 7 4 2 3 6 2 9 2 5 8 7 4 0 3
7 8 17 25 37 57 7 16 47 62 12 22 2 26 32 42 52
7 9 17 25 37 57 7 16 47 48 38 8 58 53 1 23 56 18
7 2 17 25 37 57 7 16 47 46 36
5 8 11 6 27 63 15 62 12 22 2 26 32 42 52
5 6 11 6 27 63 15 13 33 5 3 55 28
5 6 11 6 27 63 15 45 21 35 31 61 51
5 7 11 6 27 63 15 50 0 20 40 10 60 30
#c 8 2 4 6 3 6 9 0 2 5 8 9 4 6 3 9 0 0 2 5 8 7 4 2 5 0 4 9 6 5 8 7 4 6 3 7 1 0 2 5 8 5 4 5 3 7 1 0 2 5 8 7 4 2 3 6 2 0 2 5 8 7 4 9 3
6 8 25 11 6 27 63 15 62 12 22 2 26 32 42 52
6 9 25 11 6 27 63 15 48 38 8 58 53 1 23 56 18
6 2 25 11 6 27 63 15 46 36
6 8 17 37 57 7 16 47 62 12 22 2 26 32 42 52
6 6 17 37 57 7 16 47 13 33 5 3 55 28
6 6 17 37 57 7 16 47 45 21 35 31 61 51
6 7 17 37 57 7 16 47 50 0 20 40 10 60 30
#c 8 2 4 6 3 6 0 9 2 5 8 0 4 6 3 0 9 9 2 5 8 7 4 2 5 0 4 0 6 5 8 7 4 6 3 7 1 9 2 5 8 5 4 5 3 7 1 9 2 5 8 7 4 2 3 6 2 9 2 5 8 7 4 0 3
7 8 17 25 37 57 7 16 47 62 12 22 2 26 32 42 52
7 9 17 25 37 57 7 16 47 48 38 8 58 53 1 23 56 18
7 2 17 25 37 57 7 16 47 46 36
5 8 11 6 27 63 15 62 12 22 2 26 32 42 52
5 6 11 6 27 63 15 13 33 5 3 55 28
5 6 11 6 27 63 15 45 21 35 31 61 51
5 7 11 6 27 63 15 50 0 20 40 10 60 30
#c 8 2 4 6 3 6 9 0 2 5 8 9 4 6 3 9 0 0 2 5 8 7 4 2 5 0 4 9 6 5 8 7 4 6 3 7 1 0 2 5 8 5 4 5 3 7 1 0 2 5 8 7 4 2 3 6 2 0 2 5 8 7 4 9 3
6 8 25 11 6 27 63 15 62 12 22 2 26 32 42 52
6 9 25 11 6 27 63 15 48 38 8 58 53 1 23 56 18
6 2 25 11 6 27 63 15 46 36
6 8 17 37 57 7 16 47 62 12 22 2 26 32 42 52
6 6 17 37 57 7 16 47 13 33 5 3 55 28
6 6 17 37 57 7 16 47 45 21 35 31 61 51
6 7 17 37 57 7 16 47 50 0 20 40 10 60 30
#c 8 2 4 6 3 6 0 9 2 5 8 0 4 6 3 0 9 9 2 5 8 7 4 2 5 0 4 0 6 5 8 7 4 6 3 7 1 9 2 5 8 5 4 5 3 7 1 9 2 5 8 7 4 2 3 6 2 9 2 5 8 7 4 0 3
7 8 17 25 37 57 7 16 47 62 12 22 2 26 32 42 52
7 9 17 25 37 57 7 16 47 48 38 8 58 53 1 23 56 18
7 2 17 25 37 57 7 16 47 46 36
5 8 11 6 27 63 15 62 12 22 2 26 32 42 52
5 6 11 6 27 63 15 13 33 5 3 55 28
5 6 11 6 27 63 15 45 21 35 31 61 51
5 7 11 6 27 63 15 50 0 20 40 10 60 30
#c 8 2 4 6 3 6 9 0 2 5 8 9 4 6 3 9 0 0 2 5 8 7 4 2 5 0 4 9 6 5 8 7 4 6 3 7 1 0 2 5 8 5 4 5 3 7 1 0 2 5 8 7 4 2 3 6 2 0 2 5 8 7 4 9 3
6 8 25 11 6 27 63 15 62 12 22 2 26 32 42 52
6 9 25 11 6 27 63 15 48 38 8 58 53 1 23 56 18
6 2 25 11 6 27 63 15 46 36
6 8 17 37 57 7 16 47 62 12 22 2 26 32 42 52
6 6 17 37 57 7 16 47 13 33 5 3 55 28
6 6 17 37 57 7 16 47 45 21 35 31 61 51
6 7 17 37 57 7 16 47 50 0 20 40 10 60 30
#c 8 2 4 6 3 6 0 9 2 5 8 0 4 6 3 0 9 9 2 5 8 7 4 2 5 0 4 0 6 5 8 7 4 6 3 7 1 9 2 5 8 5 4 5 3 7 1 9 2 5 8 7 4 2 3 6 2 9 2 5 8 7 4 0 3
7 8 17 25 37 57 7 16 47 62 12 22 2 26 32 42 52
7 9 17 25 37 57 7 16 47 48 38 8 58 53 1 23 56 18
7 2 17 25 37 57 7 16 47 46 36
5 8 11 6 27 63 15 62 12 22 2 26 32 42 52
5 6 11 6 27 63 15 13 33 5 3 55 28
5 6 11 6 27 63 15 45 21 35 31 61 51
5 7 11 6 27 63 15 50 0 20 40 10 60 30
#c 8 2 4 6 3 6 9 0 2 5 8 9 4 6 3 9 0 0 2 5 8 7 4 2 5 0 4 9 6 5 8 7 4 6 3 7 1 0 2 5 8 5 4 5 3 7 1 0 2 5 8 7 4 2 3 6 2 0 2 5 8 7 4 9 3
6 8 25 11 6 27 63 15 62 12 22 2 26 32 42 52
6 9 25 11 6 27 63 15 48 38 8 58 53 1 23 56 18
6 2 25 11 6 27 63 15 46 36
6 8 17 37 57 7 16 47 62 12 22 2 26 32 42 52
6 6 17 37 57 7 16 47 13 33 5 3 55 28
6 6 17 37 57 7 16 47 45 21 35 31 61 51
6 7 17 37 57 7 16 47 50 0 20 40 10 60 30
#c 8 2 4 6 3 6 0 9 2 5 8 0 4 6 3 0 9 9 2 5 8 7 4 2 5 0 4 0 6 5 8 7 4 6 3 7 1 9 2 5 8 5 4 5 3 7 1 9 2 5 8 7 4 2 3 6 2 9 2 5 8 7 4 0 3
7 8 17 25 37 57 7 16 47 62 12 22 2 26 32 42 52
7 9 17 25 37 57 7 16 47 48 38 8 58 53 1 23 56 18
7 2 17 25 37 57 7 16 47 46 36
5 8 11 6 27 63 15 62 12 22 2 26 32 42 52
5 6 11 6 27 63 15 13 33 5 3 55 28
5 6 11 6 27 63 15 45 21 35 31 61 51
5 7 11 6 27 63 15 50 0 20 40 10 60 30
#c 8 2 4 6 3 6 9 0 2 5 8 9 4 6 3 9 0 0 2 5 8 7 4 2 5 0 4 9 6 5 8 7 4 6 3 7 1 0 2 5 8 5 4 5 3 7 1 0 2 5 8 7 4 2 3 6 2 0 2 5 8 7 4 9 3
6 8 25 11 6 27 63 15 62 12 22 2 26 32 42 52
6 9 25 11 6 27 63 15 48 38 8 58 53 1 23 56 18
6 2 25 11 6 27 63 15 46 36
6 8 17 37 57 7 16 47 62 12 22 2 26 32 42 52
6 6 17 37 57 7 16 47 13 33 5 3 55 28
6 6 17 37 57 7 16 47 45 21 35 31 61 51
6 7 17 37 57 7 16 47 50 0 20 40 10 60 30
#c 8 2 4 6 3 6 0 9 2 5 8 0 4 6 3 0 9 9 2 5 8 7 4 2 5 0 4 0 6 5 8 7 4 6 3 7 1 9 2 5 8 5 4 5 3 7 1 9 2 5 8 7 4 2 3 6 2 9 2 5 8 7 4 0 3
7 8 17 25 37 57 7 16 47 62 12 22 2 26 32 42 52
7 9 17 25 37 57 7 16 47 48 38 8 58 53 1 23 56 18
7 2 17 25 37 57 7 16 47 46 36
5 8 11 6 27 63 15 62 12 22 2 26 32 42 52
5 6 11 6 27 63 15 13 33 5 3 55 28
5 6 11 6 27 63 15 45 21 35 31 61 51
5 7 11 6 27 63 15 50 0 20 40 10 60 30
#c 8 2 4 6 3 6 9 0 2 5 8 9 4 6 3 9 0 0 2 5 8 7 4 2 5 0 4 9 6 5 8 7 4 6 3 7 1 0 2 5 8 5 4 5 3 7 1 0 2 5 8 7 4 2 3 6 2 0 2 5 8 7 4 9 3
6 8 25 11 6 27 63 15 62 12 22 2 26 32 42 52
6 9 25 11 6 27 63 15 48 38 8 58 53 1 23 56 18
6 2 25 11 6 27 63 15 46 36
6 8 17 37 57 7 16 47 62 12 22 2 26 32 42 52
6 6 17 37 57 7 16 47 13 33 5 3 55 28
6 6 17 37 57 7 16 47 45 21 35 31 61 51
6 7 17 37 57 7 16 47 50 0 20 40 10 60 30
#c 8 2 4 6 3 6 0 9 2 5 8 0 4 6 3 0 9 9 2 5 8 7 4 2 5 0 4 0 6 5 8 7 4 6 3 7 1 9 2 5 8 5 4 5 3 7 1 9 2 5 8 7 4 2 3 6 2 9 2 5 8 7 4 0 3
7 8 17 25 37 57 7 16 47 62 12 22 2 26 32 42 52
7 9 17 25 37 57 7 16 47 48 38 8 58 53 1 23 56 18
7 2 17 25 37 57 7 16 47 46 36
5 8 11 6 27 63 15 62 12 22 2 26 32 42 52
5 6 11 6 27 63 15 13 33 5 3 55 28
5 6 11 6 27 63 15 45 21 35 31 61 51
5 7 11 6 27 63 15 50 0 20 40 10 60 30
#c 8 2 4 6 3 6 9 0 2 5 8 9 4 6 3 9 0 0 2 5 8 7 4 2 5 0 4 9 6 5 8 7 4 6 3 7 1 0 2 5 8 5 4 5 3 7 1 0 2 5 8 7 4 2 3 6 2 0 2 5 8 7 4 9 3
6 8 25 11 6 27 63 15 62 12 22 2 26 32 42 52
6 9 25 11 6 27 63 15 48 38 8 58 53 1 23 56 18
6 2 25 11 6 27 63 15 46 36
6 8 17 37 57 7 16 47 62 12 22 2 26 32 42 52
6 6 17 37 57 7 16 47 13 33 5 3 55 28
6 6 17 37 57 7 16 47 45 21 35 31 61 51
6 7 17 37 57 7 16 47 50 0 20 40 10 60 30
#c 8 2 4 6 3 6 0 9 2 5 8 0 4 6 3 0 9 9 2 5 8 7 4 2 5 0 4 0 6 5 8 7 4 6 3 7 1 9 2 5 8 5 4 5 3 7 1 9 2 5 8 7 4 2 3 6 2 9 2 5 8 7 4 0 3
7 8 17 25 37 57 7 16 47 62 12 22 2 26 32 42 52
7 9 17 25 37 57 7 16 47 48 38 8 58 53 1 23 56 18
7 2 17 25 37 57 7 16 47 46 36
5 8 11 6 27 63 15 62 12 22 2 26 32 42 52
5 6 11 6 27 63 15 13 33 5 3 55 28
5 6 11 6 27 63 15 45 21 35 31 61 51
5 7 11 6 27 63 15 50 0 20 40 10 60 30
#c 8 2 4 6 3 6 9 0 2 5 8 9 4 6 3 9 0 0 2 5 8 7 4 2 5 0 4 9 6 5 8 7 4 6 3 7 1 0 2 5 8 5 4 5 3 7 1 0 2 5 8 7 4 2 3 6 2 0 2 5 8 7 4 9 3
6 8 25 11 6 27 63 15 62 12 22 2 26 32 42 52
6 9 25 11 6 27 63 15 48 38 8 58 53 1 23 56 18
6 2 25 11 6 27 63 15 46 36
6 8 17 37 57 7 16 47 62 12 22 2 26 32 42 52
6 6 17 37 57 7 16 47 13 33 5 3 55 28
6 6 17 37 57 7 16 47 45 21 35 31 61 51
6 7 17 37 57 7 16 47 50 0 20 40 10 60 30
#c 8 2 4 6 3 6 0 9 2 5 8 0 4 6 3 0 9 9 2 5 8 7 4 2 5 0 4 0 6 5 8 7 4 6 3 7 1 9 2 5 8 5 4 5 3 7 1 9 2 5 8 7 4 2 3 6 2 9 2 5 8 7 4 0 3
7 8 17 25 37 57 7 16 47 62 12 22 2 26 32 42 52
7 9 17 25 37 57 7 16 47 48 38 8 58 53 1 23 56 18
7 2 17 25 37 57 7 16 47 46 36
5 8 11 6 27 63 15 62 12 22 2 26 32 42 52
5 6 11 6 27 63 15 13 33 5 3 55 28
5 6 11 6 27 63 15 45 21 35 31 61 51
5 7 11 6 27 63 15 50 0 20 40 10 60 30
#c 8 2 4 6 3 6 9 0 2 5 8 9 4 6 3 9 0 0 2 5 8 7 4 2 5 0 4 9 6 5 8 7 4 6 3 7 1 0 2 5 8 5 4 5 3 7 1 0 2 5 8 7 4 2 3 6 2 0 2 5 8 7 4 9 3
6 8 25 11 6 27 63 15 62 12 22 2 26 32 42 52
6 9 25 11 6 27 63 15 48 38 8 58 53 1 23 56 18
6 2 25 11 6 27 63 15 46 36
6 8 17 37 57 7 16 47 62 12 22 2 26 32 42 52
6 6 17 37 57 7 16 47 13 33 5 3 55 28
6 6 17 37 57 7 16 47 45 21 35 31 61 51
6 7 17 37 57 7 16 47 50 0 20 40 10 60 30
#c 8 2 4 6 3 6 0 9 2 5 8 0 4 6 3 0 9 9 2 5 8 7 4 2 5 0 4 0 6 5 8 7 4 6 3 7 1 9 2 5 8 5 4 5 3 7 1 9 2 5 8 7 4 2 3 6 2 9 2 5 8 7 4 0 3
7 8 17 25 37 57 7 16 47 62 12 22 2 26 32 42 52
7 9 17 25 37 57 7 16 47 48 38 8 58 53 1 23 56 18
7 2 17 25 37 57 7 16 47 46 36
5 8 11 6 27 63 15 62 12 22 2 26 32 42 52
5 6 11 6 27 63 15 13 33 5 3 55 28
5 6 11 6 27 63 15 45 21 35 31 61 51
5 7 11 6 27 63 15 50 0 20 40 10 60 30
#c 8 2 4 6 3 6 9 0 2 5 8 9 4 6 3 9 0 0 2 5 8 7 4 2 5 0 4 9 6 5 8 7 4 6 3 7 1 0 2 5 8 5 4 5 3 7 1 0 2 5 8 7 4 2 3 6 2 0 2 5 8 7 4 9 3
6 8 25 11 6 27 63 15 62 12 22 2 26 32 42 52
6 9 25 11 6 27 63 15 48 38 8 58 53 1 23 56 18
6 2 25 11 6 27 63 15 46 36
6 8 17 37 57 7 16 47 62 12 22 2 26 32 42 52
6 6 17 37 57 7 16 47 13 33 5 3 55 28
6 6 17 37 57 7 16 47 45 21 35 31 61 51
6 7 17 37 57 7 16 47 50 0 20 40 10 60 30
#c 8 2 4 6 3 6 0 9 2 5 8 0 4 6 3 0 9 9 2 5 8 7 4 2 5 0 4 0 6 5 8 7 4 6 3 7 1 9 2 5 8 5 4 5 3 7 1 9 2 5 8 7 4 2 3 6 2 9 2 5 8 7 4 0 3
7 8 17 25 37 57 7 16 47 62 12 22 2 26 32 42 52
7 9 17 25 37 57 7 16 47 48 38 8 58 53 1 23 56 18
7 2 17 25 37 57 7 16 47 46 36
5 8 11 6 27 63 15 62 12 22 2 26 32 42 52
5 6 11 6 27 63 15 13 33 5 3 55 28
5 6 11 6 27 63 15 45 21 35 31 61 51
5 7 11 6 27 63 15 50 0 20 40 10 60 30
#c 8 2 4 6 3 6 9 0 2 5 8 9 4 6 3 9 0 0 2 5 8 7 4 2 5 0 4 9 6 5 8 7 4 6 3 7 1 0 2 5 8 5 4 5 3 7 1 0 2 5 8 7 4 2 3 6 2 0 2 5 8 7 4 9 3
6 8 25 11 6 27 63 15 62 12 22 2 26 32 42 52
6 9 25 11 6 27 63 15 48 38 8 58 53 1 23 56 18
6 2 25 11 6 27 63 15 46 36
6 8 17 37 57 7 16 47 62 12 22 2 26 32 42 52
6 6 17 37 57 7 16 47 13 33 5 3 55 28
6 6 17 37 57 7 16 47 45 21 35 31 61 51
6 7 17 37 57 7 16 47 50 0 20 40 10 60 30
#c 8 2 4 6 3 6 0 9 2 5 8 0 4 6 3 0 9 9 2 5 8 7 4 2 5 0 4 0 6 5 8 7 4 6 3 7 1 9 2 5 8 5 4 5 3 7 1 9 2 5 8 7 4 2 3 6 2 9 2 5 8 7 4 0 3
7 8 17 25 37 57 7 16 47 62 12 22 2 26 32 42 52
7 9 17 25 37 57 7 16 47 48 38 8 58 53 1 23 56 18
7 2 17 25 37 57 7 16 47 46 36
5 8 11 6 27 63 15 62 12 22 2 26 32 42 52
5 6 11 6 27 63 15 13 33 5 3 55 28
5 6 11 6 27 63 15 45 21 35 31 61 51
5 7 11 6 27 63 15 50 0 20 40 10 60 30
#c 8 2 4 6 3 6 9 0 2 5 8 9 4 6 3 9 0 0 2 5 8 7 4 2 5 0 4 9 6 5 8 7 4 6 3 7 1 0 2 5 8 5 4 5 3 7 1 0 2 5 8 7 4 2 3 6 2 0 2 5 8 7 4 9 3
6 8 25 11 6 27 63 15 62 12 22 2 26 32 42 52
6 9 25 11 6 27 63 15 48 38 8 58 53 1 23 56 18
6 2 25 11 6 27 63 15 46 36
6 8 17 37 57 7 16 47 62 12 22 2 26 32 42 52
6 6 17 37 57 7 16 47 13 33 5 3 55 28
6 6 17 37 57 7 16 47 45 21 35 31 61 51
6 7 17 37 57 7 16 47 50 0 20 40 10 60 30
#c 8 2 4 6 3 6 0 9 2 5 8 0 4 6 3 0 9 9 2 5 8 7 4 2 5 0 4 0 6 5 8 7 4 6 3 7 1 9 2 5 8 5 4 5 3 7 1 9 2 5 8 7 4 2 3 6 2 9 2 5 8 7 4 0 3
7 8 17 25 37 57 7 16 47 62 12 22 2 26 32 42 52
7 9 17 25 37 57 7 16 47 48 38 8 58 53 1 23 56 18
7 2 17 25 37 57 7 16 47 46 36
5 8 11 6 27 63 15 62 12 22 2 26 32 42 52
5 6 11 6 27 63 15 13 33 5 3 55 28
5 6 11 6 27 63 15 45 21 35 31 61 51
5 7 11 6 27 63 15 50 0 20 40 10 60 30
#c 8 2 4 6 3 6 9 0 2 5 8 9 4 6 3 9 0 0 2 5 8 7 4 2 5 0 4 9 6 5 8 7 4 6 3 7 1 0 2 5 8 5 4 5 3 7 1 0 2 5 8 7 4 2 3 6 2 0 2 5 8 7 4 9 3
6 8 25 11 6 27 63 15 62 12 22 2 26 32 42 52
6 9 25 11 6 27 63 15 48 38 8 58 53 1 23 56 18
6 2 25 11 6 27 63 15 46 36
6 8 17 37 57 7 16 47 62 12 22 2 26 32 42 52
6 6 17 37 57 7 16 47 13 33 5 3 55 28
6 6 17 37 57 7 16 47 45 21 35 31 61 51
6 7 17 37 57 7 16 47 50 0 20 40 10 60 30
#c 8 2 4 6 3 6 0 9 2 5 8 0 4 6 3 0 9 9 2 5 8 7 4 2 5 0 4 0 6 5 8 7 4 6 3 7 1 9 2 5 8 5 4 5 3 7 1 9 2 5 8 7 4 2 3 6 2 9 2 5 8 7 4 0 3
7 8 17 25 37 57 7 16 47 62 12 22 2 26 32 42 52
7 9 17 25 37 57 7 16 47 48 38 8 58 53 1 23 56 18
7 2 17 25 37 57 7 16 47 46 36
5 8 11 6 27 63 15 62 12 22 2 26 32 42 52
5 6 11 6 27 63 15 13 33 5 3 55 28
5 6 11 6 27 63 15 45 21 35 31 61 51
5 7 11 6 27 63 15 50 0 20 40 10 60 30
#c 8 2 4 6 3 6 9 0 2 5 8 9 4 6 3 9 0 0 2 5 8 7 4 2 5 0 4 9 6 5 8 7 4 6 3 7 1 0 2 5 8 5 4 5 3 7 1 0 2 5 8 7 4 2 3 6 2 0 2 5 8 7 4 9 3
6 8 25 11 6 27 63 15 62 12 22 2 26 32 42 52
6 9 25 11 6 27 63 15 48 38 8 58 53 1 23 56 18
6 2 25 11 6 27 63 15 46 36
6 8 17 37 57 7 16 47 62 12 22 2 26 32 42 52
6 6 17 37 57 7 16 47 13 33 5 3 55 28
6 6 17 37 57 7 16 47 45 21 35 31 61 51
6 7 17 37 57 7 16 47 50 0 20 40 10 60 30
#c 8 2 4 6 3 6 0 9 2 5 8 0 4 6 3 0 9 9 2 5 8 7 4 2 5 0 4 0 6 5 8 7 4 6 3 7 1 9 2 5 8 5 4 5 3 7 1 9 2 5 8 7 4 2 3 6 2 9 2 5 8 7 4 0 3
7 8 17 25 37 57 7 16 47 62 12 22 2 26 32 42 52
7 9 17 25 37 57 7 16 47 48 38 8 58 53 1 23 56 18
7 2 17 25 37 57 7 16 47 46 36
5 8 11 6 27 63 15 62 12 22 2 26 32 42 52
5 6 11 6 27 63 15 13 33 5 3 55 28
5 6 11 6 27 63 15 45 21 35 31 61 51
5 7 11 6 27 63 15 50 0 20 40 10 60 30
#c 8 2 4 6 3 6 9 0 2 5 8 9 4 6 3 9 0 0 2 5 8 7 4 2 5 0 4 9 6 5 8 7 4 6 3 7 1 0 2 5 8 5 4 5 3 7 1 0 2 5 8 7 4 2 3 6 2 0 2 5 8 7 4 9 3
6 8 25 11 6 27 63 15 62 12 22 2 26 32 42 52
6 9 25 11 6 27 63 15 48 38 8 58 53 1 23 56 18
6 2 25 11 6 27 63 15 46 36
6 8 17 37 57 7 16 47 62 12 22 2 26 32 42 52
6 6 17 37 57 7 16 47 13 33 5 3 55 28
6 6 17 37 57 7 16 47 45 21 35 31 61 51
6 7 17 37 57 7 16 47 50 0 20 40 10 60 30
#c 8 2 4 6 3 6 0 9 2 5 8 0 4 6 3 0 9 9 2 5 8 7 4 2 5 0 4 0 6 5 8 7 4 6 3 7 1 9 2 5 8 5 4 5 3 7 1 9 2 5 8 7 4 2 3 6 2 9 2 5 8 7 4 0 3
7 8 17 25 37 57 7 16 47 62 12 22 2 26 32 42 52
7 9 17 25 37 57 7 16 47 48 38 8 58 53 1 23 56 18
7 2 17 25 37 57 7 16 47 46 36
5 8 11 6 27 63 15 62 12 22 2 26 32 42 52
5 6 11 6 27 63 15 13 33 5 3 55 28
5 6 11 6 27 63 15 45 21 35 31 61 51
5 7 11 6 27 63 15 50 0 20 40 10 60 30
#c 8 2 4 6 3 6 9 0 2 5 8 9 4 6 3 9 0 0 2 5 8 7 4 2 5 0 4 9 6 5 8 7 4 6 3 7 1 0 2 5 8 5 4 5 3 7 1 0 2 5 8 7 4 2 3 6 2 0 2 5 8 7 4 9 3
6 8 25 11 6 27 63 15 62 12 22 2 26 32 42 52
6 9 25 11 6 27 63 15 48 38 8 58 53 1 23 56 18
6 2 25 11 6 27 63 15 46 36
6 8 17 37 57 7 16 47 62 12 22 2 26 32 42 52
6 6 17 37 57 7 16 47 13 33 5 3 55 28
6 6 17 37 57 7 16 47 45 21 35 31 61 51
6 7 17 37 57 7 16 47 50 0 20 40 10 60 30
#c 8 2 4 6 3 6 0 9 2 5 8 0 4 6 3 0 9 9 2 5 8 7 4 2 5 0 4 0 6 5 8 7 4 6 3 7 1 9 2 5 8 5 4 5 3 7 1 9 2 5 8 7 4 2 3 6 2 9 2 5 8 7 4 0 3
7 8 17 25 37 57 7 16 47 62 12 22 2 26 32 42 52
7 9 17 25 37 57 7 16 47 48 38 8 58 53 1 23 56 18
7 2 17 25 37 57 7 16 47 46 36
5 8 11 6 27 63 15 62 12 22 2 26 32 42 52
5 6 11 6 27 63 15 13 33 5 3 55 28
5 6 11 6 27 63 15 45 21 35 31 61 51
5 7 11 6 27 63 15 50 0 20 40 10 60 30
#c 8 2 4 6 3 6 9 0 2 5 8 9 4 6 3 9 0 0 2 5 8 7 4 2 5 0 4 9 6 5 8 7 4 6 3 7 1 0 2 5 8 5 4 5 3 7 1 0 2 5 8 7 4 2 3 6 2 0 2 5 8 7 4 9 3
6 8 25 11 6 27 63 15 62 12 22 2 26 32 42 52
6 9 25 11 6 27 63 15 48 38 8 58 53 1 23 56 18
6 2 25 11 6 27 63 15 46 36
6 8 17 37 57 7 16 47 62 12 22 2 26 32 42 52
6 6 17 37 57 7 16 47 13 33 5 3 55 28
6 6 17 37 57 7 16 47 45 21 35 31 61 51
6 7 17 37 57 7 16 47 50 0 20 40 10 60 30
#c 8 2 4 6 3 6 0 9 2 5 8 0 4 6 3 0 9 9 2 5 8 7 4 2 5 0 4 0 6 5 8 7 4 6 3 7 1 9 2 5 8 5 4 5 3 7 1 9 2 5 8 7 4 2 3 6 2 9 2 5 8 7 4 0 3
7 8 17 25 37 57 7 16 47 62 12 22 2 26 32 42 52
7 9 17 25 37 57 7 16 47 48 38 8 58 53 1 23 56 18
7 2 17 25 37 57 7 16 47 46 36
5 8 11 6 27 63 15 62 12 22 2 26 32 42 52
5 6 11 6 27 63 15 13 33 5 3 55 28
5 6 11 6 27 63 15 45 21 35 31 61 51
5 7 11 6 27 63 15 50 0 20 40 10 60 30
#c 8 2 4 6 3 6 9 0 2 5 8 9 4 6 3 9 0 0 2 5 8 7 4 2 5 0 4 9 6 5 8 7 4 6 3 7 1 0 2 5 8 5 4 5 3 7 1 0 2 5 8 7 4 2 3 6 2 0 2 5 8 7 4 9 3
6 8 25 11 6 27 63 15 62 12 22 2 26 32 42 52
6 9 25 11 6 27 63 15 48 38 8 58 53 1 23 56 18
6 2 25 11 6 27 63 15 46 36
6 8 17 37 57 7 16 47 62 12 22 2 26 32 42 52
6 6 17 37 57 7 16 47 13 33 5 3 55 28
6 6 17 37 57 7 16 47 45 21 35 31 61 51
6 7 17 37 57 7 16 47 50 0 20 40 10 60 30
#c 8 2 4 6 3 6 0 9 2 5 8 0 4 6 3 0 9 9 2 5 8 7 4 2 5 0 4 0 6 5 8 7 4 6 3 7 1 9 2 5 8 5 4 5 3 7 1 9 2 5 8 7 4 2 3 6 2 9 2 5 8 7 4 0 3
7 8 17 25 37 57 7 16 47 62 12 22 2 26 32 42 52
7 9 17 25 37 57 7 16 47 48 38 8 58 53 1 23 56 18
7 2 17 25 37 57 7 16 47 46 36
5 8 11 6 27 63 15 62 12 22 2 26 32 42 52
5 6 11 6 27 63 15 13 33 5 3 55 28
5 6 11 6 27 63 15 45 21 35 31 61 51
5 7 11 6 27 63 15 50 0 20 40 10 60 30
#c 8 2 4 6 3 6 9 0 2 5 8 9 4 6 3 9 0 0 2 5 8 7 4 2 5 0 4 9 6 5 8 7 4 6 3 7 1 0 2 5 8 5 4 5 3 7 1 0 2 5 8 7 4 2 3 6 2 0 2 5 8 7 4 9 3
6 8 25 11 6 27 63 15 62 12 22 2 26 32 42 52
6 9 25 11 6 27 63 15 48 38 8 58 53 1 23 56 18
6 2 25 11 6 27 63 15 46 36
6 8 17 37 57 7 16 47 62 12 22 2 26 32 42 52
6 6 17 37 57 7 16 47 13 33 5 3 55 28
6 6 17 37 57 7 16 47 45 21 35 31 61 51
6 7 17 37 57 7 16 47 50 0 20 40 10 60 30
#c 8 2 4 6 3 6 0 9 2 5 8 0 4 6 3 0 9 9 2 5 8 7 4 2 5 0 4 0 6 5 8 7 4 6 3 7 1 9 2 5 8 5 4 5 3 7 1 9 2 5 8 7 4 2 3 6 2 9 2 5 8 7 4 0 3
7 8 17 25 37 57 7 16 47 62 12 22 2 26 32 42 52
7 9 17 25 37 57 7 16 47 48 38 8 58 53 1 23 56 18
7 2 17 25 37 57 7 16 47 46 36
5 8 11 6 27 63 15 62 12 22 2 26 32 42 52
5 6 11 6 27 63 15 13 33 5 3 55 28
5 6 11 6 27 63 15 45 21 35 31 61 51
5 7 11 6 27 63 15 50 0 20 40 10 60 30
#c 8 2 4 6 3 6 9 0 2 5 8 9 4 6 3 9 0 0 2 5 8 7 4 2 5 0 4 9 6 5 8 7 4 6 3 7 1 0 2 5 8 5 4 5 3 7 1 0 2 5 8 7 4 2 3 6 2 0 2 5 8 7 4 9 3
6 8 25 11 6 27 63 15 62 12 22 2 26 32 42 52
6 9 25 11 6 27 63 15 48 38 8 58 53 1 23 56 18
6 2 25 11 6 27 63 15 46 36
6 8 17 37 57 7 16 47 62 12 22 2 26 32 42 52
6 6 17 37 57 7 16 47 13 33 5 3 55 28
6 6 17 37 57 7 16 47 45 21 35 31 61 51
6 7 17 37 57 7 16 47 50 0 20 40 10 60 30
#c 8 2 4 6 3 6 0 9 2 5 8 0 4 6 3 0 9 9 2 5 8 7 4 2 5 0 4 0 6 5 8 7 4 6 3 7 1 9 2 5 8 5 4 5 3 7 1 9 2 5 8 7 4 2 3 6 2 9 2 5 8 7 4 0 3
7 8 17 25 37 57 7 16 47 62 12 22 2 26 32 42 52
7 9 17 25 37 57 7 16 47 48 38 8 58 53 1 23 56 18
7 2 17 25 37 57 7 16 47 46 36
5 8 11 6 27 63 15 62 12 22 2 26 32 42 52
5 6 11 6 27 63 15 13 33 5 3 55 28
5 6 11 6 27 63 15 45 21 35 31 61 51
5 7 11 6 27 63 15 50 0 20 40 10 60 30
#c 8 2 4 6 3 6 9 0 2 5 8 9 4 6 3 9 0 0 2 5 8 7 4 2 5 0 4 9 6 5 8 7 4 6 3 7 1 0 2 5 8 5 4 5 3 7 1 0 2 5 8 7 4 2 3 6 2 0 2 5 8 7 4 9 3
6 8 25 11 6 27 63 15 62 12 22 2 26 32 42 52
6 9 25 11 6 27 63 15 48 38 8 58 53 1 23 56 18
6 2 25 11 6 27 63 15 46 36
6 8 17 37 57 7 16 47 62 12 22 2 26 32 42 52
6 6 17 37 57 7 16 47 13 33 5 3 55 28
6 6 17 37 57 7 16 47 45 21 35 31 61 51
6 7 17 37 57 7 16 47 50 0 20 40 10 60 30
#c 8 2 4 6 3 6 0 9 2 5 8 0 4 6 3 0 9 9 2 5 8 7 4 2 5 0 4 0 6 5 8 7 4 6 3 7 1 9 2 5 8 5 4 5 3 7 1 9 2 5 8 7 4 2 3 6 2 9 2 5 8 7 4 0 3
7 8 17 25 37 57 7 16 47 62 12 22 2 26 32 42 52
7 9 17 25 37 57 7 16 47 48 38 8 58 53 1 23 56 18
7 2 17 25 37 57 7 16 47 46 36
5 8 11 6 27 63 15 62 12 22 2 26 32 42 52
5 6 11 6 27 63 15 13 33 5 3 55 28
5 6 11 6 27 63 15 45 21 35 31 61 51
5 7 11 6 27 63 15 50 0 20 40 10 60 30
#c 8 2 4 6 3 6 9 0 2 5 8 9 4 6 3 9 0 0 2 5 8 7 4 2 5 0 4 9 6 5 8 7 4 6 3 7 1 0 2 5 8 5 4 5 3 7 1 0 2 5 8 7 4 2 3 6 2 0 2 5 8 7 4 9 3
6 8 25 11 6 27 63 15 62 12 22 2 26 32 42 52
6 9 25 11 6 27 63 15 48 38 8 58 53 1 23 56 18
6 2 25 11 6 27 63 15 46 36
6 8 17 37 57 7 16 47 62 12 22 2 26 32 42 52
6 6 17 37 57 7 16 47 13 33 5 3 55 28
6 6 17 37 57 7 16 47 45 21 35 31 61 51
6 7 17 37 57 7 16 47 50 0 20 40 10 60 30
#c 8 2 4 6 3 6 0 9 2 5 8 0 4 6 3 0 9 9 2 5 8 7 4 2 5 0 4 0 6 5 8 7 4 6 3 7 1 9 2 5 8 5 4 5 3 7 1 9 2 5 8 7 4 2 3 6 2 9 2 5 8 7 4 0 3
7 8 17 25 37 57 7 16 47 62 12 22 2 26 32 42 52
7 9 17 25 37 57 7 16 47 48 38 8 58 53 1 23 56 18
7 2 17 25 37 57 7 16 47 46 36
5 8 11 6 27 63 15 62 12 22 2 26 32 42 52
5 6 11 6 27 63 15 13 33 5 3 55 28
5 6 11 6 27 63 15 45 21 35 31 61 51
5 7 11 6 27 63 15 50 0 20 40 10 60 30
#c 8 2 4 6 3 6 9 0 2 5 8 9 4 6 3 9 0 0 2 5 8 7 4 2 5 0 4 9 6 5 8 7 4 6 3 7 1 0 2 5 8 5 4 5 3 7 1 0 2 5 8 7 4 2 3 6 2 0 2 5 8 7 4 9 3
6 8 25 11 6 27 63 15 62 12 22 2 26 32 42 52
6 9 25 11 6 27 63 15 48 38 8 58 53 1 23 56 18
6 2 25 11 6 27 63 15 46 36
6 8 17 37 57 7 16 47 62 12 22 2 26 32 42 52
6 6 17 37 57 7 16 47 13 33 5 3 55 28
6 6 17 37 57 7 16 47 45 21 35 31 61 51
6 7 17 37 57 7 16 47 50 0 20 40 10 60 30
#c 8 2 4 6 3 6 0 9 2 5 8 0 4 6 3 0 9 9 2 5 8 7 4 2 5 0 4 0 6 5 8 7 4 6 3 7 1 9 2 5 8 5 4 5 3 7 1 9 2 5 8 7 4 2 3 6 2 9 2 5 8 7 4 0 3
7 8 17 25 37 57 7 16 47 62 12 22 2 26 32 42 52
7 9 17 25 37 57 7 16 47 48 38 8 58 53 1 23 56 18
7 2 17 25 37 57 7 16 47 46 36
5 8 11 6 27 63 15 62 12 22 2 26 32 42 52
5 6 11 6 27 63 15 13 33 5 3 55 28
5 6 11 6 27 63 15 45 21 35 31 61 51
5 7 11 6 27 63 15 50 0 20 40 10 60 30
#c 8 2 4 6 3 6 9 0 2 5 8 9 4 6 3 9 0 0 2 5 8 7 4 2 5 0 4 9 6 5 8 7 4 6 3 7 1 0 2 5 8 5 4 5 3 7 1 0 2 5 8 7 4 2 3 6 2 0 2 5 8 7 4 9 3
6 8 25 11 6 27 63 15 62 12 22 2 26 32 42 52
6 9 25 11 6 27 63 15 48 38 8 58 53 1 23 56 18
6 2 25 11 6 27 63 15 46 36
6 8 17 37 57 7 16 47 62 12 22 2 26 32 42 52
6 6 17 37 57 7 16 47 13 33 5 3 55 28
6 6 17 37 57 7 16 47 45 21 35 31 61 51
6 7 17 37 57 7 16 47 50 0 20 40 10 60 30
#c 8 2 4 6 3 6 0 9 2 5 8 0 4 6 3 0 9 9 2 5 8 7 4 2 5 0 4 0 6 5 8 7 4 6 3 7 1 9 2 5 8 5 4 5 3 7 1 9 2 5 8 7 4 2 3 6 2 9 2 5 8 7 4 0 3
7 8 17 25 37 57 7 16 47 62 12 22 2 26 32 42 52
7 9 17 25 37 57 7 16 47 48 38 8 58 53 1 23 56 18
7 2 17 25 37 57 7 16 47 46 36
5 8 11 6 27 63 15 62 12 22 2 26 32 42 52
5 6 11 6 27 63 15 13 33 5 3 55 28
5 6 11 6 27 63 15 45 21 35 31 61 51
5 7 11 6 27 63 15 50 0 20 40 10 60 30
#c 8 2 4 6 3 6 9 0 2 5 8 9 4 6 3 9 0 0 2 5 8 7 4 2 5 0 4 9 6 5 8 7 4 6 3 7 1 0 2 5 8 5 4 5 3 7 1 0 2 5 8 7 4 2 3 6 2 0 2 5 8 7 4 9 3
6 8 25 11 6 27 63 15 62 12 22 2 26 32 42 52
6 9 25 11 6 27 63 15 48 38 8 58 53 1 23 56 18
6 2 25 11 6 27 63 15 46 36
6 8 17 37 57 7 16 47 62 12 22 2 26 32 42 52
6 6 17 37 57 7 16 47 13 33 5 3 55 28
6 6 17 37 57 7 16 47 45 21 35 31 61 51
6 7 17 37 57 7 16 47 50 0 20 40 10 60 30
#c 8 2 4 6 3 6 0 9 2 5 8 0 4 6 3 0 9 9 2 5 8 7 4 2 5 0 4 0 6 5 8 7 4 6 3 7 1 9 2 5 8 5 4 5 3 7 1 9 2 5 8 7 4 2 3 6 2 9 2 5 8 7 4 0 3
7 8 17 25 37 57 7 16 47 62 12 22 2 26 32 42 52
7 9 17 25 37 57 7 16 47 48 38 8 58 53 1 23 56 18
7 2 17 25 37 57 7 16 47 46 36
5 8 11 6 27 63 15 62 12 22 2 26 32 42 52
5 6 11 6 27 63 15 13 33 5 3 55 28
5 6 11 6 27 63 15 45 21 35 31 61 51
5 7 11 6 27 63 15 50 0 20 40 10 60 30
#c 8 2 4 6 3 6 9 0 2 5 8 9 4 6 3 9 0 0 2 5 8 7 4 2 5 0 4 9 6 5 8 7 4 6 3 7 1 0 2 5 8 5 4 5 3 7 1 0 2 5 8 7 4 2 3 6 2 0 2 5 8 7 4 9 3
6 8 25 11 6 27 63 15 62 12 22 2 26 32 42 52
6 9 25 11 6 27 63 15 48 38 8 58 53 1 23 56 18
6 2 25 11 6 27 63 15 46 36
6 8 17 37 57 7 16 47 62 12 22 2 26 32 42 52
6 6 17 37 57 7 16 47 13 33 5 3 55 28
6 6 17 37 57 7 16 47 45 21 35 31 61 51
6 7 17 37 57 7 16 47 50 0 20 40 10 60 30
#c 8 2 4 6 3 6 0 9 2 5 8 0 4 6 3 0 9 9 2 5 8 7 4 2 5 0 4 0 6 5 8 7 4 6 3 7 1 9 2 5 8 5 4 5 3 7 1 9 2 5 8 7 4 2 3 6 2 9 2 5 8 7 4 0 3
7 8 17 25 37 57 7 16 47 62 12 22 2 26 32 42 52
7 9 17 25 37 57 7 16 47 48 38 8 58 53 1 23 56 18
7 2 17 25 37 57 7 16 47 46 36
5 8 11 6 27 63 15 62 12 22 2 26 32 42 52
5 6 11 6 27 63 15 13 33 5 3 55 28
5 6 11 6 27 63 15 45 21 35 31 61 51
5 7 11 6 27 63 15 50 0 20 40 10 60 30
#c 8 2 4 6 3 6 9 0 2 5 8 9 4 6 3 9 0 0 2 5 8 7 4 2 5 0 4 9 6 5 8 7 4 6 3 7 1 0 2 5 8 5 4 5 3 7 1 0 2 5 8 7 4 2 3 6 2 0 2 5 8 7 4 9 3
6 8 25 11 6 27 63 15 62 12 22 2 26 32 42 52
6 9 25 11 6 27 63 15 48 38 8 58 53 1 23 56 18
6 2 25 11 6 27 63 15 46 36
6 8 17 37 57 7 16 47 62 12 22 2 26 32 42 52
6 6 17 37 57 7 16 47 13 33 5 3 55 28
6 6 17 37 57 7 16 47 45 21 35 31 61 51
6 7 17 37 57 7 16 47 50 0 20 40 10 60 30
#c 8 2 4 6 3 6 0 9 2 5 8 0 4 6 3 0 9 9 2 5 8 7 4 2 5 0 4 0 6 5 8 7 4 6 3 7 1 9 2 5 8 5 4 5 3 7 1 9 2 5 8 7 4 2 3 6 2 9 2 5 8 7 4 0 3
7 8 17 25 37 57 7 16 47 62 12 22 2 26 32 42 52
7 9 17 25 37 57 7 16 47 48 38 8 58 53 1 23 56 18
7 2 17 25 37 57 7 16 47 46 36
5 8 11 6 27 63 15 62 12 22 2 26 32 42 52
5 6 11 6 27 63 15 13 33 5 3 55 28
5 6 11 6 27 63 15 45 21 35 31 61 51
5 7 11 6 27 63 15 50 0 20 40 10 60 30
#c 8 2 4 6 3 6 9 0 2 5 8 9 4 6 3 9 0 0 2 5 8 7 4 2 5 0 4 9 6 5 8 7 4 6 3 7 1 0 2 5 8 5 4 5 3 7 1 0 2 5 8 7 4 2 3 6 2 0 2 5 8 7 4 9 3
6 8 25 11 6 27 63 15 62 12 22 2 26 32 42 52
6 9 25 11 6 27 63 15 48 38 8 58 53 1 23 56 18
6 2 25 11 6 27 63 15 46 36
6 8 17 37 57 7 16 47 62 12 22 2 26 32 42 52
6 6 17 37 57 7 16 47 13 33 5 3 55 28
6 6 17 37 57 7 16 47 45 21 35 31 61 51
6 7 17 37 57 7 16 47 50 0 20 40 10 60 30
#c 8 2 4 6 3 6 0 9 2 5 8 0 4 6 3 0 9 9 2 5 8 7 4 2 5 0 4 0 6 5 8 7 4 6 3 7 1 9 2 5 8 5 4 5 3 7 1 9 2 5 8 7 4 2 3 6 2 9 2 5 8 7 4 0 3
7 8 17 25 37 57 7 16 47 62 12 22 2 26 32 42 52
7 9 17 25 37 57 7 16 47 48 38 8 58 53 1 23 56 18
7 2 17 25 37 57 7 16 47 46 36
5 8 11 6 27 63 15 62 12 22 2 26 32 42 52
5 6 11 6 27 63 15 13 33 5 3 55 28
5 6 11 6 27 63 15 45 21 35 31 61 51
5 7 11 6 27 63 15 50 0 20 40 10 60 30
#c 8 2 4 6 3 6 9 0 2 5 8 9 4 6 3 9 0 0 2 5 8 7 4 2 5 0 4 9 6 5 8 7 4 6 3 7 1 0 2 5 8 5 4 5 3 7 1 0 2 5 8 7 4 2 3 6 2 0 2 5 8 7 4 9 3
6 8 25 11 6 27 63 15 62 12 22 2 26 32 42 52
6 9 25 11 6 27 63 15 48 38 8 58 53 1 23 56 18
6 2 25 11 6 27 63 15 46 36
6 8 17 37 57 7 16 47 62 12 22 2 26 32 42 52
6 6 17 37 57 7 16 47 13 33 5 3 55 28
6 6 17 37 57 7 16 47 45 21 35 31 61 51
6 7 17 37 57 7 16 47 50 0 20 40 10 60 30
#c 8 2 4 6 3 6 0 9 2 5 8 0 4 6 3 0 9 9 2 5 8 7 4 2 5 0 4 0 6 5 8 7 4 6 3 7 1 9 2 5 8 5 4 5 3 7 1 9 2 5 8 7 4 2 3 6 2 9 2 5 8 7 4 0 3
7 8 17 25 37 57 7 16 47 62 12 22 2 26 32 42 52
7 9 17 25 37 57 7 16 47 48 38 8 58 53 1 23 56 18
7 2 17 25 37 57 7 16 47 46 36
5 8 11 6 27 63 15 62 12 22 2 26 32 42 52
5 6 11 6 27 63 15 13 33 5 3 55 28
5 6 11 6 27 63 15 45 21 35 31 61 51
5 7 11 6 27 63 15 50 0 20 40 10 60 30
#c 8 2 4 6 3 6 9 0 2 5 8 9 4 6 3 9 0 0 2 5 8 7 4 2 5 0 4 9 6 5 8 7 4 6 3 7 1 0 2 5 8 5 4 5 3 7 1 0 2 5 8 7 4 2 3 6 2 0 2 5 8 7 4 9 3
6 8 25 11 6 27 63 15 62 12 22 2 26 32 42 52
6 9 25 11 6 27 63 15 48 38 8 58 53 1 23 56 18
6 2 25 11 6 27 63 15 46 36
6 8 17 37 57 7 16 47 62 12 22 2 26 32 42 52
6 6 17 37 57 7 16 47 13 33 5 3 55 28
6 6 17 37 57 7 16 47 45 21 35 31 61 51
6 7 17 37 57 7 16 47 50 0 20 40 10 60 30
#c 8 2 4 6 3 6 0 9 2 5 8 0 4 6 3 0 9 9 2 5 8 7 4 2 5 0 4 0 6 5 8 7 4 6 3 7 1 9 2 5 8 5 4 5 3 7 1 9 2 5 8 7 4 2 3 6 2 9 2 5 8 7 4 0 3
7 8 17 25 37 57 7 16 47 62 12 22 2 26 32 42 52
7 9 17 25 37 57 7 16 47 48 38 8 58 53 1 23 56 18
7 2 17 25 37 57 7 16 47 46 36
5 8 11 6 27 63 15 62 12 22 2 26 32 42 52
5 6 11 6 27 63 15 13 33 5 3 55 28
5 6 11 6 27 63 15 45 21 35 31 61 51
5 7 11 6 27 63 15 50 0 20 40 10 60 30
#c 8 2 4 6 3 6 9 0 2 5 8 9 4 6 3 9 0 0 2 5 8 7 4 2 5 0 4 9 6 5 8 7 4 6 3 7 1 0 2 5 8 5 4 5 3 7 1 0 2 5 8 7 4 2 3 6 2 0 2 5 8 7 4 9 3
6 8 25 11 6 27 63 15 62 12 22 2 26 32 42 52
6 9 25 11 6 27 63 15 48 38 8 58 53 1 23 56 18
6 2 25 11 6 27 63 15 46 36
6 8 17 37 57 7 16 47 62 12 22 2 26 32 42 52
6 6 17 37 57 7 16 47 13 33 5 3 55 28
6 6 17 37 57 7 16 47 45 21 35 31 61 51
6 7 17 37 57 7 16 47 50 0 20 40 10 60 30
#c 8 2 4 6 3 6 0 9 2 5 8 0 4 6 3 0 9 9 2 5 8 7 4 2 5 0 4 0 6 5 8 7 4 6 3 7 1 9 2 5 8 5 4 5 3 7 1 9 2 5 8 7 4 2 3 6 2 9 2 5 8 7 4 0 3
7 8 17 25 37 57 7 16 47 62 12 22 2 26 32 42 52
7 9 17 25 37 57 7 16 47 48 38 8 58 53 1 23 56 18
7 2 17 25 37 57 7 16 47 46 36
5 8 11 6 27 63 15 62 12 22 2 26 32 42 52
5 6 11 6 27 63 15 13 33 5 3 55 28
5 6 11 6 27 63 15 45 21 35 31 61 51
#c 8 2 4 6 3 6 0 9 2 5 8 0 4 6 3 0 9 9 2 5 8 7 4 2 5 0 4 0 6 5 8 7 4 6 3 7 1 9 2 5 8 5 4 5 3 7 1 9 2 5 8 7 4 2 3 6 2 9 2 5 8 7 4 0 3
4 1 6 0 2 7 3 5 9 8 4 1 6 0 2 7 5 5 9 8 4 1 6 0 2 7 3 5 9 8 4 1 6 0 2 7 3 5 9 8 4 1 6 0 2 7 3 5 9 8 4 1 6 0 2 7 9 5 9 8 4 1 6 0 2
