12
100000000000
100000000000
110000000000
111000000000
110000000000
110000000000
111000000000
111100000000
011110000000
000111000000
000011000000
000011100000
001111100000
001111000000
111111000000
001111100000
001111100110
111111100100
011111111111
010111100100
000111100000
001110111100
000000011100
000000001000
110000000000
110000010000
111011110000
111011100000
101111110000
111111101000
111111111000
110011110000
110010000000
110010000000
111110000000
111111110000
000000010111
000001111111
000011111111
000000011111
000000011011
000011111111
000101111111
011111001111
000001001111
000000111111
000000111100
000001100100
