14
10000000000000
11100000000000
10010000000000
11011000000000
01110000000000
11111101000000
11111001000000
01111111000000
11000010000000
11111000000000
11111111000000
11111110100000
11111111111000
11111101000000
10000000000000
11100000000000
11100000000000
11110000000000
11110100000000
11111110000000
11111110000000
01101110000000
11110011000000
11111001110000
11110001010000
01110000010000
00100000000000
01110000000000
00000000011110
00000000000111
00000000101110
00000001111011
00000000100111
00000000011111
00000000111101
00000001111111
00000010010111
00000011111111
00000000111111
00000000101111
00000000001111
00000000001110
00000011110001
00000111001101
00001111111001
00000101111011
00000111111110
00000011111111
00000001101111
00000010100110
00000011000111
00000101101111
00000111111111
00000011111110
00000111011111
00000001101010
