12
111100111100
111111111000
111111111100
111110100000
111110000000
111111000000
111111100000
111111000000
111110000000
011100000000
001100000000
001000000000
010001000000
111111000000
111111000000
111111000000
111111100000
111111110000
111100111000
111000011000
011000001100
111000000100
110000000000
010000000000
100100000000
111110000000
111111000000
111101010000
111111110000
111111110000
111111110000
111111110000
111110000000
111110000000
111110000000
001111000000
110000000000
110000000000
110000000000
111100000000
111100000000
111100000000
111100000000
011100000000
011000000000
110000000000
011100000000
011100000000
