12
111110000000
111110000000
111110000000
111111000000
111111000000
111111000000
111111000000
111111000000
111111000000
111100000000
111100000000
111100000000
111100000000
111100000000
111110000000
111110000000
111110000000
111110000000
111110000000
111110000000
111110000000
111110000000
111111000000
111110000000
111111000000
111110000000
111110000000
111111000000
111111000000
111111000000
111110000000
111111000000
111111000000
111110000000
111110000000
111110000000
001100000000
001100000000
011110000000
011110000000
111110000000
111111100000
111111100000
111111100000
111111100000
111111100000
111111100000
111111100000
