13
1111000000000
1111100000000
1111111000000
1111111100000
1111111100000
1111111100000
1111110000000
1111110000000
1111111100000
1111110000000
1111110000000
1111110000000
1111100000000
0000111111000
0011111111110
0001111111111
0001111111111
0001111111111
0001111111100
0001111111100
0001111110000
0011111110000
0000111110000
0000000100000
0000001100000
0000001000000
0000000001100
0000000011111
0000000111111
0000001111111
0000001111111
0000000111111
0000000111111
0000000011111
0000000011111
0000000001111
0000000001111
0000000001111
0000000001111
1111100000000
1111110000000
1111110000000
1111111000000
1111110000000
1111110000000
1111100000000
1111110000000
1111010000000
1111000000000
1110000000000
1100000000000
0100000000000
