13
0000000000111
0000000111111
0000001111111
0000001111111
0000000111111
0000000111111
0000000111111
0000001111111
0000001111111
0000001111111
0000001111111
0000000111111
0000000111111
0000000011000
0000000111111
0000000111111
0000000111111
0000011111111
0000011111111
0000011111111
0000111111111
0000111111111
0000000111111
0000000111111
0000000011111
0000000000010
0010000000000
0110000000000
0111010000000
1111111000000
1111111000000
1111111000000
1111111100000
1111111100000
1111111100000
1111111100000
1111111100000
1111111100000
0111111000000
1111100000000
1111110000000
1111111000000
1111111000000
1111111000000
1111100000000
1111100000000
1111100000000
1111100000000
1111110000000
1111110000000
1111100000000
1111100000000
