12
100000000000
111000000000
111000000000
111001000000
111111100000
111111110000
111111000000
111111000000
111111100000
111111100000
111111100000
111110000000
000010000000
000010000000
000111000000
011111000000
011111100000
011111100000
111111100000
011111110000
011111110000
111111110000
001111100000
001001100000
000000001111
000000001111
000000111111
000001111111
000011111111
000000111111
000000011110
000000001110
000000000111
000000000111
000000000111
000000000110
111100000000
111100000000
111100000000
111100000000
111100000000
111111100000
111110000000
011100000000
111000000000
111000000000
011000000000
010000000000
