11
11111100000
11111110000
11111110100
11111111100
11111001000
11110001000
10110001110
10100000000
10100000000
10100000000
00100000000
00000000010
00000001111
00000001110
00000011110
00000001111
00000000111
00000000111
00000001111
00001111111
00000001111
00000000010
00000000100
00000000100
00000001100
00000001110
00000001100
00001001000
00001111110
00001111111
00001111000
00001111100
00111110100
10000000000
10000000000
10000000000
10000000000
10000100000
11001110010
11111111110
11001110100
10001100000
11011100000
00001000000
