11
00000000110
00000000110
00001000111
00001101111
00001001111
10001001111
11111111111
01111111111
11101110010
01111100000
01000000000
00011110000
00001110000
00001111000
01111101000
00011111100
00011111111
00011111110
00110111110
00001111110
00000111110
00000100000
11100100000
11100100000
11111110000
10111111100
11111111110
11111111000
11111101100
11110000000
10000000000
10000000000
10000000000
10111000000
11100000000
11100000000
10111000000
11111000000
11111000000
11111100100
11111111110
11111110000
11111000000
10010000000
