q 1 8 10
q 1 8 6
q 1 4 8
q 1 6 4
q 1 3 6
q 1 10 8
q 1 6 2
q 1 4 10
q 1 8 4
q 1 5 5
q 1 5 7
q 1 7 8
q 1 5 8
q 1 9 2
q 1 1 6
q 1 5 6
q 1 5 3
q 1 10 11
q 1 5 11
q 1 0 7
q 1 10 4
q 1 7 10
q 1 6 0
q 1 1 2
q 1 10 9
q 1 2 12
q 1 2 9
q 1 10 3
q 1 0 0
q 1 1 0
a 74 1 0 2 0 2 1 2 4 2 5 3 1 3 2 3 3 3 4 3 5 3 7 3 8 3 9 4 1 4 2 4 3 4 6 4 7 4 8 4 11 4 12 5 2 5 3 5 7 5 8 5 11 5 12 5 13 6 0 6 1 6 3 6 6 6 7 6 8 6 9 6 10 6 11 6 12 7 0 7 1 7 2 7 3 7 4 7 6 7 7 7 8 7 9 7 10 7 11 7 12 8 0 8 2 8 3 8 4 8 6 8 7 8 8 8 9 8 11 8 12 9 1 9 2 9 3 9 6 9 7 9 9 10 1 10 2 10 3 10 7 10 9 11 2 11 3 12 2
