q 1 3 9
q 1 2 6
q 1 9 10
q 1 10 9
q 1 12 8
q 1 11 10
q 1 10 13
q 1 12 14
q 1 7 11
q 1 14 5
q 1 11 5
q 1 6 9
q 1 5 9
q 1 4 7
q 1 14 7
q 1 8 11
q 1 8 8
q 1 5 13
q 1 5 4
q 1 14 12
q 1 2 16
q 1 9 5
q 1 4 9
q 1 6 16
q 1 2 10
q 1 13 7
q 1 12 6
q 1 13 5
q 1 5 6
q 1 15 14
q 1 3 2
q 1 8 3
q 1 8 4
q 1 5 5
a 70 2 8 3 7 3 8 3 11 4 7 4 8 4 9 4 11 4 12 5 5 5 8 5 9 5 10 5 11 5 12 5 13 6 5 6 7 6 8 6 9 6 10 6 11 6 12 6 13 7 4 7 5 7 6 7 8 7 9 7 10 7 11 7 12 7 13 8 3 8 4 8 8 8 9 8 10 8 11 8 12 8 13 8 14 8 15 9 10 10 10 10 11 11 10 12 9 12 10 12 11 13 5 13 6 13 8 13 9 13 10 14 5 14 6 14 7 14 8 14 9 14 10 14 11 15 5 15 8 15 9 16 7 16 8 16 9 17 9 17 10
