simanneal start at 0.285516708
196476 1
196476 2
196476 4
196476 5
196476 7
196476 8
196476 9
196476 10
196476 11
196476 12
196476 13
196476 14
196476 15
196476 16
196476 17
196476 18
196476 20
196476 21
196476 22
196476 23
196476 25
196476 27
196476 28
196476 30
196476 31
196476 32
196476 33
196476 35
196476 36
196476 37
196476 38
196476 39
196476 40
196476 42
196476 43
196476 44
196476 46
196476 47
196476 48
196476 49
196476 50
196476 51
196476 52
196476 53
196476 54
196476 55
196476 56
196476 57
196476 58
196476 59
196476 60
196476 61
196476 62
196476 63
196476 64
196476 65
196476 66
196476 67
196476 68
196476 69
196476 70
196476 71
196476 73
196476 74
196476 75
196476 76
196476 77
196476 78
196476 79
196476 80
196476 81
196476 82
196476 83
196476 84
196476 85
196476 86
196476 87
196476 88
196476 89
196476 91
196476 92
196476 93
196476 94
196476 96
196476 97
196476 98
196476 99
196476 100
196476 101
196476 102
196476 103
196476 104
196476 106
196476 107
196476 108
196476 109
196476 110
196476 111
196476 112
196476 113
196476 114
196476 115
196476 116
196476 117
196476 119
196476 121
196476 122
196476 123
196476 124
196476 125
196476 126
196476 127
196476 128
196476 129
196476 131
196476 132
196476 133
196476 134
196476 135
196476 136
196476 137
196476 138
196476 139
196476 140
196476 141
196476 142
196476 143
196476 144
196476 145
196476 146
196476 147
196476 148
196476 149
196476 150
196476 151
196476 152
196476 153
196476 154
196476 155
196476 156
196476 157
196476 158
196476 159
196476 160
196476 161
196476 162
196476 163
196476 164
196476 166
196476 167
196476 168
196476 169
196476 170
196476 172
196476 173
196476 175
196476 176
196476 177
196476 178
196476 179
196476 180
196476 181
196476 182
196476 183
196476 184
196476 185
196476 186
196476 188
196476 189
196476 190
196476 191
196476 192
196476 193
196476 194
196476 195
196476 196
196476 197
196476 198
196476 200
196476 202
196476 204
196476 205
196476 206
196476 207
196476 209
196476 210
196476 211
196476 212
196476 213
196476 214
196476 216
196476 217
196476 219
196476 220
196476 221
196476 222
196476 223
196476 224
196476 225
196476 226
196476 227
196476 228
196476 229
196476 230
196476 231
196476 233
196476 234
196476 235
196476 236
196476 237
196476 238
196476 239
196476 240
196476 241
196476 242
196476 244
196476 245
196476 247
196476 248
196476 249
196476 250
196476 251
196476 252
196476 253
196476 254
196476 255
196476 256
196476 257
196476 258
196476 259
196476 260
196476 261
196476 262
196476 263
196476 264
196476 265
196476 266
196476 267
196476 268
196476 269
196476 270
196476 271
196476 272
196476 273
196476 274
196476 275
196476 276
196476 277
196476 278
196476 279
196476 280
196476 281
196476 282
196476 283
196476 284
196476 285
196476 286
196476 287
196476 288
196476 289
196476 291
196476 292
196476 293
196476 294
196476 295
196476 296
196476 297
196476 298
196476 299
196476 300
196476 301
196476 302
196476 303
196476 304
196476 305
196476 306
196476 307
196476 308
196476 309
196476 310
196476 311
196476 312
196476 313
196476 314
196476 315
196476 316
196476 317
196476 318
196476 320
196476 321
196476 322
196476 323
196476 324
196476 325
196476 326
196476 327
196476 328
196476 329
196476 331
196476 333
196476 334
196476 335
196476 336
196476 337
196476 338
196476 339
196476 340
196476 341
196476 342
196476 343
196476 344
196476 345
196476 346
196476 347
196476 349
196476 351
196476 352
196476 353
196476 354
196476 355
196476 356
196476 358
196476 359
196476 361
196476 362
196476 363
196476 364
196476 365
196476 366
196476 367
196476 368
196476 369
196476 370
196476 371
196476 372
196476 374
196476 375
196476 376
196476 377
196476 378
196476 379
196476 381
196476 382
196476 383
196476 385
196476 386
196476 387
196476 388
196476 390
196476 391
196476 392
196476 393
196476 394
196476 396
196476 397
196476 398
196476 399
196476 400
196476 401
196476 402
196476 404
196476 405
196476 406
196476 407
196476 408
196476 410
196476 411
196476 412
196476 413
196476 415
196476 416
196476 418
196476 419
196476 420
196476 421
196476 422
196476 423
196476 424
196476 425
196476 426
196476 427
196476 428
196476 429
196476 430
196476 431
196476 432
196476 433
196476 434
196476 435
196476 437
196476 438
196476 439
196476 440
196476 441
196476 442
196476 444
196476 445
196476 446
196476 447
196476 448
196476 449
196476 450
196476 451
196476 452
196476 453
196476 455
196476 456
196476 457
196476 458
196476 459
196476 460
196476 461
196476 462
196476 463
196476 464
196476 465
196476 466
196476 467
196476 468
196476 470
196476 471
196476 472
196476 473
196476 474
196476 475
196476 476
196476 477
196476 478
196476 479
196476 480
196476 481
196476 482
196476 483
196476 484
196476 485
196476 486
196476 487
196476 488
196476 489
196476 490
196476 491
196476 492
196476 493
196476 494
196476 495
196476 496
196476 497
196476 498
196476 499
196476 501
196476 502
196476 503
196476 504
196476 505
196476 506
196476 507
196476 508
196476 509
196476 510
196476 511
196476 512
196476 513
196476 514
196476 515
196476 516
196476 517
196476 518
196476 519
196476 520
196476 521
196476 522
196476 523
196476 524
196476 527
196476 528
196476 531
196476 532
196476 533
196476 534
196476 535
196476 536
196476 537
196476 538
196476 539
196476 540
196476 541
196476 542
196476 543
196476 544
196476 545
196476 546
===== simanneal =====
all iter   : 546
accepted   : 491
score  : 196476

