simanneal start at 0.099788667
188430 1
188430 2
188430 3
188430 4
188430 5
188430 6
188430 7
188430 8
188430 9
188430 10
188430 11
188430 12
188430 13
188430 14
188430 15
188430 16
188430 17
188430 18
188430 19
188430 20
188430 21
188430 22
188430 23
188430 24
188430 25
188430 26
188430 27
188430 28
188430 29
188430 30
188430 32
188430 33
188430 34
188430 35
188430 36
188430 37
188430 38
188430 39
188430 40
188430 42
188430 43
188430 44
188430 45
188430 46
188430 47
188430 48
188430 49
188430 50
188430 51
188430 52
188430 53
188430 54
188430 55
188430 56
188430 57
188430 58
188430 59
188430 60
188430 61
188430 62
188430 63
188430 64
188430 66
188430 67
188430 68
188430 69
188430 70
188430 72
188430 73
188430 74
188430 75
188430 76
188430 77
188430 78
188430 79
188430 80
188430 81
188430 82
188430 83
188430 84
188430 85
188430 86
188430 87
188430 88
188430 89
188430 91
188430 92
188430 93
188430 95
188430 96
188430 97
188430 98
188430 99
188430 100
188430 101
188430 104
188430 105
188430 106
188430 107
188430 108
188430 109
188430 110
188430 111
188430 112
188430 113
188430 115
188430 117
188430 118
188430 119
188430 120
188430 123
188430 124
188430 125
188430 127
188430 128
188430 129
188430 130
188430 131
188430 132
188430 134
188430 135
188430 136
188430 137
188430 138
188430 140
188430 141
188430 142
188430 143
188430 144
188430 146
188430 147
188430 148
188430 150
188430 152
188430 153
188430 154
188430 155
188430 156
188430 157
188430 158
188430 159
188430 160
188430 162
188430 163
188430 165
188430 166
188430 167
188430 169
188430 171
188430 172
188430 173
188430 174
188430 175
188430 176
188430 177
188430 178
188430 179
188430 180
188430 181
188430 182
188430 183
188430 184
188430 185
188430 186
188430 187
188430 188
188430 189
188430 190
188430 191
188430 192
188430 193
188430 194
188430 195
188430 196
188430 197
188430 198
188430 199
188430 200
188430 201
188430 202
188430 203
188430 204
188430 205
188430 206
188430 207
188430 208
188430 211
188430 212
188430 213
188430 214
188430 215
188430 216
188430 220
188430 221
188430 222
188430 224
188430 225
188430 226
188430 228
188430 229
188430 230
188430 231
188430 233
188430 234
188430 235
188430 236
188430 237
188430 238
188430 240
188430 241
188430 242
188430 243
188430 244
188430 245
188430 246
188430 247
188430 248
188430 250
188430 251
188430 252
188430 253
188430 254
188430 255
188430 256
188430 257
188430 258
188430 259
188430 260
188430 261
188430 262
188430 263
188430 264
188430 265
188430 266
188430 267
188430 268
188430 269
188430 270
188430 271
188430 272
188430 273
188430 274
188430 275
188430 276
188430 277
188430 278
188430 279
188430 280
188430 281
188430 282
188430 284
188430 285
188430 286
188430 288
188430 289
188430 290
188430 291
188430 292
188430 293
188430 294
188430 295
188430 296
188430 297
188430 298
188430 299
188430 300
188430 301
188430 302
188430 303
188430 304
188430 306
188430 307
188430 308
188430 309
188430 310
188430 311
188430 312
188430 313
188430 314
188430 315
188430 316
188430 317
188430 319
188430 320
188430 321
188430 322
188430 323
188430 324
188430 326
188430 327
188430 328
188430 329
188430 330
188430 331
188430 332
188430 333
188430 334
188430 335
188430 336
188430 337
188430 338
188430 339
188430 340
188430 341
188430 342
188430 343
188430 344
188430 345
188430 346
188430 347
188430 348
188430 349
188430 350
188430 351
188430 352
188430 353
188430 354
188430 355
188430 356
188430 357
188430 359
188430 360
188430 362
188430 363
188430 364
188430 366
188430 367
188430 368
188430 369
188430 370
188430 371
188430 373
188430 374
188430 375
188430 376
188430 377
188430 378
188430 379
188430 380
188430 381
188430 382
188430 383
188430 384
188430 385
188430 386
188430 388
188430 389
188430 390
188430 391
188430 393
188430 394
188430 395
188430 396
188430 397
188430 400
188430 401
188430 402
188430 403
188430 404
188430 405
188430 406
188430 407
188430 408
188430 409
188430 410
188430 411
188430 412
188430 413
188430 415
188430 416
188430 417
188430 418
188430 419
188430 421
188430 422
188430 423
188430 424
188430 425
188430 426
188430 427
188430 428
188430 429
188430 431
188430 432
188430 433
188430 434
188430 435
188430 436
188430 437
188430 438
188430 439
188430 440
188430 442
188430 443
188430 444
188430 446
188430 447
188430 448
188430 449
188430 450
188430 451
188430 453
188430 454
188430 455
188430 456
188430 457
188430 459
188430 460
188430 461
188430 462
188430 463
188430 464
188430 465
188430 466
188430 467
188430 468
188430 469
188430 471
188430 472
188430 473
188430 474
188430 475
188430 477
188430 478
188430 481
188430 482
188430 483
188430 485
188430 486
188430 487
188430 488
188430 489
188430 490
188430 492
188430 493
188430 494
188430 495
188430 496
188430 497
188430 498
188430 499
188430 500
188430 501
188430 502
188430 503
188430 504
188430 505
188430 506
188430 507
188430 508
188430 509
188430 510
188430 511
188430 512
188430 513
188430 514
188430 515
188430 516
188430 517
188430 519
188430 520
188430 521
188430 522
188430 524
188430 525
188430 526
188430 527
188430 528
188430 529
188430 530
188430 531
188430 532
188430 533
188430 534
188430 535
188430 536
188430 537
188430 538
188430 539
188430 540
188430 541
188430 542
188430 543
188430 544
188430 545
188430 546
188430 547
188430 548
188430 549
188430 550
188430 551
188430 552
188430 553
188430 554
188430 556
188430 557
188430 558
188430 559
188430 560
188430 561
188430 562
188430 563
188430 564
188430 565
188430 566
188430 567
188430 568
188430 569
188430 570
188430 571
188430 572
188430 573
188430 574
188430 575
188430 577
188430 578
188430 579
188430 580
188430 581
188430 582
188430 583
188430 584
188430 585
188430 586
188430 587
188430 588
188430 589
188430 590
188430 591
188430 592
188430 593
188430 594
188430 595
188430 596
188430 597
188430 598
188430 599
188430 600
188430 601
188430 602
188430 603
188430 604
188430 605
188430 606
188430 608
188430 609
188430 610
188430 611
188430 612
188430 613
188430 614
188430 615
188430 616
188430 617
188430 618
188430 620
188430 621
188430 622
188430 623
188430 624
188430 625
188430 626
188430 627
188430 628
188430 629
188430 630
188430 631
188430 632
188430 633
188430 634
188430 636
188430 638
188430 641
188430 642
188430 643
188430 644
188430 645
188430 647
188430 648
188430 649
188430 650
188430 651
188430 652
188430 653
===== simanneal =====
all iter   : 653
accepted   : 584
score  : 188430

