simanneal start at 0.090366375
175650 1
175650 2
175650 3
175650 4
175650 5
175650 6
175650 7
175650 8
175650 9
175650 10
175650 11
175650 12
175650 13
175650 14
175650 15
175650 16
175650 17
175650 18
175650 20
175650 21
175650 22
175650 23
175650 24
175650 25
175650 26
175650 27
175650 28
175650 29
175650 30
175650 31
175650 32
175650 33
175650 34
175650 36
175650 37
175650 38
175650 39
175650 40
175650 41
175650 42
175650 43
175650 44
175650 45
175650 46
175650 47
175650 49
175650 50
175650 51
175650 53
175650 54
175650 55
175650 56
175650 57
175650 58
175650 59
175650 60
175650 61
175650 63
175650 64
175650 65
175650 66
175650 67
175650 68
175650 69
175650 70
175650 71
175650 72
175650 74
175650 75
175650 76
175650 77
175650 79
175650 80
175650 81
175650 82
175650 83
175650 84
175650 85
175650 86
175650 87
175650 88
175650 89
175650 90
175650 91
175650 92
175650 93
175650 94
175650 96
175650 97
175650 98
175650 99
175650 100
175650 101
175650 102
175650 103
175650 104
175650 105
175650 106
175650 107
175650 108
175650 109
175650 110
175650 111
175650 112
175650 113
175650 114
175650 115
175650 116
175650 117
175650 118
175650 119
175650 120
175650 121
175650 123
175650 126
175650 127
175650 128
175650 131
175650 132
175650 133
175650 134
175650 136
175650 139
175650 140
175650 141
175650 142
175650 143
175650 145
175650 146
175650 147
175650 148
175650 149
175650 150
175650 151
175650 153
175650 154
175650 155
175650 156
175650 157
175650 158
175638 159
175638 161
175638 162
175638 164
175638 165
175638 167
175638 168
175638 169
175638 170
175638 171
175638 172
175638 173
175638 174
175638 175
175638 176
175638 177
175638 178
175638 179
175638 180
175638 181
175638 182
175638 183
175638 184
175638 185
175638 186
175638 187
175638 189
175638 190
175638 191
175638 192
175638 193
175638 194
175638 195
175638 196
175638 197
175638 198
175638 200
175638 201
175638 202
175638 203
175638 204
175638 205
175638 206
175638 207
175638 208
175638 209
175638 210
175638 211
175638 212
175638 213
175638 214
175638 215
175638 216
175638 217
175638 218
175638 219
175638 221
175638 222
175638 223
175638 224
175638 227
175638 228
175638 229
175638 230
175638 231
175638 232
175638 233
175638 234
175638 235
175638 237
175638 238
175638 239
175638 240
175638 241
175638 242
175638 243
175638 244
175638 246
175638 248
175638 249
175638 250
175638 252
175638 253
175638 254
175638 256
175638 257
175638 258
175638 259
175638 260
175638 261
175638 262
175638 263
175638 264
175638 265
175638 266
175638 267
175638 268
175638 269
175638 270
175638 271
175638 272
175638 273
175638 274
175638 275
175638 276
175638 277
175638 278
175638 279
175638 281
175638 283
175638 287
175638 288
175638 289
175638 290
175638 291
175638 292
175638 293
175638 294
175638 295
175638 296
175638 297
175638 298
175638 299
175638 300
175638 301
175638 302
175638 303
175638 304
175638 305
175638 306
175638 307
175638 308
175638 310
175638 311
175638 312
175638 313
175638 315
175638 317
175638 318
175638 319
175638 320
175638 321
175638 322
175638 323
175638 324
175638 325
175638 326
175638 327
175638 328
175638 329
175638 330
175638 331
175638 333
175638 334
175638 335
175638 336
175638 337
175638 338
175638 339
175638 340
175638 341
175638 342
175638 343
175638 344
175638 345
175638 346
175638 347
175638 349
175638 351
175638 352
175638 353
175638 354
175638 355
175638 358
175638 359
175638 360
175638 361
175638 363
175638 364
175638 365
175638 367
175638 368
175638 369
175638 370
175638 371
175638 372
175638 373
175638 374
175638 376
175638 377
175638 379
175638 380
175638 381
175638 382
175638 383
175638 384
175638 385
175638 386
175638 387
175638 388
175638 390
175638 391
175638 393
175638 394
175638 395
175638 396
175638 397
175638 398
175638 399
175638 400
175638 401
175638 402
175638 403
175638 405
175638 407
175638 408
175638 409
175638 410
175638 411
175638 412
175638 413
175638 414
175638 415
175638 416
175638 417
175638 418
175638 419
175638 420
175638 421
175638 422
175638 423
175638 425
175638 426
175638 427
175638 428
175638 429
175638 430
175638 431
175638 432
175638 433
175638 434
175638 435
175638 436
175638 437
175638 438
175638 439
175638 440
175638 441
175638 442
175638 443
175638 445
175638 446
175638 447
175638 448
175638 449
175638 450
175638 451
175638 452
175638 453
175638 454
175638 455
175638 456
175638 457
175638 458
175638 460
175638 461
175638 462
175638 464
175638 465
175638 466
175638 467
175638 468
175638 469
175638 470
175638 471
175638 472
175638 473
175638 474
175638 475
175638 476
175638 477
175638 479
175638 480
175638 481
175638 482
175638 483
175638 484
175638 485
175638 486
175638 487
175638 488
175638 490
175638 491
175638 492
175638 493
175638 494
175638 495
175638 496
175638 497
175638 498
175638 499
175638 500
175638 501
175638 502
175638 503
175638 504
175638 505
175638 506
175638 507
175638 508
175638 509
175638 510
175638 512
175638 513
175638 514
175638 515
175638 516
175638 517
175638 518
175638 520
175638 521
175638 522
175638 523
175638 524
175638 525
175638 526
175638 527
175638 529
175638 530
175638 531
175638 532
175638 533
175638 534
175638 535
175638 536
175638 538
175638 539
175638 540
175638 541
175638 542
175638 543
175638 544
175638 545
175638 546
175638 547
175638 548
175638 549
175638 551
175638 552
175638 553
175638 554
175638 555
175638 556
175638 557
175638 558
175638 559
175638 560
175638 561
175638 562
175638 564
175638 565
175638 566
175638 567
175638 568
175638 569
175638 570
175638 571
175638 572
175638 573
175638 574
175638 575
175638 576
175638 578
175638 579
175638 580
175638 581
175638 582
175638 583
175638 584
175638 585
===== simanneal =====
all iter   : 585
accepted   : 520
score  : 175650

