simanneal start at 0.205174
191490 2
191490 3
191490 4
191490 6
191490 7
191490 8
191490 9
191490 10
191490 11
191490 12
191490 13
191490 15
191490 16
191490 17
191490 18
191490 19
191490 20
191490 21
191490 22
191490 23
191490 25
191490 26
191490 27
191490 28
191490 29
191490 30
191490 32
191490 33
191490 34
191490 35
191490 36
191490 38
191490 39
191490 40
191490 42
191490 43
191490 44
191490 45
191490 46
191490 47
191490 48
191490 49
191490 50
191490 51
191490 52
191490 54
191490 55
191490 56
191490 57
191490 58
191490 59
191490 60
191490 61
191490 62
191490 63
191490 64
191490 65
191490 66
191490 67
191490 68
191490 69
191490 70
191490 71
191490 72
191490 74
191490 75
191490 77
191490 78
191490 79
191490 80
191490 81
191490 82
191490 83
191490 84
191490 85
191490 86
191490 87
191490 88
191490 89
191490 90
191490 91
191490 93
191490 94
191490 95
191490 96
191490 97
191490 98
191490 99
191490 100
191490 101
191490 102
191490 104
191490 105
191490 106
191490 107
191490 108
191490 109
191490 110
191490 112
191490 113
191490 114
191490 115
191490 116
191490 117
191490 119
191490 120
191490 121
191490 122
191490 123
191490 124
191490 125
191490 127
191490 128
191490 129
191490 130
191490 131
191490 132
191490 134
191490 135
191490 136
191490 137
191490 138
191490 139
191490 140
191490 141
191490 142
191490 143
191490 144
191490 145
191490 146
191490 147
191490 148
191490 149
191490 150
191490 151
191490 152
191490 153
191490 154
191490 155
191490 156
191490 157
191490 158
191490 159
191490 160
191490 162
191490 163
191490 164
191490 165
191490 166
191490 168
191490 169
191490 170
191490 171
191490 172
191490 173
191490 174
191490 175
191490 176
191490 177
191490 178
191490 179
191490 180
191490 181
191490 182
191490 183
191490 184
191490 185
191490 186
191490 187
191490 188
191490 189
191490 190
191490 191
191490 192
191490 193
191490 194
191490 195
191490 196
191490 197
191490 198
191490 200
191490 201
191490 202
191490 204
191490 205
191490 206
191490 207
191490 208
191490 209
191490 210
191490 211
191490 212
191490 214
191490 215
191490 216
191490 217
191490 218
191490 219
191490 220
191490 221
191490 222
191490 223
191490 224
191490 225
191490 226
191490 227
191490 228
191490 230
191490 231
191490 232
191490 233
191490 234
191490 235
191490 236
191490 237
191490 238
191490 239
191490 240
191490 241
191490 242
191490 243
191490 244
191490 246
191490 247
191490 248
191490 249
191490 250
191490 251
191490 252
191490 253
191490 254
191490 255
191490 256
191490 257
191490 258
191490 259
191490 260
191490 261
191490 262
191490 263
191490 264
191490 265
191490 266
191490 267
191490 268
191490 269
191490 270
191490 271
191490 272
191490 273
191490 275
191490 276
191490 277
191490 278
191490 279
191490 280
191490 281
191490 282
191490 283
191490 284
191490 285
191490 286
191490 287
191490 288
191490 289
191490 290
191490 291
191490 292
191490 295
191490 296
191490 298
191490 299
191490 300
191490 301
191490 303
191490 306
191490 307
191490 308
191490 309
191490 310
191490 311
191490 312
191490 313
191490 315
191490 316
191490 317
191490 318
191490 319
191490 320
191490 321
191490 322
191490 324
191490 325
191490 326
191490 327
191490 328
191490 329
191490 330
191490 331
191490 332
191490 333
191490 334
191490 335
191490 336
191490 337
191490 338
191490 339
191490 340
191490 341
191490 342
191490 344
191490 345
191490 347
191490 348
191490 349
191490 350
191490 351
191490 352
191490 355
191490 356
191490 357
191490 358
191490 359
191490 360
191490 361
191490 362
191490 363
191490 364
191490 365
191490 366
191490 367
191490 368
191490 369
191490 370
191490 371
191490 372
191490 373
191490 374
191490 375
191490 376
191490 377
191490 378
191490 379
191490 380
191490 381
191490 382
191490 383
191490 384
191490 385
191490 386
191490 387
191490 389
191490 390
191490 392
191490 393
191490 394
191490 395
191490 396
191490 397
191490 398
191490 399
191490 400
191490 402
191490 403
191490 404
191490 405
191490 406
191490 407
191490 408
191490 409
191490 410
191490 411
191490 412
191490 413
191490 414
191490 415
191490 416
191490 417
191490 418
191490 420
191490 421
191490 422
191490 423
191490 424
191490 425
191490 426
191490 427
191490 428
191490 429
191490 430
191490 431
191490 433
191490 434
191490 435
191490 436
191490 437
191490 438
191490 440
191490 441
191490 442
191490 443
191490 444
191490 446
191490 447
191490 448
191490 449
191490 450
191490 451
191490 452
191490 454
191490 455
191490 456
191490 457
191490 458
191490 459
191490 460
191490 461
191490 462
191490 463
191490 464
191490 465
191490 466
191490 467
191490 468
191490 469
191490 470
191490 471
191490 472
191490 473
191490 474
191490 475
191490 476
191490 477
191490 478
191490 479
191490 480
191490 483
191490 484
191490 485
191490 487
191490 488
191490 489
191490 490
191490 491
191490 492
191490 493
191490 494
191490 495
191490 496
191490 497
191490 498
191490 499
191490 500
191490 502
191490 503
191490 505
191490 506
191490 507
191490 508
191490 509
191490 510
191490 511
191490 512
191490 513
191490 514
191490 515
===== simanneal =====
all iter   : 515
accepted   : 466
score  : 191490

