simanneal start at 0.210645084
189900 1
189900 2
189900 4
189900 6
189900 7
189900 9
189900 10
189900 11
189900 12
189900 13
189900 14
189900 16
189900 17
189900 18
189900 19
189900 20
189900 21
189900 22
189900 23
189900 24
189900 25
189900 26
189900 27
189900 28
189900 29
189900 30
189900 31
189900 32
189900 33
189900 34
189900 35
189900 36
189900 37
189900 38
189900 39
189900 40
189900 42
189900 44
189900 45
189900 46
189900 47
189900 48
189900 49
189900 50
189900 51
189900 52
189900 53
189900 54
189900 55
189900 56
189900 57
189900 58
189900 59
189900 60
189900 61
189900 62
189900 63
189900 64
189900 65
189900 66
189900 67
189900 68
189900 69
189900 70
189900 71
189900 72
189900 73
189900 74
189900 75
189900 76
189900 77
189900 79
189900 80
189900 81
189900 82
189900 83
189900 84
189900 85
189900 86
189900 87
189900 88
189900 89
189900 90
189900 94
189900 95
189900 96
189900 98
189900 99
189900 100
189900 101
189900 102
189900 103
189900 104
189900 105
189900 106
189900 107
189900 108
189900 109
189900 110
189900 112
189900 114
189900 115
189900 116
189900 118
189900 119
189900 120
189900 121
189900 122
189900 123
189900 124
189900 125
189900 126
189900 127
189900 128
189900 129
189900 130
189900 131
189900 132
189900 133
189900 135
189900 136
189900 137
189900 138
189900 139
189900 140
189900 141
189900 142
189900 143
189900 144
189900 145
189900 147
189900 148
189900 149
189900 150
189900 151
189900 152
189900 153
189900 154
189900 155
189900 156
189900 157
189900 158
189900 159
189900 160
189900 161
189900 162
189900 164
189900 167
189900 168
189900 170
189900 171
189900 172
189900 173
189900 174
189900 175
189900 176
189900 177
189900 178
189900 179
189900 180
189900 181
189900 182
189900 183
189900 184
189900 185
189900 186
189900 187
189900 188
189900 189
189900 190
189900 191
189900 192
189900 193
189900 194
189900 195
189900 196
189900 197
189900 198
189900 199
189900 200
189900 201
189900 202
189900 203
189900 204
189900 205
189900 206
189900 207
189900 208
189900 209
189900 210
189900 211
189900 212
189900 214
189900 215
189900 216
189900 217
189900 218
189900 220
189900 221
189900 222
189900 223
189900 224
189900 225
189900 226
189900 227
189900 228
189900 231
189900 232
189900 233
189900 234
189900 235
189900 236
189900 238
189900 239
189900 240
189900 241
189900 242
189900 243
189900 244
189900 245
189900 246
189900 247
189900 248
189900 249
189900 250
189900 251
189900 252
189900 253
189900 254
189900 256
189900 257
189900 258
189900 259
189900 260
189900 261
189900 262
189900 264
189900 265
189900 268
189900 269
189900 270
189900 272
189900 273
189900 274
189900 275
189900 276
189900 278
189900 279
189900 280
189900 281
189900 282
189900 283
189900 284
189900 285
189900 286
189900 287
189900 288
189900 289
189900 290
189900 291
189900 292
189900 293
189900 294
189900 295
189900 297
189900 298
189900 299
189900 300
189900 302
189900 303
189900 305
189900 306
189900 307
189900 308
189900 309
189900 310
189900 311
189900 312
189900 313
189900 314
189900 315
189900 316
189900 317
189900 318
189900 319
189900 320
189900 321
189900 322
189900 323
189900 324
189900 325
189900 326
189900 327
189900 328
189900 329
189900 330
189900 331
189900 332
189900 333
189900 334
189900 335
189900 336
189900 338
189900 339
189900 340
189900 341
189900 342
189900 343
189900 344
189900 345
189900 346
189900 347
189900 348
189900 349
189900 350
189900 351
189900 352
189900 354
189900 355
189900 356
189900 357
189900 358
189900 359
189900 360
189900 361
189900 362
189900 363
189900 365
189900 366
189900 367
189900 368
189900 369
189900 370
189900 371
189900 372
189900 374
189900 375
189900 376
189900 377
189900 378
189900 379
189900 380
189900 381
189900 382
189900 383
189900 385
189900 387
189900 388
189900 390
189900 391
189900 392
189900 393
189900 394
189900 395
189900 396
189900 397
189900 399
189900 400
189900 401
189900 402
189900 403
189900 404
189900 405
189900 406
189900 407
189900 408
189900 409
189900 410
189900 411
189900 412
189900 413
189900 414
189900 415
189900 416
189900 417
189900 418
189900 419
189900 421
189900 422
189900 423
189900 424
189900 425
===== simanneal =====
all iter   : 425
accepted   : 382
score  : 189900

