simanneal start at 0.0804235
177504 1
177504 2
177504 3
177504 4
177504 6
177504 7
177504 11
177504 12
177504 13
177504 14
177504 15
177504 16
177504 17
177504 18
177504 19
177504 20
177504 21
177504 22
177504 23
177504 24
177504 25
177504 26
177504 27
177504 28
177504 29
177504 31
177504 32
177504 33
177504 34
177504 35
177504 36
177504 37
177504 38
177504 39
177504 40
177504 41
177504 43
177504 44
177504 45
177504 47
177504 48
177504 49
177504 50
177504 52
177504 54
177504 55
177504 56
177504 57
177504 58
177504 59
177504 60
177504 61
177504 62
177504 63
177504 64
177504 66
177504 67
177504 68
177504 69
177504 70
177504 71
177504 72
177504 73
177504 74
177504 75
177504 77
177504 78
177504 79
177504 80
177504 82
177504 83
177504 84
177504 85
177504 86
177504 87
177504 88
177504 89
177504 90
177504 91
177504 92
177504 93
177504 94
177504 96
177504 97
177504 99
177504 100
177504 101
177504 102
177504 103
177504 104
177504 105
177504 106
177504 107
177504 108
177504 109
177504 110
177504 111
177504 113
177504 114
177504 115
177504 116
177504 117
177504 118
177504 119
177504 120
177504 121
177504 122
177504 123
177504 125
177504 126
177504 127
177504 128
177504 129
177504 130
177504 132
177504 133
177504 134
177504 135
177504 136
177504 137
177504 138
177504 140
177504 141
177504 142
177504 143
177504 145
177504 146
177504 147
177504 148
177504 150
177504 151
177504 153
177504 154
177504 155
177504 156
177504 157
177504 158
177504 159
177504 160
177504 161
177504 162
177504 163
177504 164
177504 165
177504 166
177504 167
177504 168
177504 169
177504 171
177504 172
177504 173
177504 174
177504 175
177504 177
177504 178
177504 179
177504 180
177504 181
177504 182
177504 185
177504 186
177504 188
177504 189
177504 190
177504 191
177504 192
177504 193
177504 194
177504 195
177504 196
177504 197
177504 198
177504 199
177504 200
177504 201
177504 202
177504 203
177504 204
177504 205
177504 206
177504 207
177504 208
177504 209
177504 210
177504 212
177504 213
177504 214
177504 215
177504 217
177504 218
177504 219
177504 220
177504 221
177504 223
177504 224
177504 225
177504 226
177504 227
177504 228
177504 229
177504 230
177504 231
177504 232
177504 233
177504 234
177504 235
177504 236
177504 237
177504 238
177504 239
177504 240
177504 241
177504 242
177504 243
177504 244
177504 245
177504 246
177504 247
177504 248
177504 249
177504 250
177504 251
177504 252
177504 253
177504 256
177504 257
177504 259
177504 260
177504 261
177504 262
177504 263
177504 264
177504 265
177504 266
177504 267
177504 268
177504 269
177504 270
177504 271
177504 272
177504 273
177504 274
177504 275
177504 276
177504 278
177504 279
177504 280
177504 281
177504 282
177504 283
177504 284
177504 285
177504 286
177504 288
177504 289
177504 290
177504 291
177504 292
177504 293
177504 294
177504 295
177504 296
177504 297
177504 298
177504 299
177504 300
177504 301
177504 303
177504 304
177504 305
177504 306
177504 307
177504 308
177504 309
177504 310
177504 311
177504 312
177504 315
177504 317
177504 319
177504 320
177504 321
177504 322
177504 323
177504 324
177504 325
177504 326
177504 327
177504 330
177504 331
177504 332
177504 333
177504 334
177504 335
177504 336
177504 337
177504 338
177504 339
177504 341
177504 342
177504 343
177504 345
177504 346
177504 347
177504 349
177504 350
177504 351
177504 352
177504 353
177504 354
177504 355
177504 356
177504 357
177504 358
177504 359
177504 360
177504 361
177504 362
177504 363
177504 364
177504 365
177504 366
177504 367
177504 368
177504 369
177504 370
177504 371
177504 372
177504 373
177504 374
177504 375
177504 376
177504 377
177504 378
177504 379
177504 381
177504 382
177504 383
177504 384
177504 385
177504 386
177504 387
177504 388
177504 390
177504 391
177504 392
177504 393
177504 395
177504 396
177504 397
177504 398
177504 399
177504 401
177504 402
177504 403
177504 404
177504 405
177504 406
177504 407
177504 408
177504 409
177504 410
177504 412
177504 413
177504 415
177504 416
177504 418
177504 419
177504 420
177504 421
177504 422
177504 423
177504 424
177504 425
177504 426
177504 427
177504 428
177504 429
177504 430
177504 431
177504 432
177504 433
177504 434
177504 435
177504 436
177504 437
177504 438
177504 439
177504 440
177504 441
177504 442
177504 443
177504 444
177504 445
177504 446
177504 447
177504 448
177504 449
177504 450
177504 451
177504 453
177504 454
177504 455
177504 456
177504 459
177504 460
177504 462
177504 463
177504 464
177504 465
177504 468
177504 469
177504 471
177504 474
177504 475
177504 476
177504 477
177504 478
177504 479
177504 481
177504 482
177504 483
177504 484
177504 485
177504 486
177504 487
177504 488
177504 489
177504 490
177504 491
177504 492
177504 493
177504 494
177504 495
177504 496
177504 498
177504 500
177504 501
177504 502
177504 503
177504 504
177504 505
177504 506
177504 507
177504 508
177504 509
177504 510
177504 512
177504 513
177504 514
177504 515
177504 516
177504 517
177504 518
177504 519
177504 520
177504 522
177504 523
177504 524
177504 525
177504 526
177504 527
177504 528
177504 529
177504 530
177504 531
177504 532
177504 533
177504 534
177504 535
177504 536
177504 537
177504 538
177504 539
177504 540
177504 541
177504 542
177504 543
177504 544
177504 545
177504 546
177504 547
177504 549
177504 550
177504 551
177504 552
177504 553
177504 554
177504 555
177504 556
177504 557
177504 559
177504 560
177504 561
177504 562
177504 563
177504 564
177504 565
177504 566
177504 567
177504 568
177504 569
177504 570
177504 571
177504 572
177504 573
177504 574
177504 575
177504 576
177504 577
177504 578
177504 579
177504 580
177504 581
177504 582
177504 583
177504 584
177504 585
177504 586
177504 587
177504 588
177504 589
177504 591
177504 592
177504 593
177504 594
177504 596
177504 597
177504 599
177504 600
177504 601
177504 603
177504 604
177504 605
177504 606
177504 607
177504 608
177504 609
177504 610
177504 611
177504 612
177504 613
177504 614
177504 615
177504 616
177504 617
177504 618
177504 619
177504 620
177504 622
177504 623
177504 624
177504 625
177504 626
177504 627
177504 628
===== simanneal =====
all iter   : 628
accepted   : 556
score  : 177504

