simanneal start at 0.252739709
190092 2
190092 3
190092 4
190092 6
190092 7
190092 8
190092 9
190092 10
190092 11
190092 12
190092 13
190092 15
190092 16
190092 17
190092 18
190092 20
190092 21
190092 22
190092 23
190092 24
190092 26
190092 27
190092 28
190092 29
190092 30
190092 31
190092 32
190092 33
190092 34
190092 35
190092 36
190092 37
190092 38
190092 39
190092 40
190092 43
190092 45
190092 46
190092 47
190092 48
190092 49
190092 51
190092 52
190092 53
190092 54
190092 55
190092 56
190092 59
190092 60
190092 61
190092 63
190092 64
190092 65
190092 66
190092 67
190092 68
190092 69
190092 71
190092 72
190092 73
190092 74
190092 75
190092 76
190092 77
190092 78
190092 79
190092 80
190092 81
190092 82
190092 83
190092 84
190092 85
190092 86
190092 87
190092 88
190092 90
190092 91
190092 92
190092 93
190092 94
190092 96
190092 98
190092 99
190092 100
190092 101
190092 102
190092 103
190092 104
190092 105
190092 106
190092 108
190092 109
190092 110
190092 111
190092 113
190092 114
190092 115
190092 116
190092 118
190092 119
190092 120
190092 122
190092 123
190092 124
190092 125
190092 126
190092 127
190092 130
190092 131
190092 132
190092 134
190092 135
190092 136
190092 137
190092 138
190092 139
190092 141
190092 142
190092 143
190092 144
190092 145
190092 146
190092 147
190092 148
190092 149
190092 150
190092 151
190092 152
190092 153
190092 155
190092 156
190092 157
190092 158
190092 159
190092 160
190092 161
190092 162
190092 163
190092 164
190092 165
190092 166
190092 167
190092 168
190092 169
190092 170
190092 171
190092 172
190092 173
190092 174
190092 175
190092 176
190092 177
190092 178
190092 179
190092 180
190092 181
190092 182
190092 183
190092 184
190092 185
190092 186
190092 187
190092 189
190092 191
190092 192
190092 193
190092 194
190092 195
190092 197
190092 198
190092 200
190092 201
190092 203
190092 204
190092 205
190092 206
190092 207
190092 208
190092 209
190092 210
190092 212
190092 213
190092 215
190092 216
190092 217
190092 218
190092 219
190092 220
190092 221
190092 223
190092 224
190092 225
190092 226
190092 227
190092 228
190092 229
190092 230
190092 231
190092 232
190092 234
190092 235
190092 236
190092 237
190092 238
190092 239
190092 240
190092 241
190092 242
190092 243
190092 244
190092 246
190092 247
190092 248
190092 249
190092 250
190092 251
190092 252
190092 253
190092 254
190092 255
190092 256
190092 257
190092 258
190092 259
190092 260
190092 261
190092 262
190092 263
190092 264
190092 265
190092 266
190092 267
190092 268
190092 269
190092 270
190092 271
190092 272
190092 273
190092 274
190092 275
190092 276
190092 277
190092 278
190092 279
190092 280
190092 281
190092 282
190092 283
190092 285
190092 286
190092 287
190092 288
190092 289
190092 290
190092 291
190092 292
190092 293
190092 295
190092 296
190092 297
190092 298
190092 299
190092 300
190092 302
190092 303
190092 304
190092 305
190092 306
190092 307
190092 309
190092 310
190092 311
190092 312
190092 313
190092 314
190092 315
190092 316
190092 318
190092 319
190092 320
190092 321
190092 322
190092 323
190092 324
190092 325
190092 326
190092 328
190092 329
190092 330
190092 331
190092 332
190092 333
190092 335
190092 336
190092 338
190092 339
190092 340
190092 341
190092 342
190092 343
190092 345
190092 346
190092 347
190092 349
190092 350
190092 351
190092 352
190092 353
190092 354
190092 355
190092 356
190092 357
190092 358
190092 359
190092 360
190092 361
190092 362
190092 365
190092 366
190092 367
190092 368
190092 369
190092 370
190092 371
190092 372
190092 373
190092 374
190092 375
190092 376
190092 377
190092 379
190092 380
190092 381
190092 382
190092 383
190092 384
190092 385
190092 386
190092 387
190092 388
190092 389
190092 390
190092 391
190092 392
190092 393
190092 394
190092 395
190092 396
190092 397
190092 398
190092 399
190092 401
190092 402
190092 403
190092 404
190092 405
190092 407
190092 408
190092 409
190092 410
190092 411
190092 412
190092 413
190092 414
190092 415
190092 416
190092 418
190092 419
190092 420
190092 421
190092 422
190092 423
190092 424
190092 425
190092 427
190092 428
190092 429
190092 430
190092 431
190092 432
190092 433
190092 434
190092 436
190092 437
190092 438
190092 439
190092 440
190092 441
190092 442
190092 443
190092 444
190092 445
190092 446
190092 447
190092 448
190092 449
190092 450
190092 451
190092 452
190092 453
190092 454
190092 455
190092 456
190092 457
190092 458
190092 460
190092 461
190092 462
190092 463
190092 464
190092 465
190092 467
190092 468
190092 469
190092 470
190092 471
190092 472
190092 473
190092 474
190092 475
190092 476
190092 477
190092 478
190092 480
190092 483
190092 484
190092 485
190092 487
190092 488
190092 490
190092 491
190092 492
190092 493
190092 494
190092 495
190092 496
190092 497
190092 498
190092 499
190092 500
190092 501
190092 502
190092 503
190092 505
190092 506
190092 507
190092 508
190092 509
190092 511
190092 512
190092 513
190092 514
190092 515
190092 516
190092 517
190092 518
190092 519
190092 520
190092 521
190092 522
190092 523
190092 525
190092 526
190092 528
190092 529
190092 530
190092 531
190092 532
190092 533
190092 534
190092 535
190092 536
190092 537
190092 538
190092 539
190092 540
190092 541
190092 542
190092 544
190092 545
190092 546
190092 547
190092 548
190092 549
190092 550
190092 551
190092 552
190092 553
190092 555
190092 556
190092 557
190092 559
190092 560
190092 561
190092 562
190092 563
190092 566
190092 567
190092 568
190092 569
190092 570
190092 571
190092 572
190092 573
190092 574
190092 575
190092 577
190092 578
190092 579
190092 581
190092 582
190092 584
190092 585
190092 586
190092 587
190092 588
190092 590
190092 591
190092 592
190092 593
190092 594
190092 595
190092 596
190092 597
190092 598
190092 599
===== simanneal =====
all iter   : 599
accepted   : 526
score  : 190092

