simanneal start at 0.189667125
179232 1
179232 2
179232 3
179232 4
179232 5
179232 6
179232 7
179232 8
179232 11
179232 13
179232 14
179232 15
179232 16
179232 17
179232 18
179232 20
179232 22
179232 23
179232 24
179232 26
179232 27
179232 28
179232 29
179232 30
179232 31
179232 33
179232 34
179232 35
179232 36
179232 37
179232 38
179232 39
179232 40
179232 41
179232 42
179232 43
179232 44
179232 46
179232 47
179232 48
179232 49
179232 50
179232 51
179232 52
179232 54
179232 56
179232 57
179232 58
179232 59
179232 60
179232 61
179232 62
179232 63
179232 64
179232 65
179232 66
179232 67
179232 68
179232 69
179232 70
179232 71
179232 72
179232 73
179232 74
179232 75
179232 76
179232 77
179232 78
179232 79
179232 80
179232 81
179232 82
179232 83
179232 84
179232 85
179232 88
179232 89
179232 90
179232 91
179232 92
179232 93
179232 95
179232 96
179232 97
179232 98
179232 99
179232 100
179232 101
179232 102
179232 103
179232 104
179232 105
179232 106
179232 107
179232 108
179232 109
179232 110
179232 111
179232 112
179232 113
179232 114
179232 115
179232 116
179232 117
179232 118
179232 119
179232 120
179232 121
179232 122
179232 123
179232 124
179232 125
179232 126
179232 127
179232 128
179232 129
179232 130
179232 131
179232 132
179232 133
179232 134
179232 135
179232 138
179232 139
179232 140
179232 141
179232 142
179232 143
179232 144
179232 145
179232 146
179232 147
179232 148
179232 149
179232 150
179232 151
179232 153
179232 154
179232 156
179232 157
179232 158
179232 159
179232 160
179232 161
179232 162
179232 163
179232 164
179232 165
179232 166
179232 167
179232 169
179232 171
179232 172
179232 173
179232 174
179232 175
179232 177
179232 178
179232 179
179232 180
179232 181
179232 182
179232 183
179232 184
179232 185
179232 186
179232 187
179232 188
179232 189
179232 190
179232 191
179232 192
179232 193
179232 194
179232 195
179232 196
179232 197
179232 198
179232 199
179232 200
179232 201
179232 203
179232 204
179232 205
179232 206
179232 207
179232 208
179232 209
179232 210
179232 211
179232 212
179232 214
179232 215
179232 216
179232 217
179232 220
179232 221
179232 222
179232 223
179232 224
179232 225
179232 226
179232 227
179232 228
179232 230
179232 231
179232 232
179232 233
179232 235
179232 236
179232 237
179232 238
179232 239
179232 240
179232 241
179232 242
179232 243
179232 244
179232 245
179232 246
179232 247
179232 248
179232 249
179232 250
179232 251
179232 252
179232 253
179232 254
179232 256
179232 258
179232 259
179232 260
179232 261
179232 262
179232 263
179232 264
179232 265
179232 266
179232 267
179232 268
179232 269
179232 270
179232 271
179232 272
179232 274
179232 275
179232 276
179232 277
179232 278
179232 280
179232 281
179232 282
179232 283
179232 284
179232 285
179232 286
179232 287
179232 289
179232 290
179232 291
179232 292
179232 293
179232 294
179232 295
179232 296
179232 297
179232 298
179232 299
179232 300
179232 301
179232 302
179232 303
179232 304
179232 305
179232 306
179232 307
179232 308
179232 309
179232 310
179232 311
179232 312
179232 313
179232 314
179232 315
179232 316
179232 317
179232 318
179232 319
179232 320
179232 321
179232 322
179232 323
179232 324
179232 325
179232 326
179232 327
179232 328
179232 329
179232 330
179232 332
179232 334
179232 336
179232 337
179232 338
179232 339
179232 340
179232 341
179232 342
179232 343
179232 345
179232 346
179232 347
179232 348
179232 349
179232 350
179232 351
179232 352
179232 353
179232 354
179232 355
179232 356
179232 357
179232 358
179232 359
179232 360
179232 361
179232 362
179232 363
179232 365
179232 366
179232 367
179232 368
179232 369
179232 371
179232 372
179232 373
179232 374
179232 375
179232 377
179232 378
179232 379
179232 380
179232 381
179232 382
179232 383
179232 384
179232 385
179232 386
179232 388
179232 389
179232 390
179232 391
179232 392
179232 393
179232 394
179232 395
179232 396
179232 397
179232 398
179232 399
179232 400
179232 401
179232 402
179232 403
179232 404
179232 405
179232 406
179232 407
179232 408
179232 409
179232 410
179232 411
179232 412
179232 413
179232 414
179232 416
179232 417
179232 418
179232 419
179232 420
179232 421
179232 422
179232 423
179232 424
179232 425
179232 426
179232 427
179232 428
179232 429
179232 430
179232 431
179232 432
179232 433
179232 434
179232 435
179232 436
179232 437
179232 438
179232 439
179232 440
179232 441
179232 442
179232 445
179232 447
179232 448
179232 449
179232 450
179232 451
179232 452
179232 453
179232 456
179232 457
179232 458
179232 459
179232 460
179232 461
179232 462
179232 463
179232 464
179232 465
179232 466
179232 467
179232 468
179232 469
179232 470
179232 471
179232 472
179232 473
179232 474
179232 475
179232 476
179232 477
179232 478
179232 479
179232 480
179232 481
179232 482
179232 483
179232 484
179232 486
179232 487
179232 488
179232 489
179232 490
179232 491
179232 492
179232 493
179232 494
179232 497
179232 498
179232 499
179232 500
179232 501
179232 502
179232 503
179232 504
179232 505
179232 506
179232 507
179232 508
179232 509
179232 510
179232 511
179232 512
179232 513
179232 514
179232 515
179232 516
179232 517
179232 518
179232 519
179232 520
179232 521
179232 522
179232 523
179232 524
179232 525
179232 526
179232 527
179232 528
179232 529
179232 530
179232 531
179232 532
179232 533
179232 534
179232 535
179232 536
179232 537
179232 538
179232 539
179232 540
179232 541
179232 542
179232 543
179232 544
179232 545
179232 546
179232 547
179232 548
179232 549
179232 550
179232 551
179232 552
179232 553
179232 554
179232 555
179232 556
179232 557
179232 558
179232 559
179232 560
179232 561
179232 562
179232 563
179232 564
179232 565
179232 567
179232 568
179232 569
179232 570
179232 571
179232 572
===== simanneal =====
all iter   : 572
accepted   : 523
score  : 179232

