simanneal start at 0.141939417
182904 1
182904 2
182904 3
182904 4
182904 5
182904 6
182904 7
182904 9
182904 10
182904 11
182904 12
182904 13
182904 14
182904 15
182904 16
182904 17
182904 18
182904 19
182904 20
182904 21
182904 22
182904 24
182904 25
182904 26
182904 27
182904 28
182904 29
182904 30
182904 31
182904 33
182904 34
182904 35
182904 36
182904 37
182904 38
182904 39
182904 41
182904 42
182904 45
182904 48
182904 49
182904 51
182904 52
182904 53
182904 54
182904 55
182904 56
182904 57
182904 58
182904 59
182904 60
182904 62
182904 63
182904 64
182904 66
182904 67
182904 68
182904 69
182904 70
182904 71
182904 73
182904 74
182904 75
182904 76
182904 77
182904 78
182904 79
182904 80
182904 81
182904 82
182904 83
182904 84
182904 87
182904 88
182904 89
182904 90
182904 91
182904 92
182904 93
182904 94
182904 95
182904 96
182904 97
182904 99
182904 100
182904 101
182904 102
182904 105
182904 106
182904 107
182904 108
182904 110
182904 111
182904 112
182904 113
182904 114
182904 115
182904 116
182904 117
182904 118
182904 119
182904 120
182904 121
182904 122
182904 123
182904 124
182904 125
182904 126
182904 127
182904 128
182904 129
182904 130
182904 131
182904 132
182904 133
182904 134
182904 135
182904 136
182904 138
182904 139
182904 140
182904 141
182904 142
182904 143
182904 144
182904 145
182904 146
182904 147
182904 149
182904 150
182904 152
182904 153
182904 154
182904 155
182904 156
182904 157
182904 158
182904 159
182904 160
182904 161
182904 162
182904 163
182904 164
182904 165
182904 166
182904 167
182904 168
182904 169
182904 170
182904 171
182904 172
182904 173
182904 174
182904 175
182904 176
182904 177
182904 178
182904 179
182904 181
182904 182
182904 183
182904 184
182904 185
182904 186
182904 187
182904 188
182904 189
182904 190
182904 191
182904 192
182904 193
182904 194
182904 195
182904 196
182904 197
182904 198
182904 199
182904 200
182904 201
182904 203
182904 204
182904 205
182904 206
182904 207
182904 208
182904 209
182904 210
182904 211
182904 212
182904 213
182904 214
182904 215
182904 216
182904 217
182904 218
182904 221
182904 222
182904 223
182904 226
182904 227
182904 228
182904 229
182904 230
182904 231
182904 232
182904 233
182904 234
182904 235
182904 236
182904 237
182904 238
182904 239
182904 240
182904 241
182904 242
182904 244
182904 245
182904 246
182904 247
182904 248
182904 249
182904 250
182904 252
182904 253
182904 254
182904 255
182904 257
182904 258
182904 259
182904 260
182904 261
182904 262
182904 263
182904 264
182904 265
182904 266
182904 267
182904 268
182904 269
182904 270
182904 271
182904 272
182904 273
182904 274
182904 275
182904 276
182904 277
182904 278
182904 279
182904 280
182904 281
182904 282
182904 283
182904 284
182904 285
182904 286
182904 287
182904 288
182904 289
182904 290
182904 291
182904 292
182904 293
182904 294
182904 295
182904 296
182904 297
182904 298
182904 300
182904 301
182904 302
182904 303
182904 304
182904 305
182904 307
182904 308
182904 309
182904 310
182904 311
182904 312
182904 313
182904 314
182904 315
182904 316
182904 317
182904 318
182904 319
182904 320
182904 321
182904 322
182904 323
182904 324
182904 325
182904 326
182904 327
182904 328
182904 329
182904 330
182904 331
182904 332
182904 333
182904 334
182904 335
182904 336
182904 337
182904 338
182904 339
182904 340
182904 341
182904 342
182904 343
182904 344
182904 345
182904 346
182904 347
182904 348
182904 349
182904 351
182904 352
182904 353
182904 354
182904 356
182904 357
182904 358
182904 359
182904 360
182904 361
182904 362
182904 363
182904 364
182904 365
182904 366
182904 367
182904 368
182904 369
182904 370
182904 371
182904 372
182904 374
182904 375
182904 376
182904 377
182904 378
182904 379
182904 380
182904 381
182904 382
182904 383
182904 384
182904 385
182904 386
182904 387
182904 388
182904 389
182904 390
182904 391
182904 392
182904 393
182904 394
182904 396
182904 397
182904 398
182904 400
182904 401
182904 403
182904 404
182904 405
182904 406
182904 407
182904 408
182904 409
182904 410
182904 411
182904 412
182904 413
182904 414
182904 415
182904 416
182904 418
182904 419
182904 420
182904 421
182904 422
182904 423
182904 424
182904 425
182904 426
182904 428
182904 429
182904 430
182904 431
182904 432
182904 433
182904 434
182904 435
182904 437
182904 438
182904 439
182904 441
182904 442
182904 443
182904 444
182904 445
182904 446
182904 447
182904 448
182904 449
182904 450
182904 451
182904 452
182904 453
182904 454
182904 455
182904 456
182904 457
182904 458
182904 459
182904 460
182904 461
182904 462
182904 463
182904 464
182904 465
182904 467
182904 468
182904 469
182904 470
182904 471
182904 472
182904 473
182904 476
182904 477
182904 478
182904 479
182904 480
182904 481
182904 483
182904 484
182904 485
182904 486
182904 487
182904 488
182904 489
182904 490
182904 491
182904 492
182904 493
182904 494
182904 495
182904 496
182904 497
182904 498
182904 499
182904 501
182904 502
182904 503
182904 504
182904 505
182904 506
182904 507
182904 508
182904 510
182904 512
182904 513
182904 514
182904 515
182904 516
182904 517
182904 518
182904 519
182904 520
182904 521
182904 522
182904 523
182904 524
182904 525
182904 526
182904 528
182904 530
182904 531
182904 532
182904 533
182904 534
182904 535
182904 536
182904 537
182904 539
182904 540
182904 541
182904 542
182904 543
182904 545
182904 546
182904 547
182904 548
182904 549
182904 550
182904 551
182904 552
182904 553
182904 555
182904 556
182904 557
182904 558
182904 559
182904 560
182904 561
182904 562
182904 563
182904 564
182904 565
182904 566
182904 567
182904 568
182904 570
182904 571
182904 572
182904 573
182904 574
182904 575
182904 576
182904 577
182904 578
182904 579
182904 580
182904 581
182904 582
182904 583
182904 584
182904 585
182904 586
182904 587
182904 588
182904 589
182904 590
182904 591
182904 592
182904 593
182904 594
182904 595
182904 596
182904 597
182904 598
182904 599
182904 600
182904 601
182904 602
182904 604
===== simanneal =====
all iter   : 604
accepted   : 548
score  : 182904

