simanneal start at 0.200436166
182436 1
182436 2
182436 3
182436 4
182436 5
182436 6
182436 7
182436 9
182436 10
182436 12
182436 13
182436 14
182436 15
182436 16
182436 17
182436 18
182436 20
182436 21
182436 22
182436 23
182436 24
182436 25
182436 26
182436 27
182436 28
182436 29
182436 30
182436 31
182436 32
182436 33
182436 34
182436 35
182436 36
182436 37
182436 38
182436 40
182436 41
182436 42
182436 43
182436 44
182436 45
182436 46
182436 47
182436 48
182436 49
182436 50
182436 51
182436 52
182436 54
182436 55
182436 56
182436 59
182436 60
182436 61
182436 62
182436 63
182436 64
182436 65
182436 66
182436 68
182436 69
182436 70
182436 71
182436 72
182436 74
182436 75
182436 76
182436 77
182436 78
182436 79
182436 80
182436 81
182436 82
182436 83
182436 84
182436 85
182436 86
182436 87
182436 88
182436 89
182436 90
182436 91
182436 92
182436 93
182436 94
182436 95
182436 96
182436 97
182436 98
182436 99
182436 100
182436 101
182436 102
182436 104
182436 105
182436 106
182436 107
182436 108
182436 109
182436 110
182436 111
182436 113
182436 115
182436 116
182436 117
182436 119
182436 120
182436 121
182436 122
182436 123
182436 124
182436 125
182436 126
182436 128
182436 130
182436 131
182436 132
182436 134
182436 135
182436 136
182436 137
182436 138
182436 139
182436 140
182436 141
182436 142
182436 143
182436 144
182436 145
182436 146
182436 147
182436 148
182436 149
182436 150
182436 151
182436 152
182436 155
182436 156
182436 157
182436 158
182436 159
182436 160
182436 161
182436 162
182436 163
182436 164
182436 165
182436 166
182436 167
182436 168
182436 169
182436 171
182436 172
182436 173
182436 174
182436 175
182436 176
182436 177
182436 178
182436 179
182436 180
182436 181
182436 182
182436 183
182436 184
182436 185
182436 186
182436 187
182436 188
182436 189
182436 190
182436 191
182436 192
182436 193
182436 194
182436 195
182436 196
182436 197
182436 198
182436 199
182436 200
182436 201
182436 202
182436 203
182436 204
182436 205
182436 206
182436 207
182436 208
182436 209
182436 210
182436 211
182436 212
182436 214
182436 215
182436 216
182436 217
182436 218
182436 219
182436 221
182436 222
182436 223
182436 224
182436 225
182436 226
182436 227
182436 228
182436 229
182436 230
182436 231
182436 232
182436 233
182436 234
182436 235
182436 236
182436 237
182436 238
182436 240
182436 242
182436 243
182436 245
182436 246
182436 248
182436 249
182436 250
182436 251
182436 252
182436 253
182436 254
182436 255
182436 256
182436 257
182436 258
182436 260
182436 261
182436 262
182436 263
182436 264
182436 265
182436 267
182436 268
182436 269
182436 270
182436 271
182436 272
182436 273
182436 275
182436 276
182436 277
182436 278
182436 279
182436 280
182436 281
182436 282
182436 283
182436 284
182436 285
182436 286
182436 287
182436 288
182436 289
182436 290
182436 291
182436 292
182436 293
182436 294
182436 295
182436 296
182436 297
182436 298
182436 299
182436 300
182436 301
182436 302
182436 303
182436 304
182436 305
182436 308
182436 309
182436 310
182436 311
182436 312
182436 313
182436 314
182436 315
182436 317
182436 318
182436 319
182436 320
182436 321
182436 322
182436 323
182436 324
182436 325
182436 326
182436 327
182436 328
182436 329
182436 330
182436 332
182436 333
182436 334
182436 335
182436 336
182436 337
182436 338
182436 339
182436 340
182436 341
182436 342
182436 343
182436 344
182436 345
182436 346
182436 347
182436 348
182436 349
182436 350
182436 351
182436 352
182436 353
182436 354
182436 355
182436 356
182436 357
182436 358
182436 360
182436 361
182436 362
182436 364
182436 365
182436 366
182436 367
182436 368
182436 369
182436 370
182436 371
182436 372
182436 373
182436 374
182436 375
182436 376
182436 377
182436 378
182436 379
182436 380
182436 381
182436 382
182436 383
182436 384
182436 385
182436 386
182436 387
182436 388
182436 389
182436 390
182436 391
182436 392
182436 393
182436 394
182436 397
182436 398
182436 399
182436 400
182436 401
182436 402
182436 403
182436 404
182436 405
182436 406
182436 407
182436 408
182436 409
182436 410
182436 411
182436 412
182436 413
182436 414
182436 415
182436 416
182436 417
182436 418
182436 419
182436 420
182436 422
182436 423
182436 424
182436 425
182436 426
182436 427
182436 428
182436 430
182436 432
182436 434
182436 435
182436 436
182436 437
182436 438
182436 440
182436 441
182436 442
182436 443
182436 444
182436 445
182436 447
182436 448
182436 449
182436 450
182436 451
182436 452
182436 453
182436 456
182436 457
182436 458
182436 459
182436 460
182436 461
182436 462
182436 463
182436 465
182436 466
182436 467
182436 468
182436 469
182436 470
182436 471
182436 472
182436 473
182436 474
182436 475
182436 476
182436 477
182436 478
182436 479
182436 480
182436 481
182436 482
182436 483
182436 484
182436 485
182436 487
182436 488
182436 489
182436 490
182436 491
182436 492
182436 493
182436 495
182436 496
182436 497
182436 498
182436 499
182436 501
182436 502
182436 504
182436 505
182436 506
182436 507
182436 508
182436 509
182436 510
182436 511
182436 512
182436 514
182436 515
182436 516
182436 517
182436 518
182436 519
182436 520
182436 521
182436 522
182436 523
182436 525
182436 526
182436 527
182436 528
182436 529
182436 530
182436 531
182436 532
182436 533
182436 534
182436 536
182436 537
182436 538
182436 539
182436 540
182436 541
182436 542
182436 543
182436 544
182436 545
182436 546
182436 547
182436 548
182436 549
182436 551
182436 552
182436 553
182436 554
182436 555
182436 557
182436 558
182436 559
182436 560
182436 561
182436 562
182436 563
182436 564
182436 565
182436 566
182436 567
182436 568
182436 569
182436 570
182436 571
182436 572
182436 573
182436 574
182436 575
182436 576
182436 577
182436 578
182436 579
182436 581
182436 582
182436 583
182436 584
182436 586
182436 587
182436 589
182436 590
182436 591
182436 593
182436 594
182436 595
182436 596
182436 598
182436 599
182436 600
182436 601
182436 602
182436 603
182436 604
182436 605
182436 606
182436 607
182436 608
182436 609
182436 610
===== simanneal =====
all iter   : 610
accepted   : 551
score  : 182436

