simanneal start at 0.132625083
181962 1
181962 2
181962 3
181962 4
181962 5
181962 6
181962 7
181962 8
181962 9
181962 14
181962 15
181962 16
181962 17
181962 18
181962 20
181962 21
181962 22
181962 23
181962 24
181962 25
181962 26
181962 27
181962 28
181962 29
181962 30
181962 31
181962 32
181962 33
181962 34
181962 35
181962 36
181962 37
181962 38
181962 39
181962 40
181962 42
181962 43
181962 44
181962 45
181962 46
181962 47
181962 48
181962 49
181962 50
181962 51
181962 52
181962 53
181962 54
181962 55
181962 56
181962 57
181962 58
181962 59
181962 60
181962 61
181962 62
181962 63
181962 64
181962 65
181962 66
181962 67
181962 68
181962 69
181962 71
181962 72
181962 73
181962 74
181962 75
181962 76
181962 77
181962 78
181962 79
181962 80
181962 81
181962 82
181962 83
181962 84
181962 85
181962 86
181962 87
181962 88
181962 89
181962 90
181962 91
181962 92
181962 93
181962 94
181962 95
181962 96
181962 97
181962 98
181962 99
181962 100
181962 101
181962 102
181962 103
181962 104
181962 105
181962 106
181962 107
181962 108
181962 109
181962 110
181962 111
181962 112
181962 113
181962 114
181962 115
181962 116
181962 117
181962 118
181962 119
181962 120
181962 121
181962 122
181962 123
181962 124
181962 125
181962 126
181962 127
181962 128
181962 129
181962 130
181962 131
181962 132
181962 133
181962 134
181962 135
181962 136
181962 137
181962 138
181962 139
181962 140
181962 141
181962 142
181962 143
181962 144
181962 145
181962 146
181962 147
181962 148
181962 149
181962 150
181962 151
181962 153
181962 154
181962 155
181962 156
181962 157
181962 158
181962 160
181962 161
181962 162
181962 163
181962 164
181962 165
181962 167
181962 168
181962 169
181962 170
181962 171
181962 172
181962 173
181962 174
181962 175
181962 176
181962 177
181962 178
181962 179
181962 181
181962 182
181962 183
181962 184
181962 185
181962 186
181962 187
181962 188
181962 189
181962 190
181962 191
181962 192
181962 193
181962 195
181962 196
181962 197
181962 198
181962 199
181962 200
181962 201
181962 202
181962 203
181962 204
181962 205
181962 206
181962 207
181962 208
181962 209
181962 210
181962 211
181962 212
181962 213
181962 214
181962 215
181962 216
181962 218
181962 219
181962 220
181962 221
181962 222
181962 223
181962 224
181962 225
181962 226
181962 227
181962 228
181962 229
181962 230
181962 232
181962 233
181962 234
181962 235
181962 236
181962 237
181962 239
181962 240
181962 241
181962 242
181962 243
181962 244
181962 245
181962 246
181962 247
181962 248
181962 249
181962 250
181962 251
181962 252
181962 253
181962 254
181962 255
181962 256
181962 257
181962 258
181962 259
181962 260
181962 261
181962 262
181962 263
181962 264
181962 265
181962 266
181962 267
181962 268
181962 269
181962 270
181962 271
181962 273
181962 274
181962 275
181962 276
181962 277
181962 278
181962 279
181962 280
181962 281
181962 282
181962 283
181962 285
181962 286
181962 287
181962 289
181962 290
181962 291
181962 292
181962 293
181962 294
181962 295
181962 296
181962 300
181962 301
181962 302
181962 303
181962 306
181962 307
181962 308
181962 309
181962 310
181962 311
181962 312
181962 313
181962 314
181962 315
181962 316
181962 317
181962 318
181962 319
181962 320
181962 321
181962 322
181962 324
181962 325
181962 326
181962 327
181962 328
181962 329
181962 330
181962 331
181962 332
181962 334
181962 335
181962 336
181962 337
181962 338
181962 339
181962 340
181962 341
181962 342
181962 343
181962 344
181962 345
181962 346
181962 347
181962 348
181962 349
181962 350
181962 351
181962 352
181962 353
181962 354
181962 355
181962 356
181962 357
181962 358
181962 359
181962 360
181962 361
181962 362
181962 363
181962 364
181962 365
181962 366
181962 367
181962 368
181962 369
181962 370
181962 371
181962 372
181962 374
181962 375
181962 376
181962 377
181962 378
181962 379
181962 380
181962 381
181962 382
181962 383
181962 384
181962 385
181962 386
181962 387
181962 388
181962 390
181962 392
181962 394
181962 396
181962 397
181962 398
181962 399
181962 400
181962 401
181962 402
181962 403
181962 404
181962 405
181962 406
181962 407
181962 408
181962 409
181962 411
181962 412
181962 413
181962 414
181962 415
181962 416
181962 417
181962 418
181962 419
181962 420
181962 421
181962 422
181962 423
181962 424
181962 425
181962 426
181962 427
181962 428
181962 429
181962 430
181962 431
181962 432
181962 433
181962 434
181962 436
181962 438
181962 439
181962 440
181962 441
181962 442
181962 444
181962 445
181962 446
181962 447
181962 448
181962 449
181962 450
181962 452
181962 453
181962 454
181962 456
181962 457
181962 458
181962 459
181962 460
181962 461
181962 462
181962 463
181962 464
181962 465
181962 467
181962 468
181962 469
181962 471
181962 472
181962 473
181962 474
181962 476
181962 477
181962 478
181962 479
181962 480
181962 481
181962 482
181962 483
181962 484
181962 485
181962 486
181962 487
181962 488
181962 489
181962 490
181962 492
181962 493
181962 494
181962 496
181962 497
181962 498
181962 499
181962 500
181962 501
181962 503
181962 504
181962 505
181962 506
181962 507
181962 509
181962 510
181962 511
181962 512
181962 513
181962 514
181962 515
181962 516
181962 517
181962 518
181962 519
181962 520
181962 523
181962 524
181962 525
181962 526
181962 527
181962 528
181962 529
181962 530
181962 531
181962 532
181962 533
181962 534
181962 535
181962 536
181962 537
181962 538
181962 540
181962 541
181962 542
181962 543
181962 544
181962 545
181962 546
181962 548
181962 549
181962 550
181962 551
181962 552
181962 553
181962 554
181962 555
181962 556
181962 557
181962 559
181962 560
181962 561
181962 562
181962 563
181962 564
181962 565
181962 566
181962 567
181962 568
181962 569
181962 570
181962 571
181962 573
181962 574
181962 575
181962 576
181962 577
181962 578
181962 579
181962 580
181962 581
181962 582
181962 583
181962 584
181962 585
181962 586
181962 587
181962 588
181962 589
181962 590
181962 591
181962 592
181962 593
181962 594
181962 595
181962 596
181962 597
181962 598
181962 599
181962 600
181962 601
181962 602
181962 603
181962 604
181962 605
181962 606
181962 608
181962 609
===== simanneal =====
all iter   : 609
accepted   : 559
score  : 181962

