simanneal start at 0.216232709
176400 1
176400 2
176400 3
176400 4
176400 6
176400 7
176400 8
176400 9
176400 10
176400 11
176400 12
176400 13
176400 14
176400 15
176400 16
176400 17
176400 18
176400 19
176400 20
176400 21
176400 22
176400 23
176400 24
176400 26
176400 27
176400 28
176400 30
176400 31
176400 32
176400 33
176400 34
176400 35
176400 36
176400 37
176400 38
176400 39
176400 40
176400 41
176400 42
176400 43
176400 44
176400 45
176400 47
176400 48
176400 49
176400 50
176400 51
176400 52
176400 53
176400 54
176400 55
176400 56
176400 57
176400 58
176400 60
176400 61
176400 62
176400 63
176400 64
176400 65
176400 66
176400 67
176400 68
176400 70
176400 71
176400 72
176400 73
176400 74
176400 75
176400 76
176400 77
176400 78
176400 79
176400 80
176400 81
176400 82
176400 83
176400 84
176400 85
176400 86
176400 87
176400 88
176400 89
176400 90
176400 91
176400 92
176400 95
176400 96
176400 97
176400 98
176400 99
176400 100
176400 101
176400 103
176400 104
176400 105
176400 106
176400 107
176400 108
176400 109
176400 110
176400 111
176400 112
176400 113
176400 114
176400 115
176400 116
176400 117
176400 118
176400 119
176400 120
176400 121
176400 122
176400 123
176400 124
176400 125
176400 126
176400 127
176400 128
176400 129
176400 130
176400 131
176400 132
176400 134
176400 135
176400 136
176400 137
176400 138
176400 139
176400 140
176400 141
176400 142
176400 143
176400 144
176400 145
176400 148
176400 149
176400 150
176400 151
176400 152
176400 153
176400 154
176400 155
176400 156
176400 157
176400 158
176400 159
176400 160
176400 161
176400 162
176400 163
176400 165
176400 167
176400 168
176400 169
176400 170
176400 172
176400 173
176400 174
176400 175
176400 176
176400 177
176400 178
176400 179
176400 180
176400 181
176400 182
176400 183
176400 184
176400 185
176400 186
176400 187
176400 188
176400 190
176400 191
176400 192
176400 193
176400 194
176400 195
176400 196
176400 197
176400 198
176400 199
176400 200
176400 201
176400 202
176400 203
176400 204
176400 205
176400 206
176400 207
176400 208
176400 209
176400 210
176400 212
176400 213
176400 214
176400 215
176400 216
176400 217
176400 218
176400 219
176400 220
176400 221
176400 222
176400 223
176400 224
176400 225
176400 226
176400 227
176400 228
176400 230
176400 231
176400 232
176400 233
176400 234
176400 236
176400 237
176400 238
176400 239
176400 240
176400 241
176400 242
176400 244
176400 245
176400 246
176400 248
176400 249
176400 250
176400 251
176400 252
176400 253
176400 254
176400 256
176400 257
176400 258
176400 259
176400 260
176400 261
176400 262
176400 264
176400 265
176400 266
176400 267
176400 268
176400 269
176400 271
176400 272
176400 273
176400 274
176400 275
176400 276
176400 277
176400 278
176400 279
176400 280
176400 281
176400 282
176400 283
176400 284
176400 285
176400 286
176400 287
176400 288
176400 289
176400 290
176400 291
176400 292
176400 293
176400 294
176400 295
176400 296
176400 297
176400 298
176400 299
176400 300
176400 301
176400 302
176400 303
176400 304
176400 305
176400 306
176400 307
176400 308
176400 309
176400 310
176400 311
176400 312
176400 313
176400 315
176400 316
176400 317
176400 318
176400 319
176400 320
176400 321
176400 322
176400 323
176400 324
176400 325
176400 326
176400 327
176400 328
176400 329
176400 330
176400 331
176400 332
176400 334
176400 335
176400 336
176400 337
176400 338
176400 339
176400 340
176400 341
176400 342
176400 343
176400 344
176400 345
176400 346
176400 348
176400 349
176400 350
176400 351
176400 352
176400 354
176400 355
176400 357
176400 359
176400 360
176400 361
176400 362
176400 363
176400 364
176400 365
176400 366
176400 367
176400 368
176400 369
176400 370
176400 371
176400 372
176400 373
176400 374
176400 375
176400 376
176400 377
176400 378
176400 379
176400 380
176400 381
176400 382
176400 384
176400 385
176400 386
176400 387
176400 388
176400 389
176400 390
176400 392
176400 393
176400 394
176400 395
176400 396
176400 397
176400 398
176400 399
176400 400
176400 401
176400 402
176400 403
176400 404
176400 405
176400 406
176400 407
176400 408
176400 409
176400 410
176400 411
176400 413
176400 414
176400 415
176400 416
176400 417
176400 418
176400 419
176400 420
176400 421
176400 422
176400 423
176400 424
176400 425
176400 426
176400 427
176400 428
176400 429
176400 430
176400 431
176400 432
176400 433
176400 434
176400 435
176400 436
176400 438
176400 439
176400 440
176400 441
176400 442
176400 443
176400 444
176400 445
176400 447
176400 448
176400 450
176400 452
176400 453
176400 454
176400 455
176400 456
176400 457
176400 458
176400 459
176400 460
176400 461
176400 462
176400 463
176400 464
176400 465
176400 466
176400 467
176400 468
176400 469
176400 470
176400 471
176400 472
176400 473
176400 474
176400 475
176400 476
176400 477
176400 478
176400 479
176400 480
176400 481
176400 482
176400 483
===== simanneal =====
all iter   : 483
accepted   : 446
score  : 176400

