simanneal start at 0.265549666
198312 1
198312 2
198312 3
198312 5
198312 6
198312 7
198312 8
198312 9
198312 10
198312 11
198312 12
198312 14
198312 15
198312 16
198312 17
198312 19
198312 20
198312 21
198312 22
198312 23
198312 24
198312 25
198312 26
198312 27
198312 28
198312 29
198312 30
198312 31
198312 32
198312 33
198312 34
198312 35
198312 36
198312 37
198312 38
198312 39
198312 40
198312 41
198312 42
198312 43
198312 44
198312 45
198312 46
198312 47
198312 48
198312 49
198312 50
198312 51
198312 52
198312 55
198312 56
198312 58
198312 59
198312 60
198312 61
198312 62
198312 63
198312 64
198312 65
198312 66
198312 67
198312 68
198312 71
198312 72
198312 73
198312 75
198312 76
198312 77
198312 78
198312 79
198312 80
198312 81
198312 82
198312 83
198312 84
198312 85
198312 86
198312 87
198312 88
198312 89
198312 90
198312 91
198312 93
198312 94
198312 95
198312 96
198312 97
198312 98
198312 99
198312 100
198312 101
198312 102
198312 103
198312 104
198312 105
198312 106
198312 107
198312 108
198312 109
198312 110
198312 111
198312 112
198312 113
198312 114
198312 115
198312 116
198312 117
198312 118
198312 119
198312 120
198312 121
198312 122
198312 123
198312 124
198312 125
198312 126
198312 127
198312 128
198312 129
198312 130
198312 131
198312 132
198312 133
198312 134
198312 135
198312 136
198312 137
198312 138
198312 139
198312 141
198312 142
198312 143
198312 144
198312 145
198312 146
198312 147
198312 149
198312 150
198312 151
198312 152
198312 153
198312 154
198312 155
198312 156
198312 157
198312 158
198312 159
198312 160
198312 161
198312 162
198312 163
198312 164
198312 165
198312 166
198312 167
198312 168
198312 169
198312 170
198312 171
198312 172
198312 173
198312 174
198312 176
198312 178
198312 179
198312 180
198312 181
198312 182
198312 183
198312 184
198312 185
198312 186
198312 187
198312 188
198312 189
198312 190
198312 191
198312 192
198312 193
198312 195
198312 196
198312 197
198312 198
198312 199
198312 200
198312 201
198312 202
198312 203
198312 204
198312 205
198312 206
198312 207
198312 208
198312 209
198312 210
198312 211
198312 212
198312 213
198312 214
198312 215
198312 216
198312 217
198312 219
198312 220
198312 222
198312 223
198312 224
198312 225
198312 226
198312 227
198312 228
198312 229
198312 230
198312 231
198312 232
198312 233
198312 234
198312 235
198312 237
198312 238
198312 239
198312 240
198312 242
198312 243
198312 244
198312 245
198312 246
198312 247
198312 248
198312 249
198312 250
198312 251
198312 253
198312 254
198312 255
198312 256
198312 257
198312 258
198312 259
198312 260
198312 261
198312 262
198312 263
198312 265
198312 267
198312 268
198312 270
198312 271
198312 272
198312 273
198312 274
198312 275
198312 276
198312 277
198312 278
198312 279
198312 280
198312 281
198312 282
198312 283
198312 284
198312 285
198312 286
198312 287
198312 289
198312 290
198312 291
198312 292
198312 293
198312 294
198312 295
198312 296
198312 297
198312 298
198312 299
198312 300
198312 301
198312 302
198312 303
198312 304
198312 305
198312 306
198312 307
198312 308
198312 309
198312 310
198312 313
198312 314
198312 315
198312 316
198312 317
198312 318
198312 319
198312 320
198312 321
198312 322
198312 323
198312 324
198312 325
198312 326
198312 327
198312 328
198312 329
198312 330
198312 331
198312 332
198312 333
198312 334
198312 336
198312 337
198312 338
198312 339
198312 340
198312 341
198312 342
198312 343
198312 344
198312 345
198312 346
198312 347
198312 348
198312 349
198312 350
198312 351
198312 352
198312 353
198312 354
198312 355
198312 356
198312 357
198312 358
198312 359
198312 360
198312 361
198312 362
198312 363
198312 365
198312 366
198312 367
198312 368
198312 369
198312 370
198312 371
198312 372
198312 373
198312 374
198312 375
198312 376
198312 377
198312 378
198312 379
198312 380
198312 381
198312 382
198312 383
198312 384
198312 385
198312 386
198312 387
198312 388
198312 389
198312 390
198312 391
198312 392
198312 394
198312 395
198312 397
198312 398
198312 399
198312 400
198312 401
198312 402
198312 404
198312 405
198312 406
198312 407
198312 408
198312 409
198312 410
198312 411
198312 412
198312 413
198312 414
198312 415
198312 416
198312 417
198312 419
198312 420
198312 421
198312 422
198312 423
198312 424
198312 425
198312 426
198312 427
198312 429
198312 430
198312 431
198312 432
198312 434
198312 435
198312 436
198312 437
198312 438
198312 439
198312 440
198312 441
198312 442
198312 443
198312 444
198312 445
198312 446
198312 447
198312 448
198312 449
198312 450
198312 452
198312 453
198312 454
198312 455
198312 456
198312 457
198312 458
198312 459
198312 460
198312 461
198312 462
198312 463
198312 464
198312 465
198312 466
198312 467
198312 468
198312 469
198312 470
198312 471
198312 472
198312 473
198312 474
198312 477
198312 478
198312 479
198312 480
198312 481
198312 482
198312 483
198312 484
198312 485
198312 486
198312 487
198312 488
===== simanneal =====
all iter   : 488
accepted   : 451
score  : 198312

