simanneal start at 0.134709291
176406 1
176406 2
176406 3
176406 4
176406 5
176406 7
176406 8
176406 9
176406 10
176406 11
176406 12
176406 13
176406 15
176406 16
176406 22
176406 23
176406 24
176406 25
176406 26
176406 27
176406 28
176406 30
176406 31
176406 32
176406 33
176406 34
176406 35
176406 36
176406 37
176406 38
176406 39
176406 40
176406 41
176406 42
176406 44
176406 45
176406 46
176406 47
176406 48
176406 49
176406 50
176406 51
176406 52
176406 53
176406 54
176406 56
176406 57
176406 58
176406 59
176406 60
176406 61
176406 62
176406 63
176406 64
176406 65
176406 67
176406 68
176406 69
176406 70
176406 71
176406 72
176406 73
176406 74
176406 75
176406 76
176406 77
176406 78
176406 79
176406 80
176406 81
176406 82
176406 84
176406 85
176406 86
176406 87
176406 88
176406 89
176406 90
176406 91
176406 92
176406 93
176406 94
176406 95
176406 96
176406 97
176406 98
176406 99
176406 100
176406 101
176406 102
176406 103
176406 104
176406 105
176406 106
176406 107
176406 108
176406 109
176406 110
176406 111
176406 113
176406 114
176406 115
176406 117
176406 118
176406 119
176406 120
176406 121
176406 122
176406 123
176406 124
176406 125
176406 126
176406 127
176406 128
176406 129
176406 131
176406 132
176406 133
176406 134
176406 135
176406 136
176406 138
176406 139
176406 140
176406 141
176406 142
176406 143
176406 144
176406 145
176406 146
176406 147
176406 148
176406 149
176406 150
176406 151
176406 152
176406 153
176406 154
176406 155
176406 156
176406 158
176406 159
176406 160
176406 161
176406 162
176406 163
176406 164
176406 165
176406 166
176406 167
176406 168
176406 169
176406 170
176406 171
176406 172
176406 173
176406 174
176406 175
176406 176
176406 177
176406 178
176406 179
176406 181
176406 182
176406 183
176406 184
176406 185
176406 186
176406 188
176406 189
176406 190
176406 191
176406 192
176406 193
176406 194
176406 195
176406 196
176406 197
176406 199
176406 200
176406 201
176406 202
176406 203
176406 204
176406 205
176406 206
176406 208
176406 209
176406 210
176406 211
176406 212
176406 213
176406 214
176406 215
176406 216
176406 217
176406 218
176406 219
176406 220
176406 221
176406 222
176406 223
176406 225
176406 226
176406 228
176406 229
176406 230
176406 231
176406 233
176406 234
176406 236
176406 237
176406 238
176406 239
176406 240
176406 241
176406 242
176406 243
176406 244
176406 245
176406 246
176406 247
176406 248
176406 249
176406 250
176406 251
176406 252
176406 253
176406 254
176406 255
176406 256
176406 257
176406 258
176406 259
176406 260
176406 262
176406 263
176406 264
176406 265
176406 266
176406 267
176406 269
176406 270
176406 271
176406 272
176406 273
176406 274
176406 275
176406 278
176406 279
176406 280
176406 281
176406 282
176406 285
176406 286
176406 287
176406 289
176406 290
176406 291
176406 292
176406 293
176406 294
176406 295
176406 296
176406 297
176406 298
176406 299
176406 300
176406 301
176406 302
176406 303
176406 304
176406 305
176406 306
176406 307
176406 308
176406 309
176406 310
176406 311
176406 312
176406 313
176406 316
176406 317
176406 318
176406 319
176406 321
176406 322
176406 323
176406 324
176406 325
176406 326
176406 327
176406 328
176406 329
176406 330
176406 331
176406 333
176406 334
176406 335
176406 336
176406 337
176406 338
176406 339
176406 340
176406 341
176406 342
176406 343
176406 344
176406 345
176406 346
176406 347
176406 348
176406 349
176406 350
176406 351
176406 352
176406 353
176406 354
176406 355
176406 356
176406 357
176406 358
176406 359
176406 360
176406 361
176406 362
176406 363
176406 364
176406 368
176406 369
176406 370
176406 371
176406 372
176406 373
176406 374
176406 375
176406 376
176406 377
176406 378
176406 379
176406 380
176406 381
176406 382
176406 383
176406 384
176406 385
176406 386
176406 387
176406 388
176406 389
176406 390
176406 391
176406 392
176406 393
176406 394
176406 395
176406 396
176406 397
176406 399
176406 400
176406 401
176406 403
176406 404
176406 405
176406 406
176406 407
176406 408
176406 409
176406 410
176406 411
176406 412
176406 413
176406 414
176406 415
176406 416
176406 417
176406 418
176406 419
176406 420
176406 421
176406 422
176406 423
176406 424
176406 425
176406 426
176406 427
176406 428
176406 429
176406 430
176406 431
176406 432
176406 433
176406 434
176406 435
176406 436
176406 438
176406 439
176406 440
176406 441
176406 443
176406 444
176406 445
176406 446
176406 449
176406 450
176406 451
176406 452
176406 453
176406 454
176406 455
176406 456
176406 457
176406 458
176406 459
176406 460
176406 461
176406 462
176406 463
176406 464
176406 465
176406 466
176406 467
176406 468
176406 469
176406 471
176406 472
176406 473
176406 474
176406 475
176406 477
176406 478
176406 479
176406 480
176406 481
176406 483
176406 485
176406 486
176406 487
176406 488
176406 489
176406 490
176406 491
176406 492
176406 493
176406 494
176406 495
176406 496
176406 497
176406 498
176406 499
176406 500
176406 501
176406 502
176406 503
176406 504
176406 505
176406 506
176406 507
176406 508
176406 509
176406 510
176406 511
176406 512
176406 513
176406 514
176406 515
176406 516
176406 517
176406 518
176406 519
176406 520
176406 521
176406 522
176406 523
176406 524
176406 525
176406 526
176406 527
176406 530
176406 531
176406 532
176406 533
176406 534
176406 535
176406 536
176406 537
===== simanneal =====
all iter   : 537
accepted   : 486
score  : 176406

