simanneal start at 0.21488875
196338 2
196338 3
196338 5
196338 6
196338 7
196338 8
196338 9
196338 10
196338 11
196338 13
196338 14
196338 15
196338 16
196338 17
196338 18
196338 19
196338 20
196338 21
196338 22
196338 23
196338 24
196338 25
196338 27
196338 28
196338 29
196338 30
196338 31
196338 32
196338 34
196338 35
196338 36
196338 37
196338 38
196338 39
196338 40
196338 41
196338 42
196338 43
196338 44
196338 45
196338 46
196338 47
196338 48
196338 49
196338 50
196338 51
196338 52
196338 53
196338 54
196338 55
196338 56
196338 57
196338 58
196338 59
196338 60
196338 61
196338 62
196338 63
196338 64
196338 65
196338 66
196338 67
196338 68
196338 70
196338 73
196338 75
196338 76
196338 77
196338 78
196338 79
196338 80
196338 81
196338 82
196338 83
196338 84
196338 85
196338 86
196338 87
196338 88
196338 89
196338 90
196338 91
196338 92
196338 93
196338 94
196338 95
196338 96
196338 97
196338 98
196338 99
196338 100
196338 101
196338 102
196338 103
196338 104
196338 105
196338 106
196338 107
196338 108
196338 109
196338 110
196338 111
196338 112
196338 113
196338 114
196338 115
196338 116
196338 117
196338 118
196338 119
196338 120
196338 121
196338 122
196338 123
196338 124
196338 125
196338 126
196338 127
196338 128
196338 129
196338 130
196338 131
196338 132
196338 133
196338 134
196338 135
196338 136
196338 137
196338 138
196338 139
196338 140
196338 141
196338 142
196338 143
196338 144
196338 145
196338 146
196338 147
196338 148
196338 149
196338 150
196338 151
196338 153
196338 155
196338 157
196338 159
196338 160
196338 161
196338 162
196338 163
196338 164
196338 165
196338 166
196338 167
196338 168
196338 169
196338 170
196338 171
196338 172
196338 173
196338 174
196338 175
196338 176
196338 177
196338 178
196338 179
196338 180
196338 181
196338 182
196338 183
196338 185
196338 186
196338 187
196338 188
196338 189
196338 190
196338 191
196338 192
196338 193
196338 194
196338 195
196338 196
196338 197
196338 198
196338 199
196338 200
196338 201
196338 202
196338 204
196338 205
196338 206
196338 207
196338 208
196338 210
196338 211
196338 212
196338 213
196338 214
196338 215
196338 216
196338 218
196338 219
196338 221
196338 222
196338 223
196338 224
196338 225
196338 227
196338 228
196338 229
196338 230
196338 231
196338 232
196338 233
196338 234
196338 235
196338 236
196338 237
196338 238
196338 239
196338 240
196338 242
196338 243
196338 244
196338 246
196338 247
196338 248
196338 249
196338 250
196338 251
196338 252
196338 253
196338 254
196338 255
196338 256
196338 257
196338 258
196338 259
196338 260
196338 261
196338 262
196338 263
196338 264
196338 265
196338 266
196338 267
196338 268
196338 269
196338 270
196338 271
196338 272
196338 273
196338 274
196338 275
196338 276
196338 277
196338 278
196338 279
196338 280
196338 281
196338 282
196338 283
196338 284
196338 285
196338 286
196338 287
196338 288
196338 289
196338 290
196338 291
196338 292
196338 293
196338 294
196338 295
196338 296
196338 297
196338 298
196338 299
196338 301
196338 302
196338 304
196338 305
196338 306
196338 308
196338 309
196338 310
196338 311
196338 313
196338 314
196338 315
196338 316
196338 317
196338 318
196338 319
196338 320
196338 321
196338 322
196338 323
196338 324
196338 325
196338 327
196338 328
196338 329
196338 330
196338 331
196338 332
196338 333
196338 334
196338 335
196338 336
196338 337
196338 338
196338 339
196338 340
196338 341
196338 343
196338 344
196338 345
196338 346
196338 347
196338 348
196338 349
196338 351
196338 352
196338 353
196338 355
196338 356
196338 358
196338 359
196338 360
196338 361
196338 362
196338 363
196338 365
196338 366
196338 367
196338 368
196338 369
196338 370
196338 371
196338 372
196338 373
196338 374
196338 375
196338 376
196338 377
196338 378
196338 379
196338 380
196338 381
196338 382
196338 383
196338 384
196338 385
196338 386
196338 387
196338 388
196338 389
196338 392
196338 393
196338 395
196338 396
196338 397
196338 399
196338 400
196338 401
196338 402
196338 404
196338 405
196338 406
196338 407
196338 408
196338 409
196338 410
196338 411
196338 412
196338 413
196338 414
196338 415
196338 416
196338 417
196338 418
196338 419
196338 420
196338 421
196338 422
196338 423
196338 424
196338 425
196338 426
196338 427
196338 428
196338 429
196338 430
196338 431
196338 432
196338 433
196338 434
196338 435
196338 436
196338 438
196338 439
196338 440
196338 442
196338 443
196338 444
196338 445
196338 446
196338 447
196338 448
196338 450
196338 451
196338 452
196338 453
196338 454
196338 456
196338 457
196338 458
196338 459
196338 460
196338 461
196338 462
196338 463
196338 464
196338 465
196338 466
196338 467
196338 469
196338 470
196338 471
196338 472
196338 473
196338 475
196338 476
196338 477
196338 478
196338 479
196338 480
196338 481
196338 483
196338 485
196338 486
196338 487
196338 488
196338 489
196338 490
196338 492
196338 493
196338 494
196338 495
196338 496
196338 497
196338 498
196338 499
196338 500
196338 502
196338 503
196338 504
196338 505
196338 506
196338 507
===== simanneal =====
all iter   : 507
accepted   : 461
score  : 196338

