100 286 4503
0 0
-8773 7083
1273 5380
-1617 -2765
-1783 -7143
-9335 -656
-4706 86
4189 3283
9421 -3315
-6310 5853
-6475 8396
-9660 7989
-2900 -6332
7513 41
-7382 6944
2381 2996
-8656 637
7722 7697
1058 -7666
-5911 3770
-4303 2382
5452 9834
8986 8922
1603 -3437
2526 -8750
4145 -1176
-8138 -9492
-9430 -2287
-4211 6286
6544 -1668
2499 -7016
-9477 -3558
-9803 5096
4750 -3769
-7338 3884
9295 3912
-893 9884
7350 4107
-1040 -9184
-4833 7309
-2058 3784
4844 5263
-3080 -9487
-2847 -2184
9319 2324
8134 2950
-5422 -9345
-8223 -4580
8999 -8818
249 -6539
-5695 1011
-5221 -1782
-8972 2999
-3306 2019
3758 -3353
3692 -4731
1740 1154
-9674 -7544
8854 6688
-6746 -1074
1192 -1818
5091 -5947
-2232 7190
9568 1304
-9399 -9716
-4923 -5306
-7960 -1595
6643 608
-8546 8698
7292 9949
-7488 9266
-893 3374
3555 6691
3478 1307
3312 -5682
8136 -2925
-3980 -7728
3042 -1260
-7184 -8716
6762 5824
9279 -739
-4159 -2242
8829 -4694
5962 2386
3349 -19
-6833 1793
7675 8913
-2953 -7672
1731 9466
-1064 -5481
-309 -3585
-3583 434
-6769 295
9409 -7630
8127 -1203
6562 -4902
-3355 4191
-548 -1311
-8715 9830
1759 138
1 54 563276
1 57 2128812
1 61 802085
1 72 5055590
1 92 2505558
1 98 1822090
1 100 2877676
2 12 1400709
2 15 1678055
2 33 1880319
2 69 1758307
3 8 1810439
3 16 3484144
3 41 1753438
3 42 2000533
3 63 5150861
3 72 3530249
3 73 2070064
3 89 2697818
4 13 4479564
4 44 2210812
4 90 6811562
4 91 1786919
4 98 1242002
5 13 253219
5 39 2225446
5 50 726707
5 88 2330623
5 90 3837693
6 17 1489411
6 28 2503499
6 33 7963907
6 53 2666422
6 67 900276
7 21 2507975
7 51 3302769
7 52 359780
7 60 5571419
7 82 5886993
7 92 246027
7 93 2846350
8 16 3499017
8 42 1754964
8 74 610077
8 84 4044656
9 64 2716022
9 76 786029
9 81 700184
9 83 2952583
9 94 1255252
9 95 909070
10 15 791442
10 20 1089582
10 29 1062053
10 35 1079359
10 40 350568
11 15 628870
11 37 11894158
11 40 933658
11 69 4993379
11 71 1014543
12 33 6828909
12 69 1400363
12 99 3048581
13 44 4374720
13 66 1065266
13 77 2025972
13 88 1301756
13 90 458100
14 30 4009598
14 46 3687398
14 64 4201393
14 68 1207014
14 81 4188571
14 95 1464991
15 33 5818516
15 35 837094
15 40 6039074
15 69 710284
16 57 644003
16 72 1764375
16 74 529979
17 53 1721693
17 67 4434920
17 86 5366230
17 93 1414590
18 22 1392386
18 23 352066
18 59 840034
18 73 2395666
18 80 1113996
18 87 2359326
19 25 1907099
19 31 3905142
19 39 5083307
19 50 329927
20 21 1022079
20 29 1923424
20 35 1427378
20 86 3919331
20 97 565322
21 51 1746231
21 54 2518273
21 86 3738352
21 92 3005725
21 97 2495508
22 37 1345769
22 70 2661647
22 73 1563495
22 87 775873
22 89 7932505
23 36 9464958
23 59 899166
23 64 6894212
23 70 308400
23 87 390929
24 50 3832810
24 55 5367323
24 56 2340903
24 61 3814301
24 75 2943575
24 78 4107624
24 91 4734429
25 31 1743213
25 39 653603
25 49 5213937
25 62 7756197
26 30 2950032
26 34 2850341
26 55 1337447
26 68 4391762
26 78 300641
26 85 1381321
27 47 2667227
27 58 4743546
27 65 210363
27 79 2748629
28 32 1821105
28 33 5117839
28 67 1490050
29 40 2243128
29 63 3357784
29 97 4398198
30 34 3127340
30 68 4599334
30 76 3614987
30 95 1692156
30 96 444415
31 50 5315220
31 62 1266941
31 75 1635372
32 33 8400649
32 48 217725
32 58 2449302
32 67 762687
33 35 4683592
33 53 366772
33 58 23813266
34 55 2593660
34 56 1267181
34 62 2741643
34 96 718320
35 53 2057910
35 86 1627940
36 38 1109956
36 45 537663
36 46 548495
36 59 2480610
36 64 389771
37 40 1036968
37 63 1517128
37 70 17673375
37 71 6702523
37 89 1028293
37 99 9179528
38 42 6603666
38 46 2217092
38 59 4368925
38 80 2288262
38 84 1808501
39 43 220708
39 49 25057215
39 50 296820
39 88 2164270
40 63 4033902
41 54 2089321
41 63 8444332
41 72 842487
41 97 209322
42 73 1000264
42 80 347910
42 84 864832
43 47 3505326
43 49 1825528
43 65 3748655
43 77 1558072
43 88 4205053
44 66 1110013
44 82 1853356
44 92 3969778
44 98 293336
45 46 2728602
45 64 349777
46 64 4185416
46 68 1192334
46 84 847022
47 65 9737067
47 77 1386660
47 79 2279794
48 52 3814143
48 58 2434508
48 66 2473246
48 67 5735225
48 79 9523346
49 62 3300736
49 94 146965
50 75 5613321
50 90 2718766
50 91 2974004
51 86 261989
51 93 157212
52 60 2319255
52 66 6775626
52 67 5079431
52 82 260154
53 86 1740024
54 72 4250331
54 92 3835361
54 97 2422539
55 56 1026026
55 78 3656452
56 62 2126089
56 75 529260
57 72 8434204
57 74 2872434
57 85 4603374
57 100 412318
58 65 1989479
58 79 5386119
59 80 3924563
60 67 407064
60 93 2372986
61 78 1673320
61 91 3144556
61 98 2612400
61 100 3715975
62 75 299768
62 94 2511735
62 96 1311096
63 89 4353506
63 97 1665976
64 81 865768
64 94 15438976
66 77 607324
66 79 7103261
66 82 414925
67 93 2294105
68 74 1212755
68 84 4216620
68 85 3189554
69 71 2959300
69 99 477062
70 87 922726
70 99 7656670
71 99 193172
73 80 1128745
73 89 1356615
74 84 3753305
74 85 338478
76 83 1618692
76 95 3021765
76 96 2881220
77 79 3628513
77 88 2485455
78 85 1847950
78 100 3734133
81 95 903135
82 92 3393601
83 94 5558132
83 96 1666413
85 100 3336362
86 93 1134623
90 91 2893579
91 98 4719206
92 98 1546864
94 96 1319496
6912 -1793
1859 -4306
-5781 -6119
4905 2593
-2734 -3636
7540 -6519
3449 7310
5503 1226
-3519 2472
-7428 5882
5464 -5756
-7101 -6124
7303 -1617
-3590 -7058
-3359 1703
-3320 5225
-1233 6836
6052 2362
-1782 -3543
-7943 -4187
-8005 -4458
-466 -122
-2745 -2131
7085 3149
-1187 888
3449 6845
-423 7571
6967 -749
-2789 2672
1685 -4524
3054 -6244
6163 -1350
-1500 -188
-2830 5548
2489 -2659
-3866 -7336
7841 -1648
562 -1898
-7676 5701
3550 -5897
2445 -75
-119 -6207
1210 -225
-7320 368
-7922 -4541
-912 -64
8716 -8103
-6663 305
-235 -5526
-3255 1702
-4490 -2921
5835 -5276
-6736 423
-3614 -7270
-376 -1191
-1141 -6565
-7984 5793
1573 -4388
-4230 -2953
-2511 -2628
6509 -2010
-88 -1333
-8078 -3247
-1353 -3181
-7507 5557
2576 -1810
603 6072
2670 475
-4362 -1518
-3617 -7091
-4048 -1445
-6844 -6124
4199 7161
7236 -7590
5430 3539
1630 -4229
292 -5659
-8506 -4374
-6945 382
2976 -7564
7755 4966
-2078 -3890
277 -1518
-1491 -5839
-1956 -4378
5448 -6941
6718 -1559
1819 1696
-7040 -3676
5923 2494
-7372 -6454
6714 3987
1839 -2446
6547 -8063
3132 -6005
-7613 5531
1262 720
-1560 -1795
6941 2874
-3619 -7293
3560 7843
1989 878
2003 -4467
-796 -1695
-8294 -3297
6656 2587
-3883 676
-3690 6305
-5415 -4251
-6219 1019
2076 1090
-1172 -5537
-6765 -6206
308 -1587
-404 -6763
-4748 -2969
-4283 1237
-7851 5778
-8032 -4526
4460 7044
-3981 -6578
-3501 -7771
-3060 -7732
-506 -296
-8227 -4189
6737 -1360
6655 3438
7569 -6554
-7608 5236
7556 4167
-7601 -5873
-949 -5811
-3663 -7373
7695 5315
6596 2798
7404 1227
-6532 -6208
-2825 750
3315 6596
-828 6376
4281 -6467
-7893 5323
-6662 -6162
2451 -1629
6345 -6334
3219 6862
5635 2905
5115 4341
6496 1748
1671 -2498
-97 5632
2626 -2137
-7896 5356
-8416 -3820
-5052 1596
-7323 -4532
-1 8241
-7722 5741
-3661 6011
3143 -6751
3555 -5961
1502 -4093
-8085 5423
-3540 -7338
-4271 -2710
6972 4004
-5389 -3101
-940 -6518
7528 3857
6583 3926
1323 -4393
-3378 -3582
-1849 -3381
-3414 -4397
324 5691
-6609 -6024
-4839 -3624
2932 770
-8218 -4128
-6737 595
-3613 -4565
8255 5423
2751 7790
-8165 -4469
-6922 564
-3055 -364
2903 -269
-8915 -3985
7053 3483
-2081 -360
216 -1620
3943 -5675
1221 -4460
7067 3505
-8146 -7190
-3696 -6946
5949 -5985
3311 -86
9274 -8182
-78 200
2812 -6164
-3367 -7149
-6399 -361
-86 5881
-1773 -3770
-1526 528
59 -181
7805 -5907
-3951 -4069
-7643 -5899
597 5879
-9096 -3234
-7373 422
-4393 -691
-4150 2959
-3787 -7173
5653 1783
-6898 1316
-989 8782
3642 -6014
7070 4635
-6859 -5694
-3622 5929
937 -4503
-3390 5618
-260 5758
-4066 -4318
3185 -2777
-7886 -3911
7380 1981
-3977 -3809
2599 -1925
-1747 -2335
-208 -5803
3388 -5341
209 -131
3123 -5853
6194 -6581
7291 -1920
-8767 -2950
-7082 -6860
-7847 5732
-7312 469
7630 3921
-3356 -7292
2276 -2372
3156 -6515
7736 4626
2854 -2059
6317 -5519
-7675 -6412
636 8058
1991 -2175
-3387 -7420
7081 -6885
4219 -5339
1707 -4272
5569 -5879
3170 -6146
65 1405
-870 -5539
-3451 -7434
-1867 -2790
-3082 -7060
7662 -2180
-3353 -7247
-3501 5443
2111 -2001
-4386 1170
-237 -6382
-6266 -6682
-7662 -206
-3485 -6749
-5089 2805
-4254 946
4839 -6575
-8071 5518
-7586 5339
-7891 5865
1852 -4072
-792 -171
5551 -5553
-7544 5566
7821 -5643
-502 5459
-1589 -271
-3605 5639
1628 -4298
225 -5980
-3469 -7267
-6404 -3014
-3271 5856
2567 781
5561 -5706
1450 -4145
2578 -2045
-3724 5507
7194 363
2713 -5524
-1038 -1521
-1386 601
6629 -1414
-1444 -138
4155 6699
-7660 5482
2604 -2120
5685 -4698
7245 -1871
636 6264
5308 2943
-7777 -3414
7364 -7434
-7168 -6158
2945 -5622
6501 -5938
-6135 326
4977 2071
2531 -1824
-3306 5312
-7013 -6746
-7339 -6918
6360 2960
-3946 1794
-7564 5510
1506 -3951
-1959 -3627
5027 -6174
-7107 -3749
-3129 -3619
-4292 -3335
-5150 2225
-2437 -4174
-1805 -2277
-8067 5396
-2217 -3225
-7318 26
-296 -1205
-3484 -3748
4804 7336
-7352 -5696
2748 -176
-2845 5657
8467 4826
376 -4962
-811 -6448
2048 -2178
-890 -5287
-7375 5513
-7895 -6765
-268 4679
-3214 -7158
-7239 227
7020 4838
-1662 1418
-4097 2877
-4529 519
8194 5163
911 261
-221 871
35 -6290
6296 -6983
9151 -5955
6300 2890
7862 3202
-7228 -3627
-956 -416
-4000 1043
-3479 6245
-4862 2983
4172 7768
-940 -6397
-7760 5747
5852 2782
1406 -4429
-7271 -5402
-4091 -3957
-3914 -5063
-1172 131
636 -917
8750 -7358
-3002 -7296
5985 -6398
-1584 -4989
-7338 685
3197 -6638
-3456 5362
-7277 -6037
-3446 -3157
7391 4173
5852 -5995
7248 4843
-8249 -6803
632 789
-7286 -3333
-7623 -3702
-7271 -373
-591 -647
-3843 -3382
-3451 5648
7387 -6259
-8002 5655
7112 -7014
-4802 -3404
-678 -6145
6517 -7061
-8036 5696
105 -120
-2353 -3151
5837 5290
7169 -1360
4966 -5510
-1255 -6072
6704 -6754
-8288 -4111
2130 790
-3524 6207
-1075 -2630
-5021 -2219
-698 6775
7869 -6705
-4918 -3121
7050 -6263
4267 2790
7509 -2206
-3341 462
1363 -4434
-7811 5253
-3217 -68
-1563 -2478
7372 -1735
-3568 -531
8464 -7187
5502 -5651
-6875 -5740
-3411 -7432
112 4247
-7114 -247
-4548 -3124
-7890 6095
4316 7571
-735 -2047
3805 -6275
-527 -480
-862 -6031
7407 2708
-8811 -4297
2797 -6080
6920 -1684
1626 -2987
3524 7000
-3595 5817
-3616 5866
-1015 -2309
-1198 -3394
7183 2809
6569 2855
5998 -6038
955 645
-1363 1178
6941 2655
-3984 876
4156 6277
-6642 -6314
-3493 -7501
-7041 618
6867 -1661
3554 -5718
1302 -4132
5863 -6376
-7248 5590
-7557 5685
6117 -4853
7401 4556
-1403 -131
-7374 446
-7071 -6323
5335 2291
-4499 5611
1941 -2971
4132 -6863
-5043 608
-3955 1541
597 -455
-4188 4503
-4925 -3988
7213 -1672
362 7490
-775 -2061
-8081 -7270
-3285 5757
-1503 1288
3613 -5949
2657 634
-7505 5136
-6393 -6491
3124 -5507
-4968 -3293
-8120 -6523
-4039 5225
552 6124
-1097 -316
8113 -5494
3467 7553
-3644 -7131
6061 2785
-6502 884
4165 -5728
-716 -5698
8094 -7132
3630 -4725
-3859 5686
6041 2337
7103 2755
-3425 -7348
3763 -7009
-944 -2586
-1801 402
6208 4703
1924 -3720
-2917 782
641 6870
2141 -2270
-5673 1430
-8018 5575
4331 2079
6883 2844
-3852 2144
2263 -2164
-7478 -5902
3827 -5816
-7919 -6787
3365 6746
1993 6736
-2314 1348
-4982 -3815
2768 -6368
-7802 5394
8177 -6595
-3574 1721
-3616 5395
-3715 -6914
3743 -6248
-331 -6267
1112 -1051
5176 -5479
-8185 5317
-7258 -2771
-4775 3405
7065 -1912
8148 4661
-357 -3819
-3730 5049
-781 -6202
-3647 1926
-3859 -6825
4795 2281
-3677 -3396
1231 5436
8651 -7082
1306 183
2411 -6456
-156 107
-6978 -6017
-236 -5060
-2874 -681
5612 1878
-3659 1081
-957 5200
-8287 5914
-8499 -4420
-2602 1472
-7121 -276
7246 1611
-7688 5437
-260 6469
1557 -4722
2611 -2373
-6944 -4874
-1505 -3140
7240 -2406
7809 4995
6323 2723
-3577 -7250
-1176 488
-5187 3711
1640 -4138
2497 566
-1703 -2686
3125 -6031
7791 -1695
4961 2680
-1899 743
7421 2572
2084 -2557
2180 932
-6561 -6352
1009 6575
-7141 1030
2017 1274
1578 -4116
6739 4134
-3823 1162
7324 -944
-2855 -661
-7010 340
-3865 -7191
-877 -5931
-4715 -2809
6558 -7076
-8163 -4134
2574 -1811
-7134 -5813
3667 6445
1267 5742
5986 2761
-3326 5653
7401 -1717
-3431 651
-1331 -2956
-5589 -3880
5989 3121
3715 -5987
3107 6867
6870 -6378
-7890 5567
3051 6507
1798 -4488
2453 -220
-1368 -6408
-4208 -4417
-7124 387
-7961 -4546
-2776 -4107
6948 2625
5858 -6016
6603 3868
-7853 5933
-7733 -4182
-3611 4764
2606 -611
-7708 5679
7135 -2184
-4192 -6969
-1903 -84
-7530 -7204
7995 3741
1794 -4529
1566 -4105
-8107 -5472
2934 797
-698 -852
-3596 -1229
3472 -6480
-4593 1230
1798 -4165
-3518 -7793
6313 -6833
-781 -1975
6329 6104
4549 -7238
6522 2486
7153 -1734
-38 5425
-3793 2550
3155 6626
-3566 -7093
-5950 -4304
3989 6749
2150 -4404
-747 -5632
-2789 32
-3370 5079
8390 -6363
-6784 -4919
-618 6247
2554 165
6342 2582
-7224 -4445
-1868 294
-798 5771
-7449 -320
6639 -1696
-6998 315
-6443 114
4479 7025
-6576 -354
-4158 6185
-2646 -1155
-2502 -2739
-3089 5496
7245 5698
929 -4354
-1655 -1665
-8372 -5483
8688 4051
-3757 287
-2431 -741
4329 6943
-3589 1923
-4842 -4529
-6890 69
-7818 5898
2612 -5403
7408 -2022
-4814 1984
1494 1356
-3284 3218
7631 -6327
-4209 656
2518 -2905
-7635 5568
-1354 7673
7720 -6461
2217 -573
-7146 65
-3635 5161
-671 6467
6664 -1401
2989 7302
-3200 -6979
5884 1760
1427 -4279
3312 -5941
831 5610
-2892 -416
1419 -4006
6133 -6171
-647 -5920
-4045 2928
-8180 -5858
5843 3196
-2165 -2788
3483 5852
2902 627
1679 561
3221 6585
3998 -5931
4429 3822
7683 -7828
3512 6460
-333 -4862
-7635 5176
6708 3105
-7029 -6039
6517 -1779
2567 -6338
-4034 -7554
-7431 -6944
-3744 -7479
-7361 -340
871 -180
7356 -1460
2307 -2158
-1782 -3743
2318 991
-6937 714
6118 -6138
4991 2954
7395 3979
5177 -6586
-3712 5772
-845 -3053
6904 5068
8816 -6705
1056 -461
-876 -6054
-3136 5563
7191 -1802
-3296 6196
-5278 1977
-1587 -2636
-2374 -679
-1183 -2766
-2294 -3252
-3160 -135
-7561 -3337
5522 4081
-1383 -5545
3073 -6440
6672 -1059
-2397 -4017
-7281 -227
1688 -2919
3976 -6881
-4284 5860
-291 -5828
1680 505
-1042 -1249
-6844 -7481
-971 -6709
-3412 -7492
7599 5515
3392 6789
5836 1613
-4560 -3384
-1008 -6417
6490 4524
6886 1068
7270 3768
-2263 -3119
2477 -1844
3604 6742
2275 -2703
-7562 -6561
3995 6323
-3561 5277
-7239 633
8029 -8683
-4841 -3664
73 6167
1346 -1273
-4307 2259
-7310 -6769
-7956 4956
-1535 -2916
-3635 5434
-3186 -2087
-3377 4891
8002 -5771
-2988 1908
-1240 1119
-518 -6200
2079 -14
-3596 117
6048 -7066
-4097 -3209
-6744 -6517
-3042 -7336
6331 4785
1931 -2029
3363 6932
-3481 -7254
-7077 -6014
-6794 1595
-6717 -3562
-3001 5451
380 -305
-7122 -6425
6498 2779
1653 -4452
-3646 5433
6191 1593
1653 434
-3853 -6955
-1495 -4154
8275 4632
-2956 -7442
2196 -2779
-7606 -6264
-4413 5583
-549 921
-8138 -4989
8876 -7984
1992 -4164
-2925 1166
1656 -1408
6844 4832
5217 2217
-7788 5483
-7869 5449
661 6841
5178 -5025
6616 -1565
1445 -550
-537 -6050
-1149 -234
-398 -6115
-3623 5329
-4162 6018
-1149 5460
1981 -4243
6767 -1677
-8203 -3978
1273 -4483
-3476 -7136
1357 -489
7403 -1469
8306 5609
6201 -5637
7582 -6301
-7498 5646
-7272 564
2053 -2766
-2953 -7204
6940 5690
3026 1436
-7217 -287
546 6692
-7699 -4268
5995 -5605
1549 58
-7127 321
-2546 -3270
5935 -6388
-1174 -6034
-1572 -6703
-589 -6175
2992 -6455
-3604 6024
7659 -1969
3719 -5755
-1423 -2315
-3058 678
1929 874
1711 -4725
-2280 -4856
-3081 6038
7387 4846
-3406 5988
7197 4812
-3731 6384
-4642 -3571
-6708 758
-6090 366
3586 -5289
3542 -5759
-234 -2441
8354 -6568
7542 -7180
6323 3420
-7428 -586
2067 -3937
2027 -3450
7381 -2357
5153 2507
2495 -1466
-4570 -3586
-7866 -3648
-5071 1249
-4064 -3975
7023 1910
-4197 -2720
-1161 -6973
-3116 -7761
7233 3494
3881 -5762
-4678 -4601
-2939 5020
-6764 -4180
-7353 5374
-4418 -3245
2373 -2602
-7012 121
3182 -6795
-1372 -3494
-8096 -4690
8436 4674
-8073 -6252
-5121 -3139
-3672 -7298
3306 -2521
3465 -5536
-8052 -4875
-3516 5548
-1778 -2421
2594 -2235
-3079 -7767
-4154 -2842
6951 3921
1732 -4147
-6239 79
336 -5700
2229 -2174
13 -5269
-369 6501
-3630 6163
-4754 373
-2258 68
8264 4898
1134 -4719
-7595 5640
-8248 -4561
-4645 2626
-4006 -3597
3573 7297
-2361 -1822
-8087 5617
-2047 5749
-198 6847
-3484 -7537
3967 7056
-2143 -655
-3175 -1148
-1170 -2985
2147 1360
-8028 5612
-3790 5699
123 -5972
8389 -5855
6301 4239
-1299 -3636
-220 -36
2688 -2516
4327 7017
9005 4451
-3651 5409
-7407 -3067
-6114 252
1404 -2644
7058 -6393
3569 6829
-3622 -7813
-3565 5549
-3308 625
-3150 5718
1716 1083
-2965 5784
-2418 -3660
3281 6505
-7405 -5929
-7525 -595
5885 3240
2199 1268
3258 7277
4306 7065
-7856 -5568
8545 -7717
3730 6876
-6974 -6166
-2970 478
-6912 -6371
-6402 -696
-8292 5449
-7057 -6112
-3120 5920
2338 362
4633 -5867
-4249 -6974
-7736 -2764
146 -455
617 -1178
-2059 -4844
1103 -4647
-4207 -2602
1950 -4032
8607 -6430
2599 -6385
-7947 -5685
-413 -5678
2056 -1961
-1253 -6101
-3545 -7355
-7530 5689
-7692 5451
8719 -7134
-8013 5587
2866 -9
4518 6844
-1466 -5754
7589 -1541
-2610 120
6308 -6117
1781 -2793
-2826 5982
-3629 -7189
6104 2425
-2898 994
6846 -6985
-261 -6178
1598 -3599
-1123 -6666
-2997 -3165
-7580 5563
-3735 -6736
-3454 -7952
7712 3225
3500 6998
-273 -5087
7647 3709
659 5495
-7554 543
-7829 -6431
6879 5329
-7427 474
-598 -1794
7268 -7385
-3760 5355
179 236
2597 -2118
2186 -2289
-5157 -3102
3406 6330
7692 3668
-4211 5354
-6683 -7035
-5680 -3023
7305 4246
2513 -278
-7211 -6371
7628 4214
-4249 -3796
7709 -1255
3648 6128
-4706 -3286
-7355 -23
-7841 -4171
6461 -5873
-3742 5634
-9203 -3887
7515 -1462
4981 7470
2834 -5778
-3590 -7239
1805 -4453
-1572 -4053
-6565 -4399
7395 -1139
-3801 -7215
7048 -7235
4284 1955
-6847 2810
4104 7127
1940 6494
1903 -4294
3139 7139
-473 -302
-32 -637
-4370 1872
-4876 3620
-2413 -385
-8207 -5295
7677 -6761
-6422 -4854
5471 3232
-3537 -7027
-7188 -5493
-9089 -3754
-1950 723
7064 1667
-4981 3877
-8077 5219
3591 7121
2384 -2179
8563 -7380
-1211 -1149
-3811 2050
-8077 5799
-1624 -1885
939 -4165
-5452 -2860
7358 -1800
2031 -2152
3414 -5815
8019 -6596
97 93
-187 -6699
-3667 -7420
-7264 -4783
7110 4105
1636 7753
7612 -7008
-7692 -4175
-8057 5478
-1542 -626
-7931 5513
-905 -6297
-890 -6354
-7432 -5957
5302 -5952
-6895 613
-3792 1101
-6386 -151
-2020 -831
-4806 -2871
-7859 5579
-3194 2718
-2310 -2452
303 4841
2604 712
-3084 -7454
-4757 -3820
2315 -6943
-5237 2005
9547 -7733
585 -6273
-85 424
-4179 -2080
-566 -5914
-4063 5574
747 -653
-7675 337
-6974 -4294
2592 -1922
3746 7133
2089 996
-1642 -3367
9043 -4723
4836 -5772
-4308 5625
4003 6485
-7498 1049
5718 3936
-7684 5417
-7925 5483
-7894 -6903
-3245 -7075
6872 -1411
-3668 -6855
-3856 -7070
-4882 -2366
6848 -6574
3081 -1442
2116 511
2459 475
1415 -3782
7808 -6376
-7755 -27
7025 -1815
-560 -6549
-2697 -3191
-855 7037
4479 7271
-7942 6042
6709 6160
4756 1777
8121 4916
-4655 2953
2289 -2345
4757 -6006
-5006 -2967
-7326 -6027
2800 -6348
7776 -1485
-4735 -3262
396 6935
-7418 346
7075 -1953
2459 1416
2931 -6127
-3701 -7248
-3146 -73
-6377 569
-7284 497
3404 7902
6702 5025
6246 -6346
-1130 -2771
7079 -5945
-4392 -4041
2310 -2079
-8114 5570
6812 5310
1643 -4525
2092 770
-851 -6541
6868 -1359
-8256 -6743
-7626 -96
3956 7106
7019 -1143
6074 1771
429 7433
-3059 1190
-6490 -358
5392 606
-3709 -7556
7487 3793
123 -992
2079 -2724
-8411 -4959
2143 1467
-7894 5711
1031 -95
7440 -1022
-8037 -3686
-47 7198
7053 3076
1440 307
-1112 -2763
-2596 -3062
3841 7937
-3859 1679
-4006 1364
674 6150
4168 6381
-5114 -2953
-1362 6361
-7289 -5485
3410 -5599
6254 2446
-3650 -7688
-1349 -6043
7151 -5361
1391 -4268
2761 -5736
8022 -1696
7321 -6972
7454 -1436
-6602 -437
3002 331
-985 -6580
-3478 -7032
5488 2114
-7854 -3813
-6842 688
-1994 -2971
-7538 5237
-3911 -3148
-1046 7110
-7654 -6256
-4280 -3246
2053 332
5627 -6421
1876 642
6095 2500
-3220 -7550
4327 6785
-2048 -768
4647 8036
6990 1554
6061 -6409
-337 462
4117 -6217
7827 -1622
-7365 -5540
3327 -6490
7335 2828
6665 3922
-3966 -4232
-1051 -3820
3601 -6194
2054 162
-7674 1202
1345 -4418
-3623 5802
995 -4514
1596 -4267
-733 -5149
-4193 2170
-3874 1835
5914 -7432
4541 6475
-1354 -6444
-1246 -6127
3215 -5660
-1333 -3258
-5245 -1815
7712 -1335
-6728 -7345
-3331 -7610
-7699 5793
-2965 1790
-3626 -7245
-7664 -3575
-8223 -3585
-4070 5110
1626 551
-2690 -166
2260 -527
3497 7370
-3593 5230
-8003 162
2426 -1816
-3613 3431
-1729 -5472
-4507 -3523
3085 -6032
2783 -1989
3504 -5981
2196 95
3612 -6073
6104 2921
-8389 -4731
2943 686
4908 -5461
-3659 -7903
5908 5620
6167 3065
8640 -7070
-3839 5315
-3944 -6994
3817 -6206
2559 -349
-757 -6111
-7508 -6144
6871 2279
5001 -6315
2621 518
3776 -6265
45 -6783
-8111 -4650
-4654 -2263
1795 -5967
-712 -6177
8368 -7303
-3093 5219
4778 -3922
-7124 -5223
3005 6648
6342 -6322
-3386 4978
2166 -2710
1503 6254
-7183 -3695
-6818 -3828
247 -5631
-6159 -6384
-3853 5512
-280 -5543
-7449 -5019
-3777 5509
1455 -4435
-6831 -6548
-7257 652
-3205 958
3635 -6132
-4072 -3847
-7884 -5935
-3287 -7249
-3924 5637
8635 -7527
2923 417
-281 6422
-7209 289
-7224 1279
-1773 -5442
-495 -5313
-7117 478
7148 -1344
4419 6171
-8919 -4459
4638 -5743
-2156 -3047
1846 -1773
-7212 -6645
8629 -6256
-4470 870
-1879 -3216
-8322 -4383
1798 -3988
-6487 -270
-3601 5293
-3823 -7837
-8234 5400
-3237 -7878
5735 2445
-2386 -3116
-3775 -7312
1812 -4630
3259 -6255
-2704 -1150
-7510 386
-7403 -5266
6939 -7969
-2070 -2253
8960 4079
-3575 627
7582 2757
6705 4280
8167 -7460
7449 4970
-941 -2021
-5066 -3271
6242 3212
9067 -7413
1943 2264
-173 6133
-3726 5194
-4526 2721
-811 6068
-3339 -7342
3324 -5443
-319 6873
-3741 -7224
2071 -2888
1707 -1918
6762 2500
-6965 -6307
-4619 1890
-628 -5489
4755 2560
7210 3282
4848 2141
1697 -4767
8206 3097
-2374 -3174
-1658 -6052
-219 6869
6753 2354
-4026 6209
3525 7413
-3720 5538
-5232 -2812
5670 2636
2222 -198
-7625 -6340
4274 7086
6627 4563
-187 -5619
-3601 5795
6281 2728
5758 -8660
-1824 -3272
3855 6853
-7321 -6003
7294 4345
6017 -7199
-1883 -2241
-6923 -16
-4992 2005
-1936 7554
-8255 -4200
-1089 -6192
5293 3767
-6864 -343
3084 -6373
5966 -4470
-1777 -3926
-719 -6000
1820 -4176
-907 -6369
8814 -6041
-7972 5243
7516 -1914
-3212 -7584
-179 -5820
8736 4133
633 6455
2347 37
5641 -6125
2086 306
6033 2893
-379 -6352
1538 -4128
-700 -6575
-8628 -6228
5835 -5740
7543 -7091
-2732 2412
3107 6418
-3185 -7284
-7737 -3763
-8113 5727
160 -6201
-2151 -3026
7741 3296
1347 -4548
-8150 -4810
-597 -6061
7211 -5544
2471 -342
-3691 -7473
-3321 1281
1020 5377
-7275 -561
8052 -5725
2617 -2805
1129 548
7342 -2315
3019 -6434
-3355 896
6322 1777
2129 -2611
-4779 -3552
-3531 5380
-3974 328
3697 -5052
2932 7027
1098 6553
1929 -2421
-1875 -4137
6757 4849
7151 2041
498 5462
7790 2414
5905 -6977
7297 -6290
7501 -1738
406 -532
7656 2320
-4846 2306
-6442 229
6158 1341
-3637 -3155
7490 4853
1526 -4000
6791 4514
-1978 -2912
-4320 151
7374 -6810
6416 2937
2037 -4577
-7257 -6256
7208 4031
-3509 5321
-1588 -3129
3647 7573
8159 -6442
7645 5500
-3691 -7641
-5727 -4508
-2087 5787
-8281 -3251
-1883 292
2442 148
7572 -1504
2002 -3992
8005 -7502
-5362 2103
-2138 -3835
-7272 -137
-8340 -4611
2091 -3856
-3562 -8024
-7559 -6128
7175 3993
-2760 -2632
-3415 5559
-1053 -6200
-834 -5942
-7810 5580
-7953 5665
-335 8648
6985 -556
-4782 2291
5456 2264
-7134 -5038
8203 4859
1153 61
-3526 -6895
-8044 -137
2687 -6288
-3971 -2933
-3693 -6885
-237 -5056
5089 1567
-7615 -6007
-4028 -7458
1543 -4157
4638 6918
-3380 -7216
6644 -6219
5571 3497
-7732 5439
4119 6949
-4989 3116
169 -213
-7841 5522
-623 6330
-1436 703
-1259 1360
-5324 -3462
273 -766
467 -6191
-7407 -6126
1672 -378
-1370 -3104
-584 829
7272 -2054
1131 -4258
-7733 -3258
-5203 -839
150 -1835
-3849 5557
6665 3640
2902 6825
-8043 -6467
-3936 5236
6494 3765
-4571 1065
-1458 6278
-567 -4685
7591 -1647
1165 -358
-3150 5407
1868 -4509
-7155 -6200
1464 -4526
-7242 -4169
8580 -6547
6866 5219
-1313 -4056
5590 -4304
6039 -4161
-4815 -2691
344 -6875
3277 -6071
8744 -6816
-3095 1147
-3578 -7433
4563 -5105
2799 -2485
1898 -4031
3191 6691
5058 -4768
-7537 5533
272 -329
-7534 -4556
-1351 -4234
-5296 1026
-3647 -7410
-6651 -6420
-7319 -5984
-3452 -609
-3773 1163
1166 253
-7686 -3705
-6501 -5903
5721 -7230
1615 -3973
-4827 -2945
2356 794
2296 1106
-7688 5266
-211 4701
-3741 -7065
-3382 -732
-3019 -295
-3510 -3501
1656 -3949
8832 -6909
-5110 948
-3588 776
-448 -5672
-4139 -3558
2185 -2199
-3691 -7266
-4370 5944
6000 2476
-1098 -939
6781 -8347
-7384 -4145
1514 -3846
-8269 -2919
7836 3604
1290 -4254
6677 -5853
5025 -6392
4994 -6473
-7679 -3715
-3581 -7450
-6573 -362
2584 1370
-7144 -6450
1523 229
-3035 5702
3254 7640
2293 -2147
-6769 -180
7865 -7073
6347 -1863
8096 -6195
-1295 -2582
-555 -6313
220 7623
-1071 -6043
6714 -6660
6749 -1369
7148 3146
5111 4088
-7881 5122
-8008 -5365
2771 -2086
-4268 1508
-3335 5510
2247 -1641
-6958 -2360
-4323 -249
3644 -5553
-327 -13
-3925 -2764
-285 -5458
6191 2198
-7854 -4626
-6807 -3786
2688 -5954
1085 -1887
6181 -5796
-2364 -4062
3770 7574
-3680 3135
5488 -5548
5897 2173
-6921 -3776
2067 -1832
8304 3833
-435 -6221
-7139 -263
652 6360
5206 -6678
2056 -2339
-3077 6350
8694 -6074
7206 -1349
-7612 -3841
3508 7181
-1410 -3783
-3754 -7127
6389 2769
-3632 5771
-5074 -1940
3494 7385
-3752 1283
5892 -5837
137 6129
90 4199
-7261 -5847
-5340 -2669
6744 3754
3127 -1294
7246 -1728
3690 8212
1657 -4052
8014 -5167
-2282 -2075
-4584 -3596
6321 5335
-2678 5382
3505 7068
-3361 -7344
619 -573
-858 6389
8142 2872
-6725 377
-6784 -1
-7511 -5534
7929 -7669
2997 7179
2397 -2718
2434 -2796
-7484 -5463
-925 -5715
-3713 -2225
604 8284
-1907 -3294
-1083 659
-6852 540
5768 4376
5622 -6039
5522 -6023
6727 -6142
-7229 5538
970 -3917
-5082 2071
6688 -1385
-6422 -5851
-3021 -7542
152 -5526
4843 -7250
4227 6497
-7222 -4335
-7193 160
6660 4008
-1868 503
7602 -1046
2348 -6180
7317 4829
-3609 5290
-4145 775
-3374 -7459
1817 -4520
-7617 -3585
4967 2584
1928 -2057
-2432 678
-946 -6099
2471 -2536
324 -1310
-245 -6963
7749 -6781
-910 -5903
5769 1431
1634 -3755
7385 -1805
3965 7102
2272 -6525
-3544 -518
1804 -4467
-8011 5495
-1067 6612
7487 -1758
-7918 291
4125 -6334
-40 -6519
5646 2956
8592 -7229
-3186 -7165
2461 -249
-3648 -6902
-7602 5671
-7852 5602
-3526 -7712
3596 6977
-6859 -3483
2740 925
-3918 1764
3587 -5853
-4256 -3619
8279 -6945
1084 2207
-3868 5603
5138 -6074
3764 7197
-1110 1001
-2357 -3360
-7608 -507
-4764 -2009
3713 6475
3356 6751
1421 636
2094 -2697
-1985 -56
-982 -5915
-3929 -1334
-3534 -7340
-4640 -2502
-392 -5061
-8122 5804
-8688 -4547
1702 311
-7410 -4301
-2260 -3150
48 -998
-949 6136
8411 4400
1896 127
-2898 -1195
-7889 -6115
3131 7002
-3939 1809
-1506 -3152
-3862 -7590
6410 4109
-1260 -1877
-2773 -3672
-1658 -2525
4864 -5935
-3955 6155
-3766 1443
-6989 597
-7064 -7195
1581 -3974
4500 7554
-629 -3473
2652 -1530
7291 5688
-4701 -3427
1891 304
1746 -4070
2862 7878
7672 -1043
-7011 -193
6486 4339
-7829 5204
7486 -7233
-7719 5755
-5005 -2453
-687 5885
-2218 -4066
5433 -6977
-3010 5957
3625 -6018
-2989 -647
8303 4462
-751 -5595
-7520 -6847
3153 -5689
699 -98
-3158 -3049
7074 3019
1569 -2493
7451 -582
-3945 481
5506 -6072
-783 -936
-3232 -4029
3411 -5984
-3835 902
-1408 -6094
-79 -947
-8007 5439
3374 -6644
4179 7570
3432 -5877
2950 -2511
-1118 7213
-8352 -4018
7818 -1469
8849 -6136
2206 -2066
-4665 -105
-4608 2694
6016 -5208
3845 -5281
-3526 -7082
-3938 -7376
-6953 -6535
6302 -1616
-8013 5982
2283 505
2379 1106
-4183 -2311
-7691 -3385
-7648 -4283
2094 -1977
2013 1058
1653 280
1495 -142
2152 -2832
-8315 -4937
-4159 2155
-622 1829
-7461 -3588
-5417 -3943
-3907 3060
1000 -4338
6572 -806
-7932 5536
7280 4242
-4923 1571
8844 -5895
4177 7152
-210 5146
-7832 5513
1949 -2191
2680 25
-4413 -800
2798 6658
-969 -5018
-7352 -5874
2722 -6228
3864 7466
4015 6935
4718 -6086
-7106 -3408
3070 -6030
-603 5252
-3246 -7595
2083 -2999
2425 -3617
-3816 5651
5867 3827
-595 -6023
-1885 -3867
-7602 -3953
-6689 -231
-6694 -4439
-2562 -2859
-7583 523
-1680 -3543
-7590 5750
7148 -2400
3594 7862
-4798 1874
7087 4280
282 6722
-7446 581
-358 6800
-3478 5299
3570 7550
-7651 -3462
4731 -6638
-6490 346
-5093 1638
870 -1806
-499 261
5666 -4877
6273 4041
6593 -6444
-1288 1568
-1173 -783
2388 1113
-3784 6064
-422 -1543
-7126 -3908
-3207 -7358
-1441 395
-515 -5604
-941 52
-6937 583
1783 -2054
8777 -5674
8652 -6536
-4592 1728
4250 -6716
-7583 80
1428 -4437
3726 6970
-467 447
6760 -901
7577 -1991
6432 2764
3254 -5493
3193 -6435
7428 3964
322 7350
-3716 -6954
2001 1622
8418 -6151
1708 -4455
-38 6687
1167 -4337
-4539 831
3140 -6686
-6389 138
-3418 -4083
4382 6460
-1095 695
6660 693
-3175 5923
631 6316
982 -4210
-2833 -149
-1317 7099
-247 196
5310 3353
-3789 -7642
-7459 -5215
8264 4492
-981 5815
-492 -6533
2776 1203
-2492 -59
-8273 -2991
6268 1623
-133 -5913
-7542 -6225
-6789 -6618
3660 -5512
-8206 -5922
-2409 -4040
-1502 1126
-1042 -4800
-2657 -2754
-3719 5263
1367 -4072
5942 3618
-473 6112
-6710 -208
8341 4094
256 -1201
2437 -2015
-6993 241
-968 7668
8426 2632
-7719 5459
116 5521
-3476 6284
-548 5603
7080 4491
149 5863
1369 -4515
-1803 -1120
-3927 -4117
-3809 -3473
-1255 -645
4506 7536
-7470 5480
-228 5877
-7939 5382
180 1179
-850 4397
-6758 -6598
-6716 -6031
-6715 -7217
-7306 -184
4897 -5638
2794 45
1711 6017
-7151 5371
3653 6693
2037 -1947
4320 2972
-5227 -3568
2549 19
6975 -1881
-3886 5790
3411 -6414
-7157 -4090
3810 6799
8075 5505
3483 6872
-4084 1759
5683 2964
7496 -1795
6718 3771
-6810 -231
-4110 -4040
2009 -2402
-7168 -7260
-3515 1142
7835 -2048
-3747 5527
2155 -3039
-3324 5870
-6822 -6890
-7147 -6123
-6840 401
476 -47
7280 -1209
1866 -2845
-3478 2604
4331 7551
7181 -6755
1897 692
-7064 -7086
-2347 -3408
2389 -2400
5333 -6121
4992 2653
3908 7995
-7784 5646
1639 -4611
-6973 -8
-6762 145
7795 -2194
1734 -3930
5900 -5901
7745 -6461
-4730 -2696
2448 941
-8131 5290
-1170 -1577
-2795 -460
5962 -6377
7376 -1720
7515 -7132
-1854 283
-4244 -2492
-6398 -77
-2977 444
2121 647
8528 -7313
-492 -5744
2351 720
2891 -5857
4275 6986
-442 -5279
-2304 7614
9137 -6945
3669 -5623
-3976 5429
-5674 1516
2088 411
-7380 -721
-334 6883
1665 1778
-746 5149
8260 4240
2101 -2315
-1269 -2841
-3490 -2714
6145 2574
7279 3149
7270 -7205
-4243 1152
-1860 -3154
-534 -6080
7888 4555
-3637 -7322
5348 3084
3581 -6299
-676 645
-4297 -3926
2313 -1425
7595 5353
-873 -2060
-2197 -4378
6497 3469
-3638 -6513
1628 -3889
-722 -5910
-2856 470
-960 5360
9335 -6385
-3724 5946
3013 -5004
2475 -215
769 5313
7060 -7708
3280 -5416
-201 -5076
8267 5314
-1175 -3366
-5396 -3712
-419 -6174
4947 6951
-859 -2665
3355 -2311
5271 -4995
4676 6763
3535 -6392
1714 -1968
3374 6801
-4157 60
-4494 2276
8516 5356
-3468 -976
-4433 1835
3119 -2006
906 6330
-3587 -7562
7962 4479
-7787 -4088
2288 25
-136 6465
-7660 -4606
-845 -5454
4198 7219
1894 -4399
3696 6638
-3619 -3420
307 -1260
-6655 51
-2983 -1086
6027 2219
3229 -5875
-975 -5148
-8011 -4495
-3664 129
-3640 -6950
-2324 -684
-314 -5475
5249 -6816
2041 -4329
-7703 5324
3608 -5950
-2979 -7525
-3482 -7111
-7569 5745
2486 -51
-1186 6219
3229 -6053
2128 -2878
2513 -5966
-7682 -4765
2725 -6547
-5307 -2564
4503 5975
6801 4669
6845 735
3415 -6210
-2191 -3491
-3533 -7306
-5583 -2669
6770 5588
60 -7329
-4769 2806
-4254 1837
451 -543
-1021 -5982
-3481 5334
5498 5069
-7454 -49
-3406 -7339
290 -5685
-481 5199
7451 3587
-627 -496
3744 -6772
5840 1839
1247 -4063
-238 5693
2902 1952
1078 6963
-4618 748
-7443 -3673
2636 -5291
-1910 -4331
-3698 -7023
-349 5835
-4167 110
-8346 -4782
-6628 72
3435 -6355
2171 685
1944 -3866
-3948 -3086
-5175 2192
8511 -6818
-3786 5396
1693 -3985
6403 1495
-303 5590
-1792 -3362
4145 -6239
-7435 -3590
1508 -4464
-1781 -3026
-63 5636
6985 -1482
4127 6530
1186 62
5803 -5771
-4552 2408
6256 -7010
5359 -5825
1088 5567
2171 -120
6533 3804
-509 -6190
2944 6766
2364 -2098
6581 -6497
7697 -6042
3282 6824
-7696 5574
2411 1766
6890 562
-900 -449
2643 355
8219 -6597
-3392 -7434
9320 -6753
-7398 -5498
1171 -4272
-809 6815
2271 227
3864 -4961
5349 -5398
-4167 -34
1499 -3823
-3187 -7262
-7213 -4883
-2480 -1001
-7071 569
-2538 -265
6227 3473
-248 5751
1494 -4244
7244 -947
-602 -348
3883 -6077
3044 754
7521 -7332
6844 -6650
3432 6931
-1921 70
7888 4694
-3606 5785
6815 -1253
2738 -2872
-1782 -409
6449 2753
-7540 -4154
1753 -2003
-3056 -1628
-2866 -7315
7472 -1328
-3921 -7351
-3834 -6820
-4638 1947
-3105 5127
-7491 372
5657 3480
-3542 1119
429 6545
-1187 6428
-8012 -3319
6575 -5890
7120 -7972
-7310 -5470
5203 -5737
-3904 -7105
-3898 5150
-880 -6331
1486 -3995
-8085 -5518
-6872 352
-445 -5905
-1889 -3442
5819 -2883
-7974 5440
-5720 -3554
2461 97
381 -6048
2215 -1758
-262 5738
-7345 5638
-480 -6678
-7033 456
1724 -1973
-188 310
-7793 5576
366 -1274
1506 -4078
-3390 -6930
1112 -4100
-7291 -6307
-3411 5618
-143 -6439
-7564 -3045
-7378 -6295
-4222 -3617
-7678 5738
-5061 -3900
8291 -6744
8060 -5729
-7499 1030
-4415 -3585
-1624 45
-7346 -118
-4756 -4933
-8199 5035
1459 -4573
5466 -6228
5528 -7174
8188 -7647
6776 -1481
3029 -2203
-834 -278
7805 -1020
-7549 102
-901 -5499
-3525 -6988
2459 -2363
7991 -1861
6591 -2093
-4215 -4065
-2363 -212
3568 7050
-4472 -4420
-5205 1985
-5431 1966
-3182 5052
-4103 -1806
7783 -1302
2379 -6416
-8557 -4549
8397 -6478
4783 -5597
-6687 -3898
3797 -5703
2291 -4253
829 6167
3301 -6347
-7926 -3155
6723 1625
-7276 459
3296 7787
6414 2437
-3678 417
-7199 968
-1239 5306
5353 -6511
2099 1043
7027 -1256
7174 5902
-3355 -7750
-315 -7085
1741 -3594
1648 -4524
-6983 138
2333 456
-8738 -4216
2267 -204
2398 -2266
-3705 -3200
7248 -7689
1559 -4372
5762 1684
-1340 7449
-7834 5448
2980 -6274
-500 7498
6245 4011
-410 -6398
1761 -1079
1740 -4019
8347 3374
1942 -4595
2209 424
-7465 -3556
-8496 -3888
-4745 -3717
-6997 317
-4323 1439
5100 2950
-7155 742
-7827 -5653
6957 3057
-643 -5120
1798 -4313
-6479 -542
-4051 -2552
2555 -5734
-1936 -3030
4524 7117
-7666 422
3478 6856
-5925 -6768
9182 -5520
3757 7093
-3439 -7591
6209 -5957
448 5786
-4787 2366
-3484 5402
2390 -88
-3361 3174
-7420 5675
-229 -6434
8060 -2540
1587 -687
6650 2595
8141 -796
-7785 5622
-3045 -7007
2955 -3101
405 -743
-572 6441
3325 7025
-4725 254
1812 -3897
-8336 -4271
4832 -6294
-7863 -3353
-3558 -7084
-1096 -6855
-7639 5103
2571 -2306
312 -6223
-4233 -3216
6476 4306
-3325 -254
-3404 5553
-1244 -242
1741 -4255
-919 -7039
-4244 5506
1140 6516
2221 440
-1074 -5783
-4117 2384
-1773 6579
-570 3932
-7830 5869
-2044 346
-7332 -6313
3227 7062
6068 2508
-3460 5873
-4470 5600
2656 -2405
-503 -6070
3167 -6491
-2348 -105
6514 2406
5042 -7188
6375 2429
-4244 -6918
5536 -6294
-580 -6059
6350 2791
5920 -6227
635 -5915
-7764 5550
-3527 5677
2145 -327
-3376 5461
-7556 499
2018 -2556
-8296 -3003
-1647 -2813
3766 -5882
-6581 769
7919 4349
3752 -5262
1352 -4113
-3289 -7342
8261 3268
2035 -4475
-981 -153
-5197 -3542
1133 -1809
-1021 -4805
5981 -7620
-7120 297
3678 -5701
-167 6713
4078 6968
-7265 -6471
-4063 1510
-7387 -5350
-2833 -542
-2926 168
-7098 73
551 -11
-7479 -3135
-111 -5893
-2378 -892
5625 -6546
-1829 -6814
-6545 -4809
3610 797
-5665 1600
8919 5059
567 -5094
-3256 5705
-165 7862
-3662 -3686
-2369 -405
-8888 -4134
3170 6944
6513 3998
6776 -1880
-7975 5444
-5557 -2759
-1465 481
-1081 -6840
2948 -5932
1694 -4026
1710 -4572
7411 4225
1936 -2639
-3516 -7435
3082 6633
447 -6332
1584 -4427
-4304 -3016
-7803 -5999
-948 -5948
1548 -4507
4179 -5359
-3177 -724
2336 -1416
7722 5183
-4593 2931
-1352 68
-7158 -2882
-4744 -3393
1131 488
-3348 -7023
-4846 -4199
-3884 -4526
-1020 829
6060 -5892
-6472 203
-609 -6433
-3334 5383
-3562 -932
-3559 -6975
-2793 636
9217 -6539
-1542 -2599
-75 -4858
-1311 -743
-798 5576
-3300 -3520
6666 -1987
-5341 -3461
7167 -1315
8847 -5739
-2588 1232
1811 -1930
-3813 -2845
7605 3534
-3745 1889
7909 3387
-4564 -3471
-1907 -3662
-3378 5636
6907 738
-6777 597
-7317 5509
-5853 -2939
6106 -5839
-164 6159
5586 -6439
1710 -4913
-1753 -1922
1661 -4073
-7320 461
-8428 -4128
-4010 4982
2473 809
-7467 -7535
-1821 -2955
3682 6203
-7167 5444
5930 -6571
-4263 6084
3788 -5814
1769 -4482
-7935 5726
-3522 -7153
5288 -6440
7108 3917
3160 -6382
-4057 -3430
-7350 -7073
7331 -1397
-7890 5391
-3412 6151
-6684 34
1785 960
-8212 5693
2604 455
6293 -6126
2610 639
-7116 -134
186 -5829
-7610 5698
327 273
7185 -6919
258 4967
1838 -4285
5074 2821
6043 4197
-7175 870
-1895 6825
8421 -6495
-4998 -2223
2377 -2267
-3419 5589
-2032 -300
1218 -2435
6135 1869
88 4541
5699 2731
7527 -6265
-4981 1081
2753 -1754
-7733 5829
937 -2115
7292 -6506
3903 -5739
3617 7676
-4249 -3156
-5557 430
-2170 32
6414 -6118
-2011 -4296
-6958 -25
-7927 5929
-5517 -3451
-3314 -7390
468 6260
8961 -7505
1649 -76
-3530 -6886
3157 -6184
-7777 -3749
3858 6923
-3470 5382
-3903 5154
-3398 5573
-629 -623
8298 -1795
1522 -4414
1141 -4086
3939 6398
-8085 5249
-4261 5140
7616 4867
6864 -1903
2995 -2551
-3273 -7160
3655 -6338
-2628 5747
-7443 5364
1963 -1874
-3427 -61
-7717 -3923
-7672 -192
324 5526
7583 -7257
2410 416
-3476 -7410
-3754 5717
7585 5556
-6508 324
-7668 5713
6985 -1331
-1666 6736
4071 -6065
8033 3418
5409 -6686
2847 -1623
-4355 -3636
6956 -1867
-7090 -5271
-5696 -3078
7260 5719
8067 -7400
-132 394
5595 3003
6645 -1739
6632 -7624
-3003 -3053
4139 7175
-6758 -3972
-7041 -6500
5282 -6892
-7647 -2837
2737 863
-7656 5557
-7688 -6206
-3259 -7933
2106 -2690
-6714 599
4418 -5713
-7893 5509
-3673 -7162
-2426 5553
-296 -6305
8341 -6505
4873 -7322
-725 6340
6052 3439
-8148 -3227
-7575 5473
-7760 5616
-3748 -7530
-3417 6015
2248 -1864
1535 625
-6972 -5877
-2325 -623
3691 7146
4040 6800
-3953 -412
-8029 5880
1602 -4127
-2708 5679
2822 -2079
6877 2584
2205 947
-3397 -7521
-7949 -5647
7830 -6661
-7278 5797
2134 -1419
-2377 299
8179 -7437
1654 206
-7592 5681
1343 -4476
-542 -3434
-3363 -7094
1355 -4475
-7540 -3366
3972 6091
-1680 7081
-3356 767
-1269 1160
-4891 2961
-1759 -783
-4693 -3508
-3726 -7389
-3696 -7404
6970 2412
-7780 5645
-4853 -4217
2261 -2217
156 -5604
-3187 4754
3637 -6052
700 -987
-5923 -3870
-7975 -3546
-5009 -3704
-7970 5532
7381 -1870
9382 -5899
-3456 5395
3712 7412
766 5434
-4039 5816
-4749 -2725
-1056 4840
3282 -5729
2511 -2586
-8597 -5369
4183 2351
-7487 -4878
-7406 -3801
-7007 -3282
3634 -5859
-3654 5550
-7265 -3464
-6966 120
-3980 2342
-7789 5538
-3618 5746
3715 -5551
-5049 -3483
-5299 -4254
1658 -522
1665 665
6295 -6077
-8252 -4623
1476 -4320
-600 -4488
-2272 670
-3057 -7402
-3125 -7632
2678 -1380
5591 -7118
-668 -448
6575 -5867
-2922 6153
-4459 -3507
-7227 -4493
7759 1390
1981 -65
1516 -4570
-3592 6081
-4756 2871
-4141 -3864
-1665 4297
-7469 -4138
5895 1322
-763 6406
-1966 -1704
-4488 -2591
-4642 -4274
6669 -1900
-5169 -3314
-4840 -4149
2769 -5006
-1973 -2380
7697 -783
2993 -5777
3890 6939
5291 -5392
8406 4562
6244 3664
-3322 417
3110 -5781
3211 6486
231 -6590
-3864 1712
1888 -2355
-7314 -6454
2617 -2216
-103 -5358
-4348 -4295
-7459 5718
-7471 203
4362 7508
-8322 5306
7287 -1793
-6446 55
5612 2785
717 5190
-3815 5334
-4519 833
-8010 -6748
7780 5376
-3086 -7562
583 5507
-4061 3508
-668 -825
-3236 5962
702 -900
3422 7636
-3933 -3250
5646 3113
3127 6814
-7583 -6772
-1503 -3191
5071 -6540
-869 6034
-7985 -3509
2121 -1827
240 -966
-504 12
-1621 -3178
2051 1199
-214 -5872
-1140 -480
-891 -2300
6860 2965
8467 4292
-1910 -2551
-7112 -6131
-1392 -2845
-5168 1620
6869 -1266
47 -5838
-2232 -3300
8031 4503
932 6043
2373 -2364
-7247 -4189
-1872 -3209
-7575 5827
2328 -2294
-3340 5566
1335 -4535
5678 -6371
-7015 154
-3723 5496
3954 -6071
6076 -6582
4523 -7274
6294 2382
-953 -7171
-3276 5997
7594 -2187
4547 -5802
-7605 5351
2117 -6990
-8027 5561
356 41
2295 -2894
4423 6418
2885 336
207 5714
7215 -1789
-7000 325
3519 -6731
-7942 5783
2702 -2081
-6960 -6721
-8122 5588
8398 -994
3150 7035
-36 -7057
4133 7059
2389 -1379
5779 -6352
-3472 -6518
6628 3822
6121 4070
-7805 5652
-4673 1729
-7886 -7105
3867 7501
-6515 -5755
8427 -7664
-4669 2483
-7914 -4143
-7704 5318
6306 -6175
-7127 -4576
-6941 -156
2904 -6269
-8207 -4364
-8062 5782
3163 -5192
1982 611
-3532 867
-5029 1593
3128 -179
-7338 -407
8780 -6425
-7958 5512
7216 -1749
-3423 5611
3231 -2469
7616 -754
-3088 5391
-4489 1832
5622 -6140
5190 -5380
-7420 -6151
-7906 5103
5137 2036
2982 6748
-767 -6127
-7626 5841
-2105 -2577
-3936 5319
-6947 1234
6943 -6947
3936 7379
3628 -5483
6592 2072
-2940 4891
-3454 -6813
-4713 1432
-7627 -6528
-8242 -4466
-3635 6169
-1289 -2773
7813 3098
-3314 -3432
6665 2550
1758 -4003
3584 6715
6404 -1407
6975 -993
3250 -6613
-3995 5697
6433 4552
1007 8299
-366 -5953
6934 -1321
-7216 -5817
2526 -6864
-7966 -6248
-57 -6698
-6345 -5698
-6710 -6325
6787 3774
6864 3970
5680 2866
-7799 -3305
-7128 114
7934 -6370
8047 4646
-3012 -7080
-898 944
3308 7368
3531 6632
-7751 5336
-2170 258
-4081 5087
7793 -6768
-7089 -4599
-6888 -5698
5915 3635
-7789 -3119
-4394 -4018
-538 -5472
-7522 -4141
5774 -6306
1593 -3724
-7691 -6628
-6305 -5717
-792 1085
-7695 -4509
247 5701
2565 469
-3323 -265
-1320 -6598
-3293 -7143
-7465 5551
-1527 -2475
7110 -1672
1688 -2416
-5615 -1874
6845 -1480
283 60
1529 -3950
1452 958
5804 2872
3673 451
6915 -7459
-4705 -2569
-121 5476
7691 -1618
3973 6850
-2946 353
-3124 -141
-525 -5571
-7696 5662
-2134 -807
2889 -5597
-2401 -2742
7149 -1287
9179 -6455
-3859 -7212
-1421 -4149
1915 -4163
-8094 -3917
2216 537
-2768 -120
4046 7218
-4164 -3157
-7481 -6976
3672 6795
2794 -2085
-2302 -3446
-3784 -3307
7358 -946
1053 219
3737 -6807
-3042 2626
1825 -3716
4624 6638
1126 -3830
-80 -70
1917 -2398
-4816 -4242
-2471 -719
-6972 361
-3037 -7132
2916 7897
7604 -6411
-8046 4976
8585 5123
-3866 4683
-3005 5618
1440 -4626
-7482 5468
1346 610
-1638 -1889
-7396 -6453
4837 -6536
5180 -4944
6859 4463
-4617 -3950
-8305 -7205
-7267 -6052
4451 7192
-1555 6063
4160 6230
3091 -5852
-367 -6827
-2389 -561
3628 -5382
7085 -7914
2537 -497
-7027 -7225
2660 -5917
-7554 -6039
-6672 -364
-4890 -3901
6882 -1730
1945 835
1697 52
-3062 2228
4048 -6174
-4545 -2985
-4452 1406
-3219 5686
2267 -615
-6586 200
1982 -348
-7976 -4329
9116 -7186
-159 -6338
1360 -3890
3479 7010
-8076 5179
-759 -38
-4501 1501
5011 3376
-3292 1735
-536 -741
2744 937
-7858 5308
6886 -6417
-1866 662
5946 -6576
-316 -5892
-299 -5783
-310 5845
2243 -6216
1597 -753
-7901 6105
858 408
6263 -6980
-2666 -3360
1871 872
6967 1983
-6810 -3686
-1532 -618
1979 381
-3986 3334
-1911 -1775
1862 -2615
594 6360
-664 4925
5586 1723
3812 7510
-1708 7271
-6500 -136
5330 -6807
6781 -1849
4971 2771
-5158 1569
2216 -2648
3246 -6109
6453 2486
2287 -2107
4565 7407
-85 5700
-3864 1695
-7997 -3797
5461 2074
4649 -6030
-1018 1248
6907 -984
3845 6704
1689 -4410
-2223 -2753
-1025 306
-8162 5393
-7316 -179
-813 -3141
-1751 -2698
5820 -5897
2276 1222
-5332 1599
-6694 -4510
3265 -5601
-8037 5153
-1899 -3044
-426 -193
-7446 364
8018 -7057
1819 -164
-6987 -51
4502 -5287
8701 -6133
-7236 872
-7549 5131
1686 -1973
-4221 -7125
2116 -1516
6894 -1909
953 -2476
-7001 -7110
-2077 -3242
-7179 -84
-1355 -6971
-6795 382
-3511 -7094
5878 3056
6159 5641
-616 -5762
7322 -1395
7942 -7213
5073 -4492
2136 -1660
-7766 -6591
-63 6998
1831 -2489
-1389 508
7076 -1701
3006 7993
3839 7329
4074 6964
-3035 -7708
7289 4254
7672 3712
3194 -5084
2226 4989
1768 -1699
-6695 -6723
7542 -7290
2394 940
3115 -2252
-462 5693
5933 1389
642 1060
-3651 -7486
-7390 5292
-5157 -3752
4768 -5926
86 -1860
-6837 -5933
-3563 6637
2374 -6174
7223 -6760
3724 6792
3318 -6373
-1967 -3477
1604 -1563
1031 214
-7024 -541
6094 -5938
2419 -1832
-1752 -2295
2813 -5929
-3501 5489
5876 -5780
4866 -4958
-1135 -3288
5936 3156
-3494 1002
-513 -1447
1439 -4405
-538 -5652
8851 -5861
-600 -6038
-7503 -3500
-121 -905
1181 309
7328 5022
4155 -6281
-3731 5737
-4267 -3689
-4004 2113
-7158 -6595
4352 6417
-2851 621
2650 324
7882 -1229
-7886 6200
-3698 -7178
-1523 -277
1736 -2964
-3592 -7233
-8056 5179
-1957 -5507
-490 5593
-1452 -3400
-1339 -310
4279 -6210
-2530 5488
1387 21
-4105 4836
5910 -6574
2647 -1390
-6183 -4368
3579 7111
6963 5096
8889 -6615
2221 -4004
-7400 -4387
-3203 5315
3700 -5795
-1042 6174
8107 -6678
4085 7012
6877 -6340
-383 7814
-540 409
1543 -4102
170 4773
5291 -6913
585 5470
-7237 -4442
3464 6686
-1704 1444
-3905 2592
6870 4207
6517 1426
-1646 -3160
-4259 5989
-6991 498
5943 -5427
5782 -5847
4443 7161
-7173 273
-3244 2016
-3191 5602
5296 3441
-3171 -1513
-3693 1435
-4393 -2954
5444 1298
4786 -4491
-7558 5530
1715 21
-1554 -3316
2427 466
-8048 -3725
-7665 5330
5426 4425
-3233 764
-2137 1456
-7243 -5638
-7316 -6647
1548 -3948
-679 -3579
701 305
2813 -6347
7115 5231
3799 -6093
-7079 107
-1533 617
-4048 -3870
-4145 -2494
6065 2843
-67 -6590
-972 -5255
8107 -6532
1844 319
-7442 -3811
4779 2709
2177 -5813
8760 -6408
1867 -1836
1709 -2962
5993 2371
-7601 252
-4843 2781
1296 -4501
-3692 6335
-50 -615
6917 2917
6614 -1032
-7465 -728
-4894 -3756
-5602 2649
-4291 1279
2464 328
1888 92
5545 5432
-3467 5459
6974 -5664
5115 -6352
7350 -1644
6297 -1541
7550 -6728
2115 -2552
6716 1905
2134 -2211
3558 -6222
-93 -5629
2434 -2896
5772 3424
1415 -2418
3296 -5931
1614 -4407
6744 4816
7498 -1640
3406 7230
4179 7522
6708 -6659
1483 -4173
9562 -6550
-7865 -6438
-7838 5331
-3901 448
-3746 3370
5942 2916
-7000 81
7726 -7894
-3317 5943
4042 7204
-8352 -3339
-7579 -6099
7481 -1385
5362 -6288
-8158 -4246
-4060 -2796
5023 -7830
2194 -6275
-8518 -3933
2940 -7401
-8207 -6362
1697 -4110
3896 6696
-1590 -1990
-1937 -3063
7386 -5382
1906 162
-2796 486
-3589 -6793
2338 -6880
-3577 -7488
7344 -1571
1593 -4144
-5238 -2991
2361 -2578
-4111 -3343
-6793 221
-3570 -6807
-7379 -3317
-2581 564
6042 3103
-3753 285
-1301 -5356
3813 7333
-3640 4429
-2970 85
-3216 -3427
556 7050
-7062 -6424
8477 -6342
2025 594
-7362 162
1810 465
-7678 5447
5681 -6417
2537 -1908
-8066 -6551
5323 -6131
-484 -6309
6834 3361
2491 205
1891 413
-3257 -7779
-3604 -7463
3209 6488
-1018 -5839
-3188 1
-3239 -3703
7577 -7121
-7232 -6198
-2437 455
5698 2469
-1318 -3258
-3768 6182
-2637 2117
2048 -4738
-3541 -7692
-4897 -3395
6612 -5518
-4015 5764
-4778 -1802
-3656 -6785
-7933 -3900
3994 7616
-2302 -3982
7778 -5393
-1005 -2619
-7651 5907
2462 -1545
-6723 319
-7561 -6179
-3396 5636
-7561 5765
-7606 5185
-2216 -4293
-2228 354
3569 7323
-9440 -3896
3651 -5102
-1641 -519
-167 7794
2693 794
-1384 5634
-7785 5494
-3585 -7207
1331 -4398
-927 6054
-7526 5755
5060 -6348
-383 -6011
6006 -5014
7107 -1610
-3879 -2997
8626 3726
-3017 5194
3116 -2602
-7478 -3783
-7961 -4610
-4327 5353
1405 -4587
1980 -1814
-3382 -7339
6553 3178
-1610 -2497
-3336 5802
-7887 -5038
6796 -2127
5195 -5650
5593 -6575
3121 -5463
1613 -4561
-4881 1981
8336 -7765
994 4838
-1357 -3722
-2321 -3248
-7460 6030
3770 -5719
2688 -362
1749 -4400
6528 -6061
3360 7035
1572 229
-3737 -7114
-7022 -37
6535 -1734
6586 -2049
5157 -5242
-3940 -3594
-404 -1571
-1405 -3053
1666 -3989
-3876 -7396
606 -1082
-6808 639
7403 5325
-1827 1681
3448 6676
7874 2004
-7285 -14
-7684 -3951
-3915 2576
-748 4414
-999 -327
-3994 5551
-5115 -2808
-7408 235
8471 -7631
4948 -5443
3553 7612
-3771 -1545
1838 -4536
-7785 -18
-942 -3826
1407 -4182
-2022 -3883
1267 -1091
-158 -6264
-8103 1161
-95 -6279
4619 7435
4262 7467
-2739 -336
1896 -4087
6220 -6146
6976 -786
8999 4909
-2029 -567
2620 -118
-7944 36
5202 -6928
6662 1295
-7652 -192
3010 -6304
-8294 -3461
-38 6359
-7058 -31
-719 -5979
7909 -7072
6267 4102
-3405 -7510
6273 -5556
6338 -6082
3060 -5712
7276 -7582
7620 -6105
4379 -5758
-3808 5330
4036 6556
7169 -903
-5748 -5725
4950 -7440
-6246 82
6423 2975
7507 -1451
-6654 165
-3112 1930
1759 165
7332 -8080
-3092 5240
-1506 -854
-3484 2805
-1073 -3397
3892 6603
-3258 5965
89 68
-331 -6235
-7320 -6697
7537 -1051
-39 -6002
1703 -2570
7271 4196
-4595 2756
-4578 -3589
4674 6735
-7334 169
2313 -1344
-7346 -6634
6976 4129
-5483 -4350
5742 2216
-221 5650
371 -6043
8519 4394
2383 -2735
-3790 -7236
3218 -6184
5032 -6100
4385 6997
7451 -1836
8632 -7220
-3417 -6874
2334 822
-261 -5978
-6705 264
-7874 -5532
-6996 -3001
7186 5803
2793 259
-2473 -1137
3269 -475
7576 -1165
7217 -1135
-7497 828
2038 -2068
-3921 -2845
2471 -6600
3343 6960
3805 6646
6594 -1550
-4462 1745
-2542 -120
-2409 170
-7210 -6527
-7754 5958
1870 688
-5927 3755
-1031 -5209
-4392 193
-794 -6203
-3607 5179
7100 3655
7698 -6598
-3530 5637
-5045 2534
2351 191
-2767 -172
2889 -2814
-1354 -2412
7509 -1676
6047 2868
-5029 -4448
-7851 -6596
-7409 -6643
-4183 -3258
-1740 -5601
2303 -2177
-3790 -3221
9029 -6805
-4790 1803
-7086 -5969
6869 -1316
-7690 5308
1410 -4097
6387 3819
7111 -1433
-7633 -6387
-4106 5389
1707 96
-4954 -3227
-7890 -6732
-1221 -2206
-148 -5714
-3917 -7065
-7056 -6318
7734 1573
-6894 -24
-1548 -6089
-470 4555
-7710 5689
-2954 -4178
-563 -5512
-7675 5732
-3195 -206
-4789 3548
-3522 -7155
-445 -258
-5022 -3298
3378 -6024
8656 -6643
-8294 -4989
7994 4619
368 -1483
-3913 5240
-7763 -3970
6412 4272
7220 4993
3891 7295
3868 6113
5335 -5560
8655 4234
-2283 -2968
-3322 -7273
-3708 -7296
8071 4408
-3649 5658
9512 3651
-6898 287
3973 7519
5888 -5082
-6872 -445
1774 -4456
-3618 -7296
-6956 706
-6961 346
3393 6707
-3682 -7152
1227 -4648
-6699 -4583
-1176 -5660
2824 -1979
-1731 -983
-98 -6493
4876 -3810
-1614 -5697
7793 -1958
-724 -6246
-535 -5666
-5051 -3570
5271 -5105
7329 6273
-2186 -3892
6966 -1664
-3804 6365
5839 2770
7538 4513
3727 -5584
7676 4184
6502 -6491
-3346 -7854
7503 -1320
-2189 -3292
-3376 -7506
-6959 335
2145 -2342
-4935 -3727
5327 3974
-3319 -7448
-4126 962
6989 1808
-1601 -2889
-7407 5741
-6777 -127
-3180 -6929
-3200 5267
-8134 -4827
-3556 5836
7414 3119
-5107 -3279
-965 -868
-8515 -3558
5610 2
2767 484
6168 4206
-609 5870
7174 -1348
-1342 -5480
-7011 222
2369 -302
-2851 -1932
-7771 -6188
-7637 5663
2245 347
6066 4089
2959 -6124
7436 -2336
-1509 -3969
6575 3698
7375 -1755
7227 -6029
-7853 -2374
7049 -1841
1849 -4573
5409 -5394
7554 3174
-5247 -4033
-7575 -6689
6478 -2333
673 -5957
2046 -4149
8605 -5861
2067 -3830
2268 99
6035 1742
-3695 -1407
-7945 5492
6488 -5703
-7438 5602
-2541 -3579
-3056 -1733
-7758 -4023
3515 6812
824 6466
-5258 1060
6484 4334
-6568 -5113
7065 4832
-7904 5509
3242 7438
-2880 2083
-223 -6357
-7348 -4456
3380 7252
2870 -6061
5038 801
5545 -5499
3147 574
4042 -5645
-4702 2250
128 -613
5960 1981
21 -1275
2394 -2826
4033 6870
5932 -5740
-3543 -439
7840 -5945
-139 -6800
5799 -6699
-3663 2742
-498 6988
-8737 -4682
-2215 -235
7290 -1982
6701 5633
216 -1522
2065 -2291
-7141 -341
-1846 -2884
787 -408
2215 -1857
-3656 -7430
-7675 -4453
-115 7238
-7623 206
7448 5311
-743 -5652
-183 -2536
-36 -5614
7492 4157
69 7023
139 6312
5344 -5672
-6543 -3581
-3417 2882
1852 -4467
-4699 -2663
-7398 -4130
3781 7128
1886 -4372
8363 -7895
7348 4198
-7254 -6142
-8112 -6282
7676 -5596
-2445 -23
-5948 -2844
1253 -4516
-4950 870
352 -6310
7879 -5995
-5066 -3804
6446 2563
5605 -7103
-5408 3392
3047 -6189
4735 3238
-3190 5409
-3652 -6948
-6904 -6100
-6532 168
-6657 135
5162 -5722
6041 771
-5159 1933
5928 2145
-2234 -151
-4333 1416
-7199 406
-6887 646
-516 -6252
7377 -7189
-900 -99
7463 -1464
-4942 -3768
1089 4967
7085 4132
-4753 -4384
753 4256
5219 2260
-3744 2740
5245 2475
-7040 -3416
-2606 -2984
-4741 2805
2376 -2270
-1123 -6561
-6806 -6080
1679 -4235
-390 6435
-1640 859
87 6010
-233 -1816
-2890 -1083
5409 -6453
-5625 -3008
-4004 -1447
1662 -115
-5267 -4010
-1586 -3895
-1717 120
-7523 599
1710 -2346
-7655 5193
1888 -4229
2399 -2685
-7061 -3597
-7063 993
-4097 -3759
6120 2038
-1640 -5847
7232 -7203
5542 3008
-3279 -7352
-7313 -7122
-1806 -3026
-7645 5988
-2417 -4402
-6893 -6468
2219 -2860
-1855 -2824
-4340 -3955
1577 -4248
6986 2215
6351 -6532
-3011 5511
-8170 -4224
-7796 -5919
-8651 -4132
7576 2952
4721 -6655
-3675 6698
-1440 -6069
2687 6667
2202 -2619
-282 -85
-508 -5560
7185 -2324
-7771 5343
-3957 -6884
-3315 5489
263 6673
-7323 -4524
303 6167
2981 -5231
4462 6814
7876 4785
6390 3733
2530 514
2491 614
3889 6851
-5844 1621
7157 -1560
-3340 -977
838 -800
-835 6689
-6920 105
6848 4887
-4442 1418
2411 -4127
6087 3448
-7212 -5592
-7185 -4357
2729 -18
1301 -4485
1031 -4239
-8485 -6426
1490 -3733
1845 -3630
2606 860
-7437 5036
7265 -1721
6401 4849
2771 498
1003 5971
-3646 -3612
-7554 -5575
-2929 -1154
1619 -4314
5655 1785
2570 -2927
2641 -2441
756 -469
-6833 212
-8002 -5074
1471 -4039
-6677 -34
-1414 -3304
1376 -3949
7234 -1362
-1658 -3037
-7304 5747
1997 -201
-347 -5620
-7870 5420
420 -4088
6266 2936
-7224 -6403
6625 -5593
-4891 -3018
-1918 -3712
-265 -5589
1884 -4069
-104 4800
-4012 5339
1721 -4015
514 -1747
-1545 -949
3578 7013
-6648 -3644
-500 -7031
2129 -2267
8890 -5987
-4261 -3690
-4529 1948
7601 -7225
3557 7779
-1682 -4374
2221 -3085
2991 -6417
1483 -4072
7182 -5751
-1604 -2885
3789 7242
-7295 -6466
1878 -4540
-6640 173
-4600 2010
-3303 -7407
8129 -6345
3436 7771
-7837 -5166
2376 -298
-642 -1621
-8362 -3665
1759 -4396
-7820 -4476
4746 -5826
2102 764
-8179 5059
-1196 -2308
-3867 5903
7495 -1017
-7575 -5706
-3444 5355
2603 517
8928 -7509
-7368 -5547
5506 -6455
1743 -4868
-3258 -6919
8342 4090
-1361 1003
4762 3048
1522 -1356
-7709 5450
124 -1695
610 6862
8377 -5647
-7911 5757
7905 -6536
4027 5910
502 5223
-2198 -298
-2994 6133
-7547 -4252
-156 6414
6998 -1907
-1595 -5946
2375 -2790
7594 -1730
-1201 -2960
-7898 5402
-7609 294
-343 -5751
-4103 2107
-3083 -7602
-5784 -3057
3914 6099
-1763 6658
2132 -2599
-7043 599
-4887 2298
1297 -4163
3400 7246
7194 -2393
-646 -5512
2043 45
-2622 -2745
3991 -5826
-4695 2384
5817 2837
-8145 5626
-3827 -7429
2636 871
2362 854
7461 -1884
7002 -1447
-5170 -3044
6073 1451
2378 612
7601 5899
1697 -3737
7920 -5005
-7243 -5878
-7801 5422
-3485 -7346
7197 -6849
-5331 2965
5450 4092
3429 -5644
1544 -4037
-7601 217
-339 -321
2276 -2427
-5131 -3372
-3370 -3604
-587 6107
-3105 -1058
3135 -7125
-7911 5282
-8247 -6258
-3617 -7332
-7790 5574
6004 -5851
-8529 -3787
3294 -5821
3062 448
2041 463
-4245 -6947
120 5376
-4624 2324
2078 -2317
-7897 5442
-7556 -3589
3294 7131
-7308 430
1576 1181
-6861 -6991
-670 -6058
-7525 -5997
-7902 5778
3855 6787
-7656 -4221
7384 4084
1642 -3835
1180 -369
7673 -7708
686 -1281
7859 -7506
3475 6814
-4453 -4001
-3853 1166
-7950 -8210
-1553 -3906
3273 6961
-7047 -161
-6990 520
3128 -6252
-3766 -7886
4276 -6303
2129 -2198
7374 3542
2620 -2372
-1532 -2054
-3758 -7142
-7650 5601
-4028 -6952
3545 -6705
1746 -4163
3372 -5216
6545 3039
7057 2342
-3141 -7398
3296 -5581
-4222 133
9087 -6401
-4474 2857
592 6069
8257 -2075
-4501 992
-4289 5645
-3795 2756
-3213 5071
4485 -6306
6296 -7549
2900 -2904
-104 6495
-4562 507
2372 -86
3456 7239
-3879 3400
290 6811
-7851 -3308
-2503 -4161
1318 -156
-7078 -3652
6922 1857
4385 5951
-7060 -4779
3634 7036
7164 3226
-5355 -4577
719 100
-7953 -5189
1917 -3091
1488 100
5427 -6372
3434 916
8735 -7232
5714 3030
6592 3857
2578 -1993
4150 6889
7763 -7257
-3523 -3102
1724 -4332
3374 7159
6408 4169
2866 -1896
359 5212
-8688 -3332
1067 -4353
7542 4879
3272 -5628
680 604
7814 3492
8963 -6192
8081 -6277
-5162 -3761
3944 -6496
2057 -3198
-8251 5408
7204 4326
-7868 5338
2216 -91
-7800 5075
8067 -5897
-3105 5711
580 6240
9389 -6642
1031 -4121
2953 -5925
-7954 5487
3102 7038
3021 -107
