100 286 2086
0 0
2500 4323
587 7121
6231 -6982
-7294 8904
5744 -9961
2727 9955
6495 9348
-9188 -6209
5931 4594
3234 7901
-8825 -792
605 2369
8129 1544
-5679 8812
-5685 7435
1384 -786
-3917 -8280
-1911 9874
-4004 -2320
900 4908
-1243 -3870
-2159 -9333
-7888 1818
-144 -5157
9071 8542
-7742 -4853
-9457 8870
4229 6332
7253 -4866
3989 -4291
3759 -9249
-2837 1991
-7294 -7491
8184 -1800
-3351 -5903
8870 5252
-6408 2396
-1282 3930
2453 2338
-7796 9951
-3475 -4583
4451 3792
-9789 -7502
1430 -6131
-6679 3738
-8571 254
8057 4246
6897 5792
-7613 7824
-2132 495
6093 6470
553 -9336
9379 -290
25 -6665
-8807 7375
2286 -1809
3246 1374
5392 -459
-1564 6234
-3159 3984
-2839 -2183
630 -1484
-4611 1813
-7056 4926
-7749 4082
3665 -6860
-3514 9920
5519 -1484
5230 1011
-6780 -6568
-1172 -2497
-8682 -9855
3389 5660
-5905 -5254
194 6058
-8979 5719
9300 -3759
-93 -8377
860 589
-255 8036
-4650 -5215
-8462 -8480
9235 -1471
-2978 -3362
-4308 -3901
5135 8218
-8084 -2840
7431 8157
-5293 -1199
6281 7687
-5463 -3127
9044 -5042
4761 -5134
-9119 -4953
-549 1565
-6755 7181
8639 3337
6139 3074
-348 9510
1 17 2878146
1 51 686118
1 63 1912774
1 72 1531108
1 80 843412
1 96 638060
2 13 4730121
2 21 1236144
2 40 2502692
2 43 207579
2 74 1336626
3 7 1823261
3 11 3282099
3 21 2433183
3 74 1125073
3 76 2624001
3 81 2425918
4 6 2557899
4 30 4319415
4 32 3935315
4 67 3258676
4 93 2200441
4 94 1656900
5 15 1449049
5 28 1955791
5 41 2746779
5 50 137143
5 97 703476
6 23 1336602
6 32 1024009
6 53 10853972
6 73 5322927
6 93 664364
7 8 5596969
7 11 4455604
7 19 1266715
7 41 10589471
7 68 6598697
7 81 3355075
7 87 3398295
7 100 4541175
8 26 297943
8 87 429138
8 89 1390741
8 91 4072749
9 27 752441
9 34 428217
9 44 1117010
9 71 4240952
9 83 3207444
9 95 2256564
10 29 5787840
10 43 1986063
10 48 644326
10 49 1313179
10 52 3847189
10 99 3411358
11 29 2758503
11 74 5399542
11 87 4356214
12 28 17738156
12 44 7392067
12 47 774200
12 77 5758640
12 88 2096173
12 90 5511431
12 95 10194219
13 21 1631833
13 39 3309744
13 40 3747619
13 80 1504793
13 96 154412
14 35 3876282
14 54 1578171
14 59 3692039
14 70 3450977
14 98 341005
14 99 5058580
15 16 3418637
15 41 676928
15 68 1745338
15 97 4624440
16 60 1273911
16 61 2724787
16 65 1712588
16 68 2111776
16 97 337153
17 57 2979749
17 58 6219158
17 63 600592
17 80 2566575
18 23 1973890
18 34 2251023
18 36 1622234
18 71 1497631
18 73 7660688
18 82 3284914
19 60 7393527
19 68 455577
19 81 5638652
19 100 1946364
20 62 312998
20 85 154432
20 86 532496
20 90 607870
20 92 264631
21 39 1749429
21 74 1381625
21 76 148240
22 25 792591
22 36 4713632
22 42 1889843
22 63 6218828
22 72 1974928
22 85 3261928
23 36 675237
23 53 349726
23 55 4788419
23 73 15242068
23 79 2014868
24 38 423872
24 46 1494709
24 47 561861
24 66 429948
24 77 3788381
24 90 1570782
25 36 6571143
25 45 794865
25 55 916464
25 57 1609501
25 63 1309269
26 37 5378236
26 54 10653033
26 89 526894
27 71 3440151
27 75 2350048
27 88 2796698
27 92 1536630
27 95 1813729
28 41 839007
28 44 4185190
28 50 3277354
28 56 1924669
28 77 2499049
29 43 2597504
29 52 2964654
29 74 309108
29 87 1323680
30 35 865753
30 69 3862454
30 78 452196
30 93 193419
30 94 1198257
31 45 6845386
31 57 863616
31 67 1172150
31 69 1127831
31 94 2661184
32 53 1238555
32 67 582457
33 39 5001007
33 51 3663112
33 61 4453360
33 64 470381
33 96 1847529
34 71 747617
34 73 5680540
34 83 1976603
35 54 1048550
35 59 2084789
35 69 1467893
35 78 2033517
35 84 950428
36 42 954625
36 55 7444690
36 82 1499489
37 48 1072646
37 49 507733
37 54 3250876
37 89 783614
37 98 533630
38 46 2396475
38 64 4292730
38 90 6949017
39 60 2264200
39 61 4001812
39 76 3077109
39 96 955267
40 43 3560142
40 58 346331
40 80 575132
41 68 3054239
42 82 1471052
42 85 2645746
42 86 268661
43 58 6140870
43 70 1012675
43 74 4405100
43 99 853071
44 73 2588010
44 83 2068938
44 95 5369503
45 53 2745909
45 55 417126
45 57 3755777
45 67 4965050
45 79 2490364
46 61 6896906
46 64 2272746
46 65 851761
46 66 980481
47 77 2029400
47 90 461784
48 49 313840
48 98 967867
48 99 4948121
49 52 901265
49 89 1710750
49 91 871326
50 56 372965
50 97 643838
51 62 329577
51 64 2184815
51 72 5591832
51 90 5417022
51 96 982437
52 87 211264
52 91 1137631
53 67 7981065
53 79 696306
54 78 7157687
54 84 169123
54 98 5654244
55 79 1339143
56 77 1939026
56 97 2270618
57 58 1093431
57 59 5417369
57 63 1363972
57 69 1722865
58 59 2981569
58 70 2809208
58 80 5723773
59 69 1744798
59 70 3540916
60 61 2504081
60 68 6297437
60 76 898885
60 81 869983
61 64 1901184
61 65 1750099
62 72 1245755
62 85 1680318
62 90 879175
63 72 775532
64 90 599115
65 66 274156
65 77 3132897
65 97 2540583
66 77 378889
67 94 4406082
69 94 1466560
70 99 661212
71 75 2459599
71 82 2671793
72 85 4315405
73 83 528065
75 82 333516
75 86 4728525
75 92 1718530
76 81 4185532
77 97 4554001
78 84 4989722
78 93 2202735
80 96 701481
81 100 319554
82 86 602481
85 86 1982229
86 92 1254681
87 91 1199015
88 90 7443363
88 92 2003128
88 95 2273586
89 91 476068
90 92 2367924
98 99 1235454
3416 -2484
-4438 3369
3892 1629
810 -1685
-4254 481
-4186 5745
417 -2969
7608 -2214
3387 475
-1309 7090
-147 -8555
-1369 -3553
-562 7342
847 6296
-3252 -1849
937 -2369
-1015 119
7281 -3236
7626 3018
313 5933
8821 -3361
7181 -6972
-3563 89
2663 5397
3663 -5995
-3718 -3725
4020 2542
-7352 -4661
-5891 -7675
-5147 -7357
-6237 -7300
2962 -1676
3050 -2591
-4494 4807
-250 5774
6001 -2748
-817 168
6567 1082
-2943 -1645
-4297 -5010
3215 8352
-3789 7776
-1902 5530
2707 7911
-6621 -7502
2482 8069
5754 -1691
-6855 3413
-2215 5124
-1095 8339
-3278 7693
4149 1750
-1130 7436
523 7400
4884 -1343
-4694 3596
-7963 -5470
-2163 5127
-4783 3132
4326 -6574
9413 -2282
-567 7194
-6413 2041
-1513 6927
-6073 -6813
215 5995
-2874 4393
-4896 2733
-1658 4645
4213 -1233
-3595 7384
-5877 -18
4534 -3828
-2929 3353
-4720 5331
-1687 7804
5990 -2072
-4411 3055
-3644 241
7434 4368
6452 6848
6442 -2651
-3758 331
-8649 4986
-4083 -7996
-4918 3365
-5079 2410
-3918 -4692
-4263 -5271
4181 -5995
-7193 2004
-1941 -8305
3981 -6410
-3666 -1424
-2564 4587
5135 -1292
2268 5844
-6438 1992
-3837 5369
-4628 -5025
-3185 -2122
-6432 -6772
6096 -1271
6782 530
834 -7260
-7324 854
-559 -4
-2225 8484
3695 -5513
-371 7492
2935 -6981
2803 7514
5881 -1995
-4124 -8040
-1564 7070
2804 6509
2492 6539
-8080 -4918
3249 938
-5065 3414
6816 3853
-4776 -7406
-4294 -5493
7101 -7381
7504 1436
7495 1307
1339 -1833
8405 -3862
-3648 5568
4553 936
-4751 4878
-2802 4710
7423 176
1712 -2923
3138 871
3226 5778
-5969 -7134
27 6344
-1927 6901
4481 -6553
-2103 4616
4047 -5649
-6826 -5003
473 -7399
-3404 -9833
-8098 4091
-5987 1243
-428 -2694
-4431 -6708
3113 5724
2995 7670
6614 -2267
-1463 7003
1143 -5205
-1404 -37
3588 2560
-3885 7477
-6467 1451
-7806 466
3461 1372
3182 -6393
-2518 3743
2655 8533
3888 2223
-5178 4085
6065 -8280
-7575 2659
-6157 -7093
-6030 -7514
663 -4091
3056 7363
2572 5662
925 -1258
-8342 -4770
3872 1682
1352 -1838
8349 -3960
7946 1706
-953 877
2292 -2969
6524 1187
-2971 -2692
7517 -7118
-3860 3759
2885 8040
2028 5283
-6498 -7497
-5633 -6732
6999 -7444
-6978 -450
3401 5608
-3377 7267
-5919 -7537
3644 1139
6582 300
2663 5226
6353 7171
-2913 -1992
-4413 5505
2460 6010
-7663 -4040
1809 7717
3378 7695
6686 -75
2710 1078
-424 168
4408 1917
-3989 7977
-139 -8941
3996 -5825
-7681 3546
-3974 -284
-5416 -7067
-5870 -7650
3461 2683
3606 -6365
485 7257
6469 -7189
2579 -2732
6498 7108
-1196 -223
1334 -4536
-7398 1554
2967 -6330
3594 -3630
-2488 -1975
-836 8668
-4497 3897
3694 1895
-102 6449
-8896 3550
3428 -6454
-7232 2022
-1868 4453
2 -222
-3804 6967
6593 -852
5586 -1235
-6400 -7017
-5137 3445
3750 -2403
-8037 -4967
-3656 -8125
-2331 -2655
-2926 6150
3920 1626
14 -8482
746 -7645
-4432 -8108
-2775 -2746
5720 -2062
1328 -7883
-657 6236
-47 -1734
6253 -3
-4682 -7539
185 -2153
7776 -7613
-4935 -8632
-6354 -7564
4064 -3358
623 -3209
-1304 -7539
-1590 7174
1167 -1605
-4249 -4634
2471 -2639
3285 833
2512 5604
629 -3893
-3288 107
6599 7498
7637 1822
6445 2180
494 -7765
-5190 -8299
-1221 7303
-1213 186
-5087 -7476
7303 -3725
3405 7258
-90 -4599
-6051 1177
7630 -6398
-4100 445
6789 -7818
-7243 3195
-1741 6080
-3361 7736
7478 1821
1533 4871
-8120 -5027
-3782 -1550
-7295 -5511
-2764 6839
-4502 805
-3404 7559
830 7220
2514 8498
-3096 7763
-3986 609
3789 1300
-3833 5649
6226 1102
-3536 -5039
-2328 6946
-6288 -7317
-894 6718
420 -4578
7741 6739
-3688 7533
8021 2596
7926 2143
7522 -2133
-5992 -7071
-2901 5546
-4521 5634
-2539 -2219
-2416 -2035
7611 -7233
1124 -4777
-686 5961
-2344 3212
6520 1845
3449 7425
-1118 203
-3392 -1800
-4176 642
4176 -2488
-5966 708
6219 578
7568 -2325
7268 -1601
4870 -6110
747 -3976
-8520 3650
-8090 -4686
-5667 1197
4261 1479
6007 -1887
4230 -2799
-3966 5449
-245 5766
-257 5953
-7283 -5580
-7291 5332
7257 592
-4390 5714
-1818 4751
-666 652
-7255 -5695
3830 -6282
-3407 7813
2772 6003
6791 98
-2927 -2030
8382 2682
-226 -3639
9147 -7484
-6180 -405
2998 6319
1198 -4096
3715 -5504
-3372 15
-3754 -4445
6262 -2470
-3678 5471
8409 -3864
3802 -2728
3773 -6868
-6498 5035
-4640 3053
7806 2526
-7895 1582
-3964 7621
6020 6455
-7197 -4442
4420 -4402
-2956 7598
869 -1844
6417 3446
-4396 5156
436 -8025
-3117 7157
7905 7550
-463 -2931
-4308 5469
-1814 4533
-4592 5403
9130 -3381
-3833 -4472
1019 6537
-6466 -7525
6145 237
-6268 -6923
-2460 3792
3897 -4417
5783 -1406
-1765 4841
-3450 -1401
-8448 4335
-8291 4086
8016 -6358
2789 5018
6324 7492
1171 -2770
-4333 46
-2306 4097
4082 -3474
7751 -7497
1092 -4074
3615 7817
3408 1543
-2658 -2080
-87 -2640
-7263 -8184
-1341 7776
2900 8961
-3566 394
8724 -8557
194 6894
-4039 8280
-7079 -4578
-1837 -3095
8154 -7091
858 -8705
-7723 3633
-548 -219
6612 -1933
-4013 74
3687 -3077
-8091 3525
6350 -1099
-4019 3597
4174 -3535
7403 1486
8301 -3601
1467 -4350
-4378 5545
-1334 911
310 -7546
4273 1198
5962 -2043
7309 1916
937 -9605
-1705 7396
-4689 2888
-368 82
-7494 -4971
-4097 157
-8309 4170
3966 1640
3425 7884
6391 -1286
5206 -2719
590 -2391
4137 1825
-7466 3362
6180 -2139
-6099 -6885
-5851 -7102
6941 589
-3994 -7755
411 -4483
328 6151
6589 -994
7836 -7690
-974 6627
2275 5373
4051 -4762
4422 -6692
2825 7810
1114 -9238
8750 3170
1649 -1559
3438 -2990
-8050 -5663
-5526 1062
3000 -6639
-3501 516
-4880 -7396
1362 -4007
-3944 790
-5786 -7576
-7721 -5416
-1788 6965
-8017 2923
-821 -8443
4983 -1551
7750 313
-4339 354
923 -4351
3580 1540
5542 2098
-3472 -2116
-2373 7311
-7404 4262
-1561 124
-629 -6584
7750 -6948
-5040 3813
-4432 386
3377 7462
4008 1678
2907 7983
5852 -1392
-6428 2055
-4047 322
-628 7024
1493 6692
3291 -2392
7630 -2897
7095 1931
5867 -1757
6052 -2343
-4494 5467
-2007 7725
-4964 -7609
-218 5805
6676 737
-3695 170
656 -5047
2567 7848
2569 -2676
-3661 -8087
-6093 -7357
7020 -7719
-1504 8661
-978 -276
-4396 -1964
-4305 -4614
-3931 650
-2603 3736
-5700 -6601
-5121 5276
-4586 -4568
-7099 1353
-3405 -5072
-2012 8467
-4052 520
-3911 -6174
-4179 5224
-5136 3460
3680 -3735
-2363 7276
6776 1228
1879 -7397
420 -6941
-4114 394
6186 -1629
-5826 -6853
4204 -5886
-5893 3054
6160 7271
-3525 8053
106 -2431
7950 -8247
4093 -6036
5622 -2724
-770 247
3001 -2598
-1206 -387
-7852 3212
-5266 -7246
6355 -2080
-6215 -7450
4444 -2682
-3573 -5740
-3921 10
1420 -1880
2757 -1797
7949 -2900
-8888 -4704
5939 -484
-1266 -2075
2241 -2777
-3619 442
6348 6682
5225 -2641
-8246 -6100
-6095 -7327
-5775 1003
-7004 -5738
-8567 -4531
6151 468
-7862 4410
2570 6009
-7081 4105
-1059 5807
6685 7136
-4818 3982
7612 3357
3226 1272
4342 -5112
7168 3306
-3512 7289
2601 7385
4120 -6530
-5423 3530
3202 2014
-5368 -6743
-3859 -5226
-3902 -4754
-5639 -6667
7712 -7585
1108 -2296
6819 3063
-7106 971
-5079 -7715
-3452 -1572
-4774 791
-4302 5473
6730 2276
3655 8303
-2438 -1605
6455 1036
4217 -2901
-6080 -7174
6972 7165
313 6782
-4366 5401
6806 2099
3496 1673
413 -1720
-987 -256
-4086 -8640
2695 -2547
6243 350
-3664 1001
7266 7236
5829 -1700
-8877 -5211
-4269 -4318
8161 -3098
-3747 -5546
3636 8112
-1737 5927
-4340 -5626
-751 132
-4381 366
2964 7669
6590 -1497
-4840 3464
4842 -5367
6135 -1269
-4206 -4345
6247 6694
-7691 3278
6460 567
-600 5303
-573 5384
-1133 6975
-4003 7515
-3774 -8869
-1042 616
-4327 -5372
6866 3090
-13 -2156
3627 -6936
-4418 435
2963 8344
-4113 -5215
746 -4536
-1419 94
-7396 2997
-4527 5067
-1902 4197
7526 2471
4336 -2673
-7132 3657
3850 -2438
6992 6824
-6186 2250
-1513 403
-3607 -4214
-3383 388
6547 7740
-2094 8949
423 6945
-2911 3755
4344 -3713
4373 -4658
-4388 -1708
963 6536
2841 5093
7987 2489
-4195 873
-5958 893
3538 587
2966 -1524
-3726 7976
182 6574
-6499 878
-4549 3339
277 6023
6264 3266
-1344 443
6592 -2244
-8119 -5583
-5416 2533
4858 -5888
3237 -5855
6103 878
3403 1163
-1358 5006
-21 -3741
-4526 -4775
-3900 -8707
-4591 4989
2087 5571
-1289 -8013
-2197 7634
-4129 -4485
2709 8136
-1355 208
3215 -1260
-3709 5284
-3862 527
3501 -1040
1000 -4649
5673 569
3671 960
553 -9263
44 5822
-2770 4062
-986 -500
-3526 -4104
1361 -970
6276 -2358
-4033 8168
-5944 -7309
7990 -6898
-1324 -6892
667 -5109
-623 -934
-4245 -4300
-6674 5231
3814 -5654
3118 8056
-280 -4738
-755 6146
2747 7722
-6891 1396
-6277 900
-6211 -7197
-2077 3872
2287 5268
4240 -6579
-378 -8207
3534 -2149
4312 -2938
-4436 5203
6973 -2537
4905 -5671
1649 5914
-6161 -7008
4953 1717
-2678 -1505
-2178 7637
-5171 3771
-798 -1766
7502 1207
-4067 554
7468 7366
2941 5587
-1318 6954
9243 -1735
413 -3262
6647 -1670
7357 3790
-9290 -5053
-4351 5613
-1115 6581
-7736 -5032
6505 -2431
-1384 -276
-1053 -204
4347 2009
-1702 7488
-840 117
9222 -2518
-6013 -7293
-6611 4689
-3614 -1588
7190 8282
6665 898
5952 -2158
3952 845
-6656 4109
-5755 -7400
-1423 79
-5699 -7107
183 -1224
3136 2513
1072 -8119
3938 -6333
-5545 -6012
-4289 5852
6377 1260
-619 8015
3261 -6481
-5726 -7335
23 6844
4135 -1705
7413 6042
-199 6731
3287 -2829
-4390 -4903
-19 -7928
-5967 -7717
-8047 -4036
-3442 3509
790 -1476
7812 7860
5823 -1325
3302 1586
-968 6606
3166 8441
-4808 -4692
109 -4412
3937 -5994
2690 -738
5186 -6624
-4742 2967
1219 7463
-3786 8066
-4235 841
-7406 -5127
-1930 -1704
-7863 1097
5271 6972
-6168 -6970
3094 1740
8528 -1371
-3660 7419
2925 7736
-4235 3533
-4276 -1902
358 -3428
-5893 -7015
-4430 5701
8792 -2661
7328 -1788
-3327 35
-3852 5277
6025 -2349
-2675 4004
-6487 -153
1280 -2686
-6948 4307
-5983 -6704
960 -6788
-291 -7190
-601 6969
3787 -5988
4287 -2329
-1242 454
8175 4407
-6139 -7056
-4144 -4245
-6360 -7090
-4343 5142
-4694 -4560
-5767 -7614
3015 5564
-5188 -8051
-577 -4283
7839 2084
7853 2768
-348 -237
-4188 -5091
7139 607
3854 -1680
363 -1933
8139 -7292
-6941 4222
1981 -2013
3834 7798
7237 -3218
-3584 -1385
-4658 5477
-192 -3797
-4550 5083
-3638 -5171
-754 -325
-2512 -2391
-4505 -4659
-3061 -1704
-6938 769
8878 7335
3881 1428
8124 2515
-904 -322
-3911 -4618
-4021 -4992
-2955 5092
4446 -4620
9019 2808
-4285 5474
3690 8219
4052 -5614
-3107 3892
-3717 7515
-1250 419
6672 2187
1158 -336
7276 -7318
8657 -2326
2187 -2534
3783 1206
3522 968
3507 915
3250 1777
-4178 235
5171 -5392
4486 1314
-1216 4413
7922 2467
-4223 5644
-6335 1010
-2611 3515
3314 -2608
-4041 5560
-4636 -4689
-1537 7952
-7682 -4619
934 6740
-6254 73
-6287 -6629
-3811 5570
4357 1959
-3831 365
1742 -6903
-107 -2794
7161 -7419
-5418 -6784
3677 1722
-3334 -2615
-5063 2915
-7651 3682
-6858 -5096
742 -3508
-4324 5549
2739 2025
-6171 -7719
-6099 1309
3890 -6581
-3396 -3037
7189 -8086
-4348 612
8950 -1235
-1035 7457
3728 -3575
-521 -2512
-5204 4306
-2931 -1313
7492 6758
6146 3958
8048 2798
6922 6520
-7162 2998
-2824 -1839
-7078 991
-369 -2334
3214 -2633
-6750 -6956
7754 1907
-984 7565
-8059 1481
-3928 -4471
-5660 4293
-3991 -7928
-4308 7630
-3788 -9025
1701 -2656
350 -4579
3872 -4275
-694 -5665
6242 -1757
-6892 -5265
8678 -3447
589 6298
-777 7858
4147 1409
2932 5560
2556 -2743
3558 8031
-1174 3705
-4817 3638
-697 31
-4893 5721
-2004 3573
-3519 5386
-1679 352
-638 -1675
-655 6007
6684 806
3441 5646
-1770 64
3622 -6672
-8276 -5448
-2510 -1913
2796 7938
550 -4779
-1458 3784
7744 -1761
3730 -6487
-3325 7678
-6916 3603
3731 1468
-787 192
2113 7335
-3866 5154
-1505 4503
3557 -5996
-3998 7286
3197 7673
3294 1968
952 -4453
-1617 6825
447 6924
3954 8201
8076 1088
1248 -4022
-1976 3712
4172 1207
-7984 3868
3671 -3326
6196 -949
-6783 -4375
7167 -4085
-7860 -4847
-3496 -1793
7573 2838
4746 -1390
241 6610
-2272 7669
5936 -1654
3280 -6075
-3974 708
-5414 3298
3242 -3305
3224 5761
785 6108
-1392 95
7509 80
-3575 499
1133 5820
1589 5929
-561 144
1264 -2179
-3876 7764
7965 -7426
-1183 7775
-2071 8820
3041 5655
7151 667
-1548 -160
-3782 7844
-6303 -6985
346 -3317
7255 8211
9140 -2836
5560 -1534
7877 -7897
-3889 5598
947 -2285
-7525 3722
7303 326
-3925 7462
-1506 8101
1917 -3389
-7625 3161
-2372 -2717
3050 7654
7379 -7362
-7581 -5168
-4154 -4983
-4619 4945
8551 -1931
-2429 4462
4419 -2387
6327 453
1252 6104
-4591 5565
3926 -4580
3178 -2887
-4529 3313
3588 1464
5606 -1053
-3407 -1282
-832 127
-4813 3672
5971 6422
-8554 -4436
7754 -8616
-6146 -7165
1869 5112
5668 -700
1805 -2072
-4049 232
6618 226
-5726 -7405
-4753 3119
-680 6382
279 -8683
6192 -1632
3110 7698
207 -4690
6987 4244
1286 -8660
1251 -2420
-4861 1703
-4664 3335
-2132 7982
7042 -7945
-8020 -4725
-1338 7237
6984 6956
5808 -2362
-6407 -7133
-8060 -6483
1233 6640
-6598 1274
-4149 5475
3885 -6109
6353 800
6850 7323
3925 1842
-1585 6249
-3954 138
3127 8016
4021 -5850
-2741 -7373
-6304 -6997
2919 6214
2712 4893
1661 -3869
3431 -2253
-7920 4454
5713 -1617
6688 -2142
6997 723
-699 7286
675 -3605
-5986 795
-4293 697
-934 7018
-2094 3411
266 -5232
1069 -2007
7662 8182
2442 -1287
7950 -2510
7808 -1259
-4666 3484
6076 -1895
8289 -2544
-6513 4114
5752 -2155
6877 -1659
-4020 7587
1323 -2124
8864 -2065
4172 -3518
-3326 -2316
-1282 4716
6701 -3098
7008 6607
8239 -3378
-177 -7851
-1740 7920
7157 5765
6218 -2555
4270 1167
2716 -2456
5932 -92
7185 -2164
-3956 -3794
4457 -5977
-5849 -7117
3699 5844
2989 1755
2648 5456
-3833 460
459 -1820
8048 -8436
6238 -1470
-773 375
-1832 4351
-8056 -6238
4657 -3002
6316 7520
2369 5835
4393 1871
7706 -7687
-4149 -19
-1288 573
-4895 5183
7592 -3031
7769 -7781
3865 -2855
-2908 -395
-343 -4193
-5303 3313
-4328 438
5188 -1401
6834 -420
-5941 -7567
-2169 5147
2238 -1422
7085 5628
-4535 5750
-1531 98
-7536 -5464
7476 -159
-8373 4902
6398 8481
4792 -6557
-3923 1285
-1830 6643
3464 -2289
1411 -4621
-3657 -7074
-3254 4513
-3915 103
6542 -8040
-6200 881
-823 495
2425 7610
-7332 472
-2129 3892
3476 2489
-8399 3514
6153 -1424
-6059 -7344
-3635 7264
-2399 5378
-3820 -7810
2358 -2650
5619 150
2384 7713
-5803 -7488
6897 320
6874 8097
2403 2197
-4270 97
3456 255
-4317 5180
-61 -3633
1179 -7625
7957 -7814
198 -4090
621 -1129
-2451 -1991
7023 -2121
7638 6370
2122 6099
-3071 7225
3586 7199
-3995 5357
-4650 3755
6835 -2095
-2161 5036
-501 27
-3396 7766
-8601 3129
-3287 -7407
-4283 107
-3088 -7127
-8213 -5366
-3359 7352
-1773 7434
1283 -8673
-933 -820
-1082 7302
-4445 -5004
-1192 541
7627 -2879
-7914 -4944
-4325 93
-3639 -4522
7820 -6671
-1845 3760
-6289 1989
3004 8102
-1985 6588
-6676 1367
-3547 5304
-2745 -1380
-4334 466
-5948 -7308
-2030 4062
5798 -1725
-1213 7095
-6968 4628
-7211 555
7849 1395
3519 -2253
2672 -2314
-1001 6533
8039 3957
3888 -1191
6696 -1584
3527 1686
-4436 -4842
-7817 -5751
-8470 -4594
2531 4708
400 -9295
-2125 4790
-1332 7785
7951 -6985
8228 -3417
-1789 8222
5451 -1206
-4587 -1464
-4718 -7044
-4497 -4841
-3135 7518
-3949 5024
-2517 3358
6680 -2022
-8190 -5454
1017 -2266
5556 6198
6212 99
6825 8587
7478 -7914
-3889 7407
-4451 -4906
2611 5836
3753 -6521
6598 349
-4151 3350
-1643 -7324
9123 -2710
-7940 4972
4063 -3144
6687 6033
-3762 -4989
2814 7132
-3692 7274
-7165 474
3082 -2822
-3704 5189
3245 -6358
-6909 -5378
-3729 -1876
35 6536
2339 5558
-8109 -4692
-4419 3529
2368 5367
5259 -1259
-4082 -236
-6494 1841
-2197 4261
6388 -7645
7505 -5847
-5998 -6995
4215 1170
-4126 5130
-4942 -4632
257 7339
-2298 4103
3748 -2884
1857 -3293
5626 861
-9806 2803
1980 -1950
-2154 4944
-4270 16
-4286 -5157
2826 5739
-8349 -3413
6704 -1513
6747 755
-3738 6959
-4066 7272
-5476 -6907
-3793 -2379
6078 2169
-514 -7781
-3606 8207
-3512 -5183
810 -2737
454 -3484
-6143 -6921
2091 6153
7541 7313
-4615 3704
-2647 -2423
2628 5691
7795 7472
2735 -2038
-1120 467
-6530 668
7327 -7778
-4542 -7640
-5706 -7379
-2197 6015
-916 -4733
4142 1025
-3690 -1591
3379 7908
-8020 4264
7521 6782
-4895 3217
-838 -18
144 6092
1416 -2270
-7681 4939
-1341 5745
7517 3475
-1342 5572
3179 -7186
7171 6613
-3059 -2284
-2876 -2727
-925 4029
5680 7655
2247 5680
-3121 -1886
-4291 5171
-1783 7831
-2771 -2598
-4579 127
313 -4146
-3777 7230
636 -1645
-8380 4358
4150 -5809
-5252 2982
-4489 5470
-4119 5442
118 -7426
1601 -2656
-3145 3520
-5973 -6931
-1464 7461
-683 -285
3242 -987
-8209 -4391
-2598 -2831
4272 -6013
-4487 -8650
6669 6377
4271 1657
-3415 -4958
856 -7692
6341 7146
-6405 -7255
-5960 1581
-3499 7957
6430 -1747
4113 -6043
-58 -7852
7974 2764
3231 7505
-5033 3849
-1905 3340
424 -5063
-6877 3216
-7320 708
3249 1359
-3502 -2644
-3631 -1795
6355 -1318
4134 -1964
-5210 3400
9913 -3168
4250 -6107
4633 -6840
3868 -3234
3665 -3103
-4597 -4930
-4566 -4724
-4184 5425
7155 7133
1344 -1932
-3266 -1657
9626 -3966
6519 2027
7813 -1940
5719 -983
-996 744
-534 -4735
3493 412
8120 -6783
3281 -6181
3928 -5160
-5070 3625
-3330 -2300
3228 -2675
123 5433
-4743 -8325
1068 -1977
4143 1109
-4408 7265
6235 -1064
268 -7894
7144 2426
6883 -8139
3981 1137
-4036 168
-3074 -2061
5436 -1407
2953 4194
2571 5558
2854 6105
-4350 -5149
7931 -8004
6958 -7895
-2973 -4596
6256 -2637
-4497 880
2713 2147
-8248 -4478
7807 -7090
1820 -1151
6320 -63
909 6927
2860 -5664
-1847 3925
4237 -6523
3441 -2525
-2861 -8279
-4099 5890
-3772 -8253
-1709 7788
2287 -1008
6802 305
-4840 5344
-1389 320
-525 -7326
-6628 4001
-440 -76
6866 1090
-8946 3574
-4763 3451
-96 6171
6231 996
6903 -3312
3289 -2820
-3626 -8753
-821 -4419
-4076 111
3730 -6727
-799 -6725
312 -7192
-6954 -5226
7742 -8358
2779 -6354
-3339 -1508
1812 5286
7867 -8437
-2331 6640
3516 1802
6532 297
-5758 -6787
8775 -932
944 7388
-7585 4736
6502 6776
-4690 -6851
2437 4611
-4278 -8683
-4237 -7326
-3482 -7924
3254 -2753
8584 2390
3292 -6549
-7731 -5582
-795 5984
3474 -5441
-5842 -7550
3862 1135
8050 2219
847 -2258
-3692 327
2898 8157
-3310 -6931
-4717 -5041
-4344 3454
-4693 3170
-4064 417
-1492 -47
-6282 -7455
-3782 -5001
2973 8202
4289 7908
3369 1173
6577 1424
-8502 -6653
-3390 -1397
-248 -3742
-1221 6391
-4687 -8601
-6114 -7558
-2009 7082
-6987 -3755
8269 -7161
7014 -2383
114 -854
4843 7860
162 5766
6868 7343
404 6287
-6979 1251
-4148 168
127 6178
-322 -2192
-3004 -2032
-6495 3725
150 -1338
-4011 492
6844 6107
-4281 -4748
7176 -1003
-8495 3683
-3906 -2707
6129 -1489
-1103 5050
-2593 5554
6565 -85
-1190 666
-3659 -1893
-6426 -7464
-3757 7177
8075 72
2021 5420
6279 -1921
-536 -7035
-4212 687
-6766 628
-5269 3782
-5885 -7526
1270 -2885
4678 -3849
746 -9423
-1779 6664
-638 8172
-220 -6484
493 -1932
-3857 5258
4028 -5885
-8354 5208
-2600 -1917
-3555 -4747
-3416 -2662
-3885 -8439
5490 3217
6491 844
3696 -3176
1518 -4119
6838 3132
342 -1064
2765 8011
-3873 -2143
-4361 3949
-881 -122
-3500 -2046
606 -7797
1418 -4358
-4307 5329
7056 -7422
-661 6842
-6493 -7289
-3743 -4380
-3333 -2877
-2580 -1010
-428 -8095
4949 -1396
2815 6029
-5791 1221
333 -1560
5510 -1934
4449 -5879
-742 -5824
3034 -2781
7351 -2092
-4042 4776
-1762 7517
7692 2178
6307 -1320
5835 -596
-5890 -6820
4559 -3144
7295 1705
6569 -7354
7218 -6907
-3933 -6596
-5718 -7166
-2928 -1371
2299 -3798
-5433 -7443
3964 -2663
-6042 -7084
7329 7366
3569 1649
446 -9199
8981 -5814
-6045 -7608
6126 108
-3841 -4620
6282 -7156
-1262 7997
6896 -7641
-1864 9011
8403 -658
-688 2961
187 -5918
-593 -191
-9628 -5197
6270 -1461
3478 8032
-6172 1888
7179 2813
6256 662
-3920 -6931
8791 -7317
8963 -2220
-6109 -7502
-3563 -113
-1349 -106
6699 3261
-2693 3827
6549 -1515
3214 1752
8412 -7493
7919 -995
3836 -5578
-1866 6927
-622 -6380
-4239 5177
6037 7178
3769 -2574
1655 -178
-1720 311
-462 6591
2947 8017
-1053 7597
7278 6091
3649 -4199
3565 1634
-5034 4095
-7021 -58
-5537 689
-4310 -5277
359 -6950
-3698 7363
3192 -2587
-5660 -7141
6829 -2524
-236 -2030
5016 -1094
7631 2099
7908 -6122
-6579 -6879
-1094 6796
3761 -6466
4126 2744
-4720 -4717
-6106 -7424
-3284 -9340
-6127 -5532
8082 1573
7973 -1236
890 -992
8273 -4377
-4171 -4747
-1976 7375
3151 5699
6032 -1404
4624 -3155
6448 7885
-771 -957
5355 -5827
3685 1674
-6111 -6933
473 6845
2800 -1129
-1095 5190
-1353 4660
5664 -1823
9957 -1869
6381 -1648
-3772 658
3336 -4292
-888 541
-3988 7874
3849 -6899
-4400 566
-3394 -2001
-3504 -4903
-1890 8171
-750 7130
3173 5149
-7099 3692
4184 -5225
-3825 7812
3810 -3067
122 -1442
-4418 3735
3866 7802
6542 2580
-1035 46
-6212 4044
-2625 -7314
-6265 1134
20 -3354
-4984 -7073
-7149 262
-5768 -6512
2998 6889
-3995 -5375
5369 8013
2696 8000
7156 446
5111 2091
6743 -1414
7986 2514
-1693 7819
-3927 5302
-733 7725
-1107 -120
6896 1636
3845 -6183
2398 5092
-4469 5255
5883 8487
-4503 5421
-6909 4583
-24 -7731
3894 -6626
3086 7078
-4564 125
7426 5124
-3756 413
3418 615
2825 -6598
4704 -2713
3828 -3427
-6532 1196
255 -2624
-8054 -5967
3051 6349
-8218 -5881
-7666 3762
-4059 5816
-4090 5724
7421 -7702
-8291 4139
-7573 3202
-4090 -4236
-4317 7571
1949 -5200
-3678 309
-881 6668
-4390 -4181
8108 2656
3294 1907
6388 7367
-515 -615
-4346 5313
-6507 3907
-3988 -4981
6609 8139
-1755 3904
5511 -1677
-3743 694
260 6192
-5858 -7340
-3995 5075
-3010 -1678
7469 6521
-8059 5197
-3945 -2039
3760 1755
5673 1313
-4040 8244
3483 -6437
2453 5860
-4471 8175
-6219 -7401
6870 -1356
3524 1656
5213 -1487
2993 7934
9085 -1418
4612 -6441
-3367 7515
-4137 6121
-3873 302
-2414 4792
7633 -2494
6666 -1504
-4258 5553
6173 -2101
3049 -1993
-1526 -130
-3776 566
-6598 1479
5479 -1792
3016 1623
2719 5819
97 5082
-646 7320
-7120 3872
-6573 2190
-9364 -4259
3625 -5955
-4229 5074
-56 -1295
-8339 -6650
6451 1120
-7981 3537
5313 -1498
-3392 7361
4200 -6319
-5766 -7852
7006 3126
-7088 575
7411 7472
-3867 255
-1370 7404
3158 2115
-6122 -8130
3701 -5102
-4139 5188
-3463 -2593
-4440 -5370
-6576 -863
-4179 -5128
7510 -7802
1450 -7737
-5316 -7071
3297 7513
-2028 7753
3525 1811
-5270 -7917
-2766 4004
-6704 -6930
-4266 -4995
-644 309
-3530 -8271
-252 6880
7215 -3715
6059 7779
8537 -2525
-956 352
-1968 7355
-959 -22
-3636 -6838
3561 -2437
4097 -5506
3682 -6454
3969 -6287
-4152 7652
-7280 4070
-3366 -2069
-3685 5480
5946 -1197
-1358 4449
-4483 4874
-1980 7520
3066 7989
3757 -3321
-3607 -4643
-4628 -7995
1409 -3248
-1799 -578
5147 -2455
-648 -385
3669 1278
-3420 535
-8091 3291
5431 -586
7926 2845
3055 5224
699 -2621
7236 7178
-3855 5169
-3711 -4197
1554 -2361
-3255 -842
6804 -29
5892 -2545
693 -3291
4100 -2489
-7241 4271
-2197 -1096
2617 8536
6855 235
-4446 4829
3472 -6844
-5788 -6770
-4113 4810
193 -7673
7066 -475
7376 -3530
3492 1914
856 -2909
-4157 -7047
311 -8551
-5590 1005
-4168 -4901
6739 1019
-4736 -7778
7323 -2639
-177 -5908
375 -784
-3957 -4394
8632 -1512
981 -3848
5167 -1731
-440 6953
3753 -2428
-2505 5299
-6221 -6733
2559 5804
-93 -1475
2359 5368
1331 -6750
-3595 5475
-6172 -6686
6248 -1515
3747 -6042
3801 8207
461 -4007
2009 4825
-4448 243
4480 -816
6933 -3361
9964 -1316
-9131 -4838
4436 -2135
2538 4930
6449 -2018
-4105 -4679
-3132 -9323
531 6407
-6992 4691
1409 -1937
-5013 5620
-1190 4791
-2030 4291
-7198 -5071
4388 1408
7378 2099
-6206 1406
-684 6126
5199 -2056
-850 689
2754 -6444
-3282 5
-3727 -4688
-4116 5303
-5875 1613
6594 2491
-3511 383
-5186 -6577
4729 -2924
-1615 3758
8389 -2205
1628 -2659
1024 6052
-3529 -4476
4457 -6523
-931 144
-247 -8540
-3530 -1784
6871 1123
-3080 -8812
2953 -2798
-3819 224
4465 -6489
-2626 5004
-4172 -4840
348 5591
6227 1001
-6370 770
3047 7842
-8434 -7330
-659 286
