100 285 3652
0 0
-5126 -4561
-4950 -9679
-8663 -375
-4047 -107
-9967 -9784
7550 -8561
-5963 -1334
1103 7301
8842 -7597
7102 6601
123 5977
-249 -9270
1431 960
4570 -6694
-1720 8964
8783 6545
1006 9686
-6148 -9657
-6991 -971
8795 9519
9088 5245
-6387 -5406
-8232 -4681
-7665 4463
6000 9792
-5839 1994
-1322 -3885
-7991 -3417
-6961 -3780
-866 -2964
-2296 -5021
-1821 5104
2974 5310
8764 8178
-6689 7764
9544 -868
-9008 4991
3317 -9491
6276 5459
9143 4157
-5446 -8010
-3806 6328
4821 1517
-1961 1787
1148 4501
5410 -8183
9088 -4636
7194 -1253
-97 9482
-9077 -1887
9809 1795
4072 -5586
-9916 9785
-9245 -6884
3839 9831
2810 3895
6461 -5863
5100 8801
6477 -8876
1959 3046
-437 -1867
-6815 -2396
8561 -2123
-9428 581
-873 2746
6140 7289
-1300 258
-5347 -420
1867 8684
-6562 2739
7811 4017
2238 -1621
1884 -8343
-2131 9962
-101 4512
-2383 -2213
-9783 3625
3808 3119
-7331 -9440
-3217 -9456
1065 -9713
-4157 -6445
542 -4696
-3031 5102
-9743 1753
-4697 8301
5827 3876
2430 -3035
-7991 6153
4450 252
-3487 -2247
-8382 9640
1461 5688
-2503 4208
-8440 7206
-966 8105
1267 2299
-9529 7053
372 3399
1 14 3114555
1 62 2175516
1 66 422560
1 68 1185779
1 73 4162680
1 98 1606688
2 8 6622705
2 23 3088040
2 30 990488
2 32 351145
2 63 2033568
2 83 3593616
2 92 6799139
3 6 6347261
3 19 2061611
3 42 282111
3 81 279186
3 82 5216935
4 20 4011230
4 27 3261658
4 51 1320360
4 65 3003786
4 71 600805
5 27 2535675
5 45 3071380
5 68 770489
5 69 723704
5 77 3391216
5 92 1278622
6 19 6477304
6 51 10250801
6 54 9278711
6 55 4135444
6 78 18427406
6 80 5758407
6 82 1905210
6 86 4110548
7 10 2607277
7 47 1720446
7 58 535273
7 60 152897
8 20 781336
8 63 1118695
8 69 919287
8 92 300353
9 12 266668
9 34 4119214
9 50 1018715
9 70 969632
9 94 1372792
9 97 5353047
10 37 1235939
10 48 640324
10 58 4630874
11 17 3131875
11 22 2132180
11 35 351776
11 40 2847312
11 67 2102506
11 72 4635402
12 33 1186725
12 46 3091883
12 76 398490
12 94 733662
12 97 2106551
13 32 6864672
13 74 373454
13 81 559243
13 82 2384582
13 84 1234044
14 44 5877573
14 61 1649856
14 73 2510865
14 79 5717180
14 91 313165
14 98 267167
15 39 574846
15 47 533625
15 53 770595
15 58 1477131
15 74 1148715
16 43 1036303
16 50 187704
16 75 2586723
16 87 4074565
16 97 433071
17 22 790052
17 35 1916195
18 50 1072838
18 56 2094214
18 70 2977750
18 75 7843552
19 42 2575585
19 80 2689297
20 27 7637504
20 51 964050
20 63 989668
20 69 1658315
21 22 2602783
21 26 1863219
21 35 717985
21 52 12799440
22 35 2604573
22 41 1408744
22 52 2538641
22 72 3813645
23 24 1057524
23 30 183307
23 42 3126706
23 55 6024844
23 83 3157949
24 29 1745751
24 30 2840445
24 51 1657366
24 55 4349583
25 38 1619590
25 43 6601316
25 71 2605435
25 78 4979261
25 90 1398115
26 35 7440175
26 56 655219
26 59 1540949
26 67 5503666
26 75 4883729
27 45 1870432
27 69 939922
27 71 129885
27 85 8734239
27 95 926517
28 31 1572447
28 32 2173931
28 77 770889
28 84 399917
29 30 363276
29 51 1989846
29 63 1044955
30 63 797903
31 62 911762
31 77 1003757
31 84 1374771
31 89 713163
32 77 4317545
32 81 6249375
32 83 2469821
32 84 1582470
32 92 2628815
33 43 4245248
33 66 2020152
33 76 3779639
33 85 645656
33 95 1547280
33 97 3575769
34 40 2202448
34 46 2487416
34 57 340349
34 59 5163973
34 67 1873421
34 70 861507
34 79 1068021
34 88 7140010
34 94 3837312
35 67 3151847
36 43 595290
36 87 4482356
36 90 854574
36 93 493733
36 96 4359364
37 48 8143793
37 49 4923720
37 52 1774332
37 64 802180
38 78 599981
38 90 2491702
38 99 2035458
39 47 667301
39 60 2831999
39 74 4339568
39 82 861042
40 67 3356580
40 72 1124540
40 88 486675
41 52 2048762
41 72 173358
42 55 9665663
42 80 459867
42 81 4789493
42 83 2338699
43 71 10710506
43 85 734864
43 87 834536
43 90 9405633
43 97 1650218
44 49 1972909
44 52 1895204
44 72 5558891
44 79 3058443
44 88 618656
44 91 444296
45 66 3565239
45 68 1539352
45 95 1766608
46 57 2390548
46 61 2455480
46 76 1263729
46 94 215333
46 100 3230438
47 58 2913826
47 60 1913449
48 58 428519
48 64 2804434
49 52 8470604
49 53 8069913
49 58 2653467
49 64 994843
49 89 1882036
49 91 2452384
50 70 314684
50 75 2607823
50 97 2037430
51 55 868400
51 63 5785518
51 65 2994365
51 86 7120746
52 72 6132550
53 58 5894677
53 74 5604529
53 84 455380
53 89 6134728
54 75 15269085
54 78 9652628
54 93 184012
54 99 1087510
55 80 6989616
56 59 311633
56 70 666996
56 75 2895881
57 61 2072862
57 79 276880
58 64 2032750
59 67 260255
59 70 2345448
61 79 3776464
61 98 413519
61 100 2099989
62 68 2837436
62 73 4548121
62 77 951255
62 89 1728894
65 71 365984
65 86 1163653
66 68 2288927
66 76 721076
66 95 4709576
66 98 3140944
66 100 2888428
68 77 6150287
69 92 1985453
71 78 7863738
71 85 516050
71 86 1449869
72 88 4094511
73 89 572574
73 91 336910
74 82 2068840
74 84 747874
75 87 3201456
75 93 1976512
76 100 248050
77 92 661514
78 86 4268357
78 99 2259831
79 88 2158718
81 82 685141
81 83 2458217
84 89 1677082
85 95 1244879
87 93 841765
89 91 1327374
90 96 2599325
90 99 567599
93 96 561947
93 99 1519868
96 99 1151607
98 100 2271742
-2102 3689
-3145 -8605
-445 3233
-3599 -1465
5460 -2668
-4406 -1038
5226 9034
-7646 -5272
2995 -2997
-1816 3193
3367 980
1412 -7066
8368 2658
4285 2821
-3911 4303
9156 6069
-2385 -7257
2856 1654
4102 -6237
4346 -2893
229 -4108
2633 -3188
7783 8644
2960 1427
-3989 -898
5835 5971
8300 3575
-3264 -5151
-3697 4389
-1562 -2195
517 -4323
1544 639
-7656 -2322
6762 -8381
-1797 -5331
-1162 5797
-7704 4767
-1084 -5951
-2030 -2996
-1674 3859
-3552 -5551
2324 4458
-2818 6800
-3700 -6543
-6319 -5380
2298 487
5474 4293
-7292 -5474
-8838 -9280
-7952 -54
6727 6341
-6620 2723
5430 3395
-3890 -8056
-2382 1461
824 -4184
3817 4078
755 -4517
-6266 2604
2667 -3467
-6875 -2008
-8409 -7591
5134 3325
-4213 -1061
395 -3923
-7412 -6429
6324 5468
-7155 -2032
-7483 5162
3308 3886
-6465 4832
-6377 -2025
6348 -6679
5835 6124
-712 7398
3436 7534
-5572 6285
-3568 -4897
3439 3552
-7678 -4772
7199 3670
8054 3156
-4481 3717
-6894 -7835
4925 -4227
8488 3332
5820 -5444
-5204 7533
-7517 -7486
3939 -6361
-4450 6302
-1918 -1887
-2533 46
6775 -7225
-6698 3320
-7701 2144
2725 3150
4730 7015
-9427 1379
903 -7505
-3030 -8387
-2129 6658
6538 -4395
8454 2804
-5313 -7680
3842 7622
-2209 2762
4103 -6271
-6805 -5264
2579 -3494
-7749 -4958
-1919 710
-5315 5939
5686 -3384
-2067 -8932
1238 5436
-2314 -7411
5745 6376
-4704 -1117
-3671 -1269
-1964 6799
2234 -9468
-5859 -5882
6064 5105
-7075 715
110 3671
7841 -2888
379 -4138
-2167 -7737
-811 -6232
7746 7537
-5471 -2461
-7911 94
-6598 -5495
4047 -6351
-734 -5948
3894 -5900
-3002 4831
-6510 -8573
3355 834
2080 1565
1109 -4576
1118 5969
4130 -5668
-6601 -1957
533 -7457
7087 7693
5487 -5755
2851 1059
4339 4051
2831 -3481
5111 -2032
8212 3254
-6863 3024
572 -3745
6793 7368
-3226 -5368
-3225 -5697
-3086 5592
4156 -6423
-6894 3864
-6764 -2110
2911 654
-48 3682
-6339 2605
-5704 -2082
2805 2881
1304 5101
2264 3947
-5563 -2088
6395 5834
5931 4201
229 -8507
-6059 8505
-6167 6466
6696 -1558
-8695 342
744 5844
-2320 -2690
-6056 -3484
-7311 -1741
-6681 -9573
-2543 1676
3631 6815
-6923 -4547
-4247 1676
-7604 -120
-2497 7448
-4305 -804
-8705 -6917
646 -4060
-7432 1579
-3544 4818
-3702 4997
2074 334
1662 5180
-3299 -5387
2366 110
9446 6654
4720 -3001
-2372 -8042
3042 6836
2058 -3468
413 -7485
-4054 3527
7849 8499
-6973 5690
-2236 3024
-6414 2535
6514 5602
8068 3215
-4498 2944
-3152 -4170
-3820 -5858
2437 -3259
-6093 2724
-2553 6949
1420 6227
-7644 -4572
4099 -5605
7065 -2923
5273 -4050
6280 5683
5322 7732
6196 5803
-1098 -6740
8154 -2395
8169 -7984
6711 7458
4368 -5835
-4139 -1324
-2850 -5291
7463 -2900
-2564 3806
-1632 7264
5913 -4615
-6896 -7455
5704 -7573
-566 -5679
-465 -6080
-540 -6313
-4201 -997
-5861 8078
6965 -3477
-4141 -813
6451 -7150
718 -4671
-8149 3955
-4340 -1024
-4439 -1383
5881 5571
7212 8319
2531 -2978
-6553 2697
6472 -3177
4304 -6465
4046 -6023
5013 -2347
-6323 4987
2673 -3372
-6732 -1283
-7454 -8795
6964 -2080
6120 5635
-1216 5604
-2310 7240
-621 -7510
-6589 3269
-3429 -3595
-854 2205
3597 6999
-4101 -1853
7616 7850
8060 3347
-6239 5594
7930 3785
1614 714
8324 3915
-2074 6697
-7607 -5087
2850 3285
355 -3946
2858 -3362
-7422 -4658
-6671 -3349
4131 7153
-5844 -3102
-3262 -2534
-6786 2038
4719 -4134
7082 8945
-1848 3496
-1982 4324
3390 3538
6647 -6977
-478 -4272
-522 2912
-1586 -3932
5386 8199
-3892 -1186
-7335 -6247
-3113 -8959
2396 360
8074 7544
-5853 5775
7719 4106
-1256 -6040
4404 7437
-68 2783
-5706 6746
-2832 -7348
4679 3830
2324 -2544
2083 4714
-3681 4267
2364 3147
3418 2833
2705 4136
-3451 -8259
2418 -2824
-3742 -6960
7651 -7839
-7349 1498
-7992 1063
433 -3696
-9007 3062
-371 -5951
-1993 1725
8424 3118
-6918 -4052
666 -4304
6075 7615
-1995 1719
-549 -5645
-6312 -2780
-6034 -6064
-694 -5923
6096 5597
-7879 -4997
-5600 -919
4237 6434
-2625 -4144
7980 2997
3395 1307
-2843 -3169
-1497 -7444
7105 -7357
6911 -2928
3463 3169
3083 3571
-358 -7709
-4462 8384
6975 -2283
2478 118
-2730 -1627
24 -3690
-6506 5526
-6990 -4000
-5615 -920
5628 -4670
-1189 3825
7010 -7269
3045 3017
-2422 -4016
1461 -6851
-1574 2126
-3336 3063
-6513 5137
2939 3772
-6617 -7699
-4559 -1317
5317 -3415
2356 73
7385 -2310
-1629 -3544
7895 8098
-2738 -1551
-3370 -5304
7672 3354
-3596 -1070
-5243 -1306
-6618 3511
8521 -7725
-1263 -2345
-6836 5776
6963 -1875
-5493 7551
6734 6002
-3275 -5142
-2606 4745
-7646 4699
3483 3316
-6921 -6039
-6134 3223
-2519 5238
-6333 -2267
-2999 4234
2755 -3647
2726 585
7739 -3688
-5430 7176
6881 -6348
3943 -6102
4134 -5869
-3388 -5053
3341 3465
-5995 -2525
3889 -6277
-4517 -982
8479 -7482
945 -6836
2954 -3684
-4149 4052
5442 -4229
516 -4416
678 -4100
-6486 2804
-3919 -1104
-6402 2892
2029 -2854
-3157 2541
-1243 4209
969 5536
-151 4158
-7060 -5042
2423 -3181
-6157 3654
-4386 -1338
7238 3506
-2393 -3063
6514 -2978
-3629 -5354
-1773 6347
-758 -5707
-7981 5671
-51 4130
-516 -6349
-7378 -7254
-5483 6248
-1536 -8537
3022 4601
5127 -5046
-4457 -1144
-4259 -8490
-7892 1052
3752 -5944
2501 -3121
5148 3803
3962 -6493
8231 -7385
-1796 1361
6565 -7918
-3250 -5606
-6440 -7862
-7500 -4721
-3042 -7314
3305 3254
6404 5851
3548 3427
-2917 3319
6696 6390
-6911 4528
3151 3424
3495 2678
3979 -6198
-7968 1450
8181 3408
7223 -6877
2447 -3295
-8656 4663
7339 -2731
-6280 3300
6471 -7338
4905 -2647
-2731 -6977
-2218 2867
-6909 3206
-6734 2265
-3073 -7972
-5875 -7597
4105 7202
-4170 -8274
-2594 3568
6523 5589
4712 6411
6728 4686
4806 -4082
3488 2881
-885 -6403
-2855 4363
431 -4013
-3755 -8061
6349 5107
-1358 4350
997 4092
-4460 3051
-4423 6547
-7587 3894
-2730 6097
-6396 3072
-5133 7913
7651 3205
-6270 3398
-7456 2610
-6026 -1642
-1465 1001
-7633 -5126
789 -7519
-3716 -8654
1800 -7183
-3042 -7481
-6514 -4936
7447 -7792
7091 -1609
-2726 -7488
6229 5473
758 -3987
-1894 6370
-1915 2788
4451 -4948
4349 3254
1512 -7902
-2731 -7248
-4054 3836
7386 -1807
-4667 7186
-503 -6759
-7558 -8796
-3110 -9276
-1953 -8187
-2912 6804
-2931 2971
3682 -4556
7194 3186
-4402 -1106
-6033 3414
1240 5728
-824 -5646
-3454 -5100
-7214 7337
-4118 -1262
5258 -3291
2425 -3582
-4336 -1595
-6414 3973
1910 4668
2485 -3627
7846 3425
1489 -8291
6270 5490
2402 -3182
-4026 4763
-3182 5699
7843 2851
-4140 -1131
-6211 6306
-2506 -3431
933 -3832
4939 -4593
-3348 -5089
-7804 -7486
3076 806
-2650 -7729
8637 6907
-2657 -3084
-3273 -5516
-5431 7746
4324 -6180
-346 -8093
-6421 -1610
102 -6947
-1047 -2115
-2378 835
-1069 -5594
4293 6015
-5883 5989
-523 4108
-5751 -1436
-1219 -5914
-1098 -6037
3821 5823
6350 5289
-2763 5978
2121 3495
-1135 -2107
799 -7754
-3119 -5229
-9138 1985
7534 -3568
-7780 1653
-5194 8492
4981 -4240
7656 3665
2893 4560
4253 -4558
644 -4151
-6429 2518
7227 -2483
2564 -3039
-402 -6393
-4866 -1295
-6658 2564
-3810 -6321
4391 -6191
660 -7822
-6576 -3633
-9894 1220
8323 -6659
3663 -5692
589 -4066
2476 -821
3130 4314
4991 6548
-3017 4012
-86 -6297
4981 7521
-2088 6589
-3846 -1165
-4444 3609
-1454 -2094
3447 -48
2698 -3244
3795 1179
-1376 4021
2003 1224
5621 7201
-3893 -1149
3120 3519
4142 -5784
-3685 8956
5459 3987
-646 2897
368 5373
816 -7955
-6515 3320
6424 5247
8209 3620
6656 -4412
2564 -3483
-8496 1781
-8715 2691
394 -7601
3898 3002
8179 3059
283 -3844
8467 3189
-6645 2846
2209 -3075
2953 1015
-3723 -7941
2505 -3152
-6950 -370
-2238 6949
-7906 -1156
3183 512
-6390 -1067
4008 -6118
1940 4816
10 3194
7058 7500
-1452 -5375
-9153 2330
-2170 -1415
2948 -3942
824 -4264
7792 2905
7258 6868
6120 5884
6695 -7262
-5683 -2279
2169 -3040
7514 3455
-3853 -1231
6537 -2325
8023 3395
2540 -3921
-2168 2811
6769 6271
4073 -5828
6865 -2267
-7474 -8072
6564 -2048
-6996 -1090
-6375 -1421
-4106 -1134
-2842 5403
-6312 2621
-2910 3807
-2259 -1880
-4738 -1963
6661 -7191
-7714 556
-2467 -3750
6480 5952
-1148 -6069
6654 -7123
7657 -5996
-6428 2854
-4322 -1310
-8078 -8694
3012 710
-6051 -2956
7902 3344
-3825 -1114
-9151 -7372
-6735 -7236
4023 259
-312 -5830
4726 6624
-4193 7466
2392 -2934
-1486 1558
5502 5751
-898 3648
2714 -2998
7466 7245
-4626 -1316
-110 -5419
2317 434
-1492 6752
6026 5160
-3289 -5209
6937 -7961
6789 5329
6495 -2984
-7120 -6712
-1364 6838
1780 4814
7854 3233
-3305 -9298
-7307 538
-1081 6238
6334 3608
-5393 7488
7513 3686
-6893 4121
4402 5136
-819 -6436
-6800 2636
3867 -6067
-698 -5284
-4629 7752
-1403 4561
-391 3906
2190 -8297
-2409 -7666
-7754 6925
6899 -7043
5679 -4271
7999 3331
4233 6329
1122 -7314
-3139 -5186
233 -7856
6560 7549
6031 -3733
-1617 -5662
6312 5526
-7787 -6570
-827 3077
2858 -3399
3411 7183
-6263 3037
-3758 -5899
6065 5936
4405 2945
7515 -6053
2619 -3094
-1055 2204
8331 -7159
-563 -7789
-9631 -8920
-6385 3036
6138 -4289
-1365 3116
-6649 4952
-1012 -5711
-8104 5013
6988 6951
-4476 -6160
-4329 -1290
5692 5550
6340 -3828
-3563 -8929
-1022 23
-8419 -4995
-7770 2093
-683 1532
-9864 1262
-6439 -192
3534 7397
-8054 746
2086 5297
-6353 3069
-6767 3367
-1437 2185
-328 2859
4175 -5900
-7475 5125
4226 -5891
568 -3999
-6660 -6720
-3204 106
535 -4014
2699 -3213
-8567 213
1930 271
-2556 6022
-7005 3170
-1262 2772
331 3208
226 2609
4298 -5926
-3494 -8198
6502 5672
8122 3828
6448 5380
-7194 990
-104 -5736
4124 -6255
8113 3774
-4020 -1403
7774 8988
1827 4894
-4939 6394
-2131 5736
3584 3431
6142 -2443
-1217 -3059
3949 7058
3249 572
6239 6166
-2063 -3171
-3443 1747
-1721 -3468
1541 4877
-5623 7906
-4511 6526
2643 -3234
6419 7244
8550 3075
-7787 -7363
-7577 5632
116 -7765
7174 -820
-2283 6199
408 -3914
3054 -3130
-3663 -5306
4147 -6651
5335 6602
-7985 -7284
5301 3827
-6694 2681
-2540 5724
-7648 4296
-5299 -1523
-1458 -6871
2862 2980
-2798 5859
-6381 -7519
6117 4285
-2704 -3276
6797 8586
-6809 3069
-6808 -392
8179 8242
-289 -3867
-6066 -1551
7010 -2496
-3343 -5190
1712 -7462
-8302 1063
594 -4392
1842 4198
1543 5166
6738 -1942
-3024 -2730
7309 -7583
-6677 3483
-7057 2139
184 -5683
-4186 -918
-7675 -8604
-4371 -1459
-3179 -7520
-8029 982
-8039 -7851
-4678 -870
-5413 -2032
-1346 3364
7299 -6756
-8208 4128
5236 4040
7587 -2901
-4155 -1414
-1693 2290
-27 -7529
553 -3622
4979 3856
-3400 -5692
-3302 2908
-2165 2523
2605 580
-5877 -2435
2717 -3427
-533 3320
634 -4531
-7140 -7056
3596 -5824
-3215 -5312
5218 4943
-1343 171
194 3147
2881 3305
216 4795
-2759 6871
-6994 2653
7651 4853
-1142 3542
2397 -3768
7672 3317
-813 -6352
-4108 4064
7092 -2563
4261 6111
2619 3555
-5945 -2637
-3553 3988
7122 -2242
2890 -3345
-4631 6364
955 4948
-7391 4320
5396 6877
3619 3172
5241 4523
236 -8423
218 -6098
3993 -6051
3328 4440
-7753 5239
-825 2758
7779 3282
-2475 1441
3535 3419
8471 3398
173 -3971
-6569 2879
4117 7294
1774 -7859
-3968 3324
-8208 5409
-8646 -9022
-2474 -7318
687 -3800
552 4636
-7596 -5119
3160 1014
6601 5047
-585 3221
8150 3971
-857 2805
3654 4555
-7397 1065
-7235 -8200
4104 2801
-5859 2840
-6622 -3073
3982 1646
-8781 917
-3533 -7525
-6605 2987
607 5115
-6154 2739
645 -7680
-7935 2069
-1052 402
-2403 1607
-7391 -5302
6290 -4055
-4430 3928
8519 3612
-6270 -1541
-55 -6430
-7295 4532
4671 3008
4917 7758
8219 3482
-7393 -5928
-6511 3246
959 -7798
3291 4133
7001 -2241
-2756 -2613
-2785 6883
6291 -3534
640 -3567
-5295 6690
8163 7356
-6733 -2082
871 -3797
-3188 -7567
-2844 6952
-649 -5632
2449 408
-5003 5489
-4327 -1386
2818 -3359
-7198 -1543
-6658 5265
6465 -3267
-7393 -3726
4052 -5863
-4176 7986
5182 4415
-4666 -7842
2175 3542
-3226 -5253
2566 -3057
-2665 6403
823 -4216
6186 -4611
-6374 4725
-7120 5913
6570 -2389
-6110 3057
-7653 5388
882 -4567
-2687 -1900
-3291 -3210
6830 -3818
-3002 -5257
-7104 849
176 2390
2582 1551
6474 5751
1244 4894
-3926 3416
962 4108
400 5384
8721 6984
-7001 3472
-2062 6352
6614 6902
-7040 5796
-6842 5773
-3682 -5265
-2706 2866
-118 5244
6498 -2216
6586 7575
-2679 4958
-3353 3736
-8222 4569
5476 -5331
7957 -6657
2850 -3315
-5935 6579
-6708 -5394
6669 8368
-7085 3222
5478 3116
5254 5569
728 -6829
-3236 -4743
-7326 4424
1715 1565
459 4642
-4307 -1021
512 -4151
7135 -6948
-3327 -5550
-6541 3214
-4286 -958
-8040 4281
-2796 -3211
7427 2952
2769 29
3533 5475
5901 5520
-6630 2707
-7525 -8317
5102 -5229
6822 3802
3835 8226
-3124 6104
-2459 5992
577 -3827
6928 -7139
-1595 5798
-3365 -5085
-6514 3306
6770 -2607
3093 3646
-186 -6086
2699 -3588
4640 4642
-2351 -2697
-8627 1537
-8810 1393
-3188 5971
-7491 -5250
-4591 7432
5883 -6306
-2538 -2894
-79 -8598
-3876 -5317
3844 -5875
-2519 -3473
-3434 689
5929 5448
3406 6943
-289 -5963
3248 -5959
7350 -2097
-4209 5315
-6310 3247
-3127 -5402
5809 -7406
-3392 -5132
-3232 -5327
8181 3410
5376 5544
-5379 7725
-7016 -1853
586 -8502
-2683 -238
6862 -7378
-7749 3529
-3739 -7809
-663 -6351
-6767 -8269
-5522 -1331
5043 -4406
-6495 2583
7054 -2467
-4434 4999
4473 -5963
3872 -6029
-3967 -839
-7552 -968
-3209 4780
963 -4437
-7203 6707
8109 3801
-1274 6056
4875 6533
-2756 3761
7286 -6930
1777 556
-5965 4622
6489 5402
-674 -8090
-7377 -4787
-7269 1386
379 -4272
6348 8408
6659 5393
7335 8514
359 3998
7397 -3139
-7411 4848
5099 -4014
-1845 -3790
4006 -5734
-6239 2815
357 -7525
-3194 7067
-386 -5951
191 -4715
488 -7307
-1040 -5909
-971 -6226
-6378 2920
767 -7257
7249 -6691
-563 2724
1764 5505
4248 5981
2414 1445
-3341 -5414
6435 -7716
-8755 5442
-6786 889
-7503 4257
2685 3128
3859 -5991
6094 5617
-3065 2693
830 -3799
4017 -6020
7455 5710
5472 4362
-5621 -2495
2934 1067
-8026 -2205
-410 -5819
5368 6043
2329 3192
1040 4063
3803 -5693
-6926 3242
-3370 -1401
-3344 6412
-2492 -2585
2805 -3183
-5307 -2385
6467 5538
424 3093
6872 -7240
-2076 2346
-7989 323
-3240 -5096
-4048 -1087
-797 -5214
-4006 -7154
-7865 1756
-7296 8663
-8619 1629
-6762 4827
3036 -3210
1536 5606
6493 -3680
4248 -4947
5361 6305
4849 2587
-3612 -7845
5423 -4647
-6324 5587
5590 -3080
7292 8065
-2261 3584
2396 -463
-384 -6529
3177 1289
3048 5167
-5572 8057
-6933 194
7852 7295
7916 3940
-4005 -1299
7263 -8174
7478 8667
-8160 6288
-8151 2109
-6496 5998
2689 575
604 -4022
7584 -2644
-4693 7006
1497 4883
-2776 -7704
-1902 1529
-3283 -7545
2653 340
-2635 6308
1426 -7074
-7255 -1731
4685 -4638
4630 -4569
-3717 5222
-2740 3199
-2672 -3494
2214 4622
-6045 2793
2913 515
4551 -5581
-6574 1923
-4033 -8441
-3565 -5449
-2929 -3075
-6266 -2399
7005 -7796
2947 322
-6307 3510
6784 5513
-6921 -2023
-7368 -5704
2274 562
-624 -6316
3400 966
6117 -7299
-4079 -971
5469 6100
3834 6959
-4030 3286
-1752 -2952
1111 -7717
-6319 -2324
-7516 3255
-6382 3155
171 5523
-8068 1035
-1685 -8602
2396 3413
6454 5660
-4168 -1390
2654 -3464
-3885 -1312
-3149 -8249
817 -8581
-4060 -1481
299 -4107
-4139 4156
6033 5548
24 2762
8429 6457
3048 -3490
-3403 -5839
-4717 6818
4320 -6085
-255 3412
-1737 451
600 -8337
1861 1157
-7425 4173
-1811 -9212
7996 2966
2958 3118
-954 -5620
526 -4006
2838 -3278
6630 -6748
448 -4456
2025 5730
-7455 -1729
-4135 -7668
6889 -7235
7981 -3446
-6949 3412
2419 1860
7733 2984
-7489 6088
-6781 4526
264 -4299
1445 4970
-311 3037
7477 3344
6391 -2891
3840 -6069
2245 3781
-6050 -4812
-4135 -1475
2245 -3099
-4974 7793
6704 -6982
-3199 4601
1907 4311
3224 3438
-7665 1664
7130 -6758
-5298 6984
-4868 7307
2655 -3144
7205 -7415
6474 -7818
313 -3833
-7443 -1938
8229 7267
-6712 -5407
-6910 2013
-3957 -1420
-6516 2817
2902 -3436
3572 -5717
-6227 2805
3738 5102
-2766 -7784
-6829 3152
2738 -3699
2269 5450
526 4871
-2429 -3111
8171 3227
-1025 3014
4568 6206
-4238 -6985
-2789 3259
-5433 -1420
5850 -3695
-7413 -4668
4959 7042
-5033 6577
-4187 3184
8880 3800
-1118 3293
-6107 6092
-8110 5340
2846 3954
-436 2664
6554 -2562
4415 3637
-4329 8240
-3211 -5307
6688 5726
4394 7111
-962 2971
-1907 -4367
-610 -5823
-5774 6992
7632 3741
-3583 1578
-3296 3212
5195 7433
190 -3629
-2773 -7126
3988 -2982
-7373 1807
3816 -3464
7195 -2923
4669 -5478
3792 2913
-5836 -1689
4898 5885
-1996 -2955
-3774 6168
-301 2673
-3826 -5606
-864 3361
2652 -3563
803 -4044
2108 5030
-2133 -8652
6515 -2335
4173 -5638
-6740 3093
118 -5788
-3772 4714
-7712 3227
3385 1972
-587 -5742
4226 -6137
6228 -4060
-6385 -9327
2851 -2996
-1457 4492
-7010 -7950
-6115 -497
5718 4505
4381 -5523
2155 -3387
8678 6930
-4086 -6435
-7589 -4938
3762 -3502
2532 -3324
-3268 -5316
-3042 -7292
-4099 6212
3872 -4030
2774 80
5537 -3722
-7070 -1748
-6056 -7479
2976 180
7650 2653
6874 -2125
-5069 7092
953 -3804
-7467 -7188
3045 -374
-2128 4767
6703 -2105
2987 -3649
2769 3587
-4201 3026
-2697 -7412
3232 691
-7304 4550
-3921 -1601
-4388 3426
5423 2115
-6392 3933
-7440 -5351
-2378 -8663
1993 308
4099 6620
-6693 2218
-1710 1126
5777 4159
2393 -2978
-895 3817
693 -3527
-334 3091
-4351 -2656
889 -8125
-3787 8142
8124 3277
-5994 -6992
-7314 -7110
-2273 6082
-6539 -2730
6301 5614
-423 2979
-6781 3218
-6137 6994
4903 -4625
-509 2299
6174 -3055
6928 7405
5426 9068
-3534 -5668
7386 -6853
-1914 2976
1357 -7921
-5873 1536
-7331 2276
6240 -3262
3028 -3539
3876 -6121
3866 -5635
6014 5339
6027 8307
-2486 6929
7743 -6099
8379 3784
7400 7018
702 -4752
-5489 -1330
8122 3705
2799 -3408
2682 -3716
3675 7713
6300 5139
7052 -2369
-6573 2541
6265 -4803
-4158 -1387
-2770 -7780
-2452 6380
2848 5344
-7016 -8569
-5655 6249
373 -4133
-3575 3524
-2762 3232
-3583 3536
-6477 3148
-7292 1784
1142 5913
-7945 3990
7754 3162
348 -7819
-1955 5676
7543 3789
-1917 2390
-860 3627
8801 6712
-1391 805
-1529 7164
-95 -5666
286 -8540
-7062 4931
1561 4539
511 -3943
3135 6949
-7480 4907
-6941 5918
-6473 3125
-582 1824
-4644 -9319
-6829 3101
3555 5373
2916 3532
-387 4027
-1872 -2551
-753 2548
607 -4085
6834 -6263
2158 137
-3442 6044
-641 2708
563 -3880
6604 -1875
6291 5374
-6878 4483
8177 7571
3405 6763
332 -3761
5754 2826
350 -4118
-8441 1798
-2763 6837
-2716 -6650
-7215 5093
-2418 -7741
-733 -6104
-6861 6927
3835 -6061
3384 3078
-1889 3143
-2219 2633
5601 4711
8077 7932
-6295 -4163
-3675 2660
5612 -3778
5619 6289
-695 -6598
3980 -6324
7434 -2454
-2086 5931
5860 5801
4642 4181
-5296 7502
-5498 7877
3980 5892
727 -4242
-3819 -1180
-7963 2211
1798 1645
319 -4076
-4571 7452
7896 3294
-1055 4173
7880 2917
7956 2791
2745 -3122
784 -8769
84 3491
7413 4146
-3116 -5634
-2928 -2810
-6453 3027
-5809 7916
1105 5202
-6013 2674
-7275 5023
-6644 -7413
3930 -6007
-7299 5179
-6176 3022
-1727 7125
1494 -7014
-5453 -2056
-7144 4125
6177 5193
7645 -1617
7967 -7994
7168 -2643
-2429 -6144
-8940 1091
-3231 4376
-780 -6206
660 -3931
728 -4044
3639 -6486
-3663 2386
-2650 5581
2935 -3362
-7827 -7293
3495 3278
3097 -3229
7776 7120
3980 4076
-6222 3372
5795 7236
-574 637
-4989 6939
-3707 4357
-760 -6409
-6941 1062
6373 5441
2578 -3451
5804 5600
-6541 -3659
-3866 3434
7000 -3011
-7797 -5606
-7051 -999
2660 488
-875 -5632
-3151 -5455
-3462 3267
-6675 321
-4512 -1265
-3511 -5357
-2371 -7384
-8369 5324
-1808 7652
-548 -7762
3147 3825
2349 -3447
196 3192
-3635 -5219
2636 -3127
4265 6405
2044 937
-127 -2645
3290 3339
-5997 2851
-4685 -1974
8356 3763
-6552 3183
-332 -5716
-2796 3955
2717 -3386
-6196 3261
-4609 7622
-8375 -9691
3036 1242
-2631 -2566
2761 2593
-6062 -584
1098 5820
-7180 -5828
-3787 -1391
-7400 -7642
-1801 1631
468 5674
-6246 2140
3723 -578
1578 4431
938 -3675
-6458 4746
-3224 -5254
-7381 -7429
1045 -7674
654 4119
2505 3422
2516 -305
-2753 6645
-7290 -8245
1183 -7018
2371 -3476
2805 4478
5929 5433
3856 -5929
5248 -3173
-6655 -5224
-6264 -8264
-2411 1405
-1336 3395
-3978 -7711
-8299 1736
-6266 -6089
-541 -5679
-3583 -5469
-1003 -5784
7232 -2111
-3046 -3870
-6039 -1959
-7710 -8066
6858 -7663
-2350 787
4206 -6265
5721 3799
6113 6984
-2114 -2096
7989 6225
-6313 2983
3486 -5439
-2799 3612
5324 -3747
-7689 5035
7528 -6652
-5344 7830
4743 6139
3414 3161
7592 7898
2837 4051
-6598 -693
6521 5516
-1226 3878
-3430 6172
3934 -5679
8952 -7572
-196 -6219
8104 3514
-3445 -8530
-508 -5771
7272 -6686
-4017 -7077
3477 3514
-6687 6182
8434 2961
-4014 -1093
808 -3839
-6694 3048
6749 5808
5776 -3453
1210 5148
1061 -3878
-5527 -2026
3550 -3834
-1039 1599
-3360 -5624
6360 -2627
-4460 -1048
3582 3972
7281 -2436
-3465 -2806
-6515 -2019
4225 -6285
3130 1427
2703 3813
76 -7851
7181 -3299
-6766 1518
-7605 -6523
-7255 -1699
-4145 -752
-3311 -7580
5010 -4563
-2978 6693
4046 -5857
-5983 -2457
7391 5054
-4655 7088
-6802 3614
-2998 -2249
6850 -6264
6580 -2831
2562 1908
175 4161
-7630 -8008
3797 7854
-8050 1879
-7824 -7199
-6657 2618
2708 -3248
-5469 7237
-3349 -7408
-2905 2574
4066 -5968
1753 4791
2210 1574
-6612 4370
-8272 -5680
2502 4814
-1741 1338
-604 -6497
-6606 3044
-6629 3279
-3294 -5265
-1445 -7764
3331 5197
5224 3422
-5175 -482
6465 -1818
636 -8212
-3491 -8489
-4280 -1239
-7302 5564
-6746 2628
3172 422
-3945 -1110
3596 -3536
4768 3260
4088 -5988
-634 2155
2354 5503
6314 7632
-1808 1698
-3628 2242
-1953 -6832
-237 4934
-3861 2515
-5978 7695
-7024 -9366
6375 5573
-5778 -487
-1114 7012
4247 -3892
6182 -2554
389 5447
-6946 3533
-5488 -523
4922 -3485
-1560 -5693
5794 -3608
2972 4841
-4871 6381
1417 -7722
-6361 2403
-8602 4283
3025 7763
-501 -7185
-3884 -1320
2694 -3417
-3814 1150
-6479 4584
2391 -3391
-3309 4288
-5958 -1600
-2288 1629
7223 8473
5958 -7987
-1964 3032
-8626 -6068
3610 2822
-7840 3768
2598 -3338
-916 -5136
8038 3951
4648 -5250
-6222 2787
4714 3873
-5788 6611
7854 7202
-2403 6204
7022 7544
-3217 -2742
3994 6174
-6307 3138
1677 4564
7594 6500
-6899 -435
4660 4005
-2017 1520
-1727 6008
7536 2690
-6531 -4418
217 -7755
-3974 -1308
5377 -2798
6722 -2220
-7528 6102
-7961 -4760
7866 3071
7507 7286
-6873 4639
6344 5380
-3594 -5309
147 3607
-7298 5839
6184 -3581
-3377 -5301
-6764 3138
1107 5601
3624 -3331
3969 -5832
3335 3168
-4984 6756
3253 286
-6291 -1122
5148 -3763
2626 -3517
-3221 -2671
-610 3156
-1735 3903
-3469 -5572
2766 3853
1353 5073
6199 -2610
-1233 -5830
7448 3129
-6308 -4680
-5594 2948
6139 -3539
6246 5344
6237 -4544
-3995 -746
6591 7768
7135 -7135
-587 -8402
7703 3350
7593 3686
-4560 6128
6834 -8154
5829 5160
2474 -3210
4916 -4042
231 -5566
6036 5631
-5831 -438
-6049 -7644
-6851 5782
-3366 -2192
-7194 -7081
8108 2830
-6564 -7732
-7458 5930
-7439 4520
1482 4036
-3141 3344
8211 3300
-7718 2148
6037 6481
-899 -6133
-7229 -7908
-7329 4003
-1261 -6448
2037 4596
-7613 5413
395 -4061
2976 2736
-1402 6583
-4329 -787
-4045 3401
-3407 -5440
2664 -2763
5749 -6430
-4216 -7790
2818 -3097
2625 3334
-6313 3132
-6789 2904
-3072 -1543
-2665 -3316
8384 2944
4085 -5931
-6178 -2072
-7921 -348
-3584 -6393
-6865 -6726
5414 -4096
-1474 -6360
-6535 -8227
-8106 -8265
-2944 5685
-1840 5233
770 -4030
-7057 -6564
-7581 1454
-5259 7922
-427 3488
2448 -3552
-1591 -3292
-7048 -1822
-2570 2039
7997 7969
-2644 1353
6151 -3839
3924 8013
-6440 2882
3003 4292
-8573 4295
-1283 7066
7498 -7626
-2036 -7251
-199 -5526
1599 3910
4992 3108
2600 3968
-543 -5759
-3954 -792
-2445 3195
548 -4035
-2299 6850
4754 6911
332 -4044
646 3334
8062 3548
7349 3015
7625 -7179
5212 6146
6153 -2149
-8532 1012
-7396 5035
5021 2864
2678 -3253
-44 -4256
750 -4213
4792 -2844
-3488 -5598
8489 2916
5589 3749
-3334 -8574
7888 -2772
-3134 7280
1076 4580
-3574 -5759
-6257 3015
-3379 48
4141 -5971
-1217 -440
608 -7529
6734 -7222
-1354 -5627
-4329 7760
6749 -5977
-2112 -166
5939 5768
-3612 -5486
-3321 -7966
6757 -2651
-580 3834
-1068 4384
-5946 -2002
-5503 -4481
7264 -2900
6353 6641
-7779 1617
6679 -2287
-5525 -1717
-3749 2984
-2739 5921
-7530 4869
2511 909
-8833 -7850
-843 -5959
7421 -5079
-8 3445
-6490 -7029
7711 6694
-7456 -5026
-3189 -5414
-195 4688
-3340 -5453
7742 3493
-2619 -2252
5487 5808
128 3379
-274 -3965
5702 -3906
-3058 -9567
4262 -5721
-3167 1764
746 5006
-6216 2606
-548 3769
8429 3564
7387 -7371
-1813 6400
5177 2283
1984 25
-2056 3234
-3622 4406
8310 3179
-4778 7211
-1107 3010
551 -4266
-6432 3586
-6320 5515
-8074 1542
-6369 3068
-3677 -5834
-6608 -3151
-3061 -5352
-5636 7684
-6363 -7629
-4404 -713
8043 8243
-6642 7822
-2860 5779
6788 -7996
5593 3862
-7770 -1208
507 -4154
8130 3844
-6526 -4130
582 -8101
-3408 -7879
-3654 4131
6424 4856
5852 6002
-6826 -8372
6157 -2732
1908 5286
1369 4927
1158 4625
6284 5171
-1681 -2192
-2378 -7955
-2034 6414
6899 -2496
-6356 3198
-309 3112
-4504 -8082
4398 -5962
4200 -5881
-7814 -8089
-7057 -2411
-7829 -147
475 -6571
634 -3763
6197 -6588
-2982 5822
1949 233
-8227 -7397
1016 4701
-7302 -8606
-6807 -8419
-1778 -3111
6161 -2719
1931 4802
4241 -6032
-4069 3260
-2096 808
2580 354
-8780 1157
-2437 5980
2703 -3089
6004 4990
-3097 -5071
-6362 2850
-3239 -5073
3658 6329
2915 799
-7146 -1776
-3364 7203
2343 -3437
2449 7273
-6748 1973
-3590 1087
-1576 2227
7319 5352
5722 -2946
-1119 6781
-1159 6798
-6910 3105
7251 -7039
-329 -5236
7530 -2937
-3058 3212
-4243 3902
-8330 3309
3468 2978
-6030 8445
6242 4796
-7725 -4886
2847 3699
4898 -3897
7543 -7601
-5847 -7034
-676 -6607
7852 3599
8070 3382
3937 -5977
-3803 2387
7334 7771
2945 -3371
-1209 -6611
6764 5849
-2660 1356
460 -4509
-877 3301
1757 90
6797 5089
-3124 -7334
7484 -8155
2905 3399
3775 2908
1189 -7745
6679 -3437
6454 5029
2327 1156
-5722 7658
-8735 3621
6588 7170
8061 2826
-6547 -5632
-975 2718
-6705 2294
8339 3452
-6447 3349
6770 -1890
2501 1646
-2900 -2498
-8273 4236
-3221 -5801
-7891 -5092
6702 5702
8288 3371
-1998 -8083
-3099 6591
-6239 3121
6702 -2195
-4842 8040
644 -6941
970 -4385
-232 3076
-3469 -8706
-3360 2597
4154 -6150
2673 138
7568 -2876
4954 3578
-3836 1752
2 -8673
-2795 579
-7997 -5164
5837 -3834
-2310 2411
-3123 4823
-3498 5963
6409 -7082
621 5093
8180 3658
-6173 -1772
5727 -4877
-7197 -6499
3279 -5691
-3582 2485
1373 4359
2785 -3423
-3688 3997
6320 5268
4283 -6019
-4204 -9512
-2467 -2336
2978 890
-2271 1941
5961 6655
-6349 2993
-6793 4456
1542 4750
-6576 -7673
4241 7237
-233 -5478
-1395 3939
669 -4121
-1222 3887
-2862 3780
19 -8304
-4144 3717
3202 1148
422 -3657
-6934 -5050
-4961 5521
7132 7033
647 -4028
782 -3572
-6442 -1699
-8299 -7811
-5871 -2677
6702 -7007
-9217 297
2986 3263
3956 -5523
-7579 -4912
-2637 -8217
-818 -6057
-2089 914
2873 -3488
-2018 7529
5989 5690
2451 3797
-4221 -738
264 3690
6826 -3162
-4305 -1549
-7347 4732
-1577 -4328
7935 7377
-3212 -5764
-6204 2818
-7579 170
3748 3338
7456 7405
7421 -2523
-2410 6886
-2114 1009
-650 -7244
-6803 -4691
-7761 209
2544 -3326
-3077 -8002
-6503 3099
5001 2263
-6733 -1824
-6825 -2936
-2593 6015
2776 -3116
-2702 -4039
-4182 -7839
-6378 -7941
-2480 6684
-1902 -2448
8286 -7177
-6498 3310
5834 7107
2848 2859
5275 -8099
4260 6040
9801 7925
-925 3661
3388 3856
6992 -2607
6107 -3170
7156 3607
762 -7946
4831 -3358
-3326 -5789
-6727 -8161
-8215 1002
1336 4519
-7580 -5856
-285 -5780
-6361 1255
-3548 -5274
-2280 2121
-2616 3194
527 -8332
-6275 3107
-2879 -3324
7221 8090
6687 -7407
-785 3409
-6005 7534
5574 -4191
-708 -7261
-4382 -1240
5081 -4854
868 -4092
6362 2465
-2307 5923
-6411 2696
593 -4081
-6691 8376
3092 -3564
8348 4640
-6255 -1463
-3547 -8523
6085 -8391
-3270 -3246
-3777 2900
-861 -5391
7307 -7659
-550 -6062
3577 90
4676 7168
334 2541
5978 -3840
-6080 2719
-3021 3430
-4860 6146
-3259 -5460
-6070 -1209
7042 -7185
-3268 -1907
6927 -2528
4413 -4715
4078 -6071
-1532 6837
3526 3328
6795 5805
-7479 5368
4910 6265
-592 -6040
274 3572
4290 -3666
-6916 -811
7288 3447
-3261 -9166
-3323 -5283
6279 5665
-3890 -6580
5554 3167
-1771 6198
2591 -3731
1492 4642
5999 5798
-5522 -3824
-1372 778
3188 652
6294 3600
5025 -2847
2820 1206
7369 9505
6364 5706
-5101 -8008
-8266 5797
4434 2949
4445 3584
5831 -4329
6608 5535
-3661 -5577
-1463 3417
-4171 -898
-5717 -7231
3557 681
4654 5710
-4117 3355
-1 -3787
7867 -1975
3197 3583
4071 -5711
8034 3566
-6343 -3107
3186 3749
3552 5593
2378 6710
8389 2643
-3923 -1084
-8577 606
-6391 -1737
5948 6033
4273 -5759
-2270 1168
-2432 1072
-6990 -9221
-1271 -6284
4237 -5871
-3225 1688
6312 -2167
-7585 136
-849 1735
2661 -8214
-1669 1770
-2056 -2363
-6495 2828
-2904 -2226
5755 -3751
-2916 4403
-6644 2481
-7061 -5214
241 -3739
-2733 -3247
2580 6557
-7210 4422
784 -4133
3072 885
2505 -3377
-1799 2232
4484 -5917
-3273 -5245
8154 7779
-2860 -5588
-1111 3604
-1913 -7871
2913 -3591
-2494 2358
2522 -3630
3038 -233
5697 6439
6549 -2542
-3652 -5152
6453 -7256
-2982 -5407
-2682 -8390
960 5096
-4373 -1094
7620 3102
-2266 7127
-6619 2860
3330 3459
-6811 5573
-303 -7301
2662 1205
-2424 6388
-3774 3348
6209 5265
7432 2500
-1551 6909
2479 -3519
6728 -2297
2716 3221
3693 -6870
-7651 6396
2846 4005
-4357 -1115
685 5188
-6942 3727
-1080 -6502
5541 4089
-6865 7017
-1093 -5430
-6454 3061
-3026 -4972
-1478 -2507
-6692 -7772
3524 7138
6481 -2923
375 -4134
-6993 -2422
-3444 2903
4987 -5552
2691 -71
-6593 2603
7263 -6491
6843 -2262
7390 -2469
5470 4119
-4083 -9284
3991 -5788
2744 1601
6928 -2906
-3495 -5355
4121 -4371
-8197 -5216
691 -3927
-1280 2639
6101 -2705
-3629 2594
-2203 2515
3924 8539
4175 3783
-4038 -1044
-3134 -5238
1681 5134
-2301 7573
2701 2932
-1470 4493
4780 3851
-3273 6261
-4756 6822
-3571 -5194
-6380 3259
3104 287
-5516 8435
4693 4973
7248 -1964
-7208 4483
6930 -7499
-4117 -6936
1959 5604
-2388 -1975
-3363 -5368
3077 3551
2713 -3602
7638 -2650
6949 -2174
7522 6817
6394 -2012
4642 4087
-5286 6945
5636 -3887
3401 3108
-3244 -5020
-7522 5072
-1591 -3777
-3386 -5280
-2942 -6822
-3549 -8013
-554 -5508
-7632 -5067
5560 3526
-3961 -6139
-2859 -1864
-7598 -5257
496 2936
-6638 3240
7689 3504
-6521 4057
-7228 -5214
-6972 -7060
3847 -5642
-804 -5239
6986 -8129
3775 -5660
7249 7764
-4193 -1415
9097 7210
-7245 4443
1101 -6660
-932 2387
-3959 -901
-5228 6955
-6552 6604
6759 -2894
3160 475
6473 4282
4944 8215
-3099 -8671
-2569 -8261
-4334 -1047
4635 5036
4496 4235
-2330 6617
-720 -2458
-831 3156
-5823 6527
1929 4715
-7597 -5557
-796 -5685
-8432 -7456
2582 3481
-4316 -1492
2708 1483
3325 6096
2658 -3627
-563 5346
6654 7377
1560 -7601
433 -7520
-2985 3794
9438 6550
-6747 -5476
6297 5744
75 3489
6245 -2916
2547 -3567
-2809 -6921
4393 -6481
5359 -3946
-3228 -5385
8156 2887
-6813 -7268
6594 -3338
-8158 1619
-5408 5539
-3815 5891
-3348 -5197
861 5107
7161 -7754
3858 3444
3809 -6116
-2681 -4278
-4637 -9005
843 -3866
6725 5148
7603 3125
-7467 5377
8042 3341
-3368 -5210
-7287 1497
3121 759
5241 -5112
-6503 -5784
-386 -9060
-2455 -3762
-2975 3419
-6381 -4860
3350 894
-5198 -838
-4056 -1187
-7921 1308
-118 -8301
692 -4088
2635 -3228
-8359 -7772
-4355 -1235
-6039 6671
-2638 4060
-6053 -3531
1620 4772
-851 -6092
-1938 6653
5195 -4205
4069 -6595
5530 4053
7152 6841
4024 -5824
8142 3545
6428 7339
-3763 -629
4699 -4771
-6990 5524
2400 -3406
-3312 -5256
-1140 2401
-4332 -900
836 -4434
-2666 7144
5330 -4989
2028 -3138
6380 -2487
4962 6708
-5176 6036
7713 3122
3247 915
5008 3979
8261 3589
4800 4548
2204 4553
3316 346
-7831 729
-3146 -5458
-2049 421
2788 -3499
207 -4366
6525 -7484
5937 7673
1449 5007
-8019 1260
-7972 5698
-3191 -5357
781 -4283
7036 -8275
7055 -3183
-7653 4117
2384 3021
4653 3842
3759 3962
-233 -6751
5236 8048
8240 7788
2417 -3114
-6945 2033
2818 796
3748 -5666
6496 5801
2852 3216
3985 7313
-504 -7941
-3943 3355
-2621 -4198
-6449 -6388
2347 -3284
8682 2419
6672 -3250
5482 -2242
-6562 2610
4395 5857
-8526 1595
3823 -5566
558 -4077
1320 4935
1727 4820
-3302 -3208
-3528 5233
-6885 1623
4097 6042
2297 -3149
-5790 -2134
268 1851
-6733 -4260
7958 -7074
-1685 -4039
9325 6780
6518 -2664
-141 4006
1753 4910
-7176 3735
2530 1950
4973 2132
1397 5195
-3647 -5289
-27 -6109
3896 7220
6583 8442
7183 -2554
-6255 -2247
4494 -4261
-6571 2875
6525 -4703
5620 2137
-7035 1284
-7358 5079
-2384 6093
2161 1197
-3586 -5227
-5286 8779
-3224 -5427
-3690 7139
-3507 -5483
7106 -6357
-2974 5679
4046 -5959
-6987 -2024
-5856 5154
-6628 2878
-4017 -1540
-7353 3622
-9671 1504
4317 3639
-740 -6252
-4401 1828
-4201 3580
6923 -8116
6372 5202
2951 3447
3317 7846
-7370 -2221
-557 2771
2662 -3523
6970 -2504
8194 4730
-3405 374
6147 5536
2705 3791
-3772 -5371
7427 -6905
-6770 3175
3035 4954
-1270 -2407
-3513 -5475
2731 -3813
2289 5
1349 -8408
-2681 4034
8151 3673
-2020 -9025
6807 6411
-6614 2996
-5969 -6854
-3605 -5257
4323 -6438
6211 5054
-2948 -3459
2008 5051
-8767 910
-7924 -2882
6935 -7646
-1831 1333
-7083 4427
4779 6135
6827 -3027
-7853 1654
-6013 -2791
-3023 -7005
-3853 -1248
8020 3988
-617 -5567
-2426 3517
4712 2839
-2867 2922
2378 783
-5931 -2422
1212 -6172
6356 5583
316 -3552
-3703 8046
-2501 3712
441 -4219
-2340 7256
5034 6617
-2250 6615
-1365 2492
-2975 2834
3746 -6363
-6052 4357
-2673 -3621
1317 5350
-7778 -7691
6913 -7277
5332 3491
7986 5640
-8488 2687
-1674 354
-3434 -5405
8162 2453
6852 5416
-5963 -1713
-164 -6691
758 -3909
7884 3314
3483 3308
6259 -7501
8287 7528
8328 6468
2660 237
5514 -4967
-854 1983
-3516 -5307
4876 -5257
3159 -3821
-7264 -5088
4951 -4584
4688 7213
-3086 -5677
-4137 -825
5971 3704
-5539 -1749
-6318 3340
7266 -6667
2826 3758
-2637 5651
4201 -5964
6536 5847
-2805 3297
6169 -2694
-3692 4095
-7584 1668
6518 5504
-992 -6052
-5331 -2465
-4686 6092
-7107 -8935
-3419 -5651
-4332 -1017
-660 2941
-200 -8149
-1535 1773
-6527 4777
920 2767
1898 4626
1573 -6780
-7026 1959
9401 3025
-5934 8074
5645 -3965
7337 -6958
7532 6261
3532 7879
7697 3834
772 -4142
-7429 526
4411 -5236
-6898 -6509
6797 -7243
-736 3265
686 -4348
-3889 -1677
-6432 -4442
-3437 4565
-5387 7706
-5287 7609
195 4111
-1211 -6812
2949 -3458
2696 -3726
-7916 -5741
7498 7674
-4013 -1401
6308 5259
5195 -3031
-2428 1004
-1955 6391
-6883 5263
-1741 -3470
3207 630
2767 -3394
968 -7370
-3136 3560
3602 6168
-7060 4104
-3985 -977
621 -3559
-1152 -6469
5715 4824
2352 467
2451 3486
7725 2814
-3185 -5342
-6216 5917
3299 3402
-6192 -1190
1505 -9478
-2228 -2669
-7073 -5382
-2118 -2770
1211 5227
7895 7092
-6399 2602
5848 6449
3721 3317
5010 4544
-3083 6099
-2306 6443
2647 5629
6663 -5532
-3488 -5531
-7052 -6398
-2286 -2700
7857 7194
2840 -3076
-1226 -5951
-4563 -1523
6915 -1722
1225 4573
-1033 2083
3954 -6343
2427 -3537
5072 3980
1267 -8054
5222 -4171
6376 5296
1023 5818
3134 2808
3912 -6270
-6570 2813
7048 -7050
-3470 -5168
-44 2440
3425 3802
-6657 -1774
-8116 -8100
-2938 -5139
-3414 2661
-5310 7808
-6800 2519
-8306 4621
499 -3872
6568 -7537
5194 -4923
7273 -2539
2253 -3437
-839 4677
3492 -6101
-662 2093
-743 5106
-4700 -2378
-3735 -5611
-1866 3912
-4201 7016
6641 -2614
-3589 3584
-8297 2788
-3456 -5385
7024 -2744
6584 5622
1329 4457
6146 5455
-705 3877
-3601 1596
6945 -2817
-5100 7451
2479 -3453
1031 -3932
6905 -2446
-6517 2855
198 -3708
5965 -4987
1134 -3851
927 -4512
2456 4079
-3764 -5533
5275 -2816
254 -4258
-1584 3669
-7350 -7668
540 -3650
-2905 -2980
-4388 -1006
-5166 4507
2871 7297
6002 5108
5631 -3350
-1046 221
-7701 -5383
-5368 8299
408 3834
6355 5668
135 -8087
865 -7019
2868 2732
6340 -3832
-7143 4955
6747 -7447
-5976 -4005
6441 -3235
-3965 -1014
-2981 997
2920 -3678
936 5034
3112 -3340
-6307 2967
-3107 748
-3034 2598
-9311 1531
6950 -2333
4532 7342
5684 3806
-2813 7240
2293 5805
-6979 -6280
1572 4417
-3783 -1462
3830 -6032
-6135 -1601
-6177 -925
-1482 -7638
-7111 -1910
7692 -6633
2967 3808
-3218 6328
-6269 -5198
114 -8996
-3992 -1049
-344 -5991
7963 6838
-4060 4315
-6322 3480
4637 -5151
1819 5247
-7075 -1953
-293 -6651
2497 448
4609 6802
6612 -1677
5205 7176
-6572 -5291
8146 7403
-6421 -6842
6282 -4631
5132 -3005
918 -3921
-3906 3685
7538 3284
-6820 5315
5624 5296
8233 2374
-4781 7827
-2791 6540
2688 -3185
7380 -7394
-3797 -7093
-6281 1815
-6006 -2661
760 -7639
-3724 -5709
-8075 1558
-2970 3445
-3150 7004
5184 7183
7098 -2694
-6806 -7219
5460 3526
-8166 -3193
-6691 3219
-484 -5542
-7305 1501
1920 6127
-2908 -8337
-6052 7161
157 5031
-3207 -5354
6799 -7344
-3514 -8414
2732 380
-2858 3390
1878 -6754
-2457 -8729
4755 3543
870 -3868
6003 -6930
2746 -7322
-886 -2787
8177 3128
1138 4900
-4977 6968
-2719 -7175
-6351 -3127
-816 -5724
-512 -5843
1936 4132
-8565 -701
-3706 2486
2337 236
5780 4476
6033 8638
3909 -5473
6217 7679
-7116 2122
3263 3681
7080 -2186
3326 3172
863 3838
4590 4371
-7917 -7711
2109 -3500
-3091 -6864
3349 6716
-6494 -1988
1073 -3781
7643 6426
-5216 -3180
-6919 -4830
-3674 -1116
7676 2936
710 -3862
-3449 -5469
591 -3594
7865 -7671
7261 -2472
5484 4208
-6296 6427
9104 8782
-7756 5476
6452 3441
777 -4102
-4321 -1134
157 4180
6019 5826
4381 -6059
-803 -7171
3069 2657
-3043 -1676
5074 -3122
3098 3510
3006 -248
-4716 -2434
6449 5347
3336 1426
-2807 6278
2177 1359
3988 7259
-6403 1522
5993 5316
-3846 -5612
2597 5120
-7551 -6503
3984 -6214
-6300 -9725
131 -5977
-901 -6273
-1949 -2208
-7375 -8582
4071 6337
-3218 2412
-1987 1760
-7489 -5632
910 -3945
7567 -6324
7771 3139
-6564 -6983
-1688 -7910
6312 7434
6260 -7251
3421 3007
-5739 -9522
-1060 2802
5447 4571
-2905 -2741
-8318 5811
420 4277
-970 2521
-3693 2002
6041 8152
7853 6882
-2373 -2123
1003 4200
-2198 -2768
4056 6904
1743 5328
-1778 -2997
-1574 2375
3656 3351
-3005 -7893
6574 7316
-960 4247
7291 -6530
-7644 657
3844 692
-5520 7459
-1798 -2973
-3349 7541
5001 -3875
4846 7334
-9711 1040
3430 5647
6723 5827
2567 1853
662 -4303
-7476 563
-3060 -2979
471 -3608
7358 7094
5335 7720
7019 6842
2850 -104
-776 -5432
2274 5874
6172 5941
7081 -7695
-1544 -2735
539 -4025
-4125 -9441
-2130 1867
-2803 -1450
-3425 -5557
1844 4605
7106 6361
1465 -6921
5450 5529
3128 6821
8517 3087
-3379 -5427
-6544 3094
2898 3488
4954 3551
-3981 -1413
-2783 -8024
-2805 1434
-5739 -7543
-3438 -8066
6811 -7298
2103 -3361
-2663 1071
8071 3436
-6710 -2352
-8142 1378
7597 -2350
-4215 -1343
6837 6789
-7562 -6069
-6899 5540
-6673 -3129
7078 -6734
4899 4195
3516 3075
-1452 2701
-3222 878
-6507 2736
2206 4317
-2536 5540
5689 -3634
-2166 -8116
6847 -2631
-2098 6310
2785 -3089
-6933 -953
2613 3644
3489 5249
-3375 -7597
-5933 780
-661 -6753
-7739 4415
7252 -8069
6036 4907
-6819 2481
6170 5441
-6566 -943
7251 -2788
-4096 2887
-8041 -8747
-6906 -2188
907 -3729
-6428 687
6832 5979
3163 7178
-2911 6055
4345 -5746
6282 -6803
-520 -6145
-1914 -205
-3087 -5024
6318 5125
-8824 -5456
-6391 3089
582 4430
5845 -4025
-4215 -1305
6686 -2901
-3751 4035
7629 2533
-6657 1207
-7736 -8004
5588 -3129
581 -9047
-3551 -7819
-6933 2967
2754 760
-1022 4051
1004 3844
-868 -8018
2769 -3497
4436 -3192
-7805 -9658
-3134 6597
-2085 7424
4386 3267
3456 3462
940 -4291
-2341 -8030
-1004 -5413
486 -3978
-6901 -2795
-3676 4420
-6523 -7652
-3429 -5886
6487 5483
-7489 5533
8291 3282
4899 6662
-3076 619
3834 3995
-7748 4321
6652 6772
-1631 4871
4379 7581
769 5884
4899 -4152
-3762 -703
5659 5811
6694 7373
-4248 -2048
8906 3073
-4225 -1410
-1227 4570
276 2307
-4106 4760
4236 -5895
5349 -4311
6303 5741
-2922 -8231
-3402 -5255
2598 -137
-2500 7341
-6571 5263
-6363 2292
-2626 -3161
5671 7329
-6014 -4839
5831 -7185
-7185 -8544
-7753 2502
887 -4309
-3056 -5466
-2904 -8140
4951 -2838
-6113 -1330
-1953 6472
-3300 -8130
-6896 -5613
7220 7296
-1593 -3140
-3762 -4404
2723 961
-3776 6749
-7639 4796
-3536 -5389
-7319 -5418
-6362 2895
3776 -5988
6114 4697
-2408 -3079
6284 7110
3027 734
-595 -6276
-8178 5279
-739 -6515
-6531 3050
7505 -6658
-5519 5933
4174 7956
-6143 6843
8117 -7451
-6799 -2588
6065 5857
-3103 -3510
-5921 -2689
4679 -5628
5409 -2060
-4643 -7979
-3391 4449
-2236 3410
6885 -2543
4256 -3050
7603 3179
1533 5680
-2727 -7565
-3508 -5745
-7108 -8881
2879 3444
1845 5115
-6349 5700
-2488 3823
-451 -6580
-7267 5435
-3518 6415
3019 300
-1567 2680
643 -3636
2875 720
-7322 1992
-3393 -5818
6169 5672
-3891 -1434
-237 2839
-6863 2317
5336 3197
8342 7337
-3369 1722
-4544 -2799
7853 -2611
-6595 2743
-7452 4956
-5874 4619
-7347 436
-8103 553
-6562 3140
2888 -46
1043 -6674
-7342 -5517
-1691 1285
-5115 6820
-3526 -7817
-2830 3193
-8392 4384
6146 5335
-6205 3018
3082 2593
6205 5181
7445 6245
5218 3546
4287 9198
-6050 -1683
-2279 4454
7742 7369
712 -3888
-4426 6901
-7152 3464
-835 2940
-6685 5188
-2856 188
2088 493
-8179 1999
-7837 -8114
7125 6527
5206 -5442
6725 6597
-7097 -2061
-6155 1019
2641 992
6572 -6654
-7139 -5590
-304 -5975
-6095 2944
5922 5329
8637 2889
-7673 4260
4201 -6022
864 -4340
-905 -2667
6267 7900
7994 -7197
1354 -7101
6541 5415
2582 234
-3339 3253
-2829 3794
942 -6865
-3532 6194
7007 -7670
7387 7190
1893 4461
-5233 -2315
-5162 -1792
4935 6701
3346 3504
-7092 -2692
4850 3165
2652 116
-1278 -6179
-3099 -5436
5361 3700
-3367 -5556
4290 -6027
-6959 3158
-2299 6969
-5473 -6014
-5985 2808
-2609 1201
8505 -7780
-2856 -6513
-6682 2851
-3413 -5433
-6946 3147
-6177 2978
-1589 6855
8634 6205
3972 -6078
-7038 -7308
-2184 2825
4859 -4028
439 -4448
-5760 -6240
1188 4843
628 5172
283 -3951
2019 404
7463 5853
4044 -6012
4497 -2090
7110 -7513
-3890 3856
7752 -6999
-6084 3864
267 -4142
-3855 -698
-5737 -6319
3551 -6148
8100 3287
3350 3659
7487 3757
3679 6155
4422 -6376
