100 286 4589
0 0
7337 -9774
-6332 -1554
5477 -3731
-2157 -3629
2967 9871
-1487 4498
4428 -4890
-1850 2711
7800 1706
-3730 9252
-138 8498
9973 6719
-545 -9247
6121 -6302
-1123 9765
-9283 -3883
-686 -4797
-8194 -662
-7189 3990
-2441 5925
3576 -8431
-9528 -2618
-4909 1035
-4638 5912
4349 1982
7758 -7601
-2722 -5514
4275 6064
-406 -3358
4379 4692
8980 -6126
1551 6168
-8519 1300
-7754 -8021
-9407 9486
-9801 -6646
-9979 3552
943 -9911
6121 722
-657 2947
-9096 -58
1653 -3123
-3888 3762
-8043 9424
6289 3592
-1949 -6605
-9222 6586
4951 7308
5004 -6161
8730 8494
7816 -4928
-6260 5806
-9372 5431
5988 -8910
9651 8082
-3877 7454
-6691 7948
-4106 -7104
2879 -950
-6534 -6879
-4456 -8051
-6022 89
-3087 3148
2987 -6798
-190 1073
8368 -2640
6212 -2492
-6311 4733
-9352 -9661
-6669 1164
6357 6533
-6562 -5784
5061 3227
-1611 -8713
2917 8076
-3664 -3042
-1566 6422
2709 -3380
-6863 -2412
2633 2641
-2382 7308
-6075 3217
9652 9140
-4912 -2170
-9411 -8444
6968 8753
8936 -4560
-3942 255
8960 4651
3212 4736
3826 -1671
591 -4664
57 -2125
2386 -8916
-1019 -66
1968 589
4241 -3067
6477 -1149
7286 -6084
1 60 316646
1 66 420574
1 94 2462547
1 96 1830084
1 97 4365722
2 27 2065399
2 32 821609
2 39 1745494
2 55 627524
3 19 2219406
3 63 726103
3 80 650920
3 85 1169792
4 8 504633
4 15 2151939
4 52 2541565
4 68 2073398
4 98 2562881
5 18 3776394
5 28 2222943
5 30 1042148
5 77 2297993
5 94 851665
5 96 3529872
6 12 3715847
6 16 704445
6 49 541425
6 76 2250874
6 84 1428030
6 87 4264967
7 9 3011007
7 21 631997
7 33 2848372
7 41 366281
7 44 3583171
7 64 760800
7 78 2339094
8 15 224752
8 50 181950
8 65 5625277
8 79 3300798
8 98 3868636
9 41 2443781
9 64 1944114
9 66 1263461
9 89 6145502
9 96 1070811
10 40 1536988
10 46 1653094
10 67 2253223
10 90 2589256
10 99 5211529
11 16 1510322
11 45 2870039
11 57 1783560
11 58 3847301
11 82 2356191
12 16 266850
12 33 401334
12 76 1248999
12 78 3482924
12 82 989754
13 32 26614599
13 51 2588167
13 56 2739695
13 72 2024592
13 84 406654
13 88 19420800
13 90 257156
14 39 2790899
14 47 4730383
14 65 1544886
14 70 16009702
14 75 2907811
14 93 3177769
14 95 6383479
15 27 2219874
15 50 2010784
15 52 1637309
15 55 313559
15 100 147570
16 36 9818036
16 45 2225852
16 82 4505705
17 23 1092994
17 37 914208
17 73 979703
17 80 3806053
18 28 934372
18 30 1174135
18 47 3202314
18 93 1546480
19 23 1424944
19 34 1253980
19 42 1534961
19 63 4207691
19 71 308736
19 80 2938449
20 34 6022350
20 38 6088550
20 53 1797416
20 54 5341115
20 69 2068351
20 71 6452207
20 83 1301963
21 25 4268351
21 44 5460819
21 57 1890149
21 78 676005
21 82 1278021
22 50 3518156
22 55 3333877
22 65 884020
22 95 138574
23 37 1339498
23 38 4154586
23 42 734196
23 80 4436752
24 44 3298618
24 63 1155125
24 64 1918152
24 71 3200193
24 83 2636764
24 89 693679
25 44 446439
25 53 3530496
25 57 2685800
25 58 414362
25 69 1555455
26 40 845274
26 60 7721980
26 74 972293
26 81 2279617
26 97 1253874
27 32 353763
27 55 1750312
27 100 3056029
28 47 3329208
28 59 4697176
28 73 1131309
28 77 2231582
29 31 990023
29 33 2624312
29 49 2941367
29 72 4666034
29 76 4033358
29 91 2504062
30 43 2501138
30 93 3817215
30 94 444244
31 46 309182
31 72 1916650
31 74 3152101
31 91 139854
32 52 242734
32 88 485643
32 100 170508
33 41 9579180
33 76 3873702
33 78 908755
33 81 7805708
33 91 4873152
34 38 6648981
34 42 1384727
34 71 1313696
35 37 872225
35 61 532786
35 62 592154
35 70 823096
35 86 621522
36 38 7839357
36 45 840119
36 48 3394915
37 38 2362498
37 61 4968418
37 70 392397
37 73 5456469
37 86 1865768
38 42 1361043
38 48 3459286
38 54 1275665
39 55 9194387
39 70 8221467
39 95 217488
40 46 3191867
40 60 846802
40 74 4117554
40 92 5475913
40 99 3433648
41 66 1732732
41 81 3762997
43 60 783287
43 79 2244061
43 93 443970
43 94 1452277
44 64 236346
44 69 2637527
44 83 2619373
45 48 648435
45 58 739617
46 72 779449
46 74 982327
46 90 2580301
47 59 919406
47 75 1744677
47 93 1540003
48 53 6780773
48 54 478909
48 58 6094952
49 72 439121
49 76 2018076
49 87 308551
50 55 4040685
50 65 2274850
51 56 558801
51 72 1426496
51 84 116974
51 87 1376928
52 67 274179
52 68 582970
52 88 2223192
52 100 2481631
53 54 6247765
53 58 4713836
53 69 124141
55 95 6322572
56 84 458611
57 58 2659156
57 82 3503529
59 61 371409
59 62 2234575
59 73 1319036
59 75 7219936
60 79 4174083
60 92 495661
60 94 768757
60 97 3811263
61 62 1917873
61 73 2446135
62 70 2602890
62 75 4955613
63 71 1131967
63 85 5127049
63 89 809493
64 89 3178195
65 79 4428058
65 93 2494937
65 95 3801101
66 81 6816708
66 96 3242404
66 97 917360
67 68 3204275
67 88 555650
67 90 6444460
67 99 5179000
68 92 3361602
68 98 815813
68 99 394380
69 83 866554
70 75 3271757
70 86 692943
71 83 3769724
72 87 2925496
72 90 2078309
73 77 3163681
73 80 4739152
73 85 933980
74 81 1531034
74 91 1194522
77 85 179179
77 89 2300829
77 96 2161809
78 82 1772343
79 92 2649427
79 93 783083
79 98 854045
80 85 4048160
81 91 3795381
81 97 2276924
84 87 1319053
85 89 478103
88 90 4914712
89 96 3789239
92 98 3576735
92 99 1285442
94 96 2154635
-7657 2500
8102 -5772
7121 -3010
-3953 -4265
3229 -7137
-7411 -5814
-2644 8334
-7718 -3624
-7484 -5659
566 -5300
4981 -5346
6796 -2735
-1934 9023
692 -6035
-4950 6136
7277 6860
-7854 6095
6876 -7517
-185 -5739
-2023 8322
2888 1382
3546 5018
-2293 -6423
-5784 -367
383 66
-4357 -3211
-7877 -6066
-7344 2173
5974 983
7142 6238
7669 3195
-5408 -7681
2462 -3741
7051 -8166
-165 4268
-4028 8423
-5080 -7664
-5874 4285
-1942 -4235
4469 3427
6565 -3586
5164 2694
2492 -1354
-804 -2582
-5386 -9147
-4230 5598
-3866 7689
592 -5769
-2782 -6940
6081 -5989
7168 5893
5200 2387
4466 -2080
-3953 181
2032 399
6816 -6573
-3077 2608
-5096 -7172
156 4134
4749 2662
5018 2522
-5581 1019
-1268 7033
6461 -82
-8128 -5641
-4128 -6376
-2402 -5379
-1250 4035
-8547 -3085
-2489 -5352
-2331 5267
2373 1041
6678 -7784
-3709 -2076
-1976 -5842
2548 -3425
7442 -5124
6696 -3211
-501 -25
4591 -2407
-2223 -4757
-4505 -3601
2748 -900
7324 -7983
-1440 -2603
-7829 6642
1195 6594
-5226 -8294
5787 -248
-4679 5066
7098 5898
6254 332
4396 -8876
2086 3
3548 327
-3833 -6246
-8147 -6048
5666 2692
5519 -7037
-7838 -2040
-137 4159
220 4235
7046 -3731
2630 -5590
-7603 -4308
361 -5744
-1331 -2830
5759 2541
734 -5682
-3741 4750
-1192 6162
-6964 2256
4834 -5548
4774 2519
4156 -5175
-2843 7892
-8064 6526
4940 -2699
3433 1872
7352 5098
-5735 195
-4156 -911
-5720 -7411
-1614 5632
-6062 3864
-317 -2838
5453 2166
-4115 -2379
5409 2201
5016 2778
-4690 8086
6860 1290
5326 3219
5543 -4631
-6278 4209
5055 -2505
7975 3650
-5109 -8271
7767 -5459
2123 6526
-7525 6547
2089 1331
-2189 7714
7961 3351
4455 2371
2458 -6126
-4461 8156
5704 -4767
-7414 1465
7572 -7451
4725 -2571
-2443 6904
165 4591
8093 -5775
21 4113
1549 7536
-1103 4429
2789 -73
-1956 5189
7263 -6549
-2737 2635
688 6523
2708 3208
6641 -2926
-4026 7615
-3502 -5040
-992 9230
-7080 1980
-3945 5352
5263 2221
-4809 1996
1775 -1297
-2388 -6012
-1441 8492
-4952 -109
-3011 2330
6498 -7818
-3919 8581
5711 -917
-4473 -7680
7454 -4768
7441 -8489
-5387 -6981
-8447 -3578
4752 -2133
-4902 1314
-2020 7656
2412 -3565
-4986 -8394
-5952 3892
1661 6766
6277 6184
1704 63
-5826 4063
3295 -6317
2056 -1593
-4726 5172
2867 3978
-2780 -6316
4576 -2529
-6911 -782
-7480 -5978
-3257 4990
740 -762
-6132 4056
-4660 -2374
-4850 -3539
304 3877
-1478 5348
-4965 -7138
-3125 2534
-4150 -3394
5108 2632
5349 -8214
3233 -3284
-7724 6656
6054 552
5544 -4442
3700 3895
3095 7245
234 4364
-7247 -2840
-1725 4022
-1403 -3196
2419 -7312
6306 -3689
6756 -3349
-5642 3505
-5602 3556
6286 -342
-7978 -5850
-7865 -2797
5384 -5879
-1230 -923
-4772 -3886
1220 -3655
-8107 2034
-5704 3908
6493 655
1078 -6259
1151 1396
-2898 1762
7280 2830
-7395 -5723
2860 -3416
-4721 -1766
5845 -4761
-6684 -2215
2507 936
-5840 4047
-4365 8414
-4200 7927
-3058 2264
-5969 3926
-2234 5743
-6185 -3555
6179 -2877
-4211 5780
-1512 -2308
4162 1355
5259 2453
-1350 5336
-6424 -991
6727 -3558
-2321 5200
3255 3978
-2211 -6843
-4875 1607
6197 -3582
7218 -3805
-3904 7752
4428 -2496
-3804 7938
4926 990
-4734 1579
-2586 -5878
2145 -1386
205 -5323
9209 -5013
-7755 -2394
-1824 -6246
4543 -7555
2449 -3619
-6085 -772
-1258 -6886
265 153
-6085 -8201
1164 -5233
1377 -2626
2313 7790
-1314 -2628
-7535 -3815
-1670 8153
2525 -1296
-7602 -5841
-2593 8429
-5278 1743
-7706 -6183
-4532 8557
2152 -4151
7029 -833
5275 2814
7210 -5415
-6646 -3453
3757 -7933
-4291 -2814
6730 -7699
1434 6310
-1288 -2686
5453 2644
-3002 7088
5639 2198
-4202 -4065
-1794 -6898
-2278 -5381
-3001 -5906
-3035 8444
-1462 8904
-5904 3862
6630 -8784
1257 -872
-3909 4513
-7090 2148
-5745 4020
61 4420
7787 -7241
7143 -3289
-2775 -7208
4170 -4600
3035 -4431
6840 -7721
6062 -326
4884 -7059
3960 3475
5642 2626
987 -4807
-1266 -7064
-5010 1758
7267 3354
-198 4042
6736 -7119
-2520 -6792
3716 3338
8166 -4719
910 -5560
6115 -8012
-969 -2137
-1786 7958
1187 8375
761 -4987
5730 -5056
-3753 -3185
-3666 -8401
-2306 2438
6962 -8041
6320 -5496
-7708 -5486
5601 357
-1207 -2001
574 -5534
-3824 5571
-2728 2671
2645 -2776
-4051 8174
6545 -7608
779 -4563
-7800 6820
-4411 -2641
-7012 2429
-100 4467
4676 -6092
6144 -7256
7084 -2383
4562 -8365
6173 188
163 -5162
1674 7513
-5204 1857
-5218 -7696
837 -6006
-7334 1998
4858 -2516
7469 2585
-2063 4226
6874 5420
-6042 -7790
-1771 4822
-5666 -8102
1537 6380
-733 -2579
3041 -6675
1436 -3736
-8060 6303
2340 6333
-5920 3977
-6849 -2108
2001 -3515
4938 2324
-3008 -6660
3097 -4061
-3193 8813
5070 2378
-1830 8379
-4396 4927
-5195 2183
-4723 -19
3447 2948
6624 -392
-4184 5526
7903 3289
5626 -7417
8261 6749
7891 3431
-5690 4186
135 3956
-6054 3853
4943 80
-3484 7615
-6931 2372
-4745 5306
-3743 -3695
-8012 -3572
4614 -2417
-4135 7558
795 -5445
-1651 5120
-4228 5175
-4050 -2973
-9875 -4248
-2257 -4835
-5054 7254
-9064 -3539
3053 3923
-7466 -5596
-2786 2771
-5062 1653
-5111 1908
-4387 5228
-7619 6041
172 4147
-2549 -7336
-6118 -7977
7515 5909
6093 978
8146 2667
-4180 -8198
5161 2503
2706 1165
5001 -2158
-7767 -5897
-2915 -4973
1252 -1147
5364 -4675
8961 -4818
-7843 -6193
-4636 7628
-5145 1911
-4458 -3794
-4370 7952
2300 -3272
1681 -385
-4744 7878
-5842 4565
-5585 3769
-926 -2611
6924 5491
-7221 -4718
3942 -4612
7354 2930
-4526 4972
-1666 -8758
653 -5552
-7989 -3582
3513 -7301
-5484 -8003
-5683 3927
-5772 3797
1562 -2757
3897 3094
-6007 4429
1982 -3400
6837 -7485
-2600 -4704
3147 -6772
5464 -4859
-3247 -4763
-4958 1681
7536 -7050
7431 5737
-262 -1048
2566 -988
-3689 4722
-923 4951
4800 -7615
-6750 2333
-2352 -7772
3410 3524
7170 -8006
2960 -1821
-7328 -3458
7608 3397
-4319 7220
1669 -1165
2737 1021
2528 -1278
7304 -7925
-243 3447
-1910 8091
-8299 -3233
-2085 5522
6884 -2920
-5091 -98
-5054 1694
3744 -5743
-2547 2266
-4163 5747
-5401 -7965
-3679 8250
-4377 -8421
-4981 -921
7509 2944
-1658 7161
1084 7105
1962 -2912
630 -5493
6430 -3519
3966 -4506
-5395 4197
-4458 -3618
-7127 -2425
4259 -8084
-6930 -165
6734 -8418
-5180 1492
8238 -6242
-2932 -3737
-4531 5527
856 -5603
-3698 7864
-4887 -2709
-5520 472
3352 3923
-7855 6571
-7340 -4852
7389 6202
-8091 -4411
6471 -899
-1679 4405
4498 -2496
5168 1755
-7437 2784
7440 335
-2505 2467
2119 967
1487 -4218
-7077 -5978
7850 -5087
6494 -5911
-2192 -5205
3651 2555
-2174 -4680
-7604 -5845
931 -5715
-1364 -6353
5037 -58
5751 -7570
6659 12
-5447 -7930
2825 -7820
-5054 2068
-3136 2131
-2926 7681
-8001 6449
2321 -3211
5964 71
-89 3947
-4391 -7790
-7563 -6372
3362 385
6451 -3251
3062 -6900
1997 -420
5145 2758
2814 -6813
4998 2698
-6649 2384
6688 -3150
6826 -7212
-6975 2135
5406 2593
1995 7986
2462 -7738
319 -5195
7640 -5029
-5497 4221
7193 -5889
554 -5679
2267 -2912
2658 -6706
3200 3567
2057 440
-5797 3587
2233 5872
-2896 5090
510 -5300
-4422 -7988
2747 1936
-1406 -2944
6614 -3586
347 -5645
725 -5102
933 5508
8409 -3222
-2879 8382
5950 -3781
-1200 8407
-7881 -3497
-5772 4335
1442 5650
3730 -2354
5220 -5022
1886 6158
1619 6502
-4095 -1917
-1570 -1640
3497 -7823
-7617 -6118
-2894 2557
-4822 2108
4392 3673
5234 -7507
6806 -7711
-4830 -8171
-2327 -5173
-7723 6776
2815 -2356
-2596 -4919
-2622 2242
627 -5682
7591 3050
1952 -676
-7537 -4277
3026 -865
2306 -3952
2974 -7148
7389 3165
6978 -7701
38 -2299
7217 -8079
8006 5231
7634 -5723
-4699 8725
-1117 5327
-905 -1771
5033 -4798
63 4413
183 3806
6840 -7853
-3031 -5040
-2704 -4957
-7644 -3273
600 4262
4618 -2558
327 4220
1971 -3550
6687 -7067
1688 -3256
7036 6383
-7462 6592
6931 5656
7832 -5584
8382 -5842
-3329 6979
-4362 5199
4758 -2517
4641 -5147
2409 -1930
-6858 2249
3548 -4118
-4953 1537
-7520 -3417
4046 -2323
2586 5402
4970 2244
6358 -3689
-6433 3989
-4602 5167
-7713 6292
5892 -468
6363 -7496
-8015 2685
-2113 8173
6474 -7686
4723 -2533
-4416 -2710
2758 -6684
-2872 1736
-7890 6483
-1877 -6530
-4395 6986
1088 -447
-4571 -7579
2319 -1795
-4069 5784
-1116 -352
6613 -3099
7272 3272
5409 2777
-3222 -7399
1226 6637
7910 -4146
-7692 -5666
-1545 4738
-8214 -2527
-3553 -1857
6934 -4992
-824 -43
4746 -2016
-6830 2409
-3708 -4225
-4197 -6158
4357 -2159
-7424 -4543
-5553 -7196
-4864 7740
761 -5266
7084 -6999
2708 -1222
5963 -7946
-789 -6522
-2850 2058
7729 3004
625 -1719
-4381 8247
-6164 5007
-4352 5137
4995 -3930
-7181 2747
-5025 -7800
-2573 -6111
7589 5627
6800 -3620
-7135 2604
6569 -7778
-4338 5229
-1348 4616
469 4020
-8038 6777
-4922 1873
-901 -2787
3053 4033
4333 -4803
-750 -2135
-4389 8678
137 4523
-2547 2089
3237 -7191
5100 -9001
2548 -3709
-4369 8350
-6893 2227
-1815 6113
-4308 4794
2485 247
-3965 -7063
-485 7519
5206 2186
-7077 -3751
-4399 4821
-7315 2045
6448 -7656
6064 -5549
756 2655
-5415 -8681
-7939 2164
-4290 5535
7234 -7505
2747 -3974
5613 2337
1749 -843
3810 -6802
6336 50
199 3621
8181 6098
-1298 -1811
-1114 -8159
497 -5084
1173 6522
-4809 5260
-4511 -2899
-5280 -8345
2094 2214
336 4073
-2129 8606
6815 -3067
6050 304
3790 -6551
4664 -2423
3295 1223
-5447 -3619
-5545 15
5618 2549
1887 6600
-4748 1724
2164 -981
-3563 -8426
6259 -3626
2147 6234
-4536 6950
-8124 -5888
6722 -7720
3274 -3623
4592 3836
-3856 7229
-374 8161
-6033 -4700
5823 -301
5291 2297
6301 536
-4616 6810
-4035 8060
2689 -6893
4734 -5735
-5874 4435
-4021 7829
-7711 2578
-7148 2337
4956 -8103
7544 -3580
-4886 1608
6174 -506
6729 -3903
-1115 -8411
2427 -149
-3999 7983
2443 -3855
264 -5747
-5467 7686
4091 -2238
-5918 3440
2242 542
-6795 -3782
2387 -958
-5819 4101
-7872 -1891
-2595 2415
-3077 2366
-1907 5227
-85 -7207
1531 6065
3175 -3576
-7774 6624
-7662 6492
-4607 5598
7440 3389
7537 3200
4727 -2299
4122 -4967
-3832 8092
-1075 4869
8060 2813
1625 -4486
-7729 -5900
4700 -4274
-7324 6823
-5160 1852
-6357 3863
710 -5531
-1697 8841
-8 4189
5110 -2093
7526 5979
7280 -8140
-766 -3038
58 -250
463 -930
-1766 -6085
2501 -6958
1267 7174
6701 -2935
5062 -615
-3053 -5288
-1266 8423
2354 -1030
2140 -1120
-5370 -2672
5015 -7376
-2932 -5573
-2916 2393
-4528 5048
-7895 -5946
-5671 -313
6502 -7414
1804 -2856
-4184 5569
6361 1342
3054 1542
-4395 7701
-5204 709
3819 -4560
5551 2336
-4363 -3571
-4156 4660
-28 -388
5137 2903
4769 -2325
3753 -4939
7157 5810
-8345 -1990
-707 -2753
-4230 7576
5980 670
-8360 6998
-130 281
-574 504
-7663 2221
7909 -6093
3313 3658
361 -78
3388 -6461
-3570 8006
-2495 -5564
-3539 7621
1707 6457
-2718 -6962
-4529 7714
-4916 2114
6999 -3230
-6114 3863
-5252 1624
-5270 -2528
7640 -4772
7960 -4871
6853 -7584
7539 3132
2593 -2988
385 -4988
6492 -7546
-8011 -5709
3649 3255
-3489 5550
5219 -8139
-1433 -2242
-3267 2124
-4207 8952
8064 3047
-1541 -2908
-702 1186
-2525 2344
-5511 1082
-1496 5283
-1715 7585
6575 -3690
4888 -2219
1900 -7864
2836 -7423
-3021 7288
2915 3961
-6609 793
-5006 1738
5266 -2228
-8173 -5705
2249 1523
1182 6429
-7215 2120
6909 -7826
-7831 -5978
4962 2002
3559 4193
-1459 -2954
-4480 -2296
-1733 -2974
4435 -2668
-6901 2428
3079 3212
-1113 -2847
-2656 2620
4790 -9793
3087 -6559
5057 -2271
7003 -7426
955 -513
-839 -5223
-5963 -8412
3239 4110
1015 -2202
2429 -735
-3760 -2940
-2911 4222
6829 -2782
6350 -2864
3061 2331
8197 -6507
5114 -4987
-1456 4356
7557 3552
-4950 929
-2368 -4855
-8281 6434
-2265 -5048
-5240 -8525
-6684 2247
674 -4931
4585 -2525
7161 -8267
1 29
-733 -2919
-2999 -5311
-1747 -6422
3102 4087
-4624 8091
7128 -7805
6706 -7044
1650 -1715
-7072 1817
-7318 -4851
-7495 -3818
5180 2418
-5099 -7692
6927 5101
-3451 5511
-7262 2082
5010 -2219
-7993 -4622
7119 -6530
4988 164
50 3746
-2631 -5006
-4412 5994
-3673 5559
-4935 1754
-163 4335
-5236 -98
-438 4426
-3997 -3195
-2892 -5097
600 4705
6666 -3146
4846 -2170
-1404 4862
-3108 -4553
-2629 -5410
7389 -2775
-1216 -6879
-2661 -6616
-5223 1840
-6761 2218
524 -5316
-7617 -3817
2122 -3792
4576 -6552
5181 2607
-4442 7839
-3435 -3628
1457 1406
-4914 1687
-7159 -3838
-7398 -5946
-4885 7213
5120 -4542
3029 -4311
6244 277
-2838 2172
-952 -1983
-3138 -7356
1279 -5557
2372 1968
-4661 1711
1144 -4791
5887 -6666
-7523 -6240
-1438 -2363
-2590 -6758
-193 4172
-4211 8595
-3560 7072
-1463 4872
999 6236
-5885 -199
5285 2340
7800 3330
-2708 4738
1983 -1564
7478 -7427
-2551 -5092
4520 -1839
-2991 2621
6461 -3822
-2151 -6516
919 -6029
7363 -5556
-2857 -3967
-5811 -2818
4674 -3083
-976 -1728
6112 -556
-3455 -3580
6244 143
5062 -2506
5587 2793
-7740 -5758
-3887 8573
-5858 4603
1981 6623
-1803 -6007
-6687 3043
4967 2576
-1347 3626
4510 -7450
-5410 3853
1498 5690
-4491 5209
7422 4005
-1015 -2546
-7585 -5403
5244 -5563
2449 -3161
-4658 -663
882 614
-4221 -1986
-3722 4832
-6159 -7938
-7672 -6291
-5315 -7590
5900 670
7259 -8019
7760 5441
-2525 4277
-2324 4898
7006 -7775
-4155 5195
5384 749
-1487 8378
-1158 8209
-3186 2770
-6143 -182
-4738 -984
3465 -5739
4823 -2371
3347 3137
4523 -2313
5016 2392
-1627 -2551
-6892 2152
3469 -2968
-1248 -2035
7665 5672
6763 -60
3986 -6805
1851 -1240
-6650 2545
2324 526
-2997 2501
2407 -7068
5323 -5599
-6869 1906
-2032 5053
7217 -2981
-4863 1663
-7989 -5655
-5829 3738
2360 -4034
-5284 -40
192 4190
4977 2165
6147 -99
4587 -7168
2543 -1159
-6126 1083
7519 5590
5556 -409
4988 2808
2892 2699
-4226 -5407
-5423 -8030
-5646 4320
-6392 -3974
4089 -3101
-2334 -5604
-5894 3700
1155 6983
-4626 7808
881 -3652
-3068 -2887
-7733 -2821
7754 -5093
492 -64
5847 -184
-4837 1931
7773 6673
7359 -5720
-6958 1675
2977 4002
-5045 1947
1957 6827
3296 -7352
3081 167
-7737 -5898
-2703 -4832
-4283 8239
2588 -6744
-4823 1320
-3600 -3952
4558 -8480
8096 -5729
-5157 1772
-6496 -1838
-4810 5290
5285 2632
-5547 3546
-7900 -3752
5559 -8364
-6978 -4157
2648 -1115
1984 6562
4177 -6125
993 -5525
6354 929
2275 -3445
3465 4058
-2121 -6949
6522 5545
6744 -2824
-5800 -8076
6580 -3472
-4919 2182
-47 4428
-4319 -8186
-4747 7705
5546 2616
5034 -407
-5274 -7186
5683 2440
6374 -68
129 -6488
7485 5079
297 4376
-5046 1845
-7395 2738
3218 -6645
7652 5393
-7775 6327
2442 7192
-1905 4540
-1908 -7023
-7691 6432
-4333 7688
5439 2726
7726 3330
-4860 -196
-5261 8023
-3940 4818
-5192 -8292
6417 -3094
286 343
-2503 5597
-7192 2161
2546 -1160
-8458 -3561
447 -1006
-1873 4754
4989 3003
2590 -1152
-3770 7711
6732 -3845
-6062 248
2808 1853
-1042 -2916
4671 -2321
-1575 4510
1822 -1196
-5127 -8336
-8260 -5730
-2243 -4702
-5485 -2242
7405 5769
629 -5344
-1855 -2870
-8045 6567
-6267 4077
-6849 2308
3910 -7460
3243 1019
-7024 2963
5216 -9065
-2226 4823
-5023 1735
-1786 4848
-2503 8381
-2226 -7163
-1252 4180
5213 -8487
2309 -1502
1263 7742
866 -184
-2197 -5607
-4770 4896
825 5571
2105 -3495
6392 -3470
2439 -837
-1453 -2939
-6579 -816
-4536 -8622
578 -5197
-4757 2022
6457 -3218
2273 -3657
4152 3860
-5675 4066
849 -5418
-7629 -3257
-2927 2083
2218 -1529
3712 4405
4747 -2387
6783 -3751
7060 -8427
-7942 6175
7216 3220
46 4478
-802 4246
4782 -2170
-5241 -58
4636 -2478
5131 -1996
-4595 -8376
6954 6948
747 -48
-2714 2858
3532 3764
-2759 5015
-8245 -6280
-6275 -701
-2115 -5456
2027 -1151
5422 -7991
-5174 1038
-7290 -5650
-7122 1541
3749 -7119
-2504 4566
3183 -2781
7394 -6170
-7827 -3325
-7465 2498
-8166 6744
7358 2899
-749 -520
-509 -752
-5399 199
-7527 6467
-983 5065
-5535 -8182
4752 -7137
7087 134
-2851 -7895
3857 -5349
5861 -208
1409 6450
5898 -7784
5724 855
-8156 6895
7800 5954
-1042 -2802
4087 -7124
-5602 -7820
4657 -1652
-5170 -2598
2298 -3980
1325 -3979
624 502
-5621 4346
7032 -8007
5954 -380
-263 3986
6230 -3788
-7025 2501
-7449 2433
4423 -996
2798 -4097
5395 2236
-7117 2744
-4682 2250
-7 -9664
-5408 -1711
-6899 -5656
5392 32
2426 7044
4431 -2462
-7189 -5852
-29 3975
-9179 -3663
-4988 -7601
-5859 -8443
-2274 -7604
7755 5937
-4025 8277
-7816 -5705
-2556 -7731
7652 5397
-4002 8147
-2474 -5028
2691 1342
2973 -7464
-4531 6000
3237 4044
4269 2533
-1089 -2870
1609 -896
-7894 -5493
-5050 1600
-5594 3691
1756 -3714
6487 -3463
4623 -2742
2582 1401
6055 579
6725 -7734
2579 3706
3750 4408
-7583 -2523
3017 -3054
6398 6906
-8055 -6467
6158 -369
-4744 8483
3674 -7042
-4254 -3615
-1804 -5546
-3411 8141
-5106 1670
2595 -5428
-7535 -6282
3528 3260
-4744 1981
538 -5442
2507 -4213
-2372 9120
-5561 246
6966 -3724
-4907 1820
-2207 7447
8683 6628
378 4087
4873 -2214
6973 -3011
2795 1389
5346 2694
4081 4732
6558 5745
-6394 4192
302 4463
-1748 -6678
-7509 -5831
6 3913
-1020 -2518
-2626 2304
-1288 -2862
6314 -9330
2319 -1206
-7699 6687
7866 2992
6983 -4857
-4601 1538
-5675 3515
4107 -6731
1956 -3256
287 4303
-7554 -3749
7717 2720
-1661 -5040
5487 2528
77 4130
-1485 -6546
1909 6866
1923 7514
4431 -2744
-2522 -5398
1722 -3869
7412 6219
-2558 4510
-1730 -2519
912 399
-2631 -3916
799 -5166
2873 -3461
-7604 6553
2418 -6491
-1747 4530
4070 4307
8388 -5895
743 6332
3260 3424
-1593 -2297
2331 6539
3126 -6608
-4867 -3391
2529 -678
5553 92
-6489 4875
5436 2746
-5481 1603
-7840 -2819
1603 -1534
-7353 -6048
7129 -2613
928 6072
-2199 -4682
277 3983
5749 -8137
-4060 -2554
-3752 -5098
-948 4554
6546 -3877
-1408 -2654
-7830 6732
-5010 1904
359 7150
1030 6556
2438 -689
-7008 -5159
-5105 -7571
2526 -6954
1666 6086
-4618 5364
-2653 -5353
7422 5777
-5745 3842
2153 -7237
-6097 -7823
7906 3128
2993 3696
-2494 8087
-5247 1694
6311 -2852
4573 -5446
-4351 -3206
-4378 -3190
2842 -5606
6681 6075
-6862 2118
4734 -2544
5428 2360
-7260 2086
4123 -2085
2263 -1018
-4170 -8052
-7654 -6637
7024 -3479
-9330 -2997
7445 -3361
-7866 6324
-3175 -4877
4993 1361
3992 -5293
6320 -3727
1289 -1207
2246 -4650
688 -5683
4716 -2755
-5376 4393
6790 6199
2787 -668
-173 1118
-2632 -4658
-1591 -1904
3336 3877
1296 -3557
-1258 4894
1159 5125
-3420 2441
579 6598
6546 732
6860 -3454
3402 -458
-2434 -4281
2435 -1043
-4739 1909
7921 3854
938 6291
-5384 -8175
739 -5070
-1900 -2508
5383 -504
4940 2689
-4612 -3166
-8048 -5924
-7057 2578
-1101 -2330
887 -1301
-222 -830
173 7256
-7920 -6293
-7153 -6288
-1053 5266
6459 592
-7666 6817
5957 772
-1909 -2130
3499 4615
-6899 1745
6143 449
-5583 -522
1430 6265
-2147 2256
4402 -2356
1277 -5036
-2855 -6960
5434 2362
-2979 2606
-597 639
-4033 4912
-44 3495
7182 6505
2629 2436
-7208 2194
-7695 6635
2143 -1142
671 -5431
1752 -244
4492 -2672
-1550 5475
-2349 -5695
5711 2494
6844 -7766
4671 -8410
-7825 -5574
-7097 2337
4854 -2376
-1407 6826
3853 3820
-721 -2602
-3423 -6901
-1384 -2763
7104 -7738
-2123 8485
-2662 -5629
6122 -3695
380 -5528
-6847 1971
-3989 5658
-7054 2709
-7715 -3827
-2087 -7069
-6765 2377
50 3876
-2750 2628
-2981 9382
-7628 1931
-5414 3419
-3464 -3335
-4791 4875
-5254 1600
-4075 5180
2585 -1010
6961 -7392
3658 1033
4913 -9807
6469 -8099
4767 -9670
-6759 -3792
4215 -8918
-2790 -5556
8474 -4981
-5623 3917
-4302 7640
1013 -5391
-3003 -8207
-2640 -7283
615 935
1961 -1362
2296 7080
-5572 -7955
-6935 2560
-4971 1873
1226 7839
6995 -7148
4817 -2392
-6564 -3008
52 4704
7286 -3424
-4208 -2208
5341 2573
-2719 9181
2989 -7110
5354 2337
-1623 -6749
-5881 4231
-2683 2277
-5480 4318
2779 7384
-1490 -2973
1627 -1628
320 -5330
-5222 -7798
7490 -6024
7209 -5144
4961 -8844
1021 6900
-1616 4259
-5172 -7945
5383 -8303
348 -5788
5511 -8410
4465 -4437
-7543 -5718
2131 1103
-5970 3881
-7759 -5457
4316 -2043
341 -2391
-5167 1707
162 3964
-2034 -4718
4260 -2286
8091 -6620
6859 -3677
1009 -5356
-4481 8644
5289 2333
-1737 7248
-4305 -2042
-2142 4877
7721 -4697
-2431 -4755
-2223 -6749
2622 -325
3599 3018
7405 5259
807 -5266
-1144 7927
-5851 3977
3170 3055
-2765 2409
-7562 2839
6575 -5016
4256 -7449
-7687 -6111
-4006 5960
8470 -6231
-5237 -7603
737 -169
3457 2792
8282 -5398
3000 895
3710 -6852
6069 -6093
2721 -6502
7097 6130
-5399 3989
287 3833
-7507 -4040
-386 -386
3570 1515
-4327 -3485
-6385 2374
5683 -272
-9001 -2824
1454 -3666
3925 -5549
7617 -7994
3184 3814
5840 963
5411 2836
-5585 4118
7065 -7672
-701 -2303
5007 -7925
-5430 -8165
-1674 -2384
-4517 5740
-2014 7539
5189 -8527
4844 -6050
7613 -7893
81 4134
-7711 6657
7679 -8254
3298 -3278
5158 -4991
-4827 1937
-5838 3629
-2373 2127
5181 2380
5570 496
6349 4654
7785 2813
1493 -2964
-4723 -2266
-2145 8291
1626 6151
-2271 5330
-3239 2511
-1963 5294
760 -1205
-5567 -7981
7539 -8257
7381 6039
65 -5173
7630 3010
-1061 5101
2616 -7522
3031 -2653
-7889 -6087
1926 -1288
79 3842
-4230 5211
7010 -5501
6845 -3542
4385 -2191
-6390 81
4466 -1987
4114 -4248
7948 -5305
6755 -7854
1274 5766
-7675 -5961
2283 -1041
4749 -2255
-6029 3841
2744 -3233
1543 6792
-3303 -5654
-2990 -5250
3027 -1616
4307 -2061
-3475 8112
-5181 1487
6542 -7878
1926 1381
1611 -134
726 -5924
7080 -7912
-1225 -3092
4937 2862
2098 989
4552 -7658
-4187 4989
-5276 1532
178 4311
-5604 -110
-4752 -8461
-366 -577
-8022 6462
-4047 7416
-6692 -17
-7169 2248
-4754 -7748
-7873 6615
403 6004
-4916 1777
-7753 -3949
7397 3017
7715 -4885
6938 -7510
-3409 7879
7787 3356
-4902 8747
801 -5135
7689 -4564
2781 -2928
1963 7048
2015 1278
-4623 -2914
5598 2694
-1848 -4825
-2618 -4834
5896 950
-1835 -2972
668 -5431
7317 5855
-2528 2181
-5308 352
-6987 2379
-6034 4592
-2424 -5486
8071 2962
-2716 -4873
-5026 -3418
-5297 504
-5166 1791
5193 -8001
2217 -311
-5112 -8052
7068 -333
-5080 3908
5535 154
-3659 1912
2404 -892
5497 2613
7758 2868
200 -1578
-5362 1743
-2298 5136
7414 5771
4507 -2999
-2843 2601
-2108 -6246
7671 3202
-4926 8237
-4425 7724
-5157 -8763
-7839 6637
-4979 -3002
-6167 3640
-1670 -2836
811 -5074
5352 2469
-2122 4389
7799 -4764
618 -5765
-3846 7985
-3400 -6259
4604 -2078
796 -91
6109 359
-3208 -2652
-637 -2765
-2719 2172
-7770 -3586
-5092 1586
7350 2835
-2533 2344
5458 2175
-7909 6754
7806 4915
1642 -3683
-6676 1997
3719 3152
6932 -3120
2871 -8003
-3056 7561
-1212 5135
-5561 7832
-2642 -5163
-1003 -2177
2865 -1905
3382 -6344
-1908 5571
3704 -7096
-5397 -7812
-5909 -7173
-6657 -1117
-4075 7587
6166 -3215
2171 -3080
-3822 4889
5353 2206
-3024 7760
4854 -2200
-2053 -5141
2983 -962
3102 -7266
-4208 7794
1134 7793
7695 5746
-5296 -3519
4884 -4177
-7544 -6049
-6936 -133
-6766 2100
-5112 668
7695 3389
1921 -2175
639 1252
-2681 -5619
-7185 -3000
4620 -2280
-6444 3836
-2372 2746
43 3886
4212 -1979
1040 6046
-5005 7964
6771 1484
-5730 4278
6860 -3532
1902 -1572
1010 -4996
1253 -5466
-7691 6585
1644 6911
3014 3303
-2716 7829
3817 -8366
477 -5616
1995 -6445
-6089 -659
-730 477
5335 -7881
-4454 5860
1659 -3341
-2673 7902
7826 2453
1661 -38
-2621 -7246
-3798 4677
218 4144
-1795 4990
7121 -7544
2280 3121
-5100 -8556
-2829 2119
-1807 4598
-2848 2191
5219 -8434
-7651 6778
3936 4168
-6217 4063
-1365 5735
1706 1285
-7233 2168
5468 2967
-4454 1816
-2045 -8656
5290 -5
-7613 6995
32 4078
7389 3455
-7226 2286
-5646 4051
7770 3248
4643 -35
7151 -8317
1498 -876
4800 -7493
-7085 2617
520 -934
-4958 1775
2499 -6070
-8007 -2645
7027 -3104
1829 -1103
-2609 -6288
5691 -7858
7561 2673
3485 -6474
-8160 -5958
1283 -272
-125 4326
2250 -1504
-7801 -5939
-5172 -7675
-1409 -2611
7108 -3447
-1503 4559
-4212 7811
-4666 -124
6029 -686
-3958 -7308
7868 5710
-6702 -3658
5636 2026
5607 1013
4489 -2108
-6957 2336
-331 -1174
769 -5042
7506 -6503
621 -5117
-6947 2303
-6914 -4101
7013 -4356
7947 3911
-4082 -2976
-4102 5206
28 4461
4682 -2204
2476 -3948
-1710 4718
3368 -7039
5463 2527
-2877 2429
7375 -8034
-4762 -4273
6997 -7225
-1244 -1991
5165 2395
-4660 5783
6661 3301
4700 -1845
-2028 9021
627 -5043
-5319 1833
6902 -3421
7271 6171
1971 6354
-2683 -7814
3551 -7312
2571 -1464
2192 -6833
-1468 -2059
-1752 7079
-5764 3926
-4034 5447
2326 6756
6903 -7495
-6158 4213
-4966 8366
2850 4091
-1948 -9146
-2450 8309
5769 -388
5536 -8510
1554 5132
6708 -3949
7092 -2937
4551 -6429
-1541 -3053
928 -3051
-6679 -4521
-1609 -2348
5473 2251
5344 2362
2287 -6224
259 4174
-5069 1676
7064 -3237
8122 -5010
-5275 256
-3202 -4371
-7824 -6017
7852 5825
5615 2687
564 -5216
-4468 7601
4292 -7764
-4872 7982
6534 36
-4365 8072
-5451 -3668
-6983 2480
4846 -4064
-4268 7951
334 -5025
-5629 4645
6008 -5025
-6193 3920
798 -111
1520 6822
31 4482
-2637 2365
5263 2486
7134 5941
-1156 -8465
-4661 -56
2659 -2932
-2994 -5055
3392 -6744
-1155 -2066
4120 -1733
6594 -221
290 4251
7084 5481
7707 -8632
-4849 7958
1858 -1472
5398 2335
-4410 4982
5380 2063
3412 -7290
-1983 -4070
-5716 -7936
1713 6001
-5192 -3263
6228 -3757
5261 -3721
1794 5987
7852 2633
-6397 4039
5657 2787
-7119 2413
-953 -3193
-2813 2264
-1611 4207
5126 -8386
831 -5502
-4319 5461
-946 -2492
7610 -7912
7923 -6064
2735 403
-1968 -5168
6746 -6148
4611 -2246
266 4361
7483 5058
-5005 2238
1332 1465
-7873 6548
7379 3434
-4017 5614
-4016 5549
5060 2513
-7186 2350
3826 4607
-2179 -6568
2122 -1046
-5435 -7667
-1108 7911
6994 -2634
-7320 -3699
7012 97
7731 6344
4823 -8109
6219 535
5226 2629
4991 -7003
-2938 7641
5152 2468
4818 -2161
4471 -2265
4431 -2216
-5136 1622
7246 -6045
-4393 1979
4435 -6680
5488 3011
-2302 4212
3167 714
-2057 8226
-6570 2727
-1883 -5473
-4357 7546
-2277 -6765
4448 -2259
-1914 -6582
4100 2900
-5366 -1160
58 4427
8764 -5432
4373 -2733
-2929 -5595
-4880 2120
-1365 4563
5398 2669
-5173 1176
2377 -1761
4579 -8162
-5952 -8508
-6680 4574
6110 -8033
-3774 7361
8115 3252
433 -5525
3651 -6806
-4074 8004
-1540 4509
-2586 -5090
-7715 -5627
-2562 8325
907 -5259
-22 4179
4927 -2453
-2766 2309
6707 -3430
-4201 5157
-8019 -5832
2924 3021
7005 -8212
-1892 -2617
-4413 -4018
3065 3113
-1949 -5466
2496 -1235
7874 3326
1448 -3468
2066 -153
4547 -2468
-6689 2219
-4724 2172
-4042 5276
4191 -4556
1919 6742
2061 -1182
5096 -3935
5446 2231
5034 -227
6722 -1459
-3382 -6030
7793 3377
-5705 1321
-7416 -4248
5703 -4079
-3174 2024
-5098 1906
-4827 7519
-4901 8762
-6848 -362
4796 2271
-1880 -7737
-4188 8133
6841 -7441
-1681 7942
-5771 -7944
6753 5635
-2608 8520
-4792 1901
-7788 6247
-1573 8241
2455 -6065
2261 -1318
4900 -2354
5197 -5461
4762 -4974
-3069 -5021
4836 -5784
4652 -2363
-4226 -2912
-6195 3612
4825 -8654
4907 15
5329 2598
5642 -77
6315 -3884
8382 6181
4473 -5223
1407 787
-8096 -5918
5171 4687
4447 -2636
-1171 5343
5379 -4810
-1542 7989
202 4278
-3021 -6891
-3300 -4864
2432 -2457
-5822 4148
-1769 7866
-1788 4131
-475 -483
4158 -8470
-6946 446
7503 -7997
7546 3636
475 -5605
-8053 -3306
3621 3613
-7960 -3051
6309 -457
2363 -6130
-4520 4857
-4749 315
-2669 -5199
-1710 -2529
-4636 8199
-5928 3709
396 -5181
3211 -6967
212 4023
-1344 9060
3004 -3330
5389 2818
6047 -212
8193 2719
-4287 8183
-7920 6595
6740 -7641
1971 5930
2415 -177
2221 -1626
-4008 5285
7277 -3713
-1912 5761
-1638 4804
-5074 -7361
-4933 -189
-6166 -3950
-6121 3538
1768 -4413
-2120 -7074
-1584 -5870
-1810 -4753
7986 3061
-3197 -5006
-2842 2393
-1203 -2159
-4315 -3154
-4647 -3321
-2091 -5431
927 -5680
-702 61
5239 -7700
650 -5627
-3079 -5583
-102 4725
2693 7120
-4288 -4100
-7106 -6010
2989 -6658
-5948 4150
178 -5507
7491 -7685
7259 -5785
1551 6907
-2968 2203
-937 -2558
3184 2635
5263 1200
-2625 -5190
7542 -6038
2658 -6180
-3508 5571
7663 -6042
-3235 -4716
2450 3263
2596 7141
2995 -6966
-5273 3906
-8098 -3675
-4191 5571
3373 2694
-5139 1786
1715 -3502
-4429 8353
-6091 3729
4565 -4914
2238 1216
6600 -3474
1604 -6030
1772 -3744
6427 -3269
-7303 2302
-2144 5465
-7 4252
7384 2910
3669 -6300
2396 3166
610 -172
3695 -4366
-4914 4863
37 3929
-7374 2749
2547 -809
2062 -1013
-4804 -3743
-6217 4186
-5286 1939
-4589 -2828
-1990 4761
4516 -2398
-2202 6784
-5057 -1831
-5208 8444
5838 -5872
4610 -1663
-4351 -3140
2337 -1122
-5023 2003
-5968 5130
-4940 2011
7190 6797
3595 -7676
6161 986
7129 -3625
3010 3643
-4686 -2881
-3821 8334
4625 -2705
-1868 7126
-5248 -9030
7482 4410
-5019 -7663
-7410 -3313
-772 175
-3855 7510
-2410 8271
5289 2804
273 181
15 -6452
-4667 -8399
1472 6695
6754 -3622
-1809 -4914
-559 8567
7346 5789
-1571 -7646
-7220 -4151
1593 -960
-4868 -3698
45 -314
1525 -5150
-7100 2601
6575 -7374
-5070 -518
-4880 1689
-2834 3523
1764 6012
4625 -2637
1321 61
-2824 2281
6974 -7701
2041 -1629
3131 -5878
-7129 -2982
3813 1721
-514 -832
4568 -1943
3705 2883
-4230 4754
-7840 -5010
3288 -6196
6999 5615
-6316 -703
-5072 3731
-7789 -5790
2648 1054
-7490 7146
2504 -877
-5069 5352
-4966 1685
-4698 490
3360 3298
-7795 -6110
-2688 -5003
-8902 -2622
2969 5333
-5275 4351
112 -4916
-5547 -7395
3646 505
6056 -785
479 -5315
-859 -2423
-2555 7427
6344 -2979
-2960 -7027
5770 -8426
3225 177
-803 -7544
-7912 -3509
-1701 7340
5135 -4858
-5454 -7728
-6512 -7614
3676 4048
5127 2071
-7992 6600
-5129 2138
8807 -6473
-1652 4463
1515 6470
-3566 -5781
294 4468
-6155 4521
-4639 5223
-2103 -6600
-2932 2271
-5077 -7892
2123 -698
7399 5103
1464 5192
409 -5390
6439 -3598
8026 2881
7983 -5102
-7286 -5592
6359 -504
7252 -5351
-6141 4777
7793 3128
-4119 -3155
-6050 4113
-5983 -8897
3046 1301
2531 1328
7179 -6399
3360 4006
-6968 -3233
-1777 -8040
-5257 -144
-4916 -7824
-1091 -7052
-79 4130
3024 57
8162 4724
-3676 -3700
2278 -4056
-4142 7863
7759 3170
5383 2651
1706 -974
6336 -3354
-564 872
1523 -2553
7721 -3562
-8505 6410
6888 -3094
4040 3209
553 -5192
5333 2548
-7641 2343
-4126 7715
5589 2582
2563 1603
-4386 5445
7257 5048
-4398 5060
7200 -5234
-6930 1788
-7459 6372
-4576 -2703
233 3937
-4905 -7609
-7604 -4598
2287 -1625
-1888 -4787
-3199 7161
5146 6172
2471 -3434
-6204 516
7917 -5669
6614 -3136
-3646 5333
-3985 -3229
786 -5889
-2738 2264
4867 -2296
-4665 5654
-1622 -5203
6492 -357
5287 -4469
-7695 -5913
-7026 -2340
1808 -3464
8007 5556
5772 176
-5610 -7525
-5173 -3039
5127 2577
-2096 -6031
-4998 -7565
6551 -3036
6551 -7762
8063 2877
-4795 -7689
-8179 -4160
-1572 -2866
-155 3879
-2403 -7628
-1987 7992
6343 -8062
-5828 4260
4519 -2326
7326 -5376
-2139 -7975
-4600 -7899
-2576 -7815
-3457 -5433
-4305 -3738
7263 -2845
6664 -4290
-1895 8448
-6835 -3491
6781 -3582
-3230 2406
5249 2705
6071 -5700
874 -5450
4833 -2327
7723 -5585
-2798 2393
452 4453
-3717 -2716
6644 -3415
-4769 1688
-8141 -5834
-2547 -5430
-1325 -2094
5855 -3228
-1432 6965
6454 -6103
7612 3168
-2199 -6099
4731 -2250
253 -2030
4551 -2082
-2577 5235
2615 -961
4697 695
812 6398
-2992 2239
-4655 1798
-6017 4478
-1582 1115
4692 -1796
-5973 3901
-7809 6423
-67 3699
7202 6862
-3043 -1523
7326 2719
-3882 -2741
375 -184
-149 8936
3472 4253
8092 3359
6594 -7826
-7934 6619
7305 -7371
-5334 125
-1699 4421
-7556 -4021
-7293 2476
-86 4154
-4982 -8036
-3918 -6606
-2999 -4626
-5563 4356
-2880 -5948
-3952 6959
-782 4816
5138 -7642
3021 -5829
6753 -5345
5249 -7764
1440 7241
-7390 2038
7187 -7685
5772 263
-7828 -5709
-4556 5541
-1394 -6429
551 -5097
-4434 -7748
-7939 6461
-5780 4056
-3159 2585
-4173 7800
2099 -3923
-6904 -3175
3310 -7126
8038 -5258
-1575 -6614
3129 -6689
-1745 5136
-7195 -4474
-5389 -8055
-4977 1546
-2888 2507
8126 3550
2708 -2600
-7330 -3793
3632 -4690
-5535 -8007
1613 -5421
2875 366
-4638 5391
-4863 2107
7723 3149
4990 -5125
-4775 -3849
-7128 -3969
7148 -2780
2393 3296
7183 -5753
6214 -3030
-2563 -5299
-7048 -4378
-7147 2776
-7340 -2494
4501 -2626
-2693 5083
-7031 2509
7622 -5196
-5179 -8445
705 84
-5603 -7819
1884 -1726
5175 2227
-3112 2938
-2328 4317
-3284 -3906
-5670 -623
3441 613
-7362 1796
4506 -2059
2094 -3028
-1929 4434
4386 -5077
2222 -7425
-1268 -3112
-5033 1393
-447 1761
1382 -3496
1289 -1059
6172 -7360
388 -4936
1662 -1136
-4767 4498
-7401 -3186
-8799 -3899
-5143 1938
7526 3329
1546 1513
1641 -898
4246 -2370
2063 5773
8710 -6175
2866 -3686
6920 6313
7554 -7599
-5126 1851
7390 -3799
-6874 2411
7397 2474
-2917 -6769
-5987 801
3324 -6645
-1695 -2279
-4705 -2772
-3171 -5642
-8089 -6110
-7209 -6241
647 6109
-4525 837
7129 -4955
-5937 4476
5697 545
645 -4810
3073 -6983
-4396 8827
-7895 6683
6694 -3393
-7342 6610
-5407 589
-7131 1833
5333 2007
896 6667
761 7742
4489 -8800
6441 47
7675 5606
-7565 1967
762 -5636
8550 -5912
4316 3757
2451 3975
2535 -7760
1409 6391
-6843 2693
5634 2449
3593 -4271
-5839 4319
-5391 -8070
-3092 2343
-2715 1787
-6464 -1802
-5065 937
-5061 1704
6325 -367
4001 -4354
2435 -4466
6290 -366
5798 -8293
-2624 2496
-4970 -8128
2776 -6686
5079 -5227
44 3548
-7426 -6114
5052 -6262
783 -5583
-3165 -8718
-7665 6715
-2917 -4840
-4084 -2327
-7372 -5635
-6791 -3411
7348 -2747
-5006 1755
1526 -1241
-5474 -709
-2911 2191
5686 2427
-7292 -4570
6439 -3372
-3179 -5638
-1886 -5189
827 -5891
5493 2895
7035 -8132
4409 3670
-7496 -3569
-5500 832
7161 -3470
-7628 -3511
7265 -6534
-2668 2714
-5083 5153
5561 2800
-712 -2462
5246 -7671
1488 6136
6018 390
-2490 -7822
-2938 8267
6727 369
2226 -953
7812 5612
-7726 6482
5214 2556
1253 6025
-4457 8127
3178 2917
-5515 -7451
5231 2125
-8642 -3780
-6025 3837
-2264 8054
177 3987
-5903 4196
2473 -1151
-7647 6664
-7634 6798
-5971 4009
-7489 -5659
-4809 2145
-1143 -2384
-1896 8933
-4683 5253
-6028 276
-3113 2278
5377 2651
5038 -7201
-1963 6394
-5745 3698
3268 3126
-3803 -4029
-1371 4536
-5515 -1699
-6979 2520
7302 -7647
-1651 5193
-6691 -3585
2429 -507
-5784 4502
-7755 -3770
6568 -2346
3246 -1610
7193 3031
6670 -7567
-3129 9245
-8236 -5331
2177 -1364
-5728 3958
5161 2328
-1665 3615
6903 -8071
6387 -6739
5057 -2420
7292 -7489
3340 -5968
-6911 2221
-7573 -5475
-1870 -3066
-4148 -7270
-1488 5674
-7844 -2825
2760 -1303
-2543 -4760
2149 6230
-7091 2716
-2346 9126
-8616 -3441
-7822 -3271
8298 -5681
-5088 -2133
754 -5177
-4304 104
-339 4382
5414 -81
-2537 -6306
-4816 1857
-2986 2097
4944 -6840
-7988 6795
-1516 4827
-7405 -6275
-1610 3519
7106 -7769
5508 304
-4504 5583
3204 1302
-1885 5317
4490 -1849
-2264 -5952
2694 -564
7817 -6952
3623 3073
-2015 3908
-5487 -34
4172 -5783
-1510 5726
-2176 -7180
4590 -2944
6954 -7105
-1108 3413
5187 2387
-295 4270
-4940 -7643
6375 -7148
3312 3556
5362 -358
-7105 -4433
7380 -3533
1209 1634
-6021 -8041
603 -5594
4998 2490
7714 3078
2786 658
4237 1312
5323 2554
-126 -793
-2575 -5295
-4751 5423
-1883 5204
5859 474
-6004 -7750
8363 3339
-5996 4449
-1652 -7067
-4564 5765
2813 -2308
5292 2233
-6125 4169
-4129 5570
6528 -3434
5348 2982
-3617 4882
-5058 1723
-2801 -4074
4586 -8547
8365 -6649
2157 132
3572 3827
-4489 4348
-1112 -3231
-2920 -6989
-7869 6506
2372 719
-4905 -8104
-7814 -5726
8026 -6111
64 3752
596 -5110
-4285 -3218
1472 6282
-5056 -3505
1771 6966
7680 -3059
1510 -3389
2558 -6455
-6487 3985
-1537 -2926
240 4034
5782 5481
4613 -2219
3541 4141
4513 -2227
-2576 -5155
-4828 1724
1500 -51
-7734 6924
-4332 7598
-3964 7123
2526 751
-4060 -4055
5215 272
7153 -3075
954 6637
-5211 228
-4952 7910
7927 -3547
-7377 -3212
3365 423
6783 -7379
-5778 4282
6576 33
7321 -7456
-7901 -5886
-1991 4719
-4893 1762
-8272 -6369
-1457 -2446
1025 -5159
-6084 3898
7363 3448
-4513 4602
-7029 -2905
656 -5515
-3150 -4575
3524 4175
-7323 -3721
451 735
-7984 -5540
-2495 -8388
5419 -6689
-885 5504
-2755 2720
-7472 -2518
-5417 -835
5781 -2898
1311 -5776
3969 3336
2452 1673
-4052 -9025
-8163 6619
-5156 1881
8363 5875
-4881 1878
-1835 -4425
-4177 -3235
-5599 476
5093 -4392
3779 -5131
2621 866
1040 -5639
-7663 -6018
-1557 3916
5150 -2348
4530 -8090
2602 -1133
4362 -8028
-5294 5513
56 4533
857 7451
5310 -7076
3576 3730
2633 -1156
3886 -3997
-7224 -5824
-2578 -4631
2652 1061
4417 -1949
5301 2611
1527 -3426
-1496 7783
7444 -8151
-7298 -6488
5671 2558
3001 545
-5974 3880
6927 -3620
-3876 7687
4335 -8808
-2819 -4870
2937 -6538
6038 6390
-7378 2221
4230 3015
4734 -2259
7536 5719
-1247 -6227
2549 1059
6742 -7838
-554 -2725
6415 -3147
855 4234
-3801 5678
1683 -694
3941 -8550
-7726 6729
-2619 2779
-5043 4410
-4526 6309
2632 -4537
5092 -5409
4257 -7881
2267 1629
7504 2768
7208 -7394
-1431 -2927
6344 6913
-2672 -8066
-6635 -7649
1854 -4377
-4967 7205
-5707 -7805
430 -5990
1916 -4332
7354 -2969
-4615 7105
2682 -3021
5980 699
-1481 5423
5184 2402
-2948 -5883
-362 -8665
5015 -851
-5507 -513
2114 -3987
-4925 1848
2424 -1175
-4916 7863
-7724 6234
6258 -271
2863 3601
-2644 -6123
3771 -6589
-4452 4730
-4134 -3730
-4776 5641
-7654 -5699
4957 -343
6417 -3001
-2164 -5277
1738 113
1908 -3107
-363 -6581
-4961 -147
-7936 6780
3085 -3959
2264 -1033
-4632 7869
4730 -8254
-5688 -8641
-2448 -5355
334 -745
-8465 -4090
-5601 228
-2534 -4825
1381 600
-4756 -2102
-5180 1870
1856 6237
-2272 -7702
7374 -7830
-1052 -2706
-2936 -3891
6744 -3210
4756 -7185
3210 1963
-4514 7556
6446 5882
2134 5897
2125 -1369
-5519 3936
7531 6115
2418 1068
7218 -7776
833 269
-5834 3657
-659 34
7053 -2868
2622 -1730
7293 -6776
-2491 -5228
-1485 4357
-7728 -5957
3860 3220
4581 -1965
-33 4039
-2812 -4831
3928 3028
2038 -1352
7151 -155
1228 -241
-193 3926
-738 -2841
-7491 -3023
5153 -2066
5042 -2383
-658 -1897
7604 6159
-5010 1921
2795 -6164
3448 -6671
-5662 263
764 -5301
3036 2636
-6820 2102
-6672 -188
-4537 4460
1910 -3436
4669 -5183
-2858 7481
5013 -2464
2122 6438
8323 -3679
7655 3246
7884 5544
-5762 -7685
-2597 2490
-6113 -2202
-1702 -2703
-5176 -7929
7456 -3882
-1926 4192
-2853 -7271
-5697 -8201
-5468 -8113
-2475 1796
604 -5423
280 152
6618 -797
-4994 1631
-3691 8111
-1379 -2214
4811 -2199
-3903 4841
590 -5952
-2266 7843
4762 -3048
-2128 8720
-2991 2727
4954 -2557
2138 -3192
4808 2494
-7491 6592
-2240 4662
7977 3582
5458 2628
528 -368
-7441 6367
-2744 2124
5379 2710
5092 -7920
8496 -4934
6153 -2911
-2768 2406
3544 -8307
3465 -6523
-2377 8181
6012 -303
2866 3292
6824 -5292
-2742 2643
-4059 4980
7116 -3447
-783 -2797
751 -5903
-2937 2124
6054 -5508
254 4721
7052 -7591
-4239 -2830
7985 5818
5571 2644
5201 2754
3286 -7352
-8235 6252
-4698 5284
4815 -5712
4682 -2553
122 3988
-6833 -2416
-6562 306
3408 3865
4592 -8462
5184 2646
2566 -781
-6518 -378
-2535 2511
-3008 -5061
5586 856
2495 107
1137 6390
2849 -6666
-4645 8003
-4969 -8423
-6961 -4435
-7814 -4032
-3890 -2000
-7466 6060
-4178 -2753
-2601 -5538
-3126 2295
-3363 -4803
1016 -5297
7639 -7986
-6257 3894
6996 -6295
6904 6242
3364 4093
2415 1076
7511 -7735
3652 3822
1769 -1228
-6439 449
-8188 6712
-5025 -3404
-2596 -5236
3506 -6689
6046 -620
237 4336
5319 2559
7700 2782
54 -263
-5384 4242
-2939 -5728
-8161 -6046
-2718 2131
-5682 3855
-6869 2190
-7333 6469
-5320 1642
-4865 -3668
-7452 6653
2394 -2513
-1247 -2853
-27 -125
-8025 6550
152 3916
4912 -5762
181 4411
-4682 7953
1569 -4326
-2926 2236
-5321 787
-5921 3967
350 4385
2190 -3073
-858 -2936
-7702 -6072
-4886 -2675
-7224 2691
-1724 5278
-6153 305
-7130 -1759
5204 2659
2994 1512
-4979 8450
6546 936
-5215 -7592
798 -5475
3860 3295
-5149 -8212
-3654 -2518
7758 6486
-4624 -3220
7238 -3503
-7521 -5785
-5017 722
-1899 -5084
-2787 2193
-953 -2988
2295 6801
7134 -3445
6514 -3599
-196 4177
-4978 -5954
-2914 9218
-3048 2012
-8466 -4791
2787 -6236
2890 0
164 4409
3131 541
7347 5400
-2609 8457
3002 -7336
4900 -2188
-2534 -5492
12 3809
3017 -6558
-472 -369
-7918 -5552
-6837 2236
-6151 4180
-2259 6182
757 -5084
1573 -3796
2786 -7829
-2612 2292
-1748 -5291
2829 2554
2216 393
4694 -2484
-6466 -87
7718 6166
-2580 -6175
427 6344
-993 -2474
-2040 5604
-4056 8352
3024 2020
6483 -3244
1909 -2335
6791 -8260
5442 -7550
2028 -1190
760 5772
-7014 -3034
-8310 -6214
-2682 4679
7202 -5597
5059 -5073
-2212 5329
-5541 4312
6464 -7086
-2908 2458
6324 -8038
51 4378
-2230 8386
7539 -7308
-4676 5506
-2661 -4872
-2617 -6454
4353 -2565
3856 693
2648 -1411
94 4431
-4986 1619
6856 5912
2567 -1536
-5500 -2417
6836 -2777
3377 -4309
7208 -8059
1976 -1681
-3015 2340
-7182 6539
6708 -9815
-2453 -4369
3894 -6173
-6112 -820
-4723 -4986
4435 -2270
4165 -5496
4714 -2275
-5696 3962
417 4330
-7752 -6294
-4339 -3040
-5571 -2735
4377 -4270
-7726 6387
7041 6434
5359 2617
2917 -7332
425 -5133
-3896 -2477
-2862 2498
3506 4007
-6905 1736
2897 -3949
6095 -892
-6097 3770
8003 2911
7097 -3825
-1071 -1867
-3068 2515
-2895 2026
-5499 -296
-1406 -2126
430 -360
4688 -7103
-4316 5352
-5009 3987
8111 2766
-2227 4353
-6951 -3082
-2888 -8724
7092 -8047
-7786 2324
7258 956
3565 -6407
7382 5639
4319 -4614
2537 -1231
-6885 -958
6983 -2801
-3645 -4784
-8220 6499
-2731 2220
-4087 7984
-2951 2193
-5210 -7955
1516 504
4387 -2636
-4388 7403
-4574 -2300
-2700 -4998
1625 -3836
-3730 -2735
6116 -3694
-4984 1534
-1711 8127
-856 -2204
7345 3811
-1254 -2603
2836 1773
5437 -4971
-7042 -1345
7749 3096
-3871 5355
-5717 3856
6949 -7002
2898 -3559
5269 -4742
5776 -7296
971 -6044
4362 -2442
299 4364
-1550 -2198
2309 -1382
2428 1335
7445 -6017
2751 -3182
1687 1252
5373 -5677
2711 -7146
2460 1447
6134 -4356
7066 -3052
-4978 -8607
-2967 -5233
6925 -7851
-1729 4863
2366 -1408
-5329 4232
-5420 -2270
-8456 -4895
-3027 2483
-4779 5234
-1442 5021
-4483 4903
7732 3455
-6872 2007
-3495 5896
301 -4870
-7747 6184
2888 -1128
4530 -4935
2776 3299
-5038 1651
-5163 3908
-5779 3666
6050 34
4687 -2557
2856 1337
-1163 -3024
-7408 6582
8094 3187
-3057 -5120
5081 2575
-4735 -8333
658 -4881
2427 -7603
6875 -3096
6421 -64
130 4424
-5377 -7399
7552 6428
4247 -7545
156 -5153
-8025 -5685
4186 3167
753 -5469
6349 6621
2610 3509
-5059 -2364
-5035 -8026
-3751 5350
-7360 -3078
5878 -95
-2526 -6790
-5423 -8667
7340 -2450
-4833 -7496
-4432 -3342
6244 -3521
7951 3462
293 4374
2509 -4484
283 -1813
559 4114
5029 2376
-3095 2357
9053 -4793
-2719 5297
5350 2515
1437 5922
4522 -7095
-1516 -5852
5628 290
7796 -3349
4110 -3869
7738 3021
6346 -7416
7563 -5133
-7153 2381
-2647 2700
2145 -4439
-2782 7344
-7960 6615
6647 -4815
-4529 8416
-1320 4493
5152 2579
-1646 -7723
2074 -6642
998 -5053
-6745 2013
4968 -7985
-2561 -5059
-4459 5678
-3385 -7047
-7762 -3823
-3241 2054
-4137 8019
-2130 4355
7616 3075
-5306 -532
3380 3450
1039 -4910
-8616 -3154
6417 -5197
326 4113
5461 -5485
5610 -286
2843 -6463
-7997 6866
-7756 -4754
-2815 7820
-4116 -1267
7095 -3041
-2875 2155
-3188 -5450
7516 2812
-560 4714
-1206 7054
-4670 -2823
-3734 -2513
-6849 2496
-7025 2807
7763 385
5529 -5065
-1329 4218
-4700 -2277
-4843 -2319
2261 -1466
-3484 7799
3123 -6209
1334 -5577
6421 -3540
-4829 6049
-4727 -6795
5925 -7141
53 627
8733 2776
-729 -2005
4472 -7312
-5867 -7832
-2059 -7319
1981 793
-3888 -3139
2322 6992
8079 -6074
200 -656
-6128 216
-2707 -5137
2360 -1159
-4630 5199
-5657 -7774
1866 -3827
-1019 4473
-4977 8234
-5118 -7846
-4009 95
-3175 1918
-8109 -3093
5918 34
-5134 1481
-2811 -7467
6982 4812
-2087 2102
-4601 8342
-6481 -2694
5661 -5058
4729 -8700
-5304 -8497
7666 7028
-8221 6432
4600 -2602
-7123 2524
1077 -3871
8305 2933
612 6335
-6551 2510
1592 6074
2251 -782
-5976 3750
-1481 -3218
-1362 -2560
-3898 7999
1650 5674
7877 5332
-3598 -2107
-7416 -6287
-4363 5336
-8077 -5773
-2851 2695
-4234 5936
-1467 -2544
6527 -3822
-1658 -2284
2164 -1285
-7858 6404
-695 -2616
4035 -6942
3233 4046
-7476 6894
-2103 -2378
2469 21
1722 -2830
-2425 -4600
-6408 4182
-3822 -2669
2786 3643
6220 -7933
7463 2994
-1784 -2925
6920 -3428
-1194 7660
5462 2658
-1690 -6233
-1979 -7939
-7900 -3226
-2990 1837
5401 -8160
7163 6471
-3225 -2874
-2832 2392
-3323 -7713
8682 -4979
-2779 -7369
5010 2247
2408 -1618
-5151 -7949
-1311 4399
-3714 5607
5961 152
8171 3280
-7042 2349
-201 4786
695 -666
4779 2337
-2722 7327
240 -7727
2300 1766
-8176 -6224
-5095 491
-2567 7972
5900 -6782
5451 -7610
-6322 120
5242 2615
5930 147
-1481 4570
453 4656
-4612 -7681
6413 313
-5749 4089
-1531 4321
8197 2717
6268 639
-5037 -7741
-1115 -2738
-19 4333
-7455 2348
1104 7000
4315 1373
-2133 -5876
3889 -6105
-4192 5198
-4195 7939
-5995 3858
7952 3601
-7678 -5699
760 -5650
-7251 6347
2249 -2811
-2091 -5838
2726 -7628
-225 4330
5497 2594
5104 -652
-4405 -8370
-4954 -963
2111 599
3831 3091
-542 1170
3902 -7127
2031 -794
5679 -8116
-5276 1972
-3237 -7611
-7646 -5127
-2309 -6047
7909 -4722
-1300 8778
7074 -7516
-8230 -4501
5332 2651
7217 -6906
6616 -3587
-4909 -7317
6933 -7197
-1102 -870
7060 -7844
7659 -5381
-2813 2372
-5600 -2903
1854 -6566
736 -5569
-5029 1897
1537 -1603
-5089 -3646
-2169 8272
-4224 -6952
-4990 1796
-7594 -5565
-6445 924
-191 4322
7076 -7566
3429 4293
1550 434
-1837 -5942
-5163 1637
-5063 -8339
6044 -2366
3511 3750
-157 -2156
2124 730
-2441 4737
-4891 1635
4573 -2720
-8077 -6174
-7660 6237
7998 5522
5354 2763
7695 3119
-8113 6231
2465 2392
-5016 -7739
4872 -7645
7474 -4996
7081 -5533
5836 -3170
5366 2425
-5328 -490
2528 -1327
-5736 -2998
3215 3554
5196 2508
-7794 -5790
4750 -4033
-1670 4789
6904 -4952
2915 2747
6759 5960
-5107 -7841
2166 794
-1218 7930
-5017 8503
5342 2696
-5231 -956
998 5592
5344 -7485
5094 475
-2402 -6178
-5857 3652
-4722 1859
-5145 -509
-6139 -789
7700 3248
1825 2028
-1331 -2266
-7529 6717
4009 -2646
-4371 5994
-2292 8921
-1214 5139
-7289 -4361
4748 -2013
1538 -21
-2880 -5893
-5623 -8167
-2367 8740
-5281 -7390
3917 -2287
-3009 2569
-2783 -8073
2385 3558
6982 766
-7936 6596
-7251 -5918
6732 -7822
-2865 -5509
3807 3197
5118 532
-4120 6640
4284 -7391
170 -438
-1450 -2347
7845 5833
-132 -1010
616 -6015
-8046 6439
849 -5765
-6749 -2488
-2687 2470
-7488 -5805
2378 -797
5815 2704
-2011 7299
640 -5580
3272 -6876
-3927 5160
-2731 7219
288 -5958
4023 3837
-1396 -2121
1277 -5543
-201 -1888
-1144 -2348
-4595 -166
6970 -8350
-3239 -7405
-494 -2332
1177 -361
-2287 -5495
-5633 -8140
-3359 -7004
-8163 -3767
-5065 1864
6999 -3359
4087 -4604
3924 -4716
2033 -3895
2599 -1533
-7819 -5796
-4754 2153
2700 5830
-7621 -2158
2294 -2344
7548 5922
2039 -1578
-4644 -2986
-442 97
290 4158
-4600 -8102
4359 -7476
-7828 2532
-5925 -8219
-2278 -5203
-5792 -7604
2833 -1847
6680 308
-6239 -4283
5618 -928
2380 1301
-7127 -1562
1211 -5465
-7683 -3090
935 -5431
-5798 4219
2786 -6571
-5577 4141
526 3907
-5339 1728
6602 -3468
4529 -2333
3111 -4928
-1233 -1883
-8380 -3830
-6961 -2733
-8599 -3200
-4418 -1841
-2508 2550
2726 -6116
246 -5177
-2619 2476
4403 3088
-2383 8117
-2005 -8013
-1853 5509
-3097 7275
2994 450
-8520 -3538
-4307 8352
5393 -4894
-2048 5285
7318 -3576
5800 -5146
-7827 6516
4137 -5048
-2308 -5404
7928 3530
7631 5872
-4055 -3515
-4485 4910
295 136
4333 -6126
7494 2862
-7141 2459
-7669 6727
-3197 4793
5112 -8223
4091 -3949
7531 3377
-2219 3916
-55 -466
7732 2557
-5722 709
-2720 -5422
-5050 -7647
5649 -5999
-5297 2199
6671 826
-4889 1764
2888 1842
1434 8044
7301 -8361
-3664 -2306
6701 4853
-4347 5688
2193 -3255
522 1449
-6002 4159
7062 -7497
-5201 282
6691 -2298
4768 -2277
5390 2462
5173 2397
-517 908
-4043 -2516
4229 -7760
-6312 3786
-7244 2265
-569 -7798
7422 3435
7540 3400
2777 -7674
-4976 1749
-6600 2446
333 4354
1099 -5024
7065 -7223
2781 -6627
-6244 4211
6302 -2998
-5778 599
-4588 711
129 4474
-7206 2025
2125 -3950
2168 -423
2940 -6641
-7703 -6215
1261 1272
1472 5962
-3906 -2189
5166 2522
1996 -1585
-1593 -7144
267 -240
-546 5496
7875 3529
-4189 7696
7121 -7754
-2312 -4578
5418 2195
-4876 -8082
1799 -794
-1398 5512
-2653 -8955
5814 -910
-2579 4437
-4901 -739
-5057 1084
-6957 2119
-5984 1002
-1322 -2436
8034 2880
-2446 9103
7653 6288
-7942 6237
-6760 2448
6661 1754
4851 2074
3531 -3467
-3976 -8261
4669 -4219
-2826 7695
-4149 5438
707 -72
8088 2739
8229 5747
2702 3258
-1563 -5310
1844 1294
-4399 5156
5754 849
8186 -4570
7755 3335
2685 -6371
-3831 5720
-2580 8682
1323 -2348
769 -5399
4614 -3824
-987 4928
-6306 3950
-5297 -8218
4502 -8428
4026 386
5180 -8223
-3323 -4755
-3025 2233
-5741 5058
-3994 5591
-2928 -8135
-6265 751
5382 2343
6984 -2937
4604 -8438
-7427 -5687
2708 -742
2816 1924
-353 4334
-1918 8273
2252 -3952
-4005 5126
2000 5542
8054 -8384
1295 7134
1623 -3130
-4918 -2488
234 -4982
-494 4718
8367 -5330
3412 4076
2260 -7019
852 -126
-3432 -6282
6898 -5917
-2795 8287
-8218 -3422
-4745 -8498
4680 -2336
345 4868
-1763 -4436
7183 5368
2210 1255
4079 -6182
8415 6015
-77 8178
5521 88
4549 -5765
4001 -8123
-2640 -4807
6621 -3291
-5415 1670
735 -5590
7375 5775
-6244 2310
2483 -7496
-6229 3687
8020 -5555
2511 595
-4161 5638
-7814 -6109
-4872 1861
-7792 6287
4830 -2070
168 494
4388 -1939
-5300 1826
3248 -6693
6 4647
-7846 6631
-2958 6402
-1238 -3313
6715 -3210
-4570 7999
-7041 -3283
1745 -2483
4375 -2850
-7870 -4075
-5211 2086
2746 1229
5197 2539
-7821 6535
4253 -2108
-422 -1127
3151 3290
-4948 2048
-3823 7563
2453 1043
7807 5443
5262 -6427
-6930 1764
8377 6280
-1551 4390
2414 -1007
4407 -6790
5191 2657
5322 -2308
6782 -8294
7676 -7672
-4935 -657
-1693 -2768
-1423 -2633
-8059 6402
-2061 8618
4214 -2648
-2419 8517
2535 -7856
-4371 5237
7466 -3635
3845 4247
-2492 -6312
-4573 7903
2457 -1205
2267 3059
1051 -5156
-4684 -8735
-5275 3535
5649 -6857
6704 -7459
-8616 -3349
-1622 -2870
-1453 4859
-650 -2093
-3597 7938
4262 -2588
6938 6061
-5369 -7788
-4985 571
-2561 -5541
1185 -4942
4857 -7874
4893 -7456
4523 -2625
-2790 -5368
-2223 4759
4888 -2404
-8186 6769
-4758 2110
-7733 -4023
-2121 -5099
1980 5624
5550 -7985
-1717 4167
2534 6984
332 4284
7960 -5862
-6005 4202
1709 6192
5148 -8155
2386 -5854
7027 -7926
1338 6869
-1291 -2910
5373 -6069
2891 3070
3375 -6094
3527 4468
-3232 2207
4358 -2176
6508 -3421
5 4149
-1877 -1066
-4377 7755
5416 2667
-2521 -4098
2268 -189
-4920 5859
-7682 -5719
7494 6041
-3832 5780
5333 -8021
1775 -692
-2434 -6069
1644 8765
2394 -1220
3060 -6193
-117 -206
-7386 2216
6574 250
-2465 -4873
-5274 1708
-7222 -4365
4845 -4171
-1194 -2681
-1449 8302
-1093 -2524
1051 -5191
3810 -5090
720 -5106
4585 -2203
4436 -2356
-7725 6940
1508 6624
-2974 2474
-4538 7626
7595 3084
-7725 -5832
-3626 4356
3651 -7328
-3147 -4934
3349 -6768
511 113
-6185 3818
2518 6767
-46 3934
-2282 -5880
2499 423
-7659 6213
2967 3843
6632 5583
6929 -7871
7126 -7965
2209 1069
-6059 4932
1052 -4616
-2798 -5227
7152 5965
-2916 1998
8349 2914
5774 810
4685 -7364
1772 -3655
-8 4127
-8751 -3189
-4910 2063
3785 -6510
-4994 4156
7547 -5789
1868 6829
-5633 -8609
505 -5184
-7527 -5701
555 -5794
-3156 7573
7912 -7669
-2678 -7621
-6160 -1046
870 -5268
-4680 7630
-7081 2474
4437 -2261
-8285 6219
3137 3570
3397 2542
7024 -5314
4973 -5337
6663 -3593
-4503 1781
2477 -6329
-5305 -3110
-1956 4666
1576 -4309
8059 2778
4864 -2813
7721 3119
1627 1567
-7110 2301
2792 -2437
-5952 -8251
-7843 6785
4522 -4035
-3093 4634
7397 -7110
-8031 6959
-4753 7352
268 4167
991 -705
7129 5559
2026 -7314
8228 2977
4592 4113
-1261 5210
-7530 6525
-5889 3909
6607 -2914
-4647 5629
-2149 4213
-8028 6392
-6181 -8297
2145 -1209
8135 2650
736 -5038
-1942 -5247
565 -2595
-1593 -592
-5885 4091
-1761 7251
6965 -198
7524 -3830
-5876 4529
-7732 -5846
4125 -5793
-4726 6248
6290 -2791
5822 -1348
479 -4675
3651 3511
4737 -1989
-7649 6288
1247 699
-785 -2324
-7521 -6055
5087 2477
7270 3351
-4659 -792
6751 5736
939 113
7114 5613
-2410 3765
-1886 -5528
-5669 761
6758 -3053
-7919 -5867
7645 6135
-1632 4594
-5347 -8287
8224 -4723
-7036 2277
5233 -7842
-5059 940
2966 -696
4942 -5110
-2279 8071
3508 4122
1365 6215
770 -5506
-1093 8410
3171 6031
-2798 2643
-7250 2120
-5489 -3788
-8657 -3704
5679 300
4625 -2534
5033 -4012
1888 -7708
430 14
4627 -5199
7127 -7547
-7887 -5975
-8119 6290
-4956 -4087
-7056 -2967
-7852 -4089
5166 -358
2826 1422
-729 1609
8660 -6290
6733 5758
2082 -1412
-8040 6239
7741 2510
-2547 -5503
-5499 4381
-5815 3756
-4608 -384
-7922 -3296
-2491 2737
5942 -7669
2392 6894
-7893 6481
-7420 2570
-7792 -6052
3062 -1728
3486 3792
-301 -978
6352 718
6994 -3402
-7708 6520
626 3987
2330 6627
3118 -757
2225 -3463
4533 -2040
-1745 -4981
-7535 6560
-4031 5225
-4617 -4030
-4981 4976
6844 -7745
2699 3874
