100 282 2871
0 0
-8304 -2207
241 -8563
8510 -9287
-1088 -6849
-9708 3803
4422 -9424
3978 -6589
7146 -4022
-7182 9975
6991 -6400
7515 -969
-903 1494
-2906 2616
-261 4027
-9502 7779
929 440
-5828 -1205
3409 1346
-7731 2046
-5438 8815
3475 -8574
8913 -491
8042 -7133
2277 -8673
-7552 5739
6075 -5305
-1205 3333
4648 -2512
4186 4822
-5379 644
9618 2043
-2415 9033
4357 3136
5573 4686
-7868 -6400
-766 7204
1948 -2604
8147 -2382
-5291 7469
9976 -8034
-2924 -4148
-1953 -5004
-9856 -5954
1515 7941
3480 -2221
-9170 8991
7286 -8948
-9631 2327
-8988 1132
-838 5938
-4733 -8693
-76 -2717
9397 -4775
4973 -6982
4124 -1037
9277 -6487
4162 7287
-4825 -5744
6132 2429
-6320 3397
-5844 -5034
6405 -1828
-6208 4427
-6437 5820
-932 9229
5868 8153
1686 -7310
3580 -4260
9394 5696
9221 7526
5682 6991
-3567 9958
-7495 -9227
2479 -4664
-3316 -6575
4674 -4877
2096 426
-8660 -5604
898 -1469
-6929 -3350
-3547 -7873
-2973 7970
-5 -4899
8511 4860
-9566 -832
8935 -3566
5100 -8250
-4372 -2503
1241 -9998
-7274 4324
-6217 -2342
-8155 -4673
-6696 -7599
8198 -5737
5711 9746
1515 -4111
3022 -9871
2842 -6165
1736 6860
1 13 2913485
1 17 1320230
1 53 3314223
1 80 563547
1 89 775001
2 18 1653383
2 44 1008991
2 50 2211700
2 81 584965
2 86 2757439
2 92 3320311
2 93 3137905
3 5 2581349
3 25 204555
3 52 11480833
3 68 744943
3 82 8593810
3 90 3864520
4 7 450615
4 24 761827
4 41 3234924
4 48 1468304
4 98 9604534
5 43 4418854
5 68 3653080
5 76 1683627
5 82 983657
5 84 941870
6 16 9660076
6 20 6232028
6 26 448006
6 44 7241700
6 49 2597460
6 91 5846761
7 22 2397869
7 48 3672558
7 88 817345
7 98 2238678
8 22 747370
8 55 109766
8 77 3046262
8 99 2696970
9 27 3147574
9 29 5206030
9 39 1970851
9 54 5293541
9 63 3716470
9 77 4086182
9 87 1254842
9 95 4847259
10 21 3436635
10 40 5092859
10 47 567607
10 73 1205539
11 24 438955
11 27 814855
11 48 915205
11 55 1491465
11 88 5996006
11 95 302847
12 23 3036236
12 39 1048274
12 56 2051566
12 60 1430888
12 63 634041
13 14 4193086
13 15 3369062
13 17 3370487
13 28 1405295
13 31 7829258
13 89 8465154
14 28 3461148
14 31 3996707
14 51 8014672
14 61 7876102
14 64 588792
14 83 9548274
15 17 800244
15 19 6100521
15 28 709019
15 30 10281226
15 34 2513850
15 51 1127038
15 100 3658971
16 26 5892538
16 47 231117
17 19 4984761
17 78 2628047
17 80 2029690
18 20 5359671
18 31 4270472
18 50 7739835
18 89 323296
18 92 1266538
19 34 514896
19 56 2555190
19 60 410957
19 78 1504381
20 31 1226776
20 49 1177704
20 50 3730857
20 61 262803
20 91 882290
21 40 1887271
21 73 278803
21 83 864842
22 25 502933
22 55 2911358
22 68 733262
22 88 552645
22 98 390526
22 99 1475505
23 32 419475
23 39 2948416
23 54 1220876
23 60 4536438
23 87 7193741
24 41 485975
24 48 4330115
24 57 1026923
24 95 3236118
25 68 513594
25 90 1551789
25 98 505885
26 40 1108145
26 47 1338118
26 65 298685
26 91 2541722
27 55 2767434
27 77 3604356
27 95 421301
28 51 682594
29 46 386812
29 56 305294
29 63 1193424
29 69 3860312
29 77 3005145
30 34 4144962
30 35 1557531
30 58 864084
30 72 4999838
30 100 5592417
31 61 2671174
31 89 5239367
32 41 2099268
32 54 3154345
32 60 7997383
32 70 3134841
32 85 5441396
33 37 1391700
33 66 1477468
33 73 3321512
33 83 822726
34 35 3617759
34 60 1832650
35 60 2849106
35 72 4352041
35 85 3664399
36 44 1999512
36 62 812617
36 74 6534682
36 79 2378992
36 93 1791090
36 94 595121
37 45 878457
37 51 927920
37 66 2796592
37 83 5776851
37 100 1923522
38 46 3657845
38 53 314129
38 69 5011258
38 75 4985049
38 80 2848155
38 97 1182662
39 63 4357824
39 87 578022
40 47 1273089
40 64 2848323
40 65 1314472
40 83 2697585
41 54 3775314
41 57 1749653
42 43 987221
42 53 2424157
42 59 3144108
42 62 1085863
42 76 3762581
42 89 1266020
43 53 7311839
43 76 3036570
43 84 384431
44 49 1695874
44 74 1385052
44 79 1626320
44 86 5738009
44 93 340271
45 58 960275
45 66 2168957
45 96 6308319
45 100 1704064
46 56 721917
46 69 3063643
46 78 2031233
46 80 4790479
48 88 1373368
49 50 889997
49 86 3359469
50 86 1079558
51 83 2243626
51 100 2838298
52 59 7374902
52 74 532179
52 82 1990178
52 90 9548508
52 94 889950
53 80 3145199
53 84 1089527
53 89 7688296
53 97 1183492
54 57 3410545
54 87 3083630
54 95 1253549
55 77 3918101
55 88 2619719
56 60 6692744
56 63 2281883
56 78 2349748
57 95 1533102
58 67 4142951
58 72 1435244
58 96 4978035
58 100 598372
59 62 1276523
59 76 2761279
59 82 5623648
59 94 334448
60 85 1114603
61 64 1663235
61 91 502237
62 81 269642
62 89 5077035
62 92 4120988
62 93 3498559
62 94 471010
64 65 3320974
64 83 1656791
64 91 194242
65 91 470619
66 73 923402
66 96 6832153
67 71 7695401
67 72 277753
67 96 2163598
68 84 584966
68 99 1740074
69 75 2824202
69 77 586652
69 99 1089575
70 71 512843
70 85 1376613
71 72 2159733
71 85 2102158
71 96 4642084
72 85 6223254
73 83 1213976
73 96 11939762
74 90 13932422
74 94 1197717
75 84 3977847
75 97 1289531
75 99 1938414
76 82 1274468
77 99 1415755
78 80 4124057
79 93 373987
81 92 636481
81 93 1087843
84 97 842789
84 99 1106050
89 92 637195
90 98 2886290
-5108 -2075
3989 1630
2337 -301
-7768 -6671
-4710 -6987
-1031 7210
5798 3617
-7067 -1345
2514 -6669
-2326 639
-968 -6600
3212 4336
-3890 762
1798 7067
-1406 7926
7558 5419
-4575 -2949
-3702 4466
-7528 -6814
1056 6145
-1857 -3411
6047 -5199
8053 -5387
5434 -2129
-320 7940
-4060 7500
7800 -159
7986 -5590
-1008 3596
2356 8171
-1155 -716
8460 -2243
-1180 -5920
7465 5084
-5940 3968
-7171 7259
-3402 -4347
-4844 5023
-6614 1893
2927 -4986
3417 -2382
6691 -3423
8315 6071
6464 6904
-6868 7948
5766 -4636
-7133 -6822
-6231 -4061
-3564 453
3995 -2152
2505 512
5447 -8077
-3364 6481
3500 7641
-4071 -2470
5402 -2128
-6671 1873
6007 4778
2187 1864
-4864 -6797
-4728 4422
-1244 7817
-514 -3050
-6655 1619
6435 7102
-4849 -2982
-1448 -1674
1971 56
4779 4707
4189 -3501
-3047 5856
-1825 -5258
7311 -1988
8120 2661
-5015 395
-7564 -7125
5922 7352
5887 1095
5019 -4999
-8015 -2268
5189 4610
2189 -4829
-2637 -3080
-1989 -563
-5115 2517
-5334 -101
-7355 -6945
2691 3126
7158 3208
2847 -6669
-1060 8758
5721 -7527
-5312 3175
-6112 7309
277 -3105
-5148 -2420
2195 2060
-1800 -6020
-5038 -7103
8413 5449
6350 5466
2773 -3350
1990 -6652
7847 -6446
-6629 -461
-2987 7272
258 -4766
-6726 -4864
7756 4470
-6750 4383
-729 4547
5269 -7599
-6713 -4451
8356 3259
-1490 -5942
-1037 6413
5442 -7552
-1559 -5816
5333 3885
-1701 -1307
-6839 2002
3362 -1097
-801 4289
2117 8164
7962 -5613
6729 4725
-4332 -1598
2830 2174
2374 5805
2336 -6335
8090 5521
-3345 5999
3375 -4236
859 -5684
-2392 -898
-3823 -4548
-4469 -2750
4569 -883
-4507 -3302
6381 7199
-4652 -7129
-6309 -1882
-5573 2188
6369 -3341
-1953 1161
-51 -9033
3869 -1179
2315 -7262
589 1329
6534 5101
58 -4245
-4822 640
7539 3512
4876 3940
-3766 4271
5221 -8460
689 2992
5288 -7548
6162 -5337
-6427 7069
2504 -4673
-7383 -4902
-2503 -4596
8436 2785
-4288 5178
-2843 -78
5803 -1835
-7255 -7044
3957 3723
-7229 7994
-2084 -5843
-4482 130
624 -3307
-816 7930
-8329 -2843
5402 -7736
-1386 8569
7666 4442
-823 -3741
2690 7805
-6155 -464
-4308 -5783
-7223 -6664
-6462 -4009
7417 3618
-69 -7246
-6898 7372
7672 -5795
-674 1169
1419 -8191
-4614 -2852
-7300 -6920
-644 7117
-2034 -5957
-4290 1116
-5167 -341
-2129 -5974
994 -4267
-1794 -3415
2314 -6814
7673 4854
6374 -4734
-5887 -948
-3468 5487
-6987 4766
3622 2549
-2272 -3791
-1967 -1206
-4728 3358
1300 103
-6252 7868
-6768 -4859
-3020 -5460
7294 -5209
-5655 941
5193 2009
4371 -4830
-2563 -3460
1950 5317
6438 6559
-4451 5737
508 -7070
-4705 454
-5893 7344
6780 7577
7981 5160
-3761 -4643
7892 4876
-6310 1645
-4557 -2903
-4421 -86
2351 -6895
-7818 -2672
-4946 3822
-3566 -180
279 8236
-7325 -126
-4971 6557
-4266 -1144
1028 -6973
5982 7128
-2604 -1750
-6254 -5052
-4468 7504
5993 -5518
-2038 1120
5036 875
-4824 8264
-1050 3293
-525 7930
2052 5264
-6311 8107
-5811 7847
8397 5492
-5051 5080
1493 -8015
-6482 -5297
-3304 1738
-3880 7864
5529 -7364
-9775 -1214
-211 -7581
7879 5419
-4600 5528
-2201 -6109
2763 -6773
5817 2231
4892 4679
-4417 -6964
-1877 -5793
-7151 8195
-7217 -6608
-4462 -7123
-4355 -2554
-6169 7931
-4498 -2987
6475 6800
1996 -4284
1925 -581
-1184 -1967
7970 -2187
-4633 -3042
-6891 -4446
5790 -7415
361 1637
3637 4241
-3287 7897
-305 -3594
-3132 155
-4073 -5135
8040 -5308
-581 -2449
-1783 1034
-7525 -1610
-5101 3562
3144 7556
929 -8954
-7591 -6862
-4891 1482
-6287 -417
-4266 7822
4795 635
5685 -3046
3312 4415
-2679 -3987
5996 -8124
8424 -1511
-4416 998
3387 -3219
12 2471
-5620 -1458
6935 -5704
-7576 -1699
-7919 -1510
-776 3513
5268 -7685
-6355 5583
2965 6258
-2173 -3381
5324 4596
6207 4709
-3825 -5293
-6175 7383
-1989 -2043
-875 3687
-2099 1060
-3431 822
-4061 7108
-46 -6596
4361 2061
-2231 -3359
-3334 -1586
-7597 -2496
5200 -7339
-3479 6295
8330 -5901
1793 1490
6266 -966
7920 -187
2382 -6696
-7417 -4242
-4332 5129
-4462 -588
-4549 6543
-4878 -6395
-802 6404
-4172 -6233
-947 -7691
-6564 2039
5593 786
8108 5154
5593 -7012
4715 -4939
7100 -2964
7652 3291
-2121 7400
-6562 306
7990 -5790
4807 4746
-4781 -6592
6612 -3168
954 -6936
5144 -6411
-4545 -2270
-6854 3379
5395 -7793
6143 -2923
8053 5520
8210 4712
-2454 963
-4742 -2492
-7493 -7026
7718 -5668
-4256 -2922
6476 7460
1824 -2
436 -1883
813 -4549
-4811 -2888
-4511 -3035
-6393 -5558
3889 -1814
-7805 -3782
-6918 -6791
-5714 -1883
-6478 -1788
-4808 -3122
5499 -7504
-6904 2895
-4089 7177
2869 -4182
4051 3881
-551 -3897
-6197 2274
-1878 894
2237 -551
-7432 -6905
142 6372
-2763 -3593
-3581 -4928
-1855 -5674
2372 -6079
2548 7480
8061 5156
-4982 1277
-7099 1764
-7236 -7087
5646 5438
5530 -7536
868 -8654
-6231 -5008
-3266 384
-892 -4848
-674 -4368
6792 7103
-3343 -1678
-682 9005
7251 -3303
2688 -6184
7582 3340
-322 -1884
-1650 -5417
-2878 -413
-3591 -5026
4716 940
487 -8046
4026 7325
-2613 -1200
7545 3593
2862 -664
-6858 1804
2534 7819
-6067 8372
-6649 5106
1648 -6544
4924 1272
4915 1510
-3397 7298
-9607 -3197
3326 7706
-4316 -4213
-1184 -4974
-3099 5076
1491 -427
6123 6887
6865 -2996
-6835 -4469
5032 1447
-4846 1148
-4578 -2502
5821 244
6412 -6824
-477 1900
568 -6753
3320 -6065
1689 -7103
3468 3330
-2431 -757
-1701 -3518
-2046 981
-6911 2163
536 1476
-5748 -4992
-989 7400
-5887 7583
-5108 -7220
2080 491
-6326 -2798
7675 5528
-8455 -2144
4135 7029
-797 8975
-1873 702
7311 3320
3960 7248
2302 -7191
8075 -5576
-1773 -5849
4863 -1183
6668 7333
-5807 -936
-4972 -6961
-6671 -4552
-6420 2045
7255 3240
2553 -6472
2248 3596
-30 7489
-1983 -5818
-7328 -2409
-3126 -1711
1985 -6613
7332 3489
-1660 4649
-1105 3007
8130 -5548
-2085 -5731
1811 972
-872 2219
-3815 -6733
5035 1158
7956 5520
2055 8079
-6702 1846
2035 4048
2030 -399
-6097 6656
2548 6192
-1633 600
1464 5459
-2142 -3401
5671 3061
2424 4276
-6048 263
3105 4139
-4827 7302
-5884 7880
-3437 1030
-4724 -6590
5102 1755
-9025 -1611
-3451 -1037
4780 330
1078 5951
971 -7070
-460 2627
3561 -3170
3017 -3758
1176 -7276
7707 2985
-174 -6534
-4070 -6543
7911 -5857
8474 5184
1176 -3776
8427 -6033
-5163 2362
6859 4220
6231 -7747
-6209 8183
2727 5011
7517 3596
8793 -81
-5487 3069
-6411 7290
2498 6413
-3930 690
-4648 -7066
2403 -5094
-3600 -4160
-4131 -3155
3998 4946
-4566 -5989
2535 860
3669 -2160
-4517 59
6597 7158
1018 2776
2443 -6455
622 2134
6341 3332
-6243 1607
5383 -7430
-1561 -3709
-756 4893
201 7469
-7135 -7456
5972 5444
-6882 3274
5014 -5094
4478 -1146
-5370 -7733
5138 747
-6961 1769
2265 -138
6586 5457
5311 1517
2892 3338
7071 -5661
-2285 -3656
893 1934
8053 -5794
2334 -6454
-4486 -2846
-7504 -4777
2796 6076
-7720 8314
28 8775
-5030 -549
1414 -5169
7944 -5696
-3741 7616
-1033 7864
6070 7234
6037 4310
1723 5939
-707 3903
-1572 4692
8061 4905
2792 -284
-1250 8423
7910 -251
-6624 3331
-3959 904
5445 -7297
-5095 6191
6022 -4750
-6575 2268
1126 3775
-85 -7804
-6 4695
-2379 978
8034 -5757
8135 -5697
7952 -5527
5383 1753
7954 -5820
-7438 -6750
-6779 -5007
-4899 -6504
4059 7057
-6912 -4460
-7702 4951
-3002 -5889
-2686 -5716
822 -9010
-922 3601
-5420 -1359
5540 -7393
834 56
3524 4304
8084 3445
3764 -2397
5297 -1310
-6618 -4470
-4361 7761
-7283 -7175
4854 1215
2714 4957
353 1646
7962 5220
-1036 -8601
-4490 -6281
423 1399
-6853 -4218
-6627 -4724
5570 -7208
-7502 -6324
-6055 -4922
-1433 -582
-3722 -5728
-1002 -4716
5588 -7586
3090 3220
1761 417
-4595 4979
-2410 21
8335 3532
4427 -5439
5768 3632
-3290 -4725
-6643 -2920
-4201 841
2460 -933
-3796 8327
-423 2712
2665 6288
-6600 -4787
3189 7579
-3371 262
-1770 -40
3389 8260
-4493 -7419
7834 2997
5135 1427
5144 -7525
7292 3125
-3291 6458
-4215 -6936
8123 -5520
6178 -3639
2556 -3637
-7378 -6818
-3267 7930
-5999 7187
-7018 1760
5907 -2637
1777 -6609
249 -2532
1774 5342
6562 -4172
2507 -7104
-2681 -481
-1705 -2734
-2628 -1550
-3660 -5670
-3663 7770
-5382 5366
1108 -3719
7825 -5405
8483 4906
7480 2217
-1736 317
-331 -4136
-3583 -4284
7910 -6092
8205 -5701
-7088 5413
-6771 2080
5073 4515
-4172 -4979
-278 4111
7112 -539
8079 -5802
-2133 -3084
2360 -4421
5317 -7699
-2282 -364
-3499 7350
5744 -4315
1544 2326
2478 4893
-915 3460
-2587 -3800
-2092 -3202
1132 92
-4527 -2960
2203 -419
-3221 6890
2813 -3791
-3251 -5396
-4629 7714
-6795 7521
-7972 -2326
-4337 -2812
-6340 1950
-4351 -6798
2017 -6614
650 2946
235 3955
-373 -2458
7774 5038
-6674 -1577
-4763 -2954
-5763 2208
-6223 1555
6131 -5252
-7366 -6983
-3627 1812
1460 -5958
3595 7389
2934 6847
-6697 2257
7719 5059
-6550 -4728
-114 6556
-4426 -2864
5125 -5499
4958 -4384
-6609 1933
1972 -456
-2033 -2349
6800 6490
3067 2008
-1588 -5643
6848 6873
2497 -5071
1394 1247
-3903 -5255
1379 2804
-6355 -7085
8023 -6317
6690 7049
2521 1498
5958 -7844
-2623 -2338
7670 5131
2417 3063
-3193 -2680
-1196 -5536
-4361 -3832
1129 -2813
5572 -6145
1000 -6132
1707 2176
-4664 5295
-977 8016
-1554 -5854
-4386 -2518
-3079 -6331
-4400 -7410
5649 4832
-218 9705
2774 -6571
2035 -6705
-4958 -2765
-3989 3228
3391 1603
208 -7746
-511 -3107
-6702 2101
7864 -5663
-1632 -5754
6056 -3776
6781 4292
-4985 -7073
-4787 -2776
2105 -188
3475 -1068
-1502 -800
-3248 3636
2600 8424
-5486 -1351
3364 -3875
-7682 -892
1849 -7181
5498 5186
5872 -5257
2205 3
3428 7765
-6512 4825
3078 7673
-3173 7928
-3846 -7686
-7829 -7255
2682 -242
-4282 7307
6069 4738
-2379 -3850
-2960 645
5864 -7529
6153 7050
-1448 -5220
-4408 4496
-4147 -2386
7776 2620
5368 -7408
-5518 3183
1783 -59
7139 -6205
-1042 4558
-834 -6352
-2968 4313
4746 -1358
4344 8375
3963 -1958
2631 1758
8215 3518
-2991 -383
2294 -1163
-732 3696
-1797 985
-7659 -6902
-1746 4045
276 -3776
-2517 -3750
8184 -5646
-5328 7967
-4689 -3016
3934 4363
-6611 4212
-7248 -7027
-4886 -2175
2274 -7012
-2335 -3077
6997 -3073
-4513 -3846
2599 2862
-6819 1839
3053 8512
-1 6716
6308 -2056
-5570 -1797
-6366 7352
-2513 -385
909 -4096
-3516 -4374
-4693 983
1840 2283
-734 -7882
-6261 1572
4840 -4802
6621 6570
-4890 7253
-4832 -5906
-6590 -4879
-7212 -7025
7923 -5627
-4403 -2674
7814 -5844
-617 7232
6402 -1592
471 -7786
1865 -2926
-4250 -7714
2771 -6894
-6831 -6856
407 -8217
4621 1583
-7208 -7811
-6376 7405
-3776 6440
5452 1524
5593 -7904
1686 2231
-6733 -818
5147 -4939
-3542 -4463
-7350 -7092
1988 3422
-677 7083
5055 1781
-6476 -4517
7901 3061
-5839 4153
-6079 -4798
7658 4902
-3408 7943
-7677 -7453
-5954 -4590
-6792 -4381
-3577 -4452
6516 4335
6445 -3211
-4521 -7486
5918 -4808
-4255 6586
6817 -1054
-6619 -2031
-1798 2623
-2696 -4163
-5997 -4971
-5104 -7076
7994 -5668
-1901 -3085
2123 1312
7206 3436
2308 5782
954 592
-3425 590
-7172 -2616
4400 -1854
3481 2922
-4089 -185
6538 -2718
-6905 2104
-2560 -3674
7107 -1798
-3910 -4753
3149 3262
2768 -4863
2521 -7023
-586 -6709
5283 -7794
8032 3613
2719 -3763
6643 6996
-6174 3220
-6607 -1802
-4164 -5251
4623 -4740
1094 -7929
2317 5282
-5472 8669
-608 4705
3957 -870
-3678 -5644
-5266 1291
-4112 -6434
-6669 8678
-3362 -4043
-1305 -5481
2171 -310
6362 6717
6156 4653
2873 440
-7591 -2874
5709 4872
7876 5040
-2379 -959
4472 5175
-6042 -5247
-4419 135
2244 -385
-5904 7767
2857 -3611
-8151 4990
342 -6676
-1867 -5682
-5265 -670
-2697 -5549
-6203 4868
5738 -4335
7431 -2960
-7424 8731
7759 3316
2197 -6975
7066 -2791
44 -3252
5772 -2837
7692 -5539
8534 5083
-2637 -2277
5199 -7862
-750 2746
-1701 1889
5682 4586
-901 7699
8549 5413
7913 3379
-2175 -6197
-151 -7142
3824 1750
-3480 4762
-2127 1245
8052 -1282
-7700 -1887
-1012 3858
6128 -2926
-1653 -3594
3434 -2748
-641 6953
6521 -6435
-6627 -4633
5604 215
3727 -4014
-1755 -678
-7144 -4956
-2130 62
2640 -6563
-4026 -699
-4408 -2919
5576 645
6296 -3117
6215 7296
-6844 1777
1134 1584
2826 -2160
2003 -4693
2691 -6189
-4434 -2373
1517 -545
1179 3267
6678 -5126
-6823 -309
-7048 1727
-348 7394
6172 -2447
8065 5229
5316 -4517
1945 -6631
-1047 6740
-2873 -3687
-9000 -3051
-4506 -5709
763 -8819
8057 3368
-4595 6504
-8599 -583
-1161 3603
-7324 2747
1793 -3183
5403 -6446
-7046 2161
6192 6742
4349 -1716
-4321 -2471
6357 7412
5424 -4673
514 -850
7876 -5867
-7195 1909
1816 -6848
3305 -1276
-1412 -5550
-3899 -302
8115 -5699
501 2467
-5721 -1945
-4294 -2904
3486 8725
6548 7012
3307 8067
-6800 -4414
1703 -86
-6150 145
2354 2042
-5478 4173
-5837 338
-699 8602
-1953 1349
6454 6942
4310 -356
7754 2942
2956 -3064
-3830 7215
-5689 8593
-2356 744
-4210 -2640
-2784 848
-6154 -4904
973 1908
-3107 4984
244 -6417
7756 -1353
7727 -6039
-3923 7498
-2000 -744
-2342 1303
-4377 -2905
-147 3328
-5971 -2479
-1275 7355
4236 -2696
231 -7892
-1825 942
2271 242
-7251 -8308
-4767 1039
-917 8621
-3361 -6098
-4487 -2598
-1168 1521
-3207 -5772
-4543 -7010
7150 -2954
8147 1262
6280 6424
896 -6404
-1997 -695
-1060 3824
7520 5495
6549 5513
3588 8542
3733 8500
3829 3594
-3984 -6910
-1890 984
5349 -7415
1396 3227
-1802 7410
-7518 8725
3578 -1422
4820 3753
3212 1655
-2454 -1553
5091 1991
7005 -1037
-1268 3607
2316 4112
6255 -2506
-3605 3742
-4411 -4178
-4031 1100
-1738 -6078
-6517 -4293
-6729 6842
1840 -6885
-4085 8202
-653 -6879
5739 6650
5689 -5213
7358 2965
-6212 3848
7420 2888
-4647 975
7877 4993
-1772 5276
7636 2937
2515 -6962
2954 6677
-3878 4811
2566 -3353
1594 2196
-708 8373
8457 -5710
-6774 -7241
4167 -1940
8694 -337
8070 5162
-4656 -6708
-7422 -4017
2299 7565
6149 1448
-6930 4668
-6870 1636
-847 -7729
-6491 1854
8189 5278
-4491 -3198
-9105 -1336
1490 5087
-2477 8799
7566 -5473
2016 -3653
-7390 2028
292 -8087
2311 5183
-2746 -2876
1468 2695
348 3710
-1335 2631
8432 3518
3131 7403
7845 5989
-1290 -5119
2991 6501
4950 -4945
5691 -5340
431 1070
763 2547
6326 7004
6798 -2188
2081 -4524
-1539 3395
3595 4487
-3807 5869
-4323 -2954
-1990 -4176
3203 -5608
-1792 -3342
1648 2874
-5322 -1530
-2281 885
-2064 932
240 2591
-7302 -7266
6176 -6245
-6584 -4588
-7599 -6843
-6706 -4538
-4600 4361
-2225 -5052
2786 -4183
-6714 6978
-3784 -4368
2413 -6516
-1564 3328
-2094 -1900
-8036 -6657
-6181 1995
7787 -871
-2721 -4973
-5742 6710
-1818 -5372
3485 4085
-6752 1891
-7875 -7029
2885 7101
-4608 -7645
-3784 -4510
7383 3613
4051 -892
-501 4107
2541 -6576
-6641 7426
502 1766
-4232 -6534
8003 3068
3378 -1051
315 -5764
-1491 -8488
-5755 1488
-93 4308
-1360 878
-6855 1930
-641 -3881
7640 5273
-6609 2140
3539 -4492
-4070 6114
6275 -4312
-934 7492
-4399 7798
-2164 -8
-3244 925
-5075 2528
6116 5122
2298 -7283
5472 -5864
-782 2852
2327 3596
-1322 -528
6928 3095
-673 4577
-3754 -4561
2979 -3755
2597 1469
-1906 979
-6136 5187
-6220 8125
-289 1686
2611 1046
-2817 5834
1201 -4115
6590 7194
1136 -3764
-4931 -4873
4147 -5077
-847 2379
30 2572
5080 -5926
-304 -4817
-4481 -2733
-826 -6290
-4520 -6440
-6700 3842
-1018 5136
6688 6787
-430 -7155
-6969 -4007
3221 5295
2368 7886
112 1995
-6659 -4733
-954 4010
-2171 1173
6501 -2892
229 -6990
-2553 -2979
1624 -745
1378 -312
7818 -876
-2389 -3174
-1750 -3277
3641 209
7757 2914
-1660 8045
-168 4410
4747 1453
55 -2845
8304 3373
5873 -5307
2237 324
8050 4654
5394 3864
-7097 -7245
-5013 2625
-4560 -2348
-7137 8074
-7436 -6706
-5696 2602
7990 5291
2848 3565
-1463 -1378
5692 -7739
5340 -7549
-4789 7523
2192 -6859
-4480 -3206
-1856 921
-2508 -354
-7437 -6866
8236 5088
3565 3455
1268 -7623
-3726 7445
-1504 -5740
5278 -7513
-2597 -2845
3274 7598
6670 7542
-2767 -3728
-5222 -931
2367 -6750
1929 -132
8952 22
5730 3494
2210 -6674
6972 -2347
-1965 -3992
-3950 461
2972 5458
-3823 5062
6055 -5948
-7366 -794
2346 -6652
-642 4466
4513 503
4279 -1476
4387 4134
-4986 -6710
-7802 -2433
1316 1107
6251 -4793
2032 -7079
6674 5365
-3582 -6177
355 -3941
4336 1285
4956 6331
1204 4950
4034 7462
4053 7448
3850 -1932
-5774 2786
5340 -7659
6983 4268
-7739 -7004
-4191 5341
2293 -6710
-1420 -3844
-1178 7196
-2882 2148
7844 3048
4649 3995
471 -7145
-4332 -4411
2938 5666
-3374 4386
6412 -5774
-7789 -2359
1515 -7247
-7242 -7061
-2004 929
5654 -2930
-8249 -3063
-6354 6929
2517 -6092
-1879 -1236
-6552 2055
-1617 8751
-6823 1929
-6719 1954
-7436 -3349
-2053 -1449
7335 -2663
1866 -6731
-1760 1107
-6526 3284
3112 -6150
7813 3238
-6822 2302
-4638 8777
-3536 -6852
3012 4607
-4912 -1060
-7837 4568
2333 3840
7870 -5946
-4771 3201
-6266 -2902
5263 -7516
5099 -7579
-4821 -6893
1331 -338
7665 2273
3537 7228
-5465 1349
-1612 913
-5454 1176
3382 5931
-3408 -4536
-8360 -356
-6600 -7372
-3625 -1111
2178 6827
2309 -7198
-54 -1835
657 8795
1694 5511
1926 209
-1208 -5588
-7155 -7239
-4178 -7271
8179 4909
-6320 1499
4532 6948
-5486 2780
-257 4620
-8152 -2558
2347 -6632
2776 3954
6145 4459
-3873 6932
-1869 -2946
6791 6893
-7507 -7339
-4062 -2494
1637 -4330
-3403 510
8288 649
-1487 -5257
6912 -5244
-4158 4515
-3347 -277
6697 -5775
-1841 1009
6160 -2816
-6377 7276
-6787 2465
6 8109
3007 8506
-2246 -3627
-6470 -4227
-6959 -6760
-5542 3879
8398 103
9028 -498
-3388 -5345
-5732 4262
-3834 -7397
6811 7170
-1444 -6464
8085 -5743
-4282 669
7991 -2209
-2945 48
2382 -6710
4568 5254
-7226 -7349
4528 5145
6744 -3837
7795 5272
-3990 -6740
2839 -854
-508 -8408
-2264 -6191
-528 7386
-1410 -6146
7790 5276
5928 1800
2553 7207
-1788 -4338
-2072 1043
2349 -305
1788 110
-1480 -5842
-3970 4466
6150 -2076
-6385 1128
3760 -1807
5349 -7663
5387 -5306
-1864 -2907
-5707 4934
-2042 -1448
-5301 -7603
-4196 3962
7305 3082
2081 3033
-3961 -3664
-6401 2033
6886 7237
4650 -881
1494 6548
-4762 -6955
-1991 1075
1932 5332
4440 -4176
-6624 -7108
-6465 3537
5877 -5396
6374 -6210
354 7077
-4494 -2757
-4564 -6704
3239 6217
-4597 -2788
8086 -5556
1472 1939
-1973 959
-4161 7378
8731 3048
481 -8005
-2638 -2206
1488 -6155
5776 4921
-4249 -3288
-7832 -7763
7998 4908
-1981 -5718
2159 -173
4688 -3010
-4345 5359
4935 1298
2403 6207
-1862 1200
-141 -4047
8419 -1218
8605 3356
-7999 4154
3544 7267
-1820 -5497
2841 -6996
5393 1160
-4798 784
8335 5401
-3345 -3377
-4390 -7101
-7218 -4858
4200 7809
2471 8951
1420 -639
1391 5635
-2500 -5511
-3205 1655
3494 -2117
-7444 -6724
-2398 654
5560 -559
1150 2296
2142 1198
6602 -1101
3581 3888
-4160 -6753
3492 -1190
-4640 -6845
-747 4145
2603 281
2927 -5124
-4350 -2706
4596 3942
-1032 -772
4848 -1637
2162 7618
1989 -6464
-2041 -5418
1952 -688
-3879 -3696
2777 3092
2536 -6685
2273 201
2303 2785
-7494 4749
1479 -16
-57 -7265
-377 7339
1677 3370
2 -5768
-1491 5252
-3414 -5424
-2424 -2635
7939 3160
2600 -6330
-6686 1765
8194 5201
-6720 1792
6362 6696
-449 3615
6608 3990
-5091 -7304
7401 3156
8351 -289
2346 -3677
-4282 -5128
6304 7060
8136 -3626
-1109 3630
274 2768
-7398 -3491
4744 3505
7387 2837
-624 -7245
-275 -8557
9381 -1130
-6000 7085
-4801 -7022
-485 -3227
-1333 -7659
-4632 6531
6460 2606
-7346 -4793
5158 579
-2147 831
-3784 961
-3180 -1385
7732 2984
7798 -769
-637 -6711
-1351 -4140
-6485 1640
-2859 -3272
-6427 1989
5352 -7763
1776 1152
1614 -3231
-5220 -791
-8290 -1370
5084 -7728
2806 -6915
2824 6845
1329 1964
5912 4007
-4984 -6583
-328 4059
-6626 1812
5170 917
-6609 2086
-1446 -6039
-6963 -7829
-6408 2342
5946 6467
3548 -4916
4441 -1319
2489 -3903
-4236 7459
-7135 -6799
-4775 1837
6250 4866
-7978 -798
4028 3059
1996 428
-4603 -2484
5707 -7311
-4628 -7026
-6987 4102
-4523 -2779
-1067 -4994
4439 -1755
5248 -7506
5285 -1443
-7055 4194
-2054 929
-4388 -5113
-2019 -5880
176 -4000
-1930 -5435
-4613 7340
7823 5371
-7085 -4382
-5120 -4078
5708 -6320
-1051 7241
-6745 2073
4494 612
3356 2915
-1934 1062
-7161 -4867
2193 3545
7974 -5882
1964 -4762
1148 -2615
5491 1506
2482 6363
-696 8035
1838 -28
1629 691
-110 8905
8023 -5599
4995 -7360
5705 -7483
8459 3003
-6522 7244
2017 -530
-4630 4908
-4395 363
-6505 4047
-1987 1247
-1322 2284
3840 2538
5807 -4998
-3182 -1983
478 1412
-6545 7526
2275 -7268
8100 -6153
2359 -2596
-7041 -6917
-6667 1782
-4546 -3785
1723 2293
3412 -2622
-2054 -2429
-5495 6242
6299 1017
7947 -507
2463 -135
-6997 -6444
-1857 1198
-6801 1598
1661 -353
-7532 585
7671 2424
-7338 7128
-4621 -2725
-5809 -1576
-3756 3877
4972 -6382
1482 -4092
7588 3231
5074 -7596
-7793 -2557
3528 -1502
-3581 1253
218 -8274
-6432 7188
5729 -7838
-1384 -5058
5668 1593
564 404
-4242 4350
3687 6997
-1866 1209
-3104 4320
8050 -5908
-5635 -2422
-5854 4304
2751 -2015
8311 2449
-4703 -7192
4977 -5887
-5012 -7364
5235 849
2410 -7038
8146 -5947
-2361 -3802
-668 8079
-9333 -2309
4431 -5068
-3753 -6690
-4758 -2659
-9094 -1175
8117 5295
-5544 5992
8192 -5325
5103 927
-1703 -5622
-3878 -3979
6424 5759
-2236 -3428
-2733 7520
-6083 -638
7051 -3793
1712 -1474
6574 -2793
5648 -7783
-3361 719
-7258 -2670
2472 191
-1870 -1129
-1840 -5475
-931 4391
-9173 -453
-1150 5002
2571 -447
-7634 -7096
-3811 6965
-30 2723
-590 3888
2334 -5316
5151 1368
-7141 5137
3553 2719
4435 -2555
-3430 -6048
-6821 7850
-6428 2378
2695 4878
5184 3574
-7160 -6853
7550 5297
-4274 -2282
3090 8112
4516 7426
7545 2918
-132 4174
3440 -3738
4838 1227
2179 -282
2466 -4265
-4077 -7140
3063 -5500
46 -8743
-6332 7474
-7246 -4895
111 -8154
-305 -3133
-1768 1516
8113 -6081
-1534 3132
4509 -5740
-4292 -4830
5469 -7832
2898 7873
3349 4667
5416 -7115
2363 -6614
-3816 -4856
2125 5534
6743 -2744
7592 5373
-6755 3791
8458 3131
8441 1
-3791 7132
5784 -5047
7165 -2181
-5417 2914
-6468 -4397
7734 3315
-4622 -7405
6657 4561
-3877 7657
7068 -528
998 2615
2764 -5051
-2234 1111
-1388 -5474
238 -7250
-1610 1403
8215 4797
2451 -4854
5870 4316
4657 3250
-3554 -4000
-1160 7289
245 2223
888 8003
667 -2894
2582 -671
-7417 -6994
-6988 -4616
-6627 -4147
2835 5749
7104 7136
-7116 8669
2677 7140
-2190 -6190
3164 5429
8259 -5739
5429 1859
-5486 4877
-781 -3906
-8123 -2274
7623 3284
5579 -7602
8264 5102
-2017 -3903
-7078 -6841
278 2889
-6502 -4730
-6559 -4120
5694 651
4811 5041
2308 -6617
-7265 -7151
5576 -7871
-2981 -3927
-3857 1082
6093 6394
-6746 8113
7764 5925
2980 7057
-4838 661
-3237 2515
-4241 6730
2763 -6628
-6724 2206
5101 3929
-7502 -7328
-1321 -250
7985 3233
5151 5158
5127 3133
4372 6184
5421 -7553
2556 -6833
7746 -998
-2965 7456
4120 7913
-2825 -3267
8611 -1676
6252 7028
1964 -1564
-4266 1752
-22 4256
-4434 -2699
3867 4156
-4442 -7549
8078 4916
-7701 -7695
-2413 -805
-7060 -6721
6579 43
2438 -4444
-6109 -3467
4608 7500
-5913 -1262
-5736 -578
-8970 -2449
-2496 -3247
5202 -7530
-1123 -4616
6239 6811
205 4599
3542 4491
8075 -1907
34 3400
-3835 8217
7310 -3654
-2374 717
5238 -7341
4263 4504
302 3921
1394 2322
1033 -8331
2252 6415
-4508 -7101
-3349 5061
1725 -591
-4893 -6877
-1384 7693
-6405 -4135
-4811 1618
-3655 -5122
-2229 -3408
-874 8570
-8545 -3716
-4322 -6999
1690 2518
229 3422
1526 519
-7043 -7897
-576 2220
-9670 -3410
-7067 3357
7937 2952
-1827 1097
2384 6492
-1970 539
-2469 3036
-4237 4428
8066 -5726
-402 -7844
-6390 2029
7045 -2893
5260 -6112
-2327 -478
8233 -5614
-3265 9144
-2310 1093
4668 7324
7891 5507
6128 -3065
1903 5848
-4929 -2783
5698 862
289 -3725
6321 4482
4286 5897
4779 956
2206 4156
-4851 -2668
1 3677
-6203 8579
-6506 -4162
-8086 -2900
-1752 -5668
1853 -873
2925 7369
-3494 1377
4878 1484
2270 -6363
-5493 7531
-6776 7440
-4496 3615
-6325 -1030
-1936 -3445
6680 4022
-750 -3713
-910 4793
8322 5424
8299 -5777
-4894 -4150
5362 -8004
4154 5885
5416 -7317
-3956 -4553
5606 -4537
2591 3748
-7297 4265
7810 5287
5386 -7403
-515 6143
3321 -1069
8401 -5862
-4111 -3861
5382 -7177
6936 4856
-6993 -4470
-5917 -4691
5723 3840
4831 1489
-7238 -7129
4862 -7381
-7776 -7107
-5858 4102
-1080 4143
2276 -4011
-2160 1012
2343 -260
2713 8238
-1815 -5462
2125 4971
1130 -8178
-4115 -4336
2105 6365
-7279 7574
-4574 4829
7616 2503
-7166 1716
7993 -775
-2585 4189
2294 -6834
-673 3810
-7474 -1657
-7677 -3682
7920 2190
1638 3007
7947 3287
2834 5057
7797 -5688
-5499 3550
3081 2708
-2173 -3567
-783 3290
246 3393
-6545 -1533
-2057 -3815
2347 5346
7184 5877
3512 378
-1983 765
-6798 1945
-6847 -208
-6531 -6852
2226 -6881
-523 -6032
-1872 981
-6936 -7163
-3839 -4825
-3566 609
-4232 -5567
-3875 7524
-4239 7470
2025 -6744
7861 3187
-592 7555
-4815 6983
2278 6960
6754 4588
2244 -6559
6676 -2278
-2172 -3347
5566 -4956
-1982 -5537
-6934 1609
5800 -7052
7846 5351
8208 3119
3530 8588
-5719 -2129
-6433 -1577
-2311 -3145
-2389 959
1917 2808
7715 5232
-4214 -2493
-5709 8636
5048 -5549
-7168 -7435
-1002 -3949
1792 7477
-3506 7256
6270 -5527
2707 225
4385 -2009
5328 -5843
-2053 918
-7937 -1999
5579 -7339
3607 6060
2202 2635
2960 4926
-4346 -2333
5195 5110
-3098 8286
-2310 -4084
4159 -679
7530 2972
6014 4894
7291 -3072
-342 -2388
-6439 -1820
-4785 -2461
-681 -1546
1765 4240
166 2247
1339 -603
6910 4271
1709 2295
1386 111
5286 2713
5361 4616
-6803 -5123
7860 4031
-792 3233
5917 4482
4530 954
2464 642
2253 -7008
-3766 -5180
-6478 2015
2865 -1494
2855 6854
2330 5721
6503 -3553
5883 4289
4156 -1294
-6823 1643
5587 -7682
5752 -6201
-7710 7903
7541 -1074
2202 -6803
-6896 8297
-6717 1473
3350 6505
-5300 -1314
2606 -6652
-6495 -4516
7918 5082
-5791 7704
-7952 -2431
-3077 1188
4297 89
-7861 -2868
535 6213
-7461 -7271
-6339 -3937
2988 7881
-4764 -6690
3342 -1102
2929 -4476
-5797 2525
-5031 4296
-1476 -5067
3595 7080
-1385 6615
7764 3605
5804 3343
6967 6912
-5335 4251
1712 567
5696 1993
-19 926
2060 -893
-6679 1867
2518 -4463
8219 -108
7256 3297
-4252 -2000
-6838 -1222
676 620
5022 953
3181 7079
3613 -2059
4413 -1439
-4610 -2572
8614 -1660
-6893 -7101
7685 -858
2856 3274
-427 3437
-7475 -6693
7932 2602
-4207 5548
-6681 1788
-4075 7632
2732 -3466
-5022 -2761
-4161 6975
-6581 2353
7832 4989
-3534 -4460
-5500 7946
-8424 -3164
2776 6686
7830 -5448
1653 3929
-6165 -5380
3526 -2423
-5104 5243
-8608 -3148
-7687 -3374
-2023 1031
2259 7250
6157 3948
6312 -2985
-605 2006
-720 -9310
-2230 835
-7061 -7003
511 -6918
-4642 -3036
-5911 4271
5530 1597
-6517 -204
-7639 -7317
4034 -1907
5655 934
-4646 -2879
4308 7960
7714 5111
-6783 -4230
8436 3725
-3775 -4318
-1977 -2149
-5005 -2773
-660 -63
5980 -7305
6499 6839
-30 6836
7454 5048
7478 4992
2600 -6760
8457 -3214
-4137 -2772
-4184 5611
-2391 1023
3935 -2146
-358 -3885
-1058 3633
2398 -1140
7962 -5405
-4284 -7111
-5579 124
-2045 1009
-3350 -4515
-5417 -564
8477 5251
5310 -7531
-6577 -286
-2147 1332
-1699 -5917
8120 5125
3087 -3128
1940 -1003
-5199 3808
-3794 8407
-7405 -7324
-2686 -3290
2063 -6422
4984 -1413
2738 -7106
3061 -961
-3022 807
5258 -7295
-3584 -4653
3777 -1946
-3772 3815
-532 6928
9810 175
2794 2897
2309 -6665
7226 -2268
2312 -284
-8 6174
-5267 -7172
8140 -5587
-2053 1466
-2453 -3167
4000 -4550
6374 6709
2163 -6851
-7520 -6905
-2164 -3907
3947 481
5005 -1656
-4912 -2767
5527 -7809
751 -7644
3321 -4264
6345 -4348
-2081 1107
-285 4238
2832 -4214
-1928 -3839
-4379 7157
-6084 -4485
7755 3204
1142 -7499
-946 -7618
7000 -2552
4899 951
-1615 -5907
7332 -5784
5721 -7866
5338 5135
3197 -2267
8040 3236
-4550 -6444
-5458 -1244
1993 -6919
-1768 1053
-6036 3369
-7230 6661
-3266 5203
-189 -3109
-3604 7969
2713 3445
-2905 -2087
2917 4313
2233 -6460
-2586 -430
2005 -742
957 2753
-640 6816
6516 -1605
-1682 690
770 4785
1679 -545
1973 6448
4813 1080
501 2437
-6958 605
8034 -1651
2449 -175
3170 7695
601 -8818
5699 2309
8377 5144
-1403 -4913
5215 1268
5653 4765
-2447 1232
501 2891
-6506 1920
-1671 4117
7977 -5483
7922 2901
765 2728
-6994 2022
278 -7239
-7947 -7060
-2246 -24
7555 3844
-4327 -2659
5295 -6041
-7103 -6775
356 3736
-3752 6307
6372 7349
7783 3419
4267 4161
-5236 5851
-6981 2107
-6837 -4346
-7098 -7545
1565 -6058
547 -8588
7825 -5922
1918 4816
7075 335
3763 4487
-5871 4626
-4331 -2861
-2690 -353
-6833 -7344
7736 4396
-6904 -7808
-1675 952
4661 3536
-1135 7673
-199 3239
5703 5957
2737 -552
2807 -6330
2560 -4546
-6411 8359
-1111 6908
4442 -2034
7551 2684
-6534 -4605
117 -2144
4495 -5882
4181 4128
6990 -4285
-3910 159
-402 7902
6243 -5180
-4576 -6399
1088 3193
8272 5098
7650 5077
-2362 -3836
6793 6553
-5925 2830
3636 7261
2080 314
3449 8143
-2121 -705
7629 5321
2166 -6549
-6564 1810
2172 -5839
-2994 7716
2708 -378
4299 -1926
-4361 7181
1938 1871
-4651 -6647
-3949 -860
6028 4994
6504 -2960
2286 5888
5337 -7661
-6762 -5189
8315 5012
-2154 1428
-7092 -4634
-4668 -2676
-3995 7266
-7443 -6398
3343 -1987
3912 7656
-6629 3735
-3065 -5913
-2713 -3327
2451 5451
7655 -3398
8412 3495
7780 -6099
2104 4123
-1156 -5806
571 -8261
-5442 -105
8170 4922
2059 -7246
-6199 -4846
1296 -4945
5905 -2694
-4775 676
-4791 8118
2320 216
-2299 -3643
5515 -5729
6409 -3121
-3584 -4627
2765 -4201
1975 -4272
3961 475
-200 7519
2930 6597
-1657 4665
-1044 4354
-4224 4954
-1589 -3962
12 -6737
-250 4721
-2756 84
-2848 4477
7852 4859
-5058 7276
385 1864
2621 -474
2739 6482
-1065 -5093
-4882 -6733
-4076 7231
-7573 8028
-1451 -6388
5179 456
-2105 2265
5016 -5188
-4462 1989
-7549 -6398
59 8255
265 -2115
-3965 -4275
3547 -2836
6482 -4623
1704 -535
2762 -6527
-1022 -5157
8911 -1898
-7094 5147
6666 247
-1668 -5669
3302 5385
6691 -149
-5444 -29
8068 5321
6845 2153
1194 -4376
6977 -4321
-1911 1502
2710 5820
1093 -3498
-3779 -374
-7445 4224
2298 -2026
5210 -7496
7589 2693
8005 -5872
7910 5274
6189 7265
-3511 3715
3013 5983
-666 1545
-1406 3891
8093 -5857
-6412 1953
3416 -4361
-3308 4302
-2673 -3484
4613 -3791
5018 -7572
2073 -546
-2733 5720
-7804 -7202
7505 4267
-4250 7610
-352 -7224
-6626 7999
-6608 -1260
-5124 -7060
-1957 4748
2444 -6486
5448 1225
3721 7802
-2118 -3391
-694 -1039
2533 5195
-5854 7681
-4794 -7337
-6968 2087
-6801 -4344
4107 -5618
2784 5443
-6060 -1564
-4137 -3043
-2311 -3744
-4769 -6648
-3634 7361
5878 -7709
2143 3333
5357 3331
6639 5201
4470 3218
-4671 4654
7458 2997
6609 6662
-3793 8401
7536 5565
5289 -8040
-6324 2319
-6597 -4366
-4934 -6932
5431 -7972
-7414 -7244
-5316 1007
8530 49
7767 5283
2216 6725
-7676 -6641
-5895 175
2526 -1363
-2567 -4273
-3961 1866
6600 6818
3375 -617
1812 -560
-1611 7904
8122 -27
3865 -1111
-4676 -5203
-2510 -3561
146 1972
2310 -6495
4215 1546
-814 3324
-2228 978
-392 1780
3271 1316
3683 -1591
-278 -7310
-6426 -4895
2531 5849
-6533 -4167
-1633 3511
-3840 -5321
-1090 7632
8237 4963
-3998 6930
-4665 -2670
7858 -6162
-6797 2255
7875 -1669
-1584 6065
5360 -7151
-1121 2965
-397 -2826
-5451 4825
333 2887
-3372 1375
6977 7347
-6290 -788
-1749 -5659
3559 1778
-4453 7382
-7816 -7608
-7464 4381
-6060 8443
2693 -6382
-6348 2100
8287 3257
1953 -9224
5667 239
5322 1955
-3837 -1252
-1467 -5434
5054 7355
8195 -5634
2508 -6743
-3854 -6660
5971 4372
-973 4031
-456 3390
8943 3759
-837 4660
5763 4334
8188 5192
-2613 -1652
-5202 -1
-724 8178
2321 -4341
-856 4199
3054 -5340
-4136 -2458
4101 -784
3928 -805
2519 -6362
1799 37
-7589 3056
1952 -6921
-4540 -6912
5255 974
-4789 -6481
2530 8161
-333 -3453
6733 -3249
8003 -5783
-7002 -6900
-2350 1369
-2006 913
-465 3994
7090 4836
6185 7375
-6453 -4886
1700 99
4672 2040
-6344 9499
1764 8363
2357 -146
-7755 -7145
7185 -2465
-1912 -4339
3113 7823
-2263 973
6158 7134
7585 3716
-4452 6976
-4108 2263
-5037 -1430
-2314 1457
2797 4420
176 2126
-881 -485
6575 -3543
-1769 1349
-5514 2993
2100 -450
-6953 -7260
5950 1330
-215 8130
5352 -4603
-3441 8212
-2834 4961
-6503 1969
5564 -7379
6784 -336
4969 -5756
-6708 1757
2415 2995
8004 2920
-4204 -2300
-2201 -1481
6631 7378
3546 -5544
7867 -725
4669 639
6644 6958
7288 -1593
3673 -1334
-2102 -3313
-2279 1198
-3390 6900
5691 -7323
-7185 1987
4108 1159
-8839 -1302
6493 -2392
-7645 -7011
-5689 4578
-3603 639
-6594 -4350
7861 3205
-2347 999
2689 -7014
5426 -4188
5518 -6638
1917 -484
7704 3380
1515 342
-2537 -2864
-8230 -7412
-5623 7287
5357 -5233
5936 -7625
-4048 6867
-6133 -3295
549 -3663
1830 999
5424 -7212
7139 84
-4985 -2953
3075 2664
8127 5157
5503 -7284
1586 -922
5039 818
-2107 -4646
-2297 1180
-7452 7701
7258 -2928
5827 4798
-3305 7529
-2770 -91
-7117 -4633
3062 5043
-6505 8454
4732 1670
-6888 1597
6803 -582
3870 6285
1292 -5140
-5709 4018
2938 7069
6602 -1442
-7647 4124
-5212 3628
-7378 -6728
-2617 -3224
2065 -6953
2428 -5499
1921 -186
2127 -6475
-224 7906
-339 2286
2201 -6956
-1179 3487
3690 3315
-1917 992
-1908 1015
-6227 5053
-7497 -6904
1551 -5379
-7949 -1373
888 -7519
