100 283 4220
0 0
9025 -8723
9977 1683
-8552 -800
1477 -7433
938 7304
-7586 -8169
7028 8907
4681 -6230
-7102 6645
9193 -1328
-9881 1806
-3436 8508
-4633 -2580
5105 4970
-618 6247
-1782 896
-51 -8385
-6260 -2175
6500 -2385
-3856 -6764
-6095 5526
7938 -7221
-8678 7386
5557 6417
891 3413
652 -1344
-9170 -2136
-3016 -9164
-3999 -7798
-7173 923
2353 -830
-8549 2427
7728 5867
-6538 -4684
-1144 -2891
-8233 -4029
4421 9931
-9770 -1058
8472 188
3083 7877
2334 -3942
-5722 6517
2403 -9255
153 -2287
-5735 -6104
5804 -8980
-6135 -3320
-2349 5564
-7801 -5675
6107 8125
4348 -8258
9179 4637
-8608 554
-8815 -6583
-4078 3280
6414 -3934
-168 -3593
-1592 -7693
9432 -5529
2195 4756
-3835 1240
7430 -9014
1129 -9723
-5868 2524
-3362 6331
-9790 7051
2108 2981
6761 -5889
-7549 -9622
3193 2715
6380 2489
3172 -8450
7241 7422
-3013 -952
-4315 5959
2731 -2788
-5607 8800
-6634 9783
-6573 -7393
7945 -6116
-387 981
176 8680
-1267 -9036
-370 -5588
3755 -2338
-6160 7762
-4353 -5595
-889 9800
4456 864
4779 2649
-1855 3226
-6761 4500
3314 4576
5036 -3301
2394 1606
695 1664
-817 -674
8830 1791
3437 -4339
1 27 1760773
1 32 3372183
1 82 805451
1 97 2760935
1 98 703071
2 23 2441672
2 60 3668580
2 63 796473
3 11 4751158
3 40 2991871
3 53 1136719
3 60 12907445
3 99 1907753
4 19 2441172
4 28 3294041
4 31 369808
4 39 565222
4 54 2850641
5 9 2355889
5 18 1318051
5 42 5380032
5 44 1853654
5 64 1614407
5 73 294114
5 85 5209358
5 100 1523524
6 16 317127
6 41 3149117
6 61 5046981
6 83 2316204
7 55 2493353
7 70 2658795
7 80 1537041
8 38 3517044
8 51 434143
8 53 10850423
8 74 1543038
9 47 3607774
9 52 260641
9 57 3820894
9 69 247449
9 73 2027789
9 95 2603850
9 100 4699518
10 22 288646
10 24 3505154
10 43 869351
10 67 3787458
10 87 280986
10 93 848373
11 20 4139492
11 40 2729521
11 57 435473
11 60 2723150
12 33 2172441
12 39 5468739
12 54 1228580
12 67 2284815
13 16 494409
13 43 1746787
13 66 433956
13 76 955858
13 78 2488054
13 79 1748011
13 83 6639134
13 87 1112730
13 89 986366
14 19 2353823
14 36 8621508
14 48 1983155
14 75 2011721
14 88 1768570
15 25 2134696
15 34 1006266
15 72 1062879
15 91 3156656
15 94 3800837
16 26 2444612
16 49 2592995
16 61 1195933
16 66 4172433
16 83 1797443
16 92 449901
17 62 4499384
17 75 2318704
17 82 550797
17 92 342180
17 98 1327681
18 59 3488040
18 64 2217958
18 84 434403
18 85 4020597
19 28 4043167
19 31 683121
19 37 4270560
19 48 1099788
19 62 3254320
19 75 3349086
20 40 451625
20 57 335150
20 86 717021
20 90 2122793
20 95 4279518
21 30 931772
21 46 1450194
21 59 2782080
21 85 4877651
21 88 876116
22 43 647273
22 56 618796
22 76 1429535
22 93 739171
23 47 527123
23 60 3701105
23 63 361396
23 69 3724525
23 81 1705194
24 67 1149495
24 79 3692890
24 87 1411913
25 34 289632
25 41 3502727
25 51 3117531
25 74 2836988
25 94 1709536
26 61 551491
26 68 1447125
26 92 456297
26 97 4230239
27 32 1190160
27 45 1037982
27 77 6152478
27 98 873490
28 37 328472
28 39 1475149
28 55 6342567
29 30 1784378
29 59 2163894
29 64 6587067
29 70 5709732
29 84 2945964
30 46 1449801
30 59 1469360
30 70 9620373
30 80 958436
31 33 1354084
31 54 1976306
31 62 1160041
31 65 317038
32 77 554659
32 86 989371
32 90 488892
32 96 252822
32 97 2352568
33 54 3561524
33 65 268343
33 67 3838691
33 93 1104076
34 53 895453
34 72 3091295
34 74 1315730
35 37 3906162
35 46 3678106
35 48 1369211
35 50 3013065
35 88 1606635
36 45 319782
36 58 143223
36 75 922831
36 85 2530934
36 88 7012530
36 98 580213
37 48 4296709
37 50 1730638
37 55 4638247
38 41 4214277
38 51 1465427
38 79 20293952
38 83 619495
38 89 7995731
39 54 2962788
39 55 2134576
40 72 3340469
40 90 6489005
40 99 2657512
41 51 731390
41 61 4992032
41 83 1915292
41 94 1741340
42 45 344959
42 58 6006686
42 77 1611595
42 85 2301155
42 100 801922
43 76 975033
43 87 1620259
44 47 6935798
44 52 1223640
44 64 405315
44 73 2396193
45 58 265281
45 77 1908328
45 98 4514942
46 50 4227432
46 80 174275
46 88 924978
47 52 1047725
47 63 240539
47 64 6419166
47 69 4273189
48 88 5741869
49 56 6805950
49 66 2218176
49 76 568024
49 92 276472
50 55 2295900
50 80 2300498
51 74 137009
52 73 621395
53 72 3158846
53 74 664796
53 99 538037
55 70 3270692
55 80 2227458
56 62 1398423
56 65 3503246
56 76 482970
56 92 3426467
56 93 3082854
57 60 3599958
57 69 4013923
57 81 3266965
57 95 360914
58 85 1760148
59 84 3379763
59 85 1524567
60 81 620718
61 68 299702
61 94 645426
62 65 800631
62 75 1488667
62 92 981978
63 64 4073323
64 70 12295563
64 84 328462
65 93 1439940
66 76 2465369
67 79 1968685
67 93 8532552
68 71 1926651
68 94 2986338
68 96 2741520
68 97 2267824
69 81 489889
70 80 482630
71 90 1791397
71 91 2105092
71 94 894025
71 96 2353550
72 90 1990191
72 91 793541
72 99 4879851
75 98 1229715
77 86 1552674
77 100 1395946
78 79 152319
78 87 2505867
79 87 5183701
79 89 6980245
82 92 439923
82 97 617498
82 98 808679
83 89 2245852
85 88 1662460
86 90 1980428
86 95 519033
86 100 991086
90 91 2006222
90 96 463947
91 94 2703482
92 97 6609718
95 100 804273
96 97 2161620
2904 -7006
1067 -201
7435 -6800
6450 -2277
-2424 6956
-6394 -261
2592 4862
-7117 2325
-6601 -2882
-5524 5673
-5103 5515
-4518 -5505
5047 -6013
5713 1324
8121 6340
-1171 1800
-2460 6911
7902 -8611
4913 -6386
-6983 -5895
6415 -2467
-1891 3767
-5364 5904
-4369 -6362
4751 1250
-807 -2165
5013 655
3967 2801
2503 4080
-5906 -1482
4833 -5545
-186 -2717
-6542 1334
1103 -65
-2622 7067
-5153 6089
3809 1364
116 6585
4600 2419
4542 -5756
3904 1659
-7310 -1837
-4482 -4324
1637 -7279
4134 -5713
3726 1050
628 -574
-6590 -3682
-4749 -5576
-674 1604
7788 5177
371 6314
-774 1467
-4795 -6451
-3900 2858
-3770 -4201
2680 4314
6194 -2241
-2462 7874
5221 2829
7218 6163
-1837 4239
-7393 -6841
-5437 5709
3506 445
7118 -6872
-6943 799
-1819 4322
-2721 6955
-97 773
269 2245
7734 -4575
-7233 1631
245 6821
-1383 2039
-5447 6042
4149 1877
242 -27
-1918 4154
-5775 -4850
-5356 -644
7152 -7785
-4049 -4962
-2087 4212
-1783 -717
7092 5550
4896 2978
338 7184
3858 1839
8073 3851
6309 -1701
-7179 -5838
-4338 3216
532 778
7661 3687
-3997 -3208
-2068 318
6439 -8406
8014 6284
-2957 7222
-2795 7089
1253 6818
7709 3680
-2673 7220
-550 -764
-4546 3501
2300 -6712
-2703 6590
6902 -7940
-1770 4245
5925 2232
-7366 2161
-8056 -6095
-7181 -4515
7430 -7446
-4927 6265
8416 -7325
-1900 327
-872 -2613
8008 5942
7258 -4739
-7822 -2051
6698 -2426
-2257 -880
-6639 -2137
-2807 3521
-7576 1615
6697 6979
2961 4145
4547 1548
-326 -740
-7794 1058
6366 -1908
-3273 -4382
-247 6271
-2641 7205
-3753 -5883
-4268 -5944
5564 3542
412 6037
8062 6492
-7895 1343
-5337 6191
7372 -7063
6448 -2185
6342 2667
8501 -6874
-6970 -2298
-3941 -5363
-4933 -5282
-3375 -3607
7717 -7681
-5473 -3156
-2291 7200
-7471 2398
-2110 244
-4065 3078
2943 4108
-1667 -122
576 6575
139 5348
2401 -6600
-1534 423
8220 6025
-7044 1909
-983 -3830
7955 5468
-537 2772
-1019 -2501
-5010 -4917
-242 -3662
-6990 -4200
1981 -7273
-7828 -5478
256 6296
804 2033
-6717 1813
-4733 -4864
6938 5784
2692 -5905
3484 4228
-6414 -3320
-3955 -5677
2689 2994
-7560 -5648
7786 -7245
7606 5953
-7838 618
-6535 -2599
-7209 -1471
-1011 1842
199 -426
2667 -6412
-819 738
2431 -7055
8123 -7786
692 1542
2548 4169
-2016 4046
-301 1585
-7117 1282
-7593 -5668
-4148 -5742
5106 -6090
6211 -2354
2239 -7019
3970 2760
8764 -8267
7589 -7687
3110 4147
7914 -6531
6041 2616
7143 -4758
-5096 -1685
-3795 3620
-7086 -1659
-7694 -4249
-5569 -1521
-2542 7168
2720 4825
-7487 2191
2484 -6735
7322 -4446
-5179 6038
6694 1404
8110 3485
6738 -1624
-3941 2688
491 7271
1624 -487
-3964 -4461
212 2319
8413 -7681
-6918 1121
7340 -6574
6097 4013
4145 1322
-4869 -5935
-6364 -3274
505 738
4971 -6554
7693 -4656
-3302 -2899
7701 4104
-6594 -3104
-1537 -1431
-4171 -4883
-7589 1758
-383 6315
1271 6236
-2044 -1442
-5467 -3255
5725 2981
7220 -5209
8298 -7742
-4034 3473
-4464 -5049
-2067 -1224
-1230 493
-7437 2425
4291 1322
6089 -2183
845 6550
4289 3731
488 -238
2100 -7265
-3940 -3736
-5071 6208
-5203 5725
-6305 -6647
7493 6012
-7132 -5941
-6662 -1153
-5401 5782
6113 -2467
-1896 -516
-6569 -3949
1056 7046
163 7201
7835 3571
407 6515
-378 -3324
-8063 -6001
-2819 7073
6937 -2189
4842 -5819
-1120 3070
-75 664
-1503 -337
-7139 -3268
-3956 -5461
-154 2036
5473 1162
-162 351
-4122 -3716
-3123 -4201
-2425 4261
-4998 6132
-1036 -2852
-4557 3676
-2498 4101
-4198 -5205
-1385 -3217
7819 6260
6317 -2525
-4596 3646
5496 1988
7427 6220
421 6574
2038 -6827
-109 6142
-1227 -917
-4776 3669
5054 2899
1028 6390
-5335 5574
4464 1305
-4147 -5007
7087 -4215
7932 5767
-6597 -3525
2271 -6379
-962 2378
7096 5783
872 6350
9354 -8257
221 -1822
302 5273
6444 -7058
7454 -7767
-1920 -2552
-6217 -1220
7906 4074
-2284 7135
-4432 -6376
2913 3797
520 -649
-7378 1398
-5280 6013
-2825 7069
-3709 -5476
7864 -4986
-4475 2901
3319 4375
-6779 -1199
-7067 -6068
-7984 -6482
1158 -437
1271 338
1798 -6813
-4545 -1345
7984 3361
8126 -6764
6495 -2686
4973 1880
7964 3754
441 2729
7558 6260
5708 1876
3743 1347
-4932 -4710
1539 -738
-2746 7405
-7815 1518
7624 3860
-2036 4328
7068 -4080
-4361 2908
-4221 -4180
7697 3637
-1211 -1516
7495 -4838
-2635 7506
-6931 -2202
-7297 1968
-5153 5505
-3650 -3146
-4226 -5530
-7574 1233
-4963 5864
-899 -3131
-4652 4088
-533 -1911
-6453 -953
-6846 -1372
986 -512
598 -590
2498 -5868
-4914 -5388
-775 2105
-4206 -3929
7581 6274
4657 -5897
-4246 -3035
905 6206
-5137 -4557
-3541 -4270
1530 -907
7915 -6371
-5973 -4555
-5197 5988
-6655 -4848
-7790 2211
-2473 -3346
3848 -132
-4389 2784
-4608 -5095
372 6625
-4422 -5111
-5164 5665
4 6657
3973 -23
6082 -2104
-7456 -5543
7664 6676
4274 1212
-446 1284
-962 1840
2786 4178
-3829 3285
-6704 -5771
587 7322
8075 -7649
-2926 -2944
-5785 -3358
-6392 -5817
7721 5661
2464 -7097
-7019 -5865
1499 640
5944 -1967
-444 -2795
271 6739
-1653 -1151
-1879 -911
-5259 6297
2590 46
4789 -5828
2279 -6467
-6521 -4232
-6643 -4435
-142 7013
4569 -5563
-7172 1505
-6870 -6093
-4657 -5133
-7694 1373
7594 5499
-4598 -5223
3620 443
7992 5908
-1081 -2871
-4821 -4741
4900 -5994
1117 -205
984 6699
-6373 2138
1738 5693
-318 892
-5258 -6165
7621 -7022
7968 5797
-5470 5947
4784 -5402
-5688 -1905
8118 3621
-209 899
5141 -5458
7386 5655
7615 5746
640 -327
-6546 -2035
3006 4222
-527 -649
4961 285
-2449 4198
4575 -6109
-6996 -1174
6326 -1868
3301 4589
-7537 -6084
8005 3624
6278 -2596
3273 4006
-559 -2618
7797 3357
-2743 7131
625 -1113
-4212 -5139
-5173 5586
7751 5398
-3612 4085
747 7018
-3164 -4119
-2692 4333
1782 -613
2846 4389
-7133 -6200
-2184 4314
-98 -14
4067 597
-6334 -4107
8810 -7681
1010 -797
1598 12
-3652 -5219
2880 4455
6282 -2160
-915 515
-918 -3616
-2316 4219
3099 4702
747 7049
-7270 -5759
-2479 6985
587 -445
4526 -5761
8813 -6769
-508 2080
-4249 -3425
5118 1576
-2729 7178
8033 5235
-6576 -2615
-839 -505
7641 5731
-3652 -2789
917 6167
8309 -7299
8141 3766
6356 4135
4224 3697
-6842 -3727
-3742 3900
-4394 -5615
-7533 1967
-5836 -3121
7035 -4919
1969 -7218
1168 422
4992 -6048
-2649 7237
-1996 6401
7439 -4880
4426 2157
2944 4949
-398 2452
6192 3018
7339 6663
1691 -5966
3540 944
-7092 1162
-325 1827
-5284 6040
1853 4798
-2034 4440
1075 7084
-4968 5905
-910 -1158
-2026 4200
613 7480
-6121 -2541
-4350 3681
-3846 3409
6321 -2700
3627 2004
-6430 -4048
-598 -2795
-2621 4173
7881 -7228
-1410 4639
7672 5652
7657 6080
-2110 4630
-487 -2227
-5477 -3900
-5168 5879
-5279 5877
252 -3151
7070 -4899
757 -621
-2308 -668
-324 -3657
-5493 -5417
6828 2701
805 5684
-7460 -2750
3973 -634
-6260 -3515
6495 -2308
5446 2612
-2877 7657
791 806
-3863 -3555
6545 -2263
4740 1851
7909 -7366
-7556 -6553
-2184 4402
8925 -8432
4749 -6016
372 -456
-87 6576
1958 -7364
-1764 4311
-4699 3639
3461 1836
-6671 -626
-6709 1572
2566 -6418
-5266 5580
-7352 -3477
-6047 -3916
-5220 5484
4730 2253
6314 1086
-1846 1115
2503 4728
-1693 4332
921 -966
2194 -6911
6376 -1718
5567 4076
-2626 3557
7419 -4849
-2464 7397
878 1090
3895 1192
-7661 1764
-957 -2774
-3543 3478
5000 1921
8535 -7705
-6388 -2743
-2273 7190
5322 -5814
-7947 -6086
-7388 -5463
41 6781
-2308 6671
-386 -1457
169 -1033
-757 570
-8337 2196
-1492 -2288
-1784 -245
2695 4562
-435 -164
7690 5257
2191 -6216
-704 -3836
7866 3430
-3863 -4054
-7797 -3494
4610 -5874
-2629 4387
6847 -1790
-894 -3087
9542 -7631
6151 -2661
5134 4790
-3768 3551
-319 -3177
-2426 -2978
1592 -7689
-6834 -4127
1030 82
577 6917
-5581 5539
2873 -6160
-5424 -1766
-7348 -3537
1841 -717
7789 -8051
-5543 5906
4567 -5815
7226 -7207
2437 -6012
884 144
6535 -2182
7734 3423
-2259 4942
-2794 6773
-2212 6876
-5202 5893
-3624 -3066
3145 4743
-3923 -5288
-421 -2138
-5217 5629
-5770 5796
3070 -7299
-7450 -4441
-3384 2721
7327 6038
5187 1560
-4766 -5178
-3948 3477
8149 -4737
-1538 -2990
6010 -1827
-611 -3695
-7770 -4785
-4669 -6212
6376 -2335
677 -735
6330 -2226
-2560 7059
-520 -512
4537 -5400
4496 58
-4724 -5625
-7264 -6613
-3972 -5086
-313 611
7465 3619
-1008 1391
5855 1379
8134 3815
-2348 7488
7752 -4550
4554 3313
-608 -1475
4702 1093
-7413 2682
5335 3110
-4071 3271
710 -17
-6378 -398
-2963 7311
-865 341
4930 -5678
-3822 3889
-7310 1104
-1401 -2564
7505 -4355
311 -2143
-6169 -2430
2084 -6943
-2526 7189
6236 -2215
3102 1227
3646 800
8132 -8006
3964 1337
7733 3935
7395 -1446
3607 3899
-4391 -5063
-7383 -979
4449 2058
-5463 5506
4797 -5942
-1940 4221
-2130 6956
7732 3585
-2331 4287
-535 2580
977 6764
331 5979
2514 -6955
-7574 1662
1806 -6109
2100 -6629
-692 945
-2129 4467
-7166 -385
-7593 2050
-4434 -5783
-4431 3357
985 6864
-5051 5673
-1664 2502
-1297 -2998
-6803 -5398
-5479 -1448
7892 -7090
-2496 3483
-3719 2497
7881 -7492
-573 -136
6424 -2069
1118 -749
-1884 -366
7607 -5014
-2651 4649
7743 3696
-2770 6838
-545 707
-104 -141
3732 661
662 64
2621 -7225
-5477 5803
6274 -1970
3065 2715
-8708 -6599
6447 2186
-7409 1489
-2209 3766
2540 4782
-2742 -2798
4749 -5575
5936 -2140
-2307 4334
6696 -2433
-3942 3648
3426 1340
-4067 3982
4428 1832
2960 709
6966 6418
-4442 3722
6847 -7195
-5662 -1480
8176 -7080
4839 -6067
-1690 1610
-670 -3097
-6342 -1971
2597 4106
-6958 2291
-3653 -3113
-4560 -5266
4621 -5972
7459 -4966
6138 -1992
-7474 1102
3158 4409
-786 -3061
5005 -5791
4346 -6093
7438 6641
4437 2829
-1227 1623
1757 -6534
-1217 -204
6969 -4101
2930 4213
4824 -5896
7358 -5086
7901 5696
-2472 6852
6774 -8748
-2912 6776
-734 -3228
-278 6508
7643 3033
7885 -5568
-5268 -1836
-6140 -5150
-2297 4390
6274 -1916
1566 2275
-5291 5901
7843 -6862
5793 1168
-5206 -4544
-1879 -3191
-1744 1860
-2330 4070
-2833 3750
-3988 2383
3928 604
4878 -5717
6383 -2267
7850 6338
-7015 1594
3977 563
-198 -780
-2125 6944
8305 5947
660 6360
-3397 -4063
-6930 1676
-1156 -3241
7666 3468
-6851 -3048
3616 1849
-7274 -4959
6347 -2414
7630 6161
-7835 -6118
-7688 -5739
7358 5646
-4669 -3554
2052 -6731
-3556 -3641
7900 -7819
7187 -8121
6235 -1916
-4407 -5204
4305 1114
-4917 6174
200 7292
7217 -5168
1039 51
585 6422
-1975 -1133
6878 -2045
4972 -5867
7553 3863
-7239 1378
6479 -2127
3592 4558
4238 -5621
3225 1996
-569 2158
7551 3688
-2330 4210
2553 -7755
317 7086
-1077 -755
-422 35
-2913 7110
79 6328
5118 -6335
448 -860
-7447 -5191
-2534 3899
6579 2835
2130 -6998
-1220 -2927
2276 -7217
7456 -4366
443 936
-1179 -3824
762 6696
2786 5027
3334 5002
875 6257
-7478 1440
6069 1134
2275 4723
2725 4128
-1206 -3562
-3853 -4224
-697 733
56 -585
-733 -1013
-7409 1142
488 -322
3548 3850
-2638 -375
7957 6161
7448 -5013
4752 -5643
2929 849
-2276 6798
4753 -6263
-7085 -5231
1147 6460
184 229
-7056 -30
-5439 -4345
-6826 -3362
-3916 -3415
7028 6573
-825 -3180
6345 -2358
7465 6397
-5428 -1332
-2996 -2745
906 6435
5169 4279
1679 -6968
-4309 -5406
7932 3955
-4245 -5266
-6878 252
-597 -2469
512 6413
-2734 4068
-113 2978
7951 4117
7879 5701
2331 -7031
-4419 -5284
4809 -5851
1903 -6780
-3670 -3473
7249 5724
-4282 -5156
-3435 -4175
7565 4080
-1252 1340
5525 2480
-2343 7206
-2417 6891
8514 -7727
-3427 -6473
-2186 4555
7704 -4239
-3774 3242
8065 6163
2228 -6379
7146 -4570
-7707 -1639
7569 -4852
6730 -2135
-5587 5779
6651 -2181
-6845 -5249
-7257 -6472
-4902 -5533
-81 2513
3090 4762
-4120 3454
7841 3727
6680 -2593
2542 810
-6795 -5674
-739 -2768
-7199 -477
-7475 -5620
-7532 -4442
-5238 5886
3045 4359
-5327 -5422
899 1069
2498 -6967
-4409 -4964
-7003 1033
4846 3053
966 -615
-2977 -3859
-669 1451
-4905 -5857
-1917 4281
1161 -367
-2182 3977
-251 -1461
4722 1506
6592 -1725
1971 -6335
937 6519
-6866 -1508
-2635 7482
-4541 -4790
3050 4318
-3391 -4250
-6321 -5765
-4371 -5665
-1229 -3669
7900 6778
-7040 -5872
-4925 -5298
-4128 -5542
-2261 4408
4598 -6026
4504 -5703
-1932 4779
-5130 4581
4441 -5254
-6020 -4618
-1175 1909
434 6615
-2197 4559
-7087 -5850
3010 4185
6930 -2300
4065 1270
-7703 -5855
546 7119
-625 -3759
-5288 5842
7301 -6577
-3826 3253
7894 3635
-8055 -1681
7693 -8396
8133 5873
-6908 -3286
7732 3600
-3873 -5777
6101 -2211
-5327 -3090
-4728 3605
6164 -2404
2226 -7361
-1137 -450
-4986 5835
7060 6089
7451 -4187
8732 -7875
2695 -7077
-4647 -5264
7054 2287
-4669 -5372
-4337 -2762
-6954 2453
-4565 2653
-5349 -3190
-8399 1574
-3145 -3751
6138 -1920
645 6767
-355 415
7249 -5304
8121 -6899
6117 1087
-8031 -5973
-3668 3549
1275 5842
-958 -666
2553 -6827
-4237 -4285
-4266 -3427
-5945 -2285
-2662 7076
-3981 -5197
-3219 -3635
-7330 1189
-1198 -3206
-4950 5871
-4033 2282
3996 724
6611 -2456
-431 -2971
-2700 -3578
615 6743
-4015 -5572
-5377 -3693
4016 1368
-577 -405
-881 -2651
7425 2671
-2551 7123
2071 -7318
7958 -7378
-7739 995
4591 436
-6652 1093
-7577 1341
7753 3364
866 -643
78 960
7612 3866
7128 -7066
7567 -5035
-1376 -252
-5411 5847
6444 -2154
1422 6469
-1586 -647
-1398 1648
-2939 7005
-702 -3022
3003 4287
-972 -2766
-2433 7400
-3485 -5375
6209 3286
2485 -469
7222 5962
4770 -5993
-2931 6882
6766 -2417
-3590 -3549
4359 152
7129 5843
6990 -4627
8253 3810
7593 6202
-2744 7239
7624 -7337
244 -472
-3607 -3198
7188 -7102
3222 1193
1961 880
7833 -6824
3567 4503
-568 1923
-2142 4872
4297 902
4314 -5786
-3328 -3551
957 5870
3565 1279
1279 539
4774 3370
462 5751
6631 -2033
-2493 -3312
5550 1739
-3967 -4306
6119 2111
-2991 -3057
-941 -525
-4893 2413
-7121 -6290
-5298 -5663
7773 -7448
4955 2851
6944 6395
7334 6367
7672 -4720
-7135 -6490
-2526 6948
-3426 -4122
-2290 3856
6564 937
-2504 3771
4152 -246
-5055 5613
-5489 5591
482 6090
4838 169
2555 -6628
2163 -7165
6549 3949
-4121 3009
2839 4257
-2140 4221
2529 -6588
-6580 -6308
-3679 -5724
-2362 4555
5650 2491
6744 -4790
-7468 -5647
7722 -6940
5026 -5898
7800 -5188
-3902 -3996
8048 4411
-1153 -3659
5120 -5872
4200 2886
8742 5849
7399 -6777
7048 -2264
-2154 -2565
-6096 -2441
-526 -792
-2464 4582
-1514 -138
-5016 6039
-5057 5816
-552 -1610
-3138 -3384
-4237 2978
2763 4778
4225 -6052
-6758 1645
-4426 2686
2696 4195
-6978 -6263
3197 3908
764 235
6769 -2407
-552 44
7671 6887
7623 -4729
6630 -2467
-4428 -5513
-4999 5708
-5363 6011
-8475 -4349
7718 -8352
4917 -5514
-5970 -3350
-6155 -4139
4768 -6317
1393 5818
7400 5510
852 -344
-3717 3349
805 414
7752 -7185
9401 -7494
-2216 4204
-4597 -5912
4791 -5878
6333 -2226
1053 -791
-2766 7100
154 6394
6112 -1787
3777 676
1713 1048
2613 4600
-7786 -6064
4427 1570
-3607 -3407
8615 -7186
-4694 -5251
-6824 1691
-1426 -2444
-2594 3914
6609 -4534
-3061 7529
1988 -6847
-4341 -4795
-883 -3068
7763 -5216
7685 3868
-7320 -6036
-5059 -3271
-116 -2431
7870 5756
-1897 3944
-993 123
5527 1500
-1771 -468
8052 -5150
-7366 1470
7798 -5141
-8130 -5692
403 989
1812 -6445
8387 5885
-7125 -6414
-6514 -945
-2908 4123
1438 -6967
-2657 7114
7972 -8012
-3828 3445
4773 -6003
7965 -7738
-6723 2236
7211 -6297
6300 1731
147 -2760
5714 1726
-7271 -6037
-2430 7113
-1086 528
2763 -7062
-3128 -3141
1597 -48
-2002 -630
-5352 5873
6394 -1889
-5051 5991
7260 -7686
6456 -2327
2682 4262
-3197 -3344
8050 3547
-297 -2899
7389 -4491
-7432 -5626
-539 -3327
3431 4828
-4704 -5705
-909 -1124
-867 -3362
2732 -6719
-2256 4170
-1120 1487
-3600 -3674
-5124 5545
-1870 3977
-7628 -349
-2260 7400
-2311 7439
5662 3593
7644 -7220
1044 -31
672 -244
-7602 2086
4386 -6086
7472 -4829
-5337 5535
7385 5881
-2794 4190
5552 2177
-1212 -2862
-7602 -6081
-7235 -1034
8638 -7189
-5295 5656
7575 5784
-8268 -1395
1627 -393
-7461 -6202
2595 -6545
-3963 -5526
7177 -7459
-3540 2917
1391 -848
7905 3762
-5360 5409
1339 -664
-4687 -5508
-2333 4469
8774 -6773
984 6173
7126 -7391
-6541 -5867
-4209 3015
-5678 5812
-5299 5861
-4409 3364
7245 5824
8840 -8121
-4430 2941
-2505 7435
-6529 -894
8105 -6914
-3951 -3612
5161 1635
-2270 -194
2828 4059
-4101 -3520
-2111 4376
7690 -4979
8207 3245
-3798 3409
-7376 -2608
-6314 -4473
-4550 3240
7544 6263
-3446 -3316
7568 -7184
1828 -7306
-2497 3976
4706 -6376
-3893 3210
-2091 1377
-931 1498
-3402 -3924
-6879 1391
-3819 -3979
-2599 4390
-1415 -2991
-2113 3526
-7072 1011
7015 -5232
910 101
-6826 2083
2986 4949
6102 -2081
-2604 7016
7266 -7793
-3387 -3309
-5280 5610
6651 -1988
-1888 4874
3343 3891
-578 -2885
-7580 -6615
-4697 -4609
-2572 7241
7688 5687
1849 6489
-5152 5515
6167 -2210
2453 -6173
-5219 3412
-2324 4469
-86 6904
-3390 3907
1468 -6806
-3989 3198
-2149 4081
7437 -7149
2822 4769
1638 -6173
-7758 -1926
3258 422
-7317 -2357
7758 -5258
7553 6524
-2071 4390
6450 -2489
-6512 -593
-7105 -1941
6250 1563
-4461 -5336
-4837 -5721
3884 2563
-6650 -3367
-4175 -3344
-4019 -5404
-3884 -3421
-2529 7226
7547 3545
-5486 -3670
7370 -7018
6506 -2417
4872 -6292
267 6519
-7642 -2000
7892 -7195
7655 5966
8199 -8499
-3323 -3211
-5494 5620
8076 5379
4680 -5618
5024 -6254
-2855 6674
-1419 1014
4852 -6078
-2161 6802
7249 5773
-3818 2691
-4144 3616
-817 -531
-7991 -129
-3292 -3479
-1397 -767
7504 3994
-3860 3989
-5229 6054
6281 -1722
2937 4409
-477 1820
-1670 143
-7377 1281
-6143 -3808
-5829 -3945
-43 1637
4465 -5389
1706 -11
7749 4062
-7431 -5895
8019 -4623
-6551 -2867
6790 -7070
-5316 6267
5540 1022
-2636 7689
7492 3621
-7528 1187
6303 -2703
1618 -751
-582 -3128
-160 -369
-6382 -5809
-4504 -3464
-7008 894
-2351 -1063
8120 3776
2336 -7038
6722 -2507
-5286 -3832
7187 -5730
2464 -6689
1509 36
8009 4091
-3241 -3601
-7729 -6117
7639 -5083
995 -421
2093 -6531
-6265 -450
7482 -5033
1333 -1011
7668 -7551
-3409 2905
776 698
-7103 -1109
-7616 1730
6842 -2261
1390 2047
8056 -6449
4616 2272
2824 -6550
2285 3733
-4738 2838
3193 1186
-248 -2511
8274 5905
-877 -3159
6694 -8028
7631 -7712
-880 225
-7950 -6262
1451 324
-1304 -3211
-2533 3571
-7487 1865
1371 -435
-6296 -3538
-7078 2022
-3033 7023
-6067 -5927
8230 6805
-4398 3730
2372 5320
7593 3551
70 34
-3264 3286
4480 -5995
-7536 -5730
-3874 -5335
-6911 -4213
7249 3742
-2440 6799
6719 -2009
-4161 3513
-742 1594
-4013 3177
-7793 -5576
-6000 -1664
-7241 -1751
-2150 7056
2568 4399
-6631 -5888
-7037 1212
-2685 6527
7792 3325
-1312 -1143
-6104 -5207
882 6530
-8502 -5929
8618 5579
-1002 206
-4291 -5581
-6871 1561
-2737 7648
7719 6382
-2419 6692
8188 4285
5116 891
-1844 4077
-5664 -4367
-6609 1959
-2379 7145
7495 -4594
-418 -3168
7311 -7201
8705 -7334
2173 -6605
1180 -96
-7174 2318
-2434 7006
1137 82
7874 5287
132 5646
-4244 -5563
-1077 1971
7002 6033
-5430 5418
-4893 -5655
6233 -2374
-709 -2850
922 6172
-6298 -3509
7686 -4789
-2258 6861
7120 -4752
7699 3634
1161 -429
7252 5947
4632 -6175
-1313 -460
-7942 -2607
-3157 -4606
-7243 1285
-1304 -870
-5188 5890
7925 -4942
-5106 5721
6389 2897
-657 -2878
-7345 1659
1647 402
6433 -2332
-5039 5753
4755 -5780
4034 1953
831 607
-6821 -5448
7187 -4887
-8110 -1494
7031 5427
4567 -6312
-4923 5848
-1665 4265
3291 645
-2882 6865
6782 -2618
7483 6571
-2767 6888
-4621 -5375
4915 -6029
1283 -6598
303 7002
-973 -1460
4792 -6242
4879 1469
-8230 -4464
-2317 7415
131 1062
-6483 -5080
-954 2471
7668 3399
-7102 -5728
-5166 5899
724 -211
-444 -934
-3163 -3618
-1688 -226
4660 -5745
-8169 1318
-7466 -5834
1997 -6606
-712 -3088
-6653 -3307
-4058 -3523
2144 367
7308 -5017
-8333 -4742
4870 -5757
-2826 6829
-3724 3791
6881 -4505
7599 4136
4756 -5732
-5254 2724
558 6154
-7137 -5498
-1128 -3019
-2699 7283
8476 -6912
-5233 5646
4728 -6124
-2232 7133
-746 504
415 7114
-2071 4484
-2488 6607
-7891 -5195
-2452 6995
5541 1508
8556 -7638
-5446 5957
-5068 5731
-784 1423
370 -496
-4208 -5614
2218 -7004
481 6391
6681 -1655
7621 -4556
7862 -7347
-4746 -5753
-1500 2207
-4985 6090
-4427 -5885
-7178 835
-6314 -2238
-4109 2677
7958 -6829
-3465 -3957
-7012 2428
-3581 -2510
-2520 4401
363 6389
-4944 5550
-6790 1694
6728 6574
4257 1554
-966 -6
237 988
5003 -5924
3271 464
-7355 1186
-7879 -6022
-3614 -4578
3876 1690
8143 3547
-1333 -1466
4790 1683
3035 4907
7916 3906
7450 -4373
-2950 4143
3197 4059
-2452 6944
7212 6044
-7947 -4031
-6999 -5899
-279 508
-7267 -4270
-6263 -696
7817 3440
-5398 -2087
-8152 -6201
1087 -291
3658 1632
2298 4353
3139 674
-3825 -3268
5144 3304
7626 6121
7800 3571
4010 1115
-7392 -804
-7695 -5166
-6623 -6709
-6988 1586
8066 5813
805 6346
6803 -6971
-3572 4014
7281 -4555
484 6804
-4930 -5755
6574 -2208
8145 5908
-620 -878
2938 -6532
3927 4104
9175 -7094
4762 -5929
3064 4704
6776 -1875
-2036 -2883
7174 6108
7786 5502
6767 5723
-936 -3252
-7659 -6627
-5818 -2082
-7681 1235
-2651 -3388
504 6489
-4804 -5126
-1173 -3672
-6578 -4617
-7129 1828
-257 -2521
6437 -2177
-7179 -6184
5051 2409
-6965 -3165
-4466 3349
-6691 -4896
8788 -7218
-7708 -6926
-5135 5667
1473 585
-731 1324
-4272 3706
5288 2199
383 -297
-6470 -281
-2418 7465
4620 907
8005 5687
-1726 1157
-4826 -5544
-7030 -4402
-7919 -6272
-5427 5663
-6506 -2237
-6055 -1390
-6386 1172
-5172 -5716
7801 -4796
4927 1612
-4524 2905
-4174 -3167
-7260 -6211
-2468 -1153
6541 -2338
751 6792
7079 -5041
-4197 4934
7895 3568
4467 1560
535 610
-4102 2836
-2416 4603
-4990 3035
7733 4071
-7257 -1841
-242 2863
8007 5499
-6933 1943
841 6506
-4713 3464
7438 6685
7312 6412
-1373 259
-3981 -3073
1677 637
-7764 1680
3982 1064
4445 2425
-476 6526
1245 5749
-5732 -2278
-6852 -3422
524 7249
-4574 -3417
7874 3810
-2561 6820
107 1867
2411 4621
3056 5081
-4208 3748
6108 1547
7721 3454
-5245 6145
2043 -546
-6794 -1650
-963 -3539
-442 109
6290 1600
814 -335
-5613 5927
2891 4148
-1441 -401
2155 4990
7 26
-239 689
5227 -6152
-7296 -6030
3183 -6514
-4402 -5484
7198 -7036
3863 331
-7404 -4217
-6418 -1715
-3709 -3982
-2904 3198
-2408 4288
1508 -6958
7382 6421
-2400 7237
-6017 -1654
2138 -6547
332 5819
-1501 844
7202 3827
4950 -6148
220 -945
4312 976
6981 5783
7028 -5219
-8533 2144
5851 -1516
-3933 -3921
4496 -5858
1006 -505
4275 2558
8032 5926
-5657 5398
2421 -7261
-7602 -5622
-946 -1147
-3886 2596
-4041 3446
-6973 1994
-7374 -217
738 742
4205 1987
1603 6510
2541 -6523
-1992 776
-2717 4151
6482 2223
-430 -2937
7932 3882
-5904 -1630
2358 -6009
1021 6180
7631 3788
-2664 4249
802 398
4892 -5706
367 2050
-6871 1235
-3333 -3262
7902 -7172
5185 -5750
1565 6533
-7527 -4262
-76 296
-2416 7311
-4401 2980
-2067 4740
-888 2104
-2666 4258
2851 -6277
-220 -526
4605 -5769
4467 -5909
7956 4185
1915 -6833
-6750 1241
8505 3287
-6578 113
197 -889
7834 6044
-6595 -5479
-783 2521
6713 -6557
8289 3961
-4785 3299
712 841
8186 3189
7637 6783
-3437 -2804
6851 -4493
3710 3783
8164 3560
-4247 4449
2019 -6756
1101 6267
3112 1761
-5102 6007
8066 -7037
7568 3745
7927 6782
-7637 1144
-6617 -3809
1659 -7065
171 2121
-6971 -5846
6215 1977
-7564 -4642
-2708 7197
-6747 -5914
-7199 -5997
934 54
-4554 3178
-7682 -6729
7815 3774
-7191 1811
-7755 -1947
282 6008
-7677 -5747
-380 -2731
-3713 -4126
6225 1418
-6164 -1709
326 6435
-6703 -1286
714 -997
3283 4070
-97 -230
4797 708
4664 2222
1910 -6674
-6635 -840
7157 5900
-925 -3238
-5190 -5693
-1957 4464
-4358 -3819
8363 -7199
3256 4534
5079 -5857
-2826 7038
6368 -2067
289 6390
7098 -7317
-6820 -2529
1757 -156
-3524 -3489
-2795 6910
7463 1614
772 5462
-2541 7210
-147 1843
-4279 -5158
-5344 5723
607 -220
-2976 -3481
-7005 -1763
5178 2313
-1393 -735
1867 -7298
7953 -7315
1690 1701
-311 1362
-7178 1438
-2105 -1
2298 -6709
-5161 5668
-8160 -5934
8573 -7879
-5383 6125
-4975 5713
-1236 -2307
-6999 -1566
7078 -4259
-2182 7181
593 -98
-4667 -5751
7947 -8077
7194 3944
7873 -7859
-4647 -5199
-2327 3995
-7073 -5551
-6722 -5632
-3357 -3295
7123 -3836
2694 4588
3216 1391
-2017 4421
-5065 5881
-3684 -5306
4129 2128
-4255 -5736
-7276 1577
7422 -4566
-6879 -3055
6919 -2413
3342 990
7305 -5273
4667 -6312
-5428 -6151
-2475 961
-6685 -4123
-4060 -3802
-1289 248
2719 4534
-1918 7235
-4009 -4815
3878 1003
-4974 -5912
405 673
-3132 -3612
5661 1498
7383 -4366
-535 -2973
-7414 -6708
4577 -5891
-5790 -2829
1371 -242
-830 -2698
-2488 4099
-4698 -3062
6532 1964
3980 908
-3229 -3465
-5376 -791
-5437 5626
2900 4822
-5196 -1722
-1004 -2911
421 6661
750 1366
-7389 1361
-3875 3640
491 7048
-5469 5579
-6156 -4337
-2044 4548
-1199 -2815
2683 -90
-4038 -5791
6516 -2620
-550 2284
2750 -5870
-2542 4120
-1531 -306
-2558 7630
-6630 -3547
-4747 -5909
-6672 1758
8084 3438
-3239 -3852
7553 5760
7450 5922
-7831 -3417
-8111 -5261
1672 -6287
869 1643
-1039 -3541
6790 -2357
-45 395
5929 1752
5126 -133
-5609 -2788
-84 1960
874 2501
-4158 -3817
8191 -8703
-4904 5860
-7187 -6244
-2282 7287
1255 -208
7936 3413
-5163 -4719
-2547 7464
5893 491
4836 3341
-4755 -4972
5259 720
-1989 -996
3883 4050
-2914 2300
-7172 -3926
623 106
-7545 -1488
-1640 934
2064 -7201
8018 3688
-4612 -5256
-3737 -5921
-7622 -5852
-1919 4165
-2440 4252
3383 5122
-781 -3598
6747 -1649
8056 5933
4628 -6032
8004 3872
-2065 4359
-867 202
6354 2149
7859 -6468
7178 -6557
4342 1280
2166 -6759
-430 -16
6787 -4384
7400 -4081
-5679 5915
-5317 6126
155 6831
-839 -3324
4749 594
2472 -6908
-1145 1454
-229 1535
8675 -7651
347 1259
8189 3760
3702 1452
-7320 2671
-3646 2709
-627 -3811
-6855 -6434
2434 -7362
7180 6269
579 -240
-1865 7170
7939 3679
4675 -6010
6851 6168
3045 4143
1408 639
618 85
-7322 -5919
6350 -1866
-1064 -90
-5341 5839
8456 -7164
8311 3652
5288 631
-754 -1125
6959 6271
-2244 4557
4289 1634
-6221 -2199
-7408 -5674
-7305 1198
7549 -4891
2823 3903
7415 3635
1164 -92
7559 4365
6462 -1820
-6574 1050
-8330 -3852
6680 -4802
-497 5788
-2647 6822
6808 2332
8640 -7307
-1452 -536
850 -165
-2684 6791
-4598 -5626
-3542 -3980
-6949 1373
1650 1247
834 6923
-608 -290
-685 -2866
-6665 -4817
7050 -7739
6932 6242
5569 2243
-3144 -3758
-2363 7391
7244 3441
-2892 7215
562 7444
-2698 -3255
7592 -7590
-6777 -1527
-5439 -2290
6425 -2523
4305 2403
-6962 -1496
7982 3574
-7781 1694
-2625 4856
958 98
-6339 -6304
7721 -7361
-7702 1722
-2300 4120
-7067 -2065
-5307 5786
-5201 5900
-3242 -3360
946 -1050
7474 -4678
-3135 -3183
2650 4107
-7176 -2069
7612 -8250
-5352 5876
-8099 -6416
4967 2970
-1309 -593
-6775 -6172
-3901 -3683
1861 -435
1290 6504
-6275 -4896
-7249 1537
-4394 3838
-592 2776
4125 224
7526 5899
-3010 -4144
-4191 -5198
-972 -231
-1874 4525
-907 -2601
4832 1221
-7122 -4491
917 7142
481 -798
4836 -5978
8175 5356
6802 -2712
-7057 -4213
7541 5886
-2915 7361
-2735 7328
6721 -7293
-7526 -3437
5370 1474
4796 -5760
-2270 6815
-2189 -1000
-185 1518
-3110 -3664
3824 1398
2837 5342
-2305 4544
-7394 -6070
-4776 -5555
-4279 -5841
-7360 -5307
-5291 5813
-172 -937
6791 -8264
7676 -4610
-4465 2622
8184 5401
4773 -6103
7591 -4271
-2645 4540
6311 -1910
2465 -7542
-4694 -6068
-771 -2711
903 -864
7142 -6983
-316 -816
-543 -3009
3438 4344
-5359 6010
7846 3798
-2291 3953
-7659 -6014
-8186 -5398
-2805 4205
-6936 -6185
679 6567
-5515 -5626
-494 -1351
-3440 -5413
8341 3992
-683 -2705
4412 1364
-2670 7676
1716 -1141
669 6533
-7403 -4469
456 5904
-7886 1903
-5274 5839
5034 -5548
3063 4598
-4310 2131
-4847 -5076
1552 2639
-7966 1842
2128 -6469
-7028 -853
-4035 -3002
4616 -5753
-7156 -406
-4335 2517
1068 6382
8009 -4384
-7534 1747
-281 863
-5198 5435
2394 4753
7822 -4511
-4988 5647
7309 -4643
7592 3551
-1593 -1655
-4119 -4352
-7495 -1468
4813 2278
-5141 -4263
1845 -418
7871 3841
-7293 1587
-5192 5360
5765 4549
4723 -5877
2542 4972
7828 5780
7353 -4836
-4521 2496
6590 2645
-5312 6031
-303 -3143
-599 -2684
-3033 -2686
5217 3588
6654 1255
-888 -1132
7379 -5559
6258 -2392
6024 3755
-7681 -5331
911 6713
6875 -7353
-1949 4240
6530 -1955
-5643 5915
4980 -5871
-4455 2759
-728 -662
933 -202
3115 3667
-7682 1362
-3713 -3698
7786 3561
-8206 -1238
7637 -7517
471 7288
4269 1491
8142 6453
1707 -34
8464 -7184
1151 6659
7761 5893
-7580 1716
-641 -3021
-3264 -3155
274 -40
-2577 7028
-8199 -4168
-1282 -3092
-7580 1396
-467 2039
8659 -7372
3104 4491
7551 6221
-6717 1425
-513 -4140
-2401 7103
-3934 2376
-2472 3736
-605 -411
-7084 -2452
7980 -7142
-8365 -4418
-4458 -5701
-7313 -2348
6740 -7583
1447 -6689
3143 1583
-2185 4760
-5217 5734
654 502
4062 1331
-3916 -3645
2267 -7244
-1498 -1139
-486 -3440
4863 -5913
4613 1361
7346 5446
-1529 -2620
-4987 5989
-4369 -5192
-1162 -3219
-2520 7108
-4447 3036
7907 3992
-2520 6807
-4130 -5501
-550 1248
-7461 1809
520 -415
7957 -7400
-4222 -5657
-4435 -3883
2553 4044
4750 -5894
-653 626
5917 -2204
-2760 6948
-3762 -3606
1779 -8319
-6677 -3282
820 6121
-2517 4369
7841 3422
1731 -6798
-1089 -3366
-1682 -3900
3604 4636
1152 6591
-3016 -4264
-6801 -4844
-5462 5885
4803 493
-6421 -3851
7496 5929
-7699 -5691
-6412 -5197
7886 3594
-4315 -3826
-1886 -689
-2622 7250
-1568 -3463
624 6474
-1180 -3209
-5263 5936
-7049 -400
586 6491
-5222 -5352
-6013 -2995
-5343 -379
-1115 2843
2369 3994
-4386 3820
-5475 6175
-7408 -5717
-7187 1256
-181 6307
4906 -5819
-4968 2657
3119 4112
-5711 6105
5955 3867
-4501 4065
7803 -4688
-6395 -6123
-175 -2584
215 -428
800 -318
4513 -5873
7276 -8215
588 -1345
-5850 -4417
4648 3080
-7558 1768
-5346 5895
-2519 7381
-4134 -5466
-7242 1101
-8502 -4871
-6517 -6110
-7425 -2530
-2653 4358
4434 -5598
-3864 -4163
-833 -3317
520 7074
1076 147
-3959 3292
-2755 7140
-3339 -4040
-3015 -4935
-5161 5766
-1250 -297
-3936 3255
-932 -2653
4533 -5694
-7813 -6173
-3374 -3883
-2271 4382
4772 -5577
-845 1069
-7541 -5897
2597 4624
-6244 -1280
6596 -2220
-7375 -6383
-3853 -3735
-7654 1536
-1500 -1499
-7500 1918
-2948 7283
318 -868
-1513 4240
-4617 3756
-7498 -2063
-5064 5873
6234 -1518
954 6658
2062 -6213
-7349 -1973
7563 3490
-2632 -4109
-4454 3781
-4797 -5026
6200 -2227
-7937 1620
1177 -384
8424 -8283
-2863 6648
6294 -2431
-6809 -5333
8115 5745
-7066 -3114
6676 -2156
-2814 6872
-6915 -5196
-3038 -2488
-8434 -5950
7738 3574
-4350 -5321
-7746 -4219
-786 -25
4505 -5858
8415 5836
8216 3993
-5973 -4062
2774 3796
-6963 -1900
-6142 1724
-2849 7183
-1700 1115
-5207 5822
7541 6077
-6540 -2112
1906 725
-2787 7351
6516 -7100
4159 -5736
1463 1670
7073 -2151
1886 -7896
2808 690
-4126 3000
3282 910
938 5988
-4257 4067
-7578 -5949
3108 4292
-461 98
-3864 -5296
3818 2092
6572 -2187
-908 1211
38 7507
-2394 7173
-3768 2643
7243 -7623
7034 -8100
7813 6027
-5419 5518
3116 4146
-7863 -4000
6513 -2799
-2402 3917
4394 3982
7169 -4532
3400 4722
7927 5956
-3613 -3741
7562 6609
-4375 2943
-5356 5680
-2009 4182
-3326 -3452
3058 4356
778 3372
1734 -871
-6780 1021
-7093 -2234
-2177 -447
8283 3950
-6326 -288
6085 2362
6773 -2222
-3423 3118
7667 -7842
6319 -2469
-7093 1618
5376 2570
-2532 7033
-732 -497
-4995 -3935
6451 -2002
-2088 -508
1542 -6196
4701 -5865
6366 -2061
7134 -7562
-5746 -4081
-3592 -5750
-4283 3098
-2576 3625
7937 5787
-1973 4310
-1084 -982
-2662 7236
6588 -2232
-3900 -3985
-2440 3896
5074 -727
-134 1441
3008 4045
-1745 303
-2165 6983
-7390 -6187
2340 -6187
-5399 5768
8215 -8091
-8048 -5703
-1350 -2893
7592 6538
2868 4089
-1237 1819
4784 1151
5638 958
6607 -2282
7128 -7442
-121 -661
7851 -5221
8111 3807
2857 4235
-2130 7266
7847 5870
4083 2078
-806 93
-7602 1538
3210 264
3764 980
-6816 -1025
-7240 -6606
-6384 -3279
-2510 7018
-4610 -5525
-2307 6963
52 342
-500 -544
7675 3790
-817 -3130
-6394 -2987
6595 -2180
-4786 -4866
-2508 7546
-3566 3493
7232 -6891
4999 -5491
80 -314
-3790 -3512
-3022 -4241
-2421 7047
370 -1004
-7376 1456
-5253 5957
5906 2725
-8100 -5747
-7178 -6148
4184 1462
-7007 -6403
-3841 -2449
5767 -1723
4478 -6034
-7109 -4702
3757 459
8197 -7225
-7146 1295
7839 3436
2993 -853
5192 379
2473 -7213
1237 129
140 7093
1594 -473
-4613 -6008
2043 -804
-647 -857
-2774 7114
-2376 3990
6252 -1747
2351 -7057
-622 -156
4888 -5931
-1008 -2670
-5233 5850
6966 -4895
-6707 -4839
-6999 -1425
-5495 5905
-347 1307
-4310 -5531
-1024 -3496
7965 -7084
-589 -61
2223 4461
7817 3512
-3452 -3608
-3116 -2690
2609 4921
1094 6957
-7697 -5351
-1347 -3552
7245 -8513
1042 504
2534 3791
-671 -2862
-5472 -1925
-2953 4579
2937 3741
2531 4498
-1343 -3144
1421 6761
-4425 -5844
-4182 -5058
-1968 -1822
4828 1530
-1330 -2722
7405 5504
-1919 4299
-556 -2983
-7518 -1129
5886 1756
-2260 7193
-6765 1063
-1159 157
493 1248
8608 -7535
7394 6036
-1023 -4315
928 6334
-5691 -487
3373 2723
7795 3758
-7149 -6198
-237 -3739
3634 1287
-357 -3462
8247 3680
-7939 -3047
786 6234
-4354 2658
2217 -6266
-5490 5624
4814 -5740
7817 3340
-7308 2164
-4237 4242
528 262
2183 4345
-4657 3035
-4282 3358
6958 1773
-7629 -5767
-5262 5770
-1273 -157
-2200 4017
4617 1292
-2613 4811
-4137 3595
-7118 -3117
-7248 -7002
-6514 -1337
-5595 5843
6319 1893
1125 6026
-7157 2364
-2245 4235
3117 4609
6457 -2526
-4632 -5459
4525 -5765
3233 4480
-988 1148
-4945 3698
7457 -4121
-2195 4394
9300 -7333
373 -57
7656 3483
807 6246
4491 1269
-4904 5386
-6697 -6050
-7669 1150
6236 -1288
-7720 -5992
1037 -1074
-2154 7085
-4189 -5758
-7270 -3604
6020 -2291
7510 3517
-6408 -1738
-6353 -1543
370 6014
2713 4621
-4264 2893
-6400 -2526
272 7428
4417 1340
6711 -2464
7707 4004
-4946 -6545
1157 164
-2551 4204
7488 6539
-7627 -6194
5099 2116
7729 5988
-5825 -2591
-5754 -843
1384 6763
726 6222
-1071 -3483
4842 -5580
-6376 -4569
488 -121
6434 3295
7488 -4368
-3639 -3758
-3876 -3248
3997 1203
-2421 7473
4894 4511
-4190 2871
-5509 5512
-5388 5965
-5470 -4873
-7011 -884
-7464 1261
7457 6614
6863 -1818
4593 1508
-2927 -4132
-4068 3605
-6342 -4617
2954 4624
2037 -7435
223 1388
6739 -4657
-5145 -4339
4339 -6010
7084 6043
3241 5044
-4127 -5657
-6424 -638
8115 -7058
-7485 -6077
822 -596
7807 -4884
-3666 -2640
-6361 -3007
6317 -1862
-2572 3054
4833 -6101
2264 -5917
7675 5825
803 5149
7068 -7584
-7700 -5110
-497 1156
7423 6186
7303 -4908
-5245 5730
-4262 4132
1804 134
792 2126
7011 3011
-6663 1616
2525 -5912
4915 952
-1536 -77
-7581 897
5002 -5692
4865 -6035
-614 -3288
62 6845
-5361 6028
539 1414
3491 595
-2553 3959
6134 -2557
281 6667
5883 -1939
2644 1347
6653 -2348
7638 -4589
4462 -5985
-6888 -1194
-851 -2211
6255 -2539
-3964 -3216
2642 4459
-1592 2130
797 6341
7392 -5502
363 833
6750 -1784
7628 -4280
7250 -8320
-6983 774
-7238 -6250
8179 3326
-7405 -1681
-4293 2648
3528 4629
-4397 3462
-7378 -5697
2112 -7149
-7873 399
6095 662
-8311 -5755
5122 2011
-4697 -6201
6835 -6467
7869 6304
-2342 4367
-4188 3462
-2345 389
-2291 3619
-2864 4162
577 6004
-5524 -3608
685 6336
-7208 -1371
-6770 -6812
2556 -7162
3416 4249
-5585 -1819
4280 -5464
-5055 5677
-7409 -6920
6979 -5110
-5734 -3916
3214 4620
632 594
7229 -7132
3516 2336
7330 -6591
5898 -2054
995 7410
-2015 4358
7971 3529
-7731 1832
4862 323
-4554 3706
-775 -3499
6272 -1952
7351 6211
-2531 4317
7855 5035
7785 5652
-4220 3397
3944 1772
-5084 5725
4728 -5424
1162 -453
-5416 6261
-4168 2773
375 2245
-4985 -5763
6484 -2073
1354 -6529
8017 -5907
-7215 -5706
-2429 6536
-6923 1385
-6425 -4508
-5046 5667
7119 -4507
-7255 -5474
-2640 -3971
8226 6289
-4935 5705
-6606 -6548
5084 3119
-7413 1805
4689 2302
2628 -6480
962 7567
917 1239
2195 -6951
5009 -5800
-2734 4167
6702 -8312
-3693 -3888
7934 3926
2335 -289
-5639 5680
-5884 -1230
-4615 3817
1671 6521
-5209 -4791
946 6268
-6764 -1765
-5341 6579
-1187 -14
-3855 3560
1284 -812
-5535 5795
-757 -3273
6627 -2024
-8250 -6279
8194 3730
-8096 -2159
-2522 -1004
-1132 -3914
-3068 4191
-5486 5720
1489 5846
3017 -357
2728 -6933
6377 -1855
5226 3308
8805 -7477
7831 -7260
-2007 4022
-4092 -3931
-513 810
7985 -4312
6931 -2456
2446 4613
-3680 3535
7079 -4543
-6220 -4447
-6468 -929
-5237 5806
3166 2482
-5672 -1418
7441 6230
-711 -684
980 -346
-7086 -5485
-5075 5777
-670 -1944
-7620 -5873
7974 5592
1709 -7294
7337 6084
7801 5815
-7278 -6365
804 963
7735 -9006
-1159 1403
-2568 -4276
4028 482
-2672 7407
-2633 7055
-5200 5602
841 1552
-5233 5861
-1375 851
1435 -1034
-4142 -3995
6717 -2232
5233 2139
-144 828
-7368 1707
-5275 5696
2845 4497
55 7180
-2404 7275
-7944 -6563
5700 2384
7017 5947
5950 -2459
-7781 -4513
7145 6106
-3670 2900
5882 -2096
-6886 801
-2381 -226
-7739 -5968
-6833 -2015
-6408 -10
559 1424
7460 6279
-7604 1686
7332 -5026
1492 -76
6639 -7611
3923 -560
-4165 -4859
7246 5180
3322 531
7973 3779
6244 -2132
988 869
7518 6036
5677 2242
3560 -514
-980 -3365
4780 -14
2754 4704
-6006 -5726
7271 -7454
8180 -6611
4800 -5817
-5585 5571
7491 6818
-321 -1027
-5484 5682
-1557 -2822
7615 -4990
-6319 -999
-4183 -5335
-6062 -3615
2649 4357
6518 1495
115 -157
-2352 6898
-5420 5677
-1257 -2772
6861 6835
5997 2151
-5597 5959
-4969 5852
-2300 4790
-8928 -664
-6247 -6301
6670 -6841
7762 5485
-120 2725
-7790 1294
-6127 -1773
1148 -219
-8308 -5792
3192 -5969
-6997 -2711
-3996 -5029
-7451 -5934
2740 4818
4632 -5767
7228 6362
-5323 5497
-5917 -1063
-2302 -2938
1169 -1123
-7725 -6785
2357 387
7991 3235
7982 3851
7667 3056
6347 -2243
-6429 -5118
7705 6008
-929 -1216
1422 6453
787 -641
7355 6099
8006 3518
4733 -6022
7043 -6466
-5453 5716
-2685 7398
1412 -1364
-946 -2554
-685 485
-1064 -286
784 -516
-1287 -3105
8157 -7423
1314 7435
-5955 -1402
-7818 -5625
2580 4831
4635 -5917
4807 -394
-4186 -3516
-6584 -5550
-2433 7044
7732 4084
-7008 -3003
-3076 4224
-5051 5398
6159 2340
7217 6370
-3245 -3369
601 6464
7691 -4496
-5531 -5712
7497 5413
-7051 -5883
-5260 5840
7126 -4706
-1391 -379
-1950 4104
7697 5474
7777 3884
-974 -2524
-5281 -3087
-2072 4663
4509 -6189
4533 3180
-2768 4328
922 6402
6699 -7167
-6925 -3779
7907 3748
-5395 5813
7768 -4299
-6746 -3770
-4225 -5439
-638 -293
4181 1345
7115 -6516
7407 -4541
498 212
7718 -7129
-1567 52
996 5755
7509 6268
7987 3905
4525 -5593
-4934 2455
-4820 3042
7949 6267
1166 6941
-7251 1880
-6851 -1248
-2375 1964
7869 3552
-6758 -1600
-4597 3795
6932 -5171
4785 -5631
7378 -5032
2410 -6457
-2673 7221
-7836 -2491
7014 -7487
-4609 3384
1706 -224
8406 6676
4903 -6371
552 6721
6192 3699
-1120 -1749
4510 -6123
4666 -6113
-6277 -5682
-2615 4458
-3768 -3511
8228 5333
-2142 7123
-2654 7113
-3264 -3441
1233 5726
-2448 -351
-5144 5165
-4457 -5080
-5539 -929
-5718 -3717
3733 2068
1547 -6640
527 6798
-7883 2184
956 5950
-2129 3930
-1722 2303
4182 1376
8355 -6906
-1376 3068
6286 -1818
7525 4094
6163 -2239
6658 -2101
6576 3107
7218 3684
-5166 5988
6837 3296
-896 -262
-618 438
-8139 -3951
-4601 -5917
-379 -2550
6893 -2352
7697 4346
5294 3029
7746 -7130
7655 3586
1370 6795
-5490 6037
7893 6004
-4312 -5462
3957 1494
7655 -7141
7920 -5286
-2538 7291
4832 -6104
-6911 -6822
345 6579
-6223 -3858
-4362 -5510
561 -101
4335 -5904
-6837 -2819
1057 -888
-628 -2951
-4093 -5557
-2801 -288
-3546 -3032
-7205 -6390
-3817 3488
2948 4488
7644 6225
-454 1165
8375 6558
4793 -6021
3288 4222
-3813 -4030
-1333 -3552
2729 4393
-2676 7039
-3412 -2961
1209 573
-2256 4334
5834 3482
-2257 4598
-752 -928
-3504 -5738
1148 -117
-563 341
-3323 -3209
-2416 6663
-7644 1340
-839 -290
-5971 -3630
-2758 7037
2404 4226
7616 6514
2901 4183
6953 -1895
8334 -8104
2775 -6339
-5314 5667
-4320 -5630
3791 4195
-255 63
1369 -649
-4055 -5241
-4763 -5666
-7738 -5629
-65 355
7151 -7868
412 3752
7062 -6858
2260 -6057
-5280 5799
1736 -6370
-6392 -4498
2345 -6603
-6732 -2122
-5697 -5360
-4618 -6208
4820 -5813
2208 -6918
-2619 6994
2154 -5907
7779 3926
7569 -6837
-5935 -4295
-3834 -5732
-2244 3845
7779 3460
-695 -2800
-7764 -3858
-3387 3708
6047 3314
-1446 -80
6278 -1893
7368 -7548
2815 3806
-3106 3694
6401 -1970
6727 -2495
5913 2228
-528 -2423
-7545 -1101
-5072 -2925
-7083 1691
2958 4516
5049 -6155
-941 877
3319 3913
-6754 -3155
-2908 7136
-7052 -1985
-3458 -2775
3174 4645
4913 -5500
308 5476
5990 -1684
7886 -4863
695 6206
-2529 7306
-6232 -5306
634 -341
2034 -7021
-4975 5439
6610 -2563
3027 4651
282 480
-3507 -4168
-6007 -5252
-1485 -15
-2592 4534
-7814 -6128
4224 2031
4957 2064
7314 -4390
1729 5048
483 6393
8119 5865
-7196 -4352
2868 97
1890 -6557
-7899 -5219
2529 4406
8096 -7240
6477 2494
-4329 -5034
-4333 3872
-8337 1677
6626 -1668
7190 -5325
3777 84
1249 6861
-2366 4072
160 -774
804 586
7294 -4597
7157 -6199
2792 -7248
-4917 -5978
-6872 -327
7485 -7677
-7826 -6248
6203 3106
132 399
-2006 -870
-2598 -3945
-6822 1215
-167 380
-1676 -3032
7901 3552
3041 4789
-5143 5722
7620 3727
8364 -7329
3272 -901
6784 5842
-2937 7316
6625 -1888
8622 -7334
7092 4022
2406 -5921
-3978 3569
-583 2543
-6788 1920
4983 408
7775 4062
-4044 3632
2427 -6248
8100 5536
-6888 -4236
-2969 6897
4250 963
5764 2935
-3642 -3214
2713 -7519
-2677 -3341
-7089 1865
6631 -2344
6691 -2360
-1489 -980
5575 2668
4451 -5979
2355 -6754
-6951 -6908
-1070 -225
-2302 6842
-2783 7184
-5474 5654
-6459 -1325
4841 -5891
-6501 1375
-5328 -2476
-6183 -1222
7263 -7229
-1635 198
-5161 -5979
8034 6506
-2567 7192
7984 6124
5040 -5597
2645 -6493
-7201 -6159
-2785 6730
1913 -6483
6236 -2361
7674 5710
-2738 -4092
7803 4020
-2167 4324
-8201 1141
7805 3585
-1377 26
-3841 -4438
7210 6825
-1235 2161
-2289 3874
5568 569
-868 1823
936 5871
-7383 -425
7549 -4909
-2729 6954
7522 6074
-413 -2460
-5234 3600
2557 4859
-7148 -2117
3106 4978
739 9
1540 -1212
-6767 958
6729 -2094
-4979 -5546
-6660 2304
-4298 2729
-5137 5996
5278 2668
-551 815
-5406 5775
-7003 2443
-6198 -1220
-2395 7092
-4344 -5387
-4785 5550
-7369 1127
-6946 1471
4927 -5850
-985 1447
-349 -824
4908 1277
-5166 -4601
-3466 -3634
7571 6117
-387 -2483
-6763 -1006
2372 -6935
-99 6072
2077 -6073
-4346 -5389
-5538 -1442
3910 145
7926 -5224
-1030 -2543
4783 -5852
3343 4888
376 -3265
-3685 -2773
1639 927
-4926 5272
8364 3930
-6701 -827
-4796 -5686
297 1218
-6531 1829
592 6642
6196 -2552
-1049 -2760
1093 -1374
-7501 -6243
-2488 3981
7420 -4341
-4163 -5784
-2609 7046
5096 -5638
2197 -5869
1421 -6242
4040 723
679 7021
-387 -3129
173 1107
-1638 -3435
113 1269
-2095 1916
-6255 -4862
-6725 -551
-7411 -6134
-2387 7443
8519 -6364
7579 6038
6409 -2039
-2319 3910
-2706 7355
-6771 1686
7420 -4680
-3428 -4241
-6003 -1879
7666 6656
4473 2461
-7019 -2276
3355 4677
-2042 4103
-3841 -5507
-5869 -4130
-3867 -5792
6575 -1826
3420 1453
9296 -7214
7033 -4900
6753 -2164
-6681 -1337
3129 4934
6703 -2158
4622 -5714
7354 -4407
3714 4081
-6264 -5748
-2159 4224
7215 -5504
-5229 6056
4360 -5962
2254 45
-7154 -5548
-7891 -5643
2408 -7155
7757 -7017
-1056 -564
-1386 -2150
6639 -2260
-588 -1048
-5372 -5704
-5198 -4985
-5289 5779
-5897 -1855
-7038 -2192
4723 -390
-3593 -3317
649 6683
-4153 -5527
-7086 2189
406 567
-7820 -4177
7439 5809
-657 637
4793 -5998
4901 -6058
2626 -6423
-7219 1763
802 6054
7801 5905
4468 -6017
-1404 95
-4094 -3698
-1274 -691
-736 -2951
-2543 7071
7553 6622
18 -1289
7832 -4311
165 -409
-4108 -5620
7716 5802
1916 464
1186 861
5359 259
7789 6005
3286 673
-2928 -3569
6062 -2510
2296 4227
2486 4060
7661 6132
2395 4120
4391 1253
-6655 -5081
7463 -4633
-644 3200
-6627 -2224
64 -2736
-1307 1302
-5541 -1121
4339 -5654
4006 2589
-7158 1902
6936 -5090
-4997 5295
8179 3582
-7604 -7538
-1066 -2977
3015 4510
8092 -5142
-237 19
-5223 5967
390 6903
-2325 1683
6930 5922
1626 1139
2922 4548
3588 4934
6761 -2273
2103 -6318
5101 -5308
1554 -6855
-4728 4010
2383 4764
6720 3755
-1182 -2916
177 -381
2478 4892
4017 1480
2237 862
-2183 4298
8057 6076
-659 1089
-7513 1311
7743 -4273
7539 -8387
-5125 6288
6994 -4527
-3229 -4197
7728 -8123
-8628 -1528
7986 -7127
7368 3260
6623 1611
-7348 -727
-7436 -5429
-6383 -1333
-7210 1109
8108 3798
-5747 -1718
-5309 5882
-3336 -4096
8088 -7485
-7455 -6266
-5237 5662
-759 -3258
-769 -2918
4759 236
-5224 6033
-4402 -4992
4674 -5705
7602 -4585
-7857 2001
2746 4120
1675 6600
-4065 3398
7292 -5091
7998 6140
4801 -5665
-1886 3919
7910 -6747
-2980 -3310
7660 3504
-2073 4300
-5295 5580
-3737 2583
-6337 -1472
4595 703
-7310 -6215
8032 -5063
-167 1610
4236 971
4451 1304
-1860 718
4031 -5979
2807 3607
-3521 -4019
6493 -1722
-4489 4025
7766 -7006
6747 6566
-5163 5732
-6516 -1786
-5052 -2961
-915 -3543
4629 -5237
2899 3912
-763 -2269
4328 -5568
6852 1424
1800 -6825
-867 -2254
7436 5814
2740 3935
6810 -2241
4257 191
-2632 4582
7384 6276
-1408 2551
4886 -5582
8060 -5695
-7662 -5203
-2332 3690
6165 -2402
4442 984
511 7096
3376 104
2721 -6778
2204 -6721
-5123 5618
3120 4469
5923 1996
-7169 -6624
-2217 4527
-7792 -6206
6704 -4835
-682 361
-7437 -6458
7912 -7680
-4016 -5538
-4446 3870
-2631 4195
7808 6912
-7602 -4513
-7999 -6119
-299 1897
4996 -5858
-1772 298
-1275 -2148
6726 -2212
7662 -4675
-7349 2082
2927 4296
-1422 -988
3131 4909
-3995 3692
-1662 -523
7949 -4556
-2758 6970
-5133 5942
7984 6410
-4635 3405
222 6024
-3436 -3787
2633 -6332
-5204 5578
-602 -2443
-1241 245
8410 -6558
7550 3475
5670 1158
7039 6195
1782 -7097
8003 5949
5331 -5368
-7778 -6661
8427 3513
-2280 4076
1037 5851
-2637 6689
-5302 5991
-2780 3388
4595 46
-4054 3406
437 -384
-345 2253
6792 -1995
-936 -2814
-6749 -4833
4503 2288
7611 -7171
4422 84
4962 -5728
1365 6064
4874 -5704
1003 6304
6382 -1710
-636 1686
7986 -7301
424 6265
-1726 3888
-132 1650
1133 -492
-7387 -5944
7691 -6881
5323 1852
-5721 -3484
6265 -2127
6342 -2145
192 -917
-132 2307
-2361 3792
-2103 4293
-4818 3449
-6860 -1234
-4536 3224
-4295 -5471
2534 4417
1086 7215
-2377 6994
-3783 -4042
-1915 4579
-2477 6970
-4651 -5673
-4427 3585
4691 -5649
-4440 2907
-973 -725
5191 -5734
-2227 4312
-1241 -1645
-509 -3029
-6241 -4956
-3865 -5088
-7880 1921
6169 -1800
6983 -4638
-1831 -546
-6673 -1206
56 1773
3890 1165
7787 3462
6428 -2151
2236 -6234
7374 1119
-4478 2731
6363 -2556
5080 1684
-2397 7036
-7022 2212
1903 -7598
4706 -5842
7380 -4401
-6328 -3752
-4261 2990
370 652
476 1265
-5966 -1507
-4592 -3848
-2791 75
1328 99
-2540 452
7156 6581
-5127 5476
4529 -5737
4594 -5869
7020 -4766
5738 2755
-2205 7187
1057 -1113
7880 -5190
-2336 4414
-6723 1623
-2557 6999
-3792 -5230
3533 4663
3071 -7181
-2162 4665
-1613 138
-2526 4122
3035 4036
-7618 2170
7415 -4903
-1516 -20
6959 2248
-1714 485
-4978 -5675
-2519 7401
801 7080
372 7333
-4291 3414
4914 1193
1683 71
-5092 -4288
-4762 3919
190 6306
5081 -5703
-2372 4270
7866 -4315
7718 3896
-5572 5685
5965 -2147
-4423 3684
-6954 -1950
8233 -6835
7490 3276
-1404 519
-4890 -5415
2399 4142
-2682 3663
-7551 -5325
6890 -7468
-7108 1494
-1102 -3027
-6790 -3026
-7086 1579
-5401 -2402
-890 -3595
6642 -2430
4505 977
-2494 4260
2852 4470
-251 -2820
-6346 -683
1944 -6960
-784 940
7932 6287
5676 1898
-6574 547
-792 -508
6796 2056
-7223 -6136
-8109 -2284
6406 -2420
2472 -6563
6772 -2136
7696 -8116
-7275 1218
-7424 -1552
-2205 3501
2454 4377
6768 -2334
-7117 2178
-3569 -4042
5879 2909
2167 -6521
-2465 7005
-4145 -5647
-2440 7070
8071 5876
1299 -813
-3799 3229
6561 -2320
1380 -6522
-2819 7362
-2072 3550
-6862 1895
7828 -8553
1195 5780
7973 -5561
6819 1498
-5211 -5104
1200 6866
-4979 -4815
7451 4151
-4784 -5454
420 5135
-5105 5829
-1712 111
-4066 -4714
7467 3613
3113 4690
1428 7318
2461 144
116 -1324
5946 -2686
-3983 -3725
7353 -4960
-5345 -1563
-4223 3800
-4131 -5403
-911 -446
3642 450
7768 -5210
-1183 -3030
2645 -7274
-7801 -5320
-6285 -485
7715 -4682
2620 770
-6657 -4518
-1392 -217
7271 -4458
-4431 -5636
-2946 -3823
-6963 1541
3652 1209
7712 3996
8468 -7052
-204 -101
-1856 3954
8129 5979
-4163 -3838
1440 -6964
-1674 -237
