100 285 4517
0 0
-2845 -3755
-2600 1160
-5368 7337
1001 5857
-9155 -5596
-4179 2718
-3792 5672
-6916 8825
3424 -7300
1203 799
-4528 9578
1954 2055
-1716 5196
237 -5274
986 3796
4981 -8632
5751 -7670
4336 5379
-3973 7864
1268 7042
2406 -2509
3408 -5685
2879 -4512
5629 3016
1704 -6141
-7282 551
-7429 -6977
5726 -4451
6370 1764
-1854 7305
7741 -9213
-7984 -511
8827 4045
4618 -4137
975 -7169
8549 -296
-7212 3129
5409 6350
4986 -3205
9716 -4071
9126 -2647
1848 -8374
-1134 1746
634 -1656
-3752 -5343
-1020 -9953
-2853 -612
9023 6954
-3642 -7519
8011 1698
6334 599
-9715 -3497
-8874 -6763
9701 3077
3521 3894
8159 9955
-2155 2283
-9487 560
4223 3045
-8705 -4651
7088 -904
9181 8506
2934 -8561
-699 4949
8544 -3622
-210 -9002
8560 -5705
-6266 -3558
7632 -7261
-1629 -1123
-7028 -5347
-9996 8658
-9825 3719
-4264 -8628
6109 9657
-8545 1905
7516 -3189
-9773 7144
-5999 679
3794 7844
5019 4098
4631 -7384
-4531 6765
9929 -6327
2539 9758
4947 -6292
8589 -9959
-7179 6481
-4367 369
1962 -1062
-6194 -8827
6752 3781
-5631 2410
-6593 4871
1981 3211
8846 -7718
-2205 9941
7238 4891
857 -9944
1 3 3864814
1 11 1862709
1 44 2563600
1 45 3676594
1 71 3481653
1 91 1217906
2 15 1943951
2 45 1433908
2 46 478769
2 48 2660701
2 69 8229931
2 71 2148842
3 7 3769742
3 44 443409
3 48 1619250
3 58 1752667
3 71 2848387
3 90 2983319
4 9 4971558
4 12 2512666
4 20 3442106
4 84 1198279
4 89 4084270
4 95 1452138
5 16 3135153
5 19 1272462
5 21 556542
5 31 7552372
5 56 6765499
5 65 259620
6 53 3583388
6 54 1544564
6 61 1561543
6 72 4270688
7 8 4400106
7 14 3604996
7 58 1139021
7 90 1803224
7 94 3156191
7 95 5789219
8 14 2782414
8 20 1669723
8 31 3229113
8 84 509461
8 95 3777081
9 12 2796015
9 73 2590131
9 79 3930819
9 89 1177637
10 23 2988484
10 26 1711369
10 43 321976
10 64 331902
10 83 2830315
10 87 2986877
11 13 562879
11 44 3373290
11 91 990120
12 20 461683
12 73 7211443
12 98 1926003
13 16 459259
13 44 2044433
13 52 11465328
13 60 2362847
13 91 1413056
13 96 980018
14 31 1181043
14 58 4732362
14 65 623704
15 22 2530147
15 24 5019450
15 26 2815943
15 36 1483546
15 45 888062
15 46 7120370
15 50 3419257
15 67 6981552
16 44 4057975
16 56 1807094
16 65 4762069
16 96 146560
17 18 513557
17 32 575728
17 64 3505019
17 83 383490
17 88 923358
17 100 532243
18 32 3464327
18 70 989622
18 83 2180017
18 87 734934
19 21 5441177
19 39 415109
19 56 238127
19 81 716805
19 82 842442
20 31 5089096
20 84 226807
20 98 4439372
21 31 1551683
21 81 2023165
21 86 612769
21 98 1685641
22 24 1853863
22 35 1430193
22 40 2166487
22 45 2256932
22 91 3738102
23 24 1672316
23 26 1844255
23 35 795960
23 87 1302016
24 26 2777308
24 35 4227257
25 30 1318914
25 60 2560254
25 82 2211853
25 93 298283
26 36 191991
26 43 938080
27 33 1317416
27 38 4065813
27 59 881838
27 77 505358
27 80 335564
27 94 3416774
28 50 1060671
28 54 2550328
28 72 911858
28 92 1367023
29 35 409429
29 40 1310276
29 68 2518802
29 70 6102354
29 78 4865755
29 87 2498166
30 51 1293688
30 52 1370164
30 60 769254
30 93 2780420
31 65 4656687
31 98 845177
32 70 3173202
32 88 2618502
32 97 3380943
33 53 473564
33 59 3775809
33 69 643171
33 80 2632038
34 49 423242
34 51 655074
34 55 1032153
34 93 3125665
34 99 505980
35 40 872168
35 87 2833662
36 43 415625
36 67 315938
37 42 796158
37 51 1010032
37 52 5400210
37 55 3183947
37 62 570625
38 74 2697759
38 77 1993475
38 94 2124500
38 95 1970406
39 49 5805174
39 76 2859584
39 81 4445280
39 82 2273256
39 99 4790270
40 52 3819798
40 62 1626411
40 78 4031254
40 91 2404449
41 42 2562517
41 55 3658855
41 66 330857
41 68 1578244
41 85 2511858
42 55 8508148
42 62 379894
42 66 812379
42 78 1729251
43 64 176910
43 67 2181866
43 100 2456799
44 58 311564
44 65 3563308
45 71 4305221
45 91 188394
46 50 2547087
46 69 1031882
46 72 1676842
47 50 6512632
47 67 649648
47 75 7444467
47 88 3116883
47 92 5402639
47 100 4032418
48 69 5016343
48 71 2854111
48 90 2560260
49 55 9467806
49 63 745167
49 76 6470590
49 99 547275
50 67 2688315
50 72 8879584
50 75 2264606
50 92 4452425
51 52 1629988
51 55 456969
51 93 5333125
52 60 806742
52 62 4148719
52 91 10854237
53 54 3036272
53 59 1269267
53 61 1556933
53 69 6170762
53 73 27998930
53 74 14399802
54 72 2367888
54 92 4972815
55 63 630639
55 85 5172501
56 60 900761
56 82 579703
56 96 3919146
57 63 1151371
57 76 5122354
57 86 1625613
57 98 9395816
58 65 463224
59 74 6150720
59 77 1744458
60 82 1937858
60 96 5613802
61 69 447189
61 72 3656038
62 78 647349
63 76 5523414
64 83 250185
64 100 869546
66 68 2930723
66 78 1464025
67 100 1717526
68 70 828537
68 78 3575533
68 85 759900
68 97 2489035
69 72 1895322
69 80 3809571
69 90 508070
70 87 5431699
70 97 414528
73 74 682849
73 79 456339
74 77 3299010
74 79 5419279
74 89 3103366
74 95 6523435
75 92 1940851
76 81 4371743
76 86 3136355
79 89 2766295
80 90 291279
80 94 1815752
81 86 2891207
82 93 963566
82 99 1127536
83 87 253617
84 95 3831583
85 88 4846220
85 97 952723
86 98 1660275
88 97 573415
88 100 953444
89 95 3958095
90 94 2468572
93 99 2271267
94 95 3583205
8899 2120
8794 1861
5400 5707
5834 2415
-7589 -2520
-7953 1978
-5036 -1814
4128 4579
-154 -787
7469 -7395
1016 -8549
3513 -84
-6897 5611
-3076 5319
8996 -4757
-3196 5866
-5341 -3904
4984 -3010
4896 -6542
-1330 -1769
8163 4888
-6585 -2169
-6611 671
-7749 7310
-2928 5764
-1314 -4608
-7204 8355
-5076 -1161
4713 8382
4819 7129
-6913 -1843
4447 -7839
-7274 8006
-2540 1656
-3389 6143
1668 -1723
-4887 -3848
4664 -7525
7248 -6034
299 7655
-2875 5026
-5248 2540
-4947 -4844
-6577 5601
-7996 -2623
-1316 -2149
834 -3197
7781 2181
5245 -1510
-7540 7217
3591 2808
-1661 2502
8283 4840
4919 5271
-1349 -1719
242 -5662
-2117 -1025
-1624 -1626
3685 7334
2990 -7235
-1907 -4655
240 6019
-7371 5098
7330 -3025
1422 -4897
-1868 1895
-7514 8038
5932 2145
-2301 1107
1667 8161
-42 1818
-1560 414
-7154 8300
-3844 -7180
2438 6122
-233 6139
5970 -1324
2552 -3511
808 -5911
7800 7009
-1883 8011
7309 -3697
4470 8886
3809 -6581
4582 -2201
-953 9157
-7261 -1692
3466 -7609
2671 5348
751 5432
98 4405
-5484 2358
5643 1590
-3777 6123
443 1352
-4985 -4507
-7428 8213
-1126 -2112
-1949 7886
-5081 -6754
415 8879
4013 4922
7895 1067
-2218 7709
3913 -8364
1748 8145
3372 3941
3566 4341
-3372 5385
-2758 5744
5053 8772
-49 6508
-7770 4926
7302 -5207
812 -3781
891 -7951
-4486 -6994
-911 -2527
4602 3892
-1348 -1553
-2088 1921
-6142 2757
3221 -3687
4181 8032
4013 2041
3716 8113
-8167 -5913
-1116 1421
8620 2662
-8046 7617
-4532 1609
-3691 5655
-7465 -2130
-6144 -998
3405 -4150
-7841 -5255
1196 -3646
1981 6286
-1829 -2333
-3884 976
1180 -3139
712 -2788
-6838 230
3799 8020
-4506 -6871
5944 3829
7693 4243
7792 -4621
2915 -4559
-4583 -7340
5782 -3622
-881 4585
-7759 8321
3044 -3816
477 7761
5416 5088
-1377 2446
-5609 -7251
2974 6247
2347 6437
-3538 5542
-5866 2539
-6835 291
-5492 -3430
-2960 5446
2453 -3670
-7657 -5946
-2148 -1332
6417 -2089
5848 1777
-7919 -5622
-8021 -1016
2456 -3930
4396 -1385
3152 -7873
-8134 5683
-7608 -5881
-8061 -5768
-6202 567
2903 3427
-7953 4895
-1519 -4481
-586 6121
-3519 877
1528 -4899
595 4866
796 -8193
7514 7139
-6633 208
2701 7134
-6096 -3087
-7447 -1274
-2737 7826
-3393 1265
1263 -7998
-1387 -4533
6983 1794
-2199 1832
1375 3923
-1419 -2251
-4773 -7885
2150 6975
813 -7858
760 831
1067 -8063
5751 -7356
-2821 8034
142 1038
1046 6793
-1388 -1178
-1800 -249
2614 -4042
-1561 1540
-4758 4144
-6268 1646
2997 6316
751 -2305
-4445 -7398
-5588 -262
6616 7119
-2329 8369
1277 7852
437 -8004
-7760 -5885
-5052 1864
521 -6155
2919 -152
-7494 -5639
5014 4413
4774 8105
-7496 -3312
-7660 -6065
-6888 449
740 -7374
5354 7479
-7762 -5804
-2574 5931
-2800 -3411
7084 4949
6407 847
-3392 5275
-1729 8274
6166 -2123
-1855 8207
-2660 7611
789 -2977
8431 4437
5248 8883
-8140 -6478
-8397 7735
4979 4588
4410 3586
-4310 -4460
3482 8341
4343 5509
-6484 186
-4823 -1079
5228 2294
-4135 -7287
-5466 4207
-7593 7651
-6938 -1428
1745 -6864
-2900 4960
-1066 2451
4359 -6158
-1157 4611
5370 6945
-7260 -2078
504 4613
-7405 8408
-7960 -6196
-2619 6318
-1417 -1964
-6381 3826
7582 8072
722 -7835
1269 -2190
-6202 6561
8291 5192
2026 -5548
-4197 -3522
-7210 3054
721 1794
-2948 5378
-1628 -4545
-1519 -1476
-3987 3055
-1763 -5094
-564 2093
1023 -7549
-7142 -1387
-8017 8234
-184 -1707
-3516 5057
2069 -5138
-6440 3002
-7699 -6246
3504 341
-7244 7022
6282 2183
-1492 7630
-7633 8262
-5214 -3893
-1977 8101
-1934 2024
1357 -5591
5140 4663
-4079 -7251
246 4287
-434 706
-2585 5199
9093 2470
-1620 -4720
-5855 -4286
-1430 -4444
-1833 -4999
-1843 527
8678 -4285
6400 -6068
-2870 5524
5475 -749
-7719 7956
-3295 1182
-4464 6657
3085 814
4869 5489
789 6710
-6290 3316
554 6942
-7999 -5810
4513 4975
-6189 -1098
-4822 6636
419 1113
-6079 2711
-5601 -1400
-6752 428
591 -7968
1032 -7985
1150 -5272
8063 1654
-1279 5179
8085 6655
-1560 -5002
-7691 -6055
-2965 2102
3313 -4604
6862 3234
2776 -4382
5900 8191
5416 1617
-4869 2982
-5007 -7458
-7430 -6101
6327 5505
-51 8049
-5149 -733
5247 5341
6866 -2789
-2826 -105
-4660 7017
1874 -5114
5563 -2957
-5150 -1120
3892 -3355
555 -2353
344 7097
-1991 2914
4878 -237
2242 -2793
5113 5485
4382 3817
-6992 -3161
7484 5215
1022 -3243
-2109 1232
5898 7796
-7098 7455
-6579 2729
1561 -5844
-1544 9093
4138 7717
1797 -2005
-4839 -1143
3366 7848
-4846 -5159
2702 -5238
5793 -1060
-7967 -6128
2034 -4601
-6457 -964
-6635 548
2958 -3363
782 -5471
2810 2860
737 -7981
-2196 2111
4614 5276
-4615 -3953
-4235 6355
4785 5220
-5245 -1066
1352 3973
4927 -1012
-357 1943
-2143 8554
-7851 8109
4968 5360
-1957 2710
733 -3149
-2972 959
-677 4820
3705 35
1763 7127
4137 4592
-7737 -5459
7419 4448
6754 3072
-7316 8283
-6861 377
-5764 -3777
925 5595
-4532 -3735
2992 727
5540 -1569
-5614 -1087
-7693 -6347
818 6403
5074 4818
5362 -8058
-1567 -2105
-8165 -2559
1109 909
-4945 -805
-2162 7755
6336 2447
-3380 5238
-5290 -1543
3711 679
-5074 -1052
945 6144
-1312 -4807
6717 -7317
-6455 435
5575 2330
-5837 2640
-4653 -8681
3328 5915
3410 7343
6790 -6376
6579 4649
-6765 2884
-1522 -2058
-1734 -1959
2862 6418
-1759 -5082
-1265 -2336
-91 -2305
-2181 3147
7749 1352
-4725 -4258
799 -8028
2460 6173
744 -7970
4543 8161
-6869 2603
-1687 -1627
4368 4782
3034 6520
1127 -7755
976 -1680
-7605 7298
1488 -1430
3557 5942
-6921 150
4994 4287
735 -2303
3603 7222
-2566 229
2756 4186
955 -8345
7316 1674
-5212 5628
5666 -1821
6047 5076
-7582 -6082
-5769 -833
5382 2017
817 -4620
7379 4461
3406 79
-1434 -1554
-1797 3876
-7108 -5720
-3186 2545
-2539 -1452
1363 5257
-68 632
-6477 2695
-6749 -823
6681 -5498
-7811 -6017
-7867 7595
779 7519
4162 -1656
-7404 6964
-4865 -3787
3338 6103
562 -7821
8216 -3450
644 -2411
-1954 1576
4897 8728
-5253 -5531
1088 5645
7331 7082
-266 6672
-1659 -1397
3104 -3350
-4867 -3565
-8077 -5893
-4542 -4807
-1491 -4389
-2947 5085
7242 -6291
-1415 -1484
-1781 -2039
-1876 2476
6928 1451
6904 -3736
-1931 7572
-8201 -5945
7724 7090
-7786 8612
2994 231
-1592 -4969
5414 2262
-6657 406
-7891 7587
-2249 7291
-7203 6095
1263 -7981
-7895 7635
5569 -3109
4965 -7126
6292 -3335
-2781 3117
-4936 -3978
1973 6347
2727 -4006
-1565 -1574
7516 867
-4970 -7228
-1500 525
5079 4541
4886 4569
1065 -5185
7843 206
-4559 -1550
-4669 -4507
-8005 -5621
2699 -3474
5736 1451
2781 2555
-6481 148
1091 881
2516 -4290
835 7460
9478 -3619
941 -7844
6440 -2511
6403 -5703
-1431 -1467
-6125 2757
-1263 -1684
2348 6500
1135 -7527
-7626 -2049
5533 5535
3283 3606
7370 4970
-6568 2009
-6698 689
3571 6519
6190 4030
4455 5011
4877 5023
-358 6311
5747 -1035
-2189 3248
5504 -1987
3604 7477
6403 -6287
-2521 7838
-7204 -1197
1344 -7784
-4696 -911
-2627 67
2367 -4659
-4922 -438
6697 3870
5567 8841
-1821 -4923
1259 -5354
-8005 -5834
8967 6486
-7427 -6152
5324 -1155
-1796 -4915
-1178 -1777
-1785 -4192
-8237 -2670
-2451 8132
985 -7664
-3530 4569
-2534 7874
4608 8760
-4362 2362
-1397 -1547
5392 9225
3010 7238
2161 -2577
2365 -3947
-6472 538
-6697 606
8488 1339
3484 954
-2602 7927
-1379 5793
6439 -7959
-5148 5136
-2994 5487
4652 9125
-6903 728
4331 7498
567 -1690
6312 -391
-5536 -1033
-3733 3486
7333 5776
5140 8678
5884 -1560
2039 -4051
-4514 2594
-6691 72
2104 2550
-3376 3099
-1338 -1748
3389 3134
2827 -3382
5062 5165
836 677
-5678 -4638
-6753 541
612 6827
2951 -4038
2915 3548
-1580 -4850
881 -8006
-6980 3877
406 778
-7934 7703
-7833 -1729
4962 -104
5093 -1686
5576 -1099
826 -8103
1098 8627
7129 -7712
-6502 1472
-6442 436
1086 -7969
-3124 4811
-7797 -5637
2045 5613
7648 6602
-6679 226
-3442 5671
-2423 2893
-5540 -1191
50 5049
5501 5209
6117 1107
-6597 5740
-5336 -71
-4922 -4730
-7732 -1528
-8087 -5693
9908 6223
3069 -7343
3404 447
-2523 -105
-4713 7247
925 1240
7868 -7895
-1441 -4996
-5671 -1862
5307 7808
939 -7734
-4077 2704
-1548 -4985
5790 -1846
2874 -4296
2580 -3520
1055 -7879
-813 2920
-1809 -4880
5128 5378
4076 4748
3028 -3233
567 -5117
7214 3806
-7903 -2520
-5728 -1268
-4423 -7466
-6697 -666
859 -3205
7006 3684
-4522 -7396
1560 -5266
-6592 322
968 -4715
-2061 7847
-5351 -1342
-7541 7993
4118 3715
7604 7565
-6334 2991
-197 1131
1356 -1518
-4985 -5003
-4986 -789
-5136 -831
7553 6404
-5596 -4031
-5769 -556
4399 7875
7267 -3227
4361 -10
-1117 6737
682 -7941
-1639 7376
-7036 -2337
217 837
975 5984
-2818 5615
-4728 -4288
7022 5933
4648 4992
721 -7897
3258 145
2058 5251
4202 -7183
-926 3577
7745 -6384
-6709 -2817
-5744 3963
-1252 7910
-3449 5718
-7123 2656
6352 2322
-2140 8268
3572 8404
-59 -1009
3695 5020
-1117 -346
984 -2501
-7105 5018
708 -7509
-2095 3311
-2385 7542
89 -3683
-5508 2150
2865 -4196
-7806 5678
8597 -2445
-294 5690
5203 -2178
-2097 -922
-7491 7641
-4053 -803
-7942 -5721
-6936 7905
4115 -8051
-5160 -4998
6977 5724
8214 4156
-3821 3077
-8344 8019
-1198 5826
4183 3591
4499 4289
3108 6263
-7145 2539
2879 6104
8002 3836
5542 6987
-3384 4827
8346 6205
-5089 -283
1971 -2165
-5085 -5000
-6253 401
2251 -1479
3446 323
8080 1550
-214 5312
4606 -6884
-1394 -1607
5906 4117
165 1900
-4986 -1297
6392 1989
-3563 7147
-4005 6714
-1926 8099
-3808 2689
-2749 7388
-5362 -7769
-7665 -5518
-2840 2964
477 5120
-985 2884
-7219 5242
-5642 3299
-879 5013
-5206 2285
-2597 7180
5912 5473
8708 -6504
5638 7236
-7364 5681
-5158 6459
1914 -4164
3281 1899
8729 1442
-6462 2605
4681 4598
5132 -8120
5229 5346
-1549 980
-7667 -5804
-6737 4951
1311 -2225
295 986
-8155 5035
-720 2205
-2075 -5016
-1090 3953
7295 4754
-6708 -5
7718 7137
-5548 -1720
7645 -6322
-2372 811
779 -8004
-7256 7306
3319 6987
6063 -8266
3276 223
-5077 -4344
-3727 -4276
956 -2312
-5251 -7911
-3128 -3103
3663 637
-4277 1882
-4311 -1029
-1037 -1784
5794 1613
841 5812
-6922 5827
6598 -4858
-3133 4875
-6959 7975
-7403 -5745
3960 -8482
-1612 -1818
3897 -5256
-1133 -4776
-98 5903
-7717 -2578
5243 -1235
6806 1133
-244 6891
4857 3924
5138 -8407
-4677 -7721
-1623 -1722
-1431 -5001
-1778 -1755
-7393 8168
3073 -3765
-2225 7669
-6183 -4529
-2144 2846
-8115 7989
4572 4448
773 -7778
1013 1018
6441 -961
-7816 7588
-1690 2260
-3640 3413
4684 -7235
7201 1097
-1780 -5015
1191 6317
6311 2322
6900 3810
7765 1250
-4720 7244
-6813 2926
716 7933
7536 1148
1711 5349
-6538 474
-6444 6073
-1419 445
3654 6287
7426 -1626
954 1152
2956 -3440
6325 5251
-5861 6252
4870 -8494
1635 -5168
-1267 -1525
1121 944
-3094 5571
-1534 2016
1061 -6500
-7936 -2468
-7556 6382
7246 4134
7973 1163
-1818 7287
-8152 -2098
-1567 -5218
-7700 -5698
5269 -447
-559 6938
539 8839
1830 -4909
2390 -3700
-4437 -8183
3614 57
2094 -4531
-7724 7849
-3526 4836
-4606 4396
3162 -4360
7719 4399
5773 -726
-3889 2521
641 5553
8023 -7197
6761 -1538
-917 8179
-3106 3000
-2151 2878
1251 -5571
6687 -5660
-7825 -6038
5185 5897
7398 1113
-7393 7655
3706 5880
4243 -7556
1553 -4493
-1207 8226
8565 2289
-2782 5113
-3049 6581
-1188 -4727
1296 -4671
-6889 3277
8042 6870
7095 -7410
2768 -3429
6451 -2786
912 -7457
-5700 -891
5596 -1094
-7882 -5885
4486 5071
-2856 5632
1139 -8040
-1713 1151
-7852 -5529
345 7170
4934 4769
8387 -5051
-6675 -3831
1559 -4976
5438 1871
-5937 2548
3662 91
-5219 6182
736 -6340
6238 2898
-8102 -6180
-2688 5502
-2123 3265
-7508 -6015
-7148 7759
-327 4370
3415 8546
7945 1935
-959 -1138
-6449 288
-6453 258
723 6452
3444 -7794
4670 -7043
4771 4112
1964 -5360
-4156 -7842
7236 1369
-7084 8257
5509 -2586
3571 4281
-2752 5538
-1711 649
-7318 -1469
3226 321
5292 -901
2795 -4059
496 419
-7102 8032
-1487 -2108
-1144 3146
2838 178
7630 4282
-7905 5116
3305 117
-3969 5740
7474 4308
-5426 5483
-5040 -1041
7251 6752
-1205 -1487
-1374 -1606
-2108 -802
7552 -6883
-5180 -4031
6797 7564
767 -8044
-1685 -5071
2961 -3900
7940 -5325
5321 2432
-6692 5702
-6775 2578
5034 -8499
-7629 6403
5843 2169
-3003 7848
-7779 -2544
8716 -5771
1404 -5125
87 1314
2643 2753
-1372 -1972
-2825 -519
7607 -5657
-7180 -1299
-6814 2575
-1256 2187
-4376 -8037
-6797 234
2677 5315
518 5284
-4932 -1924
-1810 7290
-2283 8527
3156 2490
700 -7876
-2849 5877
-5072 4939
5810 -4442
5242 -7633
4446 5120
8237 1238
-411 8751
-2771 3006
-1196 6942
-1838 8040
-7983 -1495
-7745 7451
4849 -396
-7666 -758
-6400 2763
5827 2174
677 -7550
3402 6263
3155 4778
-681 7869
434 1121
5852 5381
1063 -2888
5423 2282
-3585 5081
-4916 5755
-3081 5259
798 -8198
-5677 -1584
5363 5554
-5072 6222
5120 -1346
-6235 2752
-4666 -8069
-2568 393
992 8120
9377 1669
4528 4118
4162 -7007
-727 3862
-2578 7649
3522 667
-7558 -5607
4338 4848
508 -5498
-4332 -485
-4724 1347
4085 2721
8215 5103
-4616 5927
-5599 5280
-7330 8066
-30 6978
40 5466
-2179 5617
-2215 7682
-3536 5823
-3876 -4672
1158 -1656
2864 -4454
5123 -1376
6787 4600
-6479 5502
-2152 7754
-1562 -1472
6437 -3443
-6607 191
6408 -3654
133 1050
1518 7021
1287 931
-6870 450
-1350 -1978
3724 6896
7831 7272
-6673 -92
-4311 -6824
2372 -6564
601 -2650
7421 7426
-8092 5415
-2642 1572
-6267 192
-7636 -6002
-4601 2625
1556 -5639
4388 4449
-5314 7831
604 1657
-2750 6659
3268 -7288
4189 7271
5359 -8302
6014 2519
567 6244
-7342 8181
-3125 5263
256 371
-1835 1718
7998 -6866
1949 6654
875 -7918
-6825 504
-7535 -5851
5129 5411
-6410 2879
-3133 541
-1209 2202
2517 -4664
5900 1903
3917 4684
927 -7556
-1871 3058
-5046 -7249
-4629 5544
5547 3366
-1475 -2153
-1989 3375
7129 7695
-7550 -946
-4700 4731
-4790 -3995
591 8709
-22 5308
-7677 5629
6425 2419
-1650 -5075
1544 -2706
1032 -2361
-4985 -1300
5726 2008
2456 3288
509 -2661
6397 -4128
-2050 -498
-6550 5856
-8166 -1897
1462 -4630
8303 -6264
-673 916
1338 7992
7610 -3534
-7572 5584
7740 -3856
4120 -5265
6036 2629
2895 5978
-7186 6851
7327 -4263
7339 -2946
-666 5480
6482 -4369
-7828 -5404
1622 -1736
-2779 5776
-5076 -1058
5830 7435
6038 1991
736 -8284
-4853 3539
1678 7920
-3491 2664
6726 -1825
1831 -2558
-4728 -7467
-1610 -1400
7455 -5310
-5064 -3915
-830 5541
-8117 -5791
285 6100
-7675 -1719
-6150 3376
-261 -280
2830 6725
-7334 -5779
3176 210
-503 5785
8121 2120
1082 -6224
2496 -3805
3301 5909
7147 5093
8336 1852
5780 -1707
7424 -2609
-78 -2805
2610 6802
5291 8097
-7214 -610
-6855 405
7803 -6521
7809 6938
7921 6712
3611 5381
-7435 4581
1957 -4503
-4799 -7936
-4929 -4490
-1218 -1951
-5090 -4545
-2673 6117
3773 6861
3360 -4102
-6499 144
-3304 1851
-7653 -6294
-1593 -1774
-2223 -4735
1357 -2038
-4617 233
982 -2719
-8213 -1861
-2430 7205
93 1500
-7839 5746
2524 -4257
-8057 -5982
1692 -2079
7407 1332
-2041 3424
-2010 7649
5727 -679
-2355 2041
-7941 5079
6696 4733
-4787 -581
6544 5410
5379 -1650
7620 5540
3432 -89
-2825 3837
-6917 186
1495 -3049
-4279 -7595
-4919 7000
6400 -2634
-7116 3537
6730 3481
3221 371
2451 3152
6323 -6636
-3019 4504
3187 -3648
4690 6757
-3078 4842
840 -2581
6043 -4527
5785 1752
-2272 8138
5971 8143
4946 5277
-2942 5324
8118 1103
5786 2756
-4847 -1222
2128 -2902
970 -4818
-7130 5382
959 -3518
1759 3504
-241 4098
-1113 -2035
6741 -2106
7333 -6619
4992 48
7502 2913
-8465 -1830
-5074 -3409
-5485 6271
5512 -809
-3067 5643
-2061 -1671
5909 7593
738 512
-1431 -1508
418 1056
-4604 -4236
5100 -6639
-4231 -3818
8808 2135
-7776 -6002
-901 661
2479 -3784
-7819 7559
-1558 4153
3590 318
-1935 2859
-7824 -5515
-2543 8271
573 -8100
-5607 4780
1134 -8458
625 -1193
-7264 6846
6046 890
-6132 -2615
-4880 7208
-5553 -2498
-1570 -4954
-1130 -124
2611 6469
-8284 -2388
5697 3004
5323 2220
-1449 -701
-1 4953
600 159
4040 4662
6289 2169
-7783 5535
7768 -6569
-7195 3174
7430 1522
5797 6929
-1575 -2030
3392 687
-6644 649
4530 6205
111 6665
7949 -6396
-6756 522
-1187 -4870
-5893 2220
6027 2344
7316 -2417
-7006 5420
-5380 -4087
-1487 -4983
-7890 6357
-1521 -1620
-7174 -5675
-6280 26
3454 604
-4631 -1655
-6376 -54
5010 4722
2601 6808
-1629 3570
-191 4305
-8822 -2268
5515 7306
-4021 1935
-5282 4361
-6196 3269
6882 4837
-3496 5089
5377 2236
-8009 -5988
-7801 7492
5777 3001
3682 1136
2795 -4528
3869 5219
-5788 -844
423 4642
4290 4470
-1637 -1777
-1594 3225
3311 579
4525 5346
749 5435
2522 5749
-5591 -3461
-6373 214
-3732 5135
2854 7042
838 -8192
-2044 1548
1552 -2775
-4826 -1451
3245 523
7847 2287
-5451 -1347
-6861 569
3080 -3921
4736 6246
5387 7931
4756 3874
7631 -5048
-3798 2597
2224 6251
-5765 -1333
7727 -6107
7236 3633
8026 -6548
-1147 6555
3949 -7193
5491 -4341
-1306 5103
5561 -1611
4484 -7270
464 7524
6295 -2205
6346 -1686
8558 1175
5663 2565
199 6699
-1918 -4557
8624 6679
4817 6997
-2337 8261
8138 2239
-1842 -5086
-7590 7489
-4666 5203
2006 -5239
-8126 7171
3679 6350
6681 -6333
-7606 -2793
-506 -3738
-1582 -2242
6270 -3635
-1837 3531
-4237 5459
6934 -6022
6725 -822
4525 3493
-7737 7220
-5943 6059
2991 5164
-891 8084
4922 8538
-3094 5001
-7599 -797
4712 -954
5757 -567
726 4567
6983 6633
-4055 -1108
-2596 -670
3307 344
6535 -2825
1046 3679
1287 9353
3448 378
3460 -4277
-7668 6691
584 7969
-2171 2681
4143 4079
-2156 7061
5063 8936
5430 -7202
-4815 -7509
-7769 6560
-6673 8136
3473 590
-4173 5501
-4868 -980
-5815 -1486
-5789 2824
5297 8457
4821 2949
3557 -6812
-1774 8750
-781 -462
-1741 3026
-6313 -4458
-3827 4700
9093 6934
-2593 2350
8056 1882
550 4774
7336 930
-7635 -5798
-3492 4110
5722 1952
1333 1602
5738 -1613
6674 6910
3656 6287
8517 6603
-1468 3200
-717 2985
3164 414
-3924 6307
-486 6478
1320 -4405
202 6975
-528 8275
1677 -5734
998 -8152
2278 4540
1553 -5227
5493 8215
-3204 6107
-845 5647
-7708 7168
-6814 5508
-7862 5989
6075 -3502
5880 5284
-5047 -4093
-5439 -961
1829 3920
6645 -2421
-7797 -5558
1386 -7712
4585 4929
5766 8208
-6268 5902
5861 8078
-6004 443
5390 -1287
5503 -3209
1182 -4399
8731 6052
2703 -4225
-6502 -1939
3074 -3916
4388 4069
-4493 -1440
210 -2132
5093 8731
4360 4171
1369 -7598
3436 -7248
7952 -4049
3511 130
-1122 -1451
-566 7733
-7965 -2915
-2353 7921
1631 -5372
-7734 7700
-1225 428
-2082 -1612
8101 4902
766 -1668
-35 1011
5096 4748
6708 1679
3939 587
1180 6838
-4464 -7473
-4804 -6743
475 6452
-4761 6759
7272 4768
1145 -1815
-7441 2408
-6747 2886
-7866 7480
-1669 -4916
3690 -217
-4325 6410
758 -7834
-1804 -1667
-877 6774
-4238 -7621
-7482 6147
8136 5343
-116 -61
-1212 -1007
-3115 4669
6151 -590
5130 4243
6534 1366
-56 6773
-1943 2354
5561 -1040
2212 6206
-5307 -479
-5107 -982
-1849 -4737
-6609 488
-1146 -1813
-6602 2205
7246 4353
7138 -6218
3950 -7283
5250 -4211
-1596 -4547
-4602 -7233
3895 -7550
-7853 -5888
3088 -3667
-3226 5370
-7354 8260
-3470 403
3939 -7739
3413 584
3141 210
-4635 -1719
-6405 2967
6569 5299
3339 472
72 5148
401 4319
6023 -2911
-8022 7661
-2648 8404
-4183 -8174
-4183 -2570
4596 -7769
-1922 -520
3376 -8338
2858 -6600
5611 4587
5488 2244
298 8011
-8933 -1227
-4553 -7676
7806 6506
6688 -2173
-2706 5265
-1265 -4837
7095 -5012
-4069 6648
-2210 8219
-7533 6953
-3249 6233
-7329 4617
486 -1237
7359 -6891
2147 -5190
5732 3072
3147 5792
-2094 8192
4647 4599
-5084 7567
-1406 -1653
-6652 600
5499 8822
8703 -496
-782 6300
4517 4685
6373 1058
4326 5370
2492 -3545
7605 7028
-7356 3191
3706 211
5862 -620
-6323 -950
-2926 7585
3423 87
-1872 3547
-1688 -5282
991 -7814
-3123 5220
3133 -4557
-6746 2842
-4769 -5362
-6811 -2891
-1553 -4770
-6765 523
1186 7852
-5690 -1281
6692 4237
2111 7243
-2290 8142
-7806 -5653
-6516 2772
-1338 3690
-2473 5278
-5511 -8034
-1571 -4744
3822 -7522
1265 -5380
4386 8912
-2359 843
-4647 -4515
-4935 -4100
777 -7888
-1160 -992
-4739 -7438
-2705 5148
-1809 2574
-7846 -6053
-5016 -7768
7966 -7535
6602 -7019
7081 4347
-4560 -7507
3041 6277
7683 -7317
-1999 -882
-1617 -4794
130 1292
-3308 961
-4175 -3940
-6766 2504
-1268 -2195
-7110 288
7467 -7565
1054 -2530
2416 -4163
-5709 -881
497 6340
-4476 2048
-6290 -5016
-2470 7355
8000 -7501
-1719 5891
5128 8616
3116 5300
3066 560
3760 -8055
3145 7998
2949 7273
-1501 2724
7473 4726
1917 7402
3080 -3765
1106 -7965
226 -856
-5985 -920
-6596 2863
-6463 478
1672 2493
4535 -7511
2536 -3652
-993 -1542
883 -4264
-2757 3267
325 363
-1382 1181
7905 -4156
7440 1964
-7323 -2450
3215 -73
5486 2387
2870 -3514
6572 -3357
-6564 6501
8747 -6473
-5045 -1650
-3394 1067
-7060 497
-2522 4348
-5858 3513
2703 761
-1992 8061
4883 -521
-5289 6288
7627 -3262
-5143 -7514
6979 -6256
-7570 7332
-7703 5763
2099 -1537
-2118 7662
5789 -2200
-7607 -2668
-5547 6390
7281 -6877
2670 3128
-7693 -6006
-3960 5363
-3068 -1370
-2733 7935
-395 7786
2788 -3790
200 643
-4841 5908
585 -8087
4747 -901
-5092 4315
-7376 -5925
779 -8212
-6944 2865
-6992 481
3270 6210
1805 8097
-2457 7809
-5717 7424
-998 7687
2766 6524
5024 -850
-6616 529
-6149 3121
-855 3175
4144 -7339
2811 -4448
3217 -7056
5909 1567
430 210
-4098 2239
-3580 2166
4433 3374
2109 5882
-6502 330
-4812 1744
1654 -6334
6699 8010
6294 -7543
-8060 -6365
5041 9231
-952 -1557
7956 8895
2690 -4236
6913 -4488
-3916 -8492
-2838 2713
2152 2627
-6303 -1498
-1463 -1455
8223 5591
-1698 -4567
-1398 -1550
-7685 7865
-4780 -1545
-6268 -3049
8397 964
2771 427
8146 2162
-7324 5030
5292 4406
-6498 388
-4348 7062
-7503 5530
-6483 736
-7552 5199
4848 5585
-7254 8133
-6468 -1988
946 -8260
-622 -2741
734 6908
8281 5231
752 -8031
7040 -2441
5493 -1552
1176 1802
-3940 -4739
288 -5115
-4699 -4759
-4997 -7581
3177 4232
39 1305
6475 -1760
910 -7543
-5496 -4460
-52 4844
-1907 2579
6741 -2984
-2174 7272
-2072 8007
-1847 -1080
-7707 -5799
-7405 7517
-1609 -4676
6850 -2799
7527 8563
5723 -3300
-3416 6021
7777 -7674
-1698 -4855
-2433 3204
2965 5845
-7936 6037
-6820 -3165
1058 8954
830 -4894
-4917 6025
-4949 -8084
2992 498
-6942 6206
-1426 7947
-6424 5839
-5627 -3725
-5823 -4377
3348 182
4858 -7488
7127 -6166
-8236 -1238
178 820
-3348 3054
-1600 2846
-1285 -1490
-4677 -6589
-4636 -3786
-8013 -6414
-1238 1949
3416 4943
1413 -6042
8222 -4252
-2013 7484
8289 5869
6227 2592
5714 1705
-7490 -5692
-4793 6837
3426 301
4377 -423
5607 -2066
-1231 -2064
60 -2344
-8161 6153
-4320 -495
313 -3515
4624 6590
2983 6706
-5128 -1221
-2715 5362
-2155 1752
-6799 -2750
5126 -1571
-3811 -165
-6873 8211
-1339 -4795
5133 -7451
4402 -8186
-2178 -222
371 7891
-4616 -1091
-2215 7906
7421 -6648
-7778 -6006
-2043 7830
2930 -4062
-5539 -7240
4018 -6793
-5194 -1188
-4438 -7347
-1860 5237
-1576 -1586
-2021 1595
-5830 3591
-2010 2859
-4602 2336
-1291 -5104
-3978 2901
-7547 8396
2561 -3642
582 -2347
-3135 -450
-8347 8173
985 8419
-1171 -4930
-5362 -1045
-6413 -1410
-5773 7008
3254 388
-1538 8268
-6712 7642
-7565 -2173
-7904 -5947
-7132 5681
-4722 2981
-2722 5179
8589 6486
-3104 5559
4904 5061
4957 -2333
3349 451
6157 -639
8453 7123
-7746 7373
7483 2644
429 -1418
7049 -6877
-348 5427
-8124 -6277
5463 2411
-7578 -6147
-6771 2250
3224 117
3511 594
7526 1713
2179 -4347
8506 7423
-2331 2700
-7864 -6142
2839 -4340
399 -7951
-4316 -7785
-6240 6717
-7438 7775
-8163 -5890
-3711 -5465
-5283 -785
-6602 1901
-150 5925
546 -7652
-6891 6586
794 7918
2110 -5953
-201 4895
7360 3865
1229 -6027
-5807 4061
-6808 161
-4371 -7314
5072 5230
-7725 -5922
-7481 -5749
1848 1421
-5922 -1194
929 -7953
3967 -8093
1343 4931
-2306 7770
605 7505
-1473 -1610
6574 7484
-2518 9548
2668 5219
-7750 6768
-7412 -5985
7288 -6952
-5464 -929
-2056 3186
3523 -53
4562 4761
3251 3493
2056 -5053
7023 2466
-7408 -5638
7029 -7430
-7147 7772
2998 -3797
-3277 5633
4431 -1505
-6415 5961
-6556 158
3302 740
7157 -2496
5033 2279
-457 -3715
-7600 -5732
-320 4747
3372 -3536
-5940 3146
-2936 7732
2156 6212
1886 1766
-6042 6424
-2177 7430
517 -1140
-2083 8131
2676 3653
4228 -8433
134 6213
-940 2371
-2730 8022
-570 6601
580 -7658
1347 -2760
6520 2119
-8193 -6162
-6968 223
3811 6182
-906 -1932
-5540 -4986
-2729 5315
2194 -3461
5670 7625
5572 -1581
-5350 -1080
-319 5145
-972 2622
-6251 408
4361 6964
2234 -4071
6651 4751
37 834
6397 2084
-6498 2977
-167 1290
972 4370
-2088 2570
-4137 -4983
4194 9087
-1628 -1566
7163 -4222
1188 474
1918 -2071
8834 563
-3863 -7697
6720 1124
-5319 -3530
958 1158
-5380 6137
4155 -7213
-2836 6015
3589 569
-9120 -2132
-2835 8186
692 -7701
2774 -4599
-5158 -759
-3144 4332
-3906 1291
-6743 -2100
5438 -4537
2888 346
-2111 7444
-4910 -4576
-1664 -4638
3130 5839
-2300 1925
4703 2607
-5622 5864
6900 2961
5840 -2321
6921 -1782
3179 -3786
-8408 -1076
3180 -8361
747 6430
1151 -5979
-2400 1536
4151 3749
379 -5965
-1799 2947
-5606 -849
8462 1438
1437 3659
-2612 3992
-3447 5036
-5533 -947
-7504 -5771
6030 -1803
-4797 -6896
8745 5577
-4981 -1099
944 -8394
-516 1875
3429 -6672
-6383 3636
5574 6357
-1650 -804
-5182 -8090
651 880
8152 7735
-4668 -6898
-3445 5525
-925 5682
1465 -5890
5606 -1010
-5096 7250
2927 -3606
5988 -2162
1330 7095
5420 7757
-7896 -6756
7089 5507
-4933 -857
-1379 -667
5638 2018
2659 -4399
5796 -3453
-2978 2123
-7840 7689
-4650 -4385
-5370 -4733
-5402 -5298
-2288 7345
-6506 478
-1108 728
-55 5934
-3084 5280
-3129 5055
5866 2217
4677 4771
1562 5776
5148 6375
-302 5432
5255 1561
5397 7945
2596 -4222
-4367 -2609
-2477 8348
-2906 5516
-924 -566
8008 737
-1826 7979
1797 -4962
-3268 1481
-8482 -1515
-6644 3130
2122 5770
1447 9384
-3187 5510
-2138 7658
1028 -7925
3733 4130
-2212 797
-6344 2899
-1630 -1983
7876 -4847
7979 1045
94 6583
3107 3714
-7250 5342
6367 1736
5538 2828
-1661 2737
110 1029
3586 4308
5651 2127
455 6358
-8070 6725
-1400 -1291
-1778 7718
3223 -247
316 2162
4560 2642
6292 1630
9090 3141
-5135 6690
2440 -4174
-163 7523
-5851 2059
581 8019
-330 4846
-6871 -147
8967 2989
-6492 4820
5709 2545
-7644 -5847
-1928 256
5302 4613
2567 -3001
5993 -158
-5516 -450
4716 4968
-7329 7834
1960 7637
1327 -5338
5325 2936
-7320 8474
8229 7895
-7827 6305
-7819 -5509
3001 -4272
9023 7062
-5141 -1508
758 -7992
-1648 -5049
3234 -3464
651 -7890
3428 -7222
-1585 -4916
2871 5680
7195 523
4840 5245
-7877 -6071
-7178 5994
-6361 3195
1141 -6617
-7933 7946
-7940 8155
3374 -32
-6581 430
433 6271
-1718 -1493
-7510 7692
-1543 3661
1149 508
-3782 2346
-8221 8050
-1683 -4836
8304 6721
-4164 -3671
-4179 -4596
-4157 5037
5590 5927
-2263 7786
-4348 5245
35 -4822
-28 1210
-1270 86
7816 -6824
-7582 8002
-1861 -4849
6980 2768
8179 895
-3844 4280
-1184 -1455
615 -7635
6729 -7301
5874 7703
2939 -4054
2506 5789
4753 4783
4810 -1362
8012 1429
6133 7638
-5350 -7663
-475 8439
4298 4854
1167 -2142
-5501 2973
-7714 6238
5396 -1018
7357 2236
-7694 5522
287 6319
3401 499
3227 357
-2792 5332
-1856 3548
772 941
345 -5208
3346 -8426
2259 -4501
2919 -3813
4085 3381
6692 -3961
3218 -3593
8115 1086
-400 1072
-2108 7660
6004 -4001
-6938 2383
4464 6802
4406 3196
-7818 7380
1111 -7824
-2046 7708
5219 -2456
-6967 5241
5663 1875
-1541 -4512
-2311 2590
5831 4272
-7316 -5536
6337 2731
-6346 -2174
-565 1288
46 1077
2028 -6169
248 5016
7986 7317
-1505 -1399
7277 4701
782 -1923
4602 -5212
-3974 3663
6362 2877
-1388 368
-3961 -4216
1951 8287
893 7548
-6659 2945
-23 906
-2286 512
7251 5129
-7413 -1638
-6897 3300
-5369 6132
-1000 4248
-5665 5228
856 -7912
5555 -1200
-913 -1841
-184 1237
-7850 -230
-1407 -1594
-7749 -5702
7237 -1405
7582 6039
4719 4920
5847 -4136
-6538 478
189 -1103
-5123 -1075
703 -1800
-344 1282
1644 -6007
5037 4885
3249 215
6505 -2056
-6932 447
931 -6022
707 -5569
4456 -8977
3262 6210
8033 7431
-7015 171
6948 7103
-3329 4952
-6530 345
3761 196
-5958 2636
-4448 -6208
3442 3934
-5624 -7620
-4245 -7586
-68 4061
4427 4825
7598 -6252
-6654 907
4639 8094
8076 -7251
-6187 2864
-4780 -7902
5546 -7148
-4268 5487
-5041 -7299
1815 -3639
-2389 2539
3019 555
-8428 -1849
-6619 219
-6800 2654
2716 -4943
-7290 -1996
3837 -7707
232 5396
-2352 3756
-3416 4957
1056 6097
-1322 2580
6747 -4259
-8225 6104
-4749 -7568
-4569 -7979
-7018 4636
4821 4612
4549 6945
3389 -7737
-1414 -1750
6499 -8121
-5641 3250
-2216 5454
7348 4121
6054 -4036
9145 1482
-4047 5662
-6645 4972
696 -1737
-5261 -7964
-6129 -5803
1440 -3088
6462 3795
-5583 -4585
3561 409
-2896 5760
7231 -6843
3042 3929
-5592 -7265
6927 4745
1634 -5548
-1220 -4984
6772 6691
2876 -4069
1052 739
7759 1716
-7222 5297
-3146 5419
7556 1729
3137 5160
5614 8560
6541 -1036
-2679 5401
4820 7654
-1601 -5026
-2662 4848
-3322 198
5035 -927
8893 -6335
-1714 -1006
8145 7260
1049 -2376
-939 2942
-5667 -1749
8498 1442
6589 5201
334 4955
-7944 7904
8188 706
-2279 7254
3373 374
-5356 -1435
-2264 7723
-1222 4728
8041 4046
-6708 251
-7738 8268
7659 -3229
-3345 5231
-6943 2054
6063 1634
8215 -6712
1733 -5581
-3888 2728
627 -7808
-3810 -4003
-7480 -1611
6577 1210
-3033 5132
-2550 7713
-6205 -2744
3283 351
-5475 -557
-1161 -2201
7544 5021
5722 -2725
-4614 -4220
-6391 5390
885 -3021
290 -2598
2120 -5592
-1961 1622
3238 882
-2284 2914
7465 -6249
-2287 3647
-7527 5404
3533 9181
-1620 -4752
-182 -1993
-2360 3180
3295 5685
-6107 3296
-163 5860
-3193 1865
-7922 -5832
-2320 -733
176 1092
674 -8090
-6546 6063
5189 6996
5233 1550
3820 437
5961 2244
-2886 5017
-6835 2975
5293 8577
5827 -2264
-4093 -3509
2027 -4441
-1199 4885
-6785 3520
4222 -7259
-1213 2550
2656 -4194
7880 2145
7376 -3281
9253 2072
-7722 6452
-2060 3542
4759 7856
-5708 -1639
7109 3019
1605 -5712
5003 7512
2414 -2281
-5854 6160
4123 5106
-5347 -592
4328 -1780
2619 -2898
6361 -5457
1190 -576
2531 -4600
7773 7450
7191 6830
1069 6961
7 6550
6217 -1129
-2516 1207
6084 -2916
2692 -4235
-616 2917
-5298 -1470
-1455 -5078
-9324 -1001
-2369 5322
1369 -1973
1623 -5938
5802 -645
-8049 -5752
5314 -1217
6703 4508
8814 1907
-4789 2797
921 -2537
-3434 5676
474 864
-6595 6228
-8339 -131
7917 -4272
-3213 5505
5072 -7626
5580 -1663
6462 597
750 -8022
-7900 -6415
-6559 5637
4791 4843
2537 6012
985 -7599
-7799 7779
-1947 777
8373 1587
4797 -7660
5411 4511
-7826 -2515
-7578 -1088
6226 8452
3313 -4944
-6994 2811
3055 -3932
2060 -6076
5329 3219
2330 -4274
-2034 8768
4077 -7279
-6787 648
4338 -6848
-6715 6958
-5283 -1227
5272 4783
-2765 5663
-2663 5056
-7558 -5900
-3373 -3763
-6162 2503
5240 -1066
465 -5929
-332 5105
268 9708
-6874 3076
-5589 3614
-5103 -2831
6213 2092
-7269 7836
687 -7779
-5068 -2047
1095 7011
3052 -6772
-2704 5140
-7896 -5541
-571 2743
-1076 -1977
-2345 8666
-8324 -3318
4145 5322
6908 -3197
1623 -5076
-4209 678
-4356 -4075
-1259 -4206
7069 -6271
4123 7881
557 967
-178 7192
-6029 -7623
2735 -3311
-728 1254
-5363 5175
7485 -7532
-3546 5099
834 -7627
-5708 -2878
-2471 7441
-4826 -3822
-1988 8224
-1793 -1735
-1978 3037
-6645 2520
-3205 5935
-5721 -4487
6437 -1444
8780 -7671
-3921 1739
-3476 3829
3063 -4379
4707 4427
657 -2710
7105 5991
-1714 -5360
3930 5038
5188 -1866
-7414 6018
5311 -1669
-1945 2889
1530 -5248
7864 -5158
4862 -7783
-3543 6587
-2079 2257
5512 5109
4060 20
-1850 -4856
4864 -1777
3165 -4513
-1480 -4524
-7766 7897
2449 6266
8303 159
-1693 2730
3027 327
853 -7840
-8319 -1911
2074 2309
-7784 -5897
-1554 -4836
-2785 4966
117 -1538
1687 -2869
-1965 -1788
7676 5893
-1538 6534
2357 -5442
-1488 3279
8064 -6525
1966 -3543
5281 5093
-1354 -5229
-1817 -2198
4095 5659
3137 -4424
907 -2273
-1522 -1607
744 -2750
6857 1240
-4210 -7654
-7214 186
-996 5784
6889 3878
-5339 -3952
5653 -732
-5521 -1214
-7780 -1828
1219 -4877
-510 5956
1655 -1782
2309 -6412
-8168 3012
5748 -3713
8004 1429
-523 3272
3018 -4546
-2163 8327
-1798 -2077
-6711 3265
-8067 8256
-2367 5862
5424 4960
1498 -5032
-459 5382
7397 8083
4626 5202
3610 4096
-901 8529
1079 -6101
5107 7742
-7787 6446
-2641 8384
6961 3785
-7736 7680
-1339 -2187
-7302 4490
1557 796
-1768 7922
7198 2255
-316 595
-5836 6480
-4370 -4276
3731 -6810
4290 6419
-8431 -5927
55 -5846
3201 5734
-7099 317
-7455 5589
6317 5102
-7929 -6191
-1711 -5129
3662 3249
-7500 -1229
4101 -7891
-7080 2955
8468 6317
-1573 -2073
-1763 -4172
-8480 8147
-5002 -980
680 1960
5369 8760
5246 7174
7235 4995
3532 6157
4051 3694
-1802 3723
5855 4939
-6135 5832
-7216 7694
-6915 -2178
-8227 -5774
-6104 -3974
-6780 599
6888 3136
8042 3524
-2681 7647
3654 645
5134 9117
-4126 -7862
968 -7781
2380 -4017
-1186 2427
-4586 -6902
5036 -795
-1761 8447
1068 1485
-6872 3868
2754 6104
-7734 -5929
-4352 5988
-173 2425
2551 -4253
3602 -8338
-1661 -4692
-1240 699
-7607 7363
-6061 -4340
3320 -7258
6650 -6516
890 -7874
659 -7967
-1950 2537
5505 4247
-8339 -1442
5987 -291
-1611 2696
-5253 -7114
-1116 2596
-7181 -50
-1580 4004
-4899 4986
-2344 7834
5455 1289
-4990 -992
1986 -5483
5602 1702
3731 750
-2264 -925
744 4580
8539 1980
3570 -4086
-6967 1014
795 -2174
7497 7678
-6490 3184
-944 -1909
5690 2262
2174 6521
5847 -1633
6010 -2446
-3933 2885
-5207 -6765
-2895 5610
-5218 -861
-2446 4636
-4838 1965
-8154 -6074
-7968 7735
-6153 -3613
-5516 1851
-1270 3919
-7879 -5953
2021 -4382
395 2023
3393 295
853 -4362
7074 -7541
-4991 -7178
-1622 -1638
-326 5961
-3746 -5062
2032 3727
-8081 -5910
-3214 5971
-4102 -4574
6124 2191
6559 1207
6261 8115
7522 3904
3407 670
-229 5382
7623 7451
1055 -6294
-950 1618
5751 2583
-5881 2939
-6646 165
-7399 -3624
-5906 -747
5855 2023
6271 -4430
-1375 4788
-1757 -4282
3307 334
5794 -1290
-641 4710
7015 -5907
-2598 7587
6609 9
3542 7098
-1312 3120
-1157 2660
-2017 8302
-729 1595
5972 2375
-2827 5641
4629 5294
6960 6245
-7482 4737
1078 6205
6378 1856
1879 -5094
827 -7940
7199 6371
1318 -6125
5815 2320
6060 -6749
-1955 2311
-1936 7746
-1634 -4664
-1926 -5316
-1835 -4627
-5137 -8331
1849 -1932
4976 -2056
5266 2540
3247 -4020
6108 -2650
9032 8126
4768 4816
-5073 -3604
5535 -1714
6491 -3180
-6241 2927
6018 5559
-7056 5140
-1286 -1699
2964 6974
756 -4918
8040 4725
-4452 3911
3007 524
725 -5313
-4406 -8234
-2237 3084
-7239 8344
-3844 -7592
3225 -7944
-6291 4545
2799 -3971
-5340 6426
-6634 -3129
-2148 8026
1692 2545
3589 -44
-3694 668
-4547 4774
-1366 -4592
-8222 -1240
-8102 -5626
7156 7719
6055 6924
-5365 -915
-2947 8175
1171 -7871
-7616 -5232
-4958 2306
4562 2389
-1635 -5043
8072 6409
-53 5207
4104 7368
3662 6162
3524 6833
2076 -2515
1664 -2411
-7825 -6097
-6780 742
4558 -8544
5235 -7875
-7143 2445
-1298 -4774
-2113 432
-3284 4965
-6218 3341
-4857 -7091
-3347 3143
-4399 -7823
-6631 5736
6621 4647
7803 4599
5509 -1203
8316 7537
-5972 -332
-6567 430
621 -8112
3956 6808
7324 -6855
2233 6332
2758 -4437
5018 8358
3927 8459
-4706 -1225
-7030 2124
-2717 4852
6018 8496
-1975 -212
2470 1947
-7790 -5838
7182 6301
-1413 2090
-2013 39
-6392 2650
1166 -8222
-4631 -3504
6694 4852
-4861 -7028
-6674 -3785
-1814 -4894
-8875 -4054
-1994 -4934
1261 7255
-29 7636
-6744 3047
7870 4817
2292 -3789
6667 2158
1013 -1659
-1413 -4850
-4300 6363
-6080 -5395
2792 -4609
-7037 8447
-5967 -558
2960 -4216
8001 -6192
-4486 6025
365 -2479
3196 4528
-6825 -2497
-3187 5820
8386 1515
-2725 5140
786 -8079
-5115 -8428
-6943 2678
-885 6148
-4850 -8214
-1572 -2162
6662 4562
-4860 858
2701 -3962
1905 -4844
8337 823
-2489 7502
6118 -2732
976 -7900
7073 4761
-1612 -1557
948 -7601
-1316 -1468
-7850 -6029
6546 1963
-7692 -2989
-2665 7312
-862 -502
-2622 5770
7682 2120
-6516 5685
752 -7768
553 -2927
-7823 -5425
-7912 -5358
-6995 6254
-6858 578
-7225 7480
3207 -4058
5407 1874
-6502 2290
-7251 7991
1291 -2386
8507 7773
-3077 322
3022 590
5941 -3370
8287 2458
9438 1478
-6838 82
-3619 1724
4461 8530
5505 4579
-2275 101
3632 5770
2668 5678
-7700 -6304
5602 -1764
-598 1552
-6513 237
-8093 5390
-1320 -2169
-4347 5002
-5450 6388
4514 3933
6685 -1282
-6053 2606
6068 4564
5031 -1712
-1831 -1531
-3308 5227
4099 3555
-5374 -8170
-3033 5907
-1327 266
-4423 -3278
1597 -2872
2142 -2642
5895 1626
1171 7876
7767 -6697
-5874 -1248
-2139 2785
5098 8800
541 -8153
-1349 -2161
-776 3134
-7024 256
3737 5167
-7906 -5574
1396 -7783
-3215 5164
-1708 -1611
-8236 -867
-8511 6051
2946 -3826
-4313 2691
4582 5203
-2469 7435
-5771 6484
-1389 2792
-7653 6027
2895 372
-1622 -5084
2388 -4295
9079 3871
-6606 494
9157 1985
5784 8641
-5382 5518
697 -7624
4153 3484
-8175 -6195
1156 -7628
4344 3177
-7693 -6236
-1293 -1154
7064 -5017
-8203 -5815
-3223 4854
-115 6676
274 -5217
-8209 5705
467 7038
556 -2671
-7863 4436
-162 5062
-4681 -867
4561 -1703
-2135 8346
704 -7627
-1875 -4675
-1957 2769
-4445 -7131
3440 370
899 -7820
1463 6637
4217 -8703
3358 4263
-7612 5923
-5224 -4827
817 -8304
-5137 -7111
965 -7842
7777 -5481
450 -1856
2332 -9397
-1322 -1851
7713 743
-1379 -1808
-5152 -1480
-1591 -1908
3125 5838
5943 -2756
-6764 3090
-2 6490
3130 -86
3181 5966
-8216 -6130
-424 4734
4303 -7528
-1480 -1597
-326 1125
-7251 8034
2799 -6888
5680 -2102
9113 784
-344 5971
-7684 -592
-834 2112
-8118 -5726
663 -7971
-8068 -2050
6843 -1995
-1824 7991
-1491 -4580
-6252 5520
4788 -7651
-1239 3325
6712 2618
4779 8738
7103 -4270
979 -7639
-7603 7597
681 -7920
-1700 3343
-1366 6198
-1651 3466
4887 4432
-2305 3812
5426 -928
-6381 7107
593 1077
3147 -4163
8087 7808
4402 -7200
-1808 7408
680 -1647
-8277 -5684
5033 4252
915 -8445
-1550 -4552
1857 8134
6863 -6781
-8462 -2599
5559 5512
-1720 2975
-7797 -5770
-6833 6372
7470 6979
-7188 3377
-1534 -4836
-7029 7764
3233 358
-5548 -4208
3072 3968
7890 6935
7256 864
-1975 -4621
-5373 -1573
-5002 3319
-891 5213
1175 -7934
4705 5095
1108 1032
5567 -8538
9332 1546
-3413 1973
-1463 -1994
-4194 -7811
-7370 535
-7336 -6088
9023 1411
-1475 -1659
3256 6039
-1212 -2082
-2130 3858
2545 -3555
4590 3325
-1502 2541
411 -2523
-5404 -8013
7162 -3246
-414 978
7610 6185
-5249 -2063
811 -8025
-5392 -7506
7112 -7101
6333 2021
-6434 502
3775 -6388
-3245 5490
-1603 -2348
2404 -3965
-1595 -4655
-8469 -890
6927 -2122
-8040 -6110
-1480 -2171
-5371 -1172
1655 -4777
-2518 7982
6406 2175
-6013 1945
936 -2569
-4280 6044
4519 5649
-7668 7482
-6123 2629
7304 1198
-4809 -7227
4644 -7832
-2058 1614
-7374 5920
3984 -8426
-6567 4906
-6641 -2036
-7253 -2015
639 -5806
8012 5503
2929 2646
5851 2662
2879 5721
-4546 -3956
-8211 -5670
-5428 2023
-7630 -6359
6290 -6253
-7187 7964
6647 -2549
4009 3386
4341 -7950
6645 1713
-297 6908
6456 -8448
-1797 2305
3145 6772
-7476 8000
1187 1115
-1694 -94
5643 -2180
3872 -8073
-3011 2040
8288 -7427
-4762 -7109
-8171 -1363
6050 1703
-2221 5843
3941 327
720 -4587
-4512 -5393
330 1476
-7904 -5366
-1560 3180
3141 10
750 -8174
5896 2185
-7787 8115
-7654 -5734
6183 2073
4850 -1381
2958 3060
-4623 -7910
-1395 -4824
3703 6076
124 7454
-4587 4955
-1652 -4493
-4785 -1325
-4866 -4043
-1765 3093
631 1191
1471 -5422
3031 520
3077 -3799
8490 1087
-7064 6417
3988 322
5419 4923
-5139 -8307
-7496 4994
-7258 6848
-6301 3091
5125 -1198
-7376 -6079
-7391 8368
703 -569
3380 6664
312 8414
1392 8332
1386 -3229
7909 6005
715 -8369
-8057 -510
2384 6665
-2722 182
-4431 5494
2545 -4144
-215 1087
-5567 -2749
5166 8349
-5142 -6829
-1142 -1639
-8331 6770
-798 -2096
3453 6480
3830 6032
-1222 -4875
575 5948
986 -5925
1215 -7882
6715 -4038
-6294 7266
6530 2237
311 5838
3909 6797
1620 -3388
7468 -7117
1560 7996
907 -8030
-1873 703
-4913 1055
-2207 8060
3284 6690
-786 3336
6422 1347
-377 3712
-1477 -1830
3458 284
-6973 496
-3972 -8265
1823 -6114
8156 -119
-6320 3132
-1708 3580
6148 1774
-1519 -4770
7939 -3988
-1497 522
780 -8036
-2192 2287
-6825 588
-7715 5530
7054 4252
7361 -7508
191 -1614
-2052 -261
8284 -6678
6552 -6533
-5736 6429
102 5563
4066 -7049
-6627 248
8062 3093
852 -7580
4091 9316
805 6111
3362 2370
7517 -7505
7301 4076
3117 678
7531 4436
-7369 7387
1391 -145
-1589 2745
-5891 -1291
5611 2833
-4245 2999
4697 5294
977 -2059
649 -5040
-1180 7881
-2063 -33
-5625 -3789
621 6170
-5934 2909
-4893 -1264
6854 -959
-1496 -4529
3134 -6092
-2689 7751
-3979 5526
3013 3786
5492 7186
7622 -3966
555 7692
5274 1841
6769 8024
5056 5427
2850 7468
-2793 7960
7492 6685
7406 1605
-1290 -1607
8401 6016
-1227 2983
-8763 -939
-6249 124
-7568 -5770
2110 4257
5564 8157
4902 -1418
5078 4924
-4418 -820
3091 4358
4396 -6455
-1542 -4977
-1588 -4697
-6613 -1048
4293 5197
-1379 -1550
6402 -5034
2727 7963
981 -6212
-2359 8506
-487 4065
7107 4940
-5254 -1212
7716 7512
592 1717
4996 6545
3749 553
361 -5666
6764 -6235
-1857 8303
2451 2594
6910 3874
7480 1357
6846 3731
-8149 -5655
2512 -3485
-1346 8011
-5114 -8106
-5772 6253
-6413 -3931
-8015 7937
4657 4932
5759 1180
6606 -6071
7494 -7425
6436 1743
-4179 2937
-2869 1644
-1521 1393
-5199 -4581
7226 -5789
7130 4081
661 -7654
6113 7996
-995 5377
3286 -250
4197 -7428
6572 -5379
3008 6614
5131 -605
-3888 -3839
6352 -6855
5706 7945
-7705 5455
4848 -2354
3379 498
6440 4085
7924 -2617
-6362 2767
-5070 -1187
8258 7776
809 -8022
1052 -2540
1699 1263
-6426 1969
-2734 7538
4070 2698
2787 2563
-2144 7766
-3520 5190
3363 299
839 -5736
267 5080
7311 4958
3067 -3280
-3928 2763
-4907 -5055
6927 -4431
410 6074
440 -6192
2291 6520
5331 1461
7644 5857
7573 6058
-8225 -5861
5436 8068
7522 -2995
-1808 1546
188 6885
-2910 5768
-1105 1761
-494 5117
6512 4394
-1752 -1664
4753 -6181
5402 2176
3604 273
3564 298
-7904 -6059
-6784 347
1473 -3054
-4894 -537
5657 8476
-2676 5340
-6120 2828
8205 4280
1299 4579
-7808 8296
216 1180
6791 4908
-7876 7514
6600 3659
2874 6643
5499 1916
-596 1168
-4040 3239
1651 6776
3157 -3715
-8006 -6122
-6946 4921
2313 3335
-1140 3229
-5045 -7494
2945 -5325
855 -7818
-5476 -3854
1075 5835
-3461 -7994
-4700 -1177
-7207 5890
8367 2632
1357 -6347
-1386 -2522
-2604 7215
-7157 525
-6474 365
-4998 -6963
3149 -105
-2630 7910
930 -7797
-1390 -4674
5777 2134
-6837 -1591
-3648 5875
559 -2032
-6497 612
2989 -5452
1193 -1764
-3287 5236
4693 -9099
-4416 -7930
7200 -6567
8263 2062
-6579 493
1669 4642
-2957 5665
-7977 -5436
5868 2368
5378 8318
1331 -2481
7532 6630
-1781 -1544
2698 -4676
791 6013
-6434 329
-8032 -5773
4887 4687
8074 -3562
5816 7575
-1863 8367
6726 6347
-7471 -5830
1535 -4871
922 -8147
-302 7352
-1564 -4666
7377 -6818
5830 4205
-1525 -1718
932 1212
-946 3124
-4804 -7125
-4598 -7233
193 1438
3960 -7291
-6762 278
-833 2861
8987 2226
830 -8289
-3066 -142
374 -4891
2907 307
1675 -5384
-4596 -4432
5336 7436
4430 -1281
2853 2237
-5816 -3455
-8291 -2750
8242 -7067
4817 -1947
-4831 5626
1220 7847
-2930 6254
1034 -7529
6069 -6925
1127 -7976
5696 2136
4678 6132
-1041 1255
2656 6083
962 -8131
-1942 7818
800 -7940
4381 2174
3462 -6230
1538 -1930
-4924 -1259
-3668 5335
7026 5103
-1396 -1894
7598 -4636
-6539 5583
-1233 -2006
1916 -4538
957 -7707
-3253 5688
5161 4931
7584 2298
-4900 5166
-2800 5751
-1380 6937
-6611 5192
-130 6385
-5030 2022
-7098 8542
-6889 5363
-2506 -1082
398 7555
367 6881
5746 -813
-2520 5686
5087 -1919
6954 -2462
4103 -5182
-1680 -1773
-4662 2175
-4235 7217
-4239 -7011
-5130 -977
6273 -244
6634 7863
-4797 -1389
-6392 -4985
-7706 6725
2741 6662
5622 2194
4968 -1575
5412 1777
-3003 5549
-7756 -5807
4658 -1277
-1314 -1502
-231 6154
-1520 -4914
7390 5335
7528 506
5833 8506
-6898 6276
3906 4428
-6628 521
3530 200
-3121 5864
-5282 -1162
-5786 -1552
-4374 -7814
3607 717
-7166 6204
5538 2055
3070 -4275
-482 9658
1002 -5103
425 1442
-4852 -7342
898 -7979
-134 -4619
6477 -2427
-4802 7522
6051 -707
7957 988
2478 5793
-8044 -6071
747 -8131
-8390 6445
7094 1612
6001 4179
6552 8116
-241 267
-2344 7985
-1936 3258
7845 2913
3683 2922
-1169 -1732
-1142 8030
-2970 1305
182 1099
-4262 -7261
3589 8225
8185 1555
-1758 1383
-1674 2710
-7710 -6038
4359 -6758
-1143 -4518
2563 7395
-5248 -4631
5609 8963
-8097 5297
-5233 -7658
5141 4779
3154 2370
324 -2439
-5039 -7319
2754 7689
-3226 2064
-1137 -297
-7489 -2171
2579 -4073
-2429 6254
3331 137
-7219 1959
3785 2326
4857 -8651
743 -8718
3311 2302
-2907 7887
6078 -5250
7435 4333
3890 -8569
-1175 -4653
4257 -8358
-4133 1631
-6363 2809
4232 4703
-6431 -1327
-7394 6112
5125 5417
-6593 3861
2159 -5943
-5183 -7762
-2595 1160
-829 2036
-3933 2460
8055 5214
-7936 -5843
-7301 425
-3035 4616
-5833 5831
4303 -7487
-3708 5608
-510 696
-4385 -3751
7434 5068
652 909
-6748 2541
-6579 587
-7221 8120
5120 7527
6990 -7752
-7945 7698
7756 1290
5134 5527
-5215 -7822
-6346 436
982 -1946
4095 7683
-2852 5526
-4824 4971
7647 964
7066 7424
5187 5843
9040 4081
-1743 -4730
-1911 -4711
-2704 5101
-3196 5791
2298 6163
-1768 -4863
-7872 -5363
-4892 998
-3729 2887
3398 553
-7457 6692
-2531 8169
-2976 8152
-2315 111
2550 -4461
1901 4128
6046 2202
5680 -1113
-6986 5234
-6288 2566
1855 6709
-1646 -1799
-4750 6638
6751 4404
47 -1064
7070 8179
311 5462
5850 5481
424 1502
-6563 314
-6351 2811
-3460 -6661
6022 2291
5784 2129
-195 7023
1667 -5251
-1688 2683
-392 929
-2335 7701
6834 -7356
-3263 6523
3458 -3841
3551 8
4552 7415
-3032 5942
-990 6401
-6323 -2777
-4905 -321
6909 -6475
-7761 7486
2787 -3626
5651 2236
-4356 -334
-7608 -6073
-2940 5559
-1220 2732
-6835 2851
392 -2610
-3992 5116
5651 -736
-1800 5721
-4516 5128
833 6480
5877 4743
-5054 -3387
4736 9919
3982 6229
-4278 -7986
5141 4770
6615 -3275
2713 6796
-6203 -1204
-4772 -8122
788 -6209
-3450 4450
3202 305
-1747 5557
-6492 609
864 778
4811 5046
660 -5669
-8994 5282
-1228 -4392
-7767 -2718
-3508 2464
-758 3991
-8534 6035
252 7663
-5165 -5427
-6536 1813
-3005 5217
275 6455
3743 -3342
-471 6738
-3086 5606
6587 1556
-4660 -7563
-265 -5323
-6768 483
-1200 2583
-7546 -6069
688 1117
6912 -2856
-6424 136
7196 -6167
-4786 -7356
-1765 -4745
-1732 4860
-2820 5474
-2213 3556
-2251 7843
8329 1671
626 5870
260 7458
4767 4977
-2115 474
894 -7763
-7581 2784
924 -8059
-907 -1535
8752 1866
-7966 -5736
-1352 -4836
2842 7111
178 7815
7524 3610
4755 5034
-5942 4565
-11 4221
592 -2157
5180 2130
8 4626
3334 514
-4773 -7678
4944 -1637
284 -4632
-7447 7814
-3220 3383
-4882 -4081
2699 522
5377 -1765
-1992 3225
8364 2328
4075 3566
-3794 5233
5732 7750
3258 6380
4795 4722
7846 6832
6420 -5922
126 5380
-3524 4191
-7944 7677
-4926 5538
8424 1644
-7622 7563
1673 6533
-3483 1180
1851 -4866
-1442 -4507
-2837 2010
5045 4342
-9147 -2760
1897 6966
3767 2912
-7944 7990
-6935 657
-2450 8361
-8016 5912
-6098 2946
1484 -1555
-2377 8140
855 -7960
3198 -4280
-5481 -1200
5788 -2056
8393 1710
-8270 8176
-1471 -5082
58 3044
1560 5472
1607 6363
3524 222
-4538 -514
2305 -3686
-1432 2892
-2154 3193
7044 -5570
5757 5057
7577 6850
-7826 -6363
-2138 3105
-2417 2999
-4199 -8057
8408 1799
-6760 -5804
1436 -4403
4184 -6495
1155 -4819
-3058 5603
-716 7118
-2640 8503
-1548 -1402
4194 -6466
-4629 5423
-6675 558
-6687 243
4097 -7967
-3380 5686
-1701 8303
8037 -1845
-2546 3558
6084 -830
5019 7095
4519 7299
-6392 596
5609 4470
-4312 2000
681 412
2742 -3748
-1925 -4537
-4988 -7334
-3406 5756
-32 6573
5208 -7916
5023 5835
6614 6901
5502 -1150
5090 -6602
-2285 7692
-5237 -1170
-8045 8302
5609 -1210
-2891 868
3013 6354
4385 3027
-2610 8263
5441 -6868
2840 5827
-1566 2093
2106 -6738
3715 342
838 741
3481 176
2002 -1375
-5062 4508
6747 4586
-1763 2793
307 5708
-5842 -1518
451 -7742
3105 -3474
5285 -7541
3066 -3877
2803 -3922
1726 -5832
-6948 235
-7205 3076
5291 -1920
-6238 447
7382 -3414
-6622 3039
-4206 -8205
5679 4676
4194 -8261
-4519 -7515
-5821 6379
-5662 -4310
7541 7964
-3942 3855
-3830 3280
1017 -8375
-7659 5506
-8653 -1929
157 1766
6251 5748
-4737 -751
7820 6167
5190 9278
5120 7375
1248 -6653
-194 7620
-7739 7807
7191 4247
580 -3375
-9096 -2048
-4844 -6285
519 8839
741 951
-7850 -6008
6208 5950
2545 5971
1178 -5856
7491 -3518
-1185 -1843
-1137 -4671
-4329 -7872
-6732 3011
-1390 7595
4580 -6820
2734 -3083
1081 -4992
4418 7800
-1587 8012
-2511 7045
2737 -4345
2069 -5239
3677 4337
-1749 -1642
8807 6916
-1850 3364
-3892 2029
-4923 -1319
284 -7988
-7361 -2165
-7278 7938
4739 -1543
-6599 -63
-8736 -897
6376 -6865
-5072 -1595
6381 -3514
7478 4369
3350 -4982
-1231 -4872
-4638 -872
-2095 8268
-8200 6726
604 -8022
5785 -1697
7646 -6806
2256 -3574
-101 -361
-12 8421
4088 501
3632 -6355
4752 5057
-2491 492
-4987 -7403
-1781 -4531
295 -1945
-2741 -209
2580 6445
-5761 7213
4820 8472
8753 6534
-6622 384
5372 -3172
-7758 -5844
4781 3420
2703 6253
3113 6207
-1455 -4681
-4611 2840
-642 468
-2912 3093
-7741 8467
5620 2011
-2289 7763
7945 -6102
-2639 3012
8018 6636
-8923 -2240
-7179 6472
-5923 6390
-1990 8252
3580 361
-8191 -6161
6403 1807
-841 4433
4060 115
2787 3628
-6243 -63
-1886 1967
-7808 6384
3462 341
4345 -9119
-7697 2413
-4510 -8255
3084 6745
-6678 -4501
2328 -5275
-1820 4348
2931 -3308
1069 -7650
-1470 -1297
6781 1207
-7543 7859
-7316 5968
-1036 295
-7393 5987
6002 -2423
-4039 6087
2775 524
-3074 6153
-7355 3469
771 -7778
-3203 2945
-7224 -6173
5435 5196
518 6393
6473 2873
1059 289
3199 6131
3848 -6523
-7533 -6176
3578 3254
-1973 8293
-6659 2863
5779 1879
5328 5336
-1548 2090
8605 7269
313 628
5987 8091
-3420 -814
3850 521
-6700 116
-7871 -5082
-8005 -5794
-1988 8198
-1780 -4508
2503 6866
3522 321
-6398 18
1446 -6412
2229 5737
-6201 2183
5034 -388
7409 6352
207 6635
-3543 1531
-1963 1401
-4339 -4979
7713 4413
-8118 5990
-3279 5210
7880 3425
3224 211
534 -5614
690 -7662
-4511 -7863
3949 7641
-1874 -1439
-1450 -4635
4591 5568
-7827 -5836
-1178 -1376
-4632 -889
-4327 2291
2447 5962
-6479 411
4526 -7655
-7847 8110
-1628 -1794
471 -2670
-541 8601
645 -7964
3662 6458
6736 3978
3023 -6006
3792 8516
3419 229
-1595 -4661
6165 1469
-3938 -3628
-5034 -4536
-2002 3300
1304 -8085
5338 1778
3389 5299
2203 5256
3149 6012
6216 2252
-3590 5891
-7521 -6038
354 1455
-3662 5696
-6101 1967
5319 1259
921 -7524
961 -7976
-1172 2727
8104 1126
-7804 7849
-3422 5896
-7859 -6313
-7946 5932
195 8378
-1370 -1321
7354 4234
2350 6726
4966 5043
8990 1803
-2963 680
-1320 -1820
422 -2574
360 -2505
-209 1695
-4055 -7072
-3029 5147
-1144 2187
5146 6714
-1562 -4669
-2581 2664
1011 -7222
7738 4765
4228 8093
5322 8420
584 8903
7284 907
3034 8092
-6393 611
-2363 5058
7784 -5974
-6863 6348
-4680 -8038
5583 -7654
820 -3836
-7393 8048
-3497 5373
-4546 3871
-3884 852
5691 8102
-5028 -369
853 4978
6968 -6440
-221 1283
-5148 -4038
1993 6791
-5297 -786
-4841 -1527
5562 2851
-6425 836
-7139 5454
-975 -1337
7671 178
-5221 -8048
-1847 -4855
-4635 1351
3121 204
6270 -1463
-2435 5461
4970 7230
-2025 -4725
2101 -5521
-3830 1416
-6847 -2166
-2520 5555
653 5339
561 -3590
-7219 -1290
5538 5569
-7498 8419
9051 -100
