100 287 3155
0 0
-7671 9840
-2336 -4190
-3018 -6291
-8367 -605
7121 3748
557 8695
2045 -3028
4600 -1432
766 -4614
8385 8292
5096 4487
6798 -7384
-9662 8850
8169 -4582
655 6569
-7478 -6007
8697 -9578
1285 3882
5823 1989
3474 4002
9970 -4524
-8919 2396
-1927 9076
4083 6309
-6828 -1552
-4721 -2487
-4701 9546
-5808 7890
-5769 -8027
-998 4333
-7831 3469
-6741 -9138
9237 1365
8982 -1684
-5971 5796
-4907 4339
-9369 7242
6260 7355
-377 6995
2977 -6542
7172 304
-3627 283
-1260 3171
3518 2299
4806 7885
-1491 -3627
-6171 -19
-933 -751
-9094 -4422
4639 190
5892 -9488
9954 7148
6884 2426
-7604 1559
-9118 -5837
-1343 5419
229 -6010
7117 9125
-3529 4484
-9567 1393
-7846 5872
5955 -7940
5225 -3094
1784 9826
9450 -5897
1354 -8368
5779 -4239
-4704 5501
3938 5149
7368 -8474
-7063 -3289
3281 -9798
-8032 7172
9004 -7232
2070 -4908
7044 4803
-1603 -5075
-5843 -1937
5683 -5730
-4811 -8480
-2758 6196
9328 3739
-4553 -5921
-4467 -838
-1009 473
8736 7170
1345 -2010
4304 1641
9744 9900
7557 -1476
3103 8145
-9983 -3263
3063 969
-7823 -1842
7904 -6521
-1698 1868
-3428 -2856
-681 1843
8444 -722
1 49 2371248
1 86 738736
1 88 2009382
1 94 380042
1 99 1530349
2 14 361417
2 28 309068
2 29 862618
2 65 8128256
2 74 3530419
2 90 27126841
3 4 363907
3 47 1771087
3 78 2568347
3 84 6607459
3 98 1519265
4 58 1493456
4 67 3714221
4 78 3385519
4 81 1789927
4 84 314876
5 26 398699
5 48 1603575
5 55 1832611
5 61 2764871
5 93 2336048
5 95 2200827
6 12 1681776
6 20 1472713
6 54 1430807
6 77 133397
6 83 1817300
7 16 372757
7 24 2878482
7 40 1212296
7 65 1119118
7 92 1903626
8 9 2389671
8 10 2434456
8 64 708320
8 76 2154086
8 88 2255571
9 42 1036218
9 51 401570
9 64 3061841
9 88 5380215
9 91 543817
9 94 5106316
10 47 1337942
10 58 293130
10 76 597679
10 78 3066824
10 88 6158686
11 39 2147980
11 53 1041699
11 59 2430358
11 87 976934
11 90 2524732
12 20 985965
12 21 1827332
12 25 1228329
12 39 6397309
12 45 2339378
12 70 1649933
12 77 2024631
13 63 393306
13 71 1942185
13 80 443108
13 96 344615
14 38 938508
14 61 908907
14 74 311540
14 93 13893768
15 22 4316891
15 35 466488
15 66 4365723
15 68 4326797
15 80 5337827
15 91 3424786
15 96 1011862
16 19 5700345
16 25 4149809
16 31 1102143
16 40 2569366
16 57 2092116
16 70 6076634
16 92 1202329
17 30 1495257
17 33 5713064
17 50 1074888
17 56 301734
17 72 2375091
17 84 6876642
18 22 1628374
18 52 363468
18 66 7864689
18 71 184404
18 73 6616526
18 75 4284388
19 21 3602156
19 31 945581
19 44 1827682
19 45 3008884
19 70 3855657
19 94 1117491
19 99 6648266
20 42 4241055
20 45 3181070
20 51 393134
20 54 1677448
20 89 235827
21 45 998135
21 70 2090154
22 34 3170776
22 35 5545238
22 53 19488587
22 66 172745
23 32 276450
23 38 10007322
23 55 2044276
23 61 1333324
23 62 2748303
24 28 5875260
24 40 2177262
24 65 6340782
24 82 4680667
25 39 2978324
25 46 3004771
25 70 481241
25 92 367479
26 48 3079022
26 72 926465
26 79 151497
26 95 240908
27 72 3780921
27 79 212690
27 84 5964512
27 85 4044589
27 98 382614
28 29 3881302
28 65 9009075
28 82 3450897
29 36 4826636
29 69 4265900
29 74 1278903
29 82 612343
30 33 593339
30 81 723981
30 84 2267434
31 44 170385
31 57 567460
31 60 4018698
32 36 889645
32 37 2024420
32 55 461281
32 62 332072
33 56 559950
33 73 2249629
33 81 2148526
34 35 967290
34 42 2452497
34 53 7857564
34 54 5585018
34 83 5471023
34 100 2996467
35 91 1914237
35 100 1161831
36 37 4500019
36 62 1442758
36 69 2722340
36 74 1271163
37 43 2135261
37 48 7032835
37 55 5502737
37 60 1981353
37 69 662221
38 61 599272
38 62 1494909
38 74 376055
39 46 831101
39 59 3128519
39 77 2572370
39 87 3477642
40 57 1670809
40 82 2920710
41 58 4272291
41 63 5583958
41 67 1943440
41 73 1213157
41 76 1649127
41 80 545162
42 51 5960368
42 54 3416381
42 91 1536442
42 100 3434602
43 48 1716447
43 49 7030426
43 60 7720969
43 85 202177
43 86 818469
43 97 2805157
43 98 4097395
44 60 278352
44 97 157100
44 99 237823
45 89 307567
45 94 3289651
46 59 769033
46 65 7868758
46 92 2142872
47 49 992669
47 78 597241
47 88 1213908
47 98 539720
48 55 2564830
48 79 2016560
48 85 4425013
49 86 131594
49 88 2632265
49 98 693781
50 56 638735
50 72 1925872
50 93 2136195
50 95 4808628
51 89 1916465
51 94 1537388
52 63 3716456
52 71 2294472
52 73 5446169
53 83 7566593
53 87 326880
53 90 5735237
54 83 1412620
55 61 2098040
56 93 3350958
57 60 988535
57 82 393799
58 67 1285931
58 76 1771308
58 78 4764754
59 65 12685062
59 90 763668
60 69 811270
60 82 4562976
60 97 535080
61 93 11040997
62 74 2887424
63 71 211916
63 73 1100765
63 80 890833
64 68 2233065
64 76 2423807
64 91 3406276
65 90 8961878
65 92 1008661
66 75 1895028
66 96 1321790
67 73 2195770
67 81 3854708
68 76 1890578
68 80 2214386
68 91 2624885
69 82 4552867
71 75 1980238
71 96 1144671
72 79 2109027
72 84 3199490
72 95 3254188
73 81 11456806
75 96 842096
76 80 2796545
77 83 1901963
77 87 372211
79 85 951256
80 96 418995
81 84 304263
83 87 2231331
84 98 960606
85 98 593625
86 97 656407
86 99 918985
88 94 747483
89 94 1638519
91 100 2012321
93 95 1378857
94 99 8601375
97 99 194360
2718 -7354
1131 2032
3920 -8376
2135 -1753
2917 4973
6336 2057
1461 -168
1554 1336
7978 141
7397 -1245
-3573 6281
3256 6168
7304 -1371
-6273 -4090
6598 2378
-5274 5338
8317 -7310
-5777 -3961
2461 2696
-3262 -2100
-1665 274
6115 4924
-2443 -5371
107 5174
-1663 -9176
-6293 -7470
8678 478
7852 -421
-7139 4374
-6649 -2627
2541 5449
-5683 -9332
-9211 -4504
6481 2542
-194 4147
-1878 -5000
6182 5230
4562 -5303
3371 -776
4098 -1541
566 -3360
-6642 -404
5574 -18
4828 -1752
-658 6794
-3985 7012
-3991 6398
-4553 -912
-2915 -2732
-6687 -7797
-6580 572
-794 7044
5483 -1714
3228 6619
-1488 -5295
1372 6022
6365 2405
-6701 -7287
3661 1598
5234 7314
-6008 6403
-1718 -8151
-6023 8344
-8010 -153
-6441 -3393
-1608 -8353
3450 1781
4648 -4506
-4190 -531
-2264 4358
-6797 -3263
-1437 -624
4424 -8494
5553 -3740
2587 4151
5126 -111
6429 6627
4690 -4708
-6036 158
2645 6651
-1667 -7851
5231 3923
-2754 -4948
6064 -3041
-6680 8327
7019 -8815
728 5133
-4723 3252
-956 4710
3664 1812
5152 -2962
7993 -5219
4471 4913
-6937 -7300
-6489 -2825
-355 -3870
2905 -566
843 2371
7505 -2048
-7987 -3990
-6717 6743
6516 5774
-6560 -5172
4771 -4635
6515 1975
3002 5076
-2015 4686
7320 -7360
2279 -6552
689 3151
-6610 7428
244 3520
6013 2179
-1344 -4652
-7413 2583
6486 2154
-4189 6300
-5789 -20
-2673 -5337
5049 -7370
1280 4959
-1305 -8407
-7436 7028
2856 -7066
-2447 -8477
6629 2098
-1275 1314
-7150 -2661
-2105 4949
897 -3563
-6279 3836
-4396 2130
-7454 -3528
7991 -632
5888 2454
7366 781
8667 -4269
8638 775
-4051 5812
5285 -40
7254 325
1279 -5440
2390 -6765
8626 146
6115 2550
3461 -3368
-1977 -261
-2251 -2823
98 -2910
-7116 -2298
3431 -528
2735 -386
-2930 -4775
-3162 -1612
6080 2428
106 -2626
-2662 -1914
5579 -89
186 7095
8215 799
-1916 -8363
6982 -7847
7316 -1419
2338 -2716
4331 -4740
-4590 2608
-4238 -410
-1231 7374
-2400 5022
-7046 7380
1156 4824
2732 959
-4476 2427
5004 4312
4444 -5171
-324 -3867
732 804
7475 -1122
574 -5874
-256 6643
-6664 8360
8012 -1372
-3574 6247
-7033 1506
955 2011
-2108 -8143
-7013 143
4995 -7603
3150 -4833
-7240 -593
8533 -6215
6866 -8788
4715 -4799
4383 -4578
1444 -5410
4554 -4346
6486 7098
-751 -6027
5593 -7339
6810 4848
5363 -2588
-1376 1592
5491 332
3713 -4222
-4859 -1165
-2079 4907
5714 5676
2891 6671
-7819 -1865
8142 -7463
1576 1507
-7660 -2868
-9724 3557
7942 -927
-4575 -1349
3826 3685
4315 -4928
7899 -1148
1657 1648
6082 -2640
7638 -8390
-6350 7763
-6612 526
7551 -1275
-707 2254
-7807 150
-6985 -3448
-4543 528
9157 -3906
-8645 -724
2107 -7049
-3059 -5486
-7707 -538
3288 3367
6234 7131
749 -732
2247 3675
3357 -508
-7383 4803
-1590 -5700
657 2135
-4322 6443
-5361 -4000
-6412 4529
2936 4419
2173 -3717
-3917 5835
4999 -7897
-2109 -7485
8444 -6494
3672 1215
-2938 -2410
1929 -5357
-6382 -7428
-2676 -2311
-580 -5774
-4081 6576
4669 -4648
439 -2343
-6859 -3976
-752 7971
4283 7133
6673 2170
5908 2409
4878 15
-7179 -5388
3688 2043
6112 -3480
6233 2086
5569 558
-485 4368
-1918 1106
7192 6933
-6592 -4542
-7604 4670
-276 -4832
1383 720
4931 -2788
-2609 -1225
6455 -2546
7710 -3582
-2140 4655
5260 381
-6235 513
4249 -4665
-6458 343
9315 -3179
-8093 4899
-918 1855
7241 2420
-544 -5950
5503 -30
3696 -4177
-6258 -7660
-6453 -3593
-7150 -3897
-8044 -298
-4382 2102
1886 -3739
2963 4052
3509 1258
6215 2177
-4270 -1147
3198 -7249
6215 3853
2567 -8015
2375 -2694
5513 -3105
-6276 -8230
2007 -3665
-2817 -5210
7155 8032
2729 6787
5107 127
1484 -434
-6116 563
8177 -1203
2947 -2405
-5808 7515
-5949 -7828
3584 -1064
1800 2541
3802 1686
4355 1704
5882 -2961
-519 -2332
-4405 -89
3386 -470
3308 7301
6166 -186
4087 -6362
-1237 -586
6149 2451
5850 4212
1045 -852
-5362 -4936
2961 6448
4969 -2547
-8187 -556
-1932 -8392
50 -3362
-6318 -7869
-2195 -1320
234 6094
9429 2118
-659 6477
1525 1557
-3670 -240
2389 -3893
3059 -3768
-3940 7138
5791 403
8180 1221
6177 2290
-2519 3867
-1209 -4661
-4669 2631
412 1869
6301 -4114
-7723 -206
6783 2197
-4616 -1155
7874 1427
-5721 -7825
991 -194
-2282 5060
-7247 -2997
6393 2056
3339 4227
6434 2349
8363 -7076
-5735 -3410
8373 491
71 -4371
3864 -7725
3001 804
7258 -1224
-7721 3119
-2721 -8716
-679 7377
7319 6217
-3621 -3162
6357 2042
4059 318
7155 4010
3809 6668
-7316 4273
3377 -1202
-2997 -2158
7012 1338
-2835 -5181
6230 1986
1797 -3770
-8082 -447
-7177 -2239
-6299 -2986
7653 -1438
4143 -5046
5318 -77
558 2006
-7448 3980
-2773 -1013
5603 -446
1771 -1032
-489 -5186
1430 1403
8830 234
-4632 -769
3293 -7637
2942 -8166
-6402 722
-1537 275
3181 3758
5929 2462
-6293 -4125
8552 -3804
-7727 -2545
-7085 -7019
3899 -8421
-735 -4696
-921 7165
-5246 -6512
1454 -869
-1503 -7823
4088 -8433
2053 3959
2910 -2589
3718 -374
8370 -4289
3409 -1339
-1367 -7839
-2075 4747
-6608 -3430
-30 -4979
-3915 5910
-185 6824
2593 -7558
-7795 -1677
-6212 -8359
-3764 -1734
-7604 4364
-2065 -9232
5282 -5255
-2188 -8127
-2175 4951
8555 -7396
4615 -4795
2766 6202
-8099 -458
-2359 4772
-4183 5745
-7300 -2648
-2044 1759
-1948 4744
6537 2036
-4509 -635
859 -2564
-4387 -5839
-6087 639
-751 7074
4573 -2404
4613 -5035
4327 -7558
-446 7187
-4699 1861
-2898 -5589
-3788 6529
-6495 -161
111 -6541
-1015 1576
7114 -7149
-559 1720
951 -728
-8903 -366
-2768 -5147
1897 -5101
9 -5353
-759 -5273
-6761 7243
-611 1385
5363 157
3144 -4384
-5073 3183
2652 3234
3457 5605
1620 -5
7690 -1369
-2808 -5239
-7682 -1069
-8590 -3528
-1926 -536
3888 6259
-6908 -4152
-6357 -21
-5017 -1562
6422 2546
5370 -8145
7017 -7935
-1361 1873
7665 -1023
-4089 2232
-2693 -7957
-846 4879
3917 -7564
-169 -3326
-1743 -4890
1865 -3909
102 4111
5461 164
-509 -4404
5848 -2044
1463 -5794
3589 -5171
-7360 -3112
-6773 -8878
1853 -7616
-3714 6210
2127 1718
8582 -3069
4782 -7537
-6959 7944
7490 -2022
6441 1057
-1829 120
5614 -6926
-7310 -2219
-7848 -1044
-3807 6372
-7598 8314
-6743 -4146
6358 2364
-4560 2391
-7617 7209
-6966 -7949
7652 -6721
-7160 -8206
3664 -8105
2451 3771
2704 -9010
5505 40
4591 -4648
-2840 -4853
-295 5539
-6997 7103
5939 -378
6277 1161
5845 4509
-1960 4602
1479 -5522
2590 6787
7848 6799
-1384 6964
1380 -3176
-700 7037
6433 1492
-2776 -4725
6665 8431
1198 -5452
5601 -388
-1441 -1874
588 4535
-4976 2928
411 -2669
7613 -7263
7051 -6779
-3967 6509
1601 4262
-7365 -2419
-2675 -5331
4163 -7711
589 -297
-3461 5931
-5483 -5487
-687 6272
3398 -841
7607 -3958
-197 6495
-835 -5349
7316 -7222
3467 -335
1603 -5500
-1550 -978
8029 -502
5984 2084
-4406 -3068
8566 -3520
-6882 -7795
-6622 285
6122 4533
-2194 4822
6496 694
515 -2339
3469 466
2341 3289
-1298 -6841
5181 -7310
-360 4044
-2373 -1678
-556 1816
-6851 -3561
9330 -7060
6609 4405
2440 7210
-6144 6968
4995 -2913
5815 -2848
-4520 -523
-5894 -6617
3801 2133
-5456 -881
2810 4719
1951 -2671
6517 -6761
-598 -1886
-1807 -4118
-6764 -7126
5976 -3190
1906 2090
3726 -855
-961 -6212
-3321 -1533
-8132 3307
2777 6514
2799 -7722
3980 2803
-2352 -1745
-1274 -8377
5822 6281
-2492 -2770
-6461 114
4341 1805
-1423 1649
874 -2377
2636 3551
-8801 -469
-7443 -7552
588 7004
-2760 230
90 5020
2821 6068
-3596 -2453
858 -2917
-6945 3647
3253 6399
-8351 -2238
3431 -849
2090 -5803
-722 -4621
-6558 -3510
3440 -2764
1606 1268
3152 -7727
599 1534
-6417 -4759
-7877 -819
8288 -4548
5396 -64
1626 -2707
-2991 -5118
-3725 6048
-2584 -5117
-6223 217
3335 -616
-1436 1452
6626 -5843
1060 -2301
2576 6513
8232 -6744
-7353 -4289
2067 -4987
-7620 -690
-8041 -286
-610 -562
296 2438
-7695 -778
6454 2543
3589 -7358
-4981 1675
1698 -5141
-2576 -5131
8109 -1655
4282 -4835
3492 1934
3449 -38
3902 3377
6084 -5064
5567 -117
7846 -6906
-5186 -5288
6698 2086
2541 4671
8006 -7220
-7614 -470
6457 2454
3340 7043
2007 3794
4624 -4770
-2828 -5055
-844 2127
3260 7392
11 -554
6913 6932
-3659 6382
-2317 -594
-6154 514
-6850 -7435
-4343 6277
5608 -5984
-2532 -8088
3036 -3103
-6871 -3045
3808 1167
7320 -7403
-8708 -2273
1499 -5283
5423 -2791
7667 -1331
-1157 4375
5939 -1694
-6181 852
-3206 -4960
4863 -4658
3613 6271
-1937 -7350
-141 7729
-6282 -7374
2917 -3585
794 5361
-8087 -613
8053 412
1243 314
865 3851
-7411 -5066
953 56
-528 7196
5503 -145
6450 2303
-3668 6192
1992 -5707
1730 -5374
1807 -2652
-2241 -83
3393 -742
-2591 -3935
-4002 6241
-7619 3565
-7723 -3133
500 -2917
-1861 4445
576 -701
4859 -7644
7844 1942
-7090 204
1602 1337
-4949 -5563
-1773 1572
7426 -4085
347 7258
189 -331
-4825 -698
2964 6197
3068 1240
5201 -2631
-576 7699
-807 -5591
-1281 -7514
-3614 6044
6100 5367
-6470 7010
8442 -8214
854 4513
7907 -8201
-2861 -1874
7727 -5033
7245 -1042
-2183 4772
-7448 -3233
-5036 2026
4588 -4930
2042 -3115
-6525 7149
-1028 -5551
-7816 -173
3241 5489
7564 5379
3391 -7706
2782 1033
7250 -4111
7529 -1091
1563 2181
-5135 -3526
1299 2257
-5558 -6078
7814 933
1323 -2865
-760 2014
-3926 5810
1856 1167
-6803 -5105
3152 5988
-2806 55
-6939 3862
1995 4489
4148 5804
-301 7376
2755 -3602
5908 7394
7265 -594
5276 -3105
6363 2044
-6327 27
6504 2304
3157 -7268
5774 -3036
-3948 6078
1486 -5032
590 126
2319 -1029
-6131 1261
7702 -8200
2830 -662
3678 -505
7875 -1165
7279 6927
-1341 -6772
-755 -639
5133 -8734
-8314 -673
-7291 -2046
-581 -5299
1617 2576
-5816 7462
7214 -1276
1782 -4096
6929 -6742
7154 -1287
3252 6073
1635 -5745
-1977 4388
1300 4692
-6495 -4432
-6424 665
-77 7031
4517 -2923
-6187 -6995
-7424 4570
-2422 -5302
-639 -4874
5874 8361
3739 -790
2839 6376
2683 6481
731 -5284
619 21
-8709 -668
8199 -4158
1279 2249
-6750 -6211
-2258 4975
6226 7177
1054 -5693
6899 4447
-4462 -394
6502 -4943
3185 6058
-1985 -9272
7755 1279
7194 -762
422 7544
-8762 -753
-4760 -781
4203 6448
367 -3295
-4724 2939
6231 2572
-5452 -5761
8276 891
-7648 -3092
5720 -9073
3574 -1033
4963 126
5516 -6376
5782 -797
-1727 -7525
5868 5055
-6621 -8574
990 -1834
-1662 -1252
2014 3376
3074 1758
8036 -7669
-1963 -7473
346 -3287
19 -3170
-2001 4434
1986 1233
1071 -324
9326 -5491
-7578 -3297
1426 -644
-5763 -487
6347 5480
2703 6153
-6024 -7994
-9468 -4238
-6160 -3226
-297 -776
-3 1965
-6716 -8610
3959 -953
4648 -4381
1263 1476
-712 1551
7579 -7193
-2877 -1996
7559 -2005
5499 -80
-3123 209
-5567 2962
2711 6535
-1740 4814
1346 -5281
10 6408
1622 3404
-6989 7618
5296 -41
-6661 -8433
-163 5387
584 -3416
-7050 3393
-4886 -1023
-1068 1667
2297 -7489
5608 -2250
5864 -3309
7893 -1133
2787 -7829
99 -3107
3364 3472
3326 -973
1816 1369
-3142 6344
-474 4509
-3212 -1556
3615 2026
1534 -3101
-2057 4900
-531 7327
1389 -3411
3982 5182
-5595 637
7631 -3961
2674 4371
1136 2316
8733 -251
5183 37
-2614 -107
893 1747
3728 1893
219 -5783
-3727 6777
-1433 -8350
2345 -3527
-6363 5226
-5688 -280
-1041 6677
-4310 -5423
6366 -2046
2176 -2170
-1195 -6698
8880 517
-854 2191
-6075 -3638
-1533 -4889
-3905 6302
-3660 -3416
1347 2215
7478 -537
4662 -8838
4965 -3320
-1259 1479
-6448 7408
2488 7054
8876 -5884
6552 5748
7480 -874
-6385 -4766
58 -4438
-4723 1844
-3056 -248
5329 -2814
-921 -2779
6405 -8431
3218 4833
3136 -1278
2191 -4876
-4097 6270
1609 -5805
-7073 -1693
4122 -7260
1064 -369
-1120 1743
3133 -873
-5615 7356
-1455 -5558
-7879 -570
6147 2258
1379 -4062
-6371 7450
-7762 -4613
9891 -5351
-6344 -5306
-3926 -461
-7912 4318
6124 -3790
6649 -4608
-7163 -543
2259 3584
5344 -377
-7179 4074
-5843 3051
-3353 -5105
974 2354
-5115 1935
-722 1703
1527 -5783
-4399 2406
2668 3855
2791 -7044
-4505 -801
3494 1155
4822 -2390
8882 -7972
-7359 9087
-535 4482
-1788 -5266
61 -5375
373 2156
1132 805
-1296 1984
-2146 4486
7539 -4369
7063 -4749
1995 2082
7732 -7032
5986 2018
-5364 -5237
7411 1317
768 1620
3461 2392
-3103 -3488
2407 -7658
3574 -3039
-2312 4499
5980 6216
5030 -105
-754 -5237
-845 -5514
87 7350
3502 6585
458 3702
-6420 -8044
7611 -1354
1067 -3578
1238 -1099
3740 -1659
-845 2308
3385 6507
6689 2257
-5024 -919
6433 8373
5102 -4233
-2419 1069
936 -2474
-8010 -4173
3989 1639
3448 6423
8167 -1707
1245 4131
-3097 -1861
1241 -4529
-7584 -488
-5038 -1140
-6573 857
-3829 1577
-959 1727
1674 -2747
189 -4830
2035 -5955
-1346 -5850
6022 3908
-2626 485
2456 -7305
4460 -4561
7925 1364
2939 4328
4170 2262
3159 -2975
9410 -5711
7356 613
1055 1990
3364 2020
3484 -7086
4786 -4565
-6430 710
2115 650
5046 -133
7825 -1015
3758 6073
-2196 -1838
3766 -960
8249 803
5755 -1667
-1716 4931
4221 1294
4804 -6315
-404 -8167
1952 -5459
3850 6169
3002 -2762
6136 6421
-1084 1768
-5052 2623
-2594 -7801
-2048 -8623
7010 7005
-1643 4328
-7183 3225
-4272 -1453
5309 -89
7287 712
-2772 -5140
7769 1192
3220 -3523
-4759 2241
-3998 6597
1686 -7816
-2787 -1004
8039 -8789
4690 -5088
4029 7740
-2645 -5220
5863 1863
-4019 6376
2357 -1343
-2006 4918
-2535 -5164
1579 -5681
7365 -1575
8045 -7537
-2057 -685
4532 2303
-7826 -1194
-64 -3182
7131 -3407
-350 4676
-269 -4169
-4490 -773
4442 -4875
-2810 -2488
-8173 -5071
-7770 8255
-1459 -8539
4787 -6891
2796 -8645
4410 -2367
-2199 4997
-6843 -7441
1627 72
-930 7207
-6751 564
-6621 -137
-790 -5795
4574 -8427
-4385 6203
-7928 -339
-4631 -463
6452 2534
-4338 1733
-2793 -5203
-663 3991
-5373 2244
7783 -745
3293 -618
1623 -4988
6945 -7275
266 -4412
955 -450
7473 -7194
6366 7007
6185 2559
-179 4489
6261 2375
-7890 -761
8021 -947
6830 5353
-1562 -1470
7281 -4651
-5754 -8587
-7259 -519
-1946 4476
220 3130
7654 1372
-7831 -709
-266 5164
-3952 6564
-8346 -81
1778 1443
-4042 5918
-1486 1680
-6339 -8593
-1597 1243
4645 -5010
-8134 -989
-2233 176
7080 3978
3393 1349
-3571 6940
-3071 6319
7536 5888
-892 1877
6182 585
-6486 -4164
3668 6526
-7738 -898
-1840 -7537
-627 -4627
2958 -586
-6817 4704
-6504 -1610
7197 -8197
-2362 -7774
3303 5561
1117 -2549
5591 -57
-4652 -1530
6234 2091
1610 -5144
1320 1778
-8106 4220
3703 -907
6433 4420
3103 -7658
2073 1701
-6226 836
6306 -4866
820 3082
-2299 -1654
-812 4448
-6888 -3885
-4898 -708
5256 150
-2122 5189
-6557 -5500
-2692 -1610
-4235 6265
-2973 -3096
-2450 -8827
-2543 934
-6307 7060
6905 -3107
-1488 -8357
7708 1880
3415 3039
5049 -6933
-4391 -1054
5793 3745
3362 6011
5104 -3436
-5658 584
4677 -4736
-3757 -8207
-773 7300
4439 -2193
-974 5881
5400 -1626
-2768 -5231
5472 -241
-7401 -2751
-7389 -420
1126 -628
-6940 -3529
3523 -236
-6703 -273
6346 2486
-5555 -313
-7291 -8283
2640 -4261
4051 1743
3839 -3749
-6814 8083
3471 -371
7715 -3404
6119 2276
-8191 -132
-4735 -970
2125 -5017
2533 -474
595 4665
913 1027
1115 2603
-892 -7514
-2631 -3128
1697 -4195
-5392 2452
-7368 -448
-3119 -5426
-1132 1258
1684 2587
-6671 -2101
-7794 -1366
7891 -3935
5415 -2081
-4442 -510
-6596 -3270
-2048 4545
6558 1958
-770 -5532
-3279 2056
-3340 -1832
-8056 -2616
4481 -4835
5625 -8936
4891 -8098
3356 3021
-8135 -456
-1079 1666
-1857 5043
6567 3501
1607 -4313
7803 911
2991 7304
7006 -797
4047 -896
3847 -6778
537 -2156
-764 189
5644 -3292
552 4666
-5985 7771
-1085 1613
-344 7711
4486 -4539
5376 171
6333 6752
557 1755
-1051 7287
-5925 -846
6414 1870
8722 -7601
-58 7423
3160 -350
6028 6362
3770 -123
-1627 6521
914 2763
5609 2367
8417 943
-2309 4595
2444 3220
-1312 -4664
6579 3746
-659 -2739
6430 -4429
-1369 1243
-2013 4536
-8028 -2693
-2251 -8049
-4603 -285
-8448 3755
6479 2124
2773 -2796
-941 1889
-5381 -4348
1493 2411
3344 -2731
7629 -965
5227 -7701
6662 571
2964 2564
6462 -3275
5505 6903
-7995 -666
7050 128
854 -3125
-7153 823
1032 1743
4335 -4818
8421 -3768
-6642 -8686
-6762 6541
-7703 8706
-1886 4369
5634 -8869
-6465 6120
4147 1564
-3618 -3274
96 6862
7740 -7169
5669 4921
6409 7722
2069 3802
4069 -4686
-5397 3028
7724 -1109
-278 3806
2212 -4744
-4937 2076
4990 -59
4780 -7755
-2183 4670
2922 6475
-2645 5322
6637 6922
-2450 -5145
8002 1160
-6488 7875
-5658 -7854
2975 4131
-2907 -1027
2762 -2804
-6266 -8095
-175 -5926
-6295 -8083
-4256 -439
-5835 3770
4554 -4640
3878 -622
4389 -6892
522 6423
2494 1479
-3904 6131
-6574 7245
6112 -3152
-4598 1875
-4102 6049
3677 -798
-6629 -7933
5641 -2353
-3781 6247
-7031 -8635
-5029 -1770
6109 2311
-3556 -2275
1729 -5952
-6485 -5126
6440 2245
4065 1616
5159 -2703
-7336 -3330
-6984 -7111
-7989 -343
5351 -28
8859 -6655
7356 6886
5119 4249
3262 3083
5430 -9177
-482 1264
4854 5071
-3880 2321
4042 -899
6251 4295
-7524 -7301
8013 -994
-7158 4408
6773 543
-5859 -2759
45 7327
3040 -6983
7484 -8043
7128 7486
1191 -1275
8467 1400
1319 1863
-4747 -694
7743 -4670
8450 -6677
6783 -3445
-5306 -629
-2314 -8312
-2807 -2328
4423 -4674
2553 -7816
188 8063
-3420 -9076
-3042 -2356
-6173 -6778
1355 2395
-914 5247
5527 311
3338 -551
-21 -964
109 4035
1641 -8077
3270 6427
-206 6601
-7888 -786
-6428 424
-318 6598
8918 1075
6911 8053
-8192 -56
-6295 -5285
1830 -5346
3559 7244
8520 -4613
3209 3754
6888 -1169
-2211 -1308
3730 2748
9040 -3546
-196 5171
6984 -4984
4673 -4793
53 -4326
-3003 -3036
-1838 -7950
-6840 -7961
-2903 -4702
-7823 -925
-2079 4486
6742 7567
1176 -2689
-2576 -5023
-6054 4901
3314 3542
5350 3
7651 -421
3282 2236
-687 -6008
-2399 975
-6310 -5731
-1774 -1091
581 1759
-2940 -8540
6278 -1828
-4619 63
-354 4968
3623 2106
-886 1699
-4648 1647
2412 2074
3429 -430
4385 -4542
-1076 -2199
1647 -3038
137 -5298
1535 -5125
-4131 -705
5066 -3728
6354 333
-7785 -336
-3719 5393
-2048 5014
3089 1885
-951 2405
2528 -8512
7758 -4366
-433 7118
-6629 7620
-801 2215
-8531 3703
-7464 4531
-5139 -6176
1679 4507
-4757 2371
7417 -1399
1550 -3475
9009 2430
-7028 8449
-908 2044
7390 -1685
5409 3704
-861 3372
-8201 -2423
1731 -2075
-5483 -7645
-4061 6241
7698 -1064
3008 4216
5892 7934
-3032 -1658
-2502 448
5008 3458
7236 -1214
2605 3720
6252 -3260
-2499 744
-1625 1651
-4146 -968
-7370 -2577
-6539 399
2658 2194
5147 -3140
3463 -3192
3035 -437
-1809 -7804
-2778 -5417
-2401 1046
-3786 6302
6394 5997
-2549 -2112
3094 43
7308 -1184
4568 -2635
9141 2601
2797 6513
3567 6509
-7312 7638
8123 -1112
-906 2217
6085 5449
-4974 -4500
4600 -4568
-1237 1504
3230 6353
-6551 -24
6681 5226
-4893 -622
3774 6302
-8464 -2959
1764 -6052
-1053 -8803
-1889 5014
2944 -7687
-7479 3807
5582 -2827
261 5651
-5283 -4669
7449 -7362
-1249 2050
-5987 3940
-1933 4675
8926 930
-5127 2126
-4868 1855
8532 1980
3016 4439
804 -7865
7423 -4333
3512 1846
1991 3900
-1733 -6960
7569 2548
-7922 -283
-4850 1631
-85 7323
-6649 6486
-7278 -5289
-6016 -3188
-1965 4858
3152 3429
6241 7376
-5501 -5555
1757 -1306
2237 -6334
-3532 6602
-2143 4886
-4039 2786
-6780 7547
-2563 -5076
116 4726
3099 3153
-302 6886
5712 8333
-6771 7587
-2328 -1781
-2146 4559
-4077 5547
5219 4675
5731 -7259
-1237 -2066
4610 1688
2153 -6015
-6572 -4899
2573 3750
2527 -7531
2022 -2324
-6306 176
236 -3866
3211 6340
-3673 1570
5851 5983
4685 -8095
-6311 213
2134 -6993
536 -1226
3492 -8547
3109 6440
-8175 -396
-3755 6440
3263 -8400
-5035 -753
3717 6078
6261 1885
2709 5846
3570 6353
6372 2677
-418 4439
3312 1171
1599 -5282
5487 -7273
1031 1947
7017 -8001
2150 4405
6453 2354
-4465 1520
7968 808
-7310 -7905
7344 -7203
2195 3321
6182 7210
-3570 -1412
4301 -577
-2220 -600
4126 -418
705 2114
-5310 -3696
-3600 6268
-2939 -2849
950 4311
2066 -2596
5565 -1658
-2813 -2277
-5136 -673
2495 6020
2671 6409
6285 6906
1189 -4820
-2776 -4825
-3254 -2226
6013 2189
-2014 4649
-1269 2199
33 -4669
6036 -2002
2897 4747
8569 8484
-1831 540
2499 6939
6229 2588
-4932 2240
2408 -7142
1754 -4516
-4379 -436
-3811 637
-1926 5243
3219 -660
-3056 -3635
-1108 1779
-7700 -7885
8971 -4390
-2641 -4950
264 3666
666 316
-8828 4111
6225 2614
-7632 5313
-2034 4668
5426 -281
1473 -5040
-169 4786
2485 -7345
-5618 7770
7918 4156
-3099 -5054
8950 -3666
-6734 -1323
-7459 -6763
-6121 2740
-2856 -7157
6118 2416
-3358 -2891
-1101 -683
5772 -1572
-2879 -4887
7852 -7795
2185 -3725
-876 -5505
3166 1931
-6346 2964
5347 -3209
-3622 -3173
6155 2202
-4607 -739
-800 -4628
6332 2394
5905 2579
1364 5790
-6928 -7274
5195 -7589
8779 -5298
-7002 383
1273 -4125
-2193 4628
-4019 -2481
-6594 -2997
3870 1891
-1441 2171
9106 2045
7425 -5954
-2537 -2295
1728 -5391
8219 -5053
1255 2024
9484 -4214
-5492 -561
-3922 6025
-4694 -1332
-7598 -3546
-4833 -523
-1741 4961
6885 -4366
3475 -6327
7249 -1650
-7687 -715
6751 6042
6540 4154
7305 437
-1712 -2521
3668 6707
7837 -7235
-1021 6944
-6283 240
-7111 -5501
3204 -603
-6866 7525
-4760 -613
-1247 5909
-4505 -937
1887 -855
-459 -935
-7518 -318
-5150 1812
-1291 -7434
372 4338
-4743 -4961
6621 -7129
5181 263
3401 4031
-3956 5757
-2751 -3042
7707 1363
-883 1739
-4291 -1192
7008 -6999
-6136 -234
6303 2632
1683 -5435
-8000 -118
8155 -7018
-6319 -7021
-4351 -699
-3740 -641
-1659 4608
3925 -6558
5348 -2934
7584 -5465
-8100 -397
1151 1842
-3551 6620
-1992 4801
-3189 -2115
-799 -4813
3261 7342
3408 -318
1849 1631
1184 -8021
1844 -5242
-680 -5840
-5934 5378
552 -4664
3329 -579
-6848 -8321
-2155 4805
-305 -4716
-2659 -338
-367 7924
-8770 3756
-6550 -8655
-3872 -2344
-6571 1208
-6906 -7975
-5863 548
4546 -5172
3391 -3313
7917 -1044
1722 -6859
-240 6890
-2580 120
-2889 -5243
-22 6273
2881 162
4465 -4611
-7482 -3696
-6950 -8452
-4554 -352
-2705 -5306
-6610 -204
6093 2414
6270 2049
-4003 6150
8494 -871
-1750 -8696
-3617 -2770
-4552 1951
3016 3136
-6221 3656
-4580 2375
-4016 6433
-6039 8197
5124 -216
-7300 6309
-2970 -5215
-2155 -8109
-2915 -5687
-1107 2166
-6418 922
-6314 1000
-2181 -1069
5869 5193
-2488 -8053
-6558 3331
-4627 2147
3494 1877
8234 -6810
-5308 1975
5378 -147
-4819 2096
-4600 2034
6386 1884
-5929 -4600
3691 -4720
-6476 7174
-2743 -7761
-7257 3727
-2095 4810
1957 6297
2097 -184
-2809 -4728
-8348 92
802 -3191
-582 6903
-2475 -8574
3414 -7444
5511 -191
5960 -1932
3446 -903
7865 -965
5421 4428
-4202 1028
6285 6558
-6663 -7935
-2391 4639
-3085 -1950
-6743 7451
3345 2016
3806 1169
-1130 4751
6696 3660
2197 -5282
-1222 1530
6652 -2567
-7327 -4382
3680 -373
-2494 4553
-4583 -998
5389 7027
3862 -459
-1304 -5028
6640 5479
-5025 1844
-4398 2567
-7629 4160
4350 1350
-1104 -7975
5136 -197
3190 6438
-5975 -263
7501 866
7721 1165
-1459 -5426
5176 -2243
4330 -3301
2476 -82
5103 -2079
6048 2043
-6767 4118
3550 6639
-127 7249
-4838 -716
6285 2481
-1993 4719
1645 -5649
-7571 -165
-2674 -5172
6918 -6562
3208 -393
-8244 -7113
3484 6
3482 -6657
-6866 -8228
-500 3821
-9766 5151
3522 -2762
1585 -5157
5409 -1726
6566 8633
2586 -3378
8427 648
-4330 2215
6226 2215
24 -5245
7606 -4488
4110 2171
3355 -3522
-5449 391
-6491 4805
7581 -794
-492 -4199
-6694 7957
-7684 -77
-1871 -6936
460 -3633
383 4237
2373 -7517
-1228 -5238
6506 2300
3798 1650
958 1178
871 -2726
-1815 4740
4707 -6480
4938 -7472
5992 2065
277 -2065
1269 -5720
-324 4928
1458 2556
5699 -4252
8472 -1138
-5088 -6602
1296 -5065
7609 -7278
1017 -5713
-7022 -8026
-1325 1426
7540 -1408
-4429 -1076
972 5307
7156 -1029
80 6833
-5594 -4815
-8259 -656
-490 1879
5326 -164
-3753 2069
-699 3208
-7065 2812
7695 -1314
3280 -1558
-715 7408
3430 -6940
-5425 -4568
7533 -1266
2133 2376
4550 -4776
-3656 -2046
1941 -5399
-6818 -8072
2925 -2318
-1683 -9201
-318 6949
-3300 191
3316 -7050
-6925 7754
272 -3275
5200 -7699
5515 -2235
-7789 -453
3190 -4807
-2377 4557
-1384 -7789
8496 830
3456 1066
-4941 -1633
6258 2331
3654 7077
-4016 6178
-6499 195
-1178 1896
7621 -4092
-7572 -737
8623 -7471
-5955 -3875
1446 -5161
-624 7028
3289 -538
7884 -1393
-663 1334
4608 -4564
8314 2797
3421 -724
-4435 -1759
4324 1771
-865 -272
578 -3049
5630 4465
-3549 6459
6486 -2110
-554 1271
-2759 -5733
6409 2478
6799 7533
-7873 -692
-6903 -7438
-160 -2105
2871 5591
3718 873
-1392 -5688
7764 -7861
4016 -3047
3054 3774
-549 7335
-4743 -692
-4815 2098
-4473 -808
4278 1621
-8046 -1290
1747 2104
-2037 -8063
-3986 -562
5684 173
8019 -7528
-642 -4762
-2091 5207
-3454 6398
3163 5934
-3924 1448
-1764 -7780
-2355 -8391
3371 6584
-4144 6485
-2328 -101
5333 -214
-7583 2617
-8132 4168
2158 3596
-2288 4822
-6862 7746
-656 707
570 5000
376 -2010
-4051 6217
1904 3492
3467 -4505
6454 2218
6829 -3816
-4495 6373
-649 1988
1369 -5487
-7959 -2911
-3630 6528
5537 171
8247 1573
3698 -8940
-7733 3948
4406 -452
-6261 7720
-988 -5042
6836 7225
-6628 -8450
5812 -2879
-6221 569
-2558 -8038
-6578 132
-2150 5056
952 -2701
5219 -33
2653 -3318
-6619 -6708
5802 1452
6309 2057
1238 1959
-5602 7808
-424 6945
-667 7366
-2991 -5283
-1815 -1545
1549 2138
2553 -1272
-6472 -8126
-1567 6539
1553 603
-7130 -2687
-1194 -6792
-6295 176
4099 -619
-6297 504
-2599 -4972
-6673 6364
-4025 6165
1653 4392
4022 -4004
4927 -5991
5886 -9069
-6651 -8401
1234 1111
2826 -7333
2186 2947
7795 4988
4929 6334
3569 1808
-6468 7876
-4863 2449
6506 2519
4218 -7146
-3414 -1833
-119 4655
-4392 -142
-6727 3583
3267 -7547
-537 1535
-5826 -2408
-2827 -3085
5330 -2112
-947 -534
1496 -5244
3795 -3755
-1198 1664
-7078 -3475
7769 -6866
-2620 -2569
-5307 -6288
7730 -5751
-6582 2624
7411 -1292
3294 2414
-2798 -4706
-7032 3779
3605 7032
-6055 7377
3720 -6629
1300 -1087
-819 -5649
4217 -6878
1233 2277
2318 4064
-4198 1285
-1228 6714
-5736 -4445
3353 823
-6638 -6151
3824 1331
-5886 225
-4905 2154
1489 2181
8128 -1325
-7029 -4352
6487 6067
-6887 -8506
-3845 6570
688 4766
1243 1492
-2074 -8708
-5975 71
5581 77
-3466 -1698
-7762 -770
3825 -351
-7179 4041
5024 11
6018 4054
-2158 -3538
-7002 5005
-2639 -5479
3261 3797
2075 -183
3979 -8344
-2599 -5268
839 -824
1031 -3059
-7686 -2445
-879 6626
-8340 76
-8024 -457
-4078 6025
2871 -6882
3145 4211
-819 -4751
-1006 -4209
-9110 -2914
991 2092
105 1100
-4444 3658
-1386 1587
-8210 -733
-1707 -7815
-7216 -205
2903 -218
3399 -7136
-7828 -4043
1261 -3915
2686 3761
-6820 -8542
-4229 6354
-3644 -4063
3849 3549
7991 -4121
-2063 4775
-6666 -7435
4446 -4412
979 -7483
8687 -8308
-6449 7303
6953 -3819
-3004 -2942
3838 -7868
8768 -5914
4542 -4710
3488 -1392
6245 6731
4740 -4830
194 -2564
-687 -5979
3137 5776
5447 -2705
-6610 -7744
-717 7433
5559 -7192
-3494 -3186
1410 -4772
-2742 -5231
-7459 -8451
1669 -6100
6224 2568
6722 5244
-5589 -1225
-1422 -7597
-4738 -843
-2481 4795
-7680 4436
168 -1667
6144 803
5944 631
3532 -6914
-7133 -3449
1582 -5697
3263 6337
-3765 6474
-6369 149
-8375 -455
3173 5930
7633 -7267
8542 -5255
-984 1385
-5886 148
6069 2489
167 1927
-7364 -3469
6783 -1010
4385 -2456
6670 7402
-8159 -410
4185 -5043
6389 -7026
5558 -3377
-6452 7817
7300 -4276
-701 -2049
-1895 -7722
2968 -7190
4384 -4806
6116 2086
3633 6608
3001 1677
5491 -302
5565 280
-5324 2366
-2586 -5716
-1114 2787
-2824 802
-1810 -8507
-7765 -3395
-4875 2211
-929 3921
-6797 7212
7536 757
2499 -146
6168 -2854
-7480 -1529
5376 -8566
2417 6926
921 2048
637 2397
-2019 4768
-4072 6614
3492 -7201
1726 -2721
-2775 -5098
-7233 -7626
2569 3356
-7912 -1579
6118 6252
-6636 7350
5825 4813
-1063 2106
3756 6039
5304 -5
622 -2577
5106 137
5524 216
-2080 -1022
240 102
6861 -7951
228 -5496
2301 3327
3069 2293
-8380 -1025
-6505 -5567
-2655 -4942
-4904 -826
7100 -1424
1848 212
-726 -8430
1998 -5115
5643 -1561
-7013 -4052
322 -4981
2071 -4132
4379 2703
7032 637
1300 2341
5119 11
6062 6926
3288 7112
-329 6854
753 -2705
-7109 7021
6820 7741
7649 -7065
6400 3852
3382 -282
1488 -9116
7589 -1043
-2298 4848
-7990 -362
-6991 8281
-1170 1687
2454 -6813
7639 7239
2475 -7196
-476 -5032
-5708 7633
6824 -1318
-5259 -4084
238 -3635
-1455 -7723
-7693 7479
7561 -1284
-873 -8223
-8068 23
-2748 -4697
-1123 1923
6586 3704
2566 -1314
3368 1235
8260 -6374
3015 -2785
-5642 313
-7616 -3288
7263 -1280
6363 2306
-1900 5034
6406 3888
8173 -935
-178 6526
460 7456
-7407 7140
-5696 -659
-435 1913
2431 4844
-6369 193
5664 5441
761 -1622
-1789 4846
-894 -7139
2734 7177
2984 -1017
-7585 -7449
6331 2493
-809 7725
4849 -4900
6280 2540
6691 5002
-2158 4661
4237 -4754
5730 -461
-3516 6567
2113 -5885
5317 -187
6430 -2250
-7893 -58
-6199 248
5334 -319
-1929 -8262
-2094 4944
2262 -4594
1766 3627
-7485 -3552
2912 1559
2275 6484
7944 -6301
-4801 -5285
-1138 1316
-2247 4751
-3907 -869
7741 -1268
-6703 6533
-2118 4963
1215 -3722
-2975 -5245
-1759 -2241
-6681 65
-1864 4711
-90 5554
1702 -7657
-3635 -564
2177 -7869
4413 -4926
9129 -271
8144 1515
4440 -7385
-2560 -7922
7405 -1293
7831 -6863
1195 1933
-2085 4826
-1723 -4946
8204 -1210
6015 -2033
-1987 4620
-2374 4756
7401 1311
4480 -4410
7275 -1186
-6630 -4070
-984 5585
477 -6014
5245 325
-1826 4820
7502 -1056
1244 1982
-6898 -2618
4973 -4678
-2361 -5035
6174 4696
-157 6983
7497 -4886
-5470 -4355
3659 223
-512 -2950
7897 -3929
-6588 3961
6398 6931
1663 -2073
3684 5377
-2185 4872
-8252 -1012
-1246 1534
-3664 2222
7159 95
-5953 -67
4619 -4784
-2183 4551
4971 4623
5623 -2307
878 3997
-2895 -2473
3713 -2408
-6326 -7806
-6435 -6092
1222 -5620
840 990
7887 5642
-2267 -7221
7237 7946
-3012 -2066
1277 2426
1041 -3415
8195 672
2747 -23
7450 -917
-5466 -4113
4245 1549
-7201 7071
-3051 -4959
-856 4316
6211 3653
-1518 -8055
-4797 -318
2571 1500
1633 -5352
2903 3614
-6133 842
3736 1691
-5836 635
3523 3730
-5001 -898
-1118 493
-4105 -638
2790 -8339
-6640 497
-7369 4792
3313 -8003
-5428 -1176
7233 964
-3600 5788
-4681 2846
-5839 500
-7623 -2553
-980 -3591
-3322 -4086
-3655 6493
6570 6911
-8189 3326
3545 -6688
1093 -5107
3716 -7461
-6838 383
-4428 3050
-465 6886
-2246 -8220
-4783 2363
677 2273
-7141 7414
4719 -4807
1155 -5379
-5450 2086
-5223 -3861
-941 -4336
-4354 -73
607 4477
-4010 -1356
-5381 508
2987 -6596
5958 -2271
-7326 -4614
-7236 -3975
-1083 1739
1986 1479
-7029 -3090
-1975 1768
6976 -7029
-1346 -5058
2065 2734
-3517 6055
-1458 -9101
7016 -702
5212 214
4378 -8624
-8331 -467
5802 7082
-124 7265
-4530 -4737
4175 -4813
-752 7348
3211 -610
5896 6801
3949 -3184
4135 -1029
3253 -727
6450 -7672
-3926 6026
-2044 4910
1299 -5902
7380 -7122
-8532 2744
1281 -953
-3837 6204
-4434 -151
-6958 5103
1167 1809
7428 -7628
-6857 690
557 -2171
2759 -8041
-2633 -5673
2489 -431
-4914 -447
3698 -8378
6592 5006
1570 -5996
-204 -4816
-8162 -141
6132 1755
7484 -2192
-107 7136
-6037 -6950
7426 3448
1594 -5588
-7243 5481
6106 -2647
-1727 211
8261 -209
-144 -5273
5653 -1627
4461 -4700
-4354 -763
-898 1102
-1181 1746
8150 -4049
-4069 3251
-5531 -606
3720 6323
-210 5024
5476 4701
-7185 5440
5300 47
7389 -7779
3505 7502
-2900 -7561
5001 -4903
-5630 -3590
-1483 -2158
-53 5963
-1077 2364
3386 3719
1909 -2589
-6444 4516
6601 -7095
-2449 -6680
-5107 2752
6247 -8846
2414 4862
2668 -650
-6334 7679
-3451 6069
-7635 -2791
-8270 -324
-6958 4071
-2397 -1572
4955 -2484
3948 -4431
-1699 -4442
-1299 1659
-2820 -5275
-4214 -5584
-1482 -8464
4192 1094
-7753 -2004
8308 -857
3264 5987
6294 119
-679 1858
-2950 -1351
1626 -5267
1808 2292
8659 -7342
-218 -5013
6762 -4297
-1782 -8140
9099 424
-7781 7725
-2683 -1052
1512 2639
1871 -2703
4361 -8198
-4002 5936
-4219 1610
233 -5250
-6582 7677
6488 -6900
-670 7323
-4143 6568
-4728 69
-7208 -5105
-7876 4224
-8056 -559
-1806 5007
7664 -1158
-436 -4204
1891 3304
-7067 5038
815 1588
-4020 6365
4485 -5113
3363 -1505
1769 -1597
1468 -5861
-2735 -4707
-7451 -3615
-7721 -612
-2009 4534
-4533 2139
3320 6306
62 5088
3531 -7004
3562 1329
-7057 -4039
5349 541
5464 7434
-3572 6072
-7872 -111
-2431 -3002
-5917 -267
468 -1022
6396 2148
-3040 -756
3315 -3431
2573 4234
7977 1717
-1378 -5796
6560 663
-236 6128
6136 2547
7252 -903
-2596 -4995
390 -3472
785 -150
5309 94
1586 -5355
5106 -300
-212 1756
3897 -4922
4304 -4513
135 3900
-6387 -3405
-7485 -868
4948 -3346
-1766 -8991
6697 7185
-7358 7575
5314 4708
3413 -3742
-2849 -8253
5288 219
6052 -1883
3597 -752
-169 -2646
7724 919
5545 -19
152 162
-787 -858
3035 -3957
7358 -1024
-292 8011
-1566 589
-7446 -7762
7729 -4187
7636 1624
-1835 4989
5478 -6891
-7000 6990
-3971 5784
1587 -902
4923 -4641
-5764 377
-3557 361
-5163 -855
-6351 -7960
8835 424
6165 7740
2277 3695
4616 -4117
3467 1119
-6759 1423
-3551 -1489
-2133 4824
-8069 -2602
7876 707
-863 4679
7734 4523
1549 1712
-3617 2459
8778 -5161
-4031 5839
-459 7220
-126 -2537
-6199 -3925
-7784 -4197
-8448 -3102
-6598 -3000
530 1763
-6666 4
-476 -6162
304 -3293
-7556 -859
6213 2067
4706 -4757
1787 -5927
-3600 5919
-5367 -3763
1275 -5417
-7556 -453
-2870 -5101
-4022 6336
-8351 -519
8385 761
7054 472
-945 -6747
3675 -855
-838 1130
323 4134
-6192 950
-4626 -2144
-8225 6784
4904 -4629
-2635 -2413
3774 5868
-944 4376
-922 1865
7886 -1503
3709 -8846
-6966 3735
-2192 -7490
-8615 -366
5982 -2558
2987 2488
-8298 255
-1214 -5008
2830 3192
2176 878
5557 -366
2657 6901
3287 3582
2718 -2233
-1793 -8184
3205 -282
3620 1495
-4446 6305
4774 -4613
-6635 -7575
133 -2148
-4856 -1192
-5141 2414
5062 3633
5753 5369
-916 -5092
-2849 -5257
-5101 2634
9176 2043
-6922 3743
1451 -4943
5899 6413
6131 4605
6430 6529
8008 2161
8127 -3907
-1242 -7607
-1714 -2161
327 7035
6360 -7525
6376 3916
-1476 -5208
2693 -8100
2013 430
1652 -5155
-7169 -3337
-6249 -8249
7162 -3334
-2767 -5243
-1973 4754
-6426 -2380
2111 -8781
-2651 -5048
-2639 -5020
649 6670
1325 -697
4596 -4754
4293 2102
4919 7304
1265 2322
-6539 -7113
5531 -25
4747 -3250
2787 1887
3120 3074
-1483 1063
2798 6912
-6899 -8083
3669 2611
-1232 1885
1616 -5007
6015 6823
3202 -2220
-962 -5845
6319 7394
436 1089
7923 -7222
-550 1942
854 187
-5999 -7221
-3958 -4791
-4940 -1123
-2005 4898
-347 7547
-2964 -5284
1027 3186
7022 -4359
-2338 -1742
-267 -5526
-6700 -4049
-5691 -6274
619 -2436
-8607 -268
1239 -5276
5306 35
6720 5375
7714 499
7998 1719
4349 -7604
-6178 1148
-1895 -8256
-8563 -305
-8042 -729
-2049 4890
7531 5452
12 7280
-6117 -5138
-7007 6943
1659 -873
-2060 4660
-2399 -4510
-5275 -281
1740 -5609
-3730 -2017
2409 -7987
-1416 4893
-4750 2637
90 3728
-1116 1657
-4101 -787
7697 -1046
-2739 -2135
-6805 -2980
5774 -2615
1832 -2372
8139 957
-2709 -2284
-1949 4634
3349 -159
54 4899
-251 6829
2564 719
-8652 -471
2151 -322
7463 -1054
2959 3519
-1107 1940
-2800 -5072
988 2602
4148 -4770
1342 -5594
4235 -8250
3452 1451
-648 1803
-2552 4745
-5180 -388
-1708 133
3022 -6674
8089 -3832
16 -5812
-5889 -2600
3503 -1363
4209 -7288
6432 2253
1393 -5315
1512 -5629
5753 -2680
-8084 4068
-5625 379
-7542 -7884
-2399 -4615
3093 4347
-7052 1310
-211 4946
7281 2167
-4837 -108
4730 -7989
4708 -4380
1474 5153
-3606 6921
3548 981
-2347 4634
5796 6140
1124 -2739
4551 -8012
6122 2171
4381 -4965
2558 -1938
-5882 1010
-6295 -3048
-4340 6008
-6320 -3989
2845 5944
2154 3252
-4476 -21
-2260 116
-2829 -2408
-6518 -7770
-4369 3743
3165 1255
6174 -8315
-6931 -7830
-7537 -839
-7181 4172
1486 2533
-1195 7385
-2129 4832
7799 -735
4141 1902
-4977 -647
-8333 4525
-1393 1180
-460 -4591
5189 -5784
-8734 -1472
-378 1891
-6504 365
2770 -3616
2696 6923
6701 2706
2601 6156
1406 -1334
-7167 4736
1465 -1047
-2793 -5121
2003 4125
8594 1360
3858 1651
-4963 -951
3983 -5799
-1059 7125
-2447 4930
-1338 -6273
2636 6383
-6361 9
3662 1401
2796 -770
4254 1198
5189 -2852
-833 4077
-1717 -7447
-5469 -2908
-424 4973
1468 1702
-7051 7590
-4862 -1264
-6279 5347
1556 -5360
1300 2119
-7019 976
6629 1918
