100 283 2947
0 0
365 -3500
-6831 -5495
3388 8706
-2533 -9991
4593 8057
8755 5784
2178 -8337
-858 -4798
-7279 1726
-7688 -9565
7091 3079
8050 6789
416 -9513
-810 -2738
-4821 -2556
-3050 -5089
-176 1239
-8253 -7042
-4677 -1080
8218 -3226
5439 -9405
257 6113
4010 6012
-6403 -4486
-7643 -1447
592 -7446
2571 3954
6307 6015
3029 7669
1038 8542
9556 290
-4273 6982
5964 -5882
-9570 7580
-9765 -1576
-9952 379
9899 6185
1541 -730
3242 -2864
2994 1740
1415 -1995
5611 -8327
-5609 7741
-6684 -6538
-6862 -2977
7658 -773
-5243 3779
9974 8743
-4055 2177
-683 -833
-3698 4236
-5490 -7518
6575 4984
-5300 1439
365 -1406
1152 -4654
3585 -9959
-4242 -4697
8344 -4346
4037 4880
-2738 8966
2874 -617
-6273 9897
-8876 -3513
-1929 7517
-1814 4367
-9129 3679
-8536 -6012
9938 -3342
8973 -6334
-5322 8723
5110 1174
-2639 3391
-2893 7082
-918 -9643
-1057 9003
1647 6607
6496 -7090
2525 9984
5924 -341
-6177 -97
-2578 5549
-538 6826
1790 5492
9329 -7499
-6075 -9863
2405 -3582
5883 3909
4865 3616
6718 -8982
-7480 -421
-6654 5389
-7035 7214
-8167 6933
-3716 -6491
-8697 5608
-7786 4304
-6837 8868
-2193 -3870
1 18 2543671
1 39 859849
1 51 981695
1 56 1594547
2 9 186229
2 15 3121609
2 42 3599847
2 56 2474001
2 57 526306
2 88 3521657
3 25 1120725
3 45 1305684
3 59 6276638
3 65 5877735
3 69 1066373
4 6 525786
4 30 467990
4 31 2180540
4 80 1191034
5 53 2528852
5 58 841700
5 76 1951951
5 87 3185910
5 96 2783390
6 13 433086
6 24 2544387
6 29 1410614
6 30 2951819
6 49 3078191
6 80 2122702
7 12 7862503
7 13 342255
7 32 2404390
7 38 1546975
7 54 1672346
8 14 3052081
8 27 267721
8 34 3036388
8 43 2173570
8 57 8053490
8 58 888798
9 15 556124
9 17 1017303
9 27 4565207
9 57 435750
9 96 6326886
9 100 1682608
10 37 4232790
10 48 2951157
10 55 491526
10 68 2393029
10 82 3769411
10 92 4291222
10 98 5401458
11 19 1909720
11 36 14080707
11 45 1442019
11 53 6148642
11 69 1649716
11 87 285649
12 32 1540014
12 47 2430485
12 54 1280981
12 73 4882257
12 81 7104928
12 89 912972
13 29 327497
13 38 817709
13 49 4414888
13 54 4620009
14 27 3053209
14 58 6594561
14 76 1806969
15 20 1271155
15 51 247231
15 56 2291129
15 100 1062042
16 20 650923
16 25 834590
16 46 231185
16 59 2772376
16 100 3592977
17 59 801026
17 96 2356305
17 100 783655
18 28 9190502
18 39 1595925
18 41 4112540
18 50 8285818
18 51 664047
18 67 8234504
18 74 4393711
19 45 884502
19 69 2487062
20 46 1936615
20 50 7531354
20 51 5961163
20 55 2612219
20 82 3203830
20 100 1058056
21 34 3981649
21 40 833762
21 47 2028385
21 60 2345802
21 70 807172
21 81 5300232
22 43 1307954
22 58 2039544
22 91 2359839
23 67 5525949
23 78 355510
23 84 2576038
23 85 469822
24 29 4839649
24 30 880221
24 61 450672
24 78 459744
24 85 5157672
25 46 1242379
25 59 4837374
25 65 5121224
26 36 217961
26 46 3065564
26 65 2313059
26 82 617254
26 92 289742
27 57 976152
27 76 1412002
27 96 4431225
28 41 1364674
28 61 3833590
28 67 4534323
28 85 700869
28 90 1193323
29 54 950040
29 61 4561929
30 31 3023797
30 78 2120449
31 77 1245414
31 78 542829
31 80 776594
31 84 2220467
32 38 2160587
32 47 3719168
32 70 5586687
33 44 216318
33 48 780137
33 52 3300993
33 62 3452086
33 72 3522770
33 75 1250681
33 83 4279228
33 93 3781735
34 40 4981319
34 43 5310640
34 57 11912651
34 60 1614647
34 71 3409080
34 79 2856159
34 88 3759384
35 37 2828792
35 64 438188
35 68 9353480
35 95 185746
35 97 442267
35 99 427825
36 37 1985694
36 65 277093
36 69 9605814
36 92 1630385
37 68 583731
37 92 2899097
38 49 717388
38 70 4417732
39 41 1063743
39 42 2224800
39 56 334835
39 63 3148657
40 42 828383
40 63 1241271
40 81 888397
40 88 1923832
41 63 4983395
41 73 1239098
41 90 2767095
42 56 1504651
42 63 1425357
42 88 1019967
43 58 1985443
43 79 3778662
43 91 265439
44 72 331712
44 93 967615
44 94 2669137
44 99 1268891
45 53 2618891
45 59 5098886
45 69 2124722
45 96 6884706
46 65 4441462
46 82 1251590
47 70 469739
47 81 4117681
48 50 600907
48 52 1077218
48 55 1582381
48 93 2329109
48 98 1133517
49 70 24350428
49 80 17081743
50 51 9697528
50 52 780904
50 55 2471230
50 74 444342
51 56 2677478
52 67 2154018
52 74 1020162
52 83 239105
53 87 1006473
53 96 227998
54 61 3341025
54 89 1143055
55 82 444056
57 88 546056
58 76 1315234
59 96 197828
59 100 2995337
60 70 2893721
60 71 3963032
61 85 3676305
61 89 360979
61 90 1611405
62 64 1906617
62 66 1447405
62 72 6127002
62 75 326081
62 77 2574859
63 73 1639482
63 81 4837468
64 72 2774689
64 77 529290
64 80 17914455
64 99 871830
65 69 1525068
66 75 1608195
66 77 476078
66 83 3037261
66 84 2121736
67 74 1361507
67 83 793105
67 84 1200906
67 85 5956242
68 97 825362
68 98 2007266
70 71 3119671
70 86 3524784
71 79 697950
71 86 636143
72 99 483008
73 81 4085801
73 89 1469111
73 90 1423466
75 83 2115308
76 96 1567173
77 80 1978674
77 84 1941292
78 84 3369478
78 85 163487
79 86 396025
79 91 1049047
82 92 1865833
83 84 2059232
86 91 1296446
89 90 1347487
93 94 1138924
93 95 4732383
93 97 4572723
93 98 1850436
94 95 2659950
94 99 317619
95 97 3055832
95 99 371715
97 98 395356
-380 -2811
-7437 -2776
5967 6545
-3892 -6207
-7960 -4961
-1150 -5695
-7366 1371
-3443 3469
-290 538
6022 -436
5378 -448
4180 2107
-6052 145
4817 4138
3782 77
5921 8323
-3614 -646
2097 2008
-6929 -2774
941 -2473
4447 4099
-6376 -5121
-4535 -1013
-3601 -5054
1195 4141
-3322 -7366
5484 8184
6320 -4856
-2732 -4938
4243 -5766
4559 -3709
3551 7451
6277 -594
4770 -3560
-3101 3226
-7579 -4499
6394 7368
-3118 -5656
-1195 -915
-3938 476
3370 -4947
-7940 -5090
-3441 -7452
6885 7963
6197 -761
5396 1019
-3034 4038
-7578 -5245
7705 -4378
-6011 5661
1874 1727
-3295 -4899
-991 -2740
-7408 1702
8212 -3927
6193 -301
2807 6729
6247 26
7327 -3633
848 3385
-8299 -2591
-1776 -964
4923 -3249
6539 2273
-5051 -2641
-8040 1617
4964 -3350
-2392 -5513
5049 -5247
-6587 7113
-4270 315
435 -3745
7004 2924
2363 3080
4517 1708
-3517 -7111
-1954 -5605
-6489 5695
-6247 7107
-5769 4805
6775 4629
-371 -3910
6892 -2325
1132 -4917
-5408 4733
6555 -102
-7239 -2768
-3939 3699
4186 7904
-2423 2255
937 -3030
4963 -6264
765 4398
-3006 -4632
-3766 4864
-4281 -704
-6641 4871
1001 4077
3551 6686
-1441 1742
-6934 -3572
2159 2329
4351 -3400
-1475 -3297
2870 7200
-6495 4860
-4063 -1929
4230 -6492
-7628 -3505
4093 5181
4687 -5515
3834 603
-5340 -6219
4570 -3243
4186 -3801
804 3731
3038 2865
1411 1160
-5691 -2542
4123 5971
5472 9594
-4004 -16
998 -752
-3707 4713
4652 -3412
-3735 5201
1082 -7557
2832 6435
3335 -3795
3656 4054
6019 6844
2936 7696
-333 -5773
-1787 -1080
-6373 7336
4195 -3031
3337 4354
2115 855
-2550 -4607
1710 -1492
-3905 -503
-4977 -3093
5084 -3425
4223 8202
1634 1914
2883 -4714
-6454 6879
188 -2789
-2957 4211
3495 7332
-4137 260
-2970 2421
4049 7483
-976 -3493
832 3228
2864 -5249
456 3993
-1731 -5030
2225 2455
-991 -3124
-4772 -428
1331 -2395
2744 -4577
-4264 -471
7823 3985
6532 6632
-4159 -507
4943 -6511
3023 7040
5577 -6212
4827 4616
3955 4725
3670 3044
5008 7998
-7297 -2344
4996 -5925
1326 3760
-2487 3606
-6530 5532
-2350 -6643
-3956 -545
-7105 -4523
-6128 5320
-6050 451
4173 9554
-6491 -1709
1645 1903
4200 -5890
-1603 -981
-3747 -6693
-3668 -1037
-4147 2402
4465 -3562
-3027 1465
1111 4038
6383 3637
7061 -3626
-1619 -208
-6927 -2258
4172 5919
2587 1258
6575 -82
3614 -5702
-3432 364
965 1835
1571 1834
-940 -3932
665 -1737
6418 -272
-5308 -3585
-121 -2387
5684 2223
2238 2576
5799 -1344
4539 4551
-5297 -6319
512 -2188
5254 -5448
1565 6702
885 -4825
-4332 -287
-6349 -2718
6577 485
-3286 -5904
7951 -3332
-2876 -6177
-16 -2614
-1809 -70
-2584 5897
-7425 -5296
-7494 -5260
7151 4310
-6949 -3649
-6469 -2596
-7314 690
-38 -3613
-5978 -1866
1132 3658
899 -3416
5113 -469
-3547 -5088
-2607 5122
6313 4198
312 -1202
6414 5678
3041 6650
966 -1596
1171 -1338
-309 -7931
-3406 6550
6504 3025
-1191 359
7288 -3567
2326 2274
-6170 -3254
4387 -880
7019 -2783
2114 5857
-939 -6509
3488 -3482
6110 -5677
2543 -4872
-6324 7400
-7249 2290
-4385 -1093
7245 4505
-3140 1297
5170 7637
-7660 -4988
-6297 5192
-3024 -741
4546 -3512
-6298 908
6867 6168
4065 4509
4255 4164
5365 -6915
-2966 5616
5527 3
-2996 2524
-6835 -2178
7353 -4870
-7146 -5281
-4483 -6639
1407 3429
-5016 3311
-652 -3386
-5945 7491
5955 -5854
1849 -5667
2209 5391
-3283 -3700
972 -1962
-7555 688
-7110 -2845
6539 -5290
6923 6626
1447 -1011
6508 6908
7166 2193
497 -4856
-5867 -3090
5138 -5103
-5912 -1150
-4875 -2448
8475 6034
-6371 -2214
3169 1297
-3804 -927
4252 7274
4581 -3580
4068 3866
-6669 -5077
6248 861
5038 -2929
4294 4134
502 3572
3050 -3432
4999 4671
-5711 -2048
4294 -7382
6186 3877
-3952 -795
6125 4231
-3609 -4867
-2869 -5255
-2798 -4839
-2180 2524
4728 8048
4129 6855
-3648 -3847
-653 -978
6860 -4487
-6997 -5571
6171 7606
-7427 -4917
6938 62
-7867 -4129
-6082 6981
-1393 6
984 -1451
-926 -511
-4755 -2222
5766 -3749
-2752 -5881
-6866 332
6834 -6304
2021 -2168
-4556 -476
4898 -7396
-3157 2648
7588 6263
-4182 -329
-3888 -806
-7088 1427
-3724 4408
4249 -3174
1764 1379
-4603 604
-4086 -4199
-3727 5133
-3594 -4920
905 3566
646 -1032
-7231 2724
-7224 1725
-6964 -4814
-2057 716
-7246 -4719
1171 -1844
-2742 5039
-7154 707
5588 1486
4404 -3382
-771 -3513
8019 -2971
-4358 -6196
4757 6809
7437 -4537
-2226 -1829
-5035 -6824
-8515 2383
3928 1173
2750 7349
-4868 -2394
6927 579
8040 3348
-2248 3017
-3522 -4695
2654 1997
-4158 -493
-1582 -1720
-7896 3251
-8616 2047
-3406 3308
-4598 -87
2928 6877
-5516 5525
1601 -1412
924 3341
-3942 5700
4024 5231
886 4003
7139 -764
-1831 -4411
4047 8124
1252 -6428
1954 -4342
4739 4408
5500 -3761
4924 -3587
-218 -4369
2634 6643
7152 3446
5558 75
6337 -1210
-5837 5246
-4583 -265
4167 3512
4442 -4746
6677 -4867
1581 -1760
-1705 -5184
-7483 -5189
-4029 -475
2476 6599
-3084 410
-2614 -4718
4243 -6790
-2413 6437
3951 8794
-5872 6767
-7904 -5256
-2605 -5361
3074 6022
3256 -4016
-474 -3461
7091 6206
-5991 7410
-3660 -420
6348 5007
6413 -4054
-6347 956
-4161 224
-6329 7805
-7093 5410
4159 904
4850 2402
-3972 -6076
2293 1045
694 3768
-3851 -5673
7216 5803
-3861 -331
-3714 -59
5469 -6290
2723 6982
4693 -3760
4859 -5482
-2999 5038
-2089 -111
-7338 1783
6581 2877
-6304 -1902
-3786 530
-3300 4679
7201 3437
-6280 6815
-1555 -4934
-2587 3003
-4038 -278
-210 -3702
8601 -3694
6787 -2006
3529 6756
6970 -553
-4536 -2526
-2282 -666
3683 7381
6132 7672
-1742 -789
4941 -3147
3483 6619
-436 -4071
-6570 6892
-7221 -5096
5973 -5302
781 4306
-6584 7454
6169 5087
4319 4850
5650 8198
-2927 -3496
-5989 5523
-3013 4848
654 -7197
6136 -635
-2334 1880
-6285 -2695
2545 -3251
1467 -2222
4413 8055
2490 1694
-1592 -5093
-5909 7253
-3248 3677
2387 5223
-1644 -4734
645 3794
-444 -3112
3404 6405
-6624 5515
-8249 -5082
2728 -2392
-4238 -980
-3884 -949
-5791 -6303
-2724 5412
-3731 -266
-1018 417
6916 6935
4006 4114
2657 1770
-8356 199
5198 -6667
-4937 -2513
-3731 5173
-2943 -4183
-7523 2638
6545 -988
-2995 3180
3521 7388
4937 -5785
1083 -3383
12 -4006
-557 -3745
2092 1082
6668 4290
3617 4143
-1368 -3411
-2417 -2216
-7154 1922
6932 -723
1791 6011
824 1112
-1053 -2428
-1775 807
-4003 -54
4449 -5814
829 3901
-4934 5340
5015 -6236
799 -1290
-6838 -5369
-7521 2706
3154 6226
6814 -181
902 -1816
-7653 -5336
5075 -3398
-3748 1615
-6615 5226
-3097 2143
4217 351
3403 4446
-5581 4955
-2912 -3557
5625 443
6610 -287
1923 -3271
-5816 5754
3020 -2807
-2587 2966
-3777 -5953
-5870 6011
1575 1663
-8280 387
-6418 -2675
-7051 -1454
5934 -5746
-1726 8
-6905 -3084
-1867 -1131
3339 -3769
6560 3789
-3485 -4333
-7190 -3310
1990 -5261
4526 -3339
4087 1052
4627 -3341
-69 -3263
-7993 -5189
5406 -4872
-3406 -7288
5900 2620
-4146 -4570
3013 554
-1969 -4505
5236 -252
-3167 -1706
4110 4752
4985 -3642
-105 -3722
-5955 4620
-1076 -3696
-3666 -4386
4391 -3314
-1914 4643
8142 3746
-4051 121
-7317 -5591
3946 4439
-2966 -6344
701 -5514
6217 -973
7892 5976
3487 1683
6677 -875
-6600 -823
-6192 5095
-1970 -5234
462 -4178
5072 -5856
4838 3464
-1244 -2366
7280 -3968
-3853 -5643
-7209 -5223
4974 -6170
1435 -1959
-6076 5939
6734 -4788
-3746 4030
8636 -3910
282 -3369
-1411 21
-1465 -4027
4198 -3216
1284 -3772
718 -1060
4490 -3408
-6663 1521
-6670 7935
5760 7624
4783 -2810
-3939 4511
-1402 -1055
-108 -4438
4495 5715
5872 1612
5497 -6701
6547 4243
-2006 -335
-2956 2959
5796 4440
4414 425
-6316 4691
8055 -4688
-4531 -6259
2995 7213
-2521 -1182
4038 3900
4943 -3318
474 4038
-7977 764
7159 -3750
2100 1765
-3259 4784
1238 -4797
4394 -3378
6841 6265
-6598 5484
5836 4111
-1902 -5444
4155 814
6360 -119
2101 3830
-519 -5169
-4024 -5820
-5560 -3436
-6730 7338
-4616 -5445
2279 1405
4497 -3673
314 -5628
-4413 -156
-2734 -4641
6619 6349
-2691 -5866
1584 4943
3278 -3800
-475 -6055
4608 4244
3885 -6334
-4611 -767
-3384 -294
4403 7641
6625 4245
-4874 -1833
5877 -6929
5782 -42
863 3866
4330 4094
1224 4356
7118 -3936
-3340 4843
4042 -183
4244 8533
6755 -4350
2496 -3384
7062 -4392
4426 4770
-1038 -2655
5251 -5533
-4307 -1932
6532 7223
-2238 -927
-6338 4416
-7288 -4668
2796 -4206
1136 4449
-1762 -3793
4586 -3477
6305 3167
-3742 -496
7468 3810
5823 6028
3990 1493
5523 -481
-5617 7564
-3729 -6958
4404 171
-2462 -5857
4555 -3231
-3519 -6375
-2797 5558
6150 7694
-3453 5033
2135 6664
1217 -984
-7238 -4987
6491 -3773
-7337 -4646
3083 1702
4213 4753
7040 -3452
-3376 4107
6929 -3960
6396 3498
-3885 -811
-3616 2010
-7784 -4815
-4244 -6301
-3840 155
8122 -3496
1972 -1839
2034 -4842
802 1756
260 -6335
5004 1638
3581 -112
1336 -6781
2324 -6279
-4272 -2243
-6632 -2747
-224 -3314
247 -1260
-152 -6106
7616 -3473
1165 3984
-6320 -3513
-8836 476
-2559 -5830
-2795 2845
-6364 931
5991 -973
6567 3967
-2388 -4758
-7993 1014
2339 1209
-5989 6974
2767 -4771
2034 -6183
4232 773
-67 -3368
-5155 -3680
3841 6388
270 4039
7551 -4269
-6305 -3182
3506 4350
4678 4705
3646 4501
249 -5364
-7241 -5104
6442 -1224
-1991 1935
-8174 1907
6135 -92
6979 -4090
-3601 -767
1085 1465
7107 2693
4255 -3202
976 -2523
-2101 -587
5499 -156
373 2881
3352 4246
4163 4044
-7125 -5302
2094 -3188
6263 2737
3114 7479
6735 5981
4757 -2896
-7348 -4641
6402 -468
-6585 -3155
-2659 -279
1085 1189
-42 -1867
-895 -1264
1898 6267
-6221 6714
-7439 -3201
-5178 -7935
6785 -4369
1852 -3284
4132 4370
-6411 -1928
4949 4857
4700 -6144
4593 -3596
-6125 -2522
-6181 6950
-4118 -2525
-566 -3958
5868 4291
-1272 -553
-6170 6768
-7651 1472
2770 5924
4792 -2964
4732 -2968
7531 -4282
2505 4424
867 -2133
-3209 4685
-1697 -1042
1420 160
-3390 4742
1805 -1199
-3839 5537
-65 -2276
7209 7457
-7130 -5055
650 4326
4345 1532
4219 2169
-7791 -4952
-6122 -4273
1198 -324
2585 7150
-414 -6289
-1326 -4305
-2391 -922
-2868 -2673
5576 -260
5767 1108
-4307 -6120
2317 4800
-7713 -5546
2128 2067
3946 3857
-2539 -4806
-7491 -5089
7085 -4793
-3440 4449
-839 -3639
5391 -5208
6606 2565
-314 -3208
-6227 7019
5880 -652
1559 -3780
-6954 -2638
4321 4280
-5510 5286
-3874 5043
237 3591
3618 4312
-225 -3692
-4645 -6530
-3088 -7615
417 -3961
2854 6837
-4086 577
-3342 5216
-293 -5525
-7477 -5297
-8199 -5337
-4118 -6290
6144 -1074
-6119 -6775
-3494 -6013
-7719 -4803
4922 -6755
3230 7838
4646 6923
1637 951
-4289 4404
-4814 48
5871 5533
3333 5519
-7880 1116
-16 -4985
3269 3284
897 3688
2542 -2324
-6535 -3376
-6754 696
2144 1551
-1277 -869
5781 2269
-2947 -5472
3859 6891
-4069 -313
2660 900
3939 4967
-2067 -5068
-5880 1542
514 -3765
-4723 5747
-928 -737
2128 -4611
7642 -3278
3820 4623
5153 2177
1199 -5927
-3478 2807
4400 4910
2495 1533
-6358 7642
-1722 -4699
-3202 -6775
3261 6036
-2207 -2082
1334 -5460
4280 -3384
-6471 7675
-5649 -3174
-3417 -1275
-709 -3545
5468 7964
-2698 -5572
2118 2888
2337 -1608
-7033 -2353
-6680 -1912
-3863 4532
3476 1168
-7256 -5881
2822 -5056
7571 3634
-5694 5074
-5891 4850
-996 -6782
-3446 6153
-1480 385
-6423 -3098
4570 -3009
4999 -6889
-3541 6432
878 4404
6882 -3313
-4412 346
-2802 1451
6817 3205
3832 4264
1276 -1462
-830 -5017
3844 4319
468 -5779
-7040 -5308
3593 4414
-2870 2773
576 -1881
1910 -2226
4535 4757
4270 512
-5269 -7371
620 -1095
-4314 -2443
-6885 938
-2313 3359
-6786 -2446
-1306 -821
-2615 -6468
2597 887
-4711 -7206
-7757 -2710
4805 1992
2852 -2869
1181 1467
2615 6045
6657 109
2670 -3294
-7689 -4662
1366 -4666
5385 -5031
-3850 3739
1481 1787
7130 -4690
-5904 5395
-7756 626
-6393 5489
2910 -13
4853 -6495
-4282 -3207
-4658 1215
-1072 -1460
-6207 5604
-5102 -3055
-2700 -6217
-2624 -793
4358 -3714
-174 606
4710 -6953
3879 1541
-3057 -2778
7111 -3534
5757 1961
4009 1969
-6334 -3260
-7281 -1983
4687 -3162
7694 -3080
-11 -5714
6473 6403
-4563 -5163
-6862 -3170
-3527 -7918
6693 6897
-6375 7101
-2373 2840
3750 5938
-4365 5209
7346 5934
2653 -2890
7003 -194
208 -3952
4261 -3452
995 1360
-5773 -1994
1693 -1357
2643 2456
6406 6150
797 -2119
6309 -220
-2989 -6263
399 4444
-2895 -5290
-6180 5849
4799 -3066
6489 -542
-4455 -9232
-4173 -173
4585 137
-3883 -6097
-3350 1777
6831 3418
5851 8981
-1612 -33
1478 -1682
-1506 -5944
4569 -5836
1653 1247
4870 -6786
1679 -1263
2399 -3832
-4793 -6899
-3709 4467
8395 -3954
6756 -4339
-7559 -5535
4205 5465
-4546 -1396
4951 2465
-5266 4855
5983 7555
-4326 -1896
-3257 -673
-3994 2231
-5996 -7798
-5486 512
-2573 -4608
3755 1336
2864 -4342
6673 3281
-1893 -797
-6653 7471
-3967 -4873
7047 2722
5000 2136
4315 691
2653 6383
4638 -2937
5403 -610
5288 -632
1374 1358
4249 306
4783 -3590
4082 3906
6567 5647
3687 3939
2235 -1659
6599 -1121
-1945 855
5163 8688
3544 4685
-1462 -3213
-66 326
-3949 -6559
774 3993
8287 6806
-6078 -2794
7577 3208
-4180 -208
6165 -737
-5479 5642
-5969 5404
-6576 7420
-388 -3343
-3886 -4474
4307 7759
-6795 6943
992 -5385
3465 3368
5910 -108
-5698 5816
-3626 2037
4700 -3438
-6354 6990
-5592 4618
-5816 7126
-1245 -630
-191 -4883
-5266 -6347
5137 -4412
330 -1706
-6335 6970
858 2397
-6514 2623
-6093 4550
-4519 -653
-496 -3900
6262 -481
-8067 593
4449 9179
68 -5503
6839 2936
4401 -3382
-586 -1183
2374 890
-7075 -3075
-4079 -6180
-3947 -5672
-6511 -2302
3892 5733
-3324 -6291
-3571 -7797
3309 6933
-5438 5093
4739 -3270
1334 -2076
6686 6663
1862 -4837
-3804 114
-6306 1086
6339 3769
6512 3319
4795 -3271
706 -842
3464 4001
7255 5560
4796 -3332
2857 6647
5996 6364
4329 -5825
1592 1978
5535 7465
562 -3234
-4776 -2671
-3176 -6323
-6223 7209
4224 -6303
-7097 -2904
-3520 -5806
4209 1459
-6798 -2911
8453 -4318
-6416 2197
867 3452
-4605 -2215
2115 -3865
4246 4644
6497 5862
-1837 2833
-6554 -4258
1334 1234
-3599 5861
-1688 -630
4437 -2863
1545 -740
619 -1683
-7310 -5236
-1453 -468
-7175 -4720
3989 8002
-4968 -2581
-6205 -2785
6434 6829
4704 -3370
-5885 4992
-3411 -6537
546 3673
4802 -3333
7581 -3872
-6295 -7390
-4072 -1409
4808 -3336
2493 -3552
4818 -3344
-2266 1595
4732 -3137
-3630 -5962
3646 2530
-6936 -2118
8532 -3771
4060 -3626
-6917 6676
1068 -515
-2705 -4169
-4692 -7908
-4242 -276
-6918 -2451
7887 6435
-1307 -2975
-4354 -3124
4838 -3853
4597 -3188
-3318 1792
-7774 -2023
-4425 -6175
5586 6539
-3041 -5132
-7930 -198
3901 2260
6446 2599
3366 -782
-6905 -3440
1063 -4182
6684 5249
1924 -863
-1910 129
3215 2165
4401 -3419
4703 -3446
6504 8578
-5538 5125
4613 4987
-489 -5388
-2528 5977
-7716 -4730
-73 -7065
1310 -655
3608 4525
3324 8531
6649 7216
-4764 -2390
-3857 5433
-2608 5165
8081 -3974
178 -4064
6315 3524
-1300 -5243
-3144 -943
-3610 3400
5616 -4780
3513 6191
7152 5837
4884 -5722
-7759 -5187
7010 -3321
8440 -3710
-2293 4
-2488 3308
-3584 362
1007 3985
-4872 488
3407 7415
-7003 1266
-7245 5169
-4474 -3484
6727 3729
7920 3101
4792 -3359
-4429 -7822
3869 4453
1491 -1420
-587 -1125
4482 -3558
4296 8832
5970 -4892
-2928 3619
4268 -5672
-4068 2828
4107 4716
630 3511
7907 3454
4452 -5180
6673 -1057
5785 6232
4346 7743
-681 -3484
-2557 2144
-6231 -2101
908 -923
1473 -4892
-5874 -2028
6392 5758
-184 -3367
-6824 1690
-4188 -461
1219 3762
-8191 795
3037 7519
-9 7589
2176 2088
-7228 -5401
2998 6906
4739 -3009
-3822 -60
-6211 5612
-3773 -559
-4216 4991
4529 5122
2224 2636
-4298 -208
-3527 -599
-3496 4911
-539 -6677
7305 6688
2471 17
5424 7577
-7137 -3218
-6065 -1515
-3006 -7080
-2787 -4100
3104 3412
-344 -3570
1156 2646
6556 -299
-3163 -1788
-5408 -3763
2878 -3120
477 3572
410 -1773
6633 -5443
6683 6953
-5766 5561
-4321 -230
677 -1683
-3558 4290
2014 2482
5028 -3379
-6233 4565
-2470 -4926
-6000 7175
-5275 -1394
-3917 -391
6441 -987
4653 -3239
-1189 -5276
3534 -4703
5521 -528
-571 -2993
4607 -3580
5252 -5681
-3139 4161
6900 -4851
2938 2563
-7013 1502
580 3968
224 -2978
5020 8065
3654 4970
-1263 -3947
-3224 5415
3940 590
-4491 -89
1403 -1674
-3030 -4678
-8109 1187
-2770 3651
-3837 2150
3913 -6680
-3573 -3745
3168 7165
7424 -4087
-2068 2239
667 3437
5019 -6541
5574 -1152
2031 -3053
-3077 -4583
3619 5612
-4299 -1500
-5167 -569
-6768 7298
-3084 -428
4787 -3305
-8152 260
-6054 5036
-4727 -1812
-1294 -4343
1455 -1749
1300 -1404
3208 6828
-5609 -3159
6190 4531
-8772 829
-5903 -3463
-6308 326
6624 -267
-3899 -2362
-3194 2833
2027 1906
-549 -3805
-3639 3686
4958 1466
3381 8091
844 -412
673 -4719
7402 6643
-6848 -3338
-6391 688
932 3670
-6782 122
-4322 -1190
1605 1916
3329 4036
4930 7785
-6233 7051
-1754 -331
6492 6982
6451 7340
-6356 -2904
4183 1468
-5714 5435
-3009 -5350
-917 -1180
7225 3271
-7318 711
7697 2430
-6958 -2075
5432 2753
-7700 -4486
4021 882
32 3553
-1285 -3550
-4140 -2369
1119 -1656
-4402 -7040
-78 -3782
2197 1210
-3720 1425
868 -1241
2601 5860
2364 1289
4030 4621
7470 2964
6196 2582
4799 -3277
2995 -3210
6305 5891
6541 167
-2205 -4335
4682 706
7305 -486
3448 5436
-1249 -3917
-6965 -5390
4617 7572
7329 107
267 -3742
-6255 5019
4473 -6067
1421 -1411
453 -3512
-6216 7283
721 3691
464 -3432
-7274 -5130
-3497 333
-2632 4618
-3207 -5709
-1085 -1518
634 -1516
2723 6070
-1447 2117
-2791 1973
4317 176
5331 -801
-7309 1460
4429 -3071
-903 -4981
5884 3013
1300 -4596
-2892 2953
-7939 2658
-2099 -1221
1421 -1922
-2832 -4101
3489 4197
-5328 5686
-7499 -5273
-5351 -5415
7686 2849
-2763 -4520
-3288 2660
1025 4467
4476 -7112
-119 -2498
4979 7392
-3610 -943
7858 6945
-2858 -363
-7696 -5952
-5774 -2844
-4314 -6479
6409 140
-3930 -872
-6208 1501
-5757 4522
6834 6649
-4633 -5453
6544 4643
-5927 -2525
6555 6371
6991 -1439
6433 -3848
-5494 5100
5408 -6714
6085 6096
2877 885
-858 -792
-6269 5158
5547 -5728
7409 6361
-4861 2511
7458 -3745
-7718 -5035
4611 -912
3906 2628
-784 -3587
-6434 7275
2914 5664
6805 6004
-4098 -2120
6007 -6713
-229 -4021
4867 283
1031 -1329
-3093 2733
2751 7091
-7767 -5335
-8477 1920
6448 -913
-683 -3378
-7226 -5069
-508 -3898
5095 -5553
6509 6490
2105 1683
1439 2434
-8130 1709
-1388 -6773
3209 4028
391 -591
-7104 962
3676 4070
-3562 -117
-3559 1311
1212 1141
4730 8004
6592 -136
4355 -4262
-7765 -5576
5974 -5956
5844 -820
-2482 5271
3949 7686
-1646 140
2288 5225
-6312 6945
-808 -80
4382 -5055
5169 -490
-285 -3390
-823 -3591
1423 1283
4785 -3307
6790 -4265
-625 -3006
-386 -5363
4758 4228
855 3890
4186 5400
3870 4942
-5714 7145
3285 716
-3240 3754
4571 -4189
4031 4756
-35 -4179
-3984 4669
-1167 -4400
-2208 2924
-3417 5742
1320 2877
-4317 -2568
881 -2063
3804 -6899
4282 -3774
4463 7819
-7068 -4870
-5224 -2916
-5826 5303
6190 8391
1797 6274
4565 -3445
-5816 -1990
-7005 -4888
-3401 3061
-4345 -500
-3851 4548
5745 3612
121 -5541
6463 4312
3121 1762
-4003 -6200
280 -3823
-4549 3016
-7106 -4791
4735 4379
-3161 -3564
3988 4523
5259 8041
4086 -5399
3492 6731
-1836 -4920
5540 7240
1943 1401
3508 7980
1526 -4377
6511 -5244
5228 8567
1409 4141
5881 394
3918 4283
5749 6521
-368 -5807
4491 4150
-3194 -6732
-7547 -5021
3495 4616
2489 2307
-6445 1077
128 3868
2976 -4349
524 -6583
-3856 -1772
-3902 -70
1525 -4250
6058 5427
6952 170
6161 7423
-4174 -573
-6978 1348
1248 4318
1453 -2166
8027 -3645
6630 6614
4433 3813
3713 6148
-4091 -5698
-4304 -785
-7559 -4989
-6388 1917
-3944 -4374
-6347 5320
5866 -4957
-2027 -1421
-3571 4189
-3397 -5805
-1216 -3336
-5040 4735
-6991 -5102
4017 1222
1912 -2947
2046 -5939
5151 -5732
-6461 -2766
-6794 -2632
-8217 1995
1861 -3500
-4141 -3410
-6516 4816
1076 847
-6560 5669
-5558 5497
3149 6240
5806 7600
6111 4546
2528 7126
-5755 5205
-7901 1494
235 -3154
1911 2160
940 -5186
-7478 -5161
-6509 4642
-2171 -499
7537 7645
3894 7743
-3640 288
7214 -3618
4656 -3239
3204 -4404
-2440 3742
898 3483
-4268 3221
-8221 1088
4490 4395
-3542 4909
4509 -3382
2776 8276
5332 3362
4367 3942
4391 -5586
2618 6434
1711 -3562
-3344 2178
-6391 -2457
6155 -3835
1141 4366
-6068 7076
-8239 -5164
-7402 1908
6319 4263
-7982 1533
8214 -3395
5917 -5589
4688 6015
-5451 3923
6283 -3597
-6798 1076
6982 1213
-3475 431
3378 984
7660 -1904
4624 -6385
871 -3768
-7032 -2584
-2655 -6112
1666 3286
1430 -4096
3325 7415
2744 5266
-5812 4820
4429 4452
5962 5651
424 -6678
235 -4237
-6193 5198
-5429 -2389
-5889 5107
1270 3406
-2676 3391
1096 -847
1273 -2944
-8254 2335
-7955 -5266
7336 3497
-6884 1797
1761 1684
7356 -4419
-6980 -5245
-4932 -532
5260 7928
145 -3363
7406 -4104
-7769 1935
-3403 3121
5355 -5455
-4452 -2703
6745 209
1385 -3449
-6386 7601
6762 -3848
-2152 -827
-5995 7214
5344 6396
7620 7705
432 -3311
378 4366
-6118 -2378
-617 -1927
4260 4487
-6036 -3041
5853 1573
-3826 5654
6474 2494
1292 -2573
-7364 1834
6035 3958
-7259 -2393
2329 -3791
6346 2334
-6085 33
-2560 5208
-2651 -4387
-3988 -39
6552 -535
-4353 -5905
2845 -3427
-3644 -719
5480 -5300
1888 3151
-2612 4971
-7275 -64
-2905 3163
-2011 -2971
-5769 4888
1297 -5249
162 1389
-7291 -5271
-6048 5575
-7251 -5238
6236 -251
1572 -1879
3019 6472
-969 -6408
-3579 -1719
-2770 -5019
741 -3655
-2387 -628
1237 4166
7607 -3210
1067 -1177
6984 -3746
338 -3894
4277 4237
1092 -3087
5309 7867
6709 -509
-7147 -4060
-6732 -6078
6805 802
-3704 2247
5051 3908
5952 6251
-3825 4558
-7644 -4889
4722 -5934
-6829 1497
2271 -2465
1191 -2074
-3971 138
-1928 -3550
-2239 4385
4717 -3455
-1741 -2806
-353 -4515
4331 -3251
-3039 5645
1211 -2275
-685 -1281
-3623 -438
7541 -4628
4397 446
7148 3440
1378 930
-6193 5638
5662 4047
92 -5099
6873 -4117
8248 -3017
6127 8042
-5772 5454
-2077 -5374
-4157 -2053
-6472 6950
-3034 4674
1398 -2156
2652 1552
5509 -4904
3929 4347
1539 -2133
1501 1286
-6221 5081
6429 -508
6483 3379
-7717 3427
1646 1954
4070 7340
-6954 -3170
3181 5106
-4062 -2374
-2169 93
4788 -3091
-6429 7315
7160 231
6510 -744
5141 3986
-3348 -7842
394 3804
-485 -4732
788 482
4948 -3654
2035 1650
-2941 5136
8203 -5554
-6689 -5444
7760 6751
6440 -342
-2329 26
-4969 -3531
685 -4040
-8047 -4781
3960 7308
233 -5562
-1759 -207
4325 7827
6072 -4272
4111 7284
-4071 -4936
2641 -4289
-5996 7139
-7259 -4527
-3311 -492
8000 -4048
-3924 -7133
5915 4742
443 -1902
-1052 -1653
-129 -650
-7795 760
-2983 -5473
5366 7312
-3905 -2649
5813 -5484
-6889 -3122
-7496 -2197
-7676 -4575
-4928 -5390
815 -550
6490 7337
794 -2218
-32 -3164
5924 3452
2150 1729
-9 -2438
-5968 -4087
-6506 6793
-5483 -1678
-2840 4047
-4969 -6799
-3597 -4995
-3414 5995
5456 -6471
2811 5042
5252 -6393
-6090 5512
-6614 -2976
-6584 -3057
4507 7596
1178 -4222
-2727 5930
-5820 5376
649 4033
-2773 4831
3338 -1863
-6141 4597
-3020 -4088
-3803 -4938
-3637 -613
7391 6361
-4344 3356
5539 2271
-351 -3350
5877 4092
2354 6797
-6440 -3198
-5019 3574
384 -3612
4505 -3201
-4607 -204
-4270 -537
-2363 -966
6682 3616
-6872 1533
3363 4965
2767 -2873
3371 6277
3536 9287
-4309 -724
-3682 -143
6814 -285
-2452 -331
-3355 -4551
-3874 3900
1829 2318
-6993 -2875
-6310 -823
-172 -3740
-549 -407
2571 7318
5727 -5988
-4189 -2540
-7473 -1559
546 -4505
-5550 4856
-2734 -3302
-6288 7395
3577 773
-431 -3287
-2810 2085
387 269
-4867 -5207
6365 6264
-3095 -4790
-2528 -6039
989 -279
-3032 4573
1032 -4409
-6504 6842
-3552 2214
-4659 -29
4057 6735
-6470 5410
-415 -5545
4507 -3762
6246 -5265
-7388 2474
7051 -3712
-5863 7011
-6295 7245
6536 5867
7085 6239
-457 -5056
-2528 -4397
-6265 4935
-750 -722
6182 -1284
-97 4153
-7901 -5087
-7859 2159
5138 6133
-7283 -4606
3356 6489
-7185 -2589
3219 2224
-956 -5903
-4415 -3760
-3495 -3953
-7320 -5205
-6069 6905
-1470 -746
2772 -4327
-5545 5106
-7019 -4849
5851 -2678
-7886 -4531
-5906 5652
-2626 -6791
6187 -693
7352 6171
7074 4021
-4066 -6738
5079 8239
6385 -710
-2941 5418
6878 5412
-3914 -3619
850 3746
-7583 -2906
5111 -3405
6970 -717
-7141 -2184
1053 3873
-3796 -1013
6019 -2889
6120 -534
-6584 7366
6652 -1482
249 -6819
-4895 -3714
7933 4300
-2601 4766
-7624 -5169
6593 -919
1543 -3480
-6245 4249
323 -4590
-2611 -6100
3964 7776
-5495 -2838
5050 2380
-2779 -5108
-6726 7373
4075 6495
-6535 -3138
4296 1751
2958 -5530
-7333 -3008
-2708 -5575
5474 7845
4333 -3448
-5019 -5815
5852 -81
7006 3739
1279 -1265
6052 3620
3276 4996
1383 96
1343 -2863
400 3980
3982 -5111
1228 -5481
4309 -3672
-3667 -5419
-3844 -2695
4439 -3184
941 -813
-4981 2591
-4325 -114
-7324 1822
51 -2627
-7900 -2921
5194 -6249
1660 1887
-6444 -2961
-6106 1546
-2424 3186
1439 1829
-3407 4600
-2785 4117
4075 -3334
4786 8143
7389 -4859
6511 3218
6752 5794
-6454 -3902
4606 -3335
3756 5549
5802 6347
4676 -2830
5391 7839
4833 4746
-3759 -3560
-6016 7155
2124 -3807
-4093 -8990
4524 -3382
-6546 7233
-3160 3065
7405 -3548
-6670 -2249
-695 -3298
4956 -6503
2477 -2083
1149 -6070
1497 -4290
3113 6542
2496 1448
4604 -2993
210 -1269
7821 -4896
-1506 -4129
5633 4948
3556 465
3473 4210
7643 -3257
4304 4839
3956 1705
6213 6362
-7434 -669
-3588 2370
6850 -128
-222 -3155
-4380 -352
2718 1363
-3647 2527
8595 7421
-3478 -4567
-5782 7448
6467 8443
-6966 -2792
-3206 -3985
5885 -6491
-6212 7262
1931 1652
1423 2140
-6233 5157
5835 -572
-4291 2892
3999 2915
-6979 -2996
-3303 1688
1912 -3951
-2161 -6324
-7471 -5563
-3648 -4865
6937 -5060
1450 5071
-6199 -3173
-6140 7131
-4662 -4956
1264 2432
-3257 4751
-2194 -5270
6368 2905
-7901 -4615
-5898 -1586
-4470 -2491
-4356 -2959
-507 -3435
1189 -1000
-696 -155
3848 4715
6489 383
2571 6389
-7611 -4484
5062 1574
-5263 -3791
792 2025
-4441 -1177
3793 4743
4 -2048
7171 6114
1732 1585
-3655 -7015
-7757 -5216
-4004 5497
5919 8123
4538 -6504
-7316 -5033
4515 2378
-2844 1784
518 -6367
-3313 3882
1066 4655
-6142 7393
6846 -3617
1675 973
7249 -3942
4807 -3372
-353 -2473
-7351 -5145
-7420 -4953
-6130 4738
4519 6743
4338 2079
-4470 4854
2630 -3990
-4392 -15
-1467 -4512
-6173 -3378
4579 -3638
-4835 -4764
2743 -4665
4973 8911
-3937 3181
7583 -3792
4018 7223
-1972 -174
-5542 1960
5180 4519
-1654 -2048
-2725 4934
-4728 -6332
-1991 3746
6795 -724
-4220 2509
-5861 6887
-7165 -5056
4602 4473
3518 -6187
954 -804
7101 -4803
-4045 58
721 -6180
4467 8638
3338 832
-6280 6878
5405 9066
-1000 -5436
-4049 -219
5303 -737
4870 8597
1235 -2222
-4923 -5091
-8446 1286
4230 4379
-4605 2802
-6364 7427
5888 4845
3571 1022
1514 -6551
6946 -1319
1083 -1801
-2575 -39
-6186 -2538
6674 -729
3327 620
6177 5328
-2690 -5513
4279 -6506
3202 -3884
4906 -2994
9028 6425
203 4173
-8198 -2219
1055 -1159
-6220 5272
-2850 1629
-218 -4047
5270 744
4433 -5034
6411 -121
-1029 -626
7010 6362
-4268 -111
-6969 -4880
6647 -3446
-2127 2450
2708 6141
-5292 -2777
-7503 507
-2432 -6257
-6996 1773
4313 7931
-4304 -6540
1079 4149
5975 -681
915 -1475
2556 -2470
5984 -977
-2370 -4772
-3136 3691
6353 272
4218 4415
-1673 -3948
728 3691
-429 -3878
5357 7445
4012 418
-5140 -2311
-5587 5141
-6893 -3531
-8024 2427
-8605 -2120
-6859 1719
7241 -764
7050 6128
-3774 284
-4355 3261
-4688 3373
1588 -1082
-3683 -4676
4665 4693
-7643 -5279
-661 -4260
4326 3413
5036 -5631
1638 -3405
1965 403
-3752 -6177
4037 4778
1132 -1967
-699 -1587
1056 4385
1184 -2055
6761 7443
-6845 7224
5756 6625
-4118 2877
3520 6444
-5095 -3564
2530 -3443
-1802 -731
96 -2803
-3483 -27
5094 6371
-6153 -2656
-2815 -5190
-3070 -8476
6568 371
4024 7614
2372 -1890
6373 -3511
1480 3297
-6151 -2691
2175 5660
4678 -3488
5895 -6528
-2368 2424
2660 -1633
2898 -3913
5056 2221
-6243 5022
-6754 -2479
2732 1431
-5522 5510
-6292 7343
-2511 -5167
-6395 4620
8059 3692
-4443 -7963
-6979 -2989
-8030 -4880
-7145 -4958
-2456 -4907
5542 9032
5293 7386
-7240 -3471
-7897 -5414
4665 -3528
-5738 -1975
6159 -217
5209 7797
-2083 -4074
57 -3298
5852 -1225
6463 -1004
-7903 -4959
1507 -6334
-6129 7202
2156 -1340
654 3789
-2491 4600
-2902 -5095
6577 6441
5486 -965
-962 -873
2797 -5260
-3966 3213
3093 1412
-4235 -8429
-6589 6783
4438 5369
-6053 4995
5835 -7571
-1094 -489
4200 4645
958 -3787
-3642 -377
-691 -2292
-483 -3634
-6325 6796
5338 7648
-6559 7535
4688 -3555
7171 4090
6464 4301
3024 275
-480 -3151
4122 3986
-4158 1932
1877 987
-783 -4679
938 1552
1987 6641
7468 3173
-2546 -4976
5965 7033
-3597 -847
-5932 5094
731 -1327
-6449 6641
6178 66
-6778 882
4242 3673
-5887 6041
1869 1629
3938 5849
4189 4632
6530 -894
-1981 4770
5316 -3646
6595 -3438
-509 -5866
2522 -4753
4618 8124
1833 5609
-6066 7768
386 4508
-7761 -5341
3846 5463
1941 1431
-3556 -291
4369 -3460
4917 3851
-7066 -2075
440 -5661
-318 -3501
-3506 1781
4864 -7306
4627 -6070
-3658 3592
637 -1993
4528 8867
-7152 980
9465 -4207
-453 -71
7303 3974
6360 -4682
6245 3269
5891 -6948
4706 -3214
-7061 1493
-7101 -5156
5689 2585
795 4341
6659 3120
-3753 4885
3426 2069
4489 -3538
5289 -5219
-3135 -6259
1362 -4644
-6121 7539
1800 -4842
-6431 -1049
-2197 -7603
-2250 -4976
4545 -5778
-951 -1056
3216 4418
-4435 -362
1189 3978
-5574 5017
3541 5299
-2908 4863
3454 5863
-5723 5107
5990 6118
3813 1502
-4259 -183
-2219 -70
-3637 -7261
5527 7764
-2294 -6600
839 -2443
1324 -3520
2512 6597
-6431 -1667
4215 7476
-2593 -4919
-4013 -94
-6122 7230
7358 2488
3359 -2369
-1126 196
2117 -1477
-7193 -1665
-6293 6908
1889 -2611
-4264 -5080
1980 -4942
-3569 -1052
6079 -1341
-2349 1093
-1825 22
4303 7698
-3595 -5043
2949 5656
-5483 -6428
-2767 5903
1885 7958
4608 -3000
6709 8034
-7240 -3001
1766 1129
1465 -3893
5384 6178
1944 2357
1029 3819
-5982 -2690
6687 8167
3073 6352
-7516 -2823
-3959 -314
452 4338
-4475 -6168
-3229 1179
3035 1027
-7306 -5394
7483 -3495
-7345 -2612
591 4757
-6727 -3084
526 3977
-7187 -5025
7177 -773
-2006 -4310
-1394 -6655
-371 -1549
1688 1470
-3501 -282
1173 -787
2808 -457
-6805 -2904
-3515 4635
-4233 -5235
4639 -4892
-7634 -4571
5009 -5089
-2491 -4475
3661 7637
-1400 -4804
-4664 939
6137 -828
3560 7140
5800 4020
-1606 -1296
7195 5850
-3265 338
4529 4455
4520 -6379
-3483 3275
-1024 -5270
8057 -4500
-318 -5996
-6676 7359
-5571 -6058
8133 6950
5649 -6224
-4467 -6558
7289 6864
-108 -5486
6020 6758
784 -575
96 1856
-5345 -4301
2835 -3450
-104 -1799
1059 -1731
538 -1237
-6930 -5370
-2315 -4727
6695 262
4727 1158
2516 -3009
-2475 3244
4041 -5415
8095 -4240
7837 -3854
962 2054
945 -1992
6616 3518
5991 7224
-2868 5477
-5498 -145
240 -5524
1061 -5193
4090 -4324
-5917 4910
-7647 -4699
-7161 -4925
4995 -4512
-1816 182
-4544 2366
7367 8105
7045 -4398
-5799 4570
-1811 -8229
5907 3655
5090 8617
4022 4188
136 -3791
-3859 -5851
4716 958
5423 9828
5479 8513
-5837 4978
5793 7579
876 -29
1717 -5251
5403 -6147
5835 -665
-4419 -1644
-4009 3235
-1410 696
4843 4199
6613 3596
-577 -3365
-3806 -6920
-2003 2564
4757 7603
-7647 -5220
-3732 -4896
-6971 -1274
2801 4289
7473 3732
4528 -2955
-3478 -6083
3759 -4895
983 3914
4870 -2799
6352 5618
-6624 -2684
6247 3345
6070 7300
-6169 -2933
56 -3173
2584 7042
-3395 -5228
-6343 6997
6696 7378
-3408 -4493
-6328 -3484
4195 5943
4785 1718
-7113 -4947
-7411 -1948
7184 4460
-85 -3854
-4902 -4249
1142 -6001
-4035 -196
-1905 -5000
8120 -4230
-6403 -2411
-5320 -1498
-2639 -4878
856 -6054
-1006 -673
4468 507
933 -5446
3197 7265
-7557 389
4455 -3026
-6056 1676
-6232 6869
6411 6839
-6248 6906
-5593 4552
706 -5955
7084 7702
-8226 1158
344 -468
3406 7710
1683 -826
-4829 -2505
-3012 -4111
-2801 -4613
-652 -2981
-4395 -379
3922 838
1043 -1487
4279 6236
3963 4801
4211 5054
7598 6668
-7639 -4988
4743 7882
7383 142
3023 6837
-4411 361
-5804 4961
2459 -2701
217 3855
-3498 2230
-3226 -4895
-24 -6467
6251 3178
894 4276
3818 898
4815 -5935
-4063 3812
1181 -848
-4876 -266
5530 -5752
-7289 -4457
2289 2131
1730 -2944
4385 -5691
-4263 -3188
-1314 -1260
1976 -1502
22 4151
805 -297
3845 -2850
-6440 -2736
-6366 7500
3821 1578
-3234 -4879
-6474 6985
-8263 1111
-3480 -5705
-7083 -3367
1353 -798
-2797 2805
-1360 599
4414 3864
1229 1856
7203 -725
-2939 -4370
3821 7929
-2922 1304
8015 -4372
-7300 -5267
6559 -2718
-3912 -202
-6046 7462
2844 6703
4589 4417
4511 -3161
4597 -3040
1193 3839
5513 -5940
-3940 -6522
2723 2261
-4022 -306
-8203 120
6848 5987
3232 1375
-5104 -2878
3117 1834
1423 -144
-7706 -410
4695 6788
1081 -6623
-6120 4993
-2217 -5854
-339 -5553
682 3924
-324 -4323
-4945 -8691
-2400 220
7200 -4338
-2171 -576
-965 -3810
3058 -5906
5447 9806
-7076 -3173
-6328 6635
8012 6314
-5799 6502
4505 -3353
-4545 254
3696 7251
-6438 7396
6754 -5038
-2465 -2612
-3146 3316
-8834 1905
-1407 -437
1127 -251
6419 -339
-4332 -778
7017 -4080
239 -1670
-3608 4764
-1791 2020
802 3852
-7408 -4769
-8033 1387
4748 -5529
-264 -3505
-5597 -3070
434 3645
4633 -3326
-7400 -4836
-6118 7314
-3617 1753
-4792 124
4572 -4134
-3680 4852
946 -199
2229 1715
5265 5259
-6002 5207
3174 -4189
-5081 -2548
-4140 3040
-3809 -6169
-449 -3536
-7493 -5578
-7131 -2735
-5619 491
-5642 5046
451 -2272
-2693 4405
-5340 5628
4852 -3344
4143 4639
-2335 -7790
4488 7264
-6760 -2603
-4149 -940
-6057 7323
7945 -3463
-1814 -999
-41 -3563
743 -6030
1900 1966
-2192 -6910
5736 5023
-6083 5049
3414 657
3699 8148
-2396 3576
-113 -6447
-3848 1823
5894 7117
-1013 -746
-7672 -4793
6695 5071
-3372 -4103
-7280 1389
-3456 2484
-5687 5557
6829 3683
929 -1810
2314 5489
-3268 2667
-1684 -5904
6751 5834
-3992 -5245
6004 -6345
832 -1804
