100 289 2085
0 0
5254 1308
-5205 6242
5959 -6798
-1301 6743
1843 2682
7172 -3668
-1931 3757
-7897 672
-8247 -9503
-2629 -4752
-66 5174
-115 -6808
-7939 -6834
8816 -7464
2992 -9953
9222 2838
-4164 9603
6096 6341
1591 3768
2610 588
-4124 -7996
-5580 -9229
5715 -415
5642 4350
6709 7911
7556 -9024
6057 -9136
-6561 4661
-2291 -7937
5404 9052
-7484 8499
1593 -6212
-3239 2485
8142 8643
4163 857
8801 -3107
4532 7998
-8792 -5131
-5072 -188
-611 7946
-4084 -6588
-1335 5730
-3797 1484
-8172 5065
7767 5820
-2537 -9374
9805 -1471
-458 -1878
8909 -8608
3611 8910
4105 -4849
7851 1067
9332 6955
-5125 2028
-6352 1374
-9653 6154
6830 -2252
-781 -9522
9448 4388
5231 -4848
9554 -5729
1276 8052
-5409 8986
-7546 -4332
-1558 -3310
-2198 -353
9766 1471
-9626 8424
9971 -9911
-6599 2492
-2947 5770
-8304 -2021
-3767 -148
2392 5639
7219 -6705
4175 6881
-5869 -3323
-9733 -2643
1159 -7744
-1628 9511
303 2999
867 -5079
2250 -3722
1315 1370
6483 1532
-375 -3606
6898 3959
9830 -7319
9098 5548
-9441 4696
9822 9851
-1607 -1999
-5546 3970
3706 -6459
3465 7653
3388 5947
-3529 6858
6694 249
3724 1918
1 21 3054633
1 34 2575289
1 49 2761056
1 67 1412758
1 82 2061299
1 85 1470797
2 24 2121495
2 25 4550840
2 36 2710463
2 86 1455781
2 99 555492
2 100 596186
3 29 709410
3 32 1065815
3 45 748957
3 64 2922163
3 72 837260
3 94 4672755
3 98 2455697
4 28 758668
4 61 958607
4 76 2360772
4 95 2397087
5 12 733162
5 41 736299
5 43 108588
5 72 255567
5 81 384404
5 98 763131
6 20 2695672
6 21 1907019
6 82 3365636
6 85 1401288
6 100 2175359
7 37 3463558
7 58 427492
7 61 2488395
7 62 5203742
7 76 3242763
8 12 5551127
8 34 568583
8 43 390642
8 72 4587006
8 82 439234
9 40 5626169
9 56 907856
9 71 608473
9 73 4141351
9 79 5993508
9 91 1095444
10 14 2800958
10 16 13576336
10 23 2017507
10 39 4235929
10 47 11231108
10 59 10909192
10 79 4369784
11 13 7809648
11 30 5548033
11 42 5634143
11 66 2852825
11 78 1420856
11 87 828698
12 20 785431
12 41 5186270
12 43 388738
12 63 598922
12 75 1192944
12 82 363503
13 30 995938
13 33 3128085
13 59 1768244
13 80 507079
13 83 1998612
13 87 4172566
14 22 6757506
14 23 2456449
14 39 980814
14 42 3284265
14 65 1489706
15 27 3695764
15 50 938776
15 62 2996419
15 76 2844322
15 89 259468
16 28 3167798
16 59 2426244
16 70 1077561
16 80 4957781
16 95 624014
17 53 1396963
17 60 3468184
17 68 3136609
17 88 521242
18 32 6085876
18 64 1109280
18 69 4259167
18 81 3832690
18 92 10380100
18 98 1656315
19 25 2179895
19 26 182301
19 38 467524
19 46 1370198
19 77 4376828
19 88 850146
20 75 1983524
20 82 2249740
20 97 2342002
20 100 6248996
21 24 419763
21 36 1581989
21 49 607271
21 84 9012750
21 85 2655461
21 100 431959
22 23 4140666
22 30 2828355
22 42 209788
22 47 2004982
23 47 6255600
24 36 514789
24 52 3556610
24 58 242953
24 84 8034860
24 99 838171
25 77 1353625
25 86 2545904
25 88 852718
25 97 665019
25 100 4189022
26 31 3828572
26 35 3940916
26 38 616543
26 46 4065720
26 54 1588670
27 28 620279
27 50 3189497
27 70 5741326
27 76 1058690
28 70 5056724
28 76 664376
28 95 3455085
29 45 2656136
29 71 4168806
29 94 1848504
30 42 378374
30 47 1270880
30 59 4849588
31 35 773031
31 38 3374192
31 51 1022087
31 81 11182163
31 92 3681521
32 45 2089158
32 57 844674
32 64 2999077
32 69 1049867
33 52 2179055
33 80 264123
33 83 981319
33 84 3423322
33 95 2536007
34 44 919111
34 55 3793318
34 67 1216358
34 72 2549842
34 82 3406890
34 94 4142266
35 54 4095472
35 92 956318
36 100 1808440
37 48 4313609
37 58 2578771
37 62 1889772
38 51 3013973
38 77 1234868
38 96 324893
39 65 815880
39 79 2057123
40 44 227907
40 55 3034198
40 56 4999291
40 73 2888978
40 74 155457
40 78 6014558
41 63 4465333
41 81 2797438
42 65 705459
42 78 4249415
43 72 1125855
44 55 2649895
44 67 5827707
44 74 2011038
45 57 2047674
45 71 7204005
45 91 645945
46 54 1017438
46 60 4870355
46 88 3866542
46 90 3279728
47 59 2035977
48 53 1167329
48 58 1701369
48 62 3806560
48 68 2380827
48 70 8599068
48 89 13291191
48 92 11105313
48 99 5876283
49 66 2239439
49 67 889210
49 84 5482740
49 87 180247
49 93 1487338
50 70 2020070
50 89 727167
51 63 3592518
51 81 4843173
51 96 1291042
52 58 1568668
52 61 1391325
52 84 1149188
52 95 451440
53 68 4826037
53 86 1077381
53 88 3511164
53 99 2783703
54 60 547579
54 90 196661
54 92 5837675
55 56 489129
55 71 1983695
55 94 2721939
56 71 831345
57 69 1344407
57 79 2145421
57 91 2308169
58 61 3626868
58 99 1457894
59 80 2811157
60 68 463894
60 88 648271
60 90 169935
60 92 4546744
61 76 1198417
61 95 3538760
62 76 2713664
62 89 900629
63 75 3547711
63 81 929863
63 96 1769766
64 98 1510955
65 73 3309149
65 78 4375928
65 79 2144077
66 78 3859843
66 87 679710
66 93 1936336
67 74 3127624
67 93 408903
68 92 12228456
70 89 3037218
70 92 7597071
71 91 8467416
71 94 3390297
72 94 5584798
72 98 2222152
73 78 5235406
73 79 299737
74 78 7946422
74 93 312232
75 96 5440290
75 97 425388
77 96 2571106
77 97 1479932
78 93 10478831
79 91 1824455
80 95 6165862
81 92 13235069
81 98 1766582
82 85 3015030
83 84 1036514
83 87 1191753
84 87 456669
86 88 5985896
86 99 383821
96 97 412900
97 100 4238717
7415 -5600
235 2979
5558 -7349
-4921 631
-1820 -4899
3231 7741
3361 6433
5964 -7030
-2858 5807
2913 5684
-7114 -8128
-6026 318
-3358 -227
-1587 3704
-1376 4007
-5768 6777
-2242 7085
-5193 1120
8655 -6002
-6070 6336
7908 6481
-2909 -5196
-7186 -7162
-4678 -1885
4867 -1079
5093 -5853
5501 5343
4713 -3541
2813 8357
-3751 3698
-871 3322
5467 4799
4077 5820
6013 -7666
5469 -445
-2849 -5191
5583 6530
3983 -2441
4637 6638
9133 -4862
7295 5931
-7760 -492
-4222 1418
-1695 -5898
1796 6908
-6984 -7951
-1376 -6221
-7521 4494
-3409 284
-7714 4312
-6788 2749
6018 5130
-2021 5852
7882 2533
-5557 6273
7363 1076
-2375 -5181
1210 -6046
-735 -3216
3016 7366
551 1314
3520 -1571
2221 8203
-1423 -6583
-3022 934
-6427 -7971
-4023 -1935
-1592 5337
-2781 7310
3738 3961
-6406 1634
-4311 2877
-5687 6019
-7696 55
3894 -3200
-5910 6535
-4731 -1425
-7501 -65
-5049 698
355 1733
-7154 -7184
7336 -5940
-3913 -983
3587 -5200
-2979 -5190
5202 7104
-1079 -3437
-799 1379
-4207 -1123
5268 7307
-5663 6143
5523 5118
2267 6530
4988 -789
6012 4984
-3903 6226
-8298 3996
3330 -2393
-1373 5819
4197 -3544
5205 -795
-1975 3205
5293 -518
-4083 4417
-4031 7071
-5797 6714
-6913 -4615
706 -6403
8033 -3907
-7871 -137
-3957 -5464
-1252 -4618
-3199 6541
2900 -6449
-6014 -4257
-6069 -8121
-3913 -6710
-817 -2723
-7230 -4375
-1604 5715
1341 3114
2508 8640
2326 4162
-7481 3681
-6242 -4645
4529 280
736 -6022
886 -6391
-4090 -2020
8093 7036
7410 -4508
5465 -362
-4950 -1417
-3990 -6075
7821 -4397
-5109 1040
-3980 4060
9048 1448
-4397 -5748
4721 3547
5210 -7518
2489 6709
7721 5861
5564 3513
8681 -6029
-3627 673
-1135 2830
3790 -2215
125 1576
-568 645
-874 -2910
-1231 -6051
-2510 866
6083 -6819
-1025 3632
-6277 5922
1172 3040
-383 1383
5406 -6422
-7731 -7409
2577 8173
5221 -402
-6635 -7992
7611 6488
1387 3322
7600 6286
-3564 -1998
-2270 140
-984 -3147
-3020 -5471
-1710 3167
-5133 1437
-1724 5414
-884 -3017
307 -6264
-1560 186
-4560 4292
2585 8386
5318 -786
-1690 3404
1745 5417
7538 7021
3150 -2540
6402 -7390
5408 -7651
-5791 6946
4850 -6938
5282 -910
6153 -6160
-1815 496
-8114 3464
7658 -5186
8050 -6766
1551 5688
-1535 -6882
-4724 -1808
-6100 -4476
4064 -2560
6876 -7395
-648 -3043
2644 3649
-970 1207
5537 7667
-1590 5135
3693 6214
-6406 -8136
-6210 -7056
1959 7484
-925 -2994
-6589 -4486
-6160 1500
3653 -3605
8118 6335
7444 -4522
4050 5795
-2714 621
-732 -2950
-1329 3419
-7969 -288
2557 5343
-5895 6190
-1570 3349
-6575 -4079
-1484 606
5258 7048
-1699 5952
8629 -3819
5045 1811
-8262 -373
-1375 3774
-3511 6740
515 1123
3727 -2679
-2922 2066
3268 5588
3484 5319
-2439 3671
-2356 -7075
7389 -5150
-5721 6470
7584 6884
6031 4627
-1841 5996
2703 4693
4098 -3785
4132 -2897
-833 -2955
-1499 3481
-4048 -5049
-8136 -489
6115 4750
5871 4733
-3323 -5429
7 1721
-5195 1506
-2714 -5076
2557 4212
-6489 -4826
5586 4940
-1871 5802
1761 4390
-5279 2466
5875 6920
-1266 -3106
6011 2671
-3273 2786
5193 -831
7657 2355
3055 5942
-5329 1369
-560 1998
254 1884
1649 7561
7745 -5578
5110 6890
3090 -5416
-794 1564
-6088 6409
-3484 -4240
-1608 -761
-3932 -5068
-1094 3066
7787 2994
-8226 603
6115 1477
-4164 -5499
3034 2335
6815 -7294
4200 -2786
-3051 -4891
5073 6721
-4337 -1871
-2508 303
-1064 -358
-6540 -4502
5584 -1310
-1092 1568
5394 6732
-5959 6492
-244 -5779
-6159 6189
-4471 -5466
5663 2866
-7864 -132
-6944 -7620
-872 3793
3142 -5985
1778 7685
-2967 5512
-5680 6180
3295 -2212
-32 -6082
-306 3262
8002 -4808
6253 -6510
-4852 4256
-5895 6577
4837 -1225
6619 6629
-4452 -1705
5207 -737
-2263 6210
-2061 3704
-3939 -394
-4258 162
2707 -6108
-5899 6163
-6259 6428
-2833 4890
-1364 3195
-4706 -1303
-1760 7664
-1372 3038
-2235 4873
-3625 3650
-2356 -5585
-6734 -4253
-5796 594
-4996 -1468
-3889 -1002
1364 3857
4392 6721
-282 710
-7066 -4221
-1365 241
-7934 2873
5407 2795
-4061 -961
-5278 7615
5284 -722
-4723 1504
-6747 -7886
-2989 -6151
4424 2217
-8335 2603
5192 6570
-6054 -4817
5071 -885
3608 -4771
-1849 5802
3960 3067
-5079 -5701
5479 -976
-5613 -7883
6037 -6515
3902 -4298
3234 8580
4580 2934
-1166 5791
-7977 -53
7389 5972
-5799 6487
-448 -5798
7484 3377
4837 -3229
2509 8532
5044 -703
5727 4881
8702 2694
3237 -3488
-7599 -7205
5013 7125
3357 1634
-8488 342
-3895 -1823
-3106 1415
735 4171
-3353 3968
993 -5966
3997 6324
-2336 5475
-4739 -1396
1868 3288
6027 4741
4122 -5849
5581 5217
-618 -3068
-6796 -8071
2894 8426
-2084 5870
-4019 5543
7603 -5961
7490 5421
7596 6286
-4035 -1741
3680 -2341
-2489 -6317
-737 1583
3455 6058
5137 3586
-3394 -686
-8271 3958
7512 1298
-6630 -4040
-1372 3556
-1029 -3054
5123 -907
-1917 148
-1000 4064
-6187 4501
5415 7106
-203 1611
7677 -5073
8128 5982
3193 8425
-7609 3860
5555 -6597
4920 -5128
-8493 -675
673 -6065
-6066 -4390
-5922 -8142
7250 5603
3207 -2861
-2300 5815
1916 5213
-3586 2506
-1892 -5521
4726 -2468
-4011 7018
-6802 -4161
4668 7627
434 1770
4274 5952
7436 6336
-1067 -3448
-505 2109
-4456 2511
-3998 3018
1138 3477
-7745 97
2290 5717
-902 -2844
5385 3822
-2011 1034
2255 7562
-698 3365
8324 -6287
-8084 -66
3915 -2313
-4069 137
-6976 3962
-3840 2551
5098 -910
1038 -5922
-2303 524
8328 5768
-4732 -1151
-2230 -6831
-1845 5997
7536 2712
3918 831
-1459 5336
5034 -360
6415 -7097
831 -6010
-882 -3060
5417 -4605
-3414 2703
-8301 24
5242 -995
-6100 6498
3755 5860
-2668 2951
-1743 4710
5089 7776
665 4140
5611 4838
6388 -7072
-672 -2864
-5744 6281
963 2997
-6699 3595
-6558 -4519
5843 -6854
-5023 -4953
2127 2880
-4539 -4325
3805 5701
-6469 -4379
2767 6858
1214 -6974
154 2361
5810 3171
581 1930
-6266 -8384
8099 6849
-6618 -4500
5874 7194
-1537 6658
4225 -1610
4852 1101
-7274 3621
7962 -5245
-3477 257
4418 2406
1982 8657
8211 6272
-409 1794
-1242 -2969
-6316 -4784
7736 3086
-6368 -4413
-3823 2626
-6823 4696
-4840 -1395
5332 -151
-1884 5982
-239 796
-690 -2967
385 -5805
5461 2528
7918 6683
3248 5960
2835 -4251
-5487 6544
4524 -4536
-1469 -2836
5276 6737
3938 6025
-6465 -4372
5680 -7305
7547 4063
-2332 6453
-207 1276
5747 -965
5707 3366
3825 2213
5870 7356
-6104 -3809
2443 3659
8135 -5364
3130 -2490
-6849 -7182
2252 6059
2042 3842
5018 7305
-568 1331
3908 5923
5036 910
5687 4629
-6826 4638
-1227 3778
5371 4129
-3697 1654
3397 -1683
-3995 11
-1721 6327
-1447 3660
7066 3187
-1811 6229
4655 -5103
-3801 3987
2938 8890
6024 -6409
-1120 -2791
3583 6548
7282 3895
-1345 5315
7735 6009
688 2194
-3578 7893
4284 -5380
3964 5546
3682 5832
1028 5025
7894 6602
-1786 -464
-7873 121
-4100 -1811
-1159 -6139
5611 4780
-7836 60
5431 6451
4938 -383
-720 -2846
-7601 -7716
-4258 -1495
-5788 1227
4430 5639
-3411 6082
4912 -2276
-6121 -7902
-7948 3775
-5665 6557
4160 -5381
5944 -6649
-800 -3349
-7517 -473
-3945 2901
1359 4366
-3969 3227
2433 2865
-3697 904
5390 -519
5395 4868
-5444 -621
5232 6055
-7133 2997
4916 -674
6681 2917
-5986 6469
8505 -6399
-2273 6058
3070 6430
-1979 5260
-3947 3596
801 -5889
7719 2582
-6443 3636
-5825 6780
7783 -4982
5076 -220
-8357 229
2885 7082
9987 1670
5736 6719
8311 4866
2434 2505
6959 6821
-1028 -2855
-6743 3991
-4750 -5268
7560 1169
-6070 6689
2181 7814
3175 4962
5723 5025
-3274 1024
6153 4939
-4329 3469
-1928 3330
1845 3878
-2835 3034
-4271 -1242
1516 7825
-4911 -768
7193 2592
809 -6063
4378 6082
4092 -5828
3905 -4770
-7727 3566
-6201 6673
6708 2537
-5743 686
4290 2343
-7991 -55
-3243 3962
251 -6005
-4943 -1016
5087 -6985
4358 -1243
7750 -6663
6001 4670
5706 4912
-1908 5351
3408 4639
329 4184
8001 -5060
3180 8223
-979 -6196
-626 -3038
8713 7194
5774 -6767
5317 -400
1539 4163
4976 3647
-8166 -96
3354 -3107
-5891 6502
-7852 4476
650 3717
-2499 -5717
6405 -6678
2822 -4308
-7329 -7368
-528 1518
5070 -660
-3447 5679
2301 8106
3368 -2666
-4335 -4729
-1841 6152
-2131 4737
7764 6233
-5285 1599
-5634 -137
2777 7654
5437 4583
-1880 -162
4041 6194
1398 -6643
7987 2344
5989 -6458
-6305 -3892
-2311 -6200
-1357 5153
-4083 -4936
-1867 -6103
-4581 4653
-6322 -4337
4961 7866
1973 3926
5631 4916
6962 2308
4950 6605
-3720 3571
3319 5344
-3574 5240
2413 3036
3311 5792
-6591 -4274
-3432 3500
-4569 3754
5884 -5958
5269 -1002
5395 4959
1516 8528
-8207 -382
3836 -1404
-1435 3825
8390 2387
-1541 4576
6949 1633
-1386 4593
4321 3062
4455 7823
8211 6624
5260 -1132
-4205 -4912
8610 -5473
3165 -3288
-1043 -3147
5711 4950
-5561 6275
265 2418
-4298 6150
-8247 331
-2638 -4713
-837 -2932
-4234 5928
-2576 7707
3238 5928
8283 -6006
-3373 2193
-7669 848
6541 -6998
2212 7134
-4772 -4216
5321 7037
-1907 -5593
-4317 -957
-4343 2105
-635 -3238
-6721 -5293
-884 -3056
2050 2773
5406 -690
-6981 -4711
8172 -5349
7617 6343
5700 6964
1013 -5992
-6293 -7444
-3658 6221
5684 5171
-5742 6052
5984 -6331
-1612 -5012
7211 -5863
-3230 2320
-1138 -2822
-4833 -1463
5875 5027
-3776 1043
-2336 -475
8617 833
-865 3234
2803 7780
7540 6355
-926 -3074
7518 5918
-5782 6368
-5320 1445
-5057 1853
5065 1316
-4808 -209
-5241 6244
-6043 6549
-1539 921
7586 -4121
-269 5621
-7014 4966
-1686 5760
-1695 5503
5127 7491
-4859 734
7997 7043
-1125 3200
-3570 4417
4042 -3106
7851 6593
-8314 2929
3457 -1936
5586 7936
-6521 -6906
2017 7655
5464 1633
7560 2974
-4873 -1403
-7622 -7649
4898 -840
75 2787
7308 -6652
-7659 -7988
-2004 -5297
-3266 3247
3866 -1344
-4652 -1001
-4439 3410
-5323 -7900
7078 2241
5344 -1329
2321 6692
-6789 -4293
2591 5437
8003 2677
-4233 -4890
-8333 279
-3957 -1902
5609 4842
610 -6327
4459 -6757
3735 6621
-1484 -2942
8443 2295
7741 5923
1230 -5770
1007 -6128
5475 6813
-2053 1149
-5868 -4011
7829 6618
7417 7330
-626 -2997
7274 6505
2943 5963
-3992 -4133
7380 6629
-7883 205
-4564 290
8877 2777
-4185 -4765
-2699 5281
5705 4957
7201 1793
4682 6987
-2511 1621
-4807 3353
-6091 -4597
960 -5056
5800 -6023
4063 -2485
-1868 3252
-5951 -4280
895 -5514
-5338 -8762
5012 -697
2280 7940
-4032 3474
-4124 2091
6723 -7096
-1901 -5265
1051 -6199
1667 4777
8236 5528
-4589 591
4457 7264
-7172 3280
-1944 3463
1069 -5981
-7488 3215
5937 4687
5827 4990
8397 -5663
-4715 1172
-4786 1289
-1414 5859
7251 6746
-1533 5338
4145 -3627
6543 -6700
3032 5558
-945 -3230
-8948 4287
2877 5066
-2792 261
-1045 3421
952 3783
5491 -7296
5794 5153
456 -6408
500 -6101
-5675 6578
4113 -1786
8473 -5767
4204 -5674
5356 -800
-1886 -6201
2798 8911
-1246 1928
2356 6921
-4517 -828
-3629 -4295
-6926 3566
-8537 -120
-2432 -6548
6155 -3243
-7503 4646
-8082 -67
5435 7229
-1844 -6247
-1178 -2870
-4446 7172
-7838 -48
2228 -2401
4011 6011
-8032 3912
5283 -680
-2798 1130
-4763 -1041
-716 -2862
-8531 -216
-2095 5872
5918 1573
1236 8343
1669 8644
-4419 3302
-3310 3482
-3404 -5002
4801 7379
-5117 -1319
5404 4564
-1357 3237
7682 2835
-4617 1086
6849 -5158
-4105 2451
6720 1745
1696 6775
2949 6052
2197 4651
-5814 4546
-8131 -310
-3919 2173
-7983 468
-6920 -8006
4862 -688
57 2157
-2137 -5699
5949 4542
8618 -5361
4972 1330
8681 -5010
-1673 -5503
-3559 -325
7612 -5664
-5842 6190
747 -6333
5121 -408
7018 -5672
-3921 1536
-745 5640
-4153 239
5710 8238
7751 -5209
-7785 109
5952 4198
-6272 -4151
4621 -1471
4410 2266
-6083 -4741
-5973 1574
4518 6680
-6678 -7897
665 -7081
-2296 2675
-619 5113
-7036 3805
4102 -491
-1293 -5272
2674 -1525
6271 2685
-5026 -557
-3545 -5476
-1656 3605
-4993 814
3855 -5059
-3946 -1990
7842 -6761
-4019 -411
-6217 -7665
5640 -436
-4931 -4151
-688 -2847
7069 -5129
-3580 2777
4042 -4972
8126 5130
-2438 -5013
-1937 5972
-3085 -6180
6733 3239
-3880 5412
3885 7220
3207 -4491
-1891 406
3606 4995
-3460 5287
4137 -2352
7578 -5292
-1627 6487
2027 3615
-6011 6514
5208 -927
-3098 5878
-985 -2751
-4707 -1378
3047 5956
-3999 -3713
-4409 1023
-6492 -6841
5103 -1250
-4259 470
-6069 -4609
-3791 3716
-1548 4878
-7207 -7882
-5093 843
5630 5066
-1506 5134
521 -6408
-8070 3685
1097 -4716
5950 5304
-4937 5500
6046 -6634
-4566 -1454
1221 4003
-884 3216
-4149 5317
8058 6086
3710 5692
5355 -7143
5808 5211
-511 -2828
7860 2607
-4517 -1753
-5511 6480
-6520 4108
7615 6136
-5009 604
-5493 1129
-2464 5496
-6865 -7976
3447 -1283
4401 -5824
9161 3917
-4876 2848
4954 1617
-6694 -8037
-4427 -3475
-7680 -8526
-7115 -7340
7828 -4924
-3061 6727
7911 5974
-6578 4191
4692 3244
-2575 3749
8233 -4272
5843 -6509
-6543 -4060
3801 -2420
4692 -5203
-6205 6158
3312 -2929
-2460 6212
-5950 6695
-6617 -7349
-1409 3523
5344 6227
-7540 2803
7673 -3847
1658 5651
-4986 -990
6012 3550
-7877 -236
907 -6332
-2111 -118
5984 5063
4735 -418
-2437 738
-5781 6474
5359 5245
-5371 -7856
5437 -4307
5751 4906
-3086 6192
-3765 -1341
-7308 -6750
-6029 6413
-6463 4132
5311 -5012
-6521 -4388
7070 -7032
-4025 -1383
-1574 -5694
7681 5873
-4713 -5664
5025 -5527
4940 -846
-1872 -5328
-1413 5390
5942 2331
-6434 -4457
-4205 1791
-2378 -6558
-3070 5901
1587 7655
5868 2463
-4151 -5443
-4410 -5678
-3215 2253
7228 6078
5864 5212
-7000 4005
366 859
5261 2264
4187 -4802
7604 3294
-6701 -9153
5450 2822
-2827 -4754
4230 -3013
5958 1092
-1114 -2660
5029 7783
1106 -5897
1485 7389
4169 -4975
-5934 6803
4661 6560
-6267 -4031
2992 2787
-1885 -5786
4373 -5593
5971 2246
-3474 -6045
754 -6089
-7835 -107
-8028 -8334
3701 7131
-5787 6564
5200 6793
2704 -3360
-755 3424
150 1635
-6676 -4633
-1440 -5652
5457 -2006
-282 1463
5787 -6740
1337 -6364
6085 4514
3424 -4605
-5175 -1183
-4344 3274
-3366 3377
2515 6280
8456 -5540
-4358 -949
8913 978
-4128 4860
-1004 -6512
-6363 -4494
6255 2186
5494 -818
-1299 3358
-7445 -7472
8675 2444
4931 -950
4691 -508
-8207 101
-1998 3253
-5239 -628
-5541 6753
-1113 3111
8033 6264
4964 -792
-5283 6227
3066 -1813
-5840 6278
-4144 4442
1842 4081
-4516 4214
3527 2703
-5781 6245
-4089 1669
-3090 2387
-309 895
8062 4035
3835 1869
7027 -5301
5907 -6266
-4062 1104
7612 6290
5097 6999
8196 1471
5498 5232
-1639 3378
-2689 5546
-4927 -1781
-4900 1783
7383 5811
-7237 -5055
601 2601
-4695 -1694
-6468 6668
-2886 -5810
-6797 -7777
3719 -2310
502 -5120
7237 -3988
5414 -407
-7859 607
7472 6503
-6487 -9155
-813 3383
-6174 -5717
4680 -2886
6064 -6377
5721 -5578
5815 -1034
-4519 7009
-2829 5651
5155 3255
-4856 1295
-167 1682
-2246 5384
-5289 418
-1773 1241
4067 -7422
5916 5397
-2568 6084
2575 7837
2717 -5486
-7590 185
8621 -4823
-3944 1221
5302 -3984
4670 2668
2304 -5649
-811 -2511
5512 5045
5285 1967
-6553 -4034
3338 -1774
-551 1799
-1383 7519
7104 692
-2311 6426
-854 3598
7942 1561
1223 -6196
382 -6301
-3259 587
-2100 3333
-4304 -5473
-2876 5319
-1739 4331
4053 8009
5525 7047
-3161 7706
6205 2221
2843 -3865
5046 2607
2417 7996
-941 -3329
-5457 1469
6617 2971
-4302 -1414
-1878 226
3448 -2012
759 -5648
5774 2449
-1232 5470
-1518 5334
6560 -6870
-3590 7249
-3798 2587
-4228 -4747
-3931 -4609
3204 7964
6612 -7355
2964 -2146
1324 3528
-6500 -7755
-8343 -62
4828 -4601
5881 4963
-1645 -6032
-6832 -6466
5909 -7076
-336 -6275
-3975 7071
3708 -2696
-4457 -1436
-5838 6573
-5273 283
4323 -2916
1261 2910
3039 -2509
6574 6096
-3126 5584
6152 3003
3638 -5753
6856 -5248
-4598 836
-7219 -8498
-1277 -3236
6781 -4937
5486 5019
-1831 2034
-2827 2425
-931 2967
580 -5724
3286 1856
3205 -4170
7955 6110
4887 -471
-4470 257
-1378 -5805
5688 5068
-1028 -2731
8112 6240
-7946 424
4540 7291
6914 5488
4802 -409
4236 2847
-1212 -6865
-1391 3607
5293 7615
1217 -5764
-3502 -4973
-2822 3706
5564 -6440
4100 3939
-1329 -5100
5510 5122
2304 6205
-966 -2815
1666 -5917
4857 3494
-5930 291
-6182 -4555
1924 7288
-7212 -8002
-759 -3117
2651 7416
2906 -2086
-6342 -7625
5435 -706
-4549 -1215
4349 -6419
862 -6644
-3908 -7125
-642 -2607
-1150 2952
-4099 -1386
5293 -950
9127 1437
3014 4593
-6636 -3660
5735 5007
-2540 80
-4279 5102
6279 -6858
-4326 6386
5560 7342
-8055 261
-981 -5563
-1696 4552
3541 6939
7696 2449
4793 2545
1573 4083
3116 7815
7361 -5758
5516 3434
3145 -5542
7338 6496
1880 7947
5868 7926
3943 2180
-7029 -7983
5384 -1422
-2350 -6453
-1897 5452
-6197 -4359
-1517 3903
-742 -3167
-1019 -3278
-7965 3169
4960 2102
7786 6510
7169 6220
-7647 -157
-6270 -8722
5512 -6372
-4070 1289
-5763 6152
5868 4992
4668 6934
2261 5564
-7015 4409
-107 1408
5539 -749
-2216 5395
2792 6724
-7112 4645
-508 -3274
-2962 5413
-916 -2770
264 4384
-2521 -680
-6402 7019
8095 2356
-7317 3385
-606 -3338
4994 -700
-7463 30
-8070 3784
-3900 6416
8061 5727
-691 1272
1848 2786
5988 5083
-3887 -987
468 -5978
4312 -5108
-6301 5995
-6188 -4747
3639 5176
-4572 -5398
-928 2947
-2311 5038
-6433 -4137
-7816 2994
-4150 -1830
-7261 -7954
1982 -5905
-8217 3023
-5902 6559
-6976 3688
-3091 -7021
3769 6489
-4111 2305
-4655 6034
-915 -2992
4233 -4452
1373 7619
-6631 -7105
5893 5475
5281 7184
3151 6363
-1580 -5725
7351 -4962
6199 -6807
7659 6235
3442 5445
-3269 865
-1411 3048
1867 7515
-4018 1731
-882 -3199
3495 4598
5364 -378
5354 1638
-412 1705
4548 7402
-6607 -8125
-3003 4192
-7536 303
-4712 -1327
8693 456
7537 1232
-7155 -7798
-6166 -7805
-2631 1286
-3491 7559
-7909 -241
-3607 6671
-7641 -248
5594 4520
-6337 -4705
-3576 -5748
-696 3459
2841 6697
-657 -3218
-1339 -6333
-794 -2533
-3070 4961
5812 3081
912 -5585
-1986 -6578
-1060 4194
5660 4824
-5992 6854
5966 5356
8378 6914
8143 -6547
-4470 -5763
4220 7009
4182 8190
-1511 3257
4797 6786
4465 -2526
7248 1899
-3917 2692
-2458 2843
-5329 5656
5402 -6402
-8081 -220
7458 5731
8732 2153
-5858 -3786
-6063 6472
8360 6556
1274 3694
5721 4918
3342 4586
443 -5483
8851 -4946
5929 4787
-1910 -6155
7671 6051
200 962
-5676 6542
5816 4978
-838 3383
-4212 6239
-5671 6431
3245 6191
-723 1670
-3735 -496
3840 5005
7522 -5222
3831 5945
-7712 3959
-7623 3405
5808 4675
6383 -6666
7544 -5149
-6164 -8141
5078 -2589
8090 803
-5816 6394
-1444 3569
8272 4684
8222 6647
412 4022
5704 2491
-969 5928
-3951 1136
6690 2652
4120 -4303
1183 2772
-4789 -706
-5629 32
7027 2701
-3989 1135
7320 -5409
-3103 5708
6010 4977
-2328 -6709
-7678 3775
4799 6606
2864 8052
5722 4904
-1220 2051
-3450 8857
-6569 -4442
-1437 -6745
3577 -3526
-5251 -3972
-2644 -6348
1241 2910
3270 -2229
-2103 4998
-3433 4673
-6032 -4334
-6353 -7911
-4984 811
-6347 -7688
5751 -7290
-681 -2593
7698 4023
8402 -5651
-5058 2175
8308 6577
-2815 3917
5962 4666
511 -6166
-5397 -900
5179 -3089
6850 -3793
7487 6566
-6934 2621
5453 -5824
5821 4875
6322 1499
6082 -817
-7724 112
8241 3300
5635 -6992
3983 -3430
3015 3937
-6882 3588
3419 -3243
1928 3604
-1761 3278
-6143 -4310
-1991 5547
-4531 1458
-3605 -4272
7789 3527
-3463 -384
-4176 -5754
-501 -2935
-1177 -3438
680 3616
5860 -1250
-3504 2122
-6531 -7838
-4201 -1579
5502 -801
8155 -5539
-6857 -4587
-3863 -599
-6125 6529
-1232 -641
7500 3378
5781 -6360
4981 -920
4342 -1379
3220 -1803
-6596 -8435
-4794 668
3786 6909
147 149
5899 4732
-2629 -1125
981 3368
7505 6363
-4922 -698
2765 6393
3764 6795
902 3990
-4105 6418
-2923 6029
677 -5772
-3971 2846
-4840 -5148
-4023 -1499
-304 1501
-6335 -7621
-545 3407
761 -6576
7633 -4497
879 3162
4495 5339
-1288 380
-8210 24
7224 -4818
5430 -163
-7480 3796
-6286 -4517
-1287 2899
-5836 -4431
880 -6023
-6773 -4563
8507 -6192
2877 5798
4653 -755
5305 -1050
3421 -2754
-7658 -11
-1556 3746
-7837 -554
-697 1309
-4307 5724
-3752 1543
-3567 7207
-4172 2406
-4126 -5240
1406 -2125
-1172 3356
-6535 4233
8673 -5793
7727 6787
-6573 -7914
4763 -493
3291 5896
-6300 3628
4438 6976
-3250 3188
8334 5771
5743 2903
-7286 -8678
-1961 5894
8777 3472
-8047 -14
-3029 3338
-6446 3338
-2142 6490
4864 1726
-3352 8452
-6865 -7800
8065 -5506
7934 -5509
-4856 -3894
-710 -2998
-192 1305
-4954 -1583
-5795 -8278
-4401 -487
-1447 6483
5292 -906
38 1594
4567 7927
-5896 6581
5592 6523
-755 -3294
-4571 -6049
-5803 1163
-4820 3938
-4770 2302
-1426 -4930
2231 2529
6600 -6622
-6922 -7615
5046 -965
7524 6904
5775 -830
-8577 323
-3808 6122
5713 4987
-2073 -6669
4978 -717
-4428 -229
5033 -1066
2667 5239
1917 7274
-2780 1144
5788 -6825
3549 5921
-1410 5512
-2294 -96
-8064 3208
-6519 -7298
6816 2673
-8034 -433
-1787 3010
1271 -6016
5908 -6753
-2482 1909
-1313 3145
3428 -4268
-6741 -4565
-8140 133
1535 4140
-2211 6123
4980 -3940
-3324 -6276
-2639 -6186
4549 1879
2979 7293
-6356 -8258
-1994 5950
4077 2914
4237 5512
-6894 -4177
-8224 140
1913 7382
5184 -416
3664 -2315
3051 8319
5843 6666
-948 2924
-7551 354
273 1898
3907 2612
5009 -962
5723 4717
3693 5913
4002 -2757
-5943 6448
3738 -2724
2790 -5282
-1667 4831
5841 5262
1063 3480
-4879 -4513
-7674 4355
474 -6523
-4742 5828
-1587 3840
-20 659
7380 6538
3516 7748
-4777 -712
-1037 -3069
3545 -5452
-8031 2698
-4509 324
2185 3526
4614 7141
4582 6324
-5986 -4757
2699 7255
5775 4927
-1915 3528
-5901 6253
3480 7143
8008 -6108
3533 -2875
-1849 5655
-6725 -4042
5255 6481
6389 2959
-1588 178
-1021 2678
1244 -5610
-1400 -3298
-1169 -5617
7800 7172
-6723 -4484
4821 8641
7971 6452
-6484 2008
-6297 -4302
-92 949
-7735 -321
1129 4036
-612 5583
7779 -6502
441 8061
-755 -3192
6436 6065
-1011 3309
5571 4958
4576 3033
-4483 1277
-6689 -8210
781 5356
-4214 2708
3731 6463
1161 -5875
4001 -2098
-6889 -4816
3348 6053
6696 5794
-6104 6542
-918 -6315
840 2334
2707 6638
6639 2019
5531 4956
501 875
-1105 -3238
-5534 -305
-4050 -657
4205 5026
-7401 -7010
5820 7581
1174 -5663
5297 -557
5397 -1085
-2259 5595
-7991 93
-7120 3206
-1182 -5484
-2630 -6460
3220 -3386
4594 2074
3419 -5836
4848 -2830
5379 -1139
-1897 5623
3800 5006
783 -6333
-3560 6168
4856 953
-4170 6880
-2837 -6996
-7803 3542
-5767 -7516
-4457 7714
2624 -1088
-4112 -4506
127 4848
-993 -2773
8477 2378
-4921 10
-2706 5065
1825 9588
7807 5768
-6319 6382
-4240 3229
-1877 5898
-1013 -2889
-4056 1056
-5871 6456
-3630 3169
7912 3236
-5869 -4455
-1836 6508
2602 5475
4312 -5860
4708 -4699
-718 2162
-6177 -8002
-4271 -1478
-734 -3116
-3802 5178
-3012 -5399
2960 4718
-1464 6738
-1456 2310
-4742 -1054
7971 6464
-1385 3164
2562 5663
1293 -6354
-6899 -8643
-6184 1454
6519 -6372
7333 7563
3018 -2273
3554 5339
5625 -831
-636 -3044
-7909 -399
-4083 5372
-4980 -4634
-5701 -3720
-6732 -7907
5984 4930
8246 6127
-1701 264
3666 -5178
3078 5613
5235 -6046
-3622 -4940
-4876 7444
-848 -3151
5393 6635
-2658 -5146
434 -5810
3465 -5742
4867 -1127
5501 -6375
8071 6285
-3944 7155
-2026 5423
7874 -4898
-3819 5705
-363 911
5713 4887
-6451 -4675
-5753 6630
2881 6746
5794 4716
-731 -2756
5156 1607
4448 5176
1971 8905
4025 -3040
-5445 -7318
-5666 -6090
-7581 3232
2817 -6112
5779 7791
-7665 -7103
812 1248
5770 5165
94 1438
-3708 -5727
-1766 4979
4356 -4273
-7284 4131
-2884 2752
-745 -3069
7973 6792
4405 -3111
-5859 -4371
-3524 -617
-5178 2088
-1482 5795
744 -5622
7278 6618
-7545 3615
-1295 5292
-8294 -50
-3724 3594
-160 1653
5888 4682
2294 6368
4756 -1388
-1413 3444
-3250 -6394
-8129 107
-5113 -535
7075 1771
2911 6662
7852 6969
-1152 -6055
5199 -1104
-2228 5886
2888 3061
-8352 71
-1761 -6322
5207 2886
-4528 2063
-3962 7180
5103 6568
-5511 1966
-6515 -4713
-6461 -4556
4582 -4669
4978 2371
7634 -6043
187 -6134
-8046 -225
8163 5926
-7835 -76
-1298 7112
-1027 3416
8246 6052
2982 6648
5532 -6755
-1185 -3047
-7188 3609
3940 5014
5850 1801
2851 4343
4930 -726
3636 2819
3333 -2543
-8375 382
-5259 1023
-329 1456
