100 281 3500
0 0
9684 -6728
-9116 1337
-4535 -3134
8108 5145
735 2301
-188 -3087
-8569 2744
-4675 5364
-5953 5263
3961 -3864
-7294 8862
-1498 -3952
9190 4142
2251 -9204
1365 -8242
-3310 -1493
-4727 -5745
3172 -9641
-1723 4309
-1087 6734
-9612 14
5736 -6444
5545 -8381
2103 3520
-3523 -4545
-3547 -9087
-6039 245
-2286 -1922
4464 885
-3939 4317
3782 9340
5109 -1663
-8458 -921
-6458 -8664
1526 -2980
2727 5485
-4582 565
-3130 -6242
4753 -6646
-2164 -8868
-633 3474
-7435 275
8488 6751
1557 4854
-4334 -809
5322 -3074
-629 -1778
2120 1109
8164 -9193
6935 9013
1277 -4136
7818 -6901
2410 -3907
9554 -1938
-8342 5198
-9584 -8238
396 -1663
1755 -6084
-7374 1349
6348 -9944
-588 -7962
-3307 3241
959 7770
4915 -4254
-568 -4418
6858 -222
-9284 -3732
7143 5844
3856 4908
-1317 -5826
-5610 7229
9627 -3482
4703 3771
7789 3180
-2545 2280
-8289 -9562
5094 6036
-7085 -3194
-2825 7968
-7270 3234
-2427 1085
-4554 6999
-877 2367
9481 -9488
-9340 6762
2613 7750
-365 9696
-5082 -1666
6372 -3874
-1102 8737
-1408 -28
-5212 9025
5543 9446
-5120 3663
-9848 -6980
6425 1886
-7646 -8384
982 -7276
-2060 -6966
1 6 3796443
1 48 1342616
1 49 1843496
1 58 1359366
1 84 2733668
1 92 623411
2 50 716872
2 53 411953
2 73 3489487
2 85 819921
3 8 2287583
3 22 1731343
3 43 546008
3 60 2043552
3 86 9284406
4 17 663639
4 18 5252110
4 26 2133999
4 29 2252828
4 79 967279
4 89 2482783
5 14 641903
5 44 1688583
5 69 404359
5 75 814028
6 25 3102987
6 42 232086
6 49 2209887
6 84 1792942
7 13 1017574
7 36 527291
7 48 240729
7 52 352067
7 58 550199
7 66 554644
8 56 951758
8 60 2856730
8 81 2542104
8 86 8066320
9 10 1290788
9 20 1856973
9 21 9225724
9 31 1949655
9 72 997785
9 80 5845003
9 83 719099
9 95 305999
10 56 1424488
10 72 564579
10 81 3316247
10 95 1927206
11 33 663469
11 36 5342759
11 40 1445388
11 47 271249
11 54 1874753
11 59 7759207
11 65 1316730
12 72 3276497
12 86 2745105
12 88 11508643
12 93 409345
13 26 1409417
13 29 2398288
13 48 4091247
13 66 863843
13 71 1961438
14 44 5155909
14 55 13596003
14 75 853376
15 16 353072
15 19 821204
15 40 4800421
15 41 1765734
15 62 4821598
16 40 2458187
16 59 3528577
16 62 2966850
16 99 1352986
17 29 631147
17 46 2702584
17 82 2897114
17 89 709450
17 92 1452573
18 26 761572
18 27 1729567
18 35 6789366
18 39 3510618
18 79 6240283
18 98 3861509
19 24 4383161
19 27 4925108
19 40 1650410
19 41 10221526
19 61 4946781
19 77 2590708
20 21 6207539
20 31 277217
20 42 1345751
20 45 5669559
20 63 4601219
20 76 2789285
20 84 480992
21 45 827856
21 64 973348
21 80 723119
21 91 578545
22 34 944541
22 43 3410948
22 68 2859886
22 86 1522208
22 96 5914457
23 24 446181
23 40 923440
23 53 3804488
23 65 286958
23 90 3592265
24 40 827305
24 50 2143393
24 53 5668106
24 61 2414356
25 30 2377477
25 37 538268
25 42 5726221
25 45 674164
25 49 4478909
25 70 5013472
25 74 848103
26 29 6557135
26 39 2786888
26 71 1947981
27 35 2782149
27 39 5903143
27 41 1440067
27 77 938306
27 100 5969556
28 38 339561
28 43 166715
28 46 2061994
28 60 1233766
28 89 3300676
28 95 6885330
29 48 2170256
29 92 4592812
30 33 2691947
30 49 597645
30 67 5642085
30 74 6503145
30 97 624159
31 63 158001
31 95 153779
32 64 7393044
32 78 1124655
32 87 253356
32 88 7591009
32 94 3813714
33 36 1160749
33 47 1541190
33 49 6107395
33 67 3889017
33 90 334689
34 43 170818
34 68 2518298
34 79 6125790
34 89 2569717
35 77 4661542
35 98 191506
36 49 2447008
36 52 2499017
36 54 399451
36 58 2883810
37 45 221244
37 64 1494815
37 70 423076
37 78 4006482
37 87 2099420
38 46 1686004
38 63 7097451
38 76 579677
38 82 3745272
38 95 3345473
39 71 1388831
39 100 862697
40 59 638023
40 65 4021586
41 62 3965689
41 100 4038345
42 45 655793
42 84 1477407
43 60 1168719
43 89 5346525
44 51 1742097
44 69 2565409
45 64 4338534
46 82 1679080
46 89 1967883
47 65 2000542
47 90 2660248
48 58 481376
48 92 2603374
49 58 5514562
50 53 3955754
50 61 1815433
50 85 3022941
51 69 7701695
51 78 6597709
51 94 3348795
52 54 2178543
52 59 212834
52 66 1796918
53 73 5881678
53 90 4481100
54 59 1675644
55 67 715769
55 73 2819598
55 75 7147031
55 90 452988
56 72 1215288
56 81 526274
56 86 1276001
57 77 4290859
57 96 2539363
57 98 755434
59 66 6047828
59 71 2290413
59 99 3201263
60 81 2252081
60 95 4532599
61 77 13420498
61 85 781757
62 71 3372969
62 99 2717376
62 100 461405
63 76 718537
63 95 1621310
64 87 1356503
64 88 4047416
64 91 5462589
65 90 1539163
66 71 1084418
67 75 889716
67 90 1654314
67 97 4128434
68 79 1326702
68 96 6366168
69 74 1573943
69 75 282056
69 78 4018342
70 74 555785
70 78 746623
71 99 1167120
71 100 167254
72 83 386447
72 86 3924628
72 93 320203
73 90 1709247
74 75 3535151
74 78 339886
74 97 288220
75 97 3995808
76 82 1761301
76 84 2441117
77 98 2217361
78 87 6769605
78 94 4370171
79 89 5953108
79 96 837020
79 98 3080994
80 83 2054872
80 91 750339
80 93 1684058
81 95 4312879
82 84 377796
82 92 2542162
83 93 2244889
84 92 3473918
88 91 644469
88 93 6493381
88 94 2910175
91 93 2585878
96 98 2050873
269 -533
-6188 7162
-2133 8422
6930 1879
7757 -3782
5428 1723
4038 4970
5781 -3467
8021 -3998
-6074 -2469
-6831 7330
-7395 1904
-943 4300
1593 6914
4637 -8449
-4483 -7404
-387 -2789
3040 -2464
1177 -3480
72 -2409
4584 -6840
7760 -3637
-3483 3340
-5036 6057
7486 -4037
-8935 -3169
-6692 4508
-6942 8080
806 7216
4467 -8110
1762 2569
-5100 5875
4650 -7442
58 -1672
6771 -8044
-7310 4903
2597 -1605
7316 1449
4422 -1385
6033 -3592
5554 2977
7073 -529
4944 -3142
2070 6278
-912 4223
5040 2047
1745 1549
-5137 -7444
-4991 -7754
-7904 2179
1851 -2266
6333 -6068
4284 -1038
1019 -2240
2262 3520
3597 -5755
-1410 -7262
-8244 -7360
4207 -1123
5863 -4534
7554 -765
-4817 -4192
7440 -7885
1631 3370
-7167 4834
-5163 2839
6480 -3694
-4287 6115
-6929 -2190
6939 1595
2040 1497
-6444 7348
2748 -4624
7359 -7505
-1484 -8018
2557 3223
2600 3975
442 -2845
-287 9493
3283 6946
4737 -8573
-9085 -3167
-1550 6776
7273 49
2792 7609
6122 -5249
3924 -1282
-5693 -3926
2502 -1132
-7004 -3142
7459 -8177
7087 1629
-7602 -3015
333 -1256
4288 7313
1595 -1811
7191 -512
-2739 -8579
1236 -6937
4056 5739
7738 -4241
-8093 -3288
-4505 -2228
-8192 -3066
-8638 1268
3481 6142
4456 -7465
3705 7273
8366 -4277
7266 1630
-5301 3483
4790 -8327
-6163 -1716
6927 -240
-1809 -8219
4569 -3436
-6914 7347
-703 -3394
3148 -4882
4117 -5925
-4540 -3490
-1853 -7898
3909 1350
5900 5652
7332 2409
7889 -4060
-3425 3472
3379 7508
-6566 4440
-7455 7199
-7366 7288
1942 1201
2040 943
7039 -7431
6904 -18
7060 1445
595 -725
4277 -8351
-5968 7640
-6678 5436
2396 6452
-1975 -1244
-4865 5987
580 -7359
-7662 4849
-4991 6350
3137 -2972
-8348 -4415
4366 5616
-7535 -6731
-1488 4341
5295 -3440
1490 -2310
-6003 -1298
-1489 -8094
7751 -73
3627 5587
-2770 -4712
1646 3282
3947 -1554
2112 2975
-2915 -3311
4901 -6650
5845 1642
3851 -1143
948 7070
-4726 5680
-1304 4009
-7439 -7613
-6466 -7762
3827 -6733
-2156 -8307
1282 -108
3535 -7624
542 -7139
-7364 852
-2465 3479
4124 -8195
1057 8124
-3670 -486
296 6799
284 -825
-6700 5436
-6964 8454
7383 -4
-4454 6199
-3027 4018
6820 2225
2855 -6122
1420 6449
5027 5099
-7889 -2214
2552 8315
3886 -4585
-3659 -4603
7248 -30
1096 7930
-2118 -3264
-4531 -4724
3529 8409
-1194 -2143
8362 -4119
-1601 -2072
-6844 4624
4117 -1218
-1949 -8210
-3419 -483
6146 -5218
1862 3013
-7357 2514
-1123 7717
-6877 8086
-8139 1958
-2961 3670
-7008 7467
-3359 3609
4724 9202
6973 2418
3788 7534
1369 2025
-684 4154
4006 -4389
1257 8570
4404 -1630
7863 -7955
-4929 -5282
-7085 7865
7079 1744
7139 -6765
-6742 8321
-3647 -508
458 2595
2216 3797
-2016 -7569
5671 6551
-7810 -1893
-3167 -182
526 -7648
1673 3290
-5087 3108
-754 7928
-3420 -261
-965 4015
2771 3402
5262 7161
-1036 9242
-3236 3425
607 -1677
558 -6599
-1216 3964
4337 7822
-6669 7513
-6419 7157
-2810 -3471
-6936 -6792
6326 -4590
-7376 7628
-6436 4514
-6213 4848
-2501 -5114
-6595 4868
-5406 -2341
-2512 -4899
-3854 3455
7699 -4080
5897 7040
4117 -3149
-7493 7397
3511 8253
-42 -484
4226 6819
4625 -2744
-6649 5159
-6150 -5879
-265 8082
5965 -2598
-5151 -7494
2819 -7805
5243 -2645
7564 -3703
4990 -8069
-1497 8189
8142 -4431
-6771 -2059
3823 -6463
4618 -1202
7078 1089
-7277 7717
-6738 7769
-6188 -3603
-6400 -4642
-91 -3151
-674 -355
132 787
4053 -1291
-5140 3209
2909 -5108
-2839 -1959
6612 7337
2841 2087
-5433 3239
-4737 6120
6029 -6370
5126 -8506
6032 -790
2011 -1634
-6205 -5170
-754 8705
1786 985
3532 4865
8497 -8422
-2569 -2842
4745 -3011
7200 6636
-8745 -4809
3798 -6072
-3523 -4738
-1428 8362
4546 -407
1745 7851
3886 -6278
-7051 8466
7844 -3574
3762 -1130
-6890 7102
-3852 -320
805 7908
6955 1668
5743 -3352
-7973 -7849
7539 -1031
3602 -2134
7319 -732
5078 1136
5603 1184
6833 2206
3358 5523
-4147 6232
3160 5226
-4702 6210
5157 -7630
1448 2213
-5228 -7705
-7616 1661
-4664 -4558
4746 -7688
6712 6862
3937 -2926
4996 4819
5267 -7343
2891 -5074
510 8654
-171 560
3237 5752
275 498
-7377 1928
-918 4104
-3502 -45
-1048 9251
-2386 -4057
4195 8053
7197 1880
298 -41
-4534 -5361
-4244 -573
6033 -6199
-1618 -3880
-3126 3745
7008 -6321
-7612 7181
3258 8179
-6939 -3256
7651 -7442
6422 -7544
3922 -3363
3924 6380
6917 -7111
4026 -1414
4796 2220
5513 3068
515 7811
-7306 1222
-4032 -334
419 -6649
5312 -3364
-4496 -4055
-2460 -7911
7271 -1030
-512 4508
3328 6063
1156 -2621
-6484 -7752
1714 9223
-1026 -7374
6250 7826
4061 5282
6264 -6281
-603 -192
4484 -947
-4545 6237
4665 -1260
-2219 -8117
-1632 6154
8225 -6906
5210 -2973
-6532 1816
-7380 1517
-6892 4632
-6685 -2454
-7279 1377
-6801 5153
-5468 -7616
827 -6683
2414 7749
-2915 3449
3315 7342
-6093 -4059
1865 3419
5436 7099
-6929 2323
4867 -7215
7114 1768
4543 6235
2783 3207
-6606 -3969
-7854 1513
-3340 3230
-7593 -3061
-2575 -2530
-4570 6088
7408 -3852
-6897 7692
-2918 -2468
2158 8283
-7445 -7012
-4302 5896
70 -7054
2279 3086
861 6987
-574 -3937
-3688 -488
4257 -8842
517 2092
4017 -3445
-5181 -7684
-1194 6436
3983 -4450
-5432 -7684
-2919 -4241
-2293 -2044
-7876 -4157
7352 -4322
-7452 7750
2115 -866
6593 -661
-6966 4489
-7781 2164
-7118 -7400
1696 7269
-5262 -7365
8 149
2159 3469
5351 2550
-3480 -3575
-1978 -2068
-6489 7409
-2111 7860
-1792 -7244
-5324 3146
-5174 3044
-5009 2969
-7995 -7750
-6731 4462
5270 -3157
1976 2492
-683 4127
7955 -4123
7060 -6699
-3105 -4344
5504 7414
2404 -6200
-3680 -2393
-4861 6218
720 -6268
3296 5133
4634 -960
-6390 7842
2197 3428
1594 1225
7206 1829
7258 -614
-6828 7789
6098 -210
-6452 6465
-7110 -5149
4022 4995
3399 4316
5433 -3318
-7534 4707
3297 -5809
-8181 -6225
-9399 -2486
2394 1258
-7600 1765
-6657 5156
-1088 3950
-5544 -4679
873 -1170
-5854 -3024
8100 -3705
-1116 6616
-3272 -3153
-5023 -7536
-5255 -7549
-2495 -4808
-5378 3096
-5426 -4807
-5111 -7811
-4229 6341
3940 4111
-2008 7427
-9060 -4237
-1136 -2327
3640 8452
-1596 8878
-4467 6209
-7298 7866
753 -1919
-6771 -1798
5533 6501
819 -7207
-7173 7397
3062 -6222
5465 -5979
3387 -9317
-7460 -7996
-4830 6136
3057 5687
5527 -2570
-3875 242
-4492 6071
5511 -3255
2136 -339
-2278 -2307
-7058 7570
3219 -8633
-5255 -5168
4106 -1398
1425 6830
-4478 6389
3949 5817
-3083 -4691
-2889 -2906
-7161 -3886
-5167 3580
-1871 -2283
-4974 -5462
1515 -2207
398 7515
4116 -1660
-5221 2865
-800 -2239
6085 -944
-7700 1651
7077 -5793
-765 -2863
3443 7885
-3546 195
1101 1275
2688 8458
-5233 6136
-5818 -2022
3204 -7767
-2075 -8137
-214 -2850
-8035 1983
2972 -7815
3697 8384
763 7102
-2302 -7450
-2340 -2524
7926 -3970
-6724 -4253
-2323 -2957
2026 -3878
2347 7764
-7069 -905
7049 2087
-8787 -6737
-8288 -2500
3671 -4271
-5997 -1474
-5263 3067
-7015 -3806
7258 1796
-6235 4635
2370 3783
2781 885
64 -6135
-8523 -3146
6807 6361
4374 -1574
5662 5794
7832 -4074
8139 -7968
608 -6646
6271 -9106
902 -640
880 990
3532 318
7805 -3995
3493 -6007
-1593 9266
-7176 -1949
-6423 4243
830 -8051
6366 -3868
-827 4633
4779 -4007
6151 -3460
-8027 1661
-861 -3237
-460 -5476
329 8729
7724 -4137
5709 -7249
-8635 -3729
3583 5701
3683 -7680
-2674 -2881
-608 4420
6339 6411
-9017 -8070
-7961 1484
-772 4410
4547 -2940
5752 -7542
-1622 -8603
6643 -7165
693 8047
5001 7104
3130 -2876
3770 -4081
7131 1781
-467 4284
-6675 7952
1538 193
4685 1878
-6356 -1973
857 7981
5073 934
474 -7077
-4377 5636
-7345 8401
5235 -7568
-5294 -4283
-2461 3607
3836 7076
7287 2525
1412 7752
7837 -3831
1360 -33
-6313 4517
-7750 -6319
-1823 -2827
-3657 -2605
2032 1731
4686 -5405
6005 -6922
-878 4161
-7478 -7158
-3149 2943
-1693 7667
114 -1957
-3470 -602
-2440 2936
1511 1495
-3582 -835
-4561 6152
3796 -1227
5246 -8696
-4460 6474
4274 1850
-4960 -7239
-5235 3728
-2808 -2051
-6658 -2485
5445 -7196
7844 -3811
4861 1684
465 -7465
-5526 -5825
-4444 6361
2834 4600
902 6881
-7406 -6807
-6074 -2667
-5030 2837
3197 5763
6819 1738
-8550 -2300
3967 -8271
2347 -703
-7281 1293
-2305 3719
793 7979
2977 -5057
4472 -987
3361 5757
-7006 5646
-2792 3358
-9113 -3586
7538 2099
-3535 3332
5717 -6470
663 -1412
-3644 -1783
4399 -3408
-1576 3715
6950 2300
3595 6858
-1066 8370
2103 2707
-4995 -7645
-1334 -7825
-7171 -3243
-4918 -7878
-4838 3321
6265 -5692
7975 -7623
-1922 -8275
-2049 7586
-5203 -7769
6923 1880
276 -7359
3278 5408
3098 1288
-193 -2778
3520 -2270
-6116 7795
7159 -120
-1545 -7887
3770 6055
-1438 7722
7405 -1288
2204 3135
-3879 -551
4250 -7849
5932 -5036
3840 -3162
-8063 1992
-7961 -3581
-6752 -2466
3922 -5727
-4969 -7854
-1455 7634
991 3551
6490 257
-4278 -7429
-923 3873
-1399 4075
-5361 -6928
7357 1890
-4006 -116
-5360 -7297
-5291 2669
-6609 5338
-7723 -1981
5358 -7857
469 -3254
2243 -2324
6546 -5398
2434 1605
-6324 -2930
3232 -5890
1912 3006
-6688 -2867
105 -7566
6143 -8212
-3852 -304
-4206 6158
-8065 2287
4270 -868
-2760 -5186
3454 4770
-1657 -8115
7700 -3881
-7849 -6709
-2909 -4257
7432 -7340
7181 -6559
7724 -4443
-1288 -7802
-1651 -8819
-5057 -7484
-1362 -2708
8142 -4130
-3660 -438
-5373 -3974
-3503 -321
616 -6658
1953 2630
-7597 -5931
4508 1850
-5043 -7513
-7247 -8147
-3790 -4931
1747 -326
3255 5359
3314 7158
1068 -7865
6433 -1222
-2413 6996
7086 -3549
-4493 5904
-1066 6932
-5590 -4806
4525 -599
1703 -2788
-3229 -5143
-3899 -3437
4880 -8207
4539 -1178
-6417 -5314
259 6275
1548 7930
1843 3177
-7774 -7614
-3839 -160
4698 5486
5850 -3877
-2082 -7725
1307 7712
261 -68
4713 -3902
-641 249
6702 155
1881 -2629
-6630 -7525
-1786 -8108
-4529 5826
3980 7360
-1314 4563
2314 8310
-1930 -4796
-6124 -1110
-636 4562
-4664 6089
-1007 4135
150 -1119
-7729 -1147
-2221 -3731
3182 -6470
-4930 3472
-2784 4022
-7085 5599
-7525 2369
-3170 -4927
-8574 -6898
5391 6497
3827 6131
236 -6893
6384 7426
-1203 -2261
-6876 1680
-5681 -3131
1055 -852
-6551 7962
-21 -111
-714 6105
7212 -8119
-2175 -7853
2748 -5926
2028 1646
7661 -526
-4557 -7677
4611 1384
-6782 -7656
-3202 3272
1134 -6491
-3667 47
4101 5063
7230 1781
5417 -3329
-2387 -3541
3132 2662
7872 -176
-6613 4843
-1647 3616
-522 -3297
-2108 -2450
96 9655
6249 -5521
7029 -170
7281 1856
-4464 5956
2897 5385
6850 -6485
4229 -1315
-2840 -2762
6316 -3724
7221 1665
-7781 -7581
-6418 -5070
5349 -7363
-2425 -8015
-1685 -2228
-2404 -2515
2951 -2721
-2555 -2698
3028 334
4468 5507
1667 7369
-3111 -571
-4623 -1709
-6137 -7863
4074 -6630
7586 -6071
-9181 -7396
3737 -4489
2005 2955
-5166 -8065
3659 6662
-7926 7903
3021 -3182
3156 7557
8344 -8002
-4845 -7672
98 -3598
896 -6093
1539 -6319
-3655 -3718
1493 53
-7849 -4674
1358 -1790
-5123 3351
-8943 -4317
7597 625
-4635 6366
3120 7234
-4908 -7995
6012 6224
6798 -7352
-2020 -1874
4697 624
3081 -6200
3920 7681
6825 -4941
-3465 228
721 -479
8153 -4221
6474 -6761
-6873 -7107
6159 -6926
-8862 -4916
-2625 -2533
-3614 -4590
1482 8751
-5247 -7693
-7307 7044
4007 6537
6767 6913
-5237 2326
-4803 -7816
6631 270
-871 4225
-8102 2301
7516 1965
355 828
-4121 -2447
-435 4402
4920 -8242
6882 -3082
-5144 -7460
-7030 4455
-7203 -7505
845 -6532
4338 7555
7557 -8041
986 8198
4983 -7879
-3693 -738
2924 -4083
3970 2470
6911 618
-7436 7904
1452 552
-3784 -3470
-3087 3920
6806 1931
391 -400
6912 -6559
3867 -6928
6860 2218
5882 -6270
-1378 -8877
573 -7290
4400 -1604
6810 -2
8145 -3778
5071 1633
7411 1690
3920 8766
4778 7301
-6764 -931
552 -7055
-4762 3309
-5152 3151
-7427 4836
-7797 -7364
5649 -2645
5446 -3595
7749 -4451
3788 5594
-2947 -5059
-1756 -8131
-6530 7805
-4674 -7559
5282 -6561
-6621 4585
2929 -1353
4149 -1260
-756 -4064
-3127 3587
-5835 -2235
5462 -6001
5359 6540
7505 -553
5098 -3234
4236 -2619
-384 7286
-402 4093
7373 1217
-6244 -8308
-3322 -3504
221 -7463
8313 -7521
4342 7252
4577 1973
1515 7790
-2436 -2287
-6972 -2888
-1547 -7962
7191 1931
2864 -6288
-1852 9754
-4776 6143
1853 2881
-6081 -2218
-7820 1183
5555 -7764
4681 7228
5735 6050
3009 5033
-8562 -3919
-4051 -24
4521 2183
-4479 6705
5513 -6315
-6139 8483
898 7925
-1694 -7614
4569 -1453
-1588 7755
7239 1722
3479 4197
-6364 -2270
-7049 7644
-2604 -2270
7153 -5866
7762 -367
-1536 -7863
-3268 4138
198 -3453
5963 -3912
8273 -4007
-1892 -3556
68 -3294
-5169 2906
-7849 -6669
4449 6453
-4786 5866
5457 -7381
-1012 3930
7675 -4058
249 -296
5800 -6319
2348 -2477
-5047 -3666
8034 -4200
-6704 8678
-6867 1828
-7995 -7568
-5262 2873
-6788 7548
639 -1436
8049 -3727
5694 -8408
964 7668
-925 -7285
2530 8541
7619 -4042
4664 -6615
1989 -3583
-6264 -2464
-7141 -819
-6557 -4079
6287 7134
-2695 -4493
7004 -3589
-6648 8027
6620 6891
-7056 -4164
3074 1862
3367 4127
-3420 -5486
-5290 3539
389 -691
-2763 3827
-5194 -7567
-3362 -89
3468 5097
-8430 -3042
6785 -602
-5936 4286
2580 -985
5237 -3205
-5079 6581
-1576 -8300
-7395 2014
-4583 6222
-3004 -2221
-147 -729
-6749 -2039
-6916 5084
-6566 8262
5488 7544
706 -7552
4724 -7087
4276 7545
-3444 -809
270 6624
-3401 -5651
-5235 -7505
4712 1489
-1515 -7567
-2951 3561
6098 -6473
7205 2184
329 -308
8125 -7788
-643 -2596
7728 -8897
4470 -3662
4983 -5784
-220 -3180
-8061 7601
3284 4993
-6913 4730
6749 -8552
-3358 3592
2492 1170
3632 7685
6648 6597
-7525 -7813
-7810 1761
2932 7579
7318 6868
-4727 -3806
-6673 4779
-258 5916
-8064 1307
2268 3351
-5990 -2494
4638 -1195
-2459 3569
-1319 -7851
-4435 6420
7753 -6004
-5181 -4608
4516 -1166
5469 604
-5054 3050
3187 2798
-5064 -7586
2938 -4335
-1478 4235
1711 213
-4470 6168
-617 -2915
3651 -9375
5156 1674
4654 6855
-4250 6151
-1296 -4751
-6873 8459
2964 -5995
4556 -4506
5903 -3581
4711 6565
5817 -3641
-7984 1961
3921 7608
-580 4302
-3449 -207
3546 -3065
6918 -5743
-2270 -7523
3532 -5235
-5511 3160
-5542 -4120
5471 7784
-3604 -456
-2244 -1387
2025 -3615
1088 1729
-6480 -1229
5549 -3837
-2780 -1257
640 -660
3842 1529
5920 -6698
7064 -590
5290 -3251
-3371 -2245
2009 3394
8030 -3928
-5213 -2231
-4952 3475
6634 -6316
2713 -5692
-7809 -2018
2174 2976
-6735 1967
-5364 3282
6403 -6235
-1033 3731
-715 8081
6528 6313
-6966 7898
6355 8951
-7522 -3579
90 -7252
1729 356
1073 7372
3283 -5806
-3198 -4775
6863 -102
-1122 4184
3632 5408
51 7925
-764 -2372
-4322 5671
-6909 5105
464 -1170
-3661 -5073
-5197 3246
-5723 -1942
7526 -3783
625 1049
6987 -7756
4631 2251
3384 -4155
-5555 2926
-6638 7542
3551 7274
-4877 6679
7948 -4434
5328 7404
3775 7585
-7566 -7041
6491 -2863
1255 -7178
2040 -302
447 -2837
4277 -1114
4113 -6189
-4689 3333
4456 -3196
7608 -8576
-7307 7394
-6830 4929
3428 -6284
3964 -2910
4756 2317
-6170 -1312
7741 -4188
350 -2964
4346 -6233
3171 4115
6707 1575
3202 5597
5488 8007
3803 -4890
3930 -1090
4610 7404
-6662 -4123
6485 -6082
-881 4074
-2135 7565
-7255 7535
-3646 3512
-3123 -4259
1699 -2309
575 -7214
-3116 -5127
7678 -3752
4149 -4822
-410 9079
-6041 -2889
2721 -3783
-2483 -2166
3541 -6124
-1679 -7935
-7657 1577
5975 5995
-4703 6284
8073 -3882
-4397 -5612
-5207 -2425
6990 1420
-2160 -2785
7532 -7311
3171 -6264
5117 2213
-4938 -7985
2966 -7538
3715 1767
-4830 3071
-1911 -5340
-2728 -1471
-2111 -4271
6138 6704
8202 -880
6826 132
-6623 4685
-369 -2820
3107 -5265
-3639 -3408
-9398 -2326
-7548 1391
-6675 -6523
-4279 6560
4594 -4311
1774 7364
3735 -6775
-5604 -4079
3941 7505
-6929 -7315
3948 -8180
189 -2511
-5908 -1675
3344 -2460
-4889 3002
-1905 -8319
2508 -1836
3981 -1487
1925 -1345
-235 -6575
-2832 3105
6221 -549
7533 -640
-6470 -215
-7214 -7355
4988 2167
-3383 216
6511 -3668
-4760 6168
-3968 -4210
240 -506
-1966 -7807
-7666 -2419
-4630 -3425
-7048 -6667
1958 -1612
-4931 -4843
5756 -5575
4807 -1768
3701 4912
-4662 6179
4080 7859
4687 -2958
-3789 -74
5212 -7842
3801 -4820
-6584 7814
5450 1921
6458 -594
-7043 4788
-103 -3626
-5084 3448
4987 -8174
5492 -7083
-7134 5147
2308 2996
3124 7739
271 -3990
4215 -3350
4391 2972
-7050 1402
-1880 -7837
-5413 -1643
3326 5678
-7381 -6044
960 -6497
7469 -3672
-808 8831
-72 1548
4486 -8755
-4427 -5112
1720 2887
-1969 -2196
3021 5697
-4529 -7219
4566 4999
7153 1684
-7011 4971
8148 -4231
-3512 -304
1766 3213
4706 2175
-8801 -3070
2138 640
3182 4565
-2187 -1154
-125 -2866
-3135 -1672
-2647 -2981
-3348 3084
3402 7154
2112 2765
6451 -7959
-6862 -6130
7863 -528
2388 318
-3534 -62
5337 -6169
3412 6730
5748 -3323
-5464 -3455
4239 2401
-3804 -367
-2363 -8629
-7511 2503
-6928 7674
1012 -353
7180 1076
-4293 5996
-4066 -1750
-403 -472
1107 7042
4713 -8954
-4273 -3429
-986 3986
-187 -2882
5851 -5520
-5259 3178
-3490 -1932
-5293 2969
91 -1304
2030 1217
-6788 4250
-2201 7959
-5199 -7339
3527 -5961
-563 3945
-754 -3205
-6272 -1919
-6564 7113
3295 -5108
2187 -2586
-98 -1089
3326 -3237
3437 -6457
3644 -7493
461 -6845
-4506 6699
4629 -1033
3405 -4069
-2869 3967
-957 -2637
-7506 2325
4228 6953
-2730 2966
-2098 8504
6121 7005
-7271 1640
-3859 21
5717 -5995
260 7643
-7395 1301
-3249 -2508
4598 8005
-4563 -7240
-6877 7419
5249 -5947
4259 -6258
-493 -2300
-6318 -3956
-6481 5068
-7394 -3523
7663 -7473
1791 2998
-7310 1728
10 -2811
8179 -4245
3271 -2307
3393 -4817
2858 5347
4107 4887
6764 -41
1214 7235
7906 -4646
-2239 -2621
5364 -9184
3374 -5587
4274 -8003
4121 5736
2470 544
-4972 -7289
-9502 -4357
4564 -3795
3960 5353
-4561 6556
-5879 -1919
2662 5499
-5118 -7455
-4432 -7827
-5987 -2752
4633 7807
-4740 6376
-7852 -7058
6349 -2638
-8084 1301
745 -6360
5371 -3374
5233 6297
2399 5506
-5306 3059
4480 -4411
3976 2091
-3828 -184
-8067 1590
-2233 -1447
-5035 6126
-1190 5007
-90 -3591
-4382 5967
-7455 4698
4723 2567
687 733
1047 -3328
-7603 2299
7572 -4163
-2294 -2154
2021 436
-6548 5114
6932 587
5960 1792
4624 -3396
6998 8062
6102 -6035
-8470 2035
-3380 3549
-4936 -7449
-3731 -936
-1701 7964
7527 -3448
3193 -3624
-218 -2703
6661 -6687
-665 4472
-2900 -6065
-4608 6574
-6789 4240
6746 7304
-1496 -8121
-3731 -109
4068 -5772
-1927 -7936
-6857 4916
739 -6745
454 7829
804 -1262
2565 -768
7269 1834
-1549 -7951
2774 -1411
-2079 -2409
6247 -2899
-1036 7987
-1865 -2179
4466 -1016
-4891 6300
1877 2772
6081 2956
1122 -6641
1660 -1710
-1209 4475
1673 3138
-7427 7449
-97 7909
-2840 3513
-6771 8766
-22 -3514
-7094 7550
-3465 -2665
-5167 -4858
-3462 -3101
7925 -3794
-4523 6296
-7336 4151
-7209 7917
-8444 -6949
-6143 -5144
-2678 -2087
4015 7991
-6279 -4494
-391 -2647
-3490 3968
-7575 2186
-913 7590
-3479 -682
4385 -8464
-8103 -6502
4332 -1505
3593 7944
3359 -4842
4951 -3023
4117 -1319
-5959 4670
5898 1974
5064 -8516
-6091 -1849
3964 4832
309 -348
-1191 -1746
-6268 -4032
1742 -2665
2350 -1440
6576 -3269
-5780 -1920
4994 -8598
-8894 -3131
7870 -4186
3191 7447
4223 -1152
-2853 -4244
-3955 6050
-686 7275
4157 -1257
5864 -5021
-1443 -2869
7443 -411
-3677 -284
3813 -4549
-6227 -4514
-521 -3229
-3276 -4296
8128 -3915
1988 76
-1340 -2444
7183 -3706
-2691 -2119
4211 -1291
-5174 3384
-6171 -2464
7405 258
7795 -3870
3944 8372
7438 2125
-8659 -7011
6466 -7928
-7452 -4061
4348 -1800
-4563 6038
46 -7487
-8467 -4209
4496 -791
-3657 -438
8233 -3545
2823 -2406
-1934 -3227
-5414 3016
-5281 3183
4828 2059
439 6435
-2243 -7601
-6997 7721
7690 -345
7598 -4350
-5132 2644
-4819 6483
-4940 3111
7309 -7511
-1694 -7755
5808 -3674
-4533 6524
-6502 5175
-1047 4055
-3565 -4446
4447 8172
363 -7618
-4415 6300
-508 -3230
-7506 2299
2750 -5522
3120 -5873
-1115 4479
2977 -6367
5578 2145
3075 -3490
-3201 3338
-4490 -4831
5236 8479
6168 -4285
-7415 -1473
8516 -8441
6497 -761
-2403 -5391
714 -413
-2253 -7825
-1976 -8833
1714 2932
3819 7938
-8122 -2654
-4988 3206
-8210 -6466
-7006 -2276
1524 6659
-7522 1809
3250 5022
-8010 -3329
4684 -7987
-1260 -8469
-7620 5193
-6505 7786
-6745 -799
5716 -3830
7515 1748
-2317 8149
-7605 -6734
2329 8259
-403 4108
-6018 -5201
-7522 1939
-3431 3693
2705 7095
4272 -7362
-6992 8014
-964 4616
4568 -8227
-7406 -6789
4966 -6560
-4952 -7623
6343 -7676
-2362 -5098
-4905 -7410
-6785 7201
-855 -1795
-6858 -996
2127 3118
6601 1847
4756 -1475
3978 -5840
-6765 -2160
4697 -8234
-6841 -2221
3627 7615
6605 -170
-643 7601
5729 -7248
6975 -215
5509 2292
4616 -1119
6583 6833
-4512 6399
-1953 -5055
6189 7107
-6671 -4316
-7235 -7372
-1667 -8064
-7170 8747
5752 -7691
-8039 1479
7026 1864
3961 -7923
3494 -5836
-1416 7743
866 8572
-51 -1553
2529 -3869
2614 -5770
-6013 -2047
234 -44
-543 4223
5101 -7738
-683 -204
-6871 8031
7340 -784
6847 7365
-7038 -3366
-2675 3490
-6480 -2103
6257 6657
-6944 1974
-7529 4316
7196 2062
-7025 4412
4017 -6277
-4804 5985
2130 3287
5678 7214
7766 -3716
696 -7025
3093 -5686
4907 1621
-7613 -7242
-3329 3587
-5205 2899
2056 3495
824 164
3685 -5079
4416 -4074
3639 -3901
-6321 -4125
4286 -1310
-6857 7959
1132 -7172
4103 -5157
-1704 6134
-1184 -8045
-7281 -2132
-3343 3955
7961 -3799
3962 -7712
723 -6674
7874 -8330
-2330 -2827
-3886 -5531
4479 -7802
7282 -8822
-1971 -1590
3079 5303
-3151 6512
7177 -3877
5645 2512
-2637 -5853
2431 1322
3129 5428
1124 -1190
-1728 -8216
-7873 -7902
1810 -1253
-846 8458
4332 -1287
-8074 -3560
4356 -960
-5183 -7220
-2808 -4202
469 -7736
-1045 3902
-7938 -7863
-540 561
-5091 3107
4658 6758
4906 2690
-8099 -7238
-1975 -7999
2525 6016
-4903 2803
-6306 -5354
-6735 1744
-6693 7113
2175 1466
-5316 3397
3964 726
777 7895
-3172 -5238
-3521 -27
7386 1600
-7672 -7615
4042 8134
-4661 6031
-1119 -8385
-4936 3401
7358 -170
3432 5286
7471 -6648
7658 -3773
4316 -1353
3226 -7253
5377 1782
-3069 3270
-7207 -2026
3208 -5763
494 178
3836 -5248
-8321 -2402
1665 -4118
-3499 -688
-5105 -8013
-2891 3197
4938 -4464
-2353 -2983
-5926 -5495
-2383 -2671
-5390 3017
-1417 -7464
-1756 7853
-8049 1241
7547 -7948
2217 2874
2014 3245
620 7960
-971 6719
1061 294
5056 1628
-8163 1521
4649 -7330
-6757 7446
4728 1610
-836 8291
-4848 -7030
1724 6670
2392 3275
-7694 1362
-6653 -2050
4422 6430
4487 -1283
7369 -155
1828 -2970
6825 -6791
7158 2366
-1640 -7975
4424 7276
3145 -5057
5784 7483
4184 6096
4532 7710
-1019 4114
1512 711
-7057 7913
-6587 4225
7143 -7501
-7234 -3793
-6711 4658
6921 -5952
7630 -4370
-4557 6170
1761 6533
-4993 3224
7654 -4093
-7344 6905
106 -2874
607 7694
-6703 4487
1130 -1570
-277 -3378
-6110 -1860
-4554 5638
-2919 4005
-3010 3233
6955 2140
1591 3301
4602 6600
5796 -2841
5042 -6055
-1443 -2490
7888 -362
-6200 4504
7819 1609
-1490 7945
-377 -2681
-6641 7489
539 241
-2800 3964
-348 1176
-589 -3098
6555 -6519
-6961 -4390
7255 1703
7583 -4025
7350 754
6484 -6557
-2807 3716
3533 -7350
-1786 -7854
3540 -5584
4884 -1444
7635 -4029
8248 -3901
-3513 -530
3398 6709
3532 -4489
-7536 1828
-6770 7046
-1097 -3407
-5404 -7719
4357 -1637
81 -2156
-7674 -2368
-5219 3087
-7014 5199
-1110 7630
-5639 3068
6367 7468
-7123 4478
-934 4737
-9019 -6212
5066 2665
-5132 -8023
7069 -8128
-7329 2336
-7879 1745
5505 -6356
-6327 -3958
-4958 3386
-2802 3686
7343 2006
-84 -828
2871 -5403
5268 7099
5683 -6414
3811 -7662
-6264 -3854
4252 -1146
-365 -2877
4665 1892
7964 -3775
-4635 -7629
-8550 -6998
-2522 -5415
5059 -4450
-6854 7314
3814 6744
1552 -2827
5655 -3162
-2210 -4455
1533 783
-5508 -3856
1888 6893
-6541 -1773
-7410 2477
-4660 -4543
6132 7365
4235 -3969
544 -356
3095 6593
3135 7079
1139 2729
3709 -1889
-2563 3271
-1515 -8051
-426 9723
3864 -5350
-3369 3888
7684 -3629
-8140 -2711
6520 -8361
-5078 3158
-6903 -4941
7143 1843
-6794 8122
-7791 -6754
-280 783
7392 2250
-7427 -3626
4787 -5101
6188 5438
5936 -4593
-4635 6159
-5396 -4233
-1347 4368
7619 -3927
-2355 -8536
-5314 2992
-1703 -8351
1732 7073
-7545 -2849
-2009 -8342
-4270 6448
1736 9823
4987 -8140
4355 -755
-8676 -2310
4108 -7067
-7959 -4934
-6378 -1039
-3693 -11
4877 -3405
3931 -7659
-1906 -7778
7130 2293
-272 -987
6281 -50
-5207 2786
-5181 3033
2423 -6389
1299 -2068
-201 -7012
5471 -2293
-6578 8049
-5168 -7422
6920 -7560
4999 -4372
55 7965
6071 -159
4083 -1626
-2147 -7969
4977 1671
1779 -1471
7557 -8541
2742 -4096
-4385 6317
-7349 7397
4915 6191
-7376 2074
568 -6592
-948 4436
6280 -6300
-4704 6501
-9476 -3861
-463 327
-5550 -3581
3660 8384
-2630 -4120
3776 -1192
-8396 -6572
-1652 -8547
155 -1461
6577 2231
867 -7718
-809 -3821
6962 -7239
3097 5459
-8576 -6738
-2415 -3165
7750 336
7151 -9041
6846 2198
4580 -7603
2791 -980
7903 -3999
99 -2350
4528 -1705
-5543 2975
-2945 3534
-2963 3840
-6918 4513
8146 -114
-1465 -8089
5077 1698
-2537 -4117
1462 341
-4639 6482
3358 -5966
3933 -9492
5920 -1874
-1402 3807
1550 2854
4789 -8279
1678 3428
3004 -8401
3677 -5516
-3367 -3113
3068 -6390
3895 -7147
1721 -1411
-5060 -7252
-7612 -2899
4519 -7168
-6234 -2314
-4654 -673
2420 756
-5168 5920
4045 -8527
-7967 1150
-8032 -1282
7200 -504
-5072 -7329
1945 3345
-5807 -617
-5292 3076
-7252 -3307
4828 2483
-2937 -2271
7220 -7100
5045 7452
4737 862
-3937 -610
-5006 5901
4646 -8565
1124 8303
1439 -2444
-6605 4791
-5050 -7349
-6947 4871
6655 1884
7049 365
-2122 -7546
4485 -790
5677 -2995
-6894 7528
-3126 4031
1921 -4578
-6480 -7454
-4483 6937
-4925 3395
3568 -4320
-1050 3984
1541 -6593
-8840 -7183
5806 -4236
-757 -7763
-3479 -2811
3521 -5986
7235 -513
-7490 7630
6545 -1026
716 869
5583 -5071
5341 -6463
-4978 3819
-7047 7932
8847 -7594
5765 -6722
-3075 3109
-2074 7463
1903 -1672
3829 -8075
3255 5054
3585 -5681
-7834 -2756
2533 -2340
6869 1928
-1095 4207
5144 958
-6952 4385
-2963 -2772
-6147 -3047
-5397 -7729
3774 8080
5877 6681
3965 -5859
-5251 2876
-6740 -8444
-3945 -5489
-5059 -7326
2184 -1129
7708 -4087
2582 -6433
3585 5080
-4690 5590
3923 -7192
6255 447
567 8277
6328 -3266
6484 1693
141 -1782
332 -6564
1260 3267
-6310 -2870
7385 1905
-5289 -7741
4216 -7310
4592 1030
5141 6923
6226 -6636
2027 -1791
-8013 -969
8143 -8108
-3479 -5381
-7568 -4485
4155 -1402
-3087 3693
6045 6665
-7719 -4358
-7432 -7344
-6221 -1291
1204 7430
3170 8051
7321 -7682
6824 1753
-5724 -5572
-7924 2041
-6821 -7343
-7811 -6294
-5953 8032
3749 -4589
-7113 2960
-6084 4925
-3708 -6100
6681 1891
-1245 -7906
-3045 4108
977 6296
-4920 -7213
1187 -3147
-8279 -4320
-9219 -3567
-6656 3911
-6835 7255
-5037 -7810
4466 5624
2232 2377
-2742 -5391
-4057 -321
-108 7554
-1226 -2169
7345 1485
-3812 -4515
2919 -3851
-1829 -2468
-2959 3892
-7890 -3761
-5306 -4860
-7500 1752
-3944 -519
-2138 -3003
-3602 -698
2470 788
7953 -4163
1806 3448
1997 -724
1808 2778
-4252 -4870
3098 1586
488 7285
1822 561
-1300 -7889
-7020 7474
2149 3060
-1224 3702
-7242 1244
6828 1582
-2946 -1924
-1183 -3229
3918 4961
7394 -6852
-6684 5164
7200 -7062
-6661 5093
-127 7241
-1393 7586
4727 2034
6459 1668
-7234 1896
3754 -1861
3210 6691
-6857 -4870
-3779 -147
7925 220
-7740 2129
-4768 -2980
-7412 3012
-6117 7284
-6311 -1307
3757 -5155
-4476 6190
4340 -1299
842 -7022
-2891 3436
-7622 2036
-5257 3333
3112 -3142
-6839 7837
4336 7423
3885 -3021
-4816 6334
4471 -7914
-2750 4080
2918 -5908
4953 1211
-1046 -4265
6521 -2782
3769 -4243
-8395 -3787
-2612 -5692
3476 8655
-7618 1959
3609 1732
-1770 -2384
7037 -1118
3773 7550
2956 6320
-2698 4235
2927 4470
-756 4111
2393 -613
5391 -8413
-2295 5154
-4296 -554
-2978 3911
-6555 8083
-1576 -8049
-3210 3633
6041 -4229
2764 -1781
-2640 3716
6767 -7978
4017 -1189
-5520 -5804
-616 -6705
7797 -8045
-138 8762
5217 -3389
2179 6807
-3664 -2992
7874 -3830
6692 -1644
4251 -843
-934 4334
-4807 6284
-924 4500
8083 -8618
-3144 3854
-1078 -2743
6892 1987
7750 -240
4877 6562
-8173 -7006
-6675 -3127
-7375 8033
7592 -7449
-8209 1923
3941 8030
-5603 3037
4374 -1285
7620 -7777
6819 -1036
3113 -3200
-1274 8188
-1390 -7021
7271 2014
-2943 -2685
672 -6149
1050 221
5527 -4947
-4936 -7751
-953 4258
-2950 -3266
-4732 -7379
-7865 -7628
-3865 5725
-949 4188
2011 2990
5956 6256
-6233 8102
-5358 -7506
1771 3305
-3978 5828
-7435 2284
-6645 -3792
7223 823
6310 6928
-4344 5805
-4720 6047
-5922 -4430
2039 3057
3543 -4811
4308 -774
-5481 3105
1256 -2175
2969 5353
-9356 -3394
7112 -7993
946 -7051
-7149 7687
4230 -1312
-8561 -5183
4326 -1797
1182 662
3543 -6280
4810 -2924
2205 1014
-6007 -1136
-6485 7989
-2075 -7951
2806 -2413
35 -801
7294 1706
7312 2637
-4552 6540
5176 2685
3538 1913
-2800 3457
1210 8660
4499 -3265
3838 -5959
6066 -2292
1588 -1754
2546 4684
4347 -1100
-1036 3998
397 -1050
-3237 4171
6718 -3614
8012 181
-4401 -5179
5650 8028
-597 -3485
-4650 6217
-3401 -133
-6275 7109
-6943 2060
-3186 3928
-7136 4427
254 333
-4630 -3795
2212 3424
5885 6351
4085 7318
-777 4659
7926 -4194
-8092 -3744
3955 7130
2920 7467
-5939 4936
5910 6362
5589 -3330
6688 1900
-5061 6027
-2951 3625
7646 -4147
-1099 4531
-8529 -3818
-3617 116
2835 7093
-768 3890
1010 6990
-5068 -7477
2666 1818
6498 6334
3951 -5540
-3721 -307
4257 -5686
3264 5325
4888 6904
133 -135
-2853 -1646
-1404 4747
3126 4355
966 514
2469 5712
4434 -8993
-6373 -7737
2760 1756
-1343 8661
-1662 -8695
7898 -849
2128 2769
4437 -8288
-2941 -2551
5505 6703
-3245 -1952
-837 4510
-2061 -4039
-8112 2108
5246 1954
-4857 -7495
7224 1727
5096 6654
6925 6567
-787 204
-7909 1759
-1144 -8553
420 -6714
656 -7229
-4502 6326
3291 -4669
-3076 -2372
3585 -4588
-890 8693
5051 2881
4689 1683
6204 -3363
1103 5987
438 -7528
6463 -2796
6674 2075
-3664 3602
982 8060
-729 4379
6646 -3678
-6899 -1835
1836 8197
4028 -5581
-2652 -1787
6423 -4233
1030 1774
4241 -1035
-8536 1071
-8020 8026
-5916 -4278
59 669
1369 -1316
5810 7229
-4711 -7082
8323 -3766
6297 6273
4743 2208
-6908 5007
2380 5960
3083 7594
795 -1301
4032 -5262
-5032 -7925
-4618 -1858
1071 -2091
-4671 -1560
6513 -263
-9983 -1336
6467 6835
3097 -3909
-3641 -410
5120 -7883
6839 6720
-7015 4577
-4641 -7726
6356 6337
6565 6406
-3008 3679
2959 -2641
6894 -322
-4955 -7841
-5007 -7325
4754 1374
3509 -3898
7805 -7585
4447 -1077
-5313 -4866
-3491 4532
4989 -4027
3994 -7396
-3707 -274
-3352 -4509
882 -6985
-7904 2202
5505 2920
7627 -3735
-6791 7612
-3345 -501
-6813 4684
-7366 4157
2670 6650
4250 -1143
7821 -4051
6942 -485
-830 7935
-3433 -270
-5029 -7137
-1155 -8332
-6742 4576
-7660 -7706
-4507 3528
4278 1359
4276 5942
4762 -7630
-2479 -2311
8366 -3931
-7276 -2889
561 -1079
4596 2544
-7240 2243
-3557 110
-3011 -5400
4483 4904
6885 1696
295 -494
3227 -6009
-1329 4087
5527 1351
-180 8374
-1010 -2681
4369 -7546
6847 6657
6164 -7062
-4073 6231
6633 -7062
-5152 -7668
4614 -3818
-1065 4154
-3228 3667
-4266 6248
3210 6760
-2048 7256
-8255 -3372
4228 -8655
-7804 2097
1244 1800
-6974 -7093
-2879 4019
-7220 7064
5548 -6288
5824 -3143
1262 5871
5858 7610
-8671 -6292
-7139 4941
3301 -6018
7622 -3817
-4832 5970
-2742 -2383
-3287 3431
4537 2079
678 -7468
8015 -4262
6921 -149
-7838 1535
-4478 6636
-2225 -7451
4011 5303
-7711 -7031
7074 1567
4593 1361
5831 -5327
4500 -7148
1865 3366
-3591 -273
2472 -1265
-6423 8038
405 7505
-681 4148
3711 8193
3611 5215
4626 -1143
-6945 7226
5441 6864
-654 3782
7681 -7704
-7806 -6494
4490 -7186
7142 525
-2678 3653
1731 -2345
2403 2705
3643 -4485
6503 7357
-4285 -4570
-5861 -3271
1217 6294
-217 8534
3183 -9455
-5170 -2670
730 -6372
5119 -5753
4202 7591
3753 -3018
-5250 -4143
2435 6938
3151 4872
-5748 -4547
6855 6633
4889 6216
6980 1463
2220 3370
-5511 2952
-6588 2174
7474 -4105
3942 5651
-8299 -2716
7273 270
-1008 4443
-1143 4420
1654 992
-5851 -1812
-1239 7633
4579 -4773
5932 7014
7480 -4034
-6719 -7550
-2743 -2526
-3686 3
284 -1100
7354 -645
5887 -6372
3923 -5406
-5517 3239
4762 1666
5912 7013
-7479 2218
7758 -3672
3534 4853
-5085 3022
-6203 -4329
-1209 -2022
-1085 8828
1221 827
-3223 -156
813 7322
-3683 -464
3911 7546
-6627 -2145
-689 4409
4281 -1382
-4806 -7464
7764 -7261
-7241 -3816
2025 -1212
-7985 -7106
-4429 6214
-6528 -6771
5119 -4454
3368 -5383
-5291 -2650
6829 -5846
1715 -840
-6572 5398
-7434 -6202
-886 -1938
4059 8755
-1823 -5629
4266 5014
7677 -4045
7950 703
2583 -3747
5814 5910
259 -1447
-833 -3041
4967 -5892
2322 2873
3951 -3559
5511 6905
-2863 3916
6170 -4080
3708 7818
-3474 -127
4700 -8168
-417 4560
-7799 -7518
1786 -3526
-6343 -1602
4373 7819
5385 1986
-4146 6133
7188 22
-860 8578
5040 7868
-8234 -7298
-5500 -3482
-4833 6034
-7554 -6161
-6927 4213
-5008 3004
-7214 8120
4173 -838
3701 -5488
-6475 -675
7335 -334
-3235 -426
-3028 3432
-8827 -2824
-5353 3642
6840 368
8013 -6676
-2340 -2132
-5103 3409
2525 -2758
362 7650
-2485 3275
-2212 -7897
-3157 -1522
1706 2201
5138 -2414
-7244 7356
7173 2477
1944 -1439
-1204 8204
3399 -3842
-6436 5100
-1682 7544
8095 -3927
2513 -279
6087 6527
-313 -3032
185 -3267
-5025 -5429
-7096 4547
-432 -2127
2158 -3931
415 -127
3137 -8018
-7070 -1017
-4037 -324
-9270 -3967
6506 6311
3595 -5443
1897 3572
-3951 3513
2576 -3228
7151 -3255
-7079 -5892
-6612 -2281
-1248 4513
-3270 -399
238 -1017
-2325 -4912
6239 7343
-7507 -3246
-6572 5165
7123 2162
2060 3103
-7649 -1006
-3812 -382
7644 -4064
6963 -2722
6652 -4426
4351 5946
-84 -6635
3841 -4259
663 -7124
-2297 -8090
3731 -1971
-1477 7413
1763 -788
-3819 -523
2170 706
830 959
-214 -64
5847 -7121
7214 -7378
-5821 -2537
-5206 -5476
3397 -2136
3092 -5449
3121 -6954
-2873 -3545
-5702 3280
-6840 5352
4192 -8180
3549 -5651
-6030 4960
-8228 2444
610 7753
-4605 6315
-1160 4554
-863 4414
1373 1626
620 -1307
-7119 4932
1733 -2749
7160 -262
-7119 7248
-6546 -1521
3498 6004
-2516 -2341
6268 -813
-4681 -5189
-6420 8067
-4923 -7455
694 2329
-4494 5886
-6809 -7330
-1737 7956
527 -6813
2160 -1901
946 2194
6557 -7926
2131 7472
7317 -4177
2208 1279
-2669 -1897
538 -5945
-1185 9117
-6031 4709
-4861 3409
-4816 6188
8273 -3859
7630 1569
3189 -5484
2126 -705
4185 1782
-7943 -8280
-7576 -6192
-1264 -7619
1187 1382
-7818 7497
17 -418
187 -2006
-4372 6036
5076 -3044
937 1996
-5924 -5357
2020 2600
5014 -7328
-3010 -2495
2236 3270
-1471 7802
7300 2167
3872 4888
7260 -752
-7880 1859
-3937 -2242
3034 7556
-2334 8189
3629 -5234
769 -788
-7527 1710
4458 5563
-7804 1624
7538 -4034
4314 1851
-6288 7325
-7666 -3424
-7501 2329
-4050 6096
-2052 -7900
7660 -4124
4555 -1215
1240 -59
5035 2473
4263 -888
-3101 -2227
-7954 -3965
-3842 -4649
-7197 -2174
-6851 7709
-2932 3139
-7651 -3880
-6924 -1710
5083 2550
1468 5753
-7081 -6600
7892 -4061
824 -6704
6187 7235
2541 -6206
7374 -7288
1835 -6893
-6453 4521
-7761 -1658
1580 2596
-7212 -8847
6894 2174
6025 -2724
-3475 -943
4571 1817
3003 4881
3713 7078
-7644 -6988
4089 2100
6896 465
2287 2694
3354 -7246
-5506 2975
-4816 -7503
2531 1388
3512 5561
-2561 -4102
-2857 9004
-5976 -4379
-5198 -688
6381 404
871 8024
-6992 5527
1306 -697
4112 -771
1273 8093
-6522 7421
-2739 3447
7858 -4137
6631 6191
1388 7755
-2854 3746
6690 -6285
7471 1975
-3271 3563
7533 -1301
3934 -2294
-2452 3472
-5262 3411
7930 -4200
-6564 -6863
4821 -7004
7669 -3414
7213 1852
6848 -7477
-4856 6129
-7222 7520
5149 -2397
-3449 -421
-3653 -4135
-6739 -1452
1043 7057
3561 -3980
-5836 -588
2806 -1515
7433 1866
4487 -2378
-6019 -4847
4565 -751
-4417 5833
3947 -6059
4913 6269
8049 -3580
-3168 -5298
-5354 2826
2721 -5347
5783 -5156
70 -2886
-1700 -8279
-2659 -1774
-2742 3164
-1621 7014
3065 -5122
6161 -795
4521 -1518
5791 -5415
2406 -5704
2935 9278
1805 3054
-3157 3755
-6617 -2109
3455 -3940
-4719 3118
-1258 4139
-6290 4180
-2196 -2762
-7816 1794
-2354 -5759
-6267 -5661
-8865 -2874
2829 8413
-6420 5150
7506 -3577
4276 2334
5005 -7695
4890 1039
3490 6516
-4876 6042
-7747 8110
-2184 -1787
-2317 -2771
224 -993
-7160 4167
7463 -7910
-5045 3239
-2610 8427
1933 3219
-8799 -2695
4633 -8034
2935 2747
7390 1512
-1268 6829
-7597 -5849
-4851 6397
-6544 5112
-2531 -2812
-7543 -3747
4561 7020
1939 3288
910 8114
-519 4494
3760 -4059
5230 -7171
4323 -3704
599 -2532
7850 -4021
4429 -1078
-3602 -343
-5230 2884
3483 -4614
1319 -2112
7336 -7581
947 1017
5348 -6796
6069 -5069
1988 3238
-3079 3290
-3678 -748
-3551 -5399
664 -6346
-4960 -7821
-4604 6771
4987 -8569
-5272 -7530
5774 8144
1051 6414
5635 -7165
4680 2565
5030 -5531
7137 979
-4864 -5457
-384 -1992
4728 -1399
3973 -1629
1807 3392
-2448 -8239
7286 -133
-5003 3451
7929 -3476
4730 7834
2155 3073
3169 1834
5475 -3665
7396 -262
3764 -5850
4883 7425
2720 8157
1998 5044
7467 -6794
2584 7252
-5226 -4218
5588 6069
-5629 -3135
7461 1209
3856 -3240
-9040 -4734
-3951 -4629
2723 -3614
8034 -4085
5890 -5929
-1687 -7206
-3459 -349
7000 -193
-1205 -5367
4238 -7488
5294 -8767
1597 3016
-3485 -563
-6080 -2043
-6981 -7796
-7745 -3357
-5229 -4160
-2455 -2156
-5167 -7993
693 20
7475 -4248
7685 -817
6448 -6819
5050 2479
5914 -3413
-5276 -4927
-7287 1573
6195 -6962
-3860 -554
7936 -65
-7591 1225
4277 -4892
7049 1792
-5022 -7516
-3693 -4871
4463 -7498
771 6630
2934 4574
3363 -5968
3582 5316
8125 -9276
-3520 -4643
-8067 1847
-3501 -4834
-3832 -59
-3592 -200
-5516 -7531
-4601 6312
-5413 3124
1904 893
6520 -6672
-6800 5003
4314 -7586
3050 5369
-1290 -2054
1816 7271
2858 -4393
-5380 3639
-7095 7102
3518 -4145
-8630 -6868
3935 5418
-8003 -4016
-5378 -7326
-7511 -3581
3829 5074
1330 -3240
-2753 -7198
-5927 -2435
2401 -2930
-4 -2554
-4909 -7521
474 -8063
-1820 7867
-97 306
5027 1201
-7156 8001
-3670 7439
-2647 -5336
2705 -3096
1297 8599
4897 -6238
7988 -3912
6313 -4617
5622 -3404
5745 -2837
-6928 5195
-4993 -7330
-371 8086
4546 6873
7490 2345
-2973 -4612
-4875 -7994
2404 -3032
4576 5407
3762 5694
13 -3393
-5113 -7455
-7092 -6539
1453 7765
-4888 5955
3546 -4464
7839 -4188
-3710 -652
2210 7880
-475 293
6539 6281
3159 198
-8323 2485
-3627 3676
-1641 8083
3586 -7864
7873 -9180
-1100 4589
412 -708
-973 7014
4817 -6471
7510 -96
-6859 -1426
1571 2890
7251 2319
6127 -3249
-1557 -8689
5329 -2305
-5337 3224
-6636 -4358
5324 -7457
-3731 -4576
-3850 -520
2718 -4693
247 8668
-736 3751
-2020 -2160
3581 5065
-2121 -7741
5031 2706
-8040 1216
4695 -1128
-5134 2656
3422 7102
-6654 7521
7909 15
4267 4360
1888 -69
3546 5142
-6438 4373
-7570 5076
-329 4210
7463 -7889
-7259 4204
1303 -1729
-7684 1524
5105 6939
-7948 -5149
4711 1778
-2841 7283
5519 -4821
7768 -4505
7465 -4261
592 -3964
4442 -917
-6982 7601
-6294 4615
-6685 2014
-9032 -6379
7791 -213
-5019 -7694
-5038 -7456
5041 -7505
1924 427
-1599 -6843
5129 1587
7671 -4003
4700 -1097
-3595 -140
-6643 -4980
843 -6459
1639 3211
-1174 3901
3351 886
-6619 5065
7081 1684
-7413 -3693
-7708 1953
-6062 -4992
-5481 -4932
3716 -7171
7291 -27
3878 5439
-137 -2724
7585 -4006
5570 -7274
-2966 -4537
496 -7044
592 -6117
6064 -7904
-653 3826
5558 6360
-1923 -1935
-5983 -1314
1827 1104
-3961 -5434
4112 -3786
-4700 -4750
499 214
3240 -3512
-5483 3258
5188 1909
2199 1076
6341 -3656
-2749 3257
-8053 2270
-2443 -3959
-2084 -8146
-1762 -8431
7737 -8283
-1081 7452
8477 -8956
-6760 -4280
3817 7803
2129 -954
-6072 -2038
-3069 -255
-6888 7215
-8318 -4210
-684 4400
724 -552
-5413 -4316
1563 -1944
-331 7148
-6534 -1590
4660 2170
2912 6852
-5340 -4791
-627 4430
-6613 8255
6506 810
1947 -7
373 -6192
-1340 -8021
-819 -3555
3779 -7282
8047 -3606
-5340 3155
-6851 7385
-6070 -5403
3971 -3986
-3000 -1455
3022 5955
-3313 3568
6703 6398
7647 -3796
3177 5697
6962 1675
517 8077
4819 1255
-7270 -1602
4053 -6806
-791 -2812
-613 4202
-1020 -2392
-828 4498
3842 -7723
7249 2238
406 -6394
-6834 707
-6860 5307
-8400 1224
-971 4284
-76 -2162
-4792 6256
-7902 -5224
6625 -4667
3335 8622
-7039 5387
-2935 -1830
4270 -1000
6023 5767
3586 -3766
4125 -5641
3571 -7859
2918 7642
5733 7498
-4976 -7534
2382 -1652
4791 3562
-4807 -8228
284 -40
-3822 -5191
3135 8035
1014 -7200
6995 -296
