100 283 4615
0 0
2525 9360
-9385 -3830
-3600 3429
-9733 8647
-4540 -8340
-7686 3995
3402 3761
9506 1672
9823 -1307
-1292 317
6574 -9955
2140 3614
5864 -252
-324 5496
7656 -2368
-5980 -5781
6114 -6335
5080 -2127
-6792 -1038
5713 -4060
-1734 -8801
-6023 -7298
3528 1992
-4773 -9734
-590 -6700
-1032 -9912
-6031 -1863
7099 2607
6196 4893
9967 -9199
-1793 9711
3511 -8163
-981 -1783
3161 8588
-2702 5971
-1010 7452
6881 -8573
968 6520
6095 1842
-3601 6919
-6803 2743
-5526 -646
4355 -9694
-7023 -9625
6428 -5370
4755 2319
-2878 -3003
130 -7574
-886 9217
9239 -3466
2473 -7580
-546 -8391
1479 4473
-888 1864
8580 5173
-2874 -1745
-5469 -4739
-988 4332
-4326 1670
7033 8293
3357 -1165
-7730 -305
-8479 -9182
-5943 589
429 8595
-8969 9397
-1025 -5321
4593 8144
8030 -4972
8042 -3471
300 -4402
5725 -9116
4733 6037
-1551 -6230
-7011 -5518
6038 -7754
6300 9170
-5029 -6628
-5556 7503
2697 6169
-3458 9089
-5288 5871
-2528 954
-4376 5094
-7703 2125
-2521 -4073
7146 4001
4921 -8493
-2840 -69
498 -6016
-8258 -3517
7083 -6735
-2640 7263
7925 9425
-95 3323
149 -1671
-8839 -2206
7991 -9685
4560 -4490
1 11 614152
1 13 7199800
1 24 3412933
1 34 4394573
1 55 344089
1 62 5044609
1 96 2323475
1 97 2349692
2 32 5043827
2 35 2383623
2 50 1391257
2 66 1549361
2 78 1400969
2 95 13175114
3 5 2053810
3 64 13145936
3 76 1687268
3 92 539880
3 98 3141954
4 36 4499692
4 42 2163320
4 55 3371067
4 59 5250616
4 60 212079
4 84 290788
4 85 241478
5 7 3143924
5 67 2093187
5 80 7024952
5 86 3894402
5 98 18192283
6 22 3681572
6 23 455624
6 25 2942722
6 45 5106611
6 75 4382183
6 79 3067173
7 42 3450543
7 80 2365884
7 83 6785464
7 86 312582
8 13 269211
8 24 3495845
8 30 2319155
8 47 1585807
8 54 558228
8 74 3158369
8 81 2413443
9 10 6818331
9 14 2585880
9 29 1124934
9 40 5401437
9 56 8343248
9 88 7211274
9 95 6543430
10 14 3960523
10 16 1725443
10 31 5200544
10 51 1991119
11 34 1640803
11 55 584178
11 84 259593
11 90 2361022
12 27 6359567
12 38 203969
12 44 1880880
12 73 847631
12 99 3480619
13 24 1104821
13 54 299600
13 96 1553360
14 16 6094754
14 19 4272046
14 24 1119993
14 40 4962282
14 47 2533024
14 62 1941652
15 36 1416463
15 37 1295919
15 39 3436647
15 54 3213941
15 59 1674843
15 96 2876024
16 19 3623870
16 21 2098431
16 51 530150
16 71 2048446
17 23 2442507
17 58 505201
17 76 879933
17 79 693762
18 33 6391148
18 46 1382792
18 77 3267138
18 89 4641466
18 93 399103
18 100 2886812
19 21 3472837
19 62 941016
19 100 2372106
20 28 383448
20 43 1058588
20 63 2619073
20 65 2523490
20 92 6095330
20 98 2825855
21 46 413343
21 71 3153254
21 100 1334512
22 25 1846716
22 26 5010401
22 27 145364
22 53 299030
22 75 4196909
23 45 1485110
23 64 1714236
23 76 4576921
23 79 2507633
24 47 406807
24 62 1378762
25 27 1220281
25 45 706050
26 49 1014864
26 53 2712232
26 68 2574525
26 75 839132
26 91 595790
27 44 13407515
27 52 3629046
27 53 1781451
28 43 1411357
28 48 622917
28 57 1775695
28 58 418965
28 92 2322259
29 40 1489086
29 47 2557148
29 88 327590
30 47 2271778
30 56 2739586
30 61 7374601
30 74 191269
30 88 2742782
31 38 4273900
31 51 5913485
31 70 1307568
31 93 2245489
31 99 4735423
32 37 5056264
32 50 1569436
32 67 7077644
32 82 3229170
32 94 483541
32 95 18827491
33 44 3211217
33 52 1106508
33 89 1530580
33 100 2931493
34 48 413036
34 57 4318756
34 72 3021460
34 87 5042351
34 90 649762
34 97 2047323
35 39 3888522
35 66 5124360
35 69 177019
35 78 1134871
35 81 686631
36 37 490237
36 41 1484499
36 59 3748155
36 85 1634181
36 94 1264763
37 39 1716442
37 50 1104858
37 66 2633746
37 94 2064861
38 73 1451614
38 77 1669055
38 93 574681
38 99 373309
39 54 274746
39 66 222103
39 81 1123026
40 47 3342640
41 80 3791142
41 82 2029347
41 83 366994
41 85 940523
41 94 615911
42 60 317233
42 65 766487
42 83 2261698
42 85 1283090
42 86 514963
43 57 1788291
43 60 441604
43 65 2488883
43 90 1422394
44 52 315696
44 73 428098
44 89 1923682
45 64 480211
46 70 1263921
46 71 4052508
46 93 429502
46 100 895721
47 88 1838241
48 57 173574
48 58 900158
48 87 486089
49 52 4321956
49 53 125325
49 91 668138
50 66 1426364
51 70 1216147
51 71 668262
52 53 585370
52 91 6117079
52 100 3242632
54 81 1772422
54 96 3019749
55 59 2323677
55 84 806074
55 96 1191927
56 61 3158593
56 88 3220141
56 95 2341544
57 90 680563
58 76 1003740
58 79 4514282
58 87 6280209
58 92 4244141
59 96 3194147
60 65 4698023
60 84 1395633
60 90 934051
61 69 459594
61 74 807076
61 78 660039
61 95 551000
62 72 10648177
62 97 6965721
62 100 6209254
63 65 4042003
63 86 1871807
63 98 1768695
64 76 2305462
65 86 474724
67 80 3760809
67 82 12685668
68 72 450766
68 75 2494281
68 87 2196071
68 91 1372829
69 74 476905
69 78 366818
69 81 3011159
70 71 174758
70 93 4971556
72 87 528212
72 91 789881
72 97 651443
72 100 1176860
73 77 1094714
73 89 687690
74 81 3853668
75 79 7088256
75 87 653816
76 92 1928917
77 89 2366617
77 93 206885
78 95 705481
79 87 8695863
80 82 4742031
80 83 255222
82 94 1262453
83 85 684446
84 90 2434211
86 98 9760138
91 100 2381630
92 98 635505
-3806 -2222
-710 -5872
-4378 5680
-6896 3071
3396 767
-4997 -2989
7097 1956
7389 4899
1826 3076
-1241 -5532
7017 4449
7392 -761
-3699 -7684
-5437 -5879
7909 7595
-1094 -5545
7018 -8009
1467 -899
-1704 563
7014 -5302
-7343 3095
2254 2839
-5264 1691
-1324 2115
-2014 -738
1970 7077
-315 5201
4402 7091
4500 -686
-6337 -7731
2690 -2674
-116 1063
1207 -1001
2817 -6605
-520 -7299
3606 178
6788 -17
-1819 6991
-7735 -2768
7520 4819
-4290 -3124
-4066 -4331
5130 4161
4540 -6377
3646 337
-5440 3858
6018 -6325
-6256 2986
1506 -5580
-7643 -4114
4198 3799
1778 -6495
-5843 -955
1516 -6025
-1762 6577
4961 -1472
2457 -1389
-4292 -4472
-2166 -5953
-7211 2484
5800 -1638
5788 -1766
4816 7405
-6629 79
7532 5125
-6142 -7619
-1065 7691
7745 8323
52 6445
-4821 -4967
6728 -155
-4825 -5989
1446 -1300
-3946 7632
1004 -1334
7532 -4967
-6524 -45
-49 -6273
-621 -5346
-6401 -2912
5098 7297
7444 -348
-5391 3211
4960 -7046
3593 -735
2893 -3065
-7270 -3026
-880 -660
6485 356
-2241 8625
-2117 7523
-3400 7917
4792 -169
-6888 -7864
-2170 2268
-4671 4974
-4201 -597
-6304 -7832
7504 1919
2448 2842
2681 -6305
-8903 -5348
3714 3908
-4970 -5454
7594 -552
-6560 -7333
-6437 -2612
2365 -1441
-6812 -346
-4000 1682
4482 4726
2024 5794
4935 7515
-9068 -6211
2374 -5509
-6403 -477
-4827 -6334
7541 1656
-2462 -6736
4620 8026
-4246 -4051
4318 -398
-2840 -1912
-6506 -254
7233 4629
4592 5643
-1564 -587
-4071 7612
-2966 -2639
-2430 4958
6728 -4726
-1981 281
-7383 -6412
7238 156
-6524 -2086
6043 -5331
3009 -3564
-1640 -168
1781 -1483
4290 4567
-20 -2529
-3759 1862
1452 6379
8994 6986
1286 -1019
7421 1228
-4233 10
7554 -5070
4360 6779
1813 -6133
-7131 6195
3790 2173
205 -7061
-3597 -327
-6229 -343
5643 3388
-4645 -5389
2382 6868
-7740 6442
7150 4779
-1957 2552
-3166 978
-2706 3025
-7804 6053
7438 1361
2972 53
-6059 -7846
-1773 -7490
-8238 6050
4235 5050
-4432 -5455
49 4311
7088 -5043
-1804 -514
-4187 1591
-1785 -5483
-3859 -4320
5260 -4887
-7915 6029
-2234 8751
-917 1090
6863 4156
6285 -1730
1966 -3264
-6074 -7925
-6912 -27
-1680 1618
-7603 -3402
-5247 -4913
3839 7192
-3024 1302
-1013 -2320
-6199 3594
-2093 -4743
7452 8006
-2363 1708
-6571 4
-608 7285
-5593 -5792
-4212 7730
6779 5390
-546 7407
7213 8075
9253 1945
3702 1738
-4519 283
-3780 -5102
-6814 3025
3999 3923
-1440 -4268
8456 1142
4566 7159
6296 -7707
-8163 -5388
569 4705
-5796 -5707
5436 -7129
-5161 4648
-4815 5605
-2385 642
7965 1608
-7789 5838
-1897 -240
5216 4785
3404 1239
-6545 -115
3818 4066
-637 3594
7457 4636
-7633 -3397
-7599 6474
-4718 6206
1401 -746
4796 1448
-4076 3987
-1358 -4154
-2154 -6542
1327 6288
7177 2019
1513 -1297
1870 7242
1334 3430
7581 4780
-4053 7459
2775 2829
3535 -3719
-6530 -3
-3557 2404
-7077 -3203
1150 4232
2730 -430
-269 -6464
2917 6482
2121 -2148
4024 -3727
-4173 7615
2960 -5587
5049 5280
-5052 -5316
-2783 -5652
6200 -6613
4696 6791
-842 -338
4534 -997
-6387 -3128
-954 5165
7198 6689
-1694 -5087
-2365 5925
-4826 911
-3199 2380
-8148 6597
4129 5142
2101 3181
-2393 97
2107 -1527
-1752 -211
3978 2388
2507 3032
-5076 -2634
4165 4841
-6495 42
1189 -89
-1641 392
-5029 -6201
3875 -3873
-5166 -5502
-2450 2664
-524 -1505
7627 2107
-4002 1504
-7617 -2749
2076 7395
-5063 -5737
1939 -5201
-7868 5798
-2692 -7200
7181 -4583
7287 -5474
5478 -1573
2832 -3221
1862 2674
6164 -6823
1351 3237
4824 -6364
-59 -6978
-1274 2523
4571 -5374
-894 -683
-1486 -6673
-6004 -257
2918 -1586
8405 8488
-6331 -8199
4615 6643
4306 3831
898 -6111
-123 8787
-2626 -7747
7336 -135
7880 2319
-509 2085
2152 6263
-1463 -754
4925 4462
3000 1689
-5085 3884
-184 4171
-1204 -4794
-6049 -7536
5499 -8810
7745 -63
-6244 318
-4186 634
1391 6460
-6066 2709
6946 -4677
715 -1138
-4898 -5610
-8434 -6550
-5732 4481
-7893 6114
7646 -454
-1507 -1105
7126 5477
7813 7860
-1558 4739
-1613 137
-6429 -6064
4045 7179
4316 3570
-585 4888
-4358 1714
-701 1328
-7265 -5689
7301 -256
-7783 6534
7721 -1359
6913 5198
-2116 6581
-7351 -3972
-4809 -5276
746 -6093
-184 5030
4703 -3642
-6327 -266
4968 971
-5482 -5490
2280 2951
6955 -4863
-376 1026
-4215 7700
6056 4839
5568 -1777
4474 7727
-1211 -7620
5049 685
-4782 -2286
4712 -7113
2769 -3376
8237 7490
-568 -6173
-125 5306
5107 7228
-1596 8779
-2820 -6773
1695 -1099
-4963 718
-1206 -1767
4452 5801
-3219 -7264
-5887 79
-8127 -5903
-1548 7375
-1911 3073
1044 3956
-4535 -2855
-599 5660
4142 1656
-855 2124
6742 -637
-4475 460
-4483 3569
-2901 3587
-4635 2287
350 786
2346 4009
7121 -5514
-6801 2893
-4520 5623
-6474 118
-2826 4836
-1937 -7198
-4907 5317
-8726 6497
4354 -7597
-7942 6515
-3595 7485
7627 1767
-4869 -5493
1652 -910
5229 -6500
-5808 -8116
727 3978
-7730 -5506
-1288 5121
-6964 4313
-5253 3355
-5987 -7391
8787 2316
-4073 -1824
-7001 -5752
5891 3769
2216 -4967
4459 4395
-1887 7556
-3911 7097
-6742 -3079
-4624 1302
-5723 -5583
7019 4713
-1316 1805
-7753 -6129
-6158 5132
4915 5215
2614 -4213
-5940 3799
-2879 -2057
405 -7036
908 6723
-588 8119
7411 -219
2578 -478
2799 2000
7057 -5385
6684 4036
3820 -4425
-909 6605
3999 -2682
-2560 7655
-7649 6423
5118 -2699
-4613 -3654
-6256 -3009
264 -5171
4898 7125
1080 3647
7505 1102
4872 -4164
-933 -7915
-1197 799
-1220 2327
5528 3837
5360 -953
-8856 -6548
-3881 -5923
-3771 1436
-224 -6253
-869 875
7558 -861
7851 -481
-2329 7990
6694 -5215
2272 2804
-5514 -3054
-3414 2876
7163 -4581
4563 7259
-6434 -29
-1979 3785
2444 -160
144 4735
4261 5269
4643 5886
-1956 -34
-1506 -7520
2846 679
2519 7420
-8012 5271
1927 -3098
2308 2403
-3054 -2433
4538 -728
-6566 5823
1203 -309
7225 -4550
-4992 5215
-4671 2298
-3376 -2232
-4661 895
3447 -1522
2519 452
7178 -4424
8200 4744
8101 1614
7727 -632
-6450 -129
8597 721
3136 -4633
5639 -1318
-969 1394
3457 1128
6918 -218
362 1953
-1252 -470
-6702 -2957
-7976 6255
2488 -6453
7088 410
-5399 -5450
-3255 4580
-1683 -85
4088 4258
-3207 -2649
3512 -1477
7535 1455
-5307 -5236
5213 -3717
-1291 -4795
3948 1986
1390 -504
3527 -6267
2110 -1331
-4701 -6345
-1964 -5411
-2890 -6925
-7683 -6897
-8010 6253
2462 7927
-6755 -460
-1182 2058
3456 -223
7311 5323
-2171 -7231
-7964 -2772
715 -6185
5235 7897
-2051 -8467
3303 -528
-958 -7946
89 -1777
7619 -5232
8285 2446
-1778 -371
-2391 3978
-1718 -585
3089 -4588
7568 4842
-2634 -2084
6085 -1645
1174 -6761
7142 -358
7715 4134
-2562 6396
-4093 7237
3592 -5096
-3078 -6358
-7735 5831
5232 -450
7135 -4738
2969 -2801
-6185 -7302
-7191 -6011
-5002 5731
-5197 1757
-1863 -484
2043 -6238
-3497 4423
3853 5419
-1525 -897
4804 3109
632 -7384
5328 -2354
6406 -1874
1311 4606
-6329 -429
4343 -146
6389 -4382
5918 -6408
6976 4757
-2112 -5111
196 2233
4207 8085
-5796 -7793
-7417 6223
-3892 1466
7190 -5132
3309 2371
1795 -5545
2807 155
4445 6799
1130 -7386
-3780 1612
4459 846
-6393 64
-5657 3219
6895 5036
-3678 -1317
7466 5132
-4331 1985
1227 -1188
-6242 -7724
-346 5904
-4585 218
1514 2491
6956 -7427
-8875 5927
-8032 6539
7016 5311
-1726 1517
7335 1552
-558 -7829
-4545 6623
4984 -476
7564 2110
4421 -3897
-2715 -8515
-1886 2988
4881 -1010
-3815 -791
8213 331
-2547 1378
3661 -3403
-4487 5570
-811 192
-6338 -382
6855 -251
4970 -7149
-8811 -5872
-5695 -5604
7415 8765
1783 2840
4404 -600
-2187 -6276
2602 3148
7177 -5328
7050 5246
4698 7682
-1186 -447
1127 -434
1082 -1784
9266 7098
1861 -3318
1564 -5985
5174 6435
1712 -6082
133 1087
4693 -4723
7489 8018
3201 3572
4181 7102
7497 -975
2357 -6320
-997 -7427
-264 -7345
1180 6549
7820 2181
4259 832
-633 5486
5389 -6652
-5614 -5194
-7217 -2897
7230 5461
5590 -359
-5922 2995
-7690 -5922
-1086 1977
6695 897
-1822 8021
4367 -1041
7963 8214
548 -1354
-6992 -4184
6088 -5960
-3978 7814
-3633 -1216
-5745 2678
2989 2700
-4357 5831
-4054 5299
-5858 898
4425 -4522
-135 -1015
-6959 -3968
-6191 -7808
-2843 3352
3703 -537
-3851 5587
-4232 7753
-630 2135
-7216 -2682
-864 7012
5001 -226
-1880 -6120
-597 -6509
-2327 3397
-7928 5797
6758 5001
981 2679
3808 6972
-6574 -313
1211 -862
-6609 -7515
-2557 -7291
-1781 -292
4161 -1485
7684 -5138
-5061 1218
-285 -2407
4252 8133
-62 -7271
-2487 -6600
8031 2328
2322 -4782
5687 1692
-450 1530
-6308 103
-2770 6143
-1542 -7861
-1080 -4795
-1218 -5408
-4579 7253
-8211 6475
6630 -148
6802 5038
-1072 958
6912 4721
-8495 -4805
-2067 -699
7329 1807
7512 542
-122 1879
-3171 -2968
-5066 -5103
2095 3026
7666 7701
5241 4518
-2090 7362
-3564 7383
-2577 -2279
-1846 7007
619 -8193
-7007 -3399
2728 -5312
-6726 -3227
4282 7756
-4087 7444
4091 4879
1646 -1382
2597 -2348
-3804 7582
8486 2759
-6766 -2552
6830 5714
-5969 -7829
4790 7496
7116 7841
-457 -1104
-1623 -8178
4764 7013
-6931 197
-2837 -7825
-441 2759
6478 1802
-3678 7581
-6488 -86
7196 -4566
-4375 -1762
-208 6204
-1935 3345
-808 -2897
-5245 5890
-7157 4097
5240 -6867
-3934 7580
5155 6886
-5367 4745
6697 5005
1531 3268
-6069 -7577
2925 -2055
-6824 145
-2917 1247
983 -1292
-4033 -5464
2900 -4652
-6119 -7763
-1411 8188
4373 -1703
-4484 5845
-2863 -7199
-4000 7642
8448 2447
3345 -2190
-5498 -3076
-5264 2017
3911 151
-534 -7900
-7276 -4010
2924 -3516
-6124 -7597
201 -5503
3834 -5202
-1795 -3624
5745 -2332
-1690 6576
-7366 -6004
7520 5379
-7677 6223
4816 -6781
2825 -3157
-4847 -5233
-1210 -4900
8206 2833
-7211 -2162
-3203 -3077
-3685 5209
1054 2455
-5874 -7553
4100 512
-6205 4492
8028 2512
1353 6151
1078 5480
-1788 429
-7267 5827
-4240 -2247
3558 -859
2835 -6383
-4194 1179
8192 8389
-7067 2736
4037 -787
-3641 7571
9421 8010
6959 -188
4563 2424
4053 3785
-1392 -2338
2202 5828
-2079 -258
846 -781
821 -9251
-3260 -7163
423 6034
6550 4322
2497 3284
3277 7903
5963 -2571
908 -884
-1521 -226
-6018 172
7159 8526
7162 -272
1835 6845
5295 4974
6916 5232
-4891 -6027
7783 2218
4077 8215
3785 7388
-393 -2488
7064 -4534
7522 -4829
-6113 -327
1976 -6298
5192 7773
-3844 7727
6031 -7005
4074 -4554
-7957 5611
-4344 7644
6368 -1046
7340 2550
6433 -901
-1481 -569
5078 4789
-4615 -4548
2141 3341
2599 108
272 -7050
5617 -6008
-66 -2697
-4510 651
6299 -565
1533 2605
-7827 -2923
-6717 -300
-4741 -5396
2136 -211
-3391 7610
-1995 1153
-8149 -6317
-5352 5223
5109 -8088
-3216 3825
-5601 2971
1950 -5656
5434 4936
-1031 -7601
3571 -5566
686 -4635
-4124 -7072
6491 -1394
5507 -1973
-6398 2595
7197 2744
-4676 -5532
3419 -3306
-5749 -5770
-1065 -2501
-4840 -5886
-960 1609
-7917 -3411
-4098 -2750
-2248 -7766
-2967 -1490
-6425 -7407
-566 1104
7826 5684
3996 5795
176 -3033
-1041 -1870
-4206 6952
-4402 -6086
3399 1770
-6527 2556
-516 4566
6261 -7024
-185 -7420
5767 7950
503 -1117
7861 1897
538 1781
2711 -3620
434 1488
-826 1269
6721 4894
4606 -1638
1913 -5867
7185 3745
7590 5742
1729 -5918
-1724 -1751
-4245 -1863
-1193 -5764
-539 5428
-3497 6068
-2108 107
4321 4809
-1365 -6893
-3930 132
-8022 -5309
-1876 -7540
7821 -4817
-4023 -2358
-1730 1808
-3855 1807
2849 232
3109 514
-8426 5951
3882 -4781
-7206 -6518
3499 -3852
2591 3740
4108 182
-4658 5876
-8161 6240
-6294 3014
4152 4869
-7500 -3722
-5119 2500
636 5799
7065 8285
-4617 1749
-4711 -3012
2797 7905
-2006 3213
6110 5217
4928 -6976
3685 5411
-1541 -5409
2744 -5875
2036 6601
3935 -1223
5315 -7604
-1351 -5103
-2381 6181
7755 7258
-1956 110
8131 1966
-6105 5365
7353 -4810
-7263 6147
7315 -5074
1366 3667
-1441 -8638
4200 -6404
-2026 5582
7051 3921
7263 4330
5145 5155
6597 -5101
-2265 -7954
-4312 113
4643 -2805
3336 3554
7166 8388
1411 -1275
-8126 5913
5319 5005
-2010 -2606
3722 795
5128 6697
2172 2980
-5214 -1702
7600 -510
-443 -2505
-3362 -2353
4707 6293
2006 -1514
7019 -5066
5036 -3849
-4566 5413
-230 -2213
2585 -4835
-6347 274
7244 -5217
-3734 -7457
-5874 -7652
-942 -4320
3184 4122
-7269 5785
2548 -5757
-7844 6179
-7697 6280
1323 6693
-400 4688
-317 6129
1536 -1134
6848 -5557
-6468 -1507
-7765 6566
390 -6437
-4906 -5813
1921 -1563
3486 -4782
-6083 2025
-4004 -1597
-4274 5127
-4354 1547
-2007 -7657
-5505 -7800
-2855 3573
7058 204
-6038 5783
3334 160
-3885 1991
1717 -1563
6767 1785
-635 2390
-679 -6858
7881 5672
5249 -5592
1470 3254
-7006 -2965
-2541 -4926
-5075 4288
6178 -7106
9127 1600
-4724 5185
7726 -373
1958 -88
-3069 -6709
-6750 -3431
-1752 7205
7793 221
6644 8307
1718 -5530
-1125 2363
-6350 -7448
-4651 -5840
1540 -188
5140 7210
-2245 -8198
6427 -4696
1261 -5345
4210 -4560
9535 8764
7020 -5423
-3135 1454
89 4522
7900 8422
-778 6650
1941 -6525
-4431 1671
6980 -1153
4959 33
2398 3491
-4535 -5353
-4153 7318
-3770 -2267
3125 1372
-3485 -3821
-8110 6517
1731 -1087
2560 4303
4686 3809
4553 -2015
3950 7787
6372 5018
4211 -4894
824 -1266
-1235 -2312
-6544 195
5218 -4754
-1521 7392
6426 -7201
-950 -6725
-4181 5070
1892 3596
2297 -4979
6643 -3070
-2019 -7734
4245 5056
-1543 1041
8963 1131
-1318 -5053
-7214 5641
-4479 1483
361 -7484
2175 -6207
-2143 -7607
2968 6182
2837 2066
5304 -1280
7527 1784
-813 -7277
4605 -7765
-4687 5982
1563 -903
12 5497
4636 -5106
-7407 -7299
-3410 -3493
7872 7149
4722 -7663
4848 -984
4199 6645
7110 -4209
7821 2375
-781 6638
-7734 5818
7781 8952
-1838 -3030
-2349 -7944
2388 -955
-6504 -7943
4563 3416
-6656 -49
1547 -767
7366 9115
-989 1500
-4327 5979
-1393 -5139
-7988 6184
2646 4097
-715 -7357
-965 -4128
1273 -659
-3966 7640
-2029 3818
4111 144
1432 7193
2355 7188
8535 7600
2797 -136
6381 5596
6001 -2154
-5512 -5523
2141 1613
1515 -613
-537 -3930
3505 2668
3931 5070
-3982 7922
4268 -6543
-3358 -8531
5136 1369
6940 -239
3970 4397
1546 1388
2669 5290
3419 3001
-5423 399
-3670 1508
3160 -1197
1263 6319
-254 -5093
-112 4733
6837 5614
-2086 -193
1410 5959
-1361 -6170
2655 7611
1813 6906
-421 4943
2478 6905
-3877 7930
-1589 -7774
-3170 3796
-6156 -527
5757 1331
-7757 6197
2454 2209
3145 -284
3026 1897
9294 8056
-947 -5221
5700 -6415
4092 2556
1931 5578
6038 7827
1534 -1096
485 5368
5059 -7766
2804 2970
-4930 -5417
-6934 -3440
4218 4590
5332 5280
2963 5713
-8094 5823
2536 7480
4250 5299
-4029 -7163
-304 -4898
463 1069
-1168 2849
2707 -3258
2742 -6253
5284 4208
7321 4878
6705 459
-639 7581
3282 -2295
2406 -6202
-5849 4295
-6095 -7625
-1514 -7817
4661 -5832
-5903 -7604
-106 -9739
816 -8504
-7340 -5883
-1162 -2365
2774 1140
-7414 6004
-3741 7335
4890 -4982
2160 -4459
-3295 -7052
628 -1168
1200 485
4528 2033
-8617 -5461
-4088 1504
113 1121
6592 4777
4645 7664
-1336 -5486
-7516 -3485
-2775 2334
5668 -6933
-1673 -7142
2171 -5677
-4166 -2015
7004 4489
-7240 -5224
-6378 -3120
5250 3622
-5430 -5921
6719 2746
-877 5424
5288 4867
2750 3056
-7901 6228
1235 1872
1550 3137
-3392 2602
-6895 -2551
7608 1658
-1588 -4309
5019 6074
-4017 7624
-7041 305
-8639 -6201
-5020 2603
1488 -1115
-7242 -3429
-1895 -454
7776 7029
7259 -5072
1367 -1421
263 5079
5423 -8596
-1575 -7645
-3951 -2682
1691 6454
7298 1930
3653 -1812
-16 -5485
2459 -1066
5232 -7652
-7015 -6495
-8313 -5306
6807 -5005
-3953 1199
-88 5506
-6991 4593
-5936 -3946
3033 1841
-4336 -4964
-404 -7228
-4870 -2063
-6404 -105
-7966 -5885
7200 -4718
-2098 6115
1550 6770
-358 6627
-624 -5715
-8040 -2946
1514 -6301
-5790 5642
-5526 325
7159 -4743
8636 2579
-6606 -3717
-426 9374
1287 -6903
2659 6178
3591 6393
-5999 2443
2632 6848
5774 709
4580 4486
4423 -3538
-8334 6088
-513 8569
-3671 7658
4010 -1317
7305 4578
4852 4579
-1989 7644
2031 3649
-2547 -5540
8909 2011
1264 -1057
-3100 3765
4613 4387
-1819 3312
421 -5865
-8404 5742
3484 -2458
4908 5143
7850 1603
2761 -3240
816 7089
-4177 7852
-254 1220
-4097 7346
1885 3631
-7202 -3000
-4164 -2139
-7048 -2730
117 733
-4452 -2236
-2902 -7618
4799 5042
-2130 5496
3147 3215
-6486 4878
-4959 -5601
-7855 5655
-2176 -2960
-37 -2692
4717 7680
-3872 7747
4305 3974
2187 3207
-4011 7554
4798 4484
-4290 1300
-2928 8334
-2968 7333
2240 6122
-5566 3045
-3376 -6911
6853 6582
1978 3022
7502 -5210
-1529 -2589
-3072 4644
-2191 2797
-7553 -2901
1328 -5355
-793 -4637
3748 -712
-800 -5921
-39 5323
-4350 -789
-2128 -857
-7901 -6949
8568 736
6803 -5662
1971 7069
-6188 -7634
-553 5891
-436 -2887
1837 3325
5014 -7254
-1441 -388
-5610 1624
2724 -6593
7047 -4681
694 -1212
8621 1222
4997 -1731
4657 -1610
-8105 6261
-6022 5131
5413 -1529
3109 7500
-4414 -5680
-5032 -4552
-8973 -5788
-3793 -1072
6810 -454
-9138 -7401
7271 -760
1582 -992
-2475 2952
-6973 -118
536 330
-7551 5958
-7939 6920
-7966 6235
8085 7543
-6471 -7524
-6314 -7729
7475 5490
1529 3882
-6044 3037
-635 1949
2536 -815
1716 3669
7159 5090
-3092 3069
1629 -5154
-6457 3463
2852 -4021
-6059 -7972
1436 -984
-5200 -6414
-5697 3647
6723 -5520
-4165 -1922
-6514 3064
-2421 -5605
317 -7595
-1277 -6673
-5952 37
-4667 1694
-809 -6247
-355 -1462
4584 7313
-4346 -7766
6815 -5122
5069 4897
995 -586
2393 7188
3663 637
3329 -1925
-806 -5964
3133 -2580
1339 -1215
-5566 -5687
2011 -6454
-1051 -6953
-7910 5752
5218 -5830
-346 5428
1330 -1443
269 -1543
4152 -4393
-822 -1676
-5338 -5568
-733 6095
8116 1204
3873 5144
4279 3671
7560 -5054
-4009 7614
5163 -7306
2414 -6026
-506 -5083
4304 3424
-7972 -3593
952 1025
7401 -5064
-4254 -2173
-2191 7629
-6410 -7746
1939 -5257
-5763 -7731
1490 613
1436 -4251
-2148 6354
2217 2293
5489 -700
1348 -6047
-1463 30
1973 7017
7793 8379
-8586 -7832
-7810 6210
1285 1941
7046 1974
3261 -2897
1906 -3567
-1712 -398
2593 -5727
1286 -5677
3002 3035
5240 -134
-1120 -6442
4783 -5092
-4482 6283
-8090 -3071
-4309 5857
2762 1161
-4495 1961
7110 4406
-6290 -248
-7338 6202
1823 -234
390 -3838
-2027 -7906
4685 7935
6271 -388
-1997 -165
-2053 -1453
-430 1941
-1585 6750
7973 930
8368 3953
3036 7000
4109 8335
5462 -7272
2941 -3354
-8327 -5926
-6235 -7788
3126 604
-987 2364
-5030 -4892
-1530 -2941
-7010 -3532
5733 -2260
2672 -67
-6698 -3096
4507 -1387
-7265 -4096
-1583 -576
5049 -4243
2197 -3354
7011 5299
7729 -5075
-4975 -4740
1900 -1690
3532 -223
-5861 -7478
-3801 7473
-1513 -826
1340 3397
-3932 132
1826 -1066
-4787 -5222
2280 -6103
-4682 -5079
-2448 -7846
-5825 -7450
-2299 7662
-1226 -455
5911 421
-2030 -736
-6986 -293
-370 2195
-2738 3667
-4585 5406
1790 7497
-5056 -1806
3318 4759
2883 3769
-755 -3837
-1455 2705
2226 -5775
1221 -1029
-4627 -1795
5099 917
3359 3002
2713 -4498
2868 -5383
4866 2625
7501 5106
3671 7873
-6921 -451
-5357 -4723
2524 6849
-5226 -5772
1291 3204
-895 4671
-3320 1166
3399 -5961
2082 -3833
-3889 -2926
3409 7044
-5632 5711
-3187 -2797
5210 -5109
-7926 -6818
-5811 3674
-6179 18
5115 -3768
-8055 5795
4022 6104
4080 5334
7564 8629
3341 6438
2389 -1341
6628 -1277
-6157 -7571
4280 1469
2621 230
4014 -4972
987 -1227
-6158 -7934
3545 -785
6742 8196
6108 -3874
-2328 -4959
7993 7934
-4577 -2978
3807 -6
-720 -6365
2421 296
1564 7982
-8000 6871
-5163 -5812
-3538 8013
-3712 -3100
7373 4334
7292 5261
-7209 -2849
17 1828
1197 -11
1124 -667
-3635 4129
4642 -506
668 5243
1844 3245
8300 1118
-893 5894
8783 2331
-6229 -7377
33 -6037
1471 -645
4516 -4361
-7589 -2939
-7554 -2980
7086 -5223
-2014 307
2584 -2233
-3594 1566
-476 4946
4679 8205
-4152 -1732
1199 -507
-1693 -2582
-4541 -5681
-2995 -5036
7279 -5222
7044 8560
-4583 -1708
-6099 -7254
-4713 -5673
636 -6846
-641 -1212
-4793 5547
-3775 7621
2553 -3368
7549 -5342
7184 -4775
-1191 -1928
2391 3912
7320 4936
7123 -5117
-7777 6487
5867 4129
5889 -7144
2317 -767
-293 5901
5913 7558
-1314 -1337
-2265 -6664
-5275 -5631
7696 8816
7648 6980
-4710 1537
-7858 6376
-4125 -4036
-7027 -3006
4822 6738
-2101 6699
4817 -1834
5466 -1905
-6265 2160
-7072 -3086
-1218 -4019
-8185 -6510
2979 -1630
9062 2123
-550 -7664
-2495 6687
7741 8447
-1564 3682
7346 8388
-1025 6443
-1400 -103
-7340 6067
-5585 -445
1826 -7105
2325 2709
-2694 -8523
-4818 -3789
-6711 -712
-450 -7079
30 -2169
-4196 7360
-1381 -684
-1705 8
-3848 123
-1214 -2410
6748 -20
-4711 -2616
2415 2920
3649 1398
-6600 378
-5133 6313
-8055 6350
6524 -7635
-669 -5222
3432 3083
7590 7126
4272 -4191
5465 7278
-1129 4181
-296 1184
4602 3317
5266 -883
99 5394
-6853 -3540
6810 5484
-7421 -3090
-1737 -215
4270 7703
3676 -5085
-555 -7037
-7766 6127
-3988 8204
-6916 -2502
626 -649
7914 8783
-2214 31
-4837 -2749
-5308 -5187
3466 4286
-1566 1349
4518 -5868
-3548 3626
-3700 -1360
4038 -4379
-5131 -6374
-7894 6109
-7239 -6263
-1710 -999
5205 -1060
2344 6463
-3505 7371
2839 467
1224 -1303
-6274 3238
-1627 6519
-436 4991
-6019 -7757
162 -1749
3412 -3127
7550 8743
7265 2786
-6248 5437
-2473 2807
-1530 280
1574 2474
5523 3395
6147 -1049
3598 -3456
7304 7078
-6481 -329
-5717 -5601
-2055 -974
-8188 -3953
-2193 -7735
8064 -491
-267 2408
-3978 7636
-1330 8611
953 5195
6920 5349
5713 -7023
2371 3667
-1081 5163
-2984 -6236
7503 -489
7249 9423
2190 6418
-1583 6199
6791 -5221
8369 8772
-648 1787
-3873 1851
-1088 -173
5441 -7200
2620 -946
-4313 7606
-3809 8187
-306 -7482
-2819 3912
2754 8318
-603 -7398
-734 -6431
3730 382
-8545 -5651
-736 -1251
-2937 -3333
7755 3532
-2685 -3096
-4044 7864
-6248 -145
3695 -718
2865 -2457
6894 4276
1976 3723
5970 -6607
4245 1504
216 5155
-75 -2716
-2491 2618
-3904 7230
-7852 6077
-770 2750
5581 2167
4949 7070
-5389 4380
7643 7513
1741 -7194
-7875 -2989
1868 7406
-8076 6410
-3887 639
-2193 -42
202 2211
7535 -410
2848 -256
-568 4661
-4832 -5672
-467 6262
-2674 4469
-251 6512
6441 2550
7041 5536
-6181 1150
-5050 -2609
-541 -536
1581 7071
-8209 6295
-168 -1933
-3527 -1538
-3037 142
-3988 1129
1788 7126
-2326 -6949
3440 4632
-6248 -312
-3988 -3681
-2494 -7434
-4367 689
-2540 -7091
1631 6139
-7384 6768
-6005 -7670
-7212 -3157
-3856 7970
-2577 3463
7033 -5215
7852 5769
-1638 -244
4970 4692
7564 7725
5164 6660
3852 7848
1294 -1264
-50 -8224
-7875 -6253
-8588 -5782
-6039 300
-6717 1264
-3564 7403
3750 -256
1863 -5640
-4036 -3837
2387 -6218
-578 5240
6935 1268
-4689 -2372
1136 2831
-1316 -232
4110 3515
-4980 -2606
-2597 2148
5003 8899
7026 1234
-5843 5623
1271 -372
-199 4810
-7127 -217
-1779 6888
3688 -2850
-7639 -3648
-519 -5090
4197 4952
-1269 -4023
755 5902
-6531 -227
6751 -6902
-4437 1091
-4490 6119
-1133 -187
-4626 6248
5250 6737
2194 6221
-5896 -7701
4615 4931
3980 6167
6936 -4904
-9083 -5704
118 5364
-3434 -7344
7284 -5627
-760 -1902
-6800 -3363
1358 -1008
6673 -7680
4616 -8350
-836 -5586
5094 8074
-547 -7893
-3511 7300
6081 -7676
-1780 190
-434 7524
7220 5352
7265 -4416
6912 -1672
-7290 -3450
-7214 -1942
5547 -746
-454 4165
-4100 7523
3966 6774
-837 -7662
6526 2117
2076 4052
5947 -1264
-7992 5961
7061 -581
-6466 -7404
-6748 -2815
-5368 4237
-4332 -5824
-1214 5517
-5896 3390
-7125 -3382
-62 1060
-4251 -1561
-1827 6146
6110 4286
-1482 -521
5361 -221
1729 3643
2593 -4673
4298 611
3268 -475
2960 3643
-3216 1502
-1824 -253
1616 -1052
-7942 -6151
473 5006
7192 -5029
-8436 -5941
-4760 -5588
-6848 -73
7264 4780
4771 -1347
-5205 -5406
-737 -3991
4075 290
-7246 -3684
4431 4917
-5942 -7951
-6513 2935
1776 -1048
-4685 2557
-6049 -174
-3938 7408
-2310 -622
-4523 518
-6278 711
3523 -4510
-1239 -2580
-8808 -5980
-1523 -6505
-8088 6318
-2609 -5702
-2861 -2615
7443 8276
-4712 5081
2817 2255
-772 1568
-6309 298
-7458 6344
6543 -326
5957 -4570
-3800 5591
1615 -7148
-5981 -5289
-6083 -7660
4825 -1457
-7789 -3297
-6286 4641
-7115 3104
-1900 -296
2869 1824
-2036 -342
183 5712
-4482 1960
-4188 7392
4911 -6421
5969 -7406
-523 4922
-6451 169
2987 -6482
-5047 6227
-1435 -539
40 1538
2672 2810
-1573 -843
164 1726
-5610 -8012
2830 -3901
-4242 6967
5700 -8116
-133 -7126
8575 7538
-733 -4217
-2989 4885
3133 -2335
-3501 -1876
308 1748
-1527 -3940
-7578 -5987
-4404 -1628
7345 -4918
5407 8463
-7539 -5300
7400 119
-4274 7552
-2587 1781
-186 6491
1522 5722
2314 2366
-5972 -7600
2863 -4854
-2368 -196
5807 -314
-1678 -2727
7246 6088
4912 2253
-1208 1192
-6728 438
7460 -4666
1856 -6085
7652 -4749
2540 -5705
-4881 -5239
8472 8801
-2491 6719
2258 -2884
-3311 -9556
7283 8225
3234 3223
4340 -76
-5103 5640
-8740 -6909
-2541 -2951
6767 -646
-6253 90
-4651 -5352
2147 6884
1543 -841
4109 7300
5025 -1243
-3197 1830
4787 3333
-5688 3518
-5918 2187
3715 -3760
-7068 -3346
-171 2455
-639 -4329
-536 -4321
1180 -1091
-1119 150
815 -6511
-3957 7560
5826 -124
7461 -4701
1261 7792
4 5520
3431 5777
-1436 -4348
7347 7842
-3052 -2683
-1923 6321
-5867 -7785
-5952 -7546
2401 -6435
-3770 5830
2139 2189
-5248 -5369
4412 -2441
-5425 4816
-2656 -7309
3800 -5093
149 6112
2471 -442
-4214 7948
6962 -5687
8413 3199
-2215 1909
2572 -3668
-3365 -8760
-1644 -426
4118 6452
-558 4797
3895 5066
-2413 -5686
-6098 -7255
-5816 -13
7078 -4640
1440 -6591
3984 4888
2183 6902
-1481 -126
4351 5317
-1552 6612
3758 -568
4229 -1132
3332 2759
-232 455
-1950 -4771
7231 -5122
2140 -990
-7511 6166
-7912 5983
7015 455
3951 8004
-1643 -895
1359 -84
-1526 -7707
3818 1572
-2222 -93
-3833 7542
7361 5483
4178 7352
2955 -4600
2967 2318
-5458 -3085
-4699 -4567
1159 -334
7033 -5353
2542 2408
-8016 5808
-789 6404
-192 -2609
6503 4912
-8266 4939
-3635 7758
-8663 -6754
-1435 -7728
-6071 -7688
-2356 8146
-2334 6858
4572 -1331
-7529 -3182
-4319 -4751
-5046 -5554
7676 -479
-4541 4783
-2680 1867
-768 5643
-2092 -6166
-991 5655
3867 7000
5851 4610
6240 -1713
-7974 5917
-4290 6907
-2680 -4625
-5636 -7418
-8153 5760
-3459 -297
-7205 -2486
-4307 5893
-1254 2606
3637 -5743
1831 -4482
-6659 -336
-2992 -6991
-5581 -5941
-4030 1813
438 4221
3627 -1024
7299 5631
-2749 3722
-121 5206
370 4871
1977 6794
-1207 -6376
-2057 8229
5146 6316
-944 -5755
6632 -310
-6160 -917
-961 -1396
-7513 5958
-6090 -7463
-8044 6266
7275 -4863
-7695 2731
4534 -7811
3950 7277
5289 -5746
6789 -4894
6138 -722
-2534 -1435
-6769 -3290
2896 -5515
7742 4892
-6207 140
-1794 -162
-6240 -208
-7173 23
-597 -1176
3201 7293
-6119 -7613
-6234 -7611
-6874 2404
7259 -835
-1025 2069
-7693 6344
5134 -7165
-465 -1426
-7485 -3728
-1500 5661
-6585 312
-6710 -5190
3163 740
-6611 -3333
-2658 -7482
2083 7616
-6246 -8128
3975 6414
111 -4594
-7465 6372
-7712 6294
4643 3578
7151 -4570
-3404 3838
-4400 1511
1896 3475
-2030 -8583
2876 6617
3914 7766
-4380 5721
6575 2338
-7922 6155
-2003 -734
2100 -6791
-5299 1379
3240 -2662
2602 -6359
-75 -7177
1783 -3618
-7778 6260
-2321 2507
4779 7016
-967 -646
-2707 -2794
-2130 7704
-1830 -64
1431 -1590
-6750 -3213
7522 -583
-3931 5544
-1725 7128
-2161 -3087
3413 -5776
855 -815
5156 7869
2654 -5770
-4465 474
4929 421
6211 5350
7083 -5068
-8 1542
5789 -471
-4291 -2786
-5900 -7793
-2883 6226
-3564 -3839
-6434 -3153
2432 7380
-7280 -3108
3302 -226
-1214 -7828
3221 -4040
-2082 3735
1633 3044
-2075 7443
-3445 -1986
-6145 -7844
-318 5371
-1480 -8306
1324 -3174
-1698 2332
-6588 -253
5024 5021
4516 7378
2419 7094
-239 5346
-1793 5942
4828 -7592
8224 2539
3541 1002
8527 2110
3176 -3488
-6285 -7625
-1490 -7658
-1635 -4049
-3286 -7095
-2808 -2269
1936 3346
1711 -255
-1241 6137
-3688 842
-8378 -5755
-8249 -5429
1756 2934
5446 -6023
786 -4002
-1531 3524
-4103 -2724
5648 -7820
479 -2155
-2058 -7690
1474 -1089
2939 -305
7086 -779
8813 8163
-5715 2672
6826 -5249
1523 -2181
-4883 -3375
3250 -3722
3657 -146
-1988 3563
7737 8068
-7476 6436
-131 1248
4049 -6234
-2764 3014
5504 6579
1979 6769
2184 -4275
8019 5408
222 2236
-2635 1152
2907 6317
7342 4507
-6487 433
4896 -6601
-1513 -4633
7304 280
1349 -6608
-2 -3249
-2825 -6803
3977 -788
7314 7888
5538 -5956
-5901 -7864
-4286 4706
2343 6160
-6858 -3168
4318 166
-302 -6044
5540 7134
4364 69
6990 7600
3965 -82
-2582 3639
2456 -4083
208 5405
4833 6642
6281 1745
-207 2085
8806 7727
-5393 -5253
-8024 -6197
4012 -4395
7408 4877
-4775 -5381
-3431 1590
-3926 7672
-6334 -2994
-8074 6674
4520 -916
-8058 -2579
-1290 -4105
-5702 -5929
-1675 9105
-3564 1257
-5702 2498
-6522 -393
3648 -1362
-3835 7502
-5900 3018
6227 -901
-3676 7425
-3883 5210
-6527 56
-1330 -1080
2357 6823
-3982 7620
-1635 3692
-6453 -428
-2714 -8420
-5224 -4364
1746 6698
-2017 -4388
-4426 3852
-3559 5641
-3893 7050
4278 7580
-5131 5612
2479 8558
8755 2865
-3967 7844
-3402 -7878
-1398 -4056
7529 -375
-8313 -6436
3646 7111
-4620 -5320
-4069 7222
-625 3709
-6069 -410
2751 -3111
6972 -569
1737 -1436
-7688 -6053
3111 -3695
-6487 -243
-6198 -102
7427 -4893
944 -746
7053 -4894
7241 8508
-6502 -7783
-1110 -6187
8308 2028
2542 1695
3254 -3983
-245 6014
-953 -1908
-3698 -2579
-4087 7727
-1036 6380
-3843 1862
1783 3380
-12 1334
3441 -3454
7587 572
5093 7280
6765 -847
3579 -5279
859 -1406
3710 -5108
-6351 -7788
5295 7715
-5018 416
5568 -748
-3245 -7118
2512 -649
-3222 -1791
416 5273
8263 17
9439 2168
-1631 -725
6818 -761
6388 -2364
-6 4132
7340 420
1620 -878
-458 -2755
-351 867
4878 -628
4850 -3245
-4301 3860
1899 -5213
1633 2641
2322 3036
-6114 -8024
-3878 -2485
5117 -747
3961 6267
-7005 -2404
-5056 1574
1906 6809
-7885 -4986
-6938 -6840
3487 69
4951 -1113
-1437 -7854
-5938 -378
3252 6854
-5317 -5455
-4770 4421
-6788 -3522
-1269 -8039
4736 7193
-3970 8154
-4122 7723
5037 -2918
3815 -5323
3874 995
5728 -3347
1557 -9101
1894 7288
738 -2110
-3388 -1963
5482 -6109
5204 4137
-4111 7732
-6295 -5941
-283 5233
-8591 -5402
-8442 6238
4193 -4324
2582 -6021
-7274 6972
4110 2483
-7597 -2534
-5377 -5863
8717 6794
627 -1083
-711 -3242
-7816 6244
1996 6787
435 1567
3410 866
-2008 52
-5964 808
4476 6526
6304 -7042
4078 -4701
-5567 -5268
-2077 996
611 -6489
-937 2514
-799 2284
-8080 6141
2302 -6393
-5877 -7508
-1813 2985
-7373 -3044
3494 -2441
2380 6452
-2828 -6755
6559 -7763
3877 -4586
-580 -2643
7771 -770
-7416 5675
-5847 -7757
3562 -6620
7265 -151
-4855 2166
-4595 -5677
-870 -3080
417 -9106
7101 4687
6476 6762
5718 -2356
-2236 -7127
-4580 1443
7164 -5436
-2338 -930
7270 5151
5380 -6434
-7031 -2292
-7523 6440
-3331 7800
3365 2833
2045 1540
1469 -692
4599 6008
7171 1980
7787 7038
-5273 -4953
-496 5138
-5160 2610
-1062 -3826
3045 -5375
-2052 -5990
2095 6448
1724 3822
1936 3471
6418 8224
-732 5411
3552 1734
1057 -543
7116 -795
4070 -1212
-1621 -298
2599 -3324
-5403 6256
7568 1891
1621 -6397
450 319
2394 6876
-5881 2275
5263 -4852
-470 4980
5882 580
3359 4635
2852 3628
-995 -384
-4855 -4988
2818 -2138
5001 -2025
-2237 2876
-3566 7251
-4610 5191
-7047 -2850
-7302 -3643
-3148 1744
-4997 4628
4108 -3823
4236 -2422
1807 -931
-2452 -6022
-766 2176
3441 -4654
3979 -5837
-6250 -51
-1903 -7696
2076 -6909
-2906 6433
-5964 -634
5311 -7463
2778 7359
-5129 -5318
-5900 216
-4503 -2041
-5669 4636
8747 1704
118 -8016
-7839 5998
4317 6668
7262 -4540
2760 6229
4005 -5732
-2925 2199
-5848 -7229
1711 3131
6918 4382
-5106 5383
4508 4990
-1332 -4350
-3292 2376
-3689 -1915
-4228 -5592
2160 -6376
-2193 -7301
-175 5828
4535 23
-1457 -4690
7022 5501
-2513 -2070
9113 8322
-7957 5999
-5090 -5598
-8864 -4899
7054 1603
-1380 205
6963 -4942
5207 -8217
5260 -499
1502 -864
5353 -7559
-2332 -4195
7012 8709
6390 4391
-7504 6351
-7505 6014
2305 -945
-483 -2799
5062 6837
-29 5934
-3819 7626
5485 423
-1479 7102
5503 2809
4074 6871
-3896 7163
-4994 3028
-5137 -7079
1570 -1903
6881 -870
-5878 -7955
-7336 6328
7631 -4820
3332 1929
7580 -4711
-3679 3628
-7292 -5557
-3825 5330
-3937 7833
1773 -1322
-407 6045
-2400 -144
2347 5313
5183 -2916
-4636 2408
6675 -546
-574 4267
-1046 -7208
3391 -4610
-4762 -4557
-5305 -5492
-4133 -2334
3086 -3471
388 -8497
2363 63
5435 -5788
-1818 -8115
3774 -2495
-4063 -204
-3915 7589
-2171 -325
-584 5412
7840 8345
-9894 -4481
-5107 -5374
-7309 2977
-1146 -5878
5764 7667
7275 -1013
3137 -3154
-1268 390
2840 6425
-3084 -8380
-6083 3734
-1568 -4
3281 -1009
-6253 338
2325 2978
-1372 -601
1687 -5905
-3892 2227
-2801 7808
2232 3369
-6202 -7689
88 6176
2665 -4388
8509 8172
1885 -5921
4665 -1782
-974 2176
-4778 5159
4687 2250
-4192 -149
928 423
7177 -4881
4141 -2505
5383 -8608
-1979 6851
-5332 5102
212 -7259
-2737 -5034
3753 6756
4569 5549
4239 7792
1585 -3424
-7169 -2803
1087 -270
238 503
-1984 925
-6272 438
-7069 -2694
-5187 5102
-1943 -8119
-1284 -6160
-402 -7725
-2139 -3936
-1816 7674
6770 3956
2748 3479
1554 -7403
-4199 -3367
-7534 6576
455 2014
-2603 -7576
-3909 7512
-5127 -6062
-4080 140
-3332 -8256
3686 -744
-1036 -2263
7354 3147
-4779 -1706
-2482 8247
282 -6748
-8894 -5827
3342 -4024
-7038 -3259
-2197 6153
-3389 8009
6824 -12
-3403 -1432
-4631 6200
7229 7385
128 -232
-4017 -4209
-297 4554
-5079 -5570
1509 -762
-8290 -5373
2115 -4554
-3956 7238
5141 7895
-2412 3079
1992 -6131
-6171 -7872
-2968 1867
2532 5990
295 1433
-1401 -1558
-3825 591
-3885 7451
-1376 -3114
-6407 3464
409 -7040
-416 -2940
-2273 -5187
2435 -6518
2393 3300
1642 -851
-5348 5154
-7687 3026
-4669 -1998
-7796 -4813
-6213 -2979
4229 421
5934 5457
-7511 6463
6840 519
-8770 -6366
7598 4014
-619 5305
6001 -2211
-477 1951
7364 8710
1997 3743
2378 -5739
4486 -4681
-7314 1664
5238 603
2361 -5325
6751 -6558
6087 -323
7713 2142
-7783 -5470
7469 -246
-1050 -8535
1379 7175
6912 -1848
4652 944
-1356 3387
2680 -5436
2258 -6000
559 -1870
1795 -3371
-5056 -5816
-3629 -1036
-5639 4595
1983 3351
-125 1869
7243 7134
-6395 -4344
-4263 5441
869 -1163
2302 2321
-4441 7571
1061 -1707
-928 -1586
-4292 -4384
-3059 941
-8017 6100
-7827 6939
-7642 6623
-7790 6335
5689 -1483
7034 -5275
-5943 -7633
2475 -4626
447 -1977
-2353 -8541
948 352
6471 -399
-3994 7225
2194 -5490
-4817 5659
285 1860
6608 -5027
-406 314
-5953 266
-3532 -1573
2395 -5922
7384 1206
4866 6896
-4667 -5543
7335 -3
-1863 6280
4312 -979
-1220 8168
4363 6241
-4607 -5129
-353 99
-3069 4793
-1157 -1973
3281 977
7129 45
-7974 -6176
1986 -602
-4420 7003
-3473 -6516
8252 8012
2294 6816
-2133 -3637
-694 -722
-7072 -3277
7037 1105
1931 6627
-3861 7633
9227 7851
-2494 -7863
-2964 3872
-6062 -7751
-7701 6735
-4773 -7954
-3870 1088
-7502 6086
6578 -259
206 2197
5245 -4388
2183 3356
4591 -1856
784 1119
1088 6196
-135 5310
-5927 -7410
3642 -5928
5767 -6085
7673 8150
-6457 93
4331 6925
-7731 6697
-6388 -7314
7162 5014
-6551 3362
-2049 -4907
3908 -3614
-6900 -3823
1344 -204
476 5196
-1936 5055
2800 -4695
-2731 -7920
4260 7301
1102 -873
-4536 5199
4087 5411
3635 -2147
-1200 -4819
-4403 4783
4334 -1958
5365 -1695
6842 8149
7310 -5112
979 -5536
708 1551
-8524 -5946
4555 3609
-2101 -7499
-3588 -7007
-6248 -7476
746 2881
-802 4905
-7344 6279
-4505 723
-851 4064
-7477 -3080
-3828 2310
-4038 7274
6029 -5809
-6145 -7784
-6539 3749
7837 8255
7358 -799
-3729 7240
-6747 3934
-3908 5422
7348 -5184
-1046 1998
7397 1411
-1989 -8207
4747 -829
4318 -3670
-1807 -1015
2890 -3034
-4370 -2776
-4682 -2363
-4236 5027
7714 1156
1223 6134
5618 -7374
7065 -4642
-1184 -6639
-8148 -7215
1204 2774
1920 -2654
-2773 -7309
-396 -2950
1668 -965
7662 2450
1957 -6688
3656 851
-2382 29
501 -2736
-2435 -6911
3713 1522
-6095 1124
8482 2777
7335 5025
-843 5789
2601 6250
7099 -518
-1610 -7544
-4128 7148
-1182 2063
-421 4824
4164 3046
-5781 -5031
-4482 -2787
-6949 -3051
-312 -2611
5655 -7564
-585 -2577
2513 -6704
-6814 -3783
-2259 -4850
-1057 8154
4270 3499
8232 2450
-6983 -5371
-6102 -7775
-2504 -4151
-4204 4794
-2480 5692
-1608 2652
-2 -7720
6755 62
5789 531
-1755 3680
3960 2995
7614 244
-3910 7172
7996 1439
-5264 5857
7996 5690
-4095 3498
-4055 376
-2498 2178
-5241 1839
2189 -4292
2183 6756
-7539 -4036
-6251 -7867
5476 5447
-7156 -51
-6766 -3759
-6494 -167
-1742 -367
-297 957
-8242 6227
8874 2466
7299 -396
-6313 407
-7121 -3009
-4558 -2645
-6802 -3582
-8421 -6166
-6028 -7765
5627 -1739
-1428 -3508
4980 -6845
2409 2852
-4815 -5129
4498 7749
1863 -843
-2788 7471
1870 -1094
1416 3080
-3646 7302
-445 5192
-3956 -2597
-4962 2518
-6313 -7476
-4857 934
3849 -1893
7039 -4874
7283 362
-239 1708
-6316 198
-5554 938
-4306 4326
5087 5284
7179 5322
-1025 -5633
-7370 5986
4791 6768
-2956 674
-3861 145
-5753 318
-5265 -3351
3856 -4906
5345 -6107
-3099 -2639
7167 -4486
-635 3197
5698 4746
-5163 4281
5594 7288
-1560 -6053
-321 -2683
-5419 3108
-2272 -7721
-4775 1422
-742 5215
-3623 -1103
-4376 -4899
4028 -91
4338 1815
9244 2136
-4998 -5322
-1790 -7956
167 869
-1863 2363
4526 8086
1281 7064
-2496 -7010
1774 6807
-3253 -8002
-618 -7506
2235 -1018
4379 -1780
4081 6654
7041 -582
-326 -4375
2203 -2109
-8074 6245
-4854 -1249
3616 -4365
-1380 -3196
7371 -5161
-2267 7378
4864 -612
158 4538
-3164 -1772
-6659 -375
2056 -5511
7852 1366
7597 4567
-7446 -2727
-103 4606
5105 -5981
-7652 6665
4893 -1132
4266 5176
-7503 5982
-6094 -7469
6998 -4851
4676 -4087
-944 3369
-1196 -5059
6041 -6507
4421 2541
2107 6889
6579 2108
-7483 -5444
-93 4771
-2665 -718
-4364 5312
1327 4745
-1880 -1579
3800 -6341
4589 -794
347 1601
-981 -1300
-7613 6501
-6415 -498
-8533 -6254
4912 -1999
-2247 -1663
1957 -5371
-7035 6217
-5458 -800
6417 -2767
7942 1685
-7505 6750
-3465 -3136
-6302 -7351
-2680 9129
7507 -5005
7256 -4948
7224 -5381
-270 5172
7224 -4991
1632 6671
-7187 -3357
584 948
-7527 5915
-2497 -8060
-50 2447
8031 8521
-4416 5108
-6408 5912
-4996 -5446
-6961 -6138
4514 5808
-2684 -6299
-1861 3170
-711 1730
-5986 -7652
5377 -7069
6820 -5005
3763 7559
5777 -6706
-7097 -2409
4329 7307
-1849 -7450
-5045 1352
6449 4766
-7218 4247
-4179 5175
4132 7486
-2337 2385
7071 -4814
2866 -5701
-3394 597
-5674 -7461
-7710 6176
7119 28
7135 380
-5094 -449
3693 -5053
3714 1685
-6252 56
-1107 5760
-1542 -101
8073 1531
-4185 7530
8580 7137
4056 5721
4478 4472
2484 132
7526 -4651
-6908 -3446
-7078 3745
8230 5212
-665 -6491
-1864 -7525
-1935 -304
-1826 -7646
-4760 -5743
-1270 6300
547 -8535
-6288 -348
4975 940
-2875 2300
-3922 4307
3877 -135
-1278 -4885
6688 8452
-7838 6311
4059 -515
1786 -1118
2650 -456
-6250 -807
-3235 -4864
-4848 4191
-512 4537
-5467 -6223
2664 -4255
2969 -1537
2105 -3259
-2875 -2074
3717 -4424
4227 4286
-5767 2315
1552 2584
-3161 -3407
-8733 -6238
-3686 7331
7414 911
-420 -5855
8262 8195
-3418 -6880
-2317 3544
7811 885
-7885 6078
-1466 -50
-1829 -8241
4745 863
-878 4884
-8432 6041
8061 -1122
-4661 -5604
-3180 7873
-2019 7060
-2913 -1564
-6271 -3499
-2182 -8225
-1824 -6609
-1527 -3974
4677 -803
-1317 -2204
-4090 -2525
1074 -590
7554 2992
4477 -2022
4081 625
-1877 -598
1756 -1387
-3106 -6473
7828 4797
-2267 7307
1460 -1194
-2645 8699
-1776 3918
-4142 7441
-3679 -6883
764 5500
-2237 -2317
-279 5813
4280 7384
1324 -1553
-1879 2251
2247 -3564
2706 -2585
2146 -5883
7828 -528
3034 -6576
-2301 -7239
7049 -544
-4404 5642
1078 100
3860 7448
2909 -4416
2584 -1054
-5934 -7944
-3387 -7021
8564 1695
58 2518
4566 7189
1722 -6512
-7556 5744
6776 7874
1819 -910
-3779 -7103
-4669 -5114
-465 -6292
7819 -6465
-4347 7281
-8061 -5749
-5900 1944
5113 2437
-2910 -7358
2159 2490
-5991 4974
3747 338
-7385 -3468
3167 -442
2764 3892
8781 2839
-5807 1610
4346 -7078
-1208 6267
-8136 -6031
7825 1907
1876 7205
6405 8325
-6150 237
-1366 -216
-7821 -4828
7224 -5338
-6163 -7645
7074 -1628
-7957 6478
2501 3668
-4059 -3406
-5802 6148
-1102 -4673
2296 2535
-8892 -5272
-4741 -5452
478 -3930
-23 -5133
-4699 -3435
-267 3112
2071 7470
-6389 -161
-2115 -2338
5033 4120
7003 5889
7690 -1171
-656 -1443
3046 3779
935 -6632
-4676 -5686
7863 7008
-649 6465
1781 825
6464 2610
-1558 -3533
-7987 5979
-51 6714
-5919 3761
-3751 2124
-6082 -766
7397 7639
-6033 3876
-946 -560
-1863 -7404
653 6825
-3761 7436
-6120 -7580
2751 2391
-3489 -7712
6705 -5313
-6058 -7651
7885 -7
4706 7268
5368 -2707
4635 7949
4603 -1721
7605 378
-7440 -2656
1507 2254
-2386 4460
-7791 -5020
-2332 -274
-8569 -7532
7316 1601
2299 1900
3163 -3727
-2653 -2869
6601 -4574
-5450 -4991
7489 -5229
-1461 -7489
3086 -2105
-2072 -2490
6062 -6847
-4113 7909
6964 -4667
7576 -5062
-2156 2977
-5390 -4913
-195 -3208
-6784 -3188
-6329 391
1265 -1025
6087 -7147
8334 1876
-8392 -6517
-7231 -7345
-4951 1852
4716 -3309
463 6711
-7776 5966
7927 8687
-4758 1076
2710 -4030
6811 4025
-4606 6844
1424 1713
-760 5805
-3426 -7851
-6357 -96
-4384 7065
814 -1312
-8808 -4989
-2600 -6375
-7345 5999
7669 1846
2084 2285
-5990 -5464
-2263 -3
-3546 7653
-1898 -3783
1898 -905
-7906 -3074
5530 -7351
-6372 -404
7170 2432
-9532 -5672
7384 -7492
5596 4234
4339 -400
-24 -7541
-5167 -6061
-1118 -1349
5170 7502
1320 -1099
-4022 7956
-2990 -8118
6482 -6437
-4349 7804
-4070 1117
-4271 5327
-2584 4012
-8088 -6547
-2728 -8213
3104 3985
3093 -535
7511 358
-1559 4178
1224 6405
1189 3348
1031 -6938
-1737 -430
5659 -6028
-3720 7544
5281 -6664
1831 -458
-2840 2552
-1928 -93
-3424 8061
4946 -418
-271 6057
-3270 -7942
7173 114
-6131 3726
1375 -747
-5988 983
-501 796
-899 -4738
-4798 -5446
-7102 -3494
7087 4730
3676 -2878
4127 -7198
-636 6088
-934 2471
5045 -5806
-1885 -3705
2924 -4371
-2121 -5044
-2034 -8336
-251 -4525
5689 1206
-4029 7409
3098 2049
3079 1896
5788 -6554
4971 -2314
-1668 6657
1899 -862
-1991 -83
3905 1693
7477 7807
-1329 -3138
299 -3511
-7497 -2902
-4047 5221
-5942 -7775
-4258 5781
3633 1298
-5646 -7636
4508 -5323
1957 -5220
6941 5759
-6843 -5272
-1412 1801
3375 8344
2043 305
-1556 -8014
-1596 1630
-6307 2789
-1546 -372
4157 6959
3544 7186
-6632 -211
3310 1613
-4635 -2428
-2896 -38
-2759 2623
-2433 1777
-8634 -5672
-5897 2002
7295 -4801
-7034 -5837
-690 8259
7039 417
-1515 -5726
-6754 2149
-4107 7663
1267 -7606
4367 4639
5217 -2961
4444 -2767
-3635 7554
7884 6792
-7421 6217
7634 7550
-5886 -7366
-2186 -7713
6610 4577
-4305 5478
3778 3257
-7883 -6490
-549 2945
7644 -4747
7260 4947
-659 -6772
3881 3540
1685 -7172
4364 4900
7136 -5155
-7488 6376
5298 1873
-4193 5041
-6906 -3089
2244 3509
2185 3019
-6400 -91
-5150 -4779
-5525 19
-2351 4786
2074 -6227
6120 4756
2223 -3241
6982 -1240
5839 -4743
4621 -5036
-1940 -4001
5139 3644
-4363 7614
3030 3318
-4300 780
-9104 -6235
3998 -688
-6152 -5216
360 -2994
-6279 3159
-2084 -628
-4045 1244
-397 165
-9090 -6507
6286 4438
6857 -763
5212 7027
4268 -4543
2121 -6736
8225 1386
4251 -1299
-6460 -388
-1787 -5379
1652 7174
-6167 4777
1175 -3554
-7823 6849
6977 -5123
4797 -1800
-1037 -5828
7301 5154
8067 7799
5488 -5832
7499 -794
-3812 7501
-7324 -6960
1832 -6144
-7510 6049
3683 -771
-5900 -7859
1820 -6327
-2226 5730
-7997 -2823
-4615 2350
-5243 5965
1843 3089
6431 -6706
1877 -4646
-5416 -5031
-1618 -6989
5058 7621
-1719 1092
1687 -892
-6458 1829
6782 4720
-1466 -838
4633 784
7615 8123
-5025 -5933
3449 -2132
1864 -4887
1992 2848
2973 3054
7633 8387
241 -8099
-1212 -97
-7584 -6358
-4572 5932
-4420 3162
7031 -4885
-4566 -5860
-4200 7372
-6022 211
-807 -7154
5156 2572
-6759 -3432
2727 4004
-7829 6040
4173 -3402
3844 1749
-1268 5508
5785 -7233
4533 -5350
-7743 6383
-7289 -5386
6341 -5462
-3780 -5402
1922 -6330
-1104 -1729
-4082 7637
-783 -2996
-7875 5866
2893 -4111
-4085 6898
4823 -2692
5696 -6235
1858 -1042
-856 -3319
-3797 1470
6957 -5890
229 -4657
4665 -2651
2039 6789
7125 4610
-6271 -3554
-1926 -3341
-8068 -2865
4756 2740
3479 -910
4111 794
7004 5597
7184 -4936
-4617 1056
2370 -4436
-1260 -8518
-7872 6186
5386 -5832
448 3890
7370 1409
3977 1793
-3415 7424
4646 1541
2301 2551
-6799 -7333
7611 4854
-5836 138
-4323 8036
-6539 -464
-4924 3196
-1885 2502
8131 7247
7588 4682
-4485 -3250
4001 -3937
-2054 2284
5332 -7565
-6557 -2811
7322 4645
2760 -6188
-5739 -7844
2760 516
-2730 -2391
3476 -3274
2497 3532
6901 4877
4958 -1532
4248 -5461
5120 1843
-172 1159
-4353 277
5469 4757
-4488 4529
-3807 7315
-4815 5006
-3751 7628
6074 -217
696 -6308
1460 -646
6885 5055
-1854 -7890
2040 -868
-921 2037
4687 7854
5982 -168
4918 4575
-8363 -5178
-2786 4393
7127 4282
-5237 2246
-1030 5547
-6987 3849
5261 -1982
-7298 -3174
-513 -7170
1716 -7170
3790 2417
-1950 3469
-6788 -403
-2870 7429
-6849 -6008
3230 -751
-7836 6294
-4444 7627
-5371 5186
-3763 7147
-3453 -7591
7706 8107
2595 593
-3701 7674
-1429 -1554
3738 4060
2738 -5470
6756 4620
-86 -2373
-3322 1090
-4308 7386
7506 -383
4148 1564
-7755 6439
-323 6196
7268 8522
780 -1288
-2318 -4023
6735 3862
-1539 2053
-7564 -3178
-5285 5525
-4442 974
4911 -1693
1351 -1453
5767 7045
-4318 -2299
-1634 -7989
-6296 -240
-8057 5791
7449 6774
1417 -967
-1067 2886
-5569 -7734
-185 -2694
2404 6828
7000 -5165
-1069 -4744
2408 3941
-7300 5187
5387 -6789
-2294 7322
-2861 -6993
7071 2982
-5340 4948
-2302 -8546
-6072 -7626
8121 524
3286 6185
262 1362
-1114 -200
-2476 -557
-6329 197
7584 -4983
2078 6578
-652 -2193
-9098 -5888
-5040 -4533
-7497 -3804
348 -7631
1642 -1110
-3644 7672
-789 -2438
6524 -7254
4506 -324
2557 3668
1267 -6474
7290 -4964
1807 3753
5060 5002
-3911 -2007
4640 7280
4690 6468
-2752 -4605
-3727 -2071
1834 -844
2263 -3682
3097 -3983
4386 -1232
7952 -1486
-1690 -3025
588 -6842
-2153 -253
61 -1034
-1672 -8470
-1582 -560
-6450 139
5081 2212
1565 -439
-7440 -2784
4596 -3382
7279 5464
3680 -4281
-7834 -5827
1557 3533
-4717 -5598
-8306 -5146
-1571 -5550
1672 6864
-4648 -5386
-7908 6052
6760 4836
11 1853
-6132 350
3089 -1020
-6754 -82
7342 -7487
-6193 -8146
-3641 7504
-4892 1928
-4237 7821
2405 -6301
1904 854
7242 5913
-2935 -7491
-1387 731
6754 63
3499 -3442
-1794 7986
354 -6954
4487 3586
3012 -5586
4901 -7313
8867 2766
3535 -3026
-1565 -704
-4976 -5448
-4515 4639
-7661 -2916
942 6238
-4890 1417
7677 7074
-3940 7485
3452 -4423
4333 499
-97 3483
-6363 122
-1024 -7436
-1478 170
37 1665
3237 1001
4116 7632
-7510 5985
2509 -5847
-1644 -4716
5220 -316
4536 -925
-4727 -5746
1228 -3445
-7201 -3646
6567 -404
7102 4954
4732 7251
5219 7458
-1732 -279
4261 3011
-2844 -6951
-1715 -3904
-3569 -2234
4280 -7005
2734 42
-825 3888
4432 7213
7329 5803
1836 3786
-2120 -641
4140 -4609
4996 4488
5107 4218
-3108 -7467
2735 -352
7189 -287
8383 1649
1769 3471
90 1210
-6155 -3386
7477 -4752
2488 -2713
-5393 4786
-6270 78
-4375 176
-6132 -7909
110 5191
7803 1174
7228 4910
3864 -592
-6373 2896
1568 -6722
-4890 1751
-6449 -7811
4835 6279
-5313 -6258
4298 7919
-3122 1721
2377 8076
-1118 -7586
2891 2822
7486 5516
4435 2119
6644 -5097
60 5221
-1339 4891
2401 2539
7252 -4712
-9343 -5843
5469 6598
2191 -1999
-4271 39
-7619 5701
7440 644
6999 -776
-7937 6352
7630 1736
-6271 -7702
-6198 -495
7701 -4951
2961 -4312
-4639 4785
133 -4844
-822 4589
5048 -8537
-6986 -5593
4462 7666
-6606 3762
-5941 -7533
6992 -4616
-15 5436
-3534 980
4806 7113
-4640 -111
6610 -5573
-434 4982
-4103 7858
5512 -1234
-5237 -6070
2176 2858
-231 970
-6556 3429
-817 1038
4458 315
-2658 -279
2950 1526
-7105 -3412
6990 8172
-1482 8220
-3152 -6742
-2229 -266
4121 -4443
-7585 -3563
7371 -5124
-800 -2023
-1427 1848
3493 1610
-8124 6302
-1223 -1028
7558 5465
-6237 166
-894 1498
3420 6403
4904 7115
6808 4377
-3849 7878
-7247 6352
5101 -1116
550 -8017
7715 7732
5520 -1166
-4668 5963
-4632 -5097
7338 -5281
4606 1730
-7027 -3693
2495 7289
2094 -585
4903 6488
3408 2920
-3470 -6365
2269 7289
-359 -7128
1760 -2073
2685 2322
-4663 -86
7980 1612
9107 1894
2139 -2375
-6038 -7417
-4696 1717
-1228 4465
2171 -4206
7573 2597
5198 7564
-1960 -3389
3297 3272
5752 4528
-1387 -4977
-7892 -5836
7345 2744
-4535 -1364
5089 7293
4955 -8052
1167 6558
-1833 -1463
-7200 6108
6736 8902
7480 999
1563 -6299
6480 -132
-5153 3773
-2291 7020
-821 6024
1704 2778
1979 5999
-8126 5795
-6826 1295
5679 484
2689 2846
7650 -693
7464 8643
-3200 -8213
-6798 1814
-2154 -814
9004 2353
6734 -4317
1180 -491
-1007 -1029
2918 7496
4340 7683
-2122 77
2369 7170
2067 -605
4911 -6061
-2440 3820
-1598 -642
2003 4010
-7346 -2363
4346 6649
-6555 -3436
-2114 -650
-7698 6363
-6293 -7843
-4121 7758
-4791 7401
5572 -6587
-3264 2033
-4114 -184
771 -7296
-1042 -1278
-6446 -4659
-2149 -7907
-5829 3540
-995 890
-728 1763
4806 2564
-2524 -7172
-6080 -7642
-308 2217
-6225 -7631
22 6017
-4878 2764
-748 -7471
-2124 3864
-3824 -7642
-3067 4370
2486 -5420
-5244 5036
-5997 471
1829 -5497
2556 -717
-2265 -4894
8089 5503
-7274 2352
-379 -2831
5198 -1259
5824 -6988
-2819 3277
3844 -222
3547 4275
7418 -5126
-4765 -5581
7454 4285
6279 -499
-4050 7510
-6043 3534
-5390 -5071
5596 -2297
6740 5057
-6614 2403
8911 1619
3578 8389
3412 6247
-5809 -7311
-799 -3094
-5903 -7634
7006 8115
3828 3894
-3086 3031
4064 161
-303 -3031
6488 7887
7501 -5012
-4148 1146
6776 231
-5565 4734
-262 -9010
-1946 6434
-721 4878
-643 -5438
-1523 5441
4875 -1697
3987 7180
-624 -4675
1116 -1037
-7017 -3450
7052 5097
4950 5316
3886 1592
-4294 5224
3028 3762
7675 5256
-563 2966
-5710 2227
-313 4918
3156 -5002
-163 531
1809 -7231
-6790 -3458
2152 6153
7225 -560
-2399 -536
7340 -5340
1476 -3329
-2 334
3929 860
2252 -208
-4764 529
-6562 -42
-1001 5713
1546 -5466
1582 8147
6968 -286
-4143 -3162
-1365 7639
-150 6237
-2008 -8032
8063 1524
3649 -6619
-1342 4221
-1540 3513
7184 -4779
5881 -1109
1674 2183
-7065 -3210
-4544 1328
-483 -2257
-5520 -5719
-7028 -2457
-6250 -7774
-347 5302
-3784 -804
-5441 5548
-4294 -2804
-33 6417
2210 95
7056 -312
4839 -5195
-1204 2392
-5035 5449
3189 1508
-7150 -3282
8120 2445
4866 -6578
6159 3507
7672 -525
3372 -4791
-579 -5003
-3454 -3122
8466 1087
8339 7517
6469 4317
-1694 6669
-6026 104
-4713 2258
5575 6834
-244 6653
-2870 8118
4836 4920
2015 6799
-6716 -235
7017 -4921
4356 -6821
1206 6148
1016 2073
3416 1067
-990 -3762
2176 252
-7252 -2609
4690 2428
-1021 -3681
6757 5093
-2620 -6628
7940 1644
2106 6535
8596 1850
2732 -73
-4710 5467
7447 5516
7789 1540
-3391 7472
2609 1282
-27 5173
-2580 -1946
-3275 -2420
-4285 5279
1778 -279
-669 -5468
-3216 252
4427 7088
-1089 7061
-362 -6035
-7962 -5827
3058 655
2303 -5629
-5958 -492
-5176 -5514
-4353 713
-523 -6133
1776 -6097
322 552
-6174 -423
3412 3834
-4479 -5101
3163 -3288
7090 9256
3648 2328
2895 -2923
3758 4708
-1799 -7987
-2272 -8373
-4162 -7098
7614 4694
-3802 7195
-7361 -2604
-818 1347
6244 -8048
1730 -5696
1912 6617
-5904 -7917
2225 6998
1646 -5513
4083 -5929
-5154 -5071
-49 2553
-8199 -4990
-7295 -3151
-4937 -331
6219 3876
3580 3318
-1589 -189
4478 2763
2505 -6585
-2413 -7689
-7228 -3904
-495 6334
7674 -5244
4201 1414
1559 -346
1523 -7291
-720 4506
7998 8619
4361 -1155
-1013 -344
-5043 -3419
2601 3696
-7104 -5911
-694 1498
-7663 5738
2994 3771
1976 -4170
-4503 -5239
3494 -3310
1997 -1197
-3969 -1716
1111 -995
3562 -653
-6057 -7398
-1694 6498
7197 -992
-4727 5826
-4959 2108
-4059 7377
238 -5417
2744 2053
5111 -240
-4000 -1567
-405 926
-2903 -2010
-6149 -7438
-2407 7569
7121 4456
6877 -5405
7261 -5396
7113 5078
-454 1922
5445 -1416
7613 7314
-7443 -6584
-2744 -3404
3568 -4703
-1171 2690
-7221 -3632
-227 -8025
-7133 -3441
-3254 1361
-1388 4965
7116 2311
-644 1585
-6431 3316
-6440 -83
-6911 -98
-309 6865
-3670 7655
-2888 -4138
-6755 -2689
-7151 -2888
-7719 -6843
-6343 -7671
-5836 -4958
7006 -605
2976 -2759
-6007 3009
8936 1775
-7780 6601
4330 6669
-587 1110
2211 -3531
1511 -621
-3684 5647
-6282 355
-1093 7126
-4179 6283
5137 8475
2684 78
2801 -6016
-7617 6176
3449 -129
8238 2026
7686 7645
-6755 -2952
1110 -852
6655 2104
-7179 -2755
8330 6022
-1857 471
-7680 6266
-3492 4566
-3756 7674
2512 -3816
7492 1709
4152 -7857
6893 -457
-1579 3288
7254 8825
-1210 -1889
4042 7863
8805 7644
-5247 1563
7314 -4652
9115 8395
1110 7761
-1283 5793
5596 -6809
-191 1088
-4842 -5633
2514 -2742
-2280 -54
2845 -1219
3970 7343
4178 3511
-4168 7560
1052 -784
6925 -5034
-1336 2690
-846 -6852
1266 -1290
7793 2992
2210 6779
-1699 -7285
7585 2101
-1170 -6305
-942 -7888
4547 -342
-2021 5007
3006 -4639
-8031 6342
-3834 7608
3234 2474
-2903 3206
-4544 7284
-4420 -5372
3446 36
-3468 -8438
-6518 -609
