8
1
6
18
2
2
2
10
14
7
6
3
13
15
5
8
5
5
1
1
13
12
7
20
6
10
10
3
4
18
6
9
2
16
15
17
15
6
11
12
5
13
14
3
4
13
12
16
17
17
9
14
3
15
15
18
8
11
7
16
15
12
9
11
7
2
17
13
11
5
5
3
19
10
8
15
20
19
1
6
6
10
17
1
12
9
2
20
17
13
7
6
4
16
9
9
7
7
3
14
11
1
11
14
1
19
7
4
17
10
10
14
8
4
4
8
3
15
9
4
4
3
1
18
12
1
6
19
19
19
5
4
17
20
8
1
8
3
12
11
2
19
8
16
2
18
5
14
12
17
2
10
16
16
9
9
5
17
16
1
18
15
2
8
3
3
10
4
18
16
6
9
12
20
17
10
11
6
10
10
5
18
15
8
19
20
13
7
11
8
5
13
18
17
7
1
16
1
9
6
7
17
20
12
2
15
8
13
1
14
11
15
4
13
11
16
15
13
13
2
10
19
2
11
16
13
14
5
7
18
5
17
11
12
9
9
19
20
20
14
19
6
7
2
3
20
5
20
12
16
18
20
1
7
15
20
1
20
15
12
16
19
2
14
2
15
14
4
6
13
10
9
18
6
2
14
13
19
7
19
10
8
18
6
11
3
1
6
12
3
15
5
4
9
4
1
18
10
4
11
19
14
16
18
5
18
9
3
7
12
10
3
8
9
13
20
17
18
19
10
18
15
8
3
16
2
5
19
2
1
10
15
15
6
14
4
11
11
3
13
6
17
20
8
17
14
11
6
3
12
1
14
7
7
13
2
5
12
16
20
16
19
8
17
14
17
19
3
6
9
4
5
14
13
20
16
7
11
5
8
10
12
2
12
6
19
4
3
1
11
15
12
7
13
4
18
16
9
20
19
