1
2
3
4
15
5
4
17
18
5
9
9
10
1
2
11
8
6
3
2
8
9
19
13
8
19
2
17
3
14
13
19
2
18
9
15
20
17
2
8
4
7
7
15
3
17
13
18
5
14
12
18
6
17
6
10
19
9
7
16
3
1
19
16
8
19
11
20
2
6
15
1
19
16
18
15
11
13
6
3
11
10
12
6
3
5
7
14
6
7
3
19
1
8
12
19
20
16
20
16
4
13
10
20
5
9
15
8
1
11
18
4
4
5
13
2
8
11
2
16
1
2
11
15
11
8
7
7
3
2
14
17
20
20
11
20
9
2
9
20
20
12
14
1
1
6
3
6
12
14
4
2
19
15
10
17
1
11
18
7
17
15
11
18
19
7
12
12
8
18
1
10
13
14
17
16
7
5
17
10
14
5
5
8
13
15
13
13
17
1
13
4
17
9
18
3
3
1
20
10
14
16
13
4
11
17
16
14
15
4
16
18
1
2
20
4
18
6
1
1
15
16
6
13
4
16
16
6
6
7
10
6
8
16
18
18
20
5
7
14
14
7
20
9
7
11
10
7
3
12
10
10
4
11
13
9
14
6
20
10
12
5
3
9
11
12
9
18
10
17
4
4
11
8
2
19
13
11
8
10
6
1
20
13
19
1
5
17
15
1
15
13
15
7
17
2
20
20
14
10
19
12
8
16
11
10
19
11
10
19
2
18
12
6
11
7
9
9
5
12
7
17
16
14
8
16
14
8
10
13
1
2
15
8
16
13
12
3
6
18
5
4
15
3
13
14
3
19
5
9
12
19
9
3
18
20
19
17
17
13
18
5
3
15
12
10
14
12
5
20
13
4
15
14
8
4
14
2
12
1
16
4
12
9
5
3
19
16
7
5
6
2
4
7
14
8
10
9
9
16
