4
1
8
8
16
2
11
13
10
9
20
5
15
14
4
6
6
7
15
9
13
10
11
7
12
7
1
20
17
4
9
20
17
3
15
8
8
2
15
13
18
17
20
8
19
6
2
10
3
17
15
2
3
13
18
9
12
13
16
1
8
8
5
14
19
15
15
19
1
11
1
10
5
14
7
7
12
7
8
17
14
18
4
8
5
17
14
13
4
3
1
7
15
19
13
2
12
13
18
14
19
3
14
14
9
5
10
16
12
9
19
3
7
10
16
13
7
8
5
2
11
8
19
12
18
4
8
7
9
11
12
7
16
19
20
10
11
13
10
6
9
2
4
18
4
11
17
4
20
1
14
8
9
19
12
8
4
16
17
17
20
17
11
2
17
18
6
5
19
18
13
3
3
4
6
13
2
7
14
1
6
13
18
15
4
10
3
6
9
18
15
20
14
17
13
19
14
18
14
15
13
7
19
7
12
11
9
10
17
20
20
4
5
12
1
2
16
8
16
16
6
20
14
16
11
3
9
15
12
11
5
9
17
18
18
20
15
11
5
14
6
19
4
17
7
12
6
6
6
14
14
11
12
15
16
5
20
11
20
2
11
11
9
13
16
19
1
12
16
2
16
19
1
5
5
1
10
18
17
15
3
6
14
12
8
1
5
4
20
6
3
9
20
3
15
16
2
15
10
20
16
15
7
12
1
15
4
11
8
8
18
7
18
7
20
14
19
17
18
18
10
12
13
6
5
3
4
9
4
2
5
16
6
20
17
10
6
2
2
17
10
19
16
5
12
6
10
12
12
16
18
3
3
11
3
1
10
9
20
2
8
3
14
2
9
20
18
5
4
1
4
1
1
13
5
7
4
19
19
10
18
2
7
5
13
9
13
5
3
8
9
9
4
1
10
13
6
8
17
11
