107
0 11 1 11
3 17 4 17
4 1 4 0
5 7 4 7
7 3 6 3
8 12 9 12
16 11 15 11
20 5 19 5
21 21 21 22
22 8 22 7
23 10 23 11
24 26 24 25
2 0 1 0
1 0 0 0
7 15 7 14
7 14 7 13
4 25 4 24
4 24 4 23
10 18 10 19
8 18 9 18
9 18 10 18
6 11 6 10
6 10 6 9
7 12 7 11
7 11 7 10
7 10 7 9
8 7 8 8
8 8 8 9
16 10 16 9
21 8 21 9
25 8 24 8
26 6 25 6
25 6 24 6
25 10 24 10
22 16 22 15
18 14 18 15
18 16 17 16
17 16 16 16
16 16 15 16
16 17 15 17
17 18 16 18
16 18 16 17
18 20 18 19
18 19 18 18
18 18 18 17
20 22 19 22
19 22 18 22
17 24 18 24
21 26 21 25
21 25 20 25
20 25 19 25
19 25 18 25
23 24 23 25
25 26 24 26
24 26 23 26
17 23 17 24
22 23 21 23
21 23 20 23
20 23 20 22
24 23 23 23
23 23 22 23
22 23 21 23
21 23 20 23
24 22 24 23
14 20 15 20
15 20 16 20
17 21 17 22
17 22 16 22
14 25 14 24
14 24 14 23
14 23 14 22
14 22 14 21
14 21 14 20
12 25 13 25
13 25 14 25
15 26 14 26
12 24 12 25
10 26 10 25
11 26 10 26
10 24 11 24
11 24 12 24
9 23 10 23
10 23 10 24
15 24 15 25
25 21 24 21
24 21 23 21
23 21 22 21
25 19 25 20
25 11 25 10
20 10 19 10
19 10 18 10
18 10 17 10
17 10 16 10
21 14 20 14
20 14 19 14
19 14 19 13
19 13 19 12
19 12 19 11
19 11 19 10
22 14 21 14
21 14 20 14
20 14 19 14
10 6 9 6
5 2 5 1
9 0 9 1
20 3 20 4
20 4 20 5
93
0 0 0 1
0 9 0 1
0 13 0 9
0 17 0 13
3 13 0 13
7 13 3 13
8 13 7 13
3 19 3 13
3 23 3 19
2 23 3 23
4 23 3 23
1 19 3 19
4 19 3 19
5 19 4 19
6 19 5 19
10 19 6 19
12 19 10 19
13 19 12 19
13 17 13 19
12 16 12 19
10 18 10 19
6 20 6 19
4 9 0 9
6 9 4 9
7 9 6 9
8 9 7 9
9 9 8 9
12 9 9 9
15 9 12 9
16 9 15 9
21 9 16 9
23 9 21 9
24 9 23 9
24 8 24 9
24 6 24 8
24 10 24 9
24 15 24 10
22 15 24 15
18 15 22 15
15 15 18 15
15 16 15 15
15 17 15 16
16 17 15 17
18 17 16 17
18 22 18 17
18 24 18 22
18 25 18 24
23 25 18 25
23 26 23 25
17 24 18 24
20 22 18 22
20 23 20 22
20 24 20 23
24 23 20 23
16 20 16 17
16 22 16 20
14 20 16 20
14 25 14 20
14 26 14 25
12 25 14 25
10 25 12 25
10 26 10 25
12 24 12 25
12 22 12 24
10 24 12 24
15 25 14 25
18 13 18 15
22 17 22 15
22 20 22 17
22 21 22 20
26 21 22 21
25 20 22 20
25 10 24 10
23 6 23 9
16 10 16 9
16 12 16 10
19 10 16 10
19 14 19 10
23 14 19 14
15 7 15 9
19 7 15 7
9 6 9 9
9 5 9 6
11 6 9 6
8 6 8 9
5 1 0 1
7 1 5 1
9 1 7 1
13 1 9 1
13 0 13 1
16 0 13 0
22 0 16 0
13 2 13 1

128
1 19 0 19
4 2 3 2
5 4 5 5
5 8 4 8
6 11 6 12
7 15 7 16
10 6 9 6
11 6 12 6
15 24 15 25
17 21 17 22
19 7 18 7
20 3 20 4
20 10 21 10
21 8 21 9
21 26 21 25
22 16 22 15
22 17 22 18
22 23 23 23
23 14 24 14
18 12 18 11
23 10 23 11
22 8 21 8
21 8 20 8
20 8 19 8
19 8 18 8
18 8 17 8
17 8 16 8
16 8 15 8
15 8 14 8
19 1 19 2
19 2 20 2
20 2 21 2
21 2 22 2
22 2 22 3
22 3 21 3
21 3 20 3
20 3 19 3
19 3 18 3
18 3 17 3
17 3 16 3
16 3 15 3
15 3 14 3
18 1 19 1
19 1 19 2
19 2 20 2
20 2 21 2
21 2 22 2
22 2 22 3
13 3 13 4
13 4 13 5
13 5 13 6
12 3 13 3
20 5 20 6
16 13 15 13
15 13 14 13
19 20 19 19
20 18 20 17
20 17 21 17
21 17 21 18
21 18 21 19
23 17 23 18
23 18 23 19
24 17 23 17
25 9 26 9
19 17 20 17
20 17 21 17
20 16 21 16
20 13 20 14
20 14 20 15
20 15 20 16
16 24 15 24
13 24 13 23
13 23 13 22
13 22 13 21
13 20 12 20
19 26 19 25
19 25 19 24
19 24 19 23
19 23 19 22
19 22 19 21
24 26 23 26
23 26 22 26
25 25 24 25
24 25 24 26
25 23 25 24
25 24 25 25
25 25 24 25
17 26 18 26
18 26 19 26
13 10 12 10
13 8 13 9
13 9 13 10
10 3 11 3
4 1 4 2
4 2 4 3
6 2 7 2
8 4 7 4
5 7 5 8
5 8 6 8
6 8 7 8
7 8 8 8
8 8 8 9
8 9 8 10
3 8 3 7
3 7 4 7
4 7 5 7
5 7 5 8
5 8 6 8
6 8 7 8
7 8 8 8
2 6 2 7
2 7 3 7
3 7 4 7
4 7 5 7
5 7 5 8
3 6 2 6
2 6 2 7
2 7 3 7
3 7 4 7
4 7 5 7
3 4 3 5
3 5 3 6
3 6 2 6
2 6 2 7
4 6 3 6
3 6 2 6
4 4 4 5
4 5 4 6
72
11 11 0 11
12 11 11 11
14 11 12 11
16 11 14 11
18 11 16 11
23 11 18 11
14 8 14 11
14 7 14 8
14 6 14 7
14 3 14 6
22 3 14 3
23 3 22 3
24 3 23 3
24 2 24 3
13 6 14 6
13 3 13 6
20 6 14 6
14 13 14 11
14 19 14 13
15 19 14 19
19 19 15 19
21 19 19 19
23 19 21 19
23 17 23 19
26 17 23 17
26 14 26 17
26 11 26 14
26 10 26 11
26 9 26 10
25 14 26 14
25 16 25 14
21 17 21 19
21 16 21 17
20 16 21 16
15 21 15 19
15 24 15 21
13 21 15 21
12 21 13 21
12 20 12 21
19 21 15 21
21 21 19 21
21 24 21 21
22 24 21 24
22 22 22 24
23 22 22 22
22 26 22 24
24 26 22 26
24 25 24 26
19 26 19 21
20 26 19 26
12 10 12 11
13 10 12 10
12 14 12 11
11 10 11 11
11 7 11 10
11 3 11 7
11 0 11 3
7 3 11 3
4 3 7 3
1 3 4 3
7 2 7 3
7 4 7 3
13 7 11 7
8 10 11 10
4 10 8 10
8 8 8 10
5 8 8 8
5 7 5 8
2 7 5 7
2 6 2 7
4 6 2 6
11 12 11 11

0
56
1 15 1 16
1 16 1 17
1 17 1 18
5 24 5 25
6 19 6 20
7 21 7 22
8 6 8 7
8 20 8 21
11 10 11 11
11 11 11 12
12 24 12 25
13 0 13 1
13 1 13 2
13 7 13 8
14 6 14 7
17 23 17 24
18 13 18 14
22 16 22 17
24 2 24 3
24 22 24 23
25 10 25 11
26 10 26 11
1 15 2 15
1 17 2 17
2 6 3 6
2 17 3 17
2 23 3 23
3 4 4 4
3 6 4 6
3 19 4 19
4 2 5 2
4 19 5 19
5 18 6 18
5 19 6 19
5 21 6 21
6 18 7 18
6 21 7 21
7 21 8 21
10 6 11 6
10 26 11 26
11 11 12 11
12 3 13 3
12 19 13 19
13 7 14 7
14 19 15 19
18 1 19 1
19 26 20 26
21 14 22 14
21 24 22 24
22 14 23 14
22 22 23 22
23 3 24 3
23 9 24 9
23 17 24 17
25 14 26 14
25 21 26 21

