34 3
0020120030000030000000000000010001
0000000030030100000000300020000000
0020033000013002010003003120000020
0010100000002322001000200001000000
0003200100222000030010212110000003
0003200200000003000203200000001020
0310000000000000100000000000210000
0000000000000030000000000103000100
2010010000000020000003001000000000
0123000030003000000000000302000000
0000300000000010000000032002000310
0300010010300001020000300200100332
0313000000100010000030002011000000
0210023000000000230000030000000002
0001000303013000002000100020200000
3000010001000000021002000300000033
0030000200000000003000003323200013
1000303000001330030000003000030003
0000000300000020002100021302300021
0000200300030010000300200202003000
0000010010000020010000000011330010
2010001200002002132000000000020002
3010000300003010000000000010030002
0000000010100000302000021001000020
1000000003202010002200020000300303
3000000200003100000010000000030200
1000010031010310300220330010000000
0103010100000330000200000100000000
0000303000302000000000000000101200
2010030000000020002003003000000000
0000020200031000000000300001000020
2000100001210002101000000000302000
0110000221002000020010000020030000
0001002100212000021000202000020010
