26 2
00000000220000101010000000
00000001111010000000000000
00002210002020020002010021
20200002001002120000000100
01112000022000000020000210
01000100200002201002100012
10200010000200000200000001
10002002000200012000001000
20022200101010001000100000
20010001011220000000000100
00220110020000000000222200
00100200000100100200200000
01000100022200012010001000
02000011021222000000010000
02000002000101012120022010
00001000001200000200000002
10001000021101110000000000
00010010000100200001200200
00000110000020020002000002
00000110002000000010000100
20100020020110020000010022
00011020000100200100011002
11001020000100200210000010
00000002200000200000200220
10000001020100201022200000
02000000000000100000011200
