44 4
00000000200000000000000000004004000000000003
00201030110000301002000001010200040000000000
20000010030023000100000000000001000000100203
00400010000000000000000000000300000001032300
00002000000003000000000000000200100220000400
01000000040100000040440010410000200000400403
00101000400000000000102000000004000440001000
00034104420000000000000000000004010000000010
00200000040000000030400000000003040000223010
00000000000000000030300300414031200000000300
44000010000002004023404000200200020031010031
30000000000003010000100000000002010023000000
00010000004204000000000003000020000400000001
01200034000300000001000000033130000002000000
00000040300032000000021000000000000000010023
23000400002040000000001000000000000000010000
00300300000000000030000020430004000001000100
00000032000020000004000000000003000300000000
04040000020000100002000000000300002010000000
24000002040304400004000000000000002044000040
01040000030000000003000000200001000000302040
00002100000000000040000000000031000000000030
01100002003020000000000300000000002000330000
04100001100000000000000000004000000001010000
03200004020000000020000020000004000040344001
20000000000300400040010000000040010004000000
00000000000200030000000003010020000000000000
00033000000000000000000010000044003000200020
00010000000002021100000430300000000000000000
20200000030000002004000000000001001000000000
00002000000000000330000200020100000000000004
03200000201000000120300100000000022201033200
00000201000000004030400000030200240000000000
00040004103300030304000000000040000000001003
34000020040010000130000300300030100200030001
00000000000000020000000000040011000000100000
00000000000000000332002000000040003001000310
02000000310000100000003000000020004400000002
00000024100002000010000002000200000440041000
00300001000400000200000004000400000000100200
00000400200000000410000000000000001000300000
00000004410004000020000000000030003103113004
02000002000000000000030010400324000003000004
00000000000002220040000000400000030100000002
