33 2
000000100002000220000000100000020
000000000020000100000010220000200
000020100010000000001000000000002
000022000000100000000002010022000
022000011120000000001000000200010
000200101000010210000000000020010
000000000200000002001000001000020
000000000200000000000120020012101
000020000220000000000000200120000
100000200000000100200012000000100
000001000020000000022010200100000
020000000200000000010220000000020
100102020010010010000020000001100
000000000000000000020002200100002
000000000000100000000010000000000
001002010001000002000001000010000
120000100000000000000120000000000
000000000200110012000000001000200
200010000000000010101000010200000
020012000000020200010000200020000
000002000000200001000000000102000
100020100000020201002000010001000
000010002000200200002000001002000
000200000100001000000000000020000
000000000000000000000000000101000
000022000001200000001020000000200
020001000100000000000001001000200
000010000001000100000020100000000
100200000022200100100000000002000
000000100000000000000000000000000
000002000001100010000000000021000
000100000000010000000200020110000
000000000021000000000010000000000
