35 2
00110020200200010000000002000000001
00000000020211000000001000000000000
00002000002000000000000011001000000
20001001200000000000000022000020010
00000000000100010102000022000000000
00020012000000100000000000010100000
00002200200000010000000000002000100
00010000010000000000000000000000022
00000010000000000100002001000022000
00000000000011000000000000000000011
00000010010001000010000002001000000
00002010010120210000200000002000010
00000010000000000020000000020000000
00012000000000000000000000101000000
00011010100000000000000200000000000
10020000000001200220000000200000000
10000002000000200200002000010000200
00000000000000100020000001020000100
00100000000000010000000200000000000
00000002020000000000012000000000200
00022000000000000000000000001000000
00000200100000100000000000000000000
00000000101000000000010200020000000
02000000000000001100010000010100210
00000021010000000020200001000000120
00000000001100000000000020200000000
00000000200000000010200000000001020
00200000002001011022200000000001200
00210020000000010220001010000000020
00000002020000002200002000000220010
00000100200010000000000000000000000
00000000100002000020001000220100102
00011000000010000200100000000020000
00200001000000000200000000000000000
00010000000000020000000000000000002
