25 4
0041434303130020140200200
0101011000410244111342201
0404030204334100212002001
2023411421101130021040040
2120022001040002320304310
0243244002013043404422330
0041402420410222310332101
1124124420003404104334030
1200203111002212100011114
1304400001220202040030201
2303330211322441000103423
3300001014141000314100040
0420130212020020320334014
0031300421402323104201200
0143300310122041420430443
2410314120003134443004322
0000432134000431203410324
4200201004002133004200223
1420000400430012313030100
1301040320234000213234330
3202230100424430331143200
1331434403400200043112113
0232201410030320320033202
0430034003010442400400234
1000000430402413001203004
