35 2
02100000000020000100001000000020011
01001120100000011000000000000000001
00000000001000000000022000000000001
00000000200000012000000000000100000
00001200002000000000002000001000000
00020000000010220001001100000000000
20000001010010020000000101000000000
00000100100000000000200000001000020
20020000002200000000020000000002000
00100000001000000000000000000120001
00000000000002000000000002010000001
00002000120002000000020000020000000
00000200201000000000000000011000001
00010001010000010000000000000000010
00000020002000002002000020002020210
00000000001210000200100000010000010
00001010000001010000000000000100100
00201000001200000000000200001000020
00100001000000000000200000000000002
00000000000002000000001000000000000
00200000000000020020201000000020001
00000000000200000000002000101102000
00002000100002002000000000000000000
00001200000001000000200002100000000
00020020002000000000000000000202000
10002000002000002000000210000000020
00000000002000100000001000000000002
00000020000000000000000000000000000
01000000000200000021000020000000000
10012000010200201000000000000212000
00000000020000000000000001201000000
00101002110000210000102100000000202
01000000020000200000020000000000000
00000000100000000010110001000000000
00000000000001000000000000020002202
