31 4
3104002440000012203240023102010
0200004044000043043203030030000
1330000241104023002114421000203
2140011013000030300010030000004
0130000000010313200102000310010
0200000200003002110100043404000
0401440040230300003001120320003
0020020130200013014004400030203
0000000100042204100010330000420
0033100240400243410000200020433
1303112020000000021340120020030
0030030040001030000040200332000
0440400001040100040104204030000
0302200003103000003100201301102
0020100201000130000100000200140
0000000020001003102404101000004
0000400104000210200003104203002
0440002000000400000400000200410
0001004044304040433040003000002
0040300000032004200200243400000
4001303000014220034040040424000
0000040341030210000030000110402
0204003120010104000020040032120
2002300210000240000102003011410
2000022330040103003200300410020
0020010002130000000014020000300
1041200000304000040320001011430
3013003300100031131044000012222
0040003020223020301443304020000
1002000000032000322340003110000
0000200400000011004400000300440
