20
2 -3 -7 -7 -3 3 9 13 13 9 3 -5 -14 -23 -30 -33 -30 -23 -14 -5
-3 -11 -13 -11 -5 3 11 16 19 16 9 1 -7 -17 -23 -26 -22 -16 -6 2
-7 -13 -16 -14 -8 1 10 17 20 19 13 5 -3 -10 -15 -17 -14 -6 3 12
-7 -13 -17 -17 -11 -4 5 13 17 17 13 8 1 -5 -9 -9 -5 3 11 21
-4 -10 -14 -16 -15 -8 -1 4 10 11 9 6 2 -1 -3 -2 3 11 19 28
3 -4 -11 -15 -16 -15 -10 -5 0 2 2 2 2 0 1 3 8 15 23 31
9 2 -6 -14 -19 -21 -20 -15 -10 -6 -4 -1 1 2 2 5 9 15 20 28
13 5 -4 -15 -22 -27 -28 -24 -18 -12 -7 -3 1 3 3 4 7 10 16 21
12 5 -5 -15 -25 -30 -31 -29 -22 -14 -7 -1 3 5 5 4 4 5 8 12
9 2 -8 -19 -27 -32 -32 -28 -20 -11 -3 3 6 8 6 3 0 -3 0 4
3 -5 -15 -23 -30 -32 -30 -24 -14 -5 3 9 12 13 9 3 -3 -7 -7 -3
-3 -12 -19 -27 -31 -32 -26 -18 -7 2 11 17 20 18 12 3 -6 -13 -15 -11
-7 -14 -21 -26 -29 -28 -20 -11 2 12 20 26 28 23 15 2 -9 -18 -22 -21
-7 -12 -17 -21 -23 -19 -11 0 10 20 29 35 36 30 17 2 -12 -24 -30 -29
-3 -6 -9 -12 -12 -8 -2 9 18 28 36 42 41 35 21 3 -16 -29 -36 -36
3 3 2 0 0 3 7 15 23 31 38 43 43 37 22 3 -16 -31 -38 -38
9 10 12 12 11 11 13 17 22 29 36 41 41 35 21 3 -16 -29 -36 -37
13 17 19 19 17 15 13 14 17 22 28 35 35 30 18 3 -13 -24 -31 -29
12 19 21 21 19 14 9 8 9 13 19 26 28 24 15 3 -9 -18 -22 -20
9 16 19 18 15 10 4 0 0 4 10 17 20 18 12 2 -6 -12 -14 -11
