20
5 -1 -5 -5 -1 5 11 15 15 11 6 -1 -5 -5 -1 5 11 15 15 11
-1 -8 -12 -11 -8 -2 4 8 8 5 -1 -8 -11 -8 -3 5 13 19 21 19
-5 -12 -15 -16 -12 -7 -1 3 3 1 -5 -11 -12 -9 -2 7 16 22 24 21
-5 -11 -16 -17 -15 -10 -5 -1 1 -1 -5 -9 -9 -5 2 11 19 24 25 21
-1 -8 -13 -16 -15 -12 -7 -2 1 1 -1 -2 -2 3 9 16 22 24 22 18
5 -2 -8 -13 -14 -13 -8 -3 2 4 5 6 8 13 18 23 24 23 18 12
11 4 -4 -10 -13 -13 -10 -4 3 8 11 14 18 23 28 29 27 22 14 6
15 7 -1 -9 -14 -15 -12 -5 2 9 15 20 26 32 35 35 30 22 12 3
15 8 -1 -10 -16 -18 -15 -9 0 8 15 22 29 36 39 38 33 23 12 3
11 4 -5 -14 -21 -24 -21 -14 -5 4 11 19 27 35 40 40 35 26 17 6
5 -3 -12 -21 -28 -30 -28 -21 -12 -3 5 13 22 31 38 40 38 31 22 13
-1 -9 -18 -27 -34 -37 -34 -28 -19 -10 -3 5 15 25 34 40 39 35 27 19
-5 -12 -20 -30 -38 -42 -41 -35 -27 -19 -12 -4 6 18 28 35 37 34 29 22
-5 -10 -18 -27 -36 -42 -44 -41 -35 -28 -21 -13 -3 8 19 27 30 29 25 20
-1 -4 -11 -20 -30 -38 -43 -44 -41 -35 -28 -20 -11 -1 9 16 19 19 17 14
5 4 0 -9 -20 -30 -38 -42 -42 -37 -30 -23 -15 -7 0 5 7 7 6 5
11 13 10 3 -8 -20 -30 -36 -38 -34 -28 -21 -14 -9 -5 -3 -3 -4 -4 -3
15 19 18 13 3 -9 -20 -27 -30 -27 -21 -14 -9 -6 -5 -7 -9 -11 -11 -9
15 20 22 18 10 0 -11 -18 -20 -18 -12 -5 -1 0 -2 -6 -11 -14 -14 -11
11 18 20 19 13 4 -4 -10 -12 -9 -3 4 8 7 4 -2 -7 -10 -11 -8
