20
-5 1 5 5 1 -5 -11 -15 -15 -11 -5 1 5 5 1 -5 -10 -15 -15 -11
-13 -6 -2 0 -2 -5 -8 -10 -8 -4 3 9 14 12 9 3 -3 -7 -7 -4
-22 -15 -10 -7 -5 -5 -5 -3 0 5 13 18 22 22 19 14 8 4 3 7
-31 -24 -18 -13 -9 -5 -1 3 8 14 21 27 32 33 31 27 21 17 15 17
-38 -31 -24 -17 -11 -5 1 7 14 21 28 35 40 43 42 39 34 29 26 26
-39 -33 -26 -19 -12 -5 2 10 16 23 30 37 44 45 45 45 45 38 34 31
-38 -31 -24 -17 -11 -5 1 7 15 21 28 36 42 45 45 45 46 42 36 31
-31 -24 -18 -13 -9 -5 -1 3 8 14 21 28 36 44 45 45 45 41 33 26
-22 -15 -9 -7 -5 -5 -5 -3 0 5 12 19 28 36 44 45 43 35 28 18
-12 -6 -2 0 -2 -5 -7 -10 -8 -4 3 10 19 28 35 38 35 28 19 10
-5 1 5 5 2 -5 -11 -15 -15 -11 -5 4 12 21 28 30 28 21 12 3
3 9 11 9 3 -5 -14 -20 -22 -19 -13 -5 4 13 20 23 20 13 4 -5
12 17 19 14 6 -6 -18 -27 -30 -28 -22 -13 -5 4 11 14 11 4 -5 -14
21 25 24 16 4 -11 -24 -35 -39 -37 -31 -23 -14 -5 2 5 2 -5 -14 -23
28 29 26 15 1 -16 -31 -42 -46 -44 -38 -30 -21 -12 -5 -2 -5 -12 -21 -30
30 29 23 11 -6 -23 -37 -47 -50 -47 -40 -33 -24 -15 -8 -5 -8 -15 -24 -33
28 25 16 3 -14 -29 -41 -48 -47 -44 -38 -30 -20 -12 -5 -2 -5 -12 -20 -30
21 15 6 -8 -21 -34 -43 -46 -43 -38 -31 -23 -14 -5 2 5 2 -5 -14 -22
13 5 -5 -18 -29 -38 -42 -41 -36 -29 -22 -14 -5 4 11 14 11 4 -4 -14
3 -4 -15 -25 -35 -39 -40 -36 -28 -20 -13 -5 4 13 20 23 20 13 4 -5
