20
3 -5 -14 -23 -30 -32 -31 -23 -14 -5 3 10 20 29 36 37 35 28 20 11
-3 -11 -20 -29 -36 -39 -38 -31 -21 -12 -5 3 12 23 32 38 37 34 26 18
-7 -15 -24 -33 -40 -44 -42 -37 -28 -20 -15 -8 3 16 27 35 40 39 33 26
-7 -14 -23 -33 -40 -44 -45 -40 -34 -28 -23 -17 -8 6 20 33 41 44 41 36
-3 -10 -20 -28 -36 -40 -42 -41 -36 -33 -31 -27 -18 -5 12 27 38 46 45 41
3 -4 -13 -21 -29 -32 -35 -35 -34 -33 -32 -31 -25 -13 4 21 35 45 48 45
8 1 -6 -12 -19 -22 -25 -25 -26 -27 -30 -31 -28 -17 -4 14 29 40 44 42
12 6 -1 -5 -10 -11 -12 -13 -15 -18 -23 -28 -26 -18 -6 9 23 33 36 34
13 6 1 -2 -3 -2 -3 -3 -4 -8 -14 -19 -20 -17 -7 5 15 25 28 26
9 3 -1 -3 -1 1 5 7 6 2 -5 -12 -13 -11 -5 3 12 18 20 17
3 -3 -7 -8 -3 3 9 13 13 8 3 -4 -7 -7 -3 3 9 13 12 8
-5 -11 -15 -13 -6 2 12 18 20 16 11 4 0 -3 0 3 6 8 7 3
-14 -20 -22 -18 -10 3 14 23 28 25 19 13 7 4 4 4 5 5 3 -1
-23 -30 -31 -25 -12 3 18 30 35 35 29 22 15 11 7 5 4 3 1 -2
-30 -37 -37 -30 -15 2 20 35 42 42 35 28 20 15 9 5 3 2 1 0
-32 -38 -38 -31 -16 3 21 37 44 43 38 31 23 14 8 3 1 1 2 3
-30 -36 -36 -29 -16 2 21 35 42 42 36 28 20 11 3 -2 -3 -1 2 6
-23 -30 -30 -24 -12 3 18 30 36 34 29 21 12 3 -5 -9 -9 -5 0 8
-14 -21 -22 -18 -10 3 15 24 28 26 19 12 3 -6 -14 -17 -15 -11 -3 5
-5 -11 -14 -12 -7 3 12 18 19 17 11 3 -6 -15 -23 -26 -23 -16 -8 2
