20
-5 -11 -15 -15 -11 -5 1 5 5 1 -5 -13 -22 -31 -38 -40 -38 -31 -22 -13
1 -5 -9 -8 -5 1 7 11 11 8 1 -6 -16 -26 -35 -40 -40 -35 -27 -19
5 -1 -6 -6 -2 3 9 13 14 11 5 -2 -11 -21 -30 -36 -38 -35 -29 -22
5 -2 -6 -8 -6 -1 4 9 10 8 5 -1 -8 -16 -24 -29 -31 -29 -25 -20
1 -6 -11 -14 -14 -10 -6 -1 2 3 1 -2 -6 -10 -15 -18 -19 -18 -16 -13
-5 -12 -18 -23 -24 -23 -18 -13 -8 -7 -5 -5 -5 -5 -5 -5 -5 -5 -5 -5
-11 -18 -25 -32 -35 -35 -31 -25 -19 -14 -11 -8 -4 0 4 8 9 8 6 3
-15 -23 -30 -38 -43 -44 -41 -35 -27 -20 -15 -9 -2 6 14 19 21 19 15 9
-15 -23 -31 -40 -46 -48 -46 -39 -30 -22 -15 -8 1 11 20 26 28 25 19 12
-11 -19 -28 -37 -44 -47 -44 -37 -28 -19 -11 -4 6 16 25 30 30 25 17 8
-5 -13 -22 -31 -38 -40 -38 -31 -22 -13 -5 3 11 21 28 30 28 21 12 2
3 -5 -14 -23 -30 -32 -30 -23 -14 -5 3 10 18 26 31 30 25 16 5 -5
12 5 -3 -12 -19 -22 -20 -13 -5 4 12 19 26 32 34 30 22 10 -3 -14
21 16 9 1 -6 -9 -8 -2 5 13 21 28 34 38 37 30 18 3 -12 -23
28 25 20 13 7 4 4 7 13 21 28 35 41 43 40 30 16 -1 -17 -30
30 30 27 22 17 13 11 13 17 23 30 37 43 45 41 30 15 -3 -20 -32
28 30 29 26 21 17 12 13 16 21 28 35 41 43 40 30 16 -1 -17 -30
21 25 27 25 20 15 11 9 10 14 21 28 34 38 37 30 18 3 -11 -23
12 17 20 19 15 10 4 1 1 5 12 19 26 32 34 30 22 10 -3 -14
3 9 12 12 8 2 -4 -7 -8 -4 3 10 18 26 31 30 25 16 5 -5
