20
0 -6 -10 -10 -6 0 6 10 10 6 0 -8 -17 -26 -33 -35 -33 -26 -17 -8
8 1 -2 -2 1 7 13 16 16 13 6 -1 -11 -21 -30 -35 -35 -30 -22 -14
17 11 7 7 9 13 17 20 19 16 10 3 -6 -16 -25 -31 -33 -30 -24 -17
26 21 18 17 17 18 19 19 17 14 10 4 -3 -11 -19 -24 -26 -24 -20 -15
33 30 28 25 22 19 17 14 11 8 6 3 -1 -5 -10 -13 -14 -13 -11 -8
35 35 33 30 24 18 11 6 2 0 0 0 0 0 0 0 0 0 0 0
33 35 34 30 22 13 4 -3 -7 -8 -6 -3 1 5 10 13 14 13 11 8
26 30 31 27 18 8 -2 -10 -14 -14 -10 -4 3 11 19 24 26 24 20 15
17 22 24 21 13 3 -7 -14 -17 -16 -10 -3 6 16 25 31 33 30 24 17
8 14 17 15 9 1 -8 -14 -16 -13 -6 1 11 21 30 35 35 30 22 14
0 5 10 10 6 0 -6 -10 -10 -6 0 8 17 26 33 35 33 26 17 8
-8 -1 3 4 2 -1 -4 -6 -4 0 6 14 22 30 35 35 30 21 11 1
-17 -11 -7 -5 -5 -5 -6 -5 -2 3 10 17 25 32 35 33 27 17 6 -3
-26 -21 -18 -16 -15 -14 -12 -8 -3 3 10 17 24 30 32 30 23 14 4 -4
-33 -30 -29 -28 -27 -25 -21 -15 -9 -1 6 13 20 25 26 24 18 11 3 -3
-35 -36 -37 -38 -38 -35 -31 -24 -15 -7 0 7 13 18 19 18 13 8 3 1
-33 -36 -39 -43 -45 -43 -39 -31 -22 -13 -6 1 7 11 12 11 9 6 4 4
-26 -31 -37 -43 -47 -47 -43 -36 -26 -17 -10 -3 3 6 7 6 4 3 3 5
-17 -23 -31 -39 -45 -47 -43 -36 -27 -18 -10 -3 2 4 4 2 0 -1 0 4
-8 -15 -24 -33 -40 -42 -39 -32 -23 -14 -6 0 4 5 4 0 -3 -5 -4 0
