20
-7 1 9 18 26 27 26 19 10 1 -7 -15 -25 -33 -40 -42 -41 -34 -24 -16
1 8 17 26 33 35 33 25 16 7 -1 -8 -18 -26 -33 -36 -33 -26 -17 -8
10 17 26 34 40 42 38 30 20 11 3 -4 -13 -22 -28 -31 -28 -22 -13 -5
19 26 33 42 43 42 41 31 19 10 3 -5 -13 -21 -26 -27 -24 -17 -10 -3
26 33 40 43 43 43 40 28 17 7 -2 -8 -16 -22 -25 -25 -22 -16 -9 -4
28 36 42 42 43 43 37 25 11 1 -7 -14 -20 -25 -26 -25 -20 -15 -10 -9
26 33 40 43 43 42 32 19 6 -5 -13 -20 -25 -28 -27 -24 -20 -14 -12 -11
19 26 32 39 40 35 27 15 2 -9 -17 -23 -28 -30 -27 -23 -17 -14 -11 -13
10 17 24 31 34 32 23 13 1 -9 -17 -24 -28 -28 -24 -19 -13 -9 -9 -11
0 8 16 24 29 29 24 15 4 -6 -14 -21 -24 -23 -20 -14 -8 -4 -4 -7
-8 0 10 18 26 28 26 19 10 1 -7 -13 -17 -17 -13 -7 -1 3 3 -1
-16 -7 3 14 23 28 28 23 14 7 -1 -7 -11 -11 -6 -1 6 10 10 7
-24 -16 -5 7 18 25 27 25 18 10 3 -3 -8 -7 -2 4 11 16 17 15
-33 -25 -14 -1 10 20 24 23 16 10 3 -4 -7 -8 -3 5 13 20 24 23
-41 -32 -21 -9 5 14 19 18 13 6 -1 -8 -13 -12 -7 1 11 20 26 28
-42 -34 -24 -11 2 11 15 12 8 0 -7 -14 -19 -19 -15 -7 4 14 23 28
-40 -32 -22 -10 2 9 11 9 1 -7 -13 -20 -25 -27 -26 -18 -7 5 14 22
-33 -25 -15 -4 5 11 11 7 -1 -9 -18 -24 -30 -34 -34 -29 -19 -7 4 12
-24 -16 -7 3 11 15 14 8 -1 -10 -17 -24 -33 -39 -40 -37 -29 -19 -7 3
-15 -8 1 11 18 21 19 12 3 -7 -13 -21 -29 -37 -43 -42 -36 -27 -17 -7
