20
8 0 -9 -18 -25 -27 -25 -18 -9 0 8 14 18 18 14 8 2 -2 -2 2
0 -8 -16 -25 -32 -34 -32 -24 -16 -7 2 8 11 11 7 0 -5 -9 -10 -7
-9 -15 -23 -30 -35 -37 -33 -26 -18 -9 -2 3 5 5 -2 -7 -14 -18 -19 -16
-18 -23 -28 -33 -36 -34 -29 -22 -15 -7 -2 2 2 0 -7 -16 -24 -28 -28 -24
-25 -28 -29 -31 -28 -24 -18 -12 -5 -2 2 4 1 -4 -13 -23 -31 -35 -35 -31
-28 -28 -25 -22 -17 -10 -3 2 6 8 8 6 3 -6 -17 -28 -35 -39 -39 -35
-26 -22 -16 -10 -1 6 14 17 17 16 13 10 3 -8 -19 -30 -37 -39 -37 -32
-18 -12 -5 5 15 24 28 28 27 22 18 12 3 -8 -20 -30 -35 -36 -31 -25
-9 -3 8 19 29 36 39 37 30 24 18 11 0 -10 -21 -29 -31 -29 -24 -16
0 8 18 28 36 41 42 38 30 21 13 7 -3 -13 -22 -28 -29 -23 -16 -7
8 16 25 34 41 43 41 34 25 16 8 0 -9 -19 -25 -28 -25 -18 -9 -1
13 21 29 38 42 43 38 29 19 8 2 -7 -15 -22 -28 -27 -23 -13 -3 6
18 25 32 38 41 39 33 24 14 5 -2 -9 -16 -23 -25 -23 -17 -8 2 11
18 22 27 32 34 31 27 19 11 4 -2 -7 -12 -16 -18 -16 -11 -3 5 12
14 16 19 21 22 21 18 12 9 5 2 0 -3 -5 -6 -5 -2 3 6 10
8 7 8 8 8 8 7 8 8 8 8 8 7 8 8 8 8 8 7 8
1 0 -3 -5 -7 -5 -2 3 7 11 14 16 18 21 22 21 18 12 9 5
-2 -7 -12 -16 -18 -16 -11 -3 5 12 17 23 28 32 34 32 27 19 11 3
-2 -9 -16 -22 -25 -23 -17 -8 2 11 18 24 32 38 41 39 33 24 14 4
2 -6 -14 -22 -27 -27 -22 -14 -3 7 14 21 30 38 43 42 38 28 19 9
