20
-3 5 15 23 30 33 30 24 14 5 -3 -9 -12 -13 -9 -3 3 8 7 3
5 12 21 30 36 39 36 30 20 11 3 -3 -7 -8 -6 -2 0 3 0 -4
14 20 29 36 40 43 38 31 22 14 7 1 -2 -5 -4 -3 -4 -5 -8 -13
24 28 34 38 40 39 35 28 20 12 7 3 -1 -3 -4 -4 -7 -11 -15 -22
30 32 34 35 33 29 23 17 10 6 3 0 -1 -2 -3 -5 -8 -15 -20 -29
32 33 30 28 21 15 8 3 -1 -3 -2 -2 -2 -1 -1 -3 -8 -14 -23 -31
30 28 21 14 6 -2 -8 -12 -13 -11 -9 -6 -2 1 3 3 -3 -11 -19 -28
23 17 10 0 -11 -19 -23 -23 -22 -17 -13 -8 -1 5 9 9 5 -3 -11 -21
14 7 -3 -14 -24 -31 -34 -32 -26 -19 -13 -5 2 10 15 17 14 6 -2 -12
5 -3 -13 -23 -32 -36 -37 -33 -25 -17 -8 -1 7 16 23 25 22 15 6 -3
-2 -11 -20 -29 -36 -38 -35 -29 -19 -10 -3 6 14 24 30 32 30 23 14 5
-10 -18 -25 -34 -38 -38 -33 -23 -14 -4 4 11 20 29 36 40 36 31 21 12
-20 -26 -33 -38 -40 -38 -30 -20 -8 0 7 14 22 31 39 42 41 36 29 20
-29 -34 -38 -40 -40 -35 -26 -17 -6 1 7 12 20 27 34 39 41 38 34 28
-36 -38 -40 -39 -35 -28 -21 -13 -5 0 3 7 10 17 23 29 34 36 34 33
-38 -38 -36 -33 -27 -20 -14 -9 -5 -3 -3 -3 -1 3 8 15 21 27 30 33
-36 -33 -28 -22 -15 -9 -5 -4 -4 -5 -9 -11 -13 -11 -9 -1 6 15 21 28
-29 -24 -17 -8 -2 3 4 2 -2 -8 -12 -17 -21 -23 -23 -19 -11 1 10 18
-20 -12 -5 4 11 16 15 9 1 -6 -13 -18 -25 -32 -34 -31 -24 -14 -2 8
-11 -3 7 16 22 26 22 16 7 -2 -9 -16 -25 -33 -36 -37 -32 -23 -13 -2
