20
-7 -15 -24 -33 -41 -43 -40 -33 -25 -16 -8 -1 2 3 -2 -7 -14 -18 -17 -14
1 -7 -16 -25 -33 -35 -33 -26 -17 -8 -1 5 9 9 4 -2 -7 -10 -11 -7
10 3 -6 -14 -21 -25 -24 -19 -11 -4 3 9 12 11 7 1 -4 -9 -7 -3
19 14 6 -1 -8 -13 -14 -12 -8 -2 3 7 7 7 2 -3 -9 -11 -8 -4
26 22 18 12 5 -2 -5 -6 -6 -4 -1 0 -1 -3 -9 -12 -17 -17 -13 -9
28 28 25 23 16 10 4 -1 -5 -8 -8 -8 -10 -15 -20 -26 -26 -25 -21 -15
25 28 30 29 24 18 10 3 -5 -11 -13 -16 -21 -28 -34 -37 -37 -34 -27 -20
19 24 28 30 30 25 16 7 -3 -11 -18 -22 -29 -37 -43 -46 -45 -41 -33 -25
10 16 22 27 29 28 19 9 -1 -10 -17 -24 -32 -41 -49 -51 -48 -42 -33 -25
1 8 16 23 28 28 23 14 4 -6 -14 -22 -30 -40 -47 -50 -47 -39 -31 -21
-8 0 9 19 26 28 26 19 9 1 -7 -16 -24 -33 -40 -42 -40 -33 -24 -15
-13 -6 3 15 24 28 29 23 15 7 1 -8 -16 -26 -33 -36 -33 -26 -17 -9
-18 -10 1 12 23 29 31 28 22 15 10 3 -5 -14 -22 -25 -24 -19 -11 -4
-17 -9 1 12 23 31 34 33 29 24 19 14 7 -1 -8 -13 -14 -12 -9 -2
-13 -6 4 13 24 30 34 34 31 29 25 23 18 12 5 -2 -5 -7 -7 -4
-7 0 8 17 24 28 31 30 30 29 28 28 26 22 17 11 4 -1 -5 -8
-1 6 12 17 22 23 23 23 23 24 26 27 30 29 25 18 10 2 -5 -10
2 8 15 18 18 17 14 12 12 15 19 23 27 29 29 25 17 7 -3 -12
2 10 14 15 12 8 3 1 1 4 10 15 23 28 30 28 20 10 -1 -11
-2 6 9 8 6 0 -5 -9 -10 -6 1 8 15 24 28 28 23 13 3 -6
