20
7 0 -10 -18 -26 -28 -25 -19 -10 -1 8 15 24 33 40 42 40 33 24 15
13 6 -4 -14 -23 -27 -28 -23 -15 -7 1 8 17 26 34 36 33 26 18 8
17 9 -1 -11 -22 -28 -28 -25 -18 -10 -3 4 13 22 29 30 27 22 12 4
17 9 0 -12 -22 -28 -29 -25 -18 -10 -2 6 14 21 26 27 24 18 11 4
14 5 -3 -15 -24 -27 -27 -23 -15 -6 1 9 17 22 25 26 22 16 9 5
8 0 -10 -19 -25 -27 -26 -19 -10 -1 7 14 20 25 26 25 20 15 10 8
1 -5 -15 -23 -28 -28 -24 -15 -4 5 13 21 26 29 28 24 19 14 11 11
-3 -10 -18 -25 -29 -28 -22 -12 -1 9 18 24 29 29 27 22 18 13 11 13
-2 -10 -18 -26 -29 -28 -22 -12 0 10 17 24 27 28 24 20 13 10 9 12
1 -7 -15 -23 -28 -28 -23 -14 -3 6 13 20 24 23 21 15 8 4 4 8
7 0 -9 -19 -25 -28 -26 -19 -10 -1 8 13 17 17 13 7 2 -3 -3 1
15 7 -3 -12 -23 -28 -28 -24 -16 -8 0 6 11 10 6 0 -6 -9 -10 -6
24 17 8 -5 -16 -25 -30 -28 -24 -16 -10 -3 2 1 -2 -5 -11 -13 -13 -10
33 27 18 5 -10 -22 -31 -34 -30 -26 -18 -11 -8 -7 -8 -11 -14 -14 -13 -9
40 36 28 15 -2 -17 -29 -36 -36 -32 -26 -18 -14 -12 -11 -11 -13 -12 -9 -6
42 41 35 23 6 -10 -25 -35 -38 -34 -27 -22 -16 -13 -11 -10 -9 -7 -4 1
40 41 39 27 13 -4 -19 -29 -34 -31 -26 -19 -13 -9 -8 -6 -5 -3 1 6
33 37 36 28 16 2 -13 -23 -26 -24 -19 -11 -7 -3 -1 0 1 1 5 11
24 29 30 26 17 5 -6 -15 -18 -15 -10 -2 2 5 6 4 3 3 6 10
15 21 23 22 16 7 -2 -8 -9 -7 -1 6 11 11 10 6 3 1 3 7
