20
2 9 12 12 9 3 -4 -8 -7 -4 2 8 13 13 9 3 -4 -8 -8 -3
-4 2 6 5 1 -5 -11 -15 -15 -11 -6 2 4 5 0 -6 -11 -14 -15 -11
-7 -2 2 2 -3 -9 -16 -21 -23 -19 -15 -8 -5 -6 -9 -15 -20 -23 -22 -20
-8 -1 2 2 -2 -10 -18 -25 -28 -28 -24 -19 -17 -17 -20 -24 -28 -30 -31 -28
-3 3 7 7 2 -6 -15 -24 -31 -33 -31 -27 -27 -26 -29 -31 -33 -34 -34 -33
2 9 13 14 10 2 -8 -20 -28 -33 -33 -33 -33 -33 -32 -33 -32 -33 -33 -33
9 15 20 22 20 13 2 -10 -19 -27 -31 -33 -34 -33 -33 -31 -29 -27 -26 -28
12 19 26 29 30 24 14 2 -10 -17 -24 -28 -31 -30 -28 -24 -20 -17 -17 -19
12 19 28 33 35 32 24 14 2 -7 -15 -20 -23 -23 -20 -15 -9 -5 -6 -9
8 16 25 32 37 37 31 23 13 2 -6 -12 -15 -14 -10 -6 0 5 4 1
2 10 19 28 35 37 35 28 20 10 3 -4 -8 -8 -4 2 8 12 12 8
-3 3 13 24 33 37 38 33 24 16 9 2 -1 -1 4 9 15 18 19 15
-8 0 8 19 29 36 37 34 27 19 13 6 2 3 6 12 19 22 22 19
-7 -2 7 16 25 33 34 33 27 20 12 5 3 2 6 12 18 22 23 18
-4 -1 6 13 20 26 28 27 22 15 9 1 -2 -2 2 9 15 18 18 14
2 3 5 10 15 20 21 20 15 9 2 -4 -8 -8 -4 2 8 12 12 8
8 7 7 8 11 14 14 14 9 3 -4 -10 -14 -13 -10 -4 3 6 6 3
12 7 5 5 6 8 9 8 5 -1 -8 -14 -18 -17 -13 -8 -2 2 2 0
12 6 2 1 2 5 6 6 4 0 -8 -15 -17 -18 -14 -8 -2 2 2 -2
8 3 -2 -2 0 2 6 7 7 3 -4 -10 -15 -14 -9 -3 1 5 6 2
