20
5 13 22 31 38 40 38 31 22 13 6 -1 -5 -5 -1 5 11 15 15 11
11 19 27 35 40 40 35 26 16 6 -1 -8 -12 -11 -8 -2 3 7 7 4
15 22 29 36 39 38 33 23 12 3 -5 -11 -16 -17 -15 -9 -6 -3 -3 -6
15 21 26 32 35 35 30 22 12 3 -5 -11 -16 -20 -20 -19 -16 -14 -14 -17
11 14 18 23 28 29 27 22 15 6 -1 -8 -15 -20 -23 -26 -26 -25 -25 -26
5 6 8 13 18 23 25 23 18 12 5 -1 -10 -19 -26 -30 -33 -33 -32 -31
-1 -2 -2 3 9 16 22 24 22 18 11 3 -6 -16 -26 -32 -36 -36 -34 -31
-5 -9 -9 -5 2 11 19 24 25 21 15 7 -3 -14 -25 -33 -36 -35 -31 -26
-5 -11 -12 -9 -2 7 16 22 24 21 15 7 -3 -14 -25 -32 -34 -31 -25 -18
-1 -8 -11 -9 -3 5 13 19 21 18 11 4 -6 -16 -26 -31 -31 -26 -18 -9
5 -1 -5 -5 -1 5 11 15 15 11 5 -3 -12 -21 -28 -30 -28 -20 -11 -3
11 6 1 0 1 4 8 9 8 4 -3 -10 -18 -25 -30 -30 -24 -15 -5 5
15 9 5 3 1 2 2 1 -1 -6 -12 -18 -24 -29 -30 -26 -18 -7 5 15
15 10 6 2 -1 -3 -6 -9 -12 -16 -21 -24 -29 -30 -27 -19 -8 5 17 25
11 8 5 1 -4 -8 -13 -18 -22 -25 -28 -30 -30 -27 -19 -7 6 18 28 34
5 5 3 -1 -5 -13 -19 -25 -28 -30 -30 -30 -26 -19 -8 6 18 29 36 40
-1 1 1 -2 -7 -14 -20 -27 -30 -30 -28 -24 -18 -8 5 18 29 37 40 40
-5 0 1 -1 -6 -13 -20 -25 -27 -25 -21 -15 -7 5 18 29 37 40 39 35
-5 1 3 2 -2 -8 -15 -19 -20 -17 -12 -5 5 17 28 36 40 39 34 28
-1 5 8 8 4 -2 -8 -12 -11 -9 -3 5 15 25 34 40 40 35 28 21
