20
8 0 -9 -18 -25 -28 -25 -18 -9 -1 8 14 18 17 13 8 2 -3 -2 2
2 -6 -15 -24 -31 -34 -33 -25 -16 -7 0 7 10 10 6 -1 -6 -9 -10 -6
-2 -11 -19 -28 -35 -39 -37 -32 -23 -16 -9 -3 0 -1 -5 -11 -16 -20 -19 -15
-2 -9 -19 -28 -35 -39 -40 -35 -29 -23 -18 -14 -13 -15 -18 -24 -28 -30 -30 -24
2 -5 -14 -24 -31 -36 -37 -36 -31 -28 -25 -24 -24 -27 -31 -37 -39 -40 -38 -32
8 1 -8 -16 -23 -27 -30 -30 -29 -28 -27 -29 -31 -36 -41 -42 -42 -43 -41 -34
13 7 -1 -7 -13 -17 -19 -21 -22 -22 -26 -28 -34 -39 -43 -42 -42 -42 -40 -32
17 10 4 0 -4 -6 -8 -8 -10 -13 -19 -24 -30 -39 -42 -42 -42 -42 -34 -25
18 10 6 3 2 3 3 3 1 -3 -9 -16 -24 -32 -39 -42 -40 -34 -25 -16
14 8 3 1 3 7 9 12 10 7 0 -7 -17 -25 -32 -35 -33 -26 -16 -7
7 2 -2 -3 1 8 13 17 18 13 7 0 -10 -18 -25 -28 -25 -18 -10 0
2 -5 -8 -7 -1 8 17 23 25 22 15 8 -1 -11 -17 -21 -17 -11 -3 6
-2 -8 -9 -6 1 10 21 28 31 30 24 18 10 1 -7 -10 -9 -4 4 10
-2 -6 -6 -2 5 15 25 34 39 38 34 28 22 14 7 2 0 3 7 13
2 -1 1 5 12 20 30 38 42 42 41 38 33 26 19 14 10 9 9 10
7 7 10 14 18 26 31 38 41 42 42 43 40 37 31 25 19 13 10 7
13 16 19 22 25 27 29 32 35 38 41 43 45 44 40 34 26 18 10 5
17 22 25 27 26 26 25 25 26 29 34 39 42 45 45 40 32 22 11 3
18 23 26 28 25 21 17 15 14 19 24 30 38 42 44 43 35 24 13 5
14 20 24 24 21 15 9 6 5 9 16 23 31 38 43 43 38 29 19 8
