20
0 9 17 27 33 35 33 26 17 8 1 -7 -16 -25 -33 -35 -32 -25 -17 -8
8 15 24 32 37 36 31 22 12 2 -5 -13 -22 -29 -35 -35 -30 -20 -11 -1
17 25 31 37 39 38 29 18 8 -2 -10 -16 -24 -31 -33 -33 -27 -17 -7 3
26 34 39 44 44 38 29 17 6 -4 -9 -14 -20 -26 -29 -30 -25 -17 -6 2
33 40 46 48 46 39 27 16 6 -2 -6 -8 -13 -17 -23 -24 -22 -16 -9 0
35 43 47 48 44 35 26 15 6 2 0 0 -2 -7 -13 -17 -19 -17 -13 -6
34 40 43 43 40 32 21 13 6 4 7 8 7 3 -4 -10 -17 -19 -16 -12
27 32 36 37 31 24 16 9 6 7 11 14 15 10 4 -6 -14 -18 -20 -16
17 24 28 26 23 15 9 4 3 5 10 17 18 15 8 -1 -11 -17 -18 -15
9 14 18 18 13 7 1 -2 -2 1 6 13 17 15 9 0 -7 -13 -16 -12
1 7 10 10 7 1 -6 -10 -9 -5 0 6 11 11 7 1 -5 -9 -10 -5
-7 -1 2 2 -1 -7 -13 -16 -17 -13 -8 -1 4 5 3 0 -2 -4 -2 1
-17 -9 -7 -7 -10 -16 -22 -25 -26 -22 -17 -10 -3 0 1 3 2 4 7 12
-25 -18 -16 -16 -19 -25 -32 -36 -36 -31 -25 -19 -12 -5 1 7 10 15 17 22
-32 -26 -23 -22 -26 -33 -39 -41 -42 -39 -33 -24 -16 -6 2 12 19 24 27 31
-34 -28 -25 -25 -30 -34 -41 -45 -44 -42 -35 -27 -17 -6 7 18 27 32 36 35
-33 -26 -23 -22 -27 -32 -39 -41 -43 -39 -32 -25 -13 0 12 24 32 38 37 36
-26 -19 -16 -15 -20 -26 -32 -36 -35 -31 -26 -18 -6 7 20 31 37 38 35 32
-17 -9 -6 -6 -11 -17 -22 -26 -26 -23 -17 -8 3 14 25 34 38 35 31 24
-8 0 3 2 -1 -8 -13 -17 -18 -14 -7 1 10 21 31 35 35 31 24 16
