20
10 5 0 0 5 11 17 20 21 16 11 2 -7 -16 -23 -24 -23 -15 -7 2
3 -3 -8 -7 -3 3 9 12 13 10 2 -4 -12 -20 -25 -26 -20 -11 -1 10
-7 -12 -16 -15 -11 -6 -1 4 4 1 -6 -13 -20 -27 -29 -26 -19 -8 3 13
-15 -21 -25 -25 -22 -15 -10 -5 -5 -8 -16 -22 -29 -33 -33 -28 -17 -6 6 15
-23 -29 -32 -31 -28 -23 -16 -13 -12 -16 -23 -29 -34 -37 -34 -27 -17 -4 5 13
-24 -32 -35 -35 -30 -24 -20 -15 -14 -18 -24 -31 -36 -36 -32 -25 -15 -4 6 10
-22 -29 -33 -31 -28 -23 -17 -13 -12 -15 -23 -28 -32 -32 -29 -21 -10 -2 5 7
-15 -21 -26 -25 -21 -15 -9 -5 -5 -8 -15 -21 -25 -25 -20 -13 -5 2 6 5
-6 -12 -17 -15 -11 -7 -1 4 3 0 -7 -12 -16 -16 -11 -4 1 7 9 6
3 -4 -7 -7 -3 3 8 12 13 10 3 -3 -8 -6 -2 4 10 13 14 10
10 4 0 1 5 11 16 20 21 16 10 5 1 1 5 10 16 21 21 16
17 11 7 7 12 16 22 27 27 24 17 11 6 8 12 17 23 28 27 25
21 14 11 11 14 20 26 31 30 27 21 14 11 11 16 21 29 34 36 32
21 14 10 10 15 21 26 29 31 27 20 13 10 10 15 23 31 37 42 41
17 10 6 7 10 17 23 27 27 22 17 10 5 6 10 19 29 38 44 45
11 5 1 0 5 11 16 21 20 17 11 4 0 -2 2 11 21 32 41 46
5 -2 -6 -6 -2 5 10 15 14 11 5 -2 -7 -9 -8 -1 10 22 33 40
0 -5 -10 -8 -6 0 7 11 11 7 1 -6 -12 -16 -17 -12 -2 10 23 31
1 -7 -9 -10 -6 1 6 10 11 7 0 -7 -14 -20 -23 -20 -11 -2 11 20
5 -2 -7 -5 -1 5 10 13 14 11 5 -3 -12 -20 -24 -25 -18 -9 1 11
